5 2.9
10 18.6
15 18.1
20 19.9
25 19.3
30 13.8
35 4.7
40 1
45 0.9
50 0.4
55 0.1
60 0
65 0.2
70 0.1
75 0
80 0
85 0
90 0
95 0
100 0
105 0
110 0
115 0
120 0
125 0
130 0
135 0
140 0
145 0
150 0
155 0
160 0
165 0
170 0
175 0
180 0
185 0
190 0
195 0
200 0
205 0
210 0
215 0
220 0
225 0
230 0
235 0
240 0
245 0
250 0
255 0
260 0
265 0
270 0
275 0
280 0
285 0
290 0
295 0
300 0
305 0
310 0
315 0
320 0
325 0
330 0
335 0
340 0
345 0
350 0
355 0
360 0
365 0
370 0
375 0
380 0
385 0
390 0
395 0
400 0
405 0
410 0
415 0
420 0
425 0
430 0
435 0
440 0
445 0
450 0
455 0
460 0
465 0
470 0
475 0
480 0
485 0
490 0
495 0
66 0
5 3.8
10 19.5
15 19.5
20 17.3
25 18.6
30 13.5
35 4.4
40 0.9
45 0.7
50 0.9
55 0.4
60 0.4
65 0.1
70 0
75 0
80 0
85 0
90 0
95 0
100 0
105 0
110 0
115 0
120 0
125 0
130 0
135 0
140 0
145 0
150 0
155 0
160 0
165 0
170 0
175 0
180 0
185 0
190 0
195 0
200 0
205 0
210 0
215 0
220 0
225 0
230 0
235 0
240 0
245 0
250 0
255 0
260 0
265 0
270 0
275 0
280 0
285 0
290 0
295 0
300 0
305 0
310 0
315 0
320 0
325 0
330 0
335 0
340 0
345 0
350 0
355 0
360 0
365 0
370 0
375 0
380 0
385 0
390 0
395 0
400 0
405 0
410 0
415 0
420 0
425 0
430 0
435 0
440 0
445 0
450 0
455 0
460 0
465 0
470 0
475 0
480 0
485 0
490 0
495 0
60 0
5 3.8
10 20.9
15 19.2
20 19.1
25 17.7
30 12
35 4.8
40 0.9
45 0.9
50 0.3
55 0.1
60 0.3
65 0
70 0
75 0
80 0
85 0
90 0
95 0
100 0
105 0
110 0
115 0
120 0
125 0
130 0
135 0
140 0
145 0
150 0
155 0
160 0
165 0
170 0
175 0
180 0
185 0
190 0
195 0
200 0
205 0
210 0
215 0
220 0
225 0
230 0
235 0
240 0
245 0
250 0
255 0
260 0
265 0
270 0
275 0
280 0
285 0
290 0
295 0
300 0
305 0
310 0
315 0
320 0
325 0
330 0
335 0
340 0
345 0
350 0
355 0
360 0
365 0
370 0
375 0
380 0
385 0
390 0
395 0
400 0
405 0
410 0
415 0
420 0
425 0
430 0
435 0
440 0
445 0
450 0
455 0
460 0
465 0
470 0
475 0
480 0
485 0
490 0
495 0
58 0
5 3.7
10 19.3
15 19.7
20 20.1
25 19.3
30 13.3
35 3.2
40 0.4
45 0.2
50 0.6
55 0.1
60 0.1
65 0
70 0
75 0
80 0
85 0
90 0
95 0
100 0
105 0
110 0
115 0
120 0
125 0
130 0
135 0
140 0
145 0
150 0
155 0
160 0
165 0
170 0
175 0
180 0
185 0
190 0
195 0
200 0
205 0
210 0
215 0
220 0
225 0
230 0
235 0
240 0
245 0
250 0
255 0
260 0
265 0
270 0
275 0
280 0
285 0
290 0
295 0
300 0
305 0
310 0
315 0
320 0
325 0
330 0
335 0
340 0
345 0
350 0
355 0
360 0
365 0
370 0
375 0
380 0
385 0
390 0
395 0
400 0
405 0
410 0
415 0
420 0
425 0
430 0
435 0
440 0
445 0
450 0
455 0
460 0
465 0
470 0
475 0
480 0
485 0
490 0
495 0
58 0
5 3.1
10 19.8
15 19.7
20 19.2
25 19.7
30 12
35 3.7
40 1.5
45 0.8
50 0.4
55 0
60 0
65 0.1
70 0
75 0
80 0
85 0
90 0
95 0
100 0
105 0
110 0
115 0
120 0
125 0
130 0
135 0
140 0
145 0
150 0
155 0
160 0
165 0
170 0
175 0
180 0
185 0
190 0
195 0
200 0
205 0
210 0
215 0
220 0
225 0
230 0
235 0
240 0
245 0
250 0
255 0
260 0
265 0
270 0
275 0
280 0
285 0
290 0
295 0
300 0
305 0
310 0
315 0
320 0
325 0
330 0
335 0
340 0
345 0
350 0
355 0
360 0
365 0
370 0
375 0
380 0
385 0
390 0
395 0
400 0
405 0
410 0
415 0
420 0
425 0
430 0
435 0
440 0
445 0
450 0
455 0
460 0
465 0
470 0
475 0
480 0
485 0
490 0
495 0
64 0
5 4.3
10 20.3
15 21.1
20 14.6
25 20.1
30 11.8
35 4.3
40 1.8
45 0.6
50 0.6
55 0.3
60 0.2
65 0
70 0
75 0
80 0
85 0
90 0
95 0
100 0
105 0
110 0
115 0
120 0
125 0
130 0
135 0
140 0
145 0
150 0
155 0
160 0
165 0
170 0
175 0
180 0
185 0
190 0
195 0
200 0
205 0
210 0
215 0
220 0
225 0
230 0
235 0
240 0
245 0
250 0
255 0
260 0
265 0
270 0
275 0
280 0
285 0
290 0
295 0
300 0
305 0
310 0
315 0
320 0
325 0
330 0
335 0
340 0
345 0
350 0
355 0
360 0
365 0
370 0
375 0
380 0
385 0
390 0
395 0
400 0
405 0
410 0
415 0
420 0
425 0
430 0
435 0
440 0
445 0
450 0
455 0
460 0
465 0
470 0
475 0
480 0
485 0
490 0
495 0
56 0
5 3.8
10 19.5
15 19.4
20 18.5
25 21
30 10.6
35 4.1
40 0.7
45 1
50 0.8
55 0.3
60 0.2
65 0
70 0
75 0.1
80 0
85 0
90 0
95 0
100 0
105 0
110 0
115 0
120 0
125 0
130 0
135 0
140 0
145 0
150 0
155 0
160 0
165 0
170 0
175 0
180 0
185 0
190 0
195 0
200 0
205 0
210 0
215 0
220 0
225 0
230 0
235 0
240 0
245 0
250 0
255 0
260 0
265 0
270 0
275 0
280 0
285 0
290 0
295 0
300 0
305 0
310 0
315 0
320 0
325 0
330 0
335 0
340 0
345 0
350 0
355 0
360 0
365 0
370 0
375 0
380 0
385 0
390 0
395 0
400 0
405 0
410 0
415 0
420 0
425 0
430 0
435 0
440 0
445 0
450 0
455 0
460 0
465 0
470 0
475 0
480 0
485 0
490 0
495 0
70 0
5 4.5
10 19.6
15 17.7
20 18
25 20.5
30 13.8
35 2.6
40 1.5
45 0.4
50 0.6
55 0.3
60 0.2
65 0.2
70 0
75 0
80 0
85 0
90 0.1
95 0
100 0
105 0
110 0
115 0
120 0
125 0
130 0
135 0
140 0
145 0
150 0
155 0
160 0
165 0
170 0
175 0
180 0
185 0
190 0
195 0
200 0
205 0
210 0
215 0
220 0
225 0
230 0
235 0
240 0
245 0
250 0
255 0
260 0
265 0
270 0
275 0
280 0
285 0
290 0
295 0
300 0
305 0
310 0
315 0
320 0
325 0
330 0
335 0
340 0
345 0
350 0
355 0
360 0
365 0
370 0
375 0
380 0
385 0
390 0
395 0
400 0
405 0
410 0
415 0
420 0
425 0
430 0
435 0
440 0
445 0
450 0
455 0
460 0
465 0
470 0
475 0
480 0
485 0
490 0
495 0
86 0
5 3.6
10 21.2
15 18.2
20 19.7
25 18.3
30 12.9
35 4.1
40 0.9
45 0.4
50 0.5
55 0
60 0.2
65 0
70 0
75 0
80 0
85 0
90 0
95 0
100 0
105 0
110 0
115 0
120 0
125 0
130 0
135 0
140 0
145 0
150 0
155 0
160 0
165 0
170 0
175 0
180 0
185 0
190 0
195 0
200 0
205 0
210 0
215 0
220 0
225 0
230 0
235 0
240 0
245 0
250 0
255 0
260 0
265 0
270 0
275 0
280 0
285 0
290 0
295 0
300 0
305 0
310 0
315 0
320 0
325 0
330 0
335 0
340 0
345 0
350 0
355 0
360 0
365 0
370 0
375 0
380 0
385 0
390 0
395 0
400 0
405 0
410 0
415 0
420 0
425 0
430 0
435 0
440 0
445 0
450 0
455 0
460 0
465 0
470 0
475 0
480 0
485 0
490 0
495 0
58 0
5 4.3
10 20.5
15 20.5
20 18.2
25 19.1
30 12.7
35 3.1
40 0.8
45 0.4
50 0
55 0.2
60 0.1
65 0.1
70 0
75 0
80 0
85 0
90 0
95 0
100 0
105 0
110 0
115 0
120 0
125 0
130 0
135 0
140 0
145 0
150 0
155 0
160 0
165 0
170 0
175 0
180 0
185 0
190 0
195 0
200 0
205 0
210 0
215 0
220 0
225 0
230 0
235 0
240 0
245 0
250 0
255 0
260 0
265 0
270 0
275 0
280 0
285 0
290 0
295 0
300 0
305 0
310 0
315 0
320 0
325 0
330 0
335 0
340 0
345 0
350 0
355 0
360 0
365 0
370 0
375 0
380 0
385 0
390 0
395 0
400 0
405 0
410 0
415 0
420 0
425 0
430 0
435 0
440 0
445 0
450 0
455 0
460 0
465 0
470 0
475 0
480 0
485 0
490 0
495 0
61 0
5 4.1
10 18.3
15 16.8
20 20.6
25 20.2
30 15.5
35 2.6
40 0.9
45 0.3
50 0.5
55 0.1
60 0
65 0
70 0
75 0
80 0.1
85 0
90 0
95 0
100 0
105 0
110 0
115 0
120 0
125 0
130 0
135 0
140 0
145 0
150 0
155 0
160 0
165 0
170 0
175 0
180 0
185 0
190 0
195 0
200 0
205 0
210 0
215 0
220 0
225 0
230 0
235 0
240 0
245 0
250 0
255 0
260 0
265 0
270 0
275 0
280 0
285 0
290 0
295 0
300 0
305 0
310 0
315 0
320 0
325 0
330 0
335 0
340 0
345 0
350 0
355 0
360 0
365 0
370 0
375 0
380 0
385 0
390 0
395 0
400 0
405 0
410 0
415 0
420 0
425 0
430 0
435 0
440 0
445 0
450 0
455 0
460 0
465 0
470 0
475 0
480 0
485 0
490 0
495 0
79 0
5 4.3
10 21.5
15 16.6
20 19.1
25 20.5
30 11.9
35 3.9
40 0.9
45 0.7
50 0.3
55 0.1
60 0.2
65 0
70 0
75 0
80 0
85 0
90 0
95 0
100 0
105 0
110 0
115 0
120 0
125 0
130 0
135 0
140 0
145 0
150 0
155 0
160 0
165 0
170 0
175 0
180 0
185 0
190 0
195 0
200 0
205 0
210 0
215 0
220 0
225 0
230 0
235 0
240 0
245 0
250 0
255 0
260 0
265 0
270 0
275 0
280 0
285 0
290 0
295 0
300 0
305 0
310 0
315 0
320 0
325 0
330 0
335 0
340 0
345 0
350 0
355 0
360 0
365 0
370 0
375 0
380 0
385 0
390 0
395 0
400 0
405 0
410 0
415 0
420 0
425 0
430 0
435 0
440 0
445 0
450 0
455 0
460 0
465 0
470 0
475 0
480 0
485 0
490 0
495 0
59 0
5 3.9
10 21.9
15 17.8
20 18.6
25 19.8
30 12.8
35 3.3
40 0.9
45 0.5
50 0.3
55 0.2
60 0
65 0
70 0
75 0
80 0
85 0
90 0
95 0
100 0
105 0
110 0
115 0
120 0
125 0
130 0
135 0
140 0
145 0
150 0
155 0
160 0
165 0
170 0
175 0
180 0
185 0
190 0
195 0
200 0
205 0
210 0
215 0
220 0
225 0
230 0
235 0
240 0
245 0
250 0
255 0
260 0
265 0
270 0
275 0
280 0
285 0
290 0
295 0
300 0
305 0
310 0
315 0
320 0
325 0
330 0
335 0
340 0
345 0
350 0
355 0
360 0
365 0
370 0
375 0
380 0
385 0
390 0
395 0
400 0
405 0
410 0
415 0
420 0
425 0
430 0
435 0
440 0
445 0
450 0
455 0
460 0
465 0
470 0
475 0
480 0
485 0
490 0
495 0
53 0
5 3.8
10 18.9
15 18.5
20 20.7
25 18.6
30 11.7
35 4.9
40 1.4
45 0.6
50 0.4
55 0.3
60 0.1
65 0.1
70 0
75 0
80 0
85 0
90 0
95 0
100 0
105 0
110 0
115 0
120 0
125 0
130 0
135 0
140 0
145 0
150 0
155 0
160 0
165 0
170 0
175 0
180 0
185 0
190 0
195 0
200 0
205 0
210 0
215 0
220 0
225 0
230 0
235 0
240 0
245 0
250 0
255 0
260 0
265 0
270 0
275 0
280 0
285 0
290 0
295 0
300 0
305 0
310 0
315 0
320 0
325 0
330 0
335 0
340 0
345 0
350 0
355 0
360 0
365 0
370 0
375 0
380 0
385 0
390 0
395 0
400 0
405 0
410 0
415 0
420 0
425 0
430 0
435 0
440 0
445 0
450 0
455 0
460 0
465 0
470 0
475 0
480 0
485 0
490 0
495 0
61 0
5 4.3
10 20
15 21.3
20 19.3
25 17
30 10.3
35 5.1
40 1.1
45 0.4
50 0.5
55 0.4
60 0.3
65 0
70 0
75 0
80 0
85 0
90 0
95 0
100 0
105 0
110 0
115 0
120 0
125 0
130 0
135 0
140 0
145 0
150 0
155 0
160 0
165 0
170 0
175 0
180 0
185 0
190 0
195 0
200 0
205 0
210 0
215 0
220 0
225 0
230 0
235 0
240 0
245 0
250 0
255 0
260 0
265 0
270 0
275 0
280 0
285 0
290 0
295 0
300 0
305 0
310 0
315 0
320 0
325 0
330 0
335 0
340 0
345 0
350 0
355 0
360 0
365 0
370 0
375 0
380 0
385 0
390 0
395 0
400 0
405 0
410 0
415 0
420 0
425 0
430 0
435 0
440 0
445 0
450 0
455 0
460 0
465 0
470 0
475 0
480 0
485 0
490 0
495 0
57 0
