12
13
9
22
6
31
17
15
5
6
10
30
24
29
20
5
17
28
10
6
31
16
62
24
64
12
17
12
37
5
28
94
15
5
103
5
107
108
5
119
127
6
120
134
111
112
112
86
5
137
149
104
140
118
63
148
104
155
17
160
132
146
34
130
130
115
164
110
28
183
116
29
125
177
115
94
175
96
110
103
130
226
181
224
104
91
230
244
224
215
240
236
98
195
251
185
244
166
246
158
190
268
242
249
270
162
248
266
166
248
197
265
178
204
284
205
258
285
282
249
268
244
216
276
181
278
208
188
205
255
211
259
200
313
205
221
341
310
259
312
213
213
214
204
349
198
215
297
212
299
208
279
190
279
231
282
223
398
290
376
341
341
210
313
210
208
323
404
301
427
431
309
434
408
315
396
402
416
419
420
321
469
426
360
365
322
314
291
467
458
284
450
460
328
430
505
328
500
502
476
468
501
468
454
456
405
513
398
391
480
514
392
384
404
543
362
361
569
500
570
555
387
517
467
392
504
562
578
535
566
441
524
481
416
402
406
587
551
592
581
447
574
541
543
543
424
575
603
576
449
557
631
604
561
456
606
632
594
633
609
652
569
638
605
615
465
525
615
557
480
592
522
570
578
488
658
639
496
481
642
574
504
488
577
639
632
649
628
517
520
657
603
515
625
507
506
591
529
584
508
648
637
648
665
541
716
544
544
583
663
582
630
730
561
560
661
601
658
740
662
613
657
659
803
659
602
707
600
693
722
690
683
693
811
653
802
805
690
715
804
825
823
800
683
652
686
722
700
811
696
869
696
855
850
841
810
706
664
668
777
841
777
843
714
842
719
777
765
829
788
728
756
834
702
727
723
725
849
840
717
740
812
816
744
777
807
860
764
811
818
812
821
749
956
880
950
825
793
763
795
923
810
794
964
975
894
903
887
835
982
825
932
920
818
813
839
991
841
913
1025
925
1029
920
1035
849
1030
1031
843
815
907
911
1043
1004
883
829
880
974
877
1054
872
1050
951
978
1062
951
854
926
1055
929
1027
939
990
1065
905
1074
1069
944
932
893
1053
1006
901
943
1114
924
1049
1027
911
1051
1029
1075
1045
961
1036
1140
1137
1159
964
1137
1050
1042
961
1050
1056
1080
1058
1045
1076
1159
1166
1053
1161
1054
1114
1100
1153
1148
1068
1148
1184
1068
1076
1182
1072
1098
1079
1070
1161
1007
1160
1098
1160
1135
1182
1162
1159
1182
1189
1023
1104
1130
1170
1102
1134
1141
1106
1144
1154
1179
1182
1154
1138
1152
1088
1268
1104
1128
1272
1153
1187
1142
1190
1148
1117
1085
1163
1099
1147
1144
1171
1140
1165
1110
1151
1151
1296
1146
1136
1178
1135
1150
1283
1164
1284
1140
1143
1183
1142
1168
1202
1290
1200
1169
1245
1179
1248
1228
1206
1188
1246
1203
1174
1195
1217
1320
1183
1184
1289
1172
1225
1265
1290
1271
1196
1265
1284
1266
1196
1270
1232
1240
1425
1260
1274
1418
1224
1301
1266
1220
1256
1429
1260
1304
1293
1441
1247
1265
1468
1261
1301
1424
1440
1302
1470
1464
1472
1411
1449
1272
1409
1410
1321
1482
1324
1472
1411
1442
1491
1490
1476
1481
1438
1463
1443
1431
1351
1488
1430
1449
1509
1446
1356
1520
1502
1439
1488
1480
1496
1529
1449
1501
1479
1365
1494
1473
1490
1499
1501
1479
1467
1539
1486
1537
1468
1402
1434
1531
1514
1468
1532
1556
1442
1555
1414
1551
1529
1525
1561
1535
1579
1545
1460
1529
1531
1560
1581
1532
1557
1578
1537
1455
1501
1583
1503
1662
1569
1546
1573
1511
1498
1578
1554
1581
1543
1491
1523
1512
1613
1527
1582
1687
1521
1688
1588
1602
1588
1539
1598
1518
1551
1554
1605
1545
1553
1532
1569
1535
1561
1569
1624
1613
1622
1571
1616
1565
1565
1566
1609
1783
1604
1740
1579
1634
1654
1588
1658
1611
1740
1631
1738
1661
1599
1807
1662
1628
1625
1599
1613
1642
1634
1663
1634
1769
1636
1837
1838
1758
1634
1643
1647
1765
1734
1769
1840
1743
1883
1840
1744
1810
1875
1790
1861
1784
1782
1868
1742
1785
1810
1875
1836
1813
1782
1829
1785
1763
1848
1718
1895
1899
1842
1824
1729
1825
1786
1818
1843
1773
1825
1921
1811
1875
1775
1876
1917
1857
1849
1835
1910
1841
1843
1916
1843
1832
1931
1828
1921
1924
1835
2047
1925
2027
1838
2025
2052
2020
1936
1942
1917
1914
2074
1915
2028
1917
2030
2052
2027
2013
2023
1928
2018
1921
2020
2004
1987
1984
2020
1987
2018
2004
2001
2007
2002
1974
1967
1992
1991
2195
1992
1995
2188
2182
2184
2191
2193
2149
2180
2169
2167
2126
2130
2207
2116
2173
2168
2208
2172
2126
2120
2121
2180
2120
2222
2105
2189
2109
2103
2239
2237
2182
2186
2183
2230
2224
2227
2182
2231
2194
2184
2225
2191
2184
2191
2357
2182
2355
2190
2182
2185
2345
2191
2186
2193
2331
2304
2275
2264
2265
2269
2254
2257
2257
2240
2517
2459
2460
2434
2437
2422
2418
2422
2424
2424
2424
2413
2413
2388
2377
2800
2784
2775
2772
2763
2763
2725
2716
2720
2722
2723
2715
2719
2714
2716
2710
2704
2694
2681
2670
2674
3328
3249
3245
3247
3247
3219
3188
3169
3158
3725
3719
3719
3690
3669
3665
3658
3659
3605
3591
3592
3592
3581
10
15
5
23
6
15
20
6
16
5
10
25
5
15
5
12
38
6
9
15
18
12
19
22
6
63
19
8
22
23
52
33
109
54
25
120
15
94
96
87
31
139
66
91
129
25
70
28
24
24
144
14
84
68
162
105
70
166
31
81
169
172
158
163
160
73
70
31
46
170
31
67
161
63
173
152
53
40
159
40
32
219
31
50
229
172
45
222
30
235
225
146
203
219
199
150
178
203
256
185
96
189
257
205
251
249
207
64
202
253
260
219
234
259
103
223
104
290
276
276
287
115
108
282
173
262
281
265
234
285
241
182
338
235
234
196
293
217
253
328
256
313
339
196
314
160
216
334
322
252
365
311
340
344
349
384
346
391
346
372
366
358
200
361
188
337
203
377
349
330
362
350
269
345
393
363
243
382
320
355
305
441
385
249
422
408
381
391
255
386
388
352
385
337
369
441
445
344
388
350
333
379
378
454
394
430
354
499
503
387
395
390
351
361
449
394
426
408
519
396
429
422
394
370
538
358
421
408
407
499
395
421
415
374
371
488
491
490
558
380
554
558
416
406
443
487
386
496
505
469
515
488
392
484
521
398
575
388
564
595
491
567
465
464
606
602
550
418
417
550
460
634
607
427
631
528
644
519
431
640
436
597
522
589
625
661
578
658
585
536
663
669
643
493
493
540
550
596
551
500
682
502
686
643
702
560
660
720
692
609
646
665
636
734
616
729
617
661
613
567
716
717
584
537
745
540
675
699
736
761
753
696
726
735
738
743
720
704
708
675
705
789
699
679
720
655
753
719
696
659
661
675
654
795
720
664
801
724
683
685
801
667
655
627
829
657
809
774
768
820
757
653
810
779
757
767
771
814
821
790
774
792
819
778
786
804
839
787
739
807
731
837
884
839
808
822
780
797
732
908
719
784
808
900
811
896
777
813
843
822
840
876
790
898
790
828
790
816
900
965
804
874
863
827
838
973
962
968
825
931
838
830
963
879
949
913
839
978
839
908
826
896
850
918
889
848
918
988
933
979
824
982
858
856
858
942
902
905
830
867
886
994
899
943
983
866
943
845
964
1005
965
883
883
877
965
883
962
875
883
975
1018
1001
897
895
969
877
970
962
916
919
975
1017
965
963
918
951
1021
1024
1023
919
965
958
949
1007
996
931
998
992
929
965
1001
961
988
996
985
1017
980
1013
986
980
982
979
998
1025
1195
1013
990
988
1199
1191
1028
1182
1036
1039
1134
1126
1224
1104
1049
1090
1191
1090
1237
1048
1209
1190
1063
1097
1149
1053
1102
1099
1105
1138
1165
1128
1103
1070
1206
1090
1210
1240
1088
1238
1134
1095
1184
1132
1236
1218
1125
1131
1210
1201
1237
1119
1185
1216
1132
1202
1175
1201
1239
1239
1143
1202
1183
1168
1272
1249
1275
1173
1277
1154
1186
1175
1371
1271
1170
1189
1269
1297
1266
1372
1385
1369
1286
1290
1310
1191
1298
1277
1306
1298
1223
1364
1301
1396
1340
1378
1355
1382
1319
1385
1347
1332
1326
1318
1356
1331
1318
1337
1323
1298
1269
1356
1357
1308
1347
1303
1347
1348
1336
1329
1301
1278
1276
1310
1352
1302
1357
1363
1358
1321
1358
1315
1354
1512
1508
1322
1501
1374
1499
1528
1357
1375
1347
1336
1355
1321
1325
1382
1368
1346
1405
1351
1552
1395
1547
1389
1362
1364
1540
1501
1527
1454
1542
1585
1403
1589
1544
1379
1518
1504
1375
1582
1403
1442
1601
1544
1583
1580
1403
1525
1528
1508
1597
1405
1597
1529
1473
1579
1498
1580
1435
1432
1422
1440
1605
1561
1577
1533
1522
1518
1608
1567
1517
1600
1577
1514
1498
1592
1580
1583
1571
1570
1534
1575
1520
1528
1609
1492
1492
1523
1691
1648
1531
1642
1621
1638
1552
1550
1703
1538
1561
1709
1637
1623
1625
1565
1564
1721
1723
1629
1699
1781
1644
1783
1620
1776
1605
1779
1691
1659
1796
1662
1774
1655
1618
1714
1782
1718
1819
1661
1810
1662
1629
1831
1733
1820
1636
1629
1821
1810
1820
1803
1632
1678
1722
1823
1677
1779
1816
1660
1814
1797
1792
1725
1837
1840
1798
1728
1803
1719
1835
1737
1795
1706
1862
1710
1805
1798
1797
1870
1807
1802
1857
1802
1794
1901
1794
1797
1865
1853
1739
1804
1798
1739
1746
1894
1849
1858
1839
1765
1792
1795
1796
1753
1871
1874
1850
1982
1832
1957
1878
1866
1865
1957
1844
1825
1808
1890
1832
1889
1806
1944
1987
1893
1844
1822
1824
1821
1899
1940
1885
1827
1831
2009
1838
2005
1995
1959
1996
1899
1997
1939
1958
1947
1948
1950
1949
1961
1965
1958
1907
1966
1962
1962
1964
1960
1923
1966
1924
1967
1949
1931
1934
1971
1960
1955
2048
2051
2050
2051
2055
2058
2044
2037
2212
2209
2195
2199
2191
2195
2180
2159
2156
2159
2156
2164
2168
2156
2146
2163
2166
2173
2255
2240
2238
2545
2549
2552
2510
2493
2470
2461
2450
2431
2423
2421
2422
2420
2423
2421
2422
2421
2425
2426
2423
2697
2694
2673
2672
2655
2641
2635
2631
2633
2627
2617
2616
2600
2601
2580
2579
2576
2756
2580
2577
2571
2702
2666
2658
2655
2653
2656
2659
2633
3850
3850
3844
3841
3833
3805
3797
3771
3773
3748
3714
3701
10
15
21
5
21
33
14
5
37
18
6
9
42
23
17
5
24
25
18
13
13
6
29
65
5
77
67
66
82
10
16
79
6
62
6
55
60
22
11
39
35
78
40
78
134
16
7
48
146
44
93
51
135
66
47
39
167
159
21
29
168
27
160
33
154
184
150
185
122
182
149
93
153
168
48
168
13
161
155
60
159
150
163
56
239
226
141
226
245
176
36
178
216
130
165
237
239
261
233
259
229
265
238
245
194
185
214
240
296
238
192
277
294
290
257
180
187
233
183
289
258
289
318
259
223
237
323
220
274
285
327
275
226
325
284
216
255
209
228
157
351
341
354
281
353
234
172
351
351
239
340
307
151
355
241
341
347
254
360
238
332
395
254
255
362
389
248
334
357
349
349
394
344
395
256
340
398
333
390
343
408
373
265
389
246
405
370
234
353
428
403
358
369
358
336
415
361
416
380
368
414
480
484
339
360
330
344
278
505
489
282
487
335
509
508
343
502
501
517
494
502
521
345
513
435
476
508
414
523
429
527
404
344
559
517
561
488
528
417
447
524
557
529
521
496
447
587
451
578
439
536
544
588
515
443
595
445
553
599
554
571
554
469
538
549
572
458
617
544
576
623
485
548
624
558
653
588
540
556
550
553
630
549
602
602
489
557
647
486
552
502
600
646
503
610
637
635
558
614
637
652
703
550
610
530
710
688
711
624
504
504
631
730
634
713
717
689
714
629
717
679
636
658
641
682
616
613
640
731
589
768
628
686
769
778
652
651
642
648
607
632
744
602
709
687
711
660
632
618
692
683
679
732
763
682
642
644
688
738
749
631
688
681
638
733
781
677
718
634
841
693
709
829
820
793
776
782
657
825
814
840
713
779
712
761
709
707
734
702
857
702
814
737
849
811
862
821
692
824
815
822
922
814
768
729
799
812
892
890
812
935
791
758
927
964
897
894
857
956
885
945
954
777
865
839
776
949
815
944
872
941
892
820
887
952
823
882
943
820
946
812
1016
948
1020
808
945
899
1027
847
998
833
952
996
908
836
949
883
1033
1010
996
1021
984
961
857
951
981
935
1034
919
904
943
896
964
945
990
1034
981
880
939
1020
981
1024
1109
1106
1105
1047
1107
1037
1069
1054
1042
1034
1140
1038
1047
1049
1021
1065
1125
1012
1047
1020
1044
1135
1114
1197
1118
1051
1114
1040
1198
1088
1086
1100
1040
1046
1064
1204
1068
1081
1107
1103
1024
1075
1197
1223
1201
1130
1065
1130
1206
1245
1168
1241
1105
1051
1140
1147
1179
1095
1079
1257
1071
1142
1118
1154
1129
1110
1128
1116
1117
1118
1158
1286
1114
1133
1084
1094
1127
1150
1124
1126
1263
1302
1264
1108
1136
1175
1128
1253
1161
1293
1181
1127
1290
1121
1287
1147
1345
1254
1260
1157
1239
1136
1182
1202
1173
1247
1172
1153
1373
1351
1231
1332
1174
1236
1367
1174
1218
1337
1172
1294
1333
1177
1201
1309
1206
1303
1317
1383
1281
1320
1428
1317
1275
1377
1265
1280
1362
1333
1358
1263
1405
1282
1266
1462
1362
1459
1266
1352
1343
1265
1482
1331
1454
1450
1376
1457
1417
1318
1281
1321
1286
1344
1306
1512
1298
1503
1334
1347
1345
1363
1501
1345
1388
1464
1341
1349
1495
1345
1439
1418
1330
1393
1481
1367
1327
1345
1419
1342
1416
1372
1408
1377
1353
1522
1410
1378
1557
1428
1431
1421
1376
1523
1496
1380
1457
1423
1453
1478
1432
1427
1538
1495
1462
1475
1399
1562
1541
1468
1445
1481
1430
1496
1478
1500
1434
1613
1535
1487
1426
1606
1607
1436
1605
1548
1573
1546
1531
1549
1474
1531
1527
1533
1525
1533
1524
1625
1518
1619
1543
1484
1542
1538
1647
1629
1628
1542
1639
1546
1536
1607
1548
1630
1544
1521
1627
1650
1618
1649
1635
1552
1567
1555
1565
1552
1628
1552
1646
1647
1545
1647
1621
1627
1550
1607
1633
1574
1580
1773
1578
1628
1640
1639
1601
1580
1792
1790
1591
1793
1603
1782
1795
1636
1714
1648
1617
1597
1615
1816
1615
1724
1827
1821
1796
1623
1633
1623
1820
1632
1850
1764
1820
1646
1648
1846
1853
1814
1836
1671
1773
1881
1776
1836
1771
1762
1833
1829
1850
1824
1819
1823
1822
1793
1824
1826
1796
1803
1847
1807
1798
1853
1774
1833
1802
1773
1856
1810
1810
1870
1809
1830
1844
1812
1798
1883
1794
1850
1827
1777
1805
1820
1795
1852
1829
1835
1854
1801
1827
1868
1842
1870
1792
1992
1805
1991
1811
1853
1993
1817
1811
1991
1809
1882
1859
1818
1826
1833
1821
1874
1972
1835
1877
1994
1874
1997
1839
1982
1842
1998
1990
1882
1994
1977
1858
1969
2002
1962
1884
1885
2072
2012
2075
1975
1970
2068
1965
2024
2032
2026
1975
1958
1941
2014
2036
2014
1994
2035
1944
2007
2166
2011
1982
2053
2168
2051
2013
2060
1971
1990
2170
2172
1985
1977
2073
2100
2073
1991
2185
2148
2084
2063
2058
2076
2060
2164
2155
2044
2150
2031
2130
2132
2042
2121
2090
2280
2278
2269
2267
2218
2207
2189
2164
2322
2161
2160
2162
2322
2163
2153
2328
2330
2320
2161
2159
2328
2301
2275
2257
2260
2346
2340
2344
2233
2225
2227
2304
2231
2297
2294
2233
2295
2296
2292
2293
2287
2277
2277
2271
2273
10
18
11
14
18
5
6
10
15
5
21
15
24
64
5
71
75
6
50
51
11
9
56
48
49
115
108
108
114
95
84
121
112
69
113
101
75
152
96
76
112
104
64
152
86
123
105
169
169
108
78
175
120
179
84
79
87
139
79
134
60
198
138
88
187
141
75
196
77
101
210
199
104
63
187
44
112
212
161
186
174
187
188
117
226
152
149
228
187
149
253
194
241
195
194
215
248
215
231
277
214
265
155
227
119
251
278
217
243
109
301
227
279
249
206
113
218
94
322
276
222
313
227
216
313
282
323
296
268
275
293
344
297
248
200
290
285
285
283
363
295
314
308
372
371
295
370
314
355
280
333
367
331
304
288
328
308
330
318
405
324
303
381
256
299
317
346
425
289
415
371
318
348
356
253
359
353
330
365
304
326
262
447
258
439
422
399
395
383
453
436
392
437
360
364
339
348
355
399
423
386
497
497
366
341
475
369
347
371
354
368
356
357
440
497
428
359
479
340
465
372
369
329
535
337
349
469
534
529
446
521
534
478
472
455
446
526
472
529
548
529
466
507
444
504
565
530
472
450
501
449
422
602
432
534
477
574
521
440
566
525
428
549
563
517
524
471
511
487
625
547
488
585
563
438
565
580
442
497
644
442
544
663
434
560
663
554
529
524
579
644
456
672
636
570
517
683
561
597
571
676
593
500
672
503
662
654
579
630
647
518
621
636
522
602
587
536
571
569
715
597
673
595
538
609
528
540
710
679
563
744
559
714
672
665
689
722
610
723
572
708
731
694
799
625
624
797
630
631
824
612
806
704
803
613
794
706
838
788
808
635
821
736
822
626
772
826
814
795
804
764
780
739
818
792
804
709
794
778
779
748
784
771
727
787
703
724
802
894
757
806
870
804
799
807
786
862
910
775
819
741
808
934
795
744
923
789
783
740
741
806
733
960
751
807
799
949
771
802
763
896
758
934
768
927
818
958
913
810
776
880
938
907
928
779
827
781
802
1011
886
934
985
888
1004
879
898
847
1036
914
864
1026
1005
905
1046
862
885
839
1040
1042
927
981
943
979
1005
934
981
856
1018
1037
1018
864
945
1012
948
1022
943
1019
1009
952
1009
998
998
1015
964
930
964
923
1019
954
1009
1026
945
936
996
931
1029
1125
927
1127
1029
1058
1010
1020
1053
944
1033
947
990
1038
985
952
1023
1177
1012
1015
1074
1012
1027
1101
1023
994
1142
1009
1168
1139
1022
1032
1153
1023
1092
1188
1150
1077
1181
1020
1018
1109
998
1170
1006
1106
1166
1011
1151
1198
1153
1179
1060
1172
1147
1095
1117
1214
1067
1136
1045
1177
1085
1119
1085
1181
1227
1052
1184
1151
1133
1219
1133
1213
1129
1173
1084
1124
1077
1137
1148
1072
1225
1188
1126
1138
1084
1133
1227
1083
1145
1104
1136
1244
1102
1161
1227
1140
1140
1124
1115
1145
1139
1122
1149
1228
1144
1261
1227
1170
1138
1163
1226
1156
1246
1224
1157
1211
1247
1153
1203
1194
1186
1184
1286
1245
1239
1228
1201
1349
1245
1234
1235
1200
1234
1242
1235
1203
1219
1226
1230
1226
1209
1229
1221
1214
1214
1216
1243
1382
1228
1246
1370
1367
1249
1423
1415
1246
1480
1418
1349
1477
1348
1469
1456
1417
1387
1328
1331
1478
1398
1465
1302
1304
1516
1410
1472
1518
1490
1410
1545
1484
1510
1552
1513
1482
1469
1472
1428
1486
1518
1558
1514
1467
1476
1557
1461
1442
1558
1446
1455
1469
1472
1489
1544
1487
1471
1455
1480
1491
1588
1457
1439
1611
1492
1422
1565
1488
1589
1620
1486
1600
1426
1473
1476
1478
1503
1501
1646
1469
1652
1462
1653
1469
1475
1539
1461
1614
1586
1613
1498
1528
1633
1490
1581
1472
1665
1583
1620
1481
1546
1485
1486
1651
1480
1500
1651
1618
1495
1607
1499
1621
1686
1598
1570
1568
1627
1688
1621
1603
1619
1634
1562
1627
1678
1544
1667
1631
1568
1657
1543
1653
1654
1560
1650
1658
1602
1606
1574
1582
1660
1661
1665
1664
1665
1690
1655
1666
1627
1679
1676
1672
1680
1835
1620
1836
1682
1684
1687
1799
1657
1753
1757
1805
1648
1668
1671
1749
1710
1661
1766
1768
1759
1717
1720
1756
1696
1751
1742
1845
1750
1834
1736
1739
1837
1760
1754
1831
1757
1744
1749
1752
1855
1756
1816
1859
1819
1754
1758
1759
1791
1786
1860
1789
1858
1848
1801
1851
1803
1857
1839
1812
2128
2076
2052
2157
2053
2029
2024
2174
2028
2032
2184
2178
2201
2158
2038
2154
2213
2218
2059
2218
2146
2225
2227
2075
2216
2166
2072
2170
2201
2168
2066
2171
2174
2149
2073
2133
2176
2133
2162
2087
2085
2086
2148
2079
2175
2190
2126
2200
2187
2126
2171
2197
2172
2177
2167
2124
2126
2130
2183
2181
2194
2182
2185
2181
2171
2434
2421
2378
2362
2348
2337
2335
2335
2311
2300
2294
2295
2299
2299
2293
2274
2277
2535
2514
2502
2490
2485
2459
2435
2421
2414
2416
2400
2368
2364
2603
2592
2557
2518
2508
2497
2493
2636
2490
2499
2500
2609
2472
2622
2606
2483
2608
2614
2614
2488
2611
2613
2483
2486
2627
2613
2606
2595
2584
2557
2560
2561
2557
2746
2747
2749
2739
2735
2733
3535
3442
3432
3435
3422
3417
3415
3365
3366
11
17
22
5
9
15
5
6
33
5
10
7
32
15
35
13
20
18
5
66
24
37
23
74
28
5
12
43
17
39
22
35
31
88
24
23
87
45
28
39
100
35
41
51
47
46
44
39
43
145
47
144
42
35
62
154
37
76
28
142
143
127
29
87
155
8
77
133
177
16
165
124
13
193
183
143
21
22
203
18
97
201
198
194
199
196
179
177
209
210
103
163
190
236
137
237
97
209
193
211
138
227
115
245
161
180
232
164
184
213
168
168
198
274
193
144
238
260
236
186
153
226
212
285
301
259
296
286
167
221
241
325
233
314
314
268
303
238
318
313
323
331
275
278
258
230
229
336
325
319
163
345
321
277
348
246
225
257
278
180
272
337
180
337
388
356
335
348
321
236
216
246
213
246
353
216
245
334
403
360
403
409
345
403
356
261
384
262
226
379
343
251
359
356
440
320
487
425
486
473
302
443
420
292
422
491
432
456
425
501
433
437
306
438
513
390
444
424
450
427
517
386
456
363
544
436
462
411
439
512
534
470
546
529
581
368
570
584
478
445
561
574
476
563
570
546
477
560
600
601
603
464
490
519
471
487
500
577
574
502
471
417
606
421
478
607
597
596
549
555
519
612
502
538
673
620
668
494
502
506
549
572
495
674
574
678
559
634
640
512
550
490
575
493
692
545
572
646
607
634
696
730
610
630
722
587
588
585
674
623
648
591
589
723
726
589
593
652
716
611
587
714
758
724
738
727
589
703
708
724
705
746
599
589
718
680
716
760
746
829
745
720
700
846
698
759
742
756
858
861
700
783
757
770
863
764
867
783
706
876
708
705
686
780
889
883
751
691
743
795
689
889
729
744
745
792
919
709
923
917
892
739
917
887
810
790
904
781
848
899
955
841
867
942
790
934
806
903
756
927
905
881
886
886
935
802
853
898
805
998
812
931
984
928
887
968
859
895
825
865
827
1019
991
877
1023
941
854
944
1029
878
949
892
866
1038
969
1010
847
950
1057
1019
899
1021
928
1031
856
958
1029
878
980
1018
862
868
870
996
948
945
1046
1017
1002
1006
882
1025
1008
1007
897
998
963
899
958
1021
969
1020
972
961
1037
994
1002
1020
961
1012
1116
989
1118
1030
1098
995
1061
1136
992
1104
1032
1019
1003
1051
959
1108
1031
1054
1007
1079
1046
1007
1097
1050
1037
1064
1160
1021
998
1149
1002
1032
1174
996
999
1160
1061
1166
1058
1004
1156
1113
1159
1236
1071
1239
1165
1240
1122
1071
1126
1244
1235
1130
1115
1067
1189
1229
1189
1230
1124
1185
1118
1190
1134
1237
1084
1193
1232
1206
1098
1209
1081
1305
1131
1208
1115
1102
1319
1090
1101
1300
1125
1285
1204
1293
1177
1223
1222
1277
1294
1271
1303
1209
1286
1302
1190
1269
1301
1254
1222
1259
1311
1309
1245
1312
1215
1297
1308
1249
1281
1213
1303
1194
1272
1264
1254
1299
1292
1240
1260
1291
1401
1257
1225
1388
1270
1380
1300
1380
1206
1206
1210
1265
1230
1202
1271
1278
1275
1322
1377
1401
1277
1380
1230
1256
1230
1276
1330
1327
1363
1237
1423
1385
1332
1423
1292
1310
1369
1285
1379
1396
1410
1383
1382
1350
1340
1320
1474
1328
1416
1422
1308
1301
1398
1378
1431
1414
1347
1366
1341
1373
1420
1414
1362
1347
1361
1480
1353
1356
1425
1359
1488
1430
1353
1351
1344
1437
1438
1417
1488
1373
1444
1488
1439
1426
1493
1377
1488
1506
1398
1453
1476
1456
1379
1507
1508
1417
1450
1493
1489
1450
1477
1419
1522
1447
1518
1535
1512
1508
1457
1511
1449
1530
1517
1458
1522
1448
1447
1449
1449
1515
1466
1504
1463
1495
1528
1483
1527
1514
1531
1517
1480
1539
1477
1476
1494
1487
1507
1578
1505
1578
1530
1506
1530
1496
1511
1511
1555
1546
1546
1733
1530
1741
1743
1669
1731
1734
1679
1574
1725
1722
1627
1709
1708
1629
1713
1687
1631
1688
1691
1637
1831
1631
1832
1651
1642
1636
1637
1826
1770
1765
1646
1763
1830
1761
1811
1661
1757
1659
1792
1876
1798
1750
1886
1672
1673
1777
1759
1877
1760
1765
1771
1882
1778
1849
1782
1781
1773
1885
1778
1757
1743
1888
1869
1873
1863
1896
1776
1766
1791
1772
1897
1792
1874
1772
1773
1903
1802
1784
1785
1906
1907
1902
1887
1912
1915
1875
1873
2028
1857
1920
1916
2038
1916
1839
2042
1842
1926
2039
1875
1869
2050
2036
2039
2010
2004
2002
2000
1984
1985
1987
1959
1935
1939
2092
2090
2091
2086
2086
2090
2092
2067
2062
2040
2042
2037
2021
2018
2009
2248
2193
2189
2193
2175
2128
2129
2129
2127
2118
2122
2125
2122
2129
2115
2099
2106
2325
2312
2298
2297
2294
2348
2342
2344
2287
2282
2285
2338
2322
2310
2294
2306
2297
2297
2317
2409
2406
2325
2387
2388
2307
2392
2324
2385
2361
2319
2361
2312
2358
2316
2313
2317
2323
2316
2353
2350
2304
2327
2324
2327
2290
2326
2307
2324
2283
2303
2327
2311
2315
2335
2306
2345
2328
2528
2324
2527
2519
2523
2520
2518
2518
2511
2490
2493
2446
2590
2449
2447
2449
2607
2430
2441
2624
2581
2584
2567
2569
2562
2538
2539
2542
2506
2491
2487
3090
3092
3094
3097
3093
3060
3060
3057
3018
2995
2996
2969
2972
2968
2945
10
15
8
5
23
5
12
6
19
7
20
8
16
13
5
34
18
26
11
28
70
27
49
82
53
7
23
79
76
5
21
102
26
10
30
72
93
24
95
37
85
87
107
91
32
73
33
90
137
102
138
126
131
128
46
90
146
88
118
54
82
91
150
158
109
89
95
167
107
98
188
102
139
128
171
120
92
122
95
123
124
143
122
97
181
212
167
135
168
125
172
108
131
165
229
239
140
208
245
126
256
250
188
244
169
171
182
264
158
254
256
152
210
269
162
280
263
142
198
130
160
251
278
269
266
227
227
220
147
227
255
204
283
280
199
236
326
267
238
196
333
197
344
241
188
185
177
159
184
159
251
324
324
226
242
195
247
265
209
291
253
316
209
241
204
294
269
266
246
328
301
311
312
264
267
302
274
379
264
233
428
239
242
287
287
290
332
286
340
341
342
295
465
298
328
431
353
327
353
481
282
443
445
481
362
299
331
386
476
512
358
309
446
462
331
424
353
488
334
445
489
528
346
530
448
442
514
475
388
474
447
562
447
475
368
403
478
556
363
553
478
533
410
582
541
433
539
530
457
418
521
582
540
443
553
416
538
569
525
540
521
516
567
506
565
459
557
592
560
455
605
583
582
515
558
534
561
661
560
565
537
554
552
572
659
558
559
564
585
565
662
547
548
551
661
574
574
557
549
551
587
537
587
545
655
530
544
602
589
590
720
532
706
617
655
631
700
601
563
597
546
613
615
537
592
661
732
593
711
656
617
621
594
623
668
720
626
714
663
732
671
734
613
617
740
821
613
670
821
670
699
740
741
673
829
646
734
627
724
698
836
723
761
847
743
840
783
655
857
695
851
662
758
750
745
805
802
726
796
719
761
702
748
734
890
871
747
867
810
812
840
768
777
755
749
770
803
737
721
768
733
732
730
926
767
750
748
765
720
823
905
825
761
933
861
734
875
867
865
783
833
919
786
803
915
780
967
776
953
959
801
888
779
774
923
790
931
931
821
989
883
940
849
938
939
827
994
933
988
803
948
953
944
989
959
925
835
945
1000
978
945
829
904
940
899
959
1066
951
895
968
935
900
986
941
987
982
896
1070
881
1095
979
1059
1028
958
1008
1092
924
1000
995
983
1007
1076
963
1005
1097
1008
969
1036
980
1051
926
1053
988
1130
1019
1027
979
1016
963
1140
1005
1137
945
980
1163
1171
960
955
1165
1027
966
1015
996
1018
1177
1022
1009
1186
1092
1154
1143
1110
1155
1028
1077
1109
1227
1032
1167
1062
1234
1147
1022
1036
1120
1170
1087
1175
1160
1247
1177
1247
1046
1172
1060
1111
1255
1266
1107
1267
1183
1253
1246
1151
1109
1185
1103
1234
1195
1253
1113
1233
1261
1237
1113
1292
1170
1108
1122
1299
1098
1154
1306
1297
1188
1287
1180
1224
1184
1313
1185
1148
1320
1148
1185
1325
1230
1317
1226
1329
1321
1326
1347
1302
1351
1332
1322
1387
1320
1342
1344
1316
1322
1347
1254
1335
1307
1235
1393
1315
1396
1242
1361
1330
1398
1321
1347
1338
1285
1322
1257
1251
1334
1376
1260
1247
1368
1229
1266
1367
1274
1286
1258
1268
1357
1367
1433
1277
1265
1280
1272
1324
1263
1317
1276
1277
1279
1268
1277
1310
1383
1305
1291
1310
1303
1378
1391
1468
1460
1521
1385
1391
1355
1432
1348
1461
1435
1430
1384
1527
1422
1555
1457
1547
1428
1367
1409
1442
1356
1396
1372
1548
1414
1412
1419
1553
1581
1369
1581
1582
1559
1578
1482
1420
1481
1590
1497
1534
1576
1576
1496
1582
1627
1531
1484
1587
1631
1420
1635
1634
1599
1580
1585
1503
1545
1603
1551
1553
1655
1543
1598
1536
1582
1602
1657
1597
1535
1591
1515
1556
1603
1556
1627
1523
1611
1538
1610
1542
1601
1604
1541
1714
1605
1556
1577
1552
1528
1720
1642
1724
1588
1713
1526
1689
1540
1745
1680
1633
1571
1756
1571
1721
1576
1754
1578
1689
1659
1568
1572
1696
1671
1663
1698
1642
1663
1739
1682
1792
1675
1768
1688
1678
1752
1609
1785
1623
1798
1800
1761
1794
1785
1687
1690
1771
1803
1701
1705
1743
1751
1772
1692
1753
1745
1811
1729
1751
1713
1655
1703
1698
1703
1712
1693
1667
1671
1819
1705
1822
1697
1700
1704
1793
1690
1714
1790
1718
1715
1812
1795
1713
1799
1824
1720
1794
1784
1760
1711
1802
1732
1753
1730
1736
1722
1758
1729
1742
1739
1807
1832
1745
1788
1800
1802
1771
1751
1804
1803
1784
1824
1799
1770
1775
1779
1816
1778
1859
1787
1856
1797
1860
1856
2006
1856
1861
2016
1998
2001
1971
1967
1957
1955
1947
1943
1916
1894
1888
2162
2163
2158
2142
2141
2136
2139
2164
2120
2107
2049
2173
2052
2046
2186
2042
2045
2036
2149
2152
2155
2144
2143
2144
2140
2118
2157
2117
2105
2164
2160
2164
2111
2117
2119
2163
2167
2162
2126
2138
2126
2503
2506
2509
2509
2512
2513
2507
2511
2505
2501
2499
2497
2477
2480
2480
2469
2467
2468
2404
2407
2398
2881
2879
2881
2847
2835
2827
2819
2820
2907
2828
2790
2908
2779
2921
2914
2791
2756
2755
2919
2904
2908
2910
2900
2904
2879
2883
2871
2843
2838
2841
2839
3701
3699
3677
3652
3651
3637
3597
3600
3589
3563
3537
10
15
9
19
27
6
9
15
7
19
20
10
24
17
15
26
21
27
21
14
65
22
66
76
44
39
5
21
32
6
12
11
24
5
47
30
30
103
9
118
5
129
24
117
61
59
22
20
136
108
127
137
31
30
53
31
75
44
122
134
5
52
116
158
130
177
22
181
183
160
52
162
165
162
165
5
18
167
10
187
200
142
187
5
104
134
225
90
191
200
190
239
132
236
203
181
190
144
144
233
149
233
269
204
237
272
227
160
145
225
274
280
236
288
275
132
220
221
265
148
263
116
300
115
161
165
261
267
314
239
170
171
239
328
292
180
261
284
227
216
282
362
352
298
385
386
291
329
209
279
299
277
293
213
406
194
256
408
390
285
278
424
268
398
282
435
408
354
400
224
408
408
221
433
258
432
382
367
400
351
423
403
389
418
370
383
397
399
294
360
488
397
447
290
343
488
346
497
406
495
311
308
500
496
472
481
475
366
341
423
320
475
425
406
489
409
474
484
393
467
445
383
392
377
399
355
375
373
442
370
515
407
481
495
406
375
451
437
504
470
438
503
506
504
506
505
473
487
502
606
452
621
445
497
491
613
500
488
443
420
483
621
477
498
537
498
632
617
490
628
522
653
534
640
654
647
533
464
617
528
559
458
639
535
578
674
551
460
542
688
540
671
690
664
655
656
670
558
689
571
696
641
524
660
567
665
690
624
691
719
677
691
654
617
679
677
647
681
540
743
675
670
746
738
737
752
716
741
686
593
735
673
596
716
684
650
733
616
610
603
743
569
735
728
706
783
707
788
707
728
818
692
787
686
793
718
787
692
788
687
673
695
750
676
684
695
767
692
668
669
766
849
673
702
703
869
640
645
710
691
714
879
885
884
795
715
883
699
677
673
764
865
751
895
748
891
748
753
755
868
796
852
741
720
878
867
877
827
921
867
865
864
772
927
912
845
951
864
944
836
918
830
939
854
850
804
929
934
850
964
805
887
964
926
834
804
925
862
827
853
967
801
953
929
936
802
841
942
835
971
832
914
850
910
932
981
935
1050
847
933
1036
896
935
893
967
864
947
851
901
866
874
900
985
968
871
1088
908
914
904
878
962
1028
964
902
1107
898
1084
898
979
1118
976
900
996
914
1061
1124
916
999
1008
1003
989
1134
1066
986
1013
959
1010
1141
1132
958
1117
995
1100
1163
1085
948
1152
1072
1078
1163
1053
1140
1115
1049
1109
1082
1170
1125
1167
1033
1092
1053
1085
1026
1166
1175
1167
1060
1084
1087
1184
1075
1129
1164
1124
1053
1178
1180
1225
1181
1210
1231
1197
1191
1089
1182
1191
1095
1227
1166
1250
1096
1240
1169
1161
1272
1097
1177
1260
1103
1138
1139
1175
1109
1213
1276
1306
1112
1309
1179
1165
1223
1182
1235
1231
1228
1326
1178
1134
1156
1233
1182
1225
1213
1195
1189
1162
1195
1166
1183
1154
1168
1347
1152
1209
1267
1173
1152
1268
1197
1319
1211
1174
1173
1173
1273
1175
1208
1329
1366
1321
1396
1336
1306
1195
1399
1309
1198
1401
1323
1249
1311
1206
1320
1312
1254
1215
1220
1315
1356
1310
1257
1300
1228
1418
1407
1364
1343
1236
1407
1316
1298
1315
1269
1341
1386
1244
1335
1306
1254
1308
1310
1318
1394
1320
1334
1334
1281
1273
1326
1399
1438
1282
1283
1428
1317
1345
1390
1322
1294
1392
1391
1294
1392
1461
1295
1420
1451
1344
1401
1398
1393
1433
1534
1431
1525
1367
1413
1371
1414
1544
1534
1488
1374
1360
1513
1378
1529
1533
1500
1360
1371
1534
1361
1479
1432
1499
1482
1368
1495
1423
1537
1376
1489
1496
1486
1542
1473
1438
1437
1629
1629
1513
1436
1417
1558
1452
1455
1635
1517
1487
1466
1429
1527
1451
1498
1574
1660
1579
1452
1494
1505
1473
1473
1531
1516
1476
1652
1463
1506
1466
1661
1474
1689
1660
1506
1497
1493
1698
1500
1662
1500
1661
1725
1696
1694
1664
1510
1709
1694
1740
1696
1725
1535
1702
1705
1734
1550
1679
1545
1741
1659
1714
1718
1746
1722
1663
1666
1732
1766
1642
1726
1718
1767
1701
1763
1747
1753
1707
1637
1691
1628
1654
1693
1649
1652
1632
1701
1643
1691
1740
1739
1642
1633
1726
1704
1696
1718
1718
1647
1708
1728
1690
1697
1684
1671
1673
1689
1856
1850
1678
1801
1698
1741
1744
1747
1710
1872
1847
1826
1808
1799
1786
1759
1981
1982
1981
1968
1972
1963
1945
1935
2022
1922
2030
2026
1921
2029
1892
2037
1892
1939
2041
1929
1903
1894
2047
1896
1938
1941
1970
1931
1909
1898
1924
1934
1914
1916
1905
1911
1921
1916
1911
2216
2194
2174
2176
2176
2167
2159
2159
2159
2162
2281
2164
2295
2287
2285
2167
2124
2274
2236
2262
2267
2257
2246
2243
2207
2270
2181
2267
2268
2184
2398
2402
2192
2399
2246
2394
2250
2202
2392
2372
2234
2374
2235
2239
2382
2386
2383
2248
2363
2366
2335
2336
2281
2280
2576
2573
2575
2570
2556
2542
2543
2544
2547
2544
2547
2542
2545
2542
2530
2510
2514
2515
2506
2488
2719
2713
2713
2689
2656
2659
2635
2635
2630
2612
2613
2608
2765
2585
2583
2778
2753
2750
2742
2740
2730
2719
2711
2707
2698
2693
2693
2692
2693
2690
2681
2667
2661
14
10
18
5
17
12
20
16
11
35
28
18
9
7
27
5
24
5
5
78
65
59
59
30
8
12
26
111
112
110
35
117
93
127
86
119
123
31
144
142
148
136
27
30
99
57
141
143
125
143
63
65
20
117
63
128
198
112
159
9
189
18
186
131
205
117
190
143
221
110
218
190
211
228
222
231
150
218
116
120
224
147
149
232
256
141
131
234
145
136
140
230
281
104
246
288
270
282
254
244
243
237
292
297
275
288
229
257
303
268
184
235
173
291
264
294
258
200
228
249
173
273
288
250
305
273
181
339
175
157
269
158
341
192
298
346
334
263
327
337
278
171
393
284
281
350
280
343
336
385
274
319
265
410
218
271
319
302
275
317
392
390
234
388
221
393
382
246
313
251
268
405
386
251
304
395
308
264
470
418
458
316
488
304
341
367
463
506
363
307
505
289
474
518
508
463
523
501
486
490
533
516
499
475
503
450
518
504
403
518
526
502
554
493
484
514
400
510
557
410
541
546
532
406
492
565
506
553
492
381
561
579
578
515
500
555
454
584
499
561
454
579
393
567
593
571
468
591
431
576
508
544
550
520
570
475
410
616
474
635
560
499
591
614
556
598
484
566
441
588
617
607
592
567
607
561
510
560
558
556
613
657
607
557
564
536
543
555
643
582
565
509
589
569
515
623
650
504
573
578
539
502
724
721
543
665
554
564
736
551
598
561
599
707
546
555
545
719
651
550
596
740
571
655
556
718
664
661
759
635
741
610
738
665
793
741
639
703
731
615
736
809
757
738
634
831
814
639
804
792
825
642
825
755
826
750
656
729
794
837
779
745
743
846
761
761
849
766
655
848
842
841
744
672
769
676
774
876
861
833
744
679
734
790
704
854
893
857
740
734
871
807
787
856
782
743
897
724
884
778
806
780
856
755
830
881
913
736
882
819
821
794
816
883
858
887
779
835
911
808
758
933
801
938
883
916
961
874
803
891
843
807
829
891
805
884
983
878
842
800
961
946
915
961
923
856
928
955
960
891
925
858
918
872
927
866
843
966
874
837
932
944
845
843
1068
849
982
942
1084
942
1076
873
1071
875
904
958
1043
962
1001
1022
1017
976
898
956
992
1058
970
967
967
1061
1114
973
967
970
1109
1113
1077
986
1107
924
942
1104
995
990
977
1103
996
1169
997
1088
951
976
1097
1099
986
1090
966
1191
1088
1067
1017
1097
1168
1075
997
1072
1203
1046
1167
988
1005
1153
1091
1026
1014
1082
1202
1135
1078
1201
1075
1217
1075
1099
1137
1100
1082
1023
1059
1050
1225
1262
1090
1111
1229
1065
1055
1074
1068
1237
1185
1074
1105
1075
1241
1070
1224
1199
1138
1269
1141
1124
1123
1231
1092
1116
1147
1095
1232
1282
1220
1204
1283
1288
1125
1206
1244
1161
1106
1244
1289
1134
1164
1138
1236
1301
1216
1300
1226
1153
1278
1221
1367
1182
1370
1319
1210
1174
1364
1208
1233
1319
1182
1351
1321
1337
1229
1196
1340
1313
1423
1295
1201
1342
1276
1319
1348
1247
1352
1223
1279
1355
1326
1365
1312
1274
1475
1335
1349
1454
1278
1268
1280
1326
1319
1267
1310
1444
1372
1312
1498
1371
1330
1511
1295
1512
1454
1302
1438
1390
1503
1427
1311
1379
1304
1524
1378
1515
1444
1519
1324
1441
1391
1443
1508
1535
1492
1535
1457
1492
1457
1521
1394
1401
1458
1390
1503
1605
1517
1502
1402
1430
1506
1406
1556
1509
1506
1434
1570
1405
1619
1634
1514
1624
1615
1444
1585
1513
1424
1557
1505
1634
1449
1594
1618
1632
1634
1613
1573
1602
1519
1618
1663
1486
1605
1585
1485
1556
1694
1654
1690
1617
1581
1685
1495
1649
1577
1656
1647
1726
1639
1646
1645
1695
1648
1644
1592
1519
1590
1653
1568
1565
1714
1657
1636
1663
1602
1577
1735
1739
1771
1726
1750
1743
1760
1582
1734
1569
1660
1738
1595
1739
1769
1755
1650
1758
1751
1709
1741
1656
1657
1698
1777
1832
1759
1836
1728
1724
1660
1638
1722
1726
1657
1837
1820
1645
1852
1737
1700
1732
1857
1649
1791
1860
1828
1742
1815
1795
1870
1779
1754
1755
1713
1711
1767
1812
1691
1834
1825
1851
1828
1825
1821
1813
1823
1841
1791
1779
1829
1827
1832
1805
1793
1835
1920
1783
1797
1808
1794
1814
1782
1766
1762
1848
1804
1845
1950
1941
1934
1811
1780
1781
1817
1864
1928
1830
1817
1792
1784
1935
1838
1790
1832
1812
1930
1809
1867
1869
1806
1943
1873
1816
1849
1851
1816
1846
1828
1828
1848
1952
1849
1961
1951
1883
1953
1871
2062
1850
1875
1845
1940
1855
1882
1861
2066
1955
1937
1961
1875
1922
1903
1872
1905
2083
2078
1893
2081
1889
2081
1947
2055
1903
1906
2064
1907
1958
2054
2061
1969
2059
2061
1994
2023
1977
1986
2073
2158
2073
2022
1991
1978
2064
1985
2154
2195
2158
1988
2067
2001
2038
2168
1999
1996
2044
1990
1990
2222
2044
2160
2163
2004
2147
2039
2077
2224
2081
2229
2225
2076
2187
2141
2082
2137
2128
2123
2094
2083
2080
2100
2095
2094
2398
2392
2395
2393
2374
2368
2371
2367
2351
2309
2284
2268
2255
2244
2608
2611
2600
2603
2604
2573
2562
2532
2536
2519
2497
2481
2470
2473
2475
13
15
21
6
25
10
8
12
19
8
16
22
15
6
16
15
5
18
5
15
26
48
29
50
25
26
30
36
19
57
88
47
9
11
53
36
18
100
31
22
10
25
75
18
7
123
8
74
21
145
13
130
141
136
81
58
81
135
130
61
141
87
6
169
71
170
33
133
132
105
126
156
151
150
133
121
60
120
212
124
70
212
207
173
74
211
122
108
44
179
240
183
220
186
60
182
163
128
255
124
240
154
272
195
116
242
196
201
70
240
171
228
281
296
292
266
216
210
181
256
202
309
305
248
239
314
195
129
234
271
213
253
237
297
312
301
335
247
318
344
290
318
265
223
258
237
207
359
319
323
198
317
218
299
274
210
252
377
209
330
373
384
382
306
366
381
205
308
366
364
316
366
312
214
355
409
356
328
418
221
340
332
383
397
378
401
415
342
337
456
338
388
392
449
399
437
373
344
377
403
406
406
376
457
314
329
317
443
409
498
413
387
419
450
411
452
424
512
381
462
438
379
372
514
368
448
466
357
404
513
452
507
456
375
350
472
436
415
535
332
412
362
442
490
355
471
362
529
456
485
526
551
481
366
547
543
361
469
554
459
472
544
467
419
442
404
568
415
595
556
547
446
538
518
436
601
415
493
498
440
563
475
509
590
422
526
426
501
560
651
510
587
488
563
657
525
647
507
512
521
585
645
581
535
511
502
570
518
608
535
544
498
709
661
710
544
549
548
575
546
672
535
664
730
562
527
564
740
556
684
668
665
555
646
681
733
759
722
612
646
606
662
603
644
770
666
774
590
574
587
661
587
578
801
626
771
659
659
599
662
689
672
636
638
645
693
782
836
776
680
819
650
674
663
659
673
850
669
659
675
658
661
862
809
845
657
678
742
786
676
737
731
858
894
834
719
904
710
906
756
902
841
819
713
837
820
771
910
770
724
756
847
758
929
926
888
932
795
790
929
792
863
941
844
768
816
765
942
765
849
760
815
805
985
949
958
972
807
974
796
817
841
956
799
966
821
970
957
859
850
933
821
830
802
982
873
823
870
987
940
846
1025
841
1002
1040
839
1026
995
839
995
923
856
998
1029
995
999
1001
1044
1002
1026
1006
1038
998
879
1013
1026
1014
1021
893
1008
1050
999
1063
900
1038
937
1057
1000
1005
971
998
951
935
1046
997
1071
1048
1066
983
1068
1030
955
941
1020
939
1091
972
974
1106
965
1103
1073
974
1019
1065
1121
1055
977
1053
1103
1046
1021
1024
1098
1027
1028
1145
1103
1147
1083
1031
1093
1096
1109
1157
1198
1028
1194
1111
1144
1242
1187
1045
1239
1121
1238
1118
1185
1093
1186
1146
1142
1126
1123
1130
1141
1126
1181
1095
1181
1107
1272
1125
1276
1170
1191
1189
1116
1307
1301
1140
1172
1143
1118
1171
1289
1347
1204
1328
1149
1179
1143
1318
1194
1310
1169
1373
1157
1375
1169
1193
1332
1239
1163
1389
1310
1313
1358
1172
1179
1363
1229
1175
1231
1319
1405
1190
1337
1328
1388
1363
1377
1347
1377
1335
1373
1337
1328
1329
1321
1343
1388
1344
1386
1330
1382
1385
1246
1393
1246
1253
1390
1332
1388
1417
1393
1412
1343
1267
1340
1312
1404
1303
1266
1417
1350
1374
1424
1404
1317
1413
1385
1407
1367
1509
1387
1358
1426
1467
1428
1391
1364
1427
1399
1479
1370
1354
1329
1364
1478
1393
1356
1427
1371
1564
1414
1480
1364
1358
1560
1411
1510
1585
1550
1496
1554
1412
1404
1520
1492
1605
1512
1554
1614
1558
1482
1516
1580
1619
1434
1576
1569
1624
1504
1618
1565
1531
1553
1509
1629
1631
1518
1599
1615
1551
1538
1525
1528
1472
1491
1603
1630
1595
1522
1564
1490
1567
1601
1601
1495
1538
1595
1571
1650
1533
1532
1568
1582
1511
1647
1583
1650
1736
1581
1719
1732
1725
1725
1590
1576
1591
1719
1668
1729
1727
1573
1599
1553
1597
1730
1713
1690
1708
1601
1719
1715
1797
1612
1596
1704
1707
1808
1704
1726
1696
1718
1610
1716
1720
1697
1713
1785
1784
1684
1740
1718
1738
1859
1829
1722
1782
1801
1751
1708
1752
1700
1684
1779
1702
1749
1683
1819
1779
1819
1674
1677
1776
1756
1820
1699
1813
1713
1716
1806
1807
1800
1791
1779
1734
1766
1770
1792
1831
1839
1813
1784
1806
1785
1768
1795
1981
1784
1798
1987
1787
1972
1793
1788
1978
2023
1972
2002
2005
1977
2011
2004
1958
1956
1929
2011
2018
2019
1921
2021
2005
2009
1931
1936
1931
2032
1924
2041
2040
1925
2002
2006
2009
1982
1969
1969
1966
1968
1971
1973
2211
2208
2209
2208
2208
2201
2203
2200
2204
2198
2192
2196
2192
2185
2189
2187
2179
2181
2176
2114
2111
2115
2313
2100
2270
2252
2247
2250
2245
2241
2243
2238
2231
2226
2230
2227
2228
2194
2197
2410
2408
2405
2403
2386
2389
2385
2370
2360
2364
2293
2276
2278
2281
2265
2268
2268
2549
2548
2544
2523
2522
2520
2507
2509
2513
2498
2456
2459
2463
2581
2440
2413
2589
2592
2589
2578
2591
2593
2593
2563
2574
2573
2570
2578
2525
2556
2556
2539
2528
2532
2500
2537
2507
2501
2552
2552
2555
2545
2543
2541
2530
2534
3432
3434
3425
3411
3407
3375
3374
3376
3348
3350
3338
3307
3296
3298
10
18
6
20
9
15
6
14
5
29
35
7
32
38
37
13
6
12
5
5
13
88
18
89
94
73
109
101
77
75
13
82
5
101
127
78
20
73
132
18
98
91
82
81
24
94
152
148
95
18
109
155
150
104
17
108
111
100
167
168
169
156
181
174
31
89
167
69
165
61
187
38
61
76
80
52
181
190
199
188
54
198
186
51
192
208
45
199
190
103
213
91
198
210
245
211
244
93
256
260
228
256
251
202
100
212
269
214
211
115
236
84
202
193
230
225
191
99
268
87
235
186
221
222
274
262
304
194
251
328
314
203
252
318
269
321
271
300
173
184
323
237
321
189
364
315
341
196
185
371
178
348
335
296
374
310
235
288
276
358
401
279
328
305
315
326
257
287
320
236
415
410
235
356
321
407
424
292
403
349
405
422
418
423
393
419
327
311
411
355
428
314
404
397
433
420
295
421
397
474
376
399
474
459
424
306
458
406
462
410
397
491
430
401
419
510
508
458
399
451
495
403
428
468
496
429
425
496
462
428
423
497
403
488
442
369
450
507
353
477
501
508
462
478
436
420
440
362
369
456
582
365
519
426
513
573
452
520
385
590
426
512
544
417
587
502
505
589
528
400
496
473
493
477
623
524
530
567
528
594
609
483
597
619
517
613
511
601
513
580
517
537
510
590
624
496
518
535
484
603
606
541
558
517
577
497
581
631
478
570
631
554
574
644
537
562
515
485
599
582
607
555
705
521
636
519
699
549
690
598
532
517
526
600
693
692
597
622
536
628
615
714
610
706
574
554
561
758
727
558
704
771
628
766
705
709
679
742
573
757
684
758
656
585
660
760
685
666
640
645
666
763
663
655
653
808
654
640
767
731
733
659
764
729
644
639
670
843
824
755
757
830
736
796
792
741
796
863
867
846
810
745
834
744
834
839
776
808
778
896
755
804
742
749
779
773
860
782
828
771
925
773
750
772
830
775
776
749
778
868
777
772
945
882
925
877
798
880
777
826
932
820
800
887
804
868
829
823
862
947
1016
919
823
885
911
1025
820
958
847
962
877
1026
1006
1032
1020
945
948
907
923
953
867
872
956
855
844
1038
912
864
1025
909
1057
915
1059
1046
1027
964
1065
1006
902
884
1042
948
1017
999
1090
1082
1013
955
1080
943
946
1017
962
936
947
1006
932
1075
931
1006
1031
958
1152
1017
1014
1018
993
945
1124
1161
1025
1130
1129
1048
955
1026
1041
1159
993
1161
1029
1001
1159
1150
1075
1009
1140
1127
1061
1067
1097
1063
1169
1208
1096
1171
1002
1164
1121
1114
1098
1047
1120
1090
1116
1116
1104
1103
1096
1183
1060
1062
1128
1109
1086
1098
1090
1094
1184
1137
1089
1096
1118
1265
1122
1116
1095
1186
1099
1159
1133
1094
1279
1100
1269
1090
1131
1125
1136
1209
1103
1109
1206
1185
1287
1212
1183
1115
1115
1195
1147
1195
1192
1133
1164
1177
1364
1363
1313
1177
1352
1379
1167
1363
1158
1326
1168
1324
1187
1367
1360
1187
1370
1267
1189
1270
1200
1254
1271
1262
1241
1229
1205
1386
1236
1266
1383
1241
1230
1409
1237
1428
1413
1238
1404
1276
1244
1261
1373
1401
1356
1416
1252
1475
1254
1270
1475
1373
1469
1356
1343
1336
1368
1343
1309
1370
1468
1328
1409
1321
1297
1296
1458
1348
1459
1400
1379
1435
1350
1360
1430
1332
1343
1445
1448
1430
1372
1394
1401
1456
1543
1354
1443
1540
1407
1377
1374
1459
1548
1536
1433
1386
1593
1587
1535
1382
1584
1485
1561
1482
1543
1535
1459
1539
1566
1569
1544
1499
1554
1467
1545
1637
1466
1463
1552
1484
1558
1482
1646
1582
1478
1581
1551
1546
1455
1567
1524
1587
1688
1503
1680
1488
1536
1667
1531
1589
1579
1506
1666
1665
1521
1579
1575
1669
1567
1508
1677
1714
1545
1523
1676
1666
1700
1664
1600
1704
1587
1673
1764
1666
1593
1589
1682
1701
1676
1577
1773
1743
1693
1648
1745
1680
1760
1766
1751
1711
1813
1747
1770
1768
1672
1725
1762
1736
1663
1739
1719
1754
1715
1843
1674
1672
1749
1781
1749
1670
1840
1690
1669
1764
1688
1745
1878
1765
1768
1678
1769
1844
1848
1732
1821
1685
1701
1820
1698
1867
1726
1719
1722
1807
1772
1870
1776
1820
1732
1811
1769
1813
1883
1740
1729
1772
1769
1896
1830
1756
1754
1820
1755
1913
1823
1788
1786
1817
1796
1915
1793
1912
1901
1798
1905
1909
1899
1901
1903
1907
1908
1880
2055
1860
2048
2049
2050
2030
2028
2016
2018
2013
2015
1998
1996
1989
1982
2121
1963
1970
2139
1958
2099
2117
2128
2126
2108
2067
2066
2107
2063
2051
2069
2054
2057
2073
2064
2051
2083
2024
2085
2032
2026
2032
2035
2027
2037
2274
2264
2252
2252
2216
2194
2197
2134
2136
2133
2135
2135
2109
2361
2314
2309
2366
2304
2294
2296
2360
2293
2288
2361
2363
2352
2248
2338
2346
2342
2237
2339
2246
2330
2315
2316
2293
2290
2292
2282
2271
2599
2581
2577
2576
2574
2574
2548
2531
2501
2499
2490
2487
2488
2480
2463
2701
2677
2680
2680
2680
2672
2653
2656
2648
2643
2645
2649
2650
2772
2570
2578
2763
2765
2766
2768
2765
2757
2755
2755
2756
2750
2740
2696
2697
2672
2654
12
18
5
16
5
7
12
51
15
5
20
24
9
20
5
20
12
9
5
19
94
89
84
91
97
97
94
58
62
135
54
121
54
118
144
146
140
65
120
121
60
85
115
118
162
172
106
80
91
161
187
166
63
144
198
88
188
25
111
138
151
161
116
207
102
205
133
189
127
209
211
38
115
203
164
209
177
152
229
173
142
191
229
201
178
201
60
257
61
202
220
242
237
160
263
270
236
236
233
48
221
173
164
249
186
225
254
157
208
258
189
293
176
177
255
266
236
232
187
228
277
228
197
196
237
285
193
266
230
305
302
135
300
365
238
246
235
264
354
249
371
312
278
383
256
371
239
252
374
245
239
402
252
229
270
237
232
417
324
246
419
341
340
405
333
334
247
333
265
333
329
261
267
344
254
453
403
339
457
355
279
355
348
412
408
359
472
345
292
419
476
296
356
349
494
380
336
428
427
422
473
418
297
507
301
406
503
425
382
304
408
400
494
388
344
488
523
364
376
496
368
357
417
535
391
395
505
492
470
382
496
561
354
576
391
568
396
467
561
466
576
393
536
577
458
401
575
384
585
406
560
583
552
438
553
569
464
583
573
563
579
421
626
579
417
480
584
635
581
633
642
460
588
622
452
578
577
591
596
592
581
603
467
599
496
479
650
605
469
594
519
613
589
656
640
604
605
649
659
518
616
629
615
576
653
510
580
541
490
638
534
592
660
592
642
607
543
635
601
661
634
624
637
657
558
592
687
663
569
680
660
758
595
654
754
657
684
664
607
580
618
703
600
796
581
692
652
579
594
594
739
627
588
681
655
657
715
615
599
773
739
716
811
714
805
688
740
740
693
719
723
728
702
722
657
756
661
738
712
712
713
805
734
805
889
731
858
740
730
715
815
783
725
726
722
829
703
786
737
919
729
708
913
742
758
731
917
916
733
860
914
742
772
787
760
790
918
960
961
790
758
795
761
978
783
766
756
770
798
796
764
786
992
770
994
986
848
798
850
798
786
848
806
803
810
905
811
859
906
907
989
986
1025
908
968
991
894
994
912
892
974
1049
1033
935
889
1031
900
1011
881
912
1067
1020
1011
871
1047
1078
1090
1075
930
1081
1055
985
1033
1017
982
1077
1022
932
1051
1064
1083
1039
1052
1032
1027
1091
985
950
1031
988
952
1047
1068
1040
1130
1013
1018
962
1015
1141
1103
1088
1087
1047
1023
1039
1076
1032
1130
1099
993
1077
1036
1189
1036
1016
1157
1153
1001
1092
1072
1084
1193
1157
1044
1118
1161
1081
1167
1208
1073
1126
1017
1232
1214
1056
1217
1140
1156
1118
1061
1132
1258
1103
1122
1210
1104
1132
1216
1070
1120
1118
1224
1217
1097
1210
1213
1205
1134
1126
1125
1193
1289
1232
1200
1291
1145
1162
1135
1131
1308
1312
1210
1128
1292
1239
1109
1240
1129
1148
1160
1274
1148
1154
1278
1120
1152
1126
1157
1155
1224
1225
1169
1135
1224
1355
1326
1154
1310
1167
1307
1192
1299
1272
1228
1228
1303
1183
1293
1277
1213
1280
1246
1278
1243
1327
1342
1219
1332
1263
1252
1241
1233
1253
1232
1256
1236
1252
1260
1240
1289
1267
1286
1361
1244
1358
1277
1335
1381
1291
1276
1293
1390
1274
1289
1277
1268
1385
1346
1384
1283
1477
1479
1279
1511
1483
1349
1351
1349
1466
1468
1520
1453
1362
1433
1363
1454
1456
1538
1507
1505
1434
1438
1509
1351
1527
1432
1529
1516
1514
1497
1452
1446
1429
1583
1499
1480
1483
1564
1426
1411
1510
1477
1497
1618
1423
1613
1462
1561
1446
1491
1450
1499
1503
1484
1501
1434
1452
1642
1432
1500
1600
1604
1444
1587
1508
1566
1463
1467
1502
1524
1566
1528
1678
1513
1648
1497
1620
1578
1478
1620
1628
1521
1659
1508
1524
1501
1706
1502
1625
1584
1497
1585
1603
1733
1642
1605
1643
1727
1744
1716
1550
1548
1739
1735
1686
1610
1674
1703
1568
1624
1737
1572
1620
1673
1746
1663
1688
1586
1692
1577
1612
1744
1650
1692
1692
1706
1672
1663
1657
1661
1648
1758
1701
1698
1722
1667
1693
1683
1722
1659
1652
1676
1849
1707
1641
1755
1709
1651
1668
1668
1691
1741
1701
1777
1695
1755
1785
1754
1898
1683
1680
1686
1794
1689
1900
1912
1755
1873
1688
1692
1795
1695
1750
1796
1905
1882
1873
1901
1868
1911
1804
1891
1908
1850
1762
1831
1873
1810
1851
1769
1918
1837
1797
1837
1926
1779
1859
1853
1764
1994
1851
1959
1770
1837
1816
1803
1790
1837
1861
1944
1790
2020
1962
1999
1840
1820
1811
2012
1972
1964
1970
1854
1817
1947
1951
1859
1982
1986
1970
1956
1983
2065
1955
1849
1980
1982
1943
1909
2073
1912
2069
1991
1871
1953
2056
2031
1998
2118
1972
2014
2120
2015
1964
1962
1966
1989
1989
2128
1992
1983
1981
1982
2140
2124
1989
1976
1991
1975
2134
1992
2113
2104
2107
2079
2074
2078
2082
2083
2083
2075
2071
2075
2227
2076
2074
2078
2234
2231
2232
2077
2084
2066
2224
2072
2235
2233
2226
2225
2222
2222
2225
2208
2203
2193
2169
2166
2163
2166
2324
2149
2323
2326
2329
2393
2280
2377
2381
2263
2248
2197
2396
2380
2363
2365
2359
2361
2323
2325
2293
2292
2295
2294
2261
2998
2960
2923
2912
2896
2887
8
12
17
23
11
14
5
21
5
19
5
13
5
17
5
9
18
21
5
19
13
24
5
26
66
27
10
5
22
95
15
20
82
5
40
26
23
5
49
85
121
20
123
17
67
17
6
19
112
103
8
80
148
75
105
86
158
79
77
66
128
71
104
86
62
62
75
59
76
88
10
102
73
123
85
83
86
99
193
78
91
200
85
117
231
81
210
225
213
196
235
136
194
121
82
243
220
114
265
231
130
119
90
125
95
251
250
94
277
96
279
129
126
87
257
285
258
81
277
272
130
294
323
274
321
272
141
141
254
306
145
338
284
338
261
354
263
327
327
327
313
302
393
286
297
291
296
406
358
405
291
204
308
389
301
339
345
217
382
337
386
242
328
230
344
405
347
224
402
452
395
298
234
456
398
404
455
449
359
440
345
425
335
364
248
444
437
391
492
328
439
440
489
438
381
320
439
384
497
484
407
513
411
330
510
468
502
510
395
513
369
463
358
424
512
426
450
476
409
369
507
370
553
498
371
495
437
356
415
555
486
363
443
421
562
417
404
368
498
366
478
545
384
547
473
488
478
516
512
478
491
580
441
583
557
561
478
560
435
437
504
441
435
501
520
439
546
447
534
633
495
495
628
583
452
456
586
537
532
525
513
520
549
473
508
644
525
511
528
493
533
649
703
714
678
536
626
519
648
720
706
614
709
638
735
676
612
739
675
541
672
731
541
637
612
539
753
543
726
610
744
595
619
689
724
734
687
691
754
694
729
664
766
766
629
737
598
766
699
700
744
665
773
736
777
806
707
718
785
708
654
818
650
722
785
780
800
683
771
683
827
681
725
805
834
744
700
797
686
645
800
749
880
692
664
882
764
878
723
871
728
757
866
747
884
744
706
825
773
748
820
765
926
873
798
747
878
871
898
855
840
907
942
899
757
841
941
829
906
815
907
881
921
833
902
971
832
927
893
911
931
799
915
792
929
794
923
897
907
997
782
881
929
894
1004
923
998
986
928
886
825
940
982
810
994
899
858
888
840
929
1002
863
904
1003
814
899
883
961
999
1038
1003
924
909
885
971
1008
966
893
980
857
922
1065
1000
967
854
931
891
930
1040
967
953
1047
964
896
910
1021
990
970
1013
941
1097
892
891
1102
998
923
1104
1084
912
1084
1104
1075
1011
975
1033
991
915
1038
1022
964
1005
1023
1012
1015
968
1001
1037
1161
974
1019
995
975
1160
1007
1117
1048
1148
1032
1028
1029
1002
1030
1148
996
1153
1152
1025
1020
995
1048
1003
1151
1142
1048
1025
1017
1013
1150
1219
1150
1217
1189
1030
1187
1161
1116
1170
1238
1148
1110
1258
1262
1229
1191
1123
1114
1122
1162
1110
1186
1164
1110
1123
1093
1110
1112
1124
1098
1300
1210
1101
1219
1275
1219
1303
1216
1310
1211
1193
1288
1293
1316
1140
1140
1283
1144
1212
1307
1217
1349
1149
1172
1342
1208
1269
1246
1311
1273
1185
1202
1326
1316
1330
1249
1189
1298
1221
1292
1307
1292
1307
1313
1223
1267
1222
1307
1268
1245
1224
1329
1270
1313
1236
1252
1478
1243
1321
1332
1472
1321
1291
1311
1408
1304
1489
1300
1298
1423
1413
1471
1522
1480
1517
1522
1417
1524
1480
1533
1406
1448
1508
1533
1499
1496
1508
1498
1388
1391
1545
1516
1444
1493
1475
1465
1557
1585
1577
1491
1560
1389
1571
1470
1575
1394
1485
1490
1494
1576
1487
1475
1566
1488
1502
1508
1492
1566
1603
1566
1501
1598
1600
1572
1573
1523
1492
1513
1497
1566
1511
1502
1508
1594
1591
1500
1617
1587
1607
1503
1532
1612
1495
1592
1587
1513
1534
1495
1526
1599
1516
1596
1605
1547
1505
1631
1529
1728
1604
1540
1734
1642
1729
1713
1707
1657
1634
1635
1749
1582
1753
1550
1752
1634
1645
1735
1696
1694
1741
1650
1647
1650
1636
1666
1750
1668
1610
1640
1599
1806
1644
1648
1661
1790
1822
1733
1823
1664
1736
1652
1657
1616
1659
1803
1809
1774
1653
1680
1747
1666
1650
1839
1830
1777
1654
1825
1818
1785
1816
1786
1746
1768
1737
1765
1670
1704
1778
1834
1837
1757
1815
1757
1697
1842
1845
1746
1753
1719
1698
1754
1831
1718
1757
1829
1742
1730
1734
1743
1731
1741
1843
1809
1749
1793
1837
1741
1747
1797
1750
1785
1755
1829
1827
1781
1832
1826
1788
1821
1976
1978
1980
1980
1820
1811
1838
1834
1834
1834
1970
1970
1956
1864
1862
2138
2139
2136
2096
2087
2088
2079
2081
2078
2080
2197
2079
2181
2165
2088
2073
2071
2174
2070
2212
2177
2205
2066
2204
2068
2189
2193
2205
2197
2079
2137
2204
2213
2180
2205
2093
2190
2075
2155
2153
2162
2218
2218
2171
2266
2165
2173
2194
2165
2103
2223
2199
2155
2281
2206
2196
2198
2163
2169
2188
2170
2302
2306
2159
2165
2176
2218
2177
2181
2233
2164
2183
2239
2183
2198
2168
2232
2336
2337
2225
2210
2183
2331
2199
2313
2300
2288
2220
2222
2419
2221
2406
2393
2232
2393
2386
2378
2373
2277
2265
2261
2381
2384
2386
2380
2369
2365
2352
2329
2332
2330
2534
2514
2517
2506
2507
2508
2492
2488
2478
2480
2484
2478
2462
2454
2454
2453
2453
2454
2781
2785
2789
2787
2784
2785
2784
2770
2765
2756
12
16
21
6
19
10
5
14
9
6
10
8
12
5
70
13
66
24
26
69
28
86
38
5
78
82
95
68
51
26
124
15
127
113
56
97
49
47
123
109
121
102
24
55
142
37
51
21
51
171
100
176
98
157
52
155
134
71
23
170
147
145
147
199
64
208
55
147
43
37
159
128
56
118
28
168
66
159
120
119
60
113
116
79
82
114
234
118
120
232
234
220
275
238
278
221
206
95
207
284
291
191
274
158
270
290
233
248
294
231
236
153
321
233
306
235
333
230
326
336
327
335
300
315
236
317
351
231
284
311
345
314
315
292
305
280
305
362
291
352
381
282
332
266
349
245
346
290
384
277
391
402
388
351
280
393
414
276
362
292
262
436
395
261
367
409
304
297
405
332
360
331
424
423
410
422
391
401
379
422
368
279
452
281
369
410
466
388
457
333
371
434
412
376
432
287
375
286
485
418
465
372
476
348
446
370
304
353
355
525
494
451
490
418
532
536
473
396
358
531
476
370
470
420
481
436
478
347
464
547
563
414
466
545
550
391
554
578
393
439
566
411
570
489
440
490
577
575
578
470
421
550
437
430
608
426
468
412
431
630
410
595
604
601
607
638
570
639
590
581
588
642
616
641
584
601
633
633
592
590
616
624
616
665
636
600
636
560
613
527
553
619
598
615
614
596
591
512
571
556
614
572
617
572
568
541
638
709
623
626
527
646
552
648
686
586
579
578
638
653
585
747
542
721
725
766
728
728
780
732
777
696
698
734
676
785
642
743
684
744
728
764
762
729
805
766
723
706
813
653
763
777
806
779
815
781
671
682
770
812
814
667
662
692
756
684
831
760
671
893
816
843
844
765
827
828
908
842
829
817
857
912
820
796
783
796
853
915
912
848
806
780
897
855
774
859
865
908
853
898
852
746
845
869
765
910
890
867
870
829
856
869
794
896
797
916
878
824
869
868
847
871
873
1006
1003
856
1015
872
818
819
883
1013
879
907
888
1021
884
1051
888
1033
1019
864
1023
884
881
1041
881
898
876
1056
860
870
902
929
1057
1052
874
1042
1042
963
883
1057
1083
1050
942
943
956
1033
961
1035
1085
1057
927
1055
1043
972
945
1035
932
1047
1141
1107
985
1104
1039
970
1115
988
942
1119
1106
1136
1094
1044
964
988
1029
969
972
1022
1141
971
991
1088
995
1072
1083
1155
1126
1122
1084
989
1165
1083
1081
1034
999
1013
1061
1177
1230
1011
1091
1061
1073
1146
1181
1112
1070
1083
1050
1035
1173
1169
1194
1132
1120
1064
1149
1100
1144
1113
1072
1201
1067
1119
1111
1297
1196
1156
1233
1151
1196
1149
1197
1292
1215
1236
1113
1217
1159
1184
1115
1205
1116
1159
1225
1207
1236
1239
1179
1251
1234
1238
1225
1238
1325
1237
1213
1231
1212
1172
1173
1241
1176
1201
1336
1189
1382
1380
1179
1193
1384
1365
1176
1369
1313
1345
1347
1336
1405
1298
1214
1219
1209
1220
1341
1277
1298
1408
1272
1392
1336
1394
1434
1291
1401
1290
1447
1405
1451
1343
1315
1409
1403
1299
1378
1320
1355
1464
1263
1467
1383
1316
1267
1302
1296
1372
1476
1389
1479
1399
1348
1284
1385
1350
1384
1499
1385
1320
1431
1490
1425
1395
1357
1372
1520
1520
1365
1342
1367
1420
1425
1527
1422
1395
1338
1385
1385
1388
1467
1540
1399
1539
1362
1403
1418
1407
1398
1442
1458
1447
1397
1441
1418
1465
1409
1399
1435
1418
1416
1471
1573
1572
1428
1575
1450
1431
1623
1420
1460
1547
1445
1433
1467
1465
1463
1441
1445
1617
1596
1461
1566
1589
1481
1480
1477
1468
1529
1601
1517
1583
1578
1584
1496
1655
1502
1489
1504
1573
1661
1719
1562
1497
1597
1505
1600
1515
1543
1516
1541
1736
1532
1740
1722
1731
1733
1736
1730
1734
1736
1739
1584
1579
1739
1719
1755
1712
1643
1728
1643
1726
1725
1636
1687
1691
1627
1687
1720
1624
1717
1629
1709
1692
1848
1843
1695
1842
1718
1662
1701
1664
1808
1708
1702
1834
1702
1819
1818
1815
1703
1803
1837
1830
1812
1798
1780
1724
1788
1726
1730
1789
1883
1735
1887
1743
1888
1968
1744
1968
1899
1968
1891
1894
1962
1891
1869
1982
1857
1860
1850
1919
1819
1914
1912
1907
1882
1869
2064
1873
2013
1864
1991
1874
2081
1865
2077
2003
2005
1893
2003
2070
2001
1888
2074
2070
1976
1976
1969
2082
1965
2092
2080
1957
1955
1958
2083
2083
2058
1974
2060
2062
2058
2052
2051
2047
2050
2053
2053
2047
2051
2055
2054
2055
2049
2051
2291
2287
2290
2293
2287
2260
2261
2244
2208
2189
2160
2164
2493
2497
2478
2481
2473
2469
2463
2441
2433
2424
2426
2429
2414
2415
2404
2399
2394
2388
2906
2903
2900
2909
2900
2891
2895
2908
2883
2875
2878
2952
2885
2950
2884
2888
2955
2889
2875
2956
2863
2853
2866
2851
2968
2917
2875
2918
2858
2863
2912
2887
2888
2886
2864
2882
2902
2905
2865
2887
2876
2873
2891
2860
2856
2842
2882
2871
2900
2907
2908
2876
2897
2884
2908
2898
3221
3212
3205
3193
3169
3173
3172
3164
3099
3072
3069
3072
3073
3190
3179
3178
3178
3174
3132
3131
3688
3643
3647
3645
3647
3642
3634
3636
3639
3632
3636
3607
3604
3604
3588
3589
3573
3576
8
15
6
21
18
6
21
5
11
18
6
14
11
15
23
5
22
9
15
5
75
35
14
5
25
11
99
89
95
90
14
113
13
23
17
10
102
5
20
105
35
135
85
113
139
14
134
30
143
128
157
128
113
27
165
31
130
46
96
157
148
144
99
83
155
188
87
152
150
142
188
96
68
140
164
207
150
214
75
201
114
202
201
215
110
225
113
187
230
205
188
224
199
111
228
102
185
211
224
208
177
213
205
278
144
86
282
250
200
242
209
131
271
204
128
178
156
271
250
274
115
269
120
261
185
188
282
184
262
108
129
270
189
277
132
288
119
283
261
328
323
351
309
294
234
298
268
350
271
303
213
305
227
305
314
304
233
215
352
295
324
354
397
243
228
365
234
260
311
261
383
303
249
375
410
321
398
314
251
371
345
286
445
327
343
235
251
348
240
460
342
332
291
276
465
390
465
382
411
276
394
448
375
391
475
392
353
495
462
444
483
391
380
348
451
382
407
441
405
352
435
467
448
460
537
358
362
439
400
364
450
421
443
438
387
387
388
412
416
365
570
455
545
391
399
570
442
376
542
395
518
450
383
565
388
381
380
384
395
439
573
523
603
588
590
630
590
529
526
633
627
611
537
610
489
587
548
651
555
652
649
594
563
537
593
534
563
513
635
636
545
551
581
534
606
590
571
747
571
574
530
631
564
604
635
657
765
753
641
740
775
770
718
569
747
649
720
795
719
755
585
764
736
645
645
718
632
818
739
728
727
826
659
715
707
781
710
652
623
822
650
730
827
841
816
726
666
739
803
793
683
799
698
672
757
657
725
832
724
861
709
838
697
746
829
728
871
897
875
707
903
733
906
843
705
848
749
706
914
866
730
865
925
754
794
857
727
791
725
745
776
849
870
808
859
785
778
784
858
756
847
892
795
850
794
879
800
796
829
903
817
986
866
962
870
805
787
965
969
818
959
824
869
1010
843
961
937
961
988
809
1024
843
988
945
990
955
877
950
945
1003
998
1031
996
1011
985
954
1035
926
966
974
955
973
1000
968
1071
977
1073
928
1073
927
1009
1017
955
984
921
914
1008
1077
917
1111
963
1014
1084
918
1016
949
1077
1058
1063
958
932
1120
953
1023
1065
1024
1022
1063
1030
1071
1134
1035
1154
1036
1123
1024
969
1054
1144
970
1034
1036
1052
1071
1025
1154
970
1080
1158
988
1045
1049
1040
1164
1040
1150
1018
1082
1078
1059
1162
1078
1001
1054
1088
1052
1169
1165
1167
1047
1202
1012
1223
1225
1087
1219
1209
1045
1196
1091
1180
1050
1197
1160
1177
1084
1158
1105
1249
1103
1090
1171
1217
1068
1168
1155
1156
1087
1258
1078
1103
1231
1263
1162
1211
1115
1090
1156
1180
1160
1203
1139
1149
1126
1146
1198
1256
1283
1141
1266
1285
1198
1191
1190
1182
1152
1351
1132
1279
1255
1239
1143
1173
1236
1173
1335
1247
1180
1222
1309
1312
1200
1230
1308
1223
1200
1201
1309
1186
1272
1313
1306
1234
1286
1236
1311
1217
1332
1336
1315
1301
1373
1288
1262
1292
1266
1297
1262
1306
1384
1302
1293
1401
1304
1243
1355
1396
1302
1358
1306
1316
1287
1305
1365
1285
1309
1412
1313
1316
1278
1296
1310
1419
1291
1297
1416
1319
1368
1317
1298
1445
1298
1447
1415
1361
1451
1346
1424
1333
1330
1378
1333
1433
1377
1388
1357
1371
1442
1370
1472
1475
1391
1465
1368
1367
1458
1401
1369
1373
1372
1477
1470
1465
1479
1473
1577
1467
1479
1470
1581
1472
1480
1467
1590
1591
1580
1493
1477
1589
1473
1488
1491
1469
1584
1562
1657
1478
1496
1460
1617
1620
1540
1610
1698
1696
1596
1550
1581
1544
1684
1490
1597
1657
1684
1683
1539
1506
1708
1536
1711
1592
1534
1534
1669
1672
1676
1607
1550
1600
1680
1678
1615
1612
1658
1599
1556
1658
1586
1637
1607
1708
1586
1709
1788
1789
1781
1745
1627
1783
1627
1665
1745
1711
1629
1715
1786
1623
1628
1780
1682
1725
1751
1675
1838
1783
1630
1807
1633
1775
1764
1814
1649
1765
1653
1815
1750
1751
1794
1818
1802
1745
1804
1759
1804
1720
1723
1809
1763
1788
1762
1822
1788
1780
1745
1745
1790
1745
1835
1932
1787
1751
1768
1813
1783
1787
1814
1939
1777
1856
1964
1813
1758
1804
1945
1788
1792
1857
1796
1850
1836
1992
1833
1971
1927
1840
1903
1830
1995
1820
1886
1823
1887
1833
2007
2004
1888
1843
1972
1833
1953
1852
1943
1903
1943
1903
2077
1870
1897
1874
1878
2077
1878
1911
1919
1923
2108
2071
1921
1900
1899
2075
1907
1905
2120
2121
2086
2003
1919
1992
2066
2124
2124
2039
2156
2121
2003
2002
2115
2055
2121
2037
1989
2169
2026
2019
2107
2191
2137
2146
2006
2013
2199
2122
2189
2123
2102
2104
2165
2205
2186
2163
2184
2117
2121
2117
2159
2129
2164
2102
2127
2155
2131
2130
2175
2107
2136
2107
2114
2132
2119
2086
2121
2108
2092
2126
2112
2116
2198
2201
2186
2157
2183
2167
2170
2170
2164
2153
2185
2182
2364
2178
2152
2180
2175
2350
2340
2342
2188
2320
2303
2303
2306
2305
2308
2311
2289
2288
2234
2237
2236
2662
2608
2607
2604
2514
2514
2511
2514
2830
2833
2813
2804
2786
2790
2764
2730
2707
2705
2702
2665
5
12
5
17
30
24
7
20
17
11
22
5
16
41
7
5
9
13
5
18
12
44
84
5
9
17
53
5
92
96
51
19
82
106
24
104
21
100
87
103
94
37
21
122
35
91
94
26
139
84
139
132
16
5
95
90
98
106
5
145
95
34
149
20
180
13
156
183
161
176
178
13
106
134
172
173
120
145
158
141
117
113
28
24
15
125
101
222
128
231
19
234
29
231
116
170
103
117
188
112
98
221
262
183
243
243
55
247
56
258
121
258
125
255
243
263
286
278
261
259
268
196
256
234
176
122
223
294
120
256
237
214
305
162
293
160
262
242
140
263
245
246
308
233
246
263
329
241
217
299
141
257
217
342
260
319
251
249
323
153
359
320
255
230
315
360
345
340
234
317
261
344
330
313
342
229
251
250
226
203
305
340
261
322
252
306
307
212
386
273
389
412
299
265
225
227
271
448
391
275
456
279
271
457
450
313
439
448
283
389
275
310
475
394
487
483
440
473
459
496
449
502
370
504
433
526
473
525
504
473
372
449
532
539
481
554
485
457
530
516
526
532
518
451
451
564
497
453
512
568
505
566
520
568
535
493
578
466
576
543
529
482
503
564
468
497
555
583
473
562
499
469
574
511
446
578
566
574
607
526
574
589
497
577
583
585
550
581
584
641
576
593
529
565
516
486
564
491
630
504
631
557
589
609
591
592
641
572
590
637
555
543
551
514
571
572
639
594
598
572
723
599
571
712
621
550
644
610
594
607
653
640
659
626
650
596
599
653
609
613
591
558
611
591
582
598
599
577
567
694
580
694
726
718
700
713
617
738
621
691
741
683
605
821
675
728
693
700
769
747
757
634
827
789
827
755
758
684
743
702
696
730
735
720
692
725
733
717
729
698
757
698
731
693
755
726
768
827
710
676
766
764
679
700
795
769
701
770
749
701
697
709
760
730
798
796
826
820
771
824
954
956
809
773
822
766
804
810
965
807
927
827
913
779
994
776
827
972
969
992
998
962
907
832
880
984
990
975
1006
888
959
840
831
961
962
951
1029
950
1020
904
1023
927
975
1036
969
1011
1034
855
1012
959
957
990
957
1009
867
1000
971
900
964
970
996
1056
971
1072
958
1074
1001
896
1068
981
977
1068
1065
1073
990
1027
898
912
1036
1032
980
1013
994
1014
975
1090
1059
987
1013
1044
1005
1155
1009
1137
993
1133
1113
1118
1094
1064
975
994
957
1171
1173
1065
981
1101
1109
1101
1169
1030
1113
1011
1110
1053
1038
1192
1007
1032
1117
1109
1191
1086
1212
1030
1209
1183
1029
1080
1022
1033
1215
1084
1200
1032
1202
1052
1238
1236
1236
1060
1191
1191
1070
1143
1215
1207
1140
1216
1075
1207
1155
1149
1191
1098
1151
1212
1155
1222
1232
1170
1213
1149
1288
1202
1222
1291
1171
1123
1221
1162
1300
1117
1230
1222
1209
1248
1234
1231
1232
1317
1211
1140
1304
1199
1244
1179
1203
1197
1256
1186
1230
1177
1229
1236
1251
1400
1233
1184
1221
1228
1260
1195
1225
1404
1393
1225
1246
1329
1239
1385
1279
1330
1228
1353
1220
1256
1334
1358
1262
1331
1240
1269
1272
1416
1266
1262
1271
1258
1382
1416
1384
1267
1346
1348
1269
1333
1279
1328
1332
1334
1362
1335
1408
1407
1344
1408
1322
1461
1411
1460
1355
1409
1406
1447
1409
1365
1550
1445
1430
1561
1406
1560
1536
1537
1375
1361
1510
1557
1463
1559
1520
1458
1523
1374
1469
1463
1553
1449
1469
1445
1562
1482
1560
1468
1549
1435
1470
1571
1569
1455
1483
1633
1455
1443
1461
1631
1438
1624
1630
1598
1539
1540
1543
1609
1540
1652
1655
1623
1621
1596
1556
1690
1553
1694
1605
1607
1678
1609
1555
1544
1682
1686
1586
1713
1717
1703
1582
1699
1696
1680
1776
1709
1573
1713
1601
1584
1588
1771
1748
1685
1738
1690
1693
1716
1822
1720
1795
1673
1696
1797
1771
1781
1736
1738
1729
1733
1650
1684
1711
1706
1736
1742
1730
1716
1824
1818
1723
1815
1690
1732
1733
1822
1845
1838
1831
1836
1743
1869
1816
1742
1833
1820
1732
1890
1888
1821
1873
1822
1808
1978
1810
1875
1878
1818
1975
1875
1984
1972
1873
1963
1897
1982
1912
1893
1887
1868
1863
1927
1859
2058
1857
2046
1901
1942
2033
1885
2035
1854
1955
1942
1917
1944
2043
2078
1874
2008
1945
2006
2080
1928
1932
1934
1925
2017
2002
1910
1997
1945
2105
2104
2087
1999
2083
1959
1951
2078
2013
1986
1960
1971
2092
1968
2162
2160
2099
1979
1979
2172
2147
2103
2102
2099
2155
2094
2098
2061
2139
2136
2135
2071
2143
2147
2081
2071
2071
2158
2075
2079
2166
2137
2122
2126
2129
2130
2124
2115
2342
2345
2345
2343
2308
2304
2304
2300
2295
2289
2293
2292
2268
2208
2420
2204
2427
2421
2422
2420
2422
2423
2408
2401
2402
2405
2406
2364
2328
2322
2297
2283
2703
2705
2697
2658
2644
2647
2649
2650
2651
2653
2639
2621
2617
2582
2578
2573
2576
2798
2766
2769
2744
2747
2740
2835
2739
2734
2690
2824
2680
2655
2831
2805
2775
2776
2763
2766
2768
2767
2754
2750
2740
2734
2727
2723
2716
3481
3460
3454
3451
3454
3449
3448
3434
3430
3393
3374
3368
3368
3371
3369
