5 0
10 63.31
15 8.45
20 6.1
25 4.11
30 2.94
35 2.05
40 1.66
45 1.61
50 0.97
55 0.73
60 0.65
65 0.65
70 0.55
75 0.42
80 0.46
85 0.33
90 0.35
95 0.32
100 0.21
105 0.22
110 0.18
115 0.17
120 0.18
125 0.12
130 0.21
135 0.2
140 0.14
145 0.15
150 0.1
155 0.1
160 0.1
165 0.07
170 0.04
175 0.06
180 0.05
185 0.05
190 0.09
195 0.08
200 0.1
205 0.04
210 0.03
215 0.06
220 0.04
225 0.05
230 0.04
235 0.06
240 0.03
245 0.01
250 0.05
255 0.05
260 0.02
265 0.03
270 0.05
275 0.01
280 0.02
285 0.01
290 0.01
295 0.01
300 0.05
305 0.03
310 0.03
315 0.03
320 0.03
325 0.04
330 0
335 0
340 0.02
345 0.02
350 0.02
355 0
360 0.01
365 0.01
370 0
375 0.01
380 0.01
385 0
390 0.03
395 0.03
400 0.01
405 0.02
410 0.01
415 0.01
420 0
425 0.02
430 0.02
435 0.02
440 0.02
445 0.01
450 0
455 0
460 0
465 0
470 0.02
475 0
480 0.01
485 0.03
490 0
495 0
4939 0.53
5 0
10 62.82
15 8.78
20 6.51
25 4.16
30 3.28
35 2
40 1.66
45 1.33
50 1.17
55 0.82
60 0.71
65 0.64
70 0.48
75 0.56
80 0.49
85 0.26
90 0.26
95 0.15
100 0.2
105 0.27
110 0.2
115 0.25
120 0.18
125 0.18
130 0.16
135 0.1
140 0.1
145 0.1
150 0.1
155 0.1
160 0.1
165 0.07
170 0.07
175 0.05
180 0.07
185 0.11
190 0.08
195 0.02
200 0.05
205 0.03
210 0.03
215 0.03
220 0.05
225 0.03
230 0.02
235 0.05
240 0.06
245 0.02
250 0.04
255 0.05
260 0.04
265 0.01
270 0.03
275 0.02
280 0.05
285 0.02
290 0.02
295 0
300 0.03
305 0.02
310 0.03
315 0.01
320 0.03
325 0.02
330 0.03
335 0.01
340 0.03
345 0
350 0
355 0.03
360 0.03
365 0
370 0.01
375 0.01
380 0
385 0.01
390 0
395 0.01
400 0
405 0.01
410 0.02
415 0
420 0.01
425 0.02
430 0
435 0
440 0.01
445 0.01
450 0.02
455 0.01
460 0.01
465 0
470 0
475 0
480 0.01
485 0.02
490 0.02
495 0
1468 0.28
5 0
10 63.11
15 8.55
20 6.3
25 4.01
30 3.12
35 1.89
40 1.75
45 1.17
50 1.01
55 0.83
60 0.59
65 0.44
70 0.62
75 0.42
80 0.28
85 0.27
90 0.35
95 0.31
100 0.26
105 0.11
110 0.18
115 0.25
120 0.23
125 0.19
130 0.11
135 0.18
140 0.21
145 0.12
150 0.13
155 0.13
160 0.11
165 0.07
170 0.05
175 0.1
180 0.07
185 0.09
190 0.06
195 0.09
200 0.05
205 0.07
210 0.06
215 0.09
220 0.07
225 0.03
230 0.01
235 0.07
240 0.03
245 0.06
250 0.03
255 0.04
260 0.03
265 0.01
270 0.03
275 0.06
280 0.02
285 0.02
290 0.03
295 0.02
300 0.03
305 0.05
310 0.03
315 0.01
320 0.03
325 0.01
330 0.04
335 0
340 0.02
345 0
350 0
355 0.01
360 0.05
365 0.01
370 0
375 0
380 0.01
385 0.02
390 0.02
395 0.03
400 0.01
405 0.01
410 0.01
415 0.01
420 0
425 0.01
430 0.01
435 0.02
440 0
445 0
450 0.04
455 0.01
460 0
465 0.02
470 0
475 0.01
480 0
485 0.03
490 0
495 0.02
5488 0.83
5 0
10 63.64
15 8.45
20 6.06
25 4.25
30 2.84
35 2.26
40 1.72
45 1.29
50 1.06
55 0.78
60 0.76
65 0.53
70 0.5
75 0.63
80 0.47
85 0.35
90 0.33
95 0.26
100 0.16
105 0.28
110 0.17
115 0.18
120 0.18
125 0.17
130 0.1
135 0.16
140 0.09
145 0.06
150 0.12
155 0.07
160 0.09
165 0.08
170 0.07
175 0.06
180 0.09
185 0.03
190 0.09
195 0.1
200 0.05
205 0.03
210 0.05
215 0.04
220 0.02
225 0.04
230 0.03
235 0.03
240 0.06
245 0.03
250 0.04
255 0.03
260 0.01
265 0.05
270 0.04
275 0.04
280 0
285 0.03
290 0.05
295 0
300 0.02
305 0.01
310 0.02
315 0.01
320 0.02
325 0
330 0.02
335 0
340 0.01
345 0.05
350 0.03
355 0.02
360 0.01
365 0.02
370 0.01
375 0.02
380 0.01
385 0.02
390 0.01
395 0.01
400 0.02
405 0.04
410 0.02
415 0
420 0
425 0.01
430 0
435 0.01
440 0
445 0
450 0
455 0
460 0.01
465 0.01
470 0
475 0.01
480 0.02
485 0
490 0.01
495 0.01
2605 0.31
5 0
10 65.46
15 8.24
20 6.48
25 3.79
30 2.93
35 1.87
40 1.51
45 1.38
50 0.88
55 0.73
60 0.69
65 0.51
70 0.4
75 0.55
80 0.41
85 0.29
90 0.23
95 0.19
100 0.12
105 0.18
110 0.12
115 0.18
120 0.2
125 0.2
130 0.15
135 0.17
140 0.12
145 0.05
150 0.15
155 0.09
160 0.1
165 0.03
170 0.07
175 0.09
180 0.04
185 0.07
190 0.06
195 0.06
200 0.02
205 0.08
210 0.05
215 0.02
220 0.06
225 0.03
230 0.05
235 0.03
240 0.06
245 0.02
250 0.01
255 0.01
260 0.02
265 0.02
270 0.01
275 0.02
280 0.03
285 0.07
290 0.06
295 0.01
300 0.02
305 0.01
310 0
315 0.01
320 0.01
325 0.01
330 0
335 0.03
340 0
345 0.02
350 0
355 0.01
360 0.01
365 0.01
370 0
375 0
380 0.01
385 0
390 0.01
395 0.02
400 0
405 0.01
410 0.02
415 0.01
420 0.01
425 0
430 0.01
435 0
440 0.01
445 0.01
450 0
455 0.01
460 0
465 0.01
470 0.01
475 0
480 0
485 0.01
490 0
495 0
1613 0.23
