4
4
4
8
8
8
12
12
12
16
16
16
20
20
20
24
24
24
28
28
28
32
32
32
36
36
36
40
40
40
44
44
44
48
48
48
52
52
52
56
56
56
60
60
60
64
64
64
68
68
68
72
72
72
76
76
76
80
80
80
84
84
84
87
87
88
91
91
91
95
95
95
99
99
99
103
103
103
107
107
107
111
111
111
115
115
115
119
119
119
123
123
123
127
127
127
131
131
131
135
135
135
139
139
139
143
143
143
147
147
147
151
151
151
155
155
155
159
159
159
163
163
163
167
167
167
171
171
171
174
175
177
181
181
183
185
189
191
192
193
197
201
201
201
206
209
216
217
219
223
224
236
240
247
250
259
267
274
282
17
25
26
28
28
43
52
49
20
69
58
58
21
15
14
31
43
15
21
78
35
15
26
107
35
20
59
4
10
35
55
22
40
76
70
66
24
71
42
152
67
17
44
72
25
58
52
103
51
7
23
25
16
92
47
55
14
49
28
64
27
48
5
84
63
102
66
5
4
83
88
47
30
5
31
50
20
54
46
73
59
78
139
43
20
69
59
48
39
61
13
116
12
135
146
57
122
65
75
129
77
81
44
6
53
43
54
142
65
110
77
19
32
130
145
193
210
16
23
35
44
31
54
81
106
5
30
17
21
11
15
27
31
50
14
18
94
98
33
37
10
48
14
52
28
32
8
17
22
56
59
72
24
123
26
88
4
34
4
90
4
8
50
56
39
47
71
102
70
78
17
27
118
107
136
32
41
46
57
12
25
16
31
4
7
22
76
45
83
65
57
20
78
13
46
25
121
54
19
61
155
90
53
187
99
15
53
78
21
33
24
57
18
66
27
47
87
46
67
137
151
52
64
205
5
216
8
120
63
276
280
36
72
40
77
36
44
64
345
73
138
19
148
17
32
104
58
31
39
121
76
60
13
206
35
85
231
24
42
114
79
272
64
74
151
15
44
4
33
9
27
32
39
44
20
6
50
55
36
16
5
9
8
54
37
9
39
6
51
36
16
37
85
55
72
87
101
51
49
64
59
43
52
161
167
58
63
114
119
231
20
60
45
26
67
50
55
61
32
46
126
141
29
22
29
47
41
51
42
86
95
65
17
108
9
44
136
18
49
51
83
4
4
4
8
8
8
12
12
12
16
16
16
20
20
20
24
24
24
28
28
28
32
32
32
36
36
36
40
40
40
44
44
44
48
48
48
52
52
52
56
56
56
60
60
60
64
64
64
68
68
68
72
72
72
76
76
76
80
80
80
84
84
84
87
87
88
91
91
91
95
95
95
99
99
99
103
103
103
107
107
107
111
111
111
115
115
115
119
119
119
123
123
123
127
127
127
131
131
131
135
135
135
139
139
139
143
143
143
147
147
147
151
151
151
155
155
155
159
159
159
163
163
163
167
167
167
170
171
171
175
175
175
180
180
182
185
188
190
194
198
199
203
204
206
208
212
212
214
216
217
221
223
233
238
240
241
243
246
257
260
267
269
272
276
281
286
297
298
305
309
316
327
339
346
365
372
376
383
406
5
7
16
26
18
8
19
23
11
61
22
46
58
11
34
23
28
11
84
35
89
40
52
75
61
17
51
122
73
17
51
11
160
108
23
10
26
6
61
20
12
32
56
58
18
61
35
46
37
91
214
39
65
4
69
19
78
91
38
14
33
51
84
102
43
107
108
71
14
74
74
20
16
23
89
18
39
26
48
86
123
115
125
105
116
33
10
50
17
21
169
21
38
18
55
193
64
46
46
71
84
19
239
101
89
12
55
88
123
38
38
279
47
28
135
12
69
307
22
55
89
33
42
90
104
9
31
44
53
65
161
67
170
75
105
37
42
234
137
240
146
298
308
360
373
10
6
23
58
16
34
5
23
13
18
8
4
7
26
12
35
43
54
5
13
37
20
45
5
17
5
60
18
46
44
49
5
62
20
12
17
33
38
10
15
4
28
33
42
9
47
49
54
55
60
60
66
66
48
20
73
57
30
56
26
125
67
40
140
51
69
122
18
14
13
39
63
55
89
35
62
127
31
65
24
7
57
41
28
92
5
66
21
44
63
32
51
4
11
22
60
15
17
68
31
47
55
7
14
35
39
54
57
78
81
30
8
36
15
39
49
36
47
41
55
42
57
10
47
68
56
13
111
55
36
21
18
62
45
31
64
61
82
37
97
113
12
69
148
45
35
103
184
34
78
6
9
75
28
216
78
4
37
40
125
56
57
16
106
267
31
58
288
49
40
54
71
30
38
108
115
4
4
4
8
8
8
12
12
12
16
16
16
20
20
20
24
24
24
28
28
28
32
32
32
36
36
36
40
40
40
44
44
44
48
48
48
52
52
52
56
56
56
60
60
60
64
64
64
68
68
68
72
72
72
76
76
76
80
80
80
84
84
84
87
87
88
91
91
91
95
95
95
99
99
99
103
103
103
107
107
107
111
111
111
115
115
115
119
119
119
123
123
123
127
127
127
131
131
131
135
135
135
139
139
139
143
143
143
147
147
147
151
151
151
155
155
155
159
159
159
163
163
163
167
167
167
171
171
172
176
178
183
185
185
187
189
191
193
194
197
198
205
209
211
216
217
221
227
232
239
241
247
251
253
262
267
269
276
286
290
306
309
323
336
346
353
373
376
390
403
413
420
443
467
16
23
30
26
37
28
23
11
37
5
65
24
25
67
6
19
24
23
10
45
35
31
56
33
45
42
36
44
38
78
62
49
60
77
68
66
11
16
85
16
23
49
54
39
28
33
15
20
42
47
142
16
73
147
22
78
80
43
70
96
39
170
34
60
7
74
14
79
61
13
35
220
108
45
58
253
284
11
18
321
41
35
61
41
348
61
61
4
12
54
23
28
69
7
19
4
29
41
10
27
60
38
70
57
64
70
131
15
59
53
40
79
7
124
118
15
105
55
18
73
189
183
81
120
83
248
184
147
32
56
23
96
9
120
57
4
88
13
161
74
63
24
122
70
27
154
15
79
227
129
90
58
93
80
292
16
4
194
20
157
125
53
56
40
46
71
37
44
13
42
21
4
53
16
5
26
50
41
44
69
63
56
33
107
56
20
44
13
44
8
19
43
17
52
78
45
57
52
81
112
109
149
16
24
54
65
26
88
19
20
4
68
27
30
18
21
62
98
66
101
50
10
92
96
27
34
50
15
35
19
38
30
19
46
34
22
34
29
104
40
93
98
53
57
99
23
26
163
168
21
28
5
12
58
62
230
234
238
54
58
12
16
300
304
4
9
79
87
366
375
20
32
57
50
70
432
66
14
86
452
61
496
44
82
520
23
69
29
51
8
564
9
110
61
43
600
46
31
74
630
86
58
8
117
674
18
142
105
56
124
69
194
206
179
262
268
4
327
332
64
56
396
58
120
122
185
4
4
4
8
8
8
12
12
12
16
16
16
20
20
20
24
24
24
28
28
28
32
32
32
36
36
36
40
40
40
44
44
44
48
48
48
52
52
52
56
56
56
60
60
60
64
64
64
68
68
68
72
72
72
76
76
76
80
80
80
84
84
84
87
87
88
91
91
91
95
95
95
99
99
99
103
103
103
107
107
107
111
111
111
115
115
115
119
119
119
123
123
123
127
127
127
131
131
131
135
135
135
139
139
139
143
143
143
147
147
147
151
151
151
155
155
155
159
159
159
163
163
163
167
167
167
171
171
176
177
178
183
185
186
187
190
192
194
195
197
202
203
208
209
216
219
220
227
230
231
234
245
253
256
260
268
289
301
315
323
327
335
356
382
390
420
446
9
14
9
9
24
14
27
32
44
39
8
39
63
19
12
25
72
42
13
76
42
38
60
34
54
111
67
14
13
70
61
91
95
39
86
112
164
9
46
7
70
60
83
55
59
65
68
31
177
37
182
77
34
48
37
49
54
77
56
60
41
68
52
19
45
31
60
18
45
34
120
64
51
111
19
143
87
77
138
65
36
177
64
19
52
34
64
28
33
57
61
6
33
46
60
101
6
47
65
70
111
129
134
175
43
58
63
12
17
36
43
11
16
57
64
60
111
80
128
128
144
193
4
56
68
35
6
44
22
51
31
59
130
68
31
34
38
44
95
4
8
4
8
12
16
13
24
10
68
14
81
21
32
67
6
49
76
56
81
13
16
4
71
23
28
146
7
18
156
38
30
49
41
52
65
11
71
59
54
31
70
93
46
78
108
8
74
79
139
27
49
113
31
114
176
64
66
147
101
185
30
52
25
45
20
45
38
96
9
15
62
111
28
64
43
75
170
52
6
10
138
142
8
13
40
48
24
33
53
41
65
7
54
23
31
90
48
26
73
44
7
12
34
50
28
22
54
61
92
90
122
154
187
17
19
36
47
16
57
5
24
65
17
12
49
63
39
5
55
84
75
63
101
115
58
140
5
30
150
135
39
66
69
214
56
46
119
30
110
60
18
63
184
95
57
125
83
128
249
160
122
9
50
148
193
315
74
114
64
178
127
41
4
46
51
42
50
52
61
65
9
77
108
15
70
25
114
4
87
22
68
68
87
4
4
4
8
8
8
12
12
12
16
16
16
20
20
20
24
24
24
28
28
28
32
32
32
36
36
36
40
40
40
44
44
44
48
48
48
52
52
52
56
56
56
60
60
60
64
64
64
68
68
68
72
72
72
76
76
76
80
80
80
84
84
84
87
87
88
91
91
91
95
95
95
99
99
99
103
103
103
107
107
107
111
111
111
115
115
115
119
119
119
123
123
123
127
127
127
131
131
131
135
135
135
139
139
139
143
143
143
147
147
147
151
151
151
155
155
155
159
159
159
163
163
163
167
167
167
170
171
171
176
177
179
180
183
187
187
189
191
194
195
199
201
206
210
214
216
226
230
241
280
7
18
14
28
17
31
43
9
4
43
12
60
60
65
18
51
23
9
5
14
60
10
38
77
66
82
16
22
5
122
21
67
10
45
48
29
74
67
17
48
20
32
81
32
70
48
92
78
55
114
118
49
7
52
6
21
26
24
30
51
29
104
60
4
164
39
152
15
35
178
79
50
76
92
16
72
9
8
29
31
144
29
65
46
55
169
46
19
75
37
26
78
25
59
73
65
56
11
49
13
6
29
57
42
59
12
6
110
22
125
64
77
86
142
150
10
15
18
22
5
63
43
49
13
21
5
15
47
59
35
49
14
35
99
62
54
8
27
12
33
41
4
67
24
44
4
16
59
78
38
51
5
4
111
115
41
34
38
15
154
42
15
46
19
6
10
187
191
26
82
30
43
224
76
80
10
113
13
17
43
146
32
178
66
11
210
25
38
50
252
4
275
45
279
37
13
17
71
50
63
5
8
44
12
20
7
11
44
7
45
70
27
17
13
51
35
14
65
34
101
9
117
59
169
73
15
24
32
5
39
26
30
33
35
4
7
92
71
32
100
61
13
96
27
126
21
18
78
92
32
86
83
96
15
6
27
79
70
91
37
62
134
156
101
65
127
16
199
54
39
221
131
81
264
119
104
39
287
103
7
45
4
31
44
34
49
73
111
117
52
71
60
116
47
55
55
65
25
37
112
120
12
24
51
31
48
65
53
47
66
73
22
31
22
56
29
64
52
66
14
23
87
47
54
123
27
10
18
69
37
43
92
86
137
107
154
170
219
233
284
296
349
359
414
422
479
485
544
548
609
4
4
4
8
8
8
12
12
12
16
16
16
20
20
20
24
24
24
28
28
28
32
32
32
36
36
36
40
40
40
44
44
44
48
48
48
52
52
52
56
56
56
60
60
60
64
64
64
68
68
68
72
72
72
76
76
76
80
80
80
84
84
84
87
87
88
91
91
91
95
95
95
99
99
99
103
103
103
107
107
107
111
111
111
115
115
115
119
119
119
123
123
123
127
127
127
131
131
131
135
135
135
139
139
139
143
143
143
147
147
147
151
151
151
155
155
155
159
159
159
163
163
163
167
167
167
171
171
174
174
177
179
182
183
184
187
187
192
194
194
196
199
202
207
211
210
212
218
225
227
228
235
237
239
242
246
251
255
262
269
275
276
292
301
309
339
365
373
403
429
23
6
11
18
32
52
8
35
10
49
4
62
4
62
16
37
56
26
42
56
24
5
48
54
21
22
57
36
38
34
68
46
56
90
63
72
22
25
10
50
15
42
57
51
106
115
117
77
89
51
50
37
65
14
69
58
39
6
62
64
117
8
34
29
22
40
152
49
71
68
59
184
88
223
247
14
25
37
291
71
41
56
4
9
53
35
47
63
103
54
58
34
38
7
12
52
60
18
27
116
128
82
95
180
22
196
39
6
246
26
19
40
18
33
12
58
61
51
28
4
20
32
35
60
36
58
13
45
11
30
18
47
61
14
14
61
41
38
41
11
110
84
41
28
63
7
59
43
65
56
67
65
23
28
7
88
6
23
30
7
70
16
67
77
27
39
13
27
132
148
22
40
196
4
5
87
216
33
26
27
57
264
290
327
38
26
65
55
41
23
91
72
56
126
154
4
9
36
194
46
68
23
5
18
65
49
9
67
69
27
4
9
13
51
67
47
63
10
50
24
62
25
35
8
56
16
62
53
57
39
43
120
40
125
48
105
114
184
106
196
11
171
24
185
13
233
60
48
8
256
72
54
299
79
41
327
35
70
365
25
67
7
398
61
101
44
431
141
472
165
34
495
54
212
231
36
546
52
104
116
32
41
16
25
4
24
178
27
33
186
34
39
69
92
73
12
251
15
20
24
20
26
62
70
79
54
8
31
66
45
63
52
67
25
42
7
33
26
54
90
5
6
27
30
69
38
8
66
46
102
4
4
4
8
8
8
12
12
12
16
16
16
20
20
20
24
24
24
28
28
28
32
32
32
36
36
36
40
40
40
44
44
44
48
48
48
52
52
52
56
56
56
60
60
60
64
64
64
68
68
68
72
72
72
76
76
76
80
80
80
84
84
84
87
87
88
91
91
91
95
95
95
99
99
99
103
103
103
107
107
107
111
111
111
115
115
115
119
119
119
123
123
123
127
127
127
131
131
131
135
135
135
139
139
139
143
143
143
147
147
147
151
151
151
155
155
155
159
159
159
163
163
163
167
167
167
171
171
175
176
177
181
181
182
186
187
190
194
195
199
202
204
206
212
213
215
219
220
227
233
240
243
248
250
258
278
278
311
342
376
404
441
468
506
530
571
594
636
656
701
720
766
782
11
15
14
30
28
14
32
48
45
58
70
5
54
11
60
16
80
85
39
45
124
48
26
133
58
39
73
190
114
51
204
32
66
5
48
24
51
258
5
12
16
77
12
71
290
49
7
30
29
53
57
121
53
110
330
29
42
66
50
75
104
72
376
78
127
48
396
64
20
33
181
193
40
49
91
252
62
65
58
10
62
5
59
17
13
70
35
47
41
5
46
17
58
28
75
33
132
80
45
58
70
26
39
7
44
47
63
55
17
67
4
45
41
33
112
72
61
49
143
16
81
113
51
7
33
46
61
6
28
29
50
74
37
46
52
22
60
33
57
67
33
40
114
123
126
20
23
131
56
60
5
9
118
8
33
43
11
33
18
47
67
35
64
11
85
24
33
46
58
59
38
64
26
23
56
58
9
7
40
18
44
32
48
70
6
29
16
36
4
9
28
40
52
59
108
121
43
55
37
46
179
53
187
58
19
23
250
254
17
23
4
12
57
316
67
328
4
16
31
35
61
10
65
14
74
14
18
8
59
36
63
40
68
18
20
82
55
33
84
23
120
97
87
13
15
13
162
43
77
21
80
78
108
85
41
4
6
10
105
67
4
20
24
11
15
68
35
40
49
56
33
42
49
48
60
61
98
40
113
57
10
16
29
18
37
41
39
24
64
14
51
43
88
16
48
24
84
54
15
5
40
44
43
8
82
12
6
14
18
74
37
34
56
63
13
43
80
35
63
28
30
46
46
45
59
50
62
4
4
4
8
8
8
12
12
12
16
16
16
20
20
20
24
24
24
28
28
28
32
32
32
36
36
36
40
40
40
44
44
44
48
48
48
52
52
52
56
56
56
60
60
60
64
64
64
68
68
68
72
72
72
76
76
76
80
80
80
84
84
84
87
87
88
91
91
91
95
95
95
99
99
99
103
103
103
107
107
107
111
111
111
115
115
115
119
119
119
123
123
123
127
127
127
131
131
131
135
135
135
139
139
139
143
143
143
147
147
147
151
151
151
155
155
155
159
159
159
163
163
163
167
167
167
171
171
173
174
178
182
184
185
188
189
192
197
199
200
203
205
206
209
214
218
220
222
229
229
232
233
237
247
253
261
273
276
282
297
302
302
317
331
346
349
4
9
19
6
16
36
10
44
36
57
41
30
16
31
74
89
9
19
12
6
109
37
6
37
35
55
50
47
150
75
47
62
165
36
16
42
48
185
54
18
57
226
12
42
48
62
11
14
17
20
62
65
34
37
17
20
7
41
46
25
30
71
89
52
56
54
61
41
49
16
48
27
60
25
34
40
7
13
53
114
35
27
137
57
53
178
205
242
28
273
6
31
64
43
61
5
31
25
64
37
15
59
58
11
14
4
55
61
5
55
19
44
68
54
5
7
76
126
134
52
57
67
61
73
36
37
199
25
126
10
101
102
41
264
90
75
166
49
106
329
155
5
53
114
394
220
69
118
458
284
7
134
27
61
17
523
60
41
72
93
51
126
83
589
125
45
107
116
654
109
47
172
55
718
112
119
782
176
183
846
7
247
910
71
32
4
974
979
96
66
54
72
49
62
59
1041
34
1053
60
57
48
76
44
75
136
15
67
1109
102
124
7
63
125
113
31
9
33
73
4
9
30
46
25
38
60
31
69
63
103
24
26
17
60
57
11
55
50
19
40
14
33
25
11
42
43
58
42
65
10
57
113
123
7
4
67
181
67
9
189
66
73
70
60
64
75
254
139
259
9
14
15
21
50
23
60
34
30
44
23
38
41
59
36
27
55
49
19
17
42
102
37
43
27
129
67
17
58
85
168
51
120
25
206
29
52
67
24
44
43
60
34
14
49
64
12
26
14
37
24
69
52
56
13
16
10
13
72
78
4
11
136
146
200
211
4
4
4
8
8
8
12
12
12
16
16
16
20
20
20
24
24
24
28
28
28
32
32
32
36
36
36
40
40
40
44
44
44
48
48
48
52
52
52
56
56
56
60
60
60
64
64
64
68
68
68
72
72
72
76
76
76
80
80
80
84
84
84
87
87
88
91
91
91
95
95
95
99
99
99
103
103
103
107
107
107
111
111
111
115
115
115
119
119
119
123
123
123
127
127
127
131
131
131
135
135
135
139
139
139
143
143
143
147
147
147
151
151
151
155
155
155
159
159
159
163
163
163
167
167
167
171
171
174
176
177
178
180
183
186
188
192
192
196
198
200
200
203
204
208
209
213
215
219
221
225
229
233
233
242
242
248
251
266
268
277
286
309
330
350
373
4
6
24
7
4
16
16
25
26
33
9
37
34
42
30
5
42
40
56
57
57
39
67
66
28
22
45
75
23
73
62
42
72
63
58
10
100
19
8
15
8
33
12
37
38
127
22
37
35
35
39
65
63
44
68
86
58
20
66
104
17
27
8
32
41
19
78
7
14
63
67
26
29
33
36
49
55
17
24
55
65
20
7
34
41
58
14
60
58
12
17
31
39
76
18
41
33
57
22
49
10
19
8
18
44
55
4
41
4
19
16
33
64
30
20
47
43
41
52
79
93
26
37
12
35
7
45
14
21
27
4
75
63
66
33
80
37
87
21
5
70
29
13
5
64
16
35
11
79
53
33
15
52
37
65
20
13
43
81
37
27
64
9
37
8
6
37
35
8
35
15
42
10
21
14
47
10
39
52
53
74
8
26
7
24
7
12
55
18
31
64
48
76
57
19
27
60
65
119
56
5
57
39
121
69
121
104
59
4
51
55
168
124
174
68
5
75
11
15
12
22
236
4
11
21
25
74
32
22
60
31
27
71
61
40
40
76
4
75
57
21
96
15
130
97
20
151
42
62
5
197
28
222
260
20
5
19
290
52
27
43
53
45
38
328
66
84
88
68
373
109
111
394
33
9
121
52
26
165
4
450
459
463
58
517
18
21
25
4
8
48
54
46
52
59
63
4
8
116
10
5
18
70
79
64
31
41
30
10
12
46
31
29
51
56
63
77
29
78
17
51
103
43
93
32
21
146
59
51
177
208
242
272
307
4
4
4
8
8
8
12
12
12
16
16
16
20
20
20
24
24
24
28
28
28
32
32
32
36
36
36
40
40
40
44
44
44
48
48
48
52
52
52
56
56
56
60
60
60
64
64
64
68
68
68
72
72
72
76
76
76
80
80
80
84
84
84
87
87
88
91
91
91
95
95
95
99
99
99
103
103
103
107
107
107
111
111
111
115
115
115
119
119
119
123
123
123
127
127
127
131
131
131
135
135
135
139
139
139
143
143
143
147
147
147
151
151
151
155
155
155
159
159
159
163
163
163
167
167
167
170
171
171
174
176
178
183
186
190
192
193
197
198
199
202
202
206
206
208
211
222
224
229
231
232
233
237
238
242
247
248
256
260
262
267
267
273
274
280
282
287
288
293
306
310
313
318
324
329
332
338
342
343
349
358
364
369
399
407
433
463
471
497
527
535
561
591
599
625
655
12
7
5
9
25
25
17
33
48
42
41
33
33
30
63
35
21
74
9
34
15
7
67
63
33
65
38
35
33
38
29
52
95
42
56
48
51
53
59
90
4
8
107
47
72
50
50
100
77
57
34
42
68
36
78
48
38
141
52
46
61
40
57
16
37
39
59
4
6
63
61
28
30
13
46
4
20
12
8
38
52
38
25
50
91
79
4
65
121
48
143
30
12
47
27
195
48
58
12
40
49
35
42
72
25
29
57
62
28
36
121
57
66
121
27
37
36
48
47
13
62
13
4
44
49
31
22
9
24
63
81
12
49
30
19
71
14
22
19
78
42
66
51
34
62
16
67
50
32
22
64
57
35
86
71
19
44
6
87
28
34
52
9
11
99
13
118
59
11
15
65
26
70
59
65
179
184
46
51
81
16
22
14
131
21
250
37
45
9
7
14
22
46
46
64
64
65
86
68
73
112
9
30
16
16
38
41
21
80
47
20
47
28
4
34
26
27
7
64
40
69
63
67
35
48
74
94
23
9
13
83
47
35
36
51
103
49
19
54
69
65
64
160
13
80
21
41
46
83
54
60
6
13
43
53
32
43
94
36
108
51
23
10
41
29
37
74
59
13
11
14
40
54
8
52
87
42
88
11
34
14
51
61
33
39
77
56
61
61
4
111
20
6
84
51
131
68
147
59
6
76
65
144
74
4
4
4
8
8
8
12
12
12
16
16
16
20
20
20
24
24
24
28
28
28
32
32
32
36
36
36
40
40
40
44
44
44
48
48
48
52
52
52
56
56
56
60
60
60
64
64
64
68
68
68
72
72
72
76
76
76
80
80
80
84
84
84
87
87
88
91
91
91
95
95
95
99
99
99
103
103
103
107
107
107
111
111
111
115
115
115
119
119
119
123
123
123
127
127
127
131
131
131
135
135
135
139
139
139
143
143
143
147
147
147
151
151
151
155
155
155
159
159
159
163
163
163
167
167
167
170
171
171
174
178
180
181
184
186
188
188
195
198
201
205
204
205
209
211
217
221
222
222
233
234
242
245
266
268
277
280
301
312
312
347
365
376
12
24
30
35
28
42
9
8
53
46
7
12
12
12
16
20
33
62
33
61
37
82
60
36
47
5
15
14
21
142
148
29
4
34
34
39
52
62
58
71
55
83
65
63
74
216
74
42
230
132
57
19
35
20
49
28
286
69
51
26
310
51
30
89
71
33
11
53
79
61
121
6
358
63
5
44
10
100
158
46
399
42
49
23
189
76
426
145
7
10
69
123
476
58
142
492
64
4
40
49
9
550
558
63
69
621
36
44
685
100
108
45
750
109
813
18
173
877
82
59
237
942
123
52
1006
58
187
117
1070
122
1134
4
18
21
13
36
18
43
1200
26
71
1209
37
86
84
35
1267
137
49
1283
155
5
23
1331
1335
203
207
4
21
27
25
1356
31
48
80
52
22
84
49
70
41
45
64
62
5
1417
76
83
19
108
127
123
42
144
29
61
20
53
14
175
194
5
40
65
221
11
32
40
261
39
71
292
9
72
106
4
19
23
330
334
46
41
12
16
26
20
24
6
58
20
39
30
31
25
62
61
60
52
87
27
130
50
151
16
198
35
215
18
33
13
266
54
280
66
39
49
71
79
340
346
110
114
15
19
57
62
410
418
63
72
81
8
48
18
61
20
34
112
129
5
49
70
19
111
59
18
11
46
50
13
42
14
30
44
63
21
78
55
16
13
30
19
40
60
56
42
45
64
20
66
84
11
10
28
9
63
23
82
76
31
92
9
40
15
9
99
69
74
33
39
10
48
19
58
74
87
26
42
19
40
37
59
37
58
92
18
40
4
4
4
8
8
8
12
12
12
16
16
16
20
20
20
24
24
24
28
28
28
32
32
32
36
36
36
40
40
40
44
44
44
48
48
48
52
52
52
56
56
56
60
60
60
64
64
64
68
68
68
72
72
72
76
76
76
80
80
80
84
84
84
87
87
88
91
91
91
95
95
95
99
99
99
103
103
103
107
107
107
111
111
111
115
115
115
119
119
119
123
123
123
127
127
127
131
131
131
135
135
135
139
139
139
143
143
143
147
147
147
151
151
151
155
155
155
159
159
159
163
163
163
167
167
167
170
171
171
174
176
178
178
186
187
188
192
195
196
198
202
205
209
209
212
212
218
218
225
234
235
254
255
261
268
288
321
332
352
385
396
416
449
460
480
513
524
544
577
588
608
641
6
26
39
28
33
21
24
27
26
65
40
16
28
20
26
71
67
67
11
78
4
55
70
65
64
106
113
35
58
19
79
112
157
31
172
52
8
45
65
51
30
61
83
39
144
9
33
12
39
76
83
32
42
75
5
13
30
35
50
55
23
60
24
28
17
29
21
49
54
53
60
57
7
65
17
69
81
97
88
19
111
5
34
125
20
14
31
166
14
7
12
37
28
35
62
42
23
62
50
72
94
84
61
108
115
29
146
58
24
62
17
57
6
4
81
85
48
46
72
127
70
4
114
48
133
137
33
49
41
43
57
57
14
26
4
52
5
59
63
67
10
18
30
38
66
128
131
30
33
62
67
8
63
42
51
13
25
45
16
42
66
64
6
67
90
49
10
34
10
5
17
39
43
48
20
13
79
58
44
108
29
53
7
22
24
5
47
64
68
49
28
41
45
9
22
44
10
58
16
28
31
41
68
4
9
10
13
46
49
40
45
8
4
110
104
65
59
69
15
50
27
47
64
63
29
4
126
47
130
34
22
38
148
22
18
98
102
21
49
53
199
73
126
67
68
171
6
49
16
37
12
18
51
55
18
33
54
30
22
14
66
26
66
59
39
56
57
65
4
107
46
15
19
5
4
22
29
47
65
7
72
25
32
71
89
96
21
138
39
20
42
4
8
38
60
19
20
110
71
37
125
84
31
139
42
148
23
30
54
59
210
50
94
12
123
39
51
115
76
104
115
28
14
34
92
65
98
128
4
4
4
8
8
8
12
12
12
16
16
16
20
20
20
24
24
24
28
28
28
32
32
32
36
36
36
40
40
40
44
44
44
48
48
48
52
52
52
56
56
56
60
60
60
64
64
64
68
68
68
72
72
72
76
76
76
80
80
80
84
84
84
87
87
88
91
91
91
95
95
95
99
99
99
103
103
103
107
107
107
111
111
111
115
115
115
119
119
119
123
123
123
127
127
127
131
131
131
135
135
135
139
139
139
143
143
143
147
147
147
151
151
151
155
155
155
159
159
159
163
163
163
167
167
167
171
171
171
174
175
176
183
185
186
188
189
192
200
200
204
204
205
209
215
215
223
224
228
235
237
244
248
249
254
257
261
268
280
282
291
291
308
318
335
355
382
399
419
446
463
28
10
45
40
65
13
24
26
18
39
9
51
6
53
6
9
50
66
36
33
12
36
41
89
44
60
47
33
77
21
127
19
51
15
38
145
31
37
37
33
159
47
49
55
60
65
4
209
22
226
24
22
4
38
36
43
33
53
47
66
51
61
64
7
30
64
36
69
130
135
127
133
71
16
23
7
30
43
17
61
31
25
40
96
51
114
70
44
22
162
69
43
66
69
10
4
38
41
37
31
4
18
68
24
31
105
111
14
48
10
9
44
43
8
74
42
72
25
5
110
34
66
25
45
79
37
53
36
49
99
44
53
7
59
59
67
30
64
34
5
22
25
75
8
11
71
10
14
74
79
10
18
34
43
138
76
150
98
111
56
70
204
221
22
40
40
61
270
292
28
106
53
132
334
363
94
170
10
6
400
44
39
27
5
437
4
14
83
59
466
14
32
46
41
107
55
7
69
17
113
36
523
129
72
93
5
538
11
172
177
73
195
198
602
608
241
43
50
22
30
11
263
22
275
17
6
32
22
13
46
32
66
15
34
4
25
63
56
26
55
44
30
9
92
63
42
68
92
16
39
16
137
38
156
202
220
40
13
55
27
273
9
286
81
66
55
59
35
38
41
44
53
59
54
61
102
107
57
65
44
53
38
50
12
25
23
39
42
59
18
38
24
45
12
4
17
25
43
48
66
6
6
24
24
11
9
62
20
49
23
28
11
19
24
55
45
63
13
25
13
17
27
47
60
38
32
43
56
62
4
4
4
8
8
8
12
12
12
16
16
16
20
20
20
24
24
24
28
28
28
32
32
32
36
36
36
40
40
40
44
44
44
48
48
48
52
52
52
56
56
56
60
60
60
64
64
64
68
68
68
72
72
72
76
76
76
80
80
80
84
84
84
87
87
88
91
91
91
95
95
95
99
99
99
103
103
103
107
107
107
111
111
111
115
115
115
119
119
119
123
123
123
127
127
127
131
131
131
135
135
135
139
139
139
143
143
143
147
147
147
151
151
151
155
155
155
159
159
159
163
163
163
167
167
167
170
171
171
174
175
179
180
183
187
190
191
193
196
198
202
207
209
210
212
216
222
226
231
235
238
240
256
257
279
302
320
343
366
384
407
430
448
471
494
512
535
558
576
599
622
640
663
686
704
727
750
768
791
814
832
855
878
6
13
21
18
25
28
33
57
53
4
35
19
16
27
47
22
39
6
8
44
18
63
56
75
43
69
41
55
81
53
58
66
40
92
64
49
50
30
59
5
61
10
42
73
13
29
154
40
164
22
29
49
55
63
66
21
24
81
85
4
62
25
72
36
69
83
89
147
65
16
130
146
67
42
50
17
59
68
38
4
27
26
5
55
26
30
15
70
4
48
41
58
8
69
53
109
46
94
43
84
113
5
12
31
34
43
50
59
58
4
6
111
120
128
57
59
181
38
47
47
59
111
124
21
175
37
31
25
48
18
46
10
95
64
89
16
52
39
16
54
81
33
63
32
63
29
30
63
31
65
19
8
69
58
50
15
58
20
37
36
52
16
7
30
39
20
97
50
30
114
32
36
21
74
27
30
25
37
34
60
50
98
71
63
4
113
41
4
21
56
60
25
25
129
82
44
70
157
74
68
32
109
65
5
31
25
38
59
66
17
43
99
40
5
21
25
64
68
10
42
53
34
38
24
28
69
73
10
15
14
42
50
77
18
43
83
4
34
47
54
67
5
112
50
17
21
7
11
66
6
21
10
19
57
68
4
8
20
58
26
33
4
9
32
35
18
21
13
18
57
56
64
4
65
15
24
30
37
45
8
122
142
94
55
76
118
42
20
20
70
22
20
63
61
109
52
7
52
38
26
59
22
13
57
16
10
53
43
24
36
44
52
55
64
61
67
115
4
4
4
8
8
8
12
12
12
16
16
16
20
20
20
24
24
24
28
28
28
32
32
32
36
36
36
40
40
40
44
44
44
48
48
48
52
52
52
56
56
56
60
60
60
64
64
64
68
68
68
72
72
72
76
76
76
80
80
80
84
84
84
87
87
88
91
91
91
95
95
95
99
99
99
103
103
103
107
107
107
111
111
111
115
115
115
119
119
119
123
123
123
127
127
127
131
131
131
135
135
135
139
139
139
143
143
143
147
147
147
151
151
151
155
155
155
159
159
159
163
163
163
167
167
167
171
171
174
175
178
179
181
186
186
189
195
196
198
204
206
208
214
218
227
229
237
249
257
273
296
6
6
24
9
23
5
35
41
18
14
38
22
34
56
9
32
48
9
44
49
6
60
26
39
10
26
11
83
22
18
100
33
40
35
16
49
50
60
127
33
78
74
25
89
36
168
14
179
39
25
39
50
194
22
50
33
59
106
117
123
22
33
17
28
39
50
7
57
67
25
32
67
17
20
5
8
23
29
28
35
13
23
14
36
50
77
67
94
43
61
29
48
107
31
93
51
116
18
42
157
28
82
53
5
41
28
33
6
63
38
68
20
99
54
26
8
53
46
24
72
47
97
33
52
48
123
64
138
45
25
57
36
31
39
44
51
52
56
59
62
35
38
97
103
8
5
39
46
13
65
55
65
59
51
10
68
69
31
115
76
40
38
37
60
8
62
14
25
64
4
27
45
59
53
107
35
41
66
83
94
15
69
130
52
160
31
79
5
57
201
4
22
18
50
228
46
50
39
70
56
281
292
44
54
52
59
112
120
46
22
51
110
63
12
87
116
127
58
77
56
46
122
120
110
58
41
122
15
105
6
25
79
70
89
133
33
47
4
97
111
68
39
19
161
5
14
4
103
84
52
71
80
68
66
16
117
8
130
80
182
72
64
18
195
246
129
55
82
260
311
42
52
120
147
376
107
116
25
49
212
53
441
45
90
22
114
118
506
110
155
65
87
41
571
175
130
11
105
636
8
7
60
76
72
72
124
18
29
82
92
42
146
156
106
210
37
20
274
59
14
20
102
85
339
124
79
85
41
404
40
149
106
468
104
16
532
65
80
596
659
723
786
849
913
976
1039
1103
1166
1229
