9
11
6
16
20
5
15
4
15
10
16
15
36
12
19
17
18
5
8
12
26
33
32
40
7
4
38
52
25
31
23
37
19
37
18
15
17
14
12
36
30
44
28
37
37
23
30
18
19
11
7
12
42
38
38
42
25
40
34
7
58
44
6
22
9
15
73
9
23
43
40
43
39
16
26
8
15
67
63
46
28
39
32
27
9
6
37
11
33
32
35
31
51
45
34
41
39
4
44
33
83
102
35
24
26
37
19
11
23
60
48
36
37
75
14
9
11
87
27
19
54
12
44
79
74
54
39
10
18
59
39
49
59
51
56
36
90
13
19
13
18
85
47
50
41
30
43
31
6
40
46
48
21
41
123
46
27
47
42
41
18
18
9
99
37
39
62
41
16
110
6
48
39
84
77
132
32
32
34
32
31
21
38
68
62
77
6
13
34
101
36
179
11
51
40
91
97
57
34
7
49
36
61
37
93
59
46
14
17
59
106
46
10
58
23
199
38
61
78
28
32
55
30
32
95
134
27
130
51
8
43
122
47
23
17
19
68
32
115
43
49
73
16
50
96
67
71
50
31
20
95
58
18
161
50
61
182
87
26
21
157
40
49
32
10
37
4
4
78
39
27
52
29
40
101
67
37
48
40
44
42
51
192
47
170
153
47
8
73
43
49
74
17
45
136
51
41
36
44
42
11
19
25
64
45
35
88
28
41
29
46
35
53
242
53
22
113
131
87
9
124
33
38
42
32
90
85
85
6
89
6
97
52
70
12
25
45
56
58
28
37
4
99
32
288
29
73
24
146
126
42
47
52
35
52
54
127
34
87
27
16
51
11
75
125
22
52
26
52
41
43
150
52
107
24
67
181
39
28
277
26
84
52
32
20
70
42
96
32
7
39
31
126
164
23
10
91
37
9
199
4
9
4
34
55
51
73
24
37
93
9
19
43
96
61
28
133
41
127
27
14
43
15
65
19
91
4
7
17
35
57
96
11
55
40
63
49
55
227
5
52
112
56
61
16
121
4
97
14
34
23
13
12
74
20
56
10
28
77
36
55
72
57
89
132
13
131
45
35
38
18
36
15
113
29
4
13
115
33
8
22
33
24
43
43
41
85
32
29
45
107
55
40
34
70
35
48
55
81
100
16
5
13
18
24
25
25
10
22
8
22
12
11
13
42
41
14
33
46
13
27
23
10
16
24
11
17
12
7
20
57
5
19
8
31
20
32
19
52
37
32
31
16
7
27
44
26
11
21
32
15
43
51
29
9
28
7
5
53
40
32
36
10
23
38
12
22
60
15
4
17
45
34
54
25
43
39
14
27
21
41
24
84
27
9
45
56
49
11
85
43
57
49
74
80
41
50
43
13
94
23
38
20
26
92
37
4
20
25
51
5
73
38
47
130
46
39
39
18
80
90
33
87
44
85
57
56
20
21
4
132
31
7
23
46
30
51
8
52
43
75
49
172
34
12
54
47
83
64
35
53
89
43
13
22
30
155
19
100
47
50
24
52
15
24
20
30
42
10
52
42
100
37
53
53
71
66
59
112
56
26
25
95
42
10
93
141
66
27
41
17
67
22
30
37
40
40
73
27
50
32
23
55
44
67
104
32
60
19
55
75
55
99
58
10
102
47
51
120
11
51
89
55
76
39
93
96
46
58
13
31
114
33
9
94
7
117
57
107
60
131
25
13
45
33
55
128
28
9
60
44
17
75
43
105
15
60
16
95
37
89
44
49
129
30
146
54
78
51
119
35
33
63
57
35
27
29
12
73
18
68
46
42
29
33
19
25
98
49
30
120
137
75
23
4
47
29
56
87
23
87
89
39
102
100
45
105
59
24
34
64
14
104
144
31
77
8
39
11
74
48
17
43
31
132
130
21
44
96
4
144
49
41
92
91
104
72
70
21
75
70
21
9
113
4
69
39
105
41
109
119
33
38
94
11
143
16
10
37
43
66
11
133
26
31
59
26
43
10
8
60
117
154
93
43
5
63
46
5
136
37
191
54
13
42
10
40
50
31
38
38
25
92
30
27
103
26
58
62
87
36
25
94
8
44
11
165
36
18
31
18
54
186
12
53
231
14
57
18
45
4
21
34
76
49
44
124
58
48
107
91
64
21
16
6
29
15
7
33
58
37
23
125
41
83
123
33
75
70
68
60
33
95
45
41
20
22
38
105
39
124
16
115
43
6
28
113
67
22
53
166
40
11
56
32
39
33
36
40
65
41
29
35
34
38
35
43
65
42
41
185
44
153
56
120
85
137
175
124
142
11
7
13
14
18
16
16
25
29
18
12
34
24
12
25
31
6
10
21
13
19
25
38
6
26
14
24
8
9
46
32
62
38
52
24
33
55
35
44
35
60
63
72
5
41
14
45
33
30
21
37
83
51
31
21
19
10
15
89
33
57
37
100
41
30
30
44
12
6
29
33
66
18
39
31
15
11
28
49
36
11
38
38
11
19
9
57
65
66
38
39
29
71
41
35
57
46
19
54
50
37
22
29
30
21
70
50
4
46
53
4
35
28
20
88
26
4
37
31
68
6
39
27
34
85
40
98
27
14
32
8
47
8
38
57
77
19
34
5
29
119
6
58
33
37
16
43
7
38
27
27
51
31
76
29
44
33
31
46
114
46
50
40
86
45
21
58
20
19
17
105
12
35
31
64
5
67
118
35
68
114
21
28
58
113
75
29
17
55
87
23
17
83
7
78
44
24
58
22
8
27
54
19
32
17
31
28
5
15
22
56
30
31
34
11
46
4
20
78
36
63
33
29
34
4
28
36
36
21
4
11
37
7
68
41
46
45
21
46
20
10
39
13
49
31
19
26
21
17
36
18
13
75
76
31
18
90
4
74
22
17
15
13
34
33
83
34
61
24
26
25
46
17
23
43
114
24
41
89
41
43
64
48
94
34
44
43
44
55
60
10
45
26
69
46
48
16
26
52
19
16
27
34
132
23
16
11
44
67
69
61
47
7
22
45
51
57
20
39
42
50
15
5
12
35
74
9
46
17
33
89
16
7
96
27
20
83
53
49
79
28
20
82
40
41
22
12
115
9
69
9
116
81
42
19
12
22
26
28
38
55
39
36
49
34
23
5
33
57
24
67
17
28
32
49
60
79
7
48
5
47
7
107
41
44
29
35
8
27
20
17
66
8
71
59
184
37
35
76
14
31
26
16
90
14
36
69
89
5
27
73
32
84
10
33
9
54
79
18
4
40
24
18
25
20
61
24
30
4
72
4
35
5
4
25
148
53
6
44
39
10
20
82
51
73
51
130
25
64
25
30
104
43
21
23
24
78
64
20
34
38
43
86
26
6
35
194
98
33
10
26
16
12
28
45
34
83
46
158
36
33
33
49
31
30
71
28
29
42
84
54
40
53
60
84
130
52
64
61
119
6
5
8
8
4
27
21
22
5
16
28
10
38
14
22
16
28
35
27
35
8
4
32
49
8
16
16
50
33
7
41
23
11
24
78
43
24
31
11
32
14
20
7
56
48
29
35
12
24
28
44
30
47
27
31
28
10
22
48
42
38
62
51
69
55
55
75
35
63
43
17
58
6
25
6
4
32
44
30
37
21
21
25
30
24
80
49
26
63
70
9
42
81
14
32
110
55
32
37
67
35
35
88
36
37
37
36
43
59
51
8
40
103
69
31
30
31
30
39
43
18
59
67
48
51
20
80
18
31
58
80
72
46
34
53
14
94
19
50
15
52
58
59
63
50
37
46
89
63
22
95
55
25
6
80
46
55
24
60
31
15
68
9
91
45
16
86
15
19
23
101
79
38
24
31
15
4
66
54
46
8
43
17
37
21
55
12
75
7
68
90
59
57
49
56
55
8
29
43
71
67
22
17
34
24
29
8
65
17
5
40
37
44
33
28
106
35
135
58
51
33
49
43
49
16
90
15
40
111
39
65
53
75
34
13
84
50
51
27
74
26
66
44
37
65
38
34
17
38
56
42
31
55
11
72
71
114
163
51
91
59
75
39
52
40
35
46
24
97
5
46
53
120
38
48
68
31
114
73
53
28
62
29
65
6
93
195
12
6
113
4
34
6
69
11
61
89
60
21
77
32
40
87
9
54
20
78
40
155
83
125
13
4
37
22
12
16
5
39
24
147
58
12
153
16
26
79
58
36
55
37
32
33
124
85
105
66
6
131
33
20
19
66
33
21
21
185
34
110
51
42
13
68
26
24
58
34
10
77
43
135
135
15
30
36
27
47
70
30
25
47
20
109
46
31
29
6
48
40
18
46
25
102
31
49
19
40
58
112
8
51
155
167
70
54
13
62
31
46
26
119
55
9
108
42
22
73
69
7
15
88
35
25
73
39
71
26
45
49
59
52
10
40
40
117
36
58
83
66
4
88
86
70
25
27
109
64
29
11
45
106
46
4
57
41
8
27
51
26
65
105
21
99
4
29
98
58
24
88
48
29
79
78
41
134
52
23
46
23
73
36
50
39
34
42
42
78
50
55
52
45
90
60
67
145
44
84
90
129
77
68
59
60
60
101
167
142
191
178
176
5
7
12
4
10
15
26
23
19
24
16
33
20
20
13
10
16
18
36
29
36
42
9
23
51
4
15
40
12
23
42
4
45
49
7
22
36
15
11
58
9
32
44
12
12
56
14
44
37
17
28
48
15
51
28
24
8
16
32
43
58
19
47
9
77
38
42
20
32
49
78
16
25
16
9
59
51
35
46
91
29
59
99
28
26
43
42
36
43
25
55
16
48
48
32
32
40
6
52
88
66
22
21
28
21
91
7
33
20
79
67
38
25
31
61
44
21
4
78
51
37
54
27
27
134
23
41
64
17
35
15
27
11
20
17
53
57
22
11
10
25
15
52
40
71
26
35
55
29
43
53
18
24
175
46
4
60
9
52
11
68
32
36
17
11
58
36
25
51
52
13
23
19
9
27
35
112
94
6
44
42
95
22
87
30
24
139
33
96
80
64
63
96
43
57
55
7
4
15
29
105
44
60
27
70
35
49
37
62
132
24
35
12
114
32
39
43
12
62
158
85
30
5
12
5
121
135
101
82
26
50
26
109
5
14
73
90
33
89
108
21
88
34
88
33
53
41
120
14
45
17
52
99
42
160
13
45
40
48
159
183
115
47
75
53
83
41
7
51
17
25
7
34
39
89
14
44
37
15
95
13
25
103
77
37
186
17
94
59
20
43
23
21
24
44
33
122
20
45
16
25
35
58
6
50
133
54
13
21
48
18
50
8
52
170
51
12
103
36
37
53
89
12
19
82
32
9
31
32
10
52
42
77
80
87
27
44
33
45
56
26
32
64
20
30
77
34
42
43
12
58
25
28
30
84
49
29
104
94
41
120
33
43
49
75
24
47
17
10
110
11
40
52
64
6
62
25
16
14
125
20
138
31
29
53
82
13
25
43
32
23
31
30
46
29
148
21
16
87
40
34
50
99
25
20
39
38
47
45
19
143
91
95
16
20
34
36
40
43
25
36
26
15
6
172
105
62
48
14
47
20
11
81
53
114
91
34
32
25
48
22
135
20
19
35
6
26
54
14
209
4
45
19
46
10
61
45
33
46
34
35
35
30
34
105
15
24
27
14
73
22
33
169
37
54
42
67
24
9
82
40
36
48
15
59
29
49
59
38
84
84
210
77
47
91
77
60
93
158
145
9
15
21
5
19
13
6
28
15
16
36
11
34
33
22
21
35
32
9
24
14
15
23
10
30
20
22
23
28
26
36
15
17
23
33
21
36
25
55
28
29
21
19
12
27
39
49
46
8
31
67
38
31
55
9
41
67
16
27
35
8
12
36
4
59
67
59
44
49
43
64
60
88
61
39
5
68
32
26
13
40
84
32
28
24
30
18
39
20
26
5
65
75
60
109
25
38
40
37
27
30
14
97
38
31
11
25
18
70
12
4
18
49
27
25
29
24
101
133
30
20
29
37
27
50
31
9
25
40
38
43
14
9
29
25
57
25
12
6
8
11
21
17
139
41
24
39
30
71
34
41
21
20
10
31
56
52
26
12
23
9
57
6
8
85
10
27
110
11
54
30
51
38
9
25
60
19
68
46
25
33
23
82
14
38
9
12
45
43
13
32
41
40
18
34
53
53
5
20
67
46
34
35
13
11
39
39
4
91
33
9
67
37
21
57
30
98
13
42
24
67
49
58
25
46
16
17
37
19
19
64
24
48
45
76
26
28
41
91
42
137
30
44
19
62
33
16
29
39
47
34
16
53
23
65
9
28
48
21
92
14
4
163
29
24
18
32
15
49
32
32
20
8
10
84
41
16
116
35
8
71
49
12
13
122
60
173
4
40
57
26
32
58
27
11
73
15
20
64
16
29
26
63
24
31
10
32
162
17
17
214
51
22
30
36
37
28
40
18
39
57
23
57
31
35
48
23
50
10
12
16
51
39
194
25
25
50
14
6
52
36
44
78
64
8
45
42
19
9
29
46
20
31
76
42
6
12
30
79
13
18
70
39
12
19
6
45
71
55
38
245
103
27
13
32
21
27
113
5
45
5
52
31
38
47
57
51
41
36
48
106
11
86
48
18
15
20
47
40
64
58
22
70
58
47
76
18
138
86
63
18
118
100
9
141
9
38
30
86
70
66
81
57
37
64
17
102
82
31
34
76
39
17
33
79
130
27
5
46
27
56
48
41
21
47
38
18
62
5
35
81
50
24
139
77
21
77
45
33
111
95
84
12
9
37
38
33
40
21
120
45
34
81
66
21
53
103
27
50
19
17
45
118
43
42
35
51
51
33
122
163
54
66
123
64
136
77
55
123
83
6
4
15
10
14
10
29
26
26
13
7
19
33
22
34
8
31
16
27
4
34
18
17
31
21
53
23
30
6
54
18
23
42
39
16
43
17
67
29
34
5
14
47
6
31
20
26
25
4
11
42
7
7
19
20
34
12
31
13
59
4
59
23
25
78
8
37
19
33
40
33
61
37
17
12
30
42
44
18
7
37
4
40
53
6
68
26
35
13
20
36
36
27
40
28
22
16
5
59
39
11
10
5
5
10
37
34
7
59
32
17
5
30
62
11
25
48
28
18
87
17
47
6
37
36
39
13
16
6
8
10
74
26
31
33
23
11
45
21
42
34
85
23
15
6
48
13
12
20
85
6
38
22
87
29
39
32
73
65
79
31
24
81
17
12
17
29
13
37
57
8
15
19
11
50
56
19
11
6
118
35
28
21
57
47
13
38
62
117
121
40
20
36
16
19
38
18
8
35
33
49
85
128
60
51
15
16
21
37
8
24
19
44
45
88
27
34
57
20
65
18
78
25
81
19
18
87
38
27
18
56
12
23
15
24
88
37
19
40
79
36
22
5
37
31
22
58
30
97
23
54
40
27
31
45
46
49
13
51
11
24
46
27
67
74
45
27
56
62
12
17
11
34
36
56
52
56
65
24
29
145
47
65
55
9
64
32
53
36
13
58
24
62
18
26
27
44
39
29
138
20
8
21
21
11
35
51
41
32
35
15
32
14
61
61
21
48
99
56
30
43
6
18
106
36
29
24
29
14
16
83
41
25
61
32
25
97
16
7
28
45
44
32
74
26
45
31
10
28
38
32
69
30
49
127
12
18
16
7
6
16
60
59
48
22
59
67
52
50
13
46
139
52
78
29
40
10
132
8
122
30
28
82
56
62
84
60
94
60
86
39
54
42
66
8
22
45
48
119
49
18
4
113
127
29
50
92
8
40
80
50
40
39
40
32
179
177
39
79
43
6
26
28
25
64
4
20
26
33
147
52
10
20
23
34
42
61
124
37
126
14
37
12
91
23
59
8
46
16
63
101
19
61
63
31
57
64
59
206
28
49
81
82
73
29
35
4
65
81
50
61
100
28
33
165
21
81
66
56
52
74
67
52
30
99
56
85
109
69
87
136
52
77
62
166
103
65
80
128
123
7
9
19
16
19
13
17
10
18
24
17
10
18
17
8
13
34
7
28
39
8
35
17
14
11
12
42
33
22
37
24
65
61
35
40
37
12
30
21
27
5
6
35
73
28
37
29
8
10
60
14
34
11
52
64
37
45
48
9
34
5
4
54
30
15
31
56
36
13
19
34
48
34
42
11
32
75
30
13
28
32
6
5
9
39
39
31
28
23
8
62
20
48
17
57
13
8
4
28
26
37
62
52
40
22
25
20
18
15
84
6
10
36
11
40
35
21
4
34
7
19
29
26
16
26
36
23
30
4
31
42
55
117
26
72
45
31
32
43
24
13
9
17
76
17
42
31
39
23
14
15
51
7
29
26
58
20
43
23
14
35
24
28
96
13
30
40
18
29
46
35
6
19
50
49
27
36
24
39
41
21
31
56
20
39
77
44
38
22
5
21
33
35
46
48
30
35
29
19
42
27
5
45
15
35
36
45
29
79
44
23
19
50
50
5
31
31
41
35
14
41
57
13
71
36
10
34
40
72
78
7
57
71
28
4
39
32
9
121
44
8
56
11
49
29
15
56
32
9
53
104
12
96
11
40
9
13
108
19
35
54
39
66
41
27
78
80
31
25
38
10
20
41
40
35
37
58
41
43
43
39
54
22
37
74
9
80
63
12
27
123
52
12
59
34
107
31
66
85
116
85
65
4
15
103
34
27
19
18
67
82
115
158
45
48
11
51
29
26
28
38
52
8
83
40
76
26
70
24
28
54
77
11
141
35
19
121
50
50
103
23
164
35
145
92
83
5
25
30
99
78
70
17
85
42
40
41
35
59
37
62
25
48
18
121
101
4
68
41
159
34
22
38
45
203
53
22
105
15
34
46
68
116
84
52
39
58
124
29
44
43
91
69
90
11
49
56
56
28
39
76
4
79
107
21
155
4
10
26
48
78
4
12
22
42
131
81
84
66
66
66
96
184
65
92
44
32
27
115
57
28
101
35
90
182
73
24
148
67
14
91
99
96
83
68
164
92
44
41
67
20
10
17
78
147
133
42
30
59
155
95
80
26
60
84
111
44
51
51
56
38
163
50
104
185
54
57
191
129
48
58
69
206
151
74
60
81
116
74
69
103
132
148
209
221
183
145
176
224
194
4
20
24
8
13
27
5
30
22
4
31
9
4
12
49
30
35
6
17
18
26
14
40
9
43
19
34
34
21
57
28
44
13
20
71
57
25
40
30
48
43
7
50
43
75
57
81
39
29
32
13
30
29
88
31
17
44
38
26
46
17
40
33
5
28
42
35
8
22
72
57
91
4
37
27
46
16
38
41
27
37
31
49
60
35
50
42
30
10
93
15
24
60
22
9
34
51
18
67
35
84
40
25
24
18
43
25
8
87
8
86
36
34
87
48
129
40
76
16
52
34
18
42
60
56
12
11
17
33
23
8
27
10
77
17
24
72
148
23
76
48
21
11
33
69
27
49
45
41
74
12
35
27
46
10
41
99
19
54
11
12
35
56
66
16
4
9
19
97
44
15
80
5
48
50
20
13
67
46
30
34
97
47
40
99
65
28
52
40
45
23
27
4
10
17
6
37
49
11
24
6
38
28
17
37
39
23
61
11
29
36
84
7
101
29
8
57
33
53
126
18
60
16
56
27
39
46
64
67
52
54
37
26
17
49
14
89
67
32
149
19
61
40
51
20
42
180
26
16
27
35
24
46
83
18
46
45
31
25
17
20
59
24
32
5
36
33
16
103
53
44
30
51
44
91
232
11
78
57
75
39
62
21
40
60
32
41
55
56
48
20
123
28
93
41
12
28
78
38
45
87
14
156
34
33
87
270
47
95
50
115
91
21
103
20
42
13
106
33
85
46
35
9
171
64
6
78
86
6
11
50
61
35
76
59
50
36
319
58
48
136
90
38
148
47
45
54
131
15
28
44
126
56
32
50
11
48
55
44
46
56
77
52
47
86
62
25
138
135
67
67
195
66
43
15
47
66
29
27
57
377
22
92
61
139
36
36
13
187
59
29
50
61
5
24
71
29
16
5
84
5
80
191
22
96
64
6
24
23
103
14
92
46
40
85
39
48
403
40
16
35
35
172
72
4
5
41
105
18
27
113
32
42
114
46
105
25
51
85
97
86
79
21
9
40
62
116
29
35
37
89
25
53
62
29
39
87
12
55
135
46
98
375
53
67
87
33
199
27
49
41
59
72
102
50
75
78
78
86
127
146
124
94
58
86
85
71
91
427
215
105
107
114
318
217
337
189
174
211
195
6
11
13
7
5
9
22
7
6
12
10
4
18
36
28
27
16
20
35
34
23
24
9
41
23
24
40
21
29
32
28
35
6
49
21
10
40
50
69
65
15
23
31
68
35
25
11
45
40
10
67
18
34
63
73
73
25
39
10
16
85
9
55
33
7
41
14
39
27
7
84
21
32
5
23
95
46
71
61
103
42
26
31
15
20
41
35
29
29
26
56
31
30
28
83
55
25
24
136
41
51
67
22
30
11
69
25
21
45
44
26
18
29
40
31
94
56
39
9
43
44
33
31
67
165
82
64
19
16
13
32
90
26
12
56
48
70
55
33
25
46
8
36
17
58
29
153
48
28
4
33
38
112
5
39
31
49
87
39
41
26
18
31
104
42
12
70
60
38
32
32
33
50
25
67
11
15
6
61
177
4
26
4
157
20
8
61
12
23
33
58
33
6
60
35
70
117
52
26
13
62
4
12
63
41
109
34
32
46
33
50
27
12
42
26
18
45
22
208
8
66
27
15
4
9
106
78
33
129
4
9
56
10
16
9
37
25
64
9
170
17
80
18
14
57
18
33
18
34
68
8
20
107
22
46
28
24
35
54
41
271
25
20
49
37
39
51
52
72
32
71
60
25
21
15
38
177
35
16
42
53
134
18
62
209
71
63
129
42
23
89
60
72
94
25
91
8
309
13
64
17
36
39
38
20
44
21
25
37
29
47
60
145
37
57
39
34
82
103
161
97
35
125
37
114
189
42
43
24
40
27
11
50
13
27
162
45
11
73
47
20
65
72
371
97
49
52
112
31
107
43
85
43
83
74
138
31
36
57
43
28
135
9
5
49
26
150
94
250
79
20
55
10
31
52
42
110
90
145
408
162
141
23
62
70
55
108
83
29
31
33
111
36
171
32
94
172
130
27
37
272
9
36
104
177
40
53
9
58
65
28
296
35
18
58
48
18
73
29
32
48
73
13
32
46
77
39
77
124
20
5
29
36
30
34
213
13
141
8
42
30
47
82
50
48
64
45
27
58
39
63
49
26
62
55
30
25
59
50
27
49
49
131
101
36
77
85
13
10
251
18
11
36
25
29
16
38
65
41
45
88
28
76
92
41
95
60
28
71
89
56
43
44
62
71
61
60
71
91
111
9
13
9
13
17
9
20
14
18
16
34
29
36
10
28
13
30
22
34
6
17
16
20
28
5
40
34
15
22
36
10
32
45
30
9
21
9
10
9
23
19
73
34
42
39
4
51
8
46
38
66
40
45
9
34
35
51
40
92
25
29
38
21
34
23
24
20
47
46
42
40
48
59
34
36
5
70
21
34
45
23
14
75
25
43
76
40
25
38
24
28
42
61
9
44
17
56
14
23
75
4
4
45
99
21
14
26
81
21
31
21
25
15
110
59
21
44
40
4
30
17
66
12
96
103
19
16
88
106
27
15
31
62
49
64
25
27
15
23
83
79
39
26
4
62
11
4
81
33
15
39
38
52
42
6
12
71
124
23
89
19
143
49
92
21
4
66
118
96
34
51
36
37
26
56
16
148
91
45
11
36
58
6
53
24
85
75
21
36
20
16
51
20
17
6
47
81
15
44
64
22
136
92
86
5
195
25
35
6
19
8
43
22
20
73
106
16
25
47
47
40
32
7
43
95
118
58
44
178
36
4
11
45
47
43
23
26
191
4
59
4
116
39
43
24
17
61
26
34
16
83
9
32
94
16
75
21
24
29
188
10
47
198
22
15
18
9
4
34
21
47
94
23
52
13
77
50
15
44
28
12
4
45
66
36
106
30
184
4
48
10
11
122
15
11
45
47
11
58
69
20
22
24
14
76
51
136
29
39
89
27
39
48
32
55
26
10
48
43
98
36
66
6
15
22
16
86
35
70
60
33
30
48
31
9
106
41
8
30
28
16
24
27
41
44
174
31
70
47
49
37
131
51
51
105
9
105
72
13
131
131
53
70
54
17
10
27
47
39
83
16
92
71
42
14
85
52
26
10
27
31
81
28
32
4
48
14
43
65
68
16
39
169
39
7
129
91
11
48
45
89
60
30
22
51
43
43
55
51
15
62
39
55
24
49
11
72
41
60
82
46
44
18
129
56
30
115
91
123
160
34
69
58
42
32
13
176
72
95
25
82
66
27
116
9
24
49
62
113
102
18
138
9
35
37
62
164
48
162
45
33
106
40
19
31
39
30
36
21
78
38
126
50
30
65
137
38
50
69
62
42
54
79
49
175
108
110
57
79
51
98
54
51
151
78
77
84
116
122
93
8
12
6
14
23
7
7
30
9
27
29
6
4
25
7
13
25
25
41
40
23
12
34
5
38
9
16
36
48
22
51
5
35
21
21
18
42
23
21
39
45
42
21
18
26
18
29
83
69
22
24
15
31
35
44
55
25
48
26
16
13
30
43
6
11
39
45
35
43
11
48
37
5
24
23
23
44
23
40
28
6
26
45
66
33
77
14
31
39
22
13
42
4
5
12
19
44
7
36
67
12
10
40
84
51
38
31
12
68
35
72
44
16
14
25
83
45
81
29
4
41
5
21
21
44
75
51
8
53
82
19
28
46
38
52
18
45
70
18
36
12
44
21
48
74
6
28
65
60
11
66
27
63
77
34
14
33
78
85
50
20
40
102
37
6
44
56
43
40
21
35
9
30
30
19
27
19
45
51
36
28
44
39
105
130
30
47
36
50
13
117
22
49
56
30
27
11
99
8
27
26
5
37
37
25
34
94
72
15
37
7
60
128
23
16
72
93
33
36
29
18
46
33
126
8
126
27
20
45
38
21
36
29
20
7
18
45
27
55
59
49
14
25
18
140
10
132
48
76
93
113
28
103
42
19
53
180
50
13
36
36
70
58
41
32
59
12
27
33
20
32
48
19
32
73
65
47
44
29
175
7
129
66
48
43
38
12
42
45
80
73
54
30
33
106
8
21
74
36
26
30
27
19
78
41
13
23
32
68
19
190
53
123
92
47
149
14
51
79
4
68
33
26
52
51
15
10
37
34
123
24
31
44
157
67
29
77
5
44
45
48
24
47
47
53
52
25
160
26
90
105
14
11
61
16
53
31
45
30
124
52
36
11
26
40
22
11
5
122
7
14
13
66
98
42
58
16
31
93
27
21
16
40
18
31
57
32
66
32
25
117
25
53
36
35
15
54
63
28
82
44
7
21
80
29
38
11
29
48
14
30
7
65
147
23
70
28
33
96
52
46
72
50
4
57
35
70
67
10
19
126
38
32
41
69
16
74
65
45
28
49
65
53
43
78
37
83
115
117
27
43
24
21
57
32
27
72
110
23
65
11
14
19
32
32
80
76
50
81
54
46
7
133
117
12
42
30
113
9
25
137
29
45
28
22
23
40
39
34
45
95
31
41
43
37
64
62
53
59
117
12
6
7
5
22
4
26
19
11
12
9
22
17
14
9
6
26
45
24
29
31
25
25
17
28
13
14
37
35
9
23
11
38
57
19
6
27
18
30
7
5
42
45
8
20
16
29
22
9
51
30
9
10
40
42
8
32
85
34
13
44
54
49
34
16
42
5
16
15
13
38
9
30
18
58
67
19
9
48
43
35
25
84
50
18
38
6
34
84
50
37
54
22
50
33
13
30
29
13
31
32
44
58
77
47
37
81
52
56
32
11
24
48
23
95
128
31
25
31
74
26
101
64
38
66
40
15
39
50
29
46
25
4
9
43
27
56
6
51
25
25
80
46
88
93
55
35
125
150
11
56
25
78
77
33
124
24
34
46
40
30
61
24
32
36
18
17
22
30
9
36
35
43
137
18
44
101
81
80
67
103
54
7
32
49
28
88
36
111
20
96
24
8
21
126
16
33
13
7
139
98
67
43
28
11
66
50
46
92
4
103
58
29
26
11
39
47
138
14
113
8
27
41
95
54
37
4
27
54
94
119
78
37
9
38
86
18
83
35
52
88
54
18
136
136
50
44
42
54
40
23
12
192
24
53
10
38
19
38
26
22
34
43
34
50
4
127
98
27
12
142
61
36
44
30
48
117
31
34
159
27
36
35
115
57
28
24
21
71
66
92
46
17
18
89
40
31
70
15
70
8
101
30
111
59
68
69
136
25
191
24
105
20
18
93
179
4
185
71
38
54
106
64
79
105
43
42
41
71
49
27
45
32
67
42
17
7
5
136
125
56
110
113
53
226
25
59
43
33
118
57
20
132
188
199
72
45
78
117
64
28
19
25
54
32
116
18
33
4
120
9
45
26
23
4
40
160
90
37
74
266
94
46
61
173
19
18
146
54
83
60
17
18
162
230
267
56
65
34
113
7
162
16
18
50
116
31
62
37
24
164
62
33
51
119
85
154
215
35
108
140
10
200
138
125
169
65
13
112
75
22
14
153
165
30
209
284
63
93
112
5
27
52
61
12
34
63
15
5
30
78
76
22
104
123
105
18
31
24
186
198
83
133
185
39
38
30
94
109
49
86
35
120
41
129
151
102
282
60
172
44
67
90
53
111
134
172
145
115
62
111
186
164
177
146
87
178
100
133
123
5
6
9
16
17
8
5
18
13
13
21
27
24
9
41
17
37
22
42
5
19
15
15
4
35
28
46
31
49
29
23
30
48
28
26
44
40
20
11
33
42
45
11
16
43
7
37
16
16
68
30
18
23
43
30
34
41
24
17
16
25
17
17
26
34
44
70
52
37
41
29
12
14
40
84
53
42
85
34
10
42
36
37
24
37
73
16
51
30
19
75
24
27
33
26
6
15
30
22
52
66
28
17
43
67
52
45
37
35
16
32
20
37
28
92
43
70
33
16
55
44
23
12
103
98
14
41
49
59
11
28
71
31
64
36
105
15
19
31
33
23
20
6
16
49
42
33
54
61
94
34
118
6
26
81
53
32
22
125
15
60
43
9
15
10
41
117
41
23
18
41
76
24
64
110
27
49
24
12
38
80
29
93
4
33
35
77
109
49
61
130
5
46
43
9
107
62
34
33
13
28
133
14
33
107
46
86
11
41
12
41
24
32
134
38
8
45
10
27
139
49
4
72
26
29
14
39
31
29
43
26
7
51
29
17
56
63
55
28
88
31
24
6
14
81
144
75
43
45
19
54
11
90
26
42
58
77
8
75
24
26
37
55
11
32
15
39
5
5
28
77
35
23
5
37
22
10
30
20
34
13
18
78
43
81
11
18
30
41
9
41
60
16
32
25
12
31
26
64
45
76
41
50
36
27
44
32
123
49
8
74
23
83
122
72
69
43
28
48
57
51
25
61
91
43
62
35
14
39
71
26
13
118
35
53
25
51
10
70
49
54
37
28
101
131
48
43
24
97
21
78
74
34
82
89
9
34
108
117
31
27
55
159
86
58
46
79
43
43
52
68
34
18
28
97
53
6
31
77
154
13
90
40
43
141
41
48
57
47
22
76
126
32
15
126
21
41
38
5
197
67
25
57
41
6
93
41
59
41
25
5
28
46
21
55
141
28
49
27
100
74
39
193
61
26
73
122
73
41
175
43
8
227
35
24
45
72
61
28
45
42
8
17
4
17
98
46
24
84
30
16
21
250
21
76
72
37
213
25
177
53
43
21
24
38
36
32
20
11
10
72
32
13
16
30
29
41
237
96
61
184
70
37
220
40
53
94
67
61
193
98
94
113
238
122
136
215
156
218
186
5
7
15
13
19
29
9
26
28
33
36
7
15
10
37
28
4
34
22
29
4
28
26
11
44
20
17
23
34
60
12
33
29
35
24
42
5
21
38
34
15
23
33
43
42
30
41
30
18
37
18
14
41
6
27
28
11
34
31
45
58
43
36
48
85
40
16
14
72
88
16
30
29
8
11
69
22
16
100
33
96
44
34
15
70
34
56
25
51
55
60
11
49
35
26
61
49
54
19
52
25
130
26
4
48
35
13
37
124
34
69
51
30
39
58
17
21
27
28
99
52
31
13
64
34
98
35
134
4
44
12
65
12
6
68
51
36
46
40
31
9
29
54
100
54
21
117
79
61
11
30
23
28
54
105
22
49
5
19
7
126
36
8
87
90
42
5
11
16
58
7
14
38
27
28
14
77
43
40
17
47
18
42
40
34
40
23
45
50
20
48
52
81
61
31
46
115
16
28
67
22
115
19
18
46
21
47
73
53
20
41
64
10
52
13
31
64
26
50
62
44
38
22
87
66
35
133
27
39
23
68
67
23
61
7
89
88
75
17
22
44
26
42
45
94
57
46
94
55
92
5
16
19
16
69
62
37
37
96
36
51
48
108
35
60
59
43
63
107
7
82
75
39
146
9
49
85
112
155
28
51
44
61
6
50
53
20
122
69
26
33
54
66
61
45
54
42
58
66
68
41
68
40
48
61
128
196
19
130
30
6
155
58
135
51
17
18
29
39
50
43
104
53
63
55
94
55
47
23
53
114
47
104
122
43
34
54
141
70
5
105
50
103
58
118
43
62
198
29
71
41
51
4
27
22
58
123
29
115
21
62
7
34
107
133
7
102
16
41
50
49
61
52
40
61
124
45
18
168
25
51
46
13
58
32
115
57
60
14
175
36
71
128
121
22
54
57
150
86
20
14
60
6
130
205
80
107
23
20
127
25
22
8
31
26
91
84
10
39
98
29
122
9
5
44
139
20
26
221
43
8
82
51
9
160
7
23
13
31
99
22
22
45
48
48
44
29
56
137
82
44
29
5
22
8
136
44
19
52
19
10
26
93
42
52
60
40
73
178
18
6
10
66
4
63
18
40
32
92
62
22
108
94
91
36
31
50
77
91
38
123
37
77
94
99
80
117
73
107
132
