12
14
17
22
27
33
32
34
38
42
43
42
46
47
48
53
54
54
56
60
63
63
66
74
72
74
79
81
81
84
86
87
90
90
93
94
96
96
100
101
100
106
107
110
109
112
113
114
117
120
121
123
128
127
131
134
132
134
138
138
142
144
146
146
147
149
151
152
156
158
157
161
165
170
172
174
173
176
178
177
181
182
183
188
189
191
192
193
191
195
201
206
208
209
210
211
212
215
215
211
220
225
218
226
231
229
233
238
237
239
237
243
244
244
247
251
256
258
257
260
265
264
269
272
270
276
275
273
281
280
288
288
292
296
301
300
305
307
311
313
316
317
321
320
325
324
328
337
341
348
348
352
352
353
356
360
364
368
377
372
382
399
400
403
408
438
442
478
482
486
490
494
498
502
506
510
514
518
522
526
530
534
538
5
5
5
9
7
15
12
11
7
15
5
19
13
9
16
26
13
24
36
18
33
42
37
28
41
42
46
5
52
9
9
6
13
13
5
12
9
6
10
9
13
17
5
8
12
5
12
9
20
5
10
9
9
14
13
5
41
9
26
30
34
5
5
9
9
5
9
13
5
5
5
11
15
19
16
23
27
5
8
9
5
12
9
5
9
5
9
5
9
5
9
5
9
5
9
13
17
21
25
29
33
37
41
45
49
53
5
9
5
9
5
9
13
17
21
9
25
13
29
33
37
5
41
9
45
5
9
13
17
21
5
9
7
9
11
13
17
5
9
5
9
5
9
5
5
12
17
21
25
29
5
5
9
10
5
9
13
5
9
5
9
5
9
5
9
7
11
5
9
13
5
9
5
9
5
9
5
9
13
17
21
25
5
9
13
5
9
8
12
5
9
5
9
5
9
5
9
5
9
5
9
13
5
9
5
5
9
12
13
17
21
5
9
5
5
9
9
5
9
7
11
5
9
5
9
13
17
21
25
29
33
37
41
45
5
49
9
53
57
61
5
9
5
5
9
6
10
10
5
9
6
10
5
9
5
9
5
9
13
8
12
16
5
9
5
9
5
5
9
9
5
9
5
9
5
9
13
17
5
9
5
9
5
9
5
9
6
10
5
9
13
17
21
5
9
5
5
12
9
13
5
9
5
9
13
5
9
5
9
5
9
5
9
13
17
5
9
12
14
17
22
27
33
32
34
38
41
42
42
46
46
48
51
50
52
54
57
56
57
61
62
64
63
69
69
73
77
77
80
82
83
83
87
92
92
92
92
97
100
105
108
108
111
114
114
117
117
118
123
124
123
126
127
128
129
134
136
135
136
141
142
140
142
145
146
150
149
152
154
157
160
161
163
165
167
169
171
173
177
177
180
184
184
184
188
187
193
196
194
196
197
202
201
206
206
210
207
213
217
215
222
221
221
219
226
229
223
226
227
237
238
234
242
242
246
246
251
250
250
255
254
258
262
266
272
281
285
288
288
289
292
292
298
309
315
313
316
320
320
326
328
332
333
336
342
340
346
360
364
389
393
397
469
473
552
556
564
568
572
684
688
5
9
5
9
5
9
5
5
9
9
13
13
5
9
5
9
13
6
5
12
9
5
5
9
5
13
9
5
5
9
13
11
14
17
15
5
9
13
5
9
5
13
9
5
8
9
13
12
16
5
9
5
5
9
13
12
16
5
9
5
9
5
9
13
5
5
9
11
5
9
5
9
5
9
5
9
5
9
5
9
5
9
5
9
5
9
13
17
5
9
5
9
5
9
5
9
5
9
5
9
13
17
21
25
5
9
13
5
9
13
5
9
5
9
5
9
5
9
5
9
5
9
5
5
9
9
5
9
5
9
5
9
5
5
9
9
5
5
9
12
5
9
5
9
5
9
5
5
9
11
5
9
5
9
5
5
12
9
5
9
5
9
5
9
5
9
5
5
9
9
5
5
9
13
9
6
10
14
5
9
13
5
9
5
9
5
9
13
5
9
5
9
5
9
5
9
13
17
5
9
5
5
9
9
5
9
5
9
13
17
21
25
29
5
9
5
9
9
13
5
9
5
5
9
9
5
9
13
5
9
5
9
5
9
13
5
9
5
9
13
17
5
21
9
5
9
13
5
9
5
9
5
9
5
9
13
5
9
5
9
13
17
7
24
19
23
5
9
5
9
13
17
21
5
11
32
36
40
44
48
7
8
11
16
5
9
5
9
5
9
13
5
9
5
9
5
5
9
9
17
21
5
9
5
9
13
5
9
5
9
13
5
9
13
5
9
5
9
13
5
9
5
9
5
5
9
13
13
5
9
5
9
5
9
5
9
12
14
17
22
27
33
32
34
38
42
43
42
46
47
48
54
54
56
58
60
63
64
66
67
70
73
74
77
78
79
83
82
87
87
86
91
94
96
98
100
100
103
105
102
106
112
112
114
115
117
113
120
123
117
127
126
128
124
134
134
128
137
141
132
143
145
139
148
154
155
143
158
158
162
164
162
166
166
168
158
173
173
162
176
183
173
187
190
192
193
194
181
196
197
185
201
204
208
191
209
210
212
213
200
219
223
204
226
227
227
227
232
235
238
239
240
242
243
247
249
254
254
258
259
262
263
270
274
274
278
280
284
290
294
298
300
302
304
308
312
312
315
319
329
330
331
335
337
340
342
341
344
348
352
356
360
360
365
364
369
364
368
372
373
368
377
372
381
393
397
5
9
5
8
9
11
15
17
5
21
22
25
11
5
9
5
5
9
9
5
5
9
11
5
9
5
9
13
5
9
5
5
9
12
5
9
5
9
5
9
13
5
9
5
9
5
9
5
9
5
9
5
9
13
5
9
6
10
5
9
5
9
5
13
17
13
17
21
5
9
5
9
5
9
5
9
5
9
5
9
5
9
5
9
5
9
5
9
13
5
9
5
9
5
8
12
16
12
5
9
5
9
5
9
5
9
5
9
5
9
5
9
5
9
13
17
5
12
5
17
16
16
5
11
31
35
39
5
9
46
50
5
9
7
11
5
9
5
9
5
9
6
8
18
12
19
25
23
5
9
5
9
5
9
5
9
5
9
5
9
13
17
21
5
9
5
9
5
9
5
5
9
9
13
17
21
25
29
33
37
41
5
45
9
50
54
58
62
66
70
74
78
82
5
9
90
94
98
102
5
9
5
9
13
17
5
9
5
9
5
9
9
13
5
5
5
5
11
13
9
10
15
19
23
7
11
27
5
9
13
5
9
5
9
13
5
9
13
5
9
5
9
13
5
9
5
9
5
9
5
9
5
13
17
10
5
14
5
9
9
5
9
5
5
9
9
13
5
9
17
25
5
9
8
12
5
9
5
9
5
9
5
9
5
9
13
17
5
9
5
9
5
9
5
9
13
17
5
9
5
9
5
15
9
19
23
5
9
13
5
9
5
9
5
9
5
9
5
9
13
17
5
9
5
9
5
9
5
9
5
12
14
17
22
27
33
32
34
38
42
43
42
46
47
48
53
54
54
56
60
63
63
66
67
70
71
77
77
78
78
81
82
83
82
86
88
88
92
94
93
96
99
101
100
104
102
106
107
110
110
110
113
113
115
120
117
120
123
125
125
125
123
131
133
133
134
137
138
139
141
142
145
139
147
148
143
151
155
157
153
162
161
157
166
161
168
168
175
176
170
175
179
176
183
187
180
191
191
190
184
196
202
202
198
204
202
210
209
212
209
216
218
210
220
222
224
224
227
233
232
228
238
239
244
245
244
248
251
239
253
252
256
257
260
265
269
268
270
273
274
271
279
283
285
289
315
323
327
329
333
337
342
341
345
346
349
348
356
352
360
364
364
376
378
380
382
384
388
389
388
395
393
396
400
397
401
422
426
5
9
13
5
9
13
5
17
11
21
25
5
9
13
5
9
5
5
9
14
18
8
17
22
12
27
5
15
9
22
5
9
5
9
5
5
9
13
13
5
9
9
13
5
9
13
17
21
6
25
10
29
5
5
9
12
16
20
7
14
27
5
9
13
5
9
5
9
5
9
5
5
9
9
13
13
8
12
5
9
5
5
13
9
5
9
5
9
13
5
5
5
9
11
9
5
9
5
9
5
9
5
9
5
9
5
5
9
13
9
5
9
5
9
13
5
9
5
9
5
9
5
9
13
5
9
5
9
5
9
5
9
13
5
9
5
9
5
8
9
12
13
16
20
5
9
5
9
13
17
21
25
5
9
5
9
13
5
5
9
9
5
9
13
5
9
5
9
13
5
9
5
9
5
9
5
9
5
9
5
9
5
9
5
9
5
9
13
5
9
5
9
5
9
5
9
13
17
21
25
29
33
5
9
13
5
9
5
9
5
5
9
10
5
9
5
9
5
9
5
9
5
9
5
9
5
5
9
9
13
5
9
9
9
13
16
5
9
13
17
5
9
5
9
5
9
5
9
13
5
9
13
5
9
5
9
13
17
21
25
29
33
37
41
45
49
5
53
9
60
5
64
9
68
72
76
80
84
88
92
96
100
104
5
5
12
113
9
16
121
21
125
5
129
9
5
9
5
9
5
9
5
9
5
9
5
9
5
9
5
13
9
17
5
9
13
17
21
25
29
33
5
12
14
17
22
27
33
32
34
38
42
43
42
46
47
48
50
54
56
58
58
58
63
64
65
63
68
69
69
74
75
77
77
83
84
84
87
89
93
93
92
97
98
100
104
111
111
111
115
117
120
119
121
123
126
127
127
132
136
135
138
141
144
141
142
147
147
150
151
154
152
154
157
164
166
165
169
170
170
174
176
179
183
183
187
187
189
191
192
194
197
198
201
202
205
205
207
209
212
211
213
214
216
215
218
219
223
222
224
223
228
229
227
232
235
236
239
243
244
245
248
248
249
249
251
253
254
258
255
258
258
262
262
262
266
266
271
270
275
279
280
274
279
284
286
288
282
288
286
296
297
306
308
307
312
315
319
320
324
330
334
370
374
395
399
403
403
407
410
418
422
426
430
440
434
5
5
9
9
5
5
10
9
13
8
12
5
9
5
9
5
16
13
17
21
26
23
25
5
9
5
9
5
9
5
5
10
9
5
9
5
9
5
13
9
17
7
11
9
28
13
5
9
13
17
5
21
9
13
25
29
17
33
21
37
25
29
41
33
45
5
40
9
44
48
11
15
58
83
5
9
5
9
7
11
15
5
19
9
13
5
17
21
13
8
25
12
17
27
5
9
31
9
24
9
16
28
5
16
32
12
36
5
9
5
9
5
9
5
5
9
9
5
13
9
5
9
5
9
13
17
21
25
29
33
40
8
16
48
20
24
28
32
5
9
13
5
9
5
9
5
9
5
9
5
9
5
9
13
5
9
13
5
9
5
9
5
9
13
17
21
25
29
33
37
5
9
5
9
5
9
13
5
9
5
9
13
5
9
5
9
5
9
5
5
9
9
13
5
9
13
5
5
9
9
5
7
9
11
9
20
13
24
5
9
30
13
17
21
5
5
9
9
13
5
9
5
9
13
17
21
25
5
9
13
5
9
5
9
5
9
6
13
5
17
10
24
13
5
9
5
9
5
5
9
9
5
9
5
9
5
9
5
9
5
9
13
5
9
5
9
13
5
9
5
5
10
9
5
9
5
9
5
9
9
13
5
9
5
9
5
5
9
9
5
9
5
5
12
9
5
5
9
11
5
9
5
5
5
16
9
16
13
17
21
25
29
33
37
41
45
49
5
9
5
5
9
11
14
17
20
12
14
17
22
27
33
32
34
38
42
43
42
46
47
48
50
53
54
56
58
63
64
65
66
69
74
75
77
76
80
81
82
84
85
90
92
93
98
98
99
97
104
101
106
108
112
112
112
111
116
118
119
125
127
129
127
132
136
135
139
138
139
143
144
144
148
148
148
151
154
154
158
159
162
163
165
167
167
170
173
178
172
176
182
187
188
190
192
194
196
198
193
202
203
205
206
201
208
214
216
218
220
220
222
224
215
225
228
226
231
234
242
238
245
249
250
252
252
256
258
256
260
256
263
260
263
268
271
272
272
267
278
278
271
282
277
275
289
288
288
294
282
292
296
288
289
298
304
293
295
309
313
315
316
304
321
320
311
325
311
315
319
317
335
321
323
339
330
334
334
354
356
341
358
341
345
345
349
354
377
361
358
381
383
362
388
368
366
370
374
384
378
388
382
394
388
392
398
402
406
410
441
416
445
420
424
428
432
436
440
444
448
490
497
459
463
506
467
510
471
475
479
483
487
491
495
499
503
582
586
590
610
614
714
5
5
5
13
11
15
15
6
19
6
10
10
23
27
31
5
35
9
39
5
9
13
47
12
11
56
15
60
5
6
66
5
11
13
70
15
10
74
19
78
23
82
27
86
31
5
9
13
17
5
9
5
9
5
9
13
5
9
5
9
13
5
5
13
12
6
5
10
9
5
9
10
15
14
19
5
9
5
5
9
9
5
9
5
9
5
9
5
9
5
9
5
9
13
5
9
5
9
7
11
15
5
9
5
9
13
17
5
9
5
9
5
9
5
5
9
9
5
5
13
9
5
17
9
21
5
26
9
13
5
9
5
9
13
5
9
5
9
13
5
9
5
9
13
17
5
9
5
9
5
9
5
9
5
9
5
9
13
5
9
5
9
5
9
5
7
13
13
17
21
25
29
5
9
5
5
11
9
18
9
13
5
9
5
9
5
9
13
5
17
9
5
9
5
9
13
17
21
25
29
33
5
9
13
5
9
5
9
5
9
5
5
5
9
10
9
13
17
21
5
9
13
5
9
13
5
5
9
9
13
17
16
20
28
32
5
9
8
12
5
9
5
9
5
9
13
5
5
9
9
13
17
5
9
5
9
5
9
5
9
13
5
9
5
9
5
12
14
17
22
27
33
32
34
38
41
42
42
46
46
48
51
50
52
54
57
56
57
61
62
64
69
69
76
77
79
80
83
87
86
87
89
91
92
95
101
100
103
107
107
109
110
113
113
116
120
119
124
123
126
130
130
136
139
138
140
141
143
144
147
147
150
153
155
157
159
160
166
166
169
171
172
177
176
180
181
183
180
184
187
187
187
191
191
193
194
195
200
202
204
210
211
209
214
218
218
224
222
226
228
230
233
237
237
242
243
248
249
249
250
253
256
254
260
260
258
267
262
271
266
270
280
274
284
286
278
290
282
294
292
294
296
299
301
304
293
308
297
301
318
305
322
311
326
315
319
342
342
329
348
333
353
357
363
364
367
368
381
384
388
388
479
483
487
509
513
5
9
5
5
9
10
5
9
5
9
5
9
5
9
13
5
17
9
21
25
5
29
9
33
37
7
41
45
11
5
9
49
5
55
9
5
59
6
6
9
10
10
16
18
22
5
29
9
37
9
13
62
5
66
9
13
71
17
5
9
23
5
9
9
7
20
11
5
15
24
9
5
9
5
5
9
9
13
17
21
5
25
9
5
9
9
32
9
16
5
18
5
9
20
24
11
28
31
35
32
24
36
39
40
43
44
48
52
5
9
5
9
5
9
5
9
5
9
5
9
5
5
9
9
5
9
5
9
13
17
21
25
29
33
37
5
9
5
9
5
9
5
9
8
13
12
16
17
21
20
25
29
33
5
9
13
5
9
13
17
5
9
5
9
13
5
9
5
9
5
9
5
9
5
9
5
5
9
11
15
19
9
13
5
9
5
13
9
19
5
9
13
5
5
9
9
5
5
9
9
14
5
9
13
17
21
5
9
5
9
5
9
13
5
9
5
9
5
9
5
9
5
5
9
9
5
5
11
9
5
9
5
9
13
17
5
9
5
9
9
13
17
21
5
9
13
5
9
5
5
9
5
12
13
13
17
21
25
29
5
33
9
37
41
45
5
49
11
5
14
24
28
32
5
9
5
9
5
9
13
17
5
9
13
17
21
25
29
33
37
5
9
5
9
5
9
5
9
13
17
21
5
9
5
9
5
9
13
17
21
25
5
9
5
5
9
9
5
9
5
9
13
17
5
9
5
9
5
9
5
12
14
17
22
27
33
32
34
38
42
43
42
46
47
48
53
54
54
56
60
63
63
66
74
74
75
75
79
79
83
87
89
90
93
96
97
97
100
102
102
105
104
110
110
113
113
118
118
120
123
124
125
126
131
132
133
135
137
140
142
144
147
146
148
150
154
153
159
158
159
164
165
162
165
169
166
175
178
180
181
184
189
189
188
193
194
196
198
200
200
202
204
204
208
210
212
213
216
217
220
220
223
229
227
229
233
233
234
238
238
235
242
238
242
242
248
248
250
246
254
255
258
259
259
262
266
270
267
276
284
288
296
299
303
303
303
307
322
322
326
342
346
363
377
385
389
395
399
476
480
499
503
547
551
5
9
5
9
13
5
5
9
9
13
17
21
6
10
9
16
15
23
12
5
16
9
5
5
9
12
8
5
12
9
9
13
13
6
17
21
10
25
5
29
9
33
5
37
9
9
41
45
13
49
53
57
61
65
69
73
5
5
9
9
5
9
5
5
9
9
13
17
5
21
9
5
6
9
10
13
14
5
18
9
22
13
26
30
34
38
42
46
50
54
58
62
66
70
74
78
82
86
90
94
5
98
9
103
5
107
9
13
5
17
9
5
9
5
9
5
9
5
9
5
9
13
5
9
5
9
5
9
5
9
5
9
13
5
9
5
9
5
9
5
9
13
5
17
9
21
25
15
5
9
13
5
9
5
9
5
9
13
5
9
5
9
13
17
21
5
5
13
9
17
21
25
29
33
5
9
13
5
9
13
5
9
5
9
13
5
9
5
9
5
9
5
9
5
9
5
9
5
9
5
5
9
9
13
5
9
13
17
5
9
5
9
5
9
5
9
5
9
5
9
5
9
13
5
9
13
5
9
5
9
8
9
12
13
5
9
13
17
21
5
5
9
6
9
10
5
9
13
17
5
9
5
9
13
5
9
5
9
5
9
5
9
9
5
13
15
15
5
9
5
5
7
9
13
11
9
13
5
9
5
9
5
5
9
9
5
5
9
9
13
17
5
9
5
9
5
9
5
9
5
9
5
9
5
9
5
9
5
9
13
5
22
11
26
15
5
9
5
9
13
17
5
9
5
9
5
5
9
9
5
9
5
9
5
9
5
9
5
9
13
17
5
9
5
13
9
12
14
17
22
27
33
32
34
38
42
43
42
46
47
48
53
54
54
56
60
63
63
66
74
74
75
75
79
79
83
85
88
89
90
94
95
97
97
99
100
101
107
106
106
108
114
115
115
118
119
123
122
124
126
128
130
133
134
138
137
140
144
144
142
144
149
152
154
156
156
158
162
161
165
166
171
174
173
174
181
183
183
183
187
188
190
192
194
196
198
200
202
206
205
206
211
211
212
215
216
216
221
221
225
225
229
234
233
235
236
238
237
240
241
247
250
256
257
258
262
266
273
279
279
278
284
284
282
286
293
294
297
300
301
304
305
309
308
341
345
347
353
357
364
371
414
508
512
516
520
524
528
5
9
5
5
9
9
13
5
5
9
9
5
9
5
9
5
9
5
9
5
9
5
9
5
5
9
9
5
9
5
9
5
9
13
5
9
5
9
5
9
5
9
5
9
5
5
9
9
5
9
5
9
5
9
13
5
17
9
21
25
29
33
37
41
5
45
9
49
53
57
5
61
65
12
69
16
73
77
5
9
5
9
5
9
13
5
9
5
9
5
9
13
5
7
9
11
5
9
5
9
13
5
9
5
9
13
5
9
5
9
13
5
9
13
5
9
5
9
13
5
9
5
9
5
9
5
5
9
9
8
12
5
9
5
9
5
9
5
9
5
9
5
9
5
9
5
9
13
17
21
25
29
33
37
5
41
9
5
9
5
9
5
9
5
9
5
9
13
5
9
5
9
5
5
9
9
5
9
5
9
6
10
14
18
22
26
30
34
38
5
9
45
49
53
57
61
65
5
69
9
13
17
21
5
9
26
13
5
9
5
5
5
12
12
16
16
20
8
12
16
20
6
10
14
5
9
5
9
13
17
21
25
5
9
13
5
9
5
9
13
5
9
13
17
21
25
29
33
37
6
41
45
10
49
53
57
61
65
69
5
73
6
77
12
81
16
19
85
26
91
95
30
99
103
107
111
115
119
123
127
131
135
139
143
147
151
155
159
5
5
163
12
12
170
174
178
5
182
9
186
190
194
198
5
9
5
9
5
9
13
5
5
9
9
5
5
9
9
13
5
9
5
9
5
9
5
9
5
9
13
5
9
5
12
21
5
9
13
5
9
13
17
5
9
13
17
21
25
12
14
17
22
27
33
32
34
38
41
42
42
46
46
48
50
52
54
54
56
57
61
62
71
71
71
73
75
77
78
84
86
83
87
91
91
96
96
98
100
100
102
106
106
105
111
110
109
111
118
117
121
122
123
123
128
128
128
129
133
137
136
137
141
140
141
147
149
146
148
152
153
152
157
161
163
163
165
167
166
169
174
174
178
179
178
180
184
184
184
186
190
193
194
195
197
199
200
202
204
206
208
211
214
218
218
216
221
223
225
228
227
229
229
232
232
236
236
238
240
240
245
244
249
248
255
257
259
254
257
258
266
265
274
276
278
279
280
282
282
286
287
297
301
303
307
311
311
315
316
319
323
331
327
335
338
342
347
346
350
352
356
360
396
400
413
415
419
419
423
427
529
533
610
614
5
9
5
9
5
9
5
13
10
17
21
14
25
5
9
5
7
9
13
11
5
17
9
5
13
12
5
9
9
17
14
24
18
19
22
31
27
31
5
16
9
41
20
55
45
49
53
57
61
65
5
69
9
9
7
13
8
8
17
13
14
8
21
25
9
12
21
13
25
5
9
5
9
13
17
5
9
5
9
5
9
5
9
6
5
9
13
5
17
9
21
14
25
18
22
26
5
5
9
9
13
5
9
5
5
9
9
13
5
9
5
9
5
9
13
5
5
17
9
9
9
24
16
13
17
5
9
5
9
5
9
5
9
5
9
9
5
13
9
5
9
5
9
5
9
5
7
9
11
13
5
9
5
9
5
9
13
17
5
9
5
9
5
9
5
9
5
9
5
9
5
9
5
9
6
13
10
5
9
5
9
8
12
5
9
5
9
5
9
5
9
13
17
5
9
5
5
9
9
13
5
9
5
5
12
10
14
27
18
22
5
26
9
5
9
8
12
5
9
13
5
5
9
13
5
9
5
9
5
9
5
9
5
9
13
5
9
5
9
5
9
5
9
5
9
5
9
5
9
5
9
5
9
5
9
5
9
5
5
9
9
13
13
17
21
25
29
33
5
9
13
5
9
5
9
5
9
5
9
5
9
5
5
10
9
5
9
5
9
5
9
5
13
9
13
17
21
25
5
9
13
17
5
9
13
17
5
9
5
9
5
9
5
9
5
9
5
9
5
5
15
20
5
9
13
12
14
17
22
27
33
32
34
38
42
43
42
46
47
48
50
54
56
58
63
62
68
68
69
73
74
75
75
80
79
79
81
86
89
90
93
93
98
97
101
103
106
106
105
108
110
112
114
115
120
119
120
123
128
128
127
132
134
131
137
139
139
142
143
143
150
151
152
154
156
156
156
161
160
163
167
168
175
177
176
182
182
188
184
192
193
192
193
198
197
199
200
201
205
205
207
209
209
213
213
216
218
223
225
225
227
227
225
232
235
236
232
239
242
240
243
250
256
261
260
264
268
268
273
272
275
278
279
282
286
293
290
294
297
302
302
301
304
306
305
312
309
314
318
314
318
325
322
329
326
330
334
344
351
350
342
355
346
352
356
374
360
378
368
372
376
380
384
388
488
492
620
624
5
9
5
9
5
5
9
11
6
5
10
14
9
18
22
5
26
9
30
8
5
12
5
9
9
13
17
5
9
5
5
12
12
8
5
12
13
8
12
16
8
10
14
14
5
9
5
9
5
13
13
17
21
5
9
13
17
5
9
5
9
5
13
9
13
17
23
10
27
14
32
36
40
44
48
5
5
9
6
9
10
5
5
9
9
13
5
9
5
9
13
17
21
5
9
5
9
13
17
21
5
9
5
9
13
5
9
13
17
5
9
21
5
5
9
9
5
12
15
19
5
9
5
9
13
17
21
25
5
9
13
17
21
5
5
9
9
5
13
9
13
5
5
9
9
5
9
13
17
5
9
5
9
5
9
5
9
5
8
17
12
5
9
5
9
5
9
13
17
5
9
5
9
5
9
5
9
9
13
17
21
25
5
9
5
5
9
9
5
9
13
5
9
5
5
9
13
17
21
25
5
9
5
9
13
5
9
13
5
9
5
9
5
9
13
5
17
9
9
13
5
9
5
9
5
5
9
9
13
5
9
13
5
9
5
9
13
5
9
5
9
5
9
5
9
13
5
9
5
9
5
9
5
9
5
5
9
15
16
20
5
9
13
5
9
5
9
5
9
5
9
13
17
21
25
29
5
9
5
5
9
9
5
9
5
9
13
5
9
7
20
18
5
24
5
12
30
11
14
34
18
22
38
7
22
11
5
9
13
17
21
6
5
5
10
27
14
9
34
5
9
5
9
5
9
5
9
12
14
17
22
27
33
32
34
38
41
42
42
46
46
48
50
52
54
54
56
57
61
62
71
71
71
73
77
78
84
86
87
91
91
92
95
97
98
100
101
101
106
107
107
106
110
113
115
117
118
118
120
125
128
132
134
137
140
144
147
148
152
152
152
156
156
156
160
161
162
162
162
168
167
169
172
175
174
176
181
181
183
187
185
187
187
189
192
192
194
195
199
199
204
206
203
212
213
214
218
218
222
225
227
230
230
231
232
234
237
242
241
247
246
245
251
251
256
253
261
257
265
267
270
269
273
271
275
281
281
286
285
290
298
300
302
304
307
316
320
323
325
331
332
336
337
338
370
374
375
379
383
386
387
390
392
392
396
397
396
401
400
404
429
447
451
506
5
9
5
9
20
5
5
9
8
13
9
16
9
30
13
37
41
5
9
13
5
9
13
5
9
5
9
5
9
5
9
7
13
9
5
14
13
9
25
29
33
5
5
9
13
17
21
5
9
5
9
5
9
13
5
5
9
9
13
5
9
5
9
13
17
5
21
9
25
29
33
37
5
9
5
9
5
9
5
9
5
9
5
9
13
5
9
13
8
12
5
9
5
9
5
9
5
9
5
9
5
9
5
9
13
5
9
5
9
5
9
5
9
13
17
5
9
13
17
21
25
29
33
37
41
45
5
9
5
9
5
14
9
18
22
5
9
5
9
9
13
17
21
25
29
5
33
9
37
41
5
9
5
9
5
9
5
9
5
9
13
5
9
5
9
5
9
5
9
6
10
5
9
5
13
9
17
5
9
5
9
5
5
9
16
19
7
11
15
5
5
9
10
19
17
21
5
25
29
10
33
14
18
5
9
13
5
9
13
5
9
5
9
5
9
13
5
9
5
9
5
9
5
9
5
9
7
7
11
11
15
19
5
9
5
9
5
9
5
9
5
9
5
9
9
13
5
9
5
9
13
5
9
5
9
13
5
9
13
5
9
5
9
5
9
5
9
5
9
5
9
5
9
5
9
5
9
13
17
8
12
16
5
9
5
9
5
9
13
5
9
5
9
5
9
13
17
5
9
5
9
5
9
8
12
16
20
6
10
18
9
13
5
9
5
9
5
9
5
9
9
13
5
9
5
9
5
9
13
17
5
9
5
15
16
21
21
23
32
35
41
42
43
46
47
53
51
56
57
59
60
60
65
64
66
68
71
71
72
75
75
75
83
82
85
87
87
89
91
94
93
97
99
103
103
104
108
110
115
116
115
121
123
124
124
128
131
133
133
137
139
141
141
144
146
150
150
151
149
154
155
157
161
164
166
167
165
169
169
173
173
177
181
182
185
188
187
189
189
194
197
198
199
202
204
205
207
209
212
216
215
220
220
215
224
225
228
223
229
232
238
230
242
246
243
246
246
250
252
253
254
255
257
257
260
261
263
264
269
270
267
274
271
275
285
289
294
294
298
300
302
306
310
322
323
326
327
337
341
344
349
351
353
359
363
390
394
407
411
412
416
484
488
5
9
13
5
9
5
9
5
9
13
5
5
9
9
5
5
9
13
13
17
5
9
5
13
17
12
21
13
17
5
21
12
16
20
24
28
5
5
9
9
5
15
13
9
17
21
25
29
5
9
40
13
17
45
49
53
60
8
67
15
71
13
88
17
5
9
9
13
5
7
12
16
21
26
5
9
5
9
5
9
5
9
5
13
9
17
13
5
5
9
9
13
5
9
5
8
9
12
5
9
13
5
9
5
9
5
13
9
17
21
5
9
5
9
5
9
5
9
5
9
5
9
5
9
5
5
9
5
9
16
12
18
22
5
9
5
8
9
12
13
16
20
5
9
13
5
5
9
16
12
20
16
24
5
9
13
5
9
5
9
13
17
5
9
5
9
5
9
5
9
5
9
9
13
9
13
7
11
5
9
13
5
9
5
9
8
12
16
5
5
9
11
13
5
9
5
9
5
9
5
9
5
5
9
9
5
9
5
9
5
9
13
17
5
9
5
9
5
9
13
5
9
13
17
5
9
7
11
15
19
23
5
9
13
17
5
9
5
9
5
9
5
9
13
17
5
9
5
9
5
9
13
5
9
5
9
5
9
5
9
5
9
5
9
13
5
9
5
9
5
9
5
5
9
9
13
5
9
5
9
5
9
5
9
5
9
5
9
5
9
5
9
13
17
5
9
5
9
13
5
5
9
5
9
9
13
5
9
13
17
21
5
5
9
9
13
17
5
9
5
9
5
9
5
9
5
9
13
5
9
13
5
9
5
9
13
17
21
5
9
15
16
21
21
23
32
35
41
42
43
46
52
53
57
59
60
61
64
68
68
71
72
75
75
75
80
81
81
82
88
88
89
92
93
98
97
97
98
103
103
103
105
110
111
114
113
115
119
119
122
122
127
129
129
131
130
134
141
138
146
147
142
151
151
151
155
154
159
162
160
168
171
174
175
175
173
180
181
183
180
185
185
184
189
192
198
195
192
203
202
196
205
200
204
204
215
216
218
221
211
224
228
229
229
232
233
234
235
239
239
245
246
243
249
252
251
256
257
259
260
263
267
268
267
274
276
279
280
281
283
286
287
292
291
305
309
313
313
317
322
321
326
328
331
335
335
335
340
339
344
343
348
355
363
367
367
372
371
376
381
385
393
397
401
404
408
412
427
431
434
438
438
443
5
5
9
6
7
5
13
11
11
17
12
19
5
9
13
5
9
5
5
17
22
26
5
5
9
9
5
13
5
12
9
16
13
5
5
5
9
10
9
5
9
5
9
5
9
5
13
9
5
9
5
9
5
9
5
9
5
5
9
9
13
5
9
5
14
11
26
5
18
32
12
39
43
47
51
8
12
5
9
5
9
5
13
9
17
13
24
17
21
28
35
29
35
43
47
51
5
9
5
9
13
5
9
5
9
5
9
5
9
5
9
5
9
5
9
13
5
9
5
5
9
9
5
9
5
9
13
5
9
5
9
5
9
5
13
9
17
13
17
21
5
9
13
5
9
13
5
9
13
5
9
13
5
9
5
9
6
10
5
9
5
9
5
9
13
5
9
5
9
5
9
13
5
9
13
17
5
9
5
9
5
9
5
9
5
13
9
17
12
25
16
33
20
24
28
5
9
13
17
5
9
5
9
13
5
9
13
5
9
13
5
9
5
9
5
9
5
9
5
9
5
9
13
5
9
5
9
5
9
5
9
5
9
5
9
5
9
5
9
5
9
13
5
9
5
9
5
9
5
9
5
9
7
8
11
16
5
9
5
5
9
9
13
17
21
25
5
9
5
9
13
17
21
25
29
33
37
41
45
49
53
5
57
9
63
13
67
17
21
71
25
75
29
79
85
89
40
9
93
44
97
5
6
9
105
58
12
110
64
35
39
89
140
93
144
148
100
104
108
112
116
120
124
128
132
5
9
15
16
21
21
23
32
35
41
42
43
46
52
50
53
56
57
60
62
64
65
64
67
71
72
72
76
78
79
80
82
86
86
89
91
90
95
95
98
99
101
101
102
110
111
113
113
116
115
118
121
121
124
127
126
129
129
133
137
137
141
143
141
142
148
149
147
152
153
154
158
157
163
161
167
169
165
170
170
169
180
184
186
188
188
191
193
193
194
199
200
198
206
205
206
210
205
210
214
214
217
218
221
218
224
226
222
227
235
230
239
240
241
245
246
249
245
244
253
253
256
251
257
255
263
265
260
269
270
264
274
280
281
284
286
286
291
293
294
297
298
302
325
326
329
330
333
337
342
346
365
367
369
371
374
373
375
379
378
377
381
387
383
391
387
391
409
412
413
416
416
417
422
421
425
440
444
5
9
5
9
5
9
13
17
5
9
5
5
9
9
9
13
17
21
25
29
33
37
5
6
45
9
49
14
5
53
5
11
57
15
11
66
22
70
74
78
82
86
5
9
13
5
9
5
9
13
5
5
9
9
5
9
13
5
9
5
9
5
9
13
5
9
13
17
5
9
5
9
13
5
9
9
13
13
5
9
5
9
5
9
13
17
5
5
5
9
13
17
21
21
25
25
30
34
5
9
5
9
5
9
5
9
5
9
13
5
9
5
9
5
12
19
27
26
31
5
9
5
9
7
11
15
19
5
9
5
9
5
9
13
5
9
5
9
5
9
5
9
5
9
13
17
5
9
13
17
5
9
5
9
5
9
5
9
5
9
5
9
13
17
21
5
9
13
5
5
9
9
5
9
5
9
8
12
5
9
13
8
17
12
18
14
18
5
9
5
9
5
14
9
18
13
5
9
5
9
13
5
9
5
9
5
9
5
9
5
9
13
17
5
9
5
9
13
5
9
5
9
13
5
9
13
17
21
25
5
9
13
17
21
5
9
5
9
5
9
13
5
9
5
9
5
9
5
9
5
5
5
9
9
11
17
5
9
13
17
5
9
5
9
13
5
9
5
9
5
9
13
5
9
5
9
13
5
9
5
5
9
10
14
18
5
9
7
11
5
5
9
9
13
5
9
13
5
9
5
9
5
9
5
9
5
9
5
9
13
17
5
9
5
9
5
9
13
5
9
5
9
5
9
