7
25
13
8
30
27
17
14
4
4
14
32
12
27
21
20
30
13
16
5
6
9
20
24
4
8
7
24
11
28
23
33
30
9
32
28
11
20
4
27
11
4
31
25
12
16
31
14
8
16
19
32
22
24
22
24
18
22
5
7
34
14
9
29
21
17
39
13
6
26
6
30
29
25
4
29
8
57
28
9
18
22
29
14
29
25
33
37
4
4
30
27
17
26
4
33
6
17
29
26
20
33
23
36
25
32
8
10
26
24
31
5
14
19
20
23
43
18
17
14
13
25
17
35
9
18
6
16
23
30
18
26
17
11
12
19
43
28
16
6
6
33
4
31
11
13
23
10
23
12
33
26
17
19
13
21
14
11
7
33
14
19
33
16
36
11
7
16
6
21
25
12
5
28
18
33
33
21
32
22
29
9
13
31
31
36
8
16
8
4
32
28
37
16
10
30
24
35
35
34
16
9
20
39
18
36
24
23
33
10
32
4
32
11
5
34
12
39
25
8
11
28
8
21
10
6
34
34
19
22
35
30
34
32
35
24
29
28
4
38
17
5
36
18
9
25
35
33
11
41
12
35
18
8
11
4
15
26
25
30
32
22
6
21
41
6
34
8
20
27
17
18
36
4
14
22
29
16
31
20
18
28
8
12
38
16
26
6
28
10
8
13
7
27
15
13
37
37
28
61
7
23
21
39
32
39
23
27
17
4
28
34
18
12
12
27
29
30
16
6
9
9
37
21
8
28
11
21
9
17
28
18
4
7
17
14
8
33
30
27
39
14
14
25
13
10
23
26
16
13
36
30
26
20
35
21
16
19
11
28
22
33
21
7
30
6
14
8
27
37
29
33
9
12
35
22
19
9
24
27
11
12
34
6
17
14
30
4
35
34
25
24
17
27
13
7
34
4
4
37
13
29
26
7
36
32
17
25
24
32
21
30
17
27
21
36
31
20
38
14
22
13
31
5
14
10
31
13
34
17
23
33
12
20
33
28
24
20
20
34
28
50
22
10
31
29
42
21
28
13
30
25
14
20
14
6
17
20
6
23
6
24
8
34
15
10
22
30
14
28
17
33
38
26
9
22
25
12
14
5
38
8
26
14
16
38
36
31
16
11
21
14
8
7
5
24
7
30
35
36
10
16
24
26
33
29
14
6
29
21
32
15
30
18
4
22
27
22
19
34
33
24
9
15
7
21
22
34
34
4
23
4
14
32
9
34
28
32
14
25
25
25
19
5
7
32
40
39
18
10
25
20
26
21
40
22
28
25
11
18
32
39
5
11
35
10
27
17
27
36
11
34
29
30
35
12
36
25
5
27
23
12
13
33
23
33
20
27
13
6
27
18
37
14
22
26
21
12
4
34
20
5
10
16
20
24
35
9
27
18
34
26
4
14
20
35
26
15
13
30
24
15
10
24
14
7
31
13
35
34
63
8
32
13
7
17
24
17
27
19
43
31
28
50
5
13
22
39
31
36
34
31
14
24
9
32
29
55
14
13
9
26
15
10
33
18
35
29
11
28
14
17
20
23
37
33
27
12
38
16
36
28
33
26
4
39
8
12
19
11
23
20
14
23
36
33
9
5
34
39
19
4
48
8
36
15
19
6
15
10
29
29
38
26
17
20
23
7
32
28
21
12
12
6
15
22
32
21
11
23
13
19
7
13
4
17
26
35
19
10
25
45
65
25
28
30
13
35
26
9
24
30
20
27
22
10
24
5
5
28
8
26
24
32
15
20
11
21
21
32
18
17
29
20
34
13
28
29
17
16
34
34
14
9
17
24
18
31
25
11
25
37
25
12
30
33
6
30
37
32
17
18
5
10
10
9
35
12
20
15
21
24
18
12
18
25
19
14
34
15
25
7
16
34
6
17
13
4
22
14
24
24
10
26
7
29
34
34
33
15
7
7
9
33
7
24
23
23
24
4
25
25
16
15
6
9
20
11
15
30
26
41
31
16
31
20
25
4
20
43
15
22
16
18
36
6
11
9
35
18
5
22
13
17
32
22
9
28
17
12
31
5
10
17
17
21
36
13
15
23
6
23
7
23
4
29
17
21
19
6
16
36
26
24
31
13
9
7
25
14
7
10
23
34
8
31
28
12
40
31
23
15
11
14
17
34
15
29
31
33
21
23
33
35
36
29
28
9
16
20
34
6
33
27
4
42
25
4
31
5
23
19
23
14
9
7
17
39
14
26
23
23
17
15
33
33
30
25
23
17
15
9
12
23
32
14
6
19
20
16
7
32
12
24
22
13
11
9
26
20
18
19
28
10
32
24
11
33
18
14
4
34
33
31
30
21
11
5
5
21
35
28
23
27
12
30
30
39
13
28
5
20
29
23
11
22
8
39
20
28
26
18
16
35
22
29
27
4
34
34
36
23
4
25
7
17
15
28
38
24
34
25
26
8
16
12
18
5
15
9
23
29
15
21
15
4
33
8
5
30
23
7
38
36
29
38
10
17
27
23
9
10
8
30
32
22
7
10
9
20
7
21
26
29
33
17
31
11
27
30
30
20
30
37
24
16
25
13
31
16
32
9
36
26
25
8
17
34
31
36
4
5
20
35
9
27
39
20
35
34
25
12
12
22
4
36
34
32
13
22
17
19
11
27
16
6
14
31
37
40
39
28
10
13
19
22
15
16
29
8
19
33
34
39
17
16
12
13
17
14
18
6
33
30
30
33
16
37
19
21
9
15
22
27
20
20
24
20
21
38
19
26
15
26
36
28
21
26
9
17
22
34
25
38
10
38
20
33
34
23
9
18
30
4
28
9
12
48
32
32
15
28
24
22
7
4
7
35
14
33
4
38
31
6
26
20
16
7
29
34
17
10
14
27
5
28
42
32
20
38
31
55
5
17
31
30
26
8
21
5
10
18
27
27
13
6
13
29
25
41
32
35
34
29
27
28
32
12
35
28
24
10
35
27
11
9
33
32
25
6
21
15
31
12
11
20
9
4
30
6
11
9
41
11
32
31
29
31
42
26
26
15
35
15
14
23
10
33
5
35
32
31
14
34
7
24
17
4
30
32
22
19
27
7
6
36
6
26
20
29
34
34
24
8
41
32
39
34
22
10
32
7
4
4
30
16
8
11
26
4
13
33
23
8
18
41
14
13
13
33
34
24
29
32
5
17
36
10
33
16
19
32
11
35
35
20
12
15
18
9
7
33
30
22
34
4
14
27
17
33
29
20
6
30
33
21
23
60
20
23
13
24
30
38
12
8
11
29
16
26
19
9
28
43
16
21
36
9
10
27
23
17
17
26
17
37
9
35
27
13
35
18
32
22
30
41
33
19
8
13
34
27
11
22
31
13
26
32
11
21
18
33
8
12
20
7
18
21
28
4
28
17
17
23
16
18
24
10
18
31
27
14
9
28
18
21
17
9
22
32
