5
6
19
11
13
21
15
25
4
31
35
29
50
16
33
16
31
7
52
33
29
8
53
66
30
56
11
76
9
32
19
74
52
76
56
58
46
27
9
13
76
33
24
55
86
113
26
66
36
20
75
77
113
124
80
13
41
73
17
45
56
102
103
100
70
55
74
74
113
163
35
118
74
61
50
26
45
148
128
55
99
106
58
32
105
69
59
124
85
210
30
19
133
80
111
96
178
165
27
84
47
180
69
86
21
95
12
129
32
45
22
168
38
206
16
15
106
81
8
102
60
7
80
198
104
151
21
166
47
90
113
82
137
82
66
161
199
50
53
104
185
10
65
12
60
39
63
66
42
106
58
181
255
71
166
170
165
90
223
113
59
62
247
89
78
66
106
26
149
97
41
163
161
120
261
228
176
139
48
216
10
50
99
67
232
151
16
290
104
97
34
272
79
158
114
160
89
25
138
47
76
78
261
64
358
240
23
274
17
152
115
172
349
98
56
85
9
124
168
102
194
193
257
112
56
224
95
271
11
99
62
72
105
148
92
45
205
117
81
105
128
11
315
80
129
185
336
109
215
68
208
126
185
155
121
33
71
21
125
42
336
38
352
172
311
231
294
87
112
32
468
126
185
201
161
136
180
139
161
150
305
36
202
86
238
168
391
167
47
147
141
253
260
18
74
51
195
24
49
26
290
130
151
116
339
211
279
84
239
182
199
255
113
41
139
42
49
75
114
410
243
48
207
313
69
403
125
72
167
224
312
380
107
174
214
285
182
212
76
263
154
366
283
195
248
337
197
390
306
337
118
96
160
50
70
260
229
103
186
363
277
257
88
273
204
277
107
290
74
297
169
148
135
93
121
166
189
525
331
146
232
391
188
519
241
298
148
356
194
257
328
214
281
307
155
364
204
285
259
151
278
499
372
404
150
150
179
333
302
194
186
351
211
314
231
341
371
262
301
184
325
193
182
249
264
407
625
280
190
230
398
308
566
200
385
311
460
341
350
229
371
329
340
258
593
344
452
327
347
246
273
360
325
342
251
373
356
336
343
308
382
640
620
332
354
373
538
366
311
315
430
303
410
358
404
394
424
336
347
349
368
600
371
622
577
400
474
401
388
396
608
674
463
512
443
643
493
552
594
500
5
10
15
16
9
24
30
35
30
12
19
15
39
51
38
52
22
31
53
53
62
29
55
33
45
62
29
47
67
28
57
15
69
55
53
53
85
13
6
9
24
77
80
69
88
111
76
12
93
59
57
40
74
58
10
121
76
21
45
34
56
71
5
13
9
60
11
54
47
32
98
138
77
49
73
71
83
109
97
39
23
37
5
132
50
85
200
85
51
64
69
56
151
141
71
40
60
15
68
72
64
116
130
71
100
78
87
146
97
60
96
110
54
136
129
34
89
30
126
75
37
155
70
83
122
165
66
191
22
176
148
24
153
68
65
262
241
92
104
44
70
82
98
10
199
108
70
124
65
154
152
111
17
225
187
171
83
137
6
112
205
26
173
109
30
43
228
118
201
110
176
145
34
91
162
284
26
244
222
196
117
54
149
319
5
73
54
267
80
46
162
207
95
112
212
15
130
117
111
53
139
60
40
217
50
268
8
197
93
17
87
220
105
195
189
42
125
201
133
8
157
248
54
166
200
227
202
55
202
151
339
125
172
74
117
114
200
269
75
83
169
315
294
103
81
300
126
258
222
103
117
200
201
121
77
142
144
176
292
176
69
99
103
18
297
210
138
58
60
273
17
212
111
231
15
224
207
106
32
243
84
301
38
86
94
384
176
213
104
200
211
215
334
239
32
368
395
136
133
374
45
299
168
85
323
40
189
51
230
244
254
134
285
47
244
45
174
95
102
75
98
141
98
97
52
113
322
277
172
103
95
39
210
194
351
65
375
137
200
165
351
284
305
38
277
96
137
303
433
74
116
172
494
377
245
352
36
82
47
96
256
434
111
88
301
25
346
309
256
152
340
163
291
108
152
185
157
152
168
226
128
281
203
62
249
299
214
266
86
459
297
197
83
239
186
293
253
240
135
309
337
124
153
347
557
194
351
454
135
242
142
167
329
136
500
401
162
422
295
346
254
350
184
314
199
242
251
159
247
293
376
301
265
302
312
451
235
246
177
389
364
245
328
454
414
208
434
436
240
214
264
321
257
349
416
295
497
364
381
437
348
332
287
325
251
336
473
333
303
286
284
336
397
272
457
384
380
516
332
384
444
493
570
306
397
348
410
369
360
352
470
411
502
486
484
394
528
422
432
481
14
17
20
16
33
16
32
33
7
28
10
46
43
18
47
38
16
20
63
56
68
56
71
32
18
58
54
25
49
47
78
79
95
67
20
41
46
55
21
88
53
11
59
41
105
77
20
40
47
21
48
59
83
11
26
102
59
66
114
62
79
112
36
68
37
147
58
60
135
23
138
60
18
47
47
78
76
41
101
5
49
33
12
22
20
119
24
60
43
115
154
183
101
24
121
112
113
113
62
55
106
199
27
28
82
69
215
84
216
44
24
32
73
99
84
62
67
173
79
106
82
77
74
94
186
173
39
62
65
60
30
233
38
94
88
90
109
108
80
113
117
124
23
101
37
121
111
198
152
80
41
113
38
220
73
164
165
95
156
99
84
170
171
52
102
44
126
259
136
148
44
163
98
187
168
95
145
155
232
89
131
300
194
98
134
42
91
199
187
204
142
106
128
86
66
134
242
84
178
90
154
17
278
176
259
48
108
154
78
72
196
272
139
137
251
13
147
263
62
251
86
240
83
269
90
204
200
100
118
86
159
29
401
201
292
83
241
277
110
102
170
107
80
138
20
120
142
211
127
56
298
197
42
272
39
75
153
44
127
93
199
298
51
205
105
296
129
232
274
78
63
127
345
82
358
107
162
293
14
331
262
177
131
300
87
174
141
194
287
410
392
191
322
269
65
210
236
146
43
175
143
186
149
234
340
88
95
321
149
214
80
201
173
309
261
155
278
212
380
25
283
60
20
368
188
34
168
8
186
113
374
220
235
76
9
245
361
395
161
124
395
251
251
301
142
60
450
280
483
371
432
235
118
262
299
185
115
272
151
95
220
286
251
184
440
186
196
283
114
347
255
359
152
421
406
395
258
95
270
128
130
481
280
115
253
191
401
289
183
402
143
352
328
359
304
173
404
507
282
195
347
422
254
572
226
480
157
378
280
175
392
484
346
300
507
196
452
296
500
322
333
311
224
282
548
340
277
252
342
423
354
354
370
386
419
236
269
513
336
445
472
365
570
517
318
324
493
268
264
348
501
277
396
430
300
629
296
291
369
382
295
349
450
494
296
514
359
488
422
382
484
355
472
359
505
436
392
426
698
361
415
384
368
563
503
402
454
417
490
504
464
740
427
504
552
493
464
771
493
736
6
6
7
19
17
24
34
37
10
29
28
42
44
15
57
52
53
49
58
30
46
63
37
35
62
68
20
62
52
42
4
77
52
48
73
65
25
17
34
29
23
65
34
26
40
88
116
16
82
67
23
116
53
77
122
111
70
30
87
95
91
73
12
104
127
110
102
158
50
24
87
85
91
61
58
40
74
54
69
110
9
68
162
100
89
31
27
20
80
139
109
122
108
59
209
62
89
120
43
109
204
105
168
166
177
174
96
175
165
112
59
103
150
51
21
107
102
79
92
164
153
104
78
127
41
35
89
95
77
18
6
97
61
145
77
61
139
78
156
83
136
277
6
93
18
171
62
159
202
141
42
239
192
99
253
130
62
17
114
226
183
72
38
58
29
187
117
38
193
169
69
71
12
134
232
23
124
176
52
98
97
148
98
151
8
208
132
173
117
152
148
90
166
83
89
66
160
111
286
70
61
48
299
142
205
242
90
153
210
301
244
329
92
6
130
279
273
37
82
108
19
167
139
103
241
95
161
20
106
47
297
162
168
228
24
179
89
76
218
123
115
182
226
157
41
66
144
104
25
334
175
80
34
210
275
274
37
168
164
284
169
90
259
336
265
171
368
83
412
105
194
318
54
41
85
132
101
204
184
85
83
192
244
38
157
256
384
215
149
261
98
53
192
201
223
213
106
106
251
79
41
30
197
183
106
224
387
26
43
373
319
369
220
256
91
270
253
197
20
33
302
240
460
233
518
106
118
189
256
330
172
53
179
73
61
178
18
312
110
202
94
255
139
189
347
504
51
333
198
46
382
178
97
210
246
198
148
232
196
145
112
316
252
54
233
469
11
364
198
222
249
275
111
338
194
155
396
109
465
323
189
180
350
262
189
127
408
143
134
157
246
270
398
212
260
331
603
153
383
468
194
170
235
340
275
231
268
274
168
172
405
345
101
236
369
456
137
120
574
321
396
348
197
128
149
287
392
263
480
206
263
441
348
469
233
223
219
345
196
303
509
698
478
306
350
219
330
241
289
225
213
322
456
358
206
616
215
401
406
356
434
323
298
300
248
531
297
320
281
692
389
290
339
267
404
303
614
413
419
343
445
495
321
334
370
733
320
355
343
524
449
464
347
471
402
377
597
433
627
460
10
18
18
12
16
14
33
5
20
21
37
26
40
40
33
31
28
32
15
27
73
21
52
58
38
14
65
21
66
61
10
23
41
57
20
19
65
40
4
110
56
49
78
114
25
31
70
83
97
22
66
47
48
70
88
75
64
26
41
80
50
81
15
90
69
5
78
8
61
63
47
159
18
32
57
52
4
7
121
142
108
13
37
143
67
44
139
45
83
158
161
96
64
5
121
63
61
39
166
19
11
144
5
96
155
98
87
117
105
105
178
85
112
40
195
77
26
121
183
176
35
40
94
45
76
36
70
123
51
159
23
57
171
41
125
94
234
108
122
182
188
71
29
89
134
170
127
178
118
172
25
267
159
38
85
231
109
74
157
165
254
71
57
52
96
89
276
160
125
260
66
100
162
8
143
45
224
43
144
73
112
13
16
197
185
265
229
111
116
154
195
269
150
125
100
255
249
333
167
114
36
46
160
261
111
17
59
26
154
7
133
308
173
104
209
168
298
112
183
44
25
266
187
235
202
78
167
161
92
257
36
101
106
110
93
105
144
141
295
204
164
118
225
246
204
237
21
132
65
215
154
384
202
235
85
138
171
350
185
151
182
296
194
101
162
26
226
373
356
204
254
278
100
226
77
75
230
362
198
199
264
182
131
191
4
351
112
177
169
115
30
4
405
142
193
244
295
216
176
286
227
65
286
159
211
199
276
170
449
23
133
167
210
109
462
262
151
295
161
371
104
162
247
69
339
56
450
489
222
232
190
236
133
283
333
161
303
447
321
302
184
55
92
31
137
217
91
85
124
223
83
240
463
125
57
255
97
129
305
261
84
257
268
366
265
78
290
133
437
222
217
218
372
525
314
267
163
279
210
280
323
79
450
119
440
504
298
254
285
350
215
511
399
391
375
279
289
126
215
318
211
151
387
309
156
227
367
263
299
246
365
320
286
191
173
513
304
461
409
437
219
173
265
221
407
346
409
208
426
567
378
254
288
284
490
274
453
436
365
351
227
276
434
332
431
301
246
317
311
314
511
330
593
381
469
461
522
412
425
451
445
465
304
398
341
383
459
368
304
565
389
387
371
387
317
473
662
493
394
346
416
408
476
502
427
359
552
412
383
494
472
404
454
464
447
558
508
422
467
496
4
4
24
17
30
12
41
25
39
18
28
31
39
51
57
13
59
12
31
16
59
20
45
54
21
26
61
60
72
68
34
24
48
50
82
50
35
28
106
53
82
52
69
106
59
68
46
67
40
76
83
27
71
57
46
117
122
56
36
52
9
101
117
104
25
47
71
106
15
85
102
60
79
52
95
45
54
86
115
174
139
23
79
65
121
124
44
35
75
172
38
68
92
32
15
168
211
179
43
168
167
110
48
75
13
14
141
117
131
13
22
25
183
148
132
106
128
194
7
41
51
84
227
108
56
184
82
171
87
75
146
91
86
22
174
214
21
65
229
96
123
32
89
146
71
280
198
22
156
272
21
14
107
52
73
246
43
158
48
205
271
96
166
317
201
47
251
96
116
93
77
89
154
182
41
28
236
180
269
167
57
244
106
100
158
318
98
137
149
89
261
129
93
187
193
60
128
215
87
385
31
71
126
384
88
86
296
90
154
324
55
92
48
126
372
374
114
258
136
239
145
317
152
174
255
101
29
258
52
107
82
89
258
326
289
303
90
126
353
178
242
233
91
197
314
244
200
107
201
227
34
268
102
120
290
140
291
99
168
225
497
203
188
332
111
111
184
440
391
123
171
245
236
441
235
251
204
179
207
363
119
285
126
191
16
248
332
356
224
52
431
147
355
445
155
342
205
163
242
277
286
299
323
109
203
127
245
75
377
246
220
148
372
305
306
43
81
272
484
245
230
174
284
302
280
501
348
147
228
331
268
487
257
332
241
179
336
106
400
85
259
454
344
86
122
222
117
445
66
287
340
85
311
265
251
383
261
179
332
128
294
270
293
132
175
382
322
315
492
328
334
407
386
364
202
574
318
334
281
379
226
589
335
249
152
387
554
429
436
170
375
374
513
315
332
343
375
346
233
268
290
362
347
263
368
299
388
438
386
215
356
233
224
352
575
337
430
403
505
479
611
359
243
451
425
329
447
386
627
422
292
598
321
369
289
447
351
324
427
356
349
403
500
333
445
578
441
450
370
458
367
442
434
425
405
521
381
704
565
441
436
432
444
371
492
378
497
413
482
502
380
499
465
469
427
465
766
456
526
604
428
448
437
540
539
495
509
464
499
771
586
510
544
524
804
525
531
721
754
646
12
17
16
19
28
18
32
33
23
19
26
39
53
31
6
21
17
33
20
34
15
28
28
43
69
52
33
71
10
62
36
11
38
11
69
73
78
10
91
100
70
41
74
61
28
4
76
68
35
38
32
59
64
34
52
55
42
45
59
119
112
62
55
40
135
7
130
60
93
64
49
95
52
61
24
169
78
86
69
66
152
5
160
121
161
8
88
89
61
14
20
122
71
64
117
48
99
38
110
49
139
84
81
16
198
31
64
9
138
27
84
232
64
63
132
194
130
171
96
157
14
130
87
193
55
40
140
56
156
63
108
83
170
74
41
178
138
171
98
87
77
64
147
153
127
42
91
95
60
179
43
91
189
29
225
288
146
57
244
231
134
235
90
85
146
73
62
168
216
62
203
172
217
179
100
194
119
208
56
107
87
130
155
226
62
52
163
66
68
64
291
206
106
153
55
127
183
67
28
93
151
121
263
19
109
127
201
375
163
82
163
143
179
303
337
108
201
92
234
200
220
133
204
87
22
243
83
128
220
308
168
249
67
213
10
86
191
269
258
57
81
110
106
255
116
45
179
121
188
4
162
190
149
187
135
97
187
169
118
310
251
141
169
36
288
333
173
163
38
188
51
280
280
445
155
244
159
262
101
315
331
167
100
113
161
65
320
296
226
89
155
144
152
84
370
56
137
211
226
58
194
214
63
297
278
283
192
207
176
267
158
240
366
281
213
78
85
320
201
232
232
263
81
122
344
123
392
246
392
121
286
431
350
94
425
50
106
202
105
218
20
122
221
86
335
238
225
104
172
210
399
163
159
294
222
227
151
53
220
307
93
323
360
297
203
342
292
321
273
385
340
118
281
428
114
335
246
113
215
166
394
94
313
451
97
444
305
381
199
422
192
320
137
204
149
205
119
255
231
226
166
276
249
459
227
222
158
302
181
411
400
266
225
389
381
265
221
390
364
262
190
165
496
300
402
355
238
392
391
342
411
201
375
381
274
402
294
243
303
317
323
223
364
464
233
251
249
366
340
491
348
351
332
429
440
384
401
259
436
428
295
311
466
500
413
448
331
487
370
461
311
340
346
403
477
408
480
364
434
472
483
407
381
470
504
464
408
404
509
390
429
443
486
516
442
452
499
473
517
539
8
14
18
7
4
10
38
40
43
21
28
33
21
31
19
39
29
50
20
31
51
57
30
47
36
52
8
25
55
34
54
28
28
83
57
32
40
61
17
58
23
68
99
24
82
75
113
78
35
65
7
101
73
88
67
83
57
24
86
82
72
26
127
95
35
116
27
46
96
82
40
13
133
96
114
134
20
72
82
84
86
104
24
12
98
33
136
80
94
104
161
65
80
103
99
45
55
148
119
141
102
90
103
160
93
88
163
90
120
111
92
176
102
106
208
191
118
93
99
59
46
174
105
46
106
11
103
132
47
159
132
168
71
143
55
98
136
75
43
56
149
73
66
19
88
81
255
147
45
220
213
33
43
14
154
158
224
170
202
68
211
90
108
92
138
201
116
238
176
195
221
293
307
71
179
112
34
93
210
63
172
53
101
179
209
117
55
198
206
61
129
210
17
247
163
156
204
29
88
158
229
187
152
130
184
106
345
183
163
265
224
91
93
189
146
256
268
316
166
266
210
196
149
200
91
125
215
288
258
156
392
422
165
252
172
135
94
51
310
45
89
97
158
108
181
271
225
306
244
335
202
150
85
48
279
104
76
295
233
242
269
124
277
267
457
256
106
132
306
84
23
153
280
158
350
307
298
256
184
106
188
249
146
345
236
244
346
249
102
235
487
46
197
96
200
59
384
96
97
231
151
284
86
249
346
94
121
348
80
88
394
170
211
216
83
164
103
348
290
207
105
266
165
528
172
118
249
410
143
78
202
321
273
278
237
228
261
87
342
296
157
183
276
348
432
435
244
143
274
560
269
298
118
170
139
453
175
119
100
307
83
393
284
252
193
160
438
359
155
198
205
110
293
138
403
261
114
436
247
166
149
230
443
226
234
259
508
321
186
337
279
428
316
165
148
418
377
349
251
268
433
200
358
215
588
195
299
242
375
405
285
197
453
488
292
269
258
225
547
215
200
305
312
378
351
344
322
452
319
234
528
500
321
342
466
267
292
294
269
391
448
440
334
533
430
356
309
601
384
285
334
465
356
568
413
439
335
416
365
333
305
309
304
422
351
555
465
356
525
402
366
491
436
523
431
614
363
470
578
461
506
372
387
597
415
583
455
469
643
443
569
434
518
439
496
469
561
503
499
544
6
13
16
26
23
34
28
15
26
40
24
30
29
34
11
34
47
46
30
51
10
73
30
14
51
39
57
17
64
75
78
87
78
4
35
63
61
15
41
40
9
53
73
4
77
72
27
79
95
36
119
68
56
7
83
88
21
57
15
92
68
15
62
77
12
26
150
21
57
166
79
22
165
54
116
82
6
147
18
62
39
68
132
30
87
159
120
60
89
83
72
96
73
83
13
124
33
126
23
99
27
117
56
79
153
25
61
118
99
180
99
103
77
137
144
117
77
131
235
121
145
132
177
46
218
172
73
104
39
68
61
140
142
87
217
30
192
175
66
38
103
157
237
85
114
185
160
56
50
148
47
50
69
103
15
245
201
137
162
44
245
175
186
311
199
210
96
4
260
261
195
186
103
64
33
212
114
167
66
75
17
66
310
259
75
204
9
127
334
174
136
76
47
277
71
100
76
122
17
244
5
146
4
25
87
339
244
59
86
96
200
265
410
192
219
106
330
40
294
226
164
185
127
90
125
153
61
121
111
333
106
196
64
242
156
47
249
109
65
71
365
408
64
173
155
54
181
30
84
168
194
43
45
56
355
106
87
195
108
344
175
113
67
138
310
299
506
59
44
95
373
144
192
270
14
195
98
50
94
201
41
175
62
126
434
60
194
218
295
98
182
68
144
126
436
426
259
150
240
263
116
147
285
182
29
69
74
221
82
397
209
104
283
89
155
152
286
328
289
199
99
60
25
13
109
403
145
289
281
7
57
167
208
209
122
140
172
317
86
147
472
85
276
110
309
170
235
206
225
228
534
92
252
365
274
200
202
29
349
257
94
99
186
398
146
167
178
174
310
240
246
386
345
242
354
108
189
111
173
391
237
362
257
92
291
165
160
183
320
163
250
183
191
362
244
315
287
392
320
284
387
313
248
436
322
263
320
351
221
185
420
446
295
233
373
173
248
361
308
438
368
367
211
452
216
434
305
238
366
216
305
238
362
288
469
401
375
243
229
443
424
252
370
399
244
474
341
262
410
465
317
266
440
455
294
300
427
402
420
360
495
432
401
310
477
372
345
334
494
363
337
474
423
356
486
353
365
382
561
448
377
398
389
547
410
491
407
519
523
441
444
593
497
538
507
505
531
541
543
575
6
6
10
4
13
4
29
6
36
7
34
22
44
47
8
50
4
45
47
38
39
45
36
16
60
15
18
5
60
61
48
34
37
78
31
49
98
24
27
44
64
51
46
32
15
70
59
66
43
100
39
43
95
95
123
80
73
41
63
106
79
44
20
78
46
48
86
29
90
18
74
8
107
49
83
46
31
11
31
90
94
133
89
132
71
95
96
144
84
43
108
46
59
114
116
107
145
74
42
84
65
85
79
160
33
163
171
122
116
59
68
75
80
91
93
109
81
130
83
92
175
121
169
25
48
30
93
155
199
19
157
88
74
162
11
77
152
28
20
185
28
46
137
137
142
95
201
84
193
80
181
246
41
156
145
26
239
252
168
120
42
94
74
106
83
85
217
73
81
148
179
54
247
55
276
22
30
222
115
149
200
169
113
39
85
259
5
111
48
10
27
130
157
190
23
220
155
59
43
172
128
87
270
75
151
142
256
252
129
167
176
42
279
58
33
50
203
54
104
216
165
118
259
168
167
172
145
67
27
345
100
336
100
102
113
81
311
42
265
74
27
87
59
130
150
231
101
191
109
111
154
98
198
284
329
164
96
51
83
338
89
177
21
365
133
366
115
135
18
107
77
203
106
154
46
9
228
166
264
270
151
275
241
123
96
344
213
388
178
168
21
103
359
87
321
126
129
71
235
134
180
138
140
160
122
95
225
68
332
264
118
279
80
68
104
44
46
68
430
136
242
143
79
174
101
124
311
115
65
108
62
318
305
372
124
61
246
305
368
32
395
99
183
150
457
151
375
17
185
166
140
135
445
202
402
287
193
19
143
222
237
228
275
292
58
217
354
94
367
73
122
75
129
364
246
344
230
211
99
421
162
140
192
81
280
350
387
197
76
312
295
280
110
379
272
186
519
224
447
240
125
238
533
189
465
206
349
302
221
127
293
353
165
451
141
171
434
160
406
335
291
254
412
199
177
230
370
233
168
467
303
334
361
414
192
315
267
493
351
194
215
462
227
238
314
288
365
507
452
287
297
289
469
499
260
409
246
244
322
321
258
451
275
336
566
309
366
494
280
311
484
430
387
575
523
322
381
384
376
433
389
355
353
633
390
495
495
560
571
374
444
443
584
593
471
442
605
607
561
569
5
5
8
13
14
16
16
14
13
37
7
26
35
42
31
34
19
20
7
60
15
54
11
8
4
40
68
14
12
22
71
82
57
61
62
28
59
17
37
40
25
102
30
14
68
49
57
33
77
7
68
73
61
44
60
76
45
12
49
28
24
87
91
41
45
116
32
58
78
40
23
42
84
97
25
67
48
124
91
63
34
155
64
29
60
11
49
108
90
115
100
29
155
5
89
53
69
12
34
43
77
159
58
103
157
185
136
77
65
44
7
94
22
58
133
20
60
71
94
29
186
48
119
166
58
165
92
87
43
63
27
114
8
116
58
42
67
65
186
108
81
44
82
172
67
11
211
146
49
17
182
178
189
106
154
105
152
154
9
120
129
23
97
213
232
252
143
57
180
42
82
59
98
181
74
98
34
57
117
154
274
10
279
21
218
99
94
11
63
112
184
186
119
183
273
58
93
56
218
80
283
49
45
6
90
77
24
71
74
234
138
191
61
263
9
194
14
71
13
53
112
87
201
49
158
167
48
102
142
150
189
58
110
146
387
50
179
87
81
292
276
191
114
118
104
157
102
376
154
97
68
139
330
92
160
90
158
7
79
171
112
114
83
160
289
92
108
23
283
116
267
76
123
132
315
300
180
26
146
93
99
116
56
143
118
158
277
47
224
206
218
135
279
261
408
142
156
333
202
226
170
163
207
440
279
106
159
216
104
118
296
45
205
265
27
222
228
225
88
195
152
40
369
185
113
66
242
162
309
291
102
42
400
180
125
55
206
106
199
151
118
77
205
179
252
65
342
257
93
303
357
196
98
422
302
285
131
155
275
106
170
409
283
208
108
69
261
173
140
121
228
130
89
146
321
242
136
430
135
93
165
197
144
390
342
454
145
214
271
245
205
299
238
103
154
398
235
356
164
133
342
362
264
290
212
499
277
389
168
238
270
195
470
319
237
187
175
262
230
214
205
321
450
356
266
254
220
397
415
286
312
278
366
230
308
473
282
404
348
357
371
443
245
459
257
231
429
249
280
379
266
326
507
420
291
300
268
327
462
286
287
268
292
425
289
484
277
471
319
375
508
331
416
356
305
412
311
352
341
520
324
345
480
340
526
500
376
372
363
366
393
514
469
409
391
545
462
560
588
600
7
12
13
12
21
28
22
17
20
23
5
39
11
39
33
18
14
66
44
66
54
45
49
48
40
33
29
10
80
12
16
43
11
27
47
42
60
66
31
30
47
74
4
68
40
38
71
53
38
111
127
109
74
77
76
52
40
128
52
76
24
46
99
55
53
92
72
93
88
99
65
56
69
87
68
90
7
43
35
133
93
37
117
38
46
63
96
81
70
18
13
73
77
163
140
18
25
174
139
110
170
81
85
157
44
144
78
37
79
37
27
143
101
109
25
42
90
68
8
94
69
39
160
168
152
81
97
69
57
159
175
22
67
32
103
75
117
47
180
53
51
99
37
105
123
12
213
264
146
188
254
86
107
117
107
68
49
117
186
23
175
72
131
63
92
63
134
212
4
107
81
93
167
76
145
157
164
99
43
56
80
74
104
64
86
256
16
89
95
33
71
44
180
96
206
225
78
99
314
196
48
255
165
156
51
169
142
73
199
165
77
272
142
11
146
162
246
208
56
116
123
178
158
57
75
237
183
214
93
107
153
130
94
148
61
94
172
347
49
99
76
86
254
19
87
181
255
124
134
172
114
167
293
259
99
140
96
256
213
255
66
95
173
258
59
236
271
160
97
182
108
243
111
262
162
25
8
165
323
218
306
148
213
89
37
95
199
190
171
184
72
186
198
81
14
420
81
212
114
109
282
34
115
286
106
370
226
197
273
20
316
331
361
162
306
32
130
207
86
341
109
327
152
249
189
112
167
286
156
331
43
290
78
56
389
189
391
178
283
167
46
97
145
113
87
169
263
253
123
135
301
213
147
145
172
423
382
240
66
172
86
302
407
319
436
343
271
56
397
379
330
150
114
93
112
180
276
188
193
259
418
248
251
215
126
376
125
427
293
374
501
136
294
264
285
192
264
348
116
174
262
212
297
454
227
160
495
402
181
271
414
173
388
374
365
161
238
365
166
485
203
194
333
339
267
289
286
499
571
249
355
479
269
517
412
435
230
222
273
313
369
253
273
356
457
242
494
417
248
316
238
318
458
242
410
285
358
411
331
284
559
647
548
418
587
326
474
463
298
307
325
343
408
497
341
351
349
331
332
646
373
422
587
648
508
366
488
394
639
434
481
535
577
486
434
475
471
590
473
570
12
11
20
6
27
35
31
34
32
13
20
20
36
28
46
55
57
25
25
35
25
24
52
37
26
22
34
59
38
47
54
51
24
45
79
38
66
78
55
43
51
66
92
75
13
30
27
73
85
23
110
83
32
41
88
28
39
95
79
81
20
48
99
41
100
52
52
27
40
60
102
10
80
113
101
70
84
143
9
46
63
124
12
108
85
79
135
64
125
64
62
111
137
171
82
125
133
123
33
85
64
101
25
28
164
181
69
101
92
56
189
119
118
146
24
203
133
108
61
137
126
8
74
120
195
83
62
219
206
153
183
34
138
112
25
39
92
196
186
231
75
8
208
141
85
93
100
110
90
172
215
76
162
66
35
130
180
67
31
158
130
163
95
273
42
206
204
59
50
198
107
205
129
159
179
223
29
165
277
111
76
21
99
54
304
225
243
21
121
114
144
269
125
58
158
77
155
170
32
172
231
197
155
45
30
307
274
218
187
56
27
100
131
112
23
165
166
163
85
31
109
314
113
305
321
138
21
240
226
172
153
264
98
332
108
262
389
195
86
111
145
138
402
311
264
54
180
208
222
30
234
272
101
173
236
96
90
210
71
51
324
114
58
273
99
81
371
376
137
295
139
155
211
202
178
219
56
268
270
71
163
305
188
308
139
311
345
142
282
290
362
177
452
38
340
223
220
502
194
19
203
187
514
239
313
383
299
164
259
280
314
102
144
361
324
266
60
140
124
220
263
109
120
153
217
361
487
84
208
415
221
401
81
252
253
304
260
176
331
116
157
58
361
136
415
269
114
249
439
263
249
424
311
555
231
290
291
302
291
268
294
302
614
487
303
178
402
192
308
354
428
181
317
256
283
252
234
230
200
459
157
396
388
421
267
332
341
157
256
363
153
289
194
242
269
219
273
453
395
256
322
343
385
533
290
559
210
271
327
538
383
258
388
501
718
408
287
250
404
303
333
328
432
356
341
459
337
267
390
483
290
337
317
391
344
377
338
425
273
327
487
339
319
332
418
283
493
400
568
331
405
425
416
409
354
774
507
336
377
424
403
352
361
483
511
388
340
389
409
359
568
417
364
544
436
422
490
603
473
505
381
838
429
512
620
464
441
485
491
799
544
464
648
770
493
646
669
604
612
629
10
17
12
18
26
8
22
43
15
4
50
51
25
24
44
33
31
30
13
28
11
37
34
63
60
45
36
71
45
48
29
16
75
63
52
79
45
83
24
81
56
76
15
75
8
52
75
61
82
49
24
68
117
56
40
82
36
142
68
6
66
14
79
31
83
131
46
90
24
141
111
95
16
96
94
60
102
92
155
77
41
106
40
62
140
131
59
140
58
28
101
66
34
93
61
102
13
105
15
168
149
152
87
97
91
148
164
213
109
34
156
89
153
129
75
100
110
97
84
194
181
58
108
143
101
6
97
202
115
71
216
219
223
155
90
13
175
88
182
114
26
90
96
151
151
193
82
60
241
154
173
226
46
17
193
226
241
100
28
206
107
28
65
107
44
95
135
232
107
150
75
99
168
70
289
30
78
265
168
98
88
210
71
78
190
233
18
135
254
179
246
62
51
211
148
243
187
35
192
60
208
235
93
180
166
17
260
16
13
303
308
329
66
87
278
218
210
21
80
41
216
174
138
36
66
192
199
62
165
102
278
346
373
167
214
275
186
184
176
26
302
318
61
7
205
278
283
110
111
127
338
262
125
81
126
332
164
241
251
116
118
252
279
363
338
7
151
96
127
19
66
168
171
296
224
168
41
279
299
136
138
26
184
433
107
212
97
290
260
106
103
214
240
106
124
33
265
425
412
38
317
117
241
123
224
333
118
105
360
426
163
244
49
108
446
369
276
190
156
354
181
206
440
71
115
42
267
86
86
207
103
380
293
20
67
55
387
100
247
43
132
91
491
261
160
131
346
191
151
24
307
353
182
235
108
263
283
166
101
66
168
344
193
308
430
308
186
50
366
388
359
93
537
204
192
216
243
213
66
340
249
136
538
129
165
116
338
131
154
200
139
263
235
94
102
136
170
162
326
155
187
367
162
161
576
375
396
260
414
187
169
233
212
150
349
409
145
324
280
409
264
349
373
275
184
442
307
469
302
510
318
198
271
175
433
179
242
198
393
185
251
194
379
303
231
287
445
416
305
377
466
238
398
296
490
399
335
297
305
333
246
321
321
333
382
359
520
306
451
359
439
320
480
369
373
291
337
349
353
392
370
406
344
323
401
511
440
356
363
394
385
435
379
439
388
448
471
436
502
467
7
4
11
13
16
21
8
9
35
21
27
5
44
29
27
26
7
42
37
37
59
19
58
46
68
13
72
23
10
35
37
48
69
82
19
34
35
27
34
50
20
53
42
25
73
77
17
104
78
22
4
117
10
45
57
72
34
83
47
67
28
64
14
109
63
67
84
143
97
4
37
109
31
78
86
91
54
41
49
53
91
87
74
95
46
13
65
15
73
82
102
32
63
106
170
86
111
69
67
30
114
15
168
144
92
65
70
127
10
79
156
99
119
145
73
13
23
125
25
107
46
166
117
80
71
107
86
102
80
77
138
73
58
78
128
177
170
65
45
51
80
108
114
25
39
10
242
95
70
243
12
172
151
36
180
30
101
160
15
187
171
32
26
147
176
50
126
111
118
129
38
66
112
164
75
24
157
107
53
59
84
128
81
42
80
168
63
238
41
60
147
128
59
204
42
93
143
86
202
176
329
55
265
260
17
187
104
119
250
135
261
114
239
89
101
224
208
120
203
13
201
182
59
147
185
115
52
171
70
173
122
157
175
92
99
230
257
50
44
102
95
11
193
210
279
69
122
223
187
107
379
78
372
347
109
181
111
91
96
101
80
71
202
194
289
158
104
288
211
137
92
201
179
290
235
130
96
175
250
108
187
96
165
152
62
113
167
125
80
93
275
202
98
282
256
157
124
202
276
137
354
179
159
392
226
264
489
161
454
96
131
53
201
281
130
156
201
97
280
245
117
105
181
73
351
267
166
53
76
269
279
227
177
74
77
8
134
204
206
128
196
246
140
240
316
22
222
364
189
150
106
242
425
244
247
340
209
204
515
157
531
99
63
147
196
337
275
218
114
182
269
244
352
199
97
104
183
64
250
341
351
329
236
130
60
272
117
283
91
73
70
333
318
97
233
122
350
201
297
514
473
175
306
302
300
580
437
574
292
152
154
210
103
292
191
171
313
429
268
302
277
282
137
174
442
383
168
266
358
199
377
178
225
264
426
510
295
532
206
256
385
655
209
496
507
307
266
194
487
276
218
234
203
434
303
399
218
421
246
251
308
315
552
463
411
276
261
268
339
719
351
546
532
368
317
390
283
434
542
311
438
366
460
310
736
343
410
417
485
379
446
364
512
370
692
490
390
422
566
443
