5
6
6
8
13
16
24
6
24
5
23
7
22
10
20
20
7
34
19
18
30
31
15
32
4
5
25
28
34
39
28
36
22
7
18
11
16
35
7
10
6
7
9
35
12
41
39
35
11
19
38
9
15
39
25
8
42
56
7
5
35
70
16
13
12
43
4
35
15
15
53
64
26
25
51
25
4
4
22
29
9
46
4
30
45
35
66
27
35
41
54
4
44
41
31
34
111
48
37
23
65
69
70
62
29
32
4
53
8
21
18
29
28
8
56
34
36
13
8
54
23
58
78
9
37
85
64
5
55
73
14
75
33
72
7
67
66
29
72
26
69
67
18
21
36
64
40
36
9
29
60
69
31
21
71
64
78
42
6
44
7
19
41
27
52
64
22
25
80
51
39
16
89
6
18
42
62
16
44
13
20
87
73
14
18
19
50
50
37
16
36
75
41
45
29
29
36
103
6
47
80
6
56
44
44
48
80
18
17
40
54
52
14
47
61
63
17
21
48
43
74
43
35
49
10
38
31
39
39
77
38
43
27
49
127
45
62
26
60
86
63
63
94
80
65
15
55
45
64
96
47
54
29
92
18
60
61
37
68
27
79
35
44
26
48
61
15
134
4
27
79
4
80
55
34
27
22
29
39
129
5
123
4
143
121
117
19
128
123
65
97
111
145
79
83
14
71
165
27
91
45
81
32
108
64
8
55
175
20
4
109
31
67
77
94
42
134
44
93
16
79
66
37
19
29
44
168
63
100
26
105
36
21
49
5
7
106
23
58
127
168
26
4
4
22
33
45
124
10
17
32
22
43
85
36
12
57
51
100
106
8
62
99
74
52
42
45
47
48
52
6
26
89
212
8
30
53
61
127
45
69
16
66
51
59
17
49
28
74
44
5
52
39
16
60
102
47
16
59
53
54
60
44
23
74
67
20
44
35
33
11
82
50
12
5
10
50
22
54
39
28
78
53
12
113
52
23
36
50
16
47
66
29
74
8
27
134
76
32
4
114
14
70
74
63
91
20
25
43
56
113
9
47
26
74
32
37
85
77
21
52
22
48
13
32
8
43
47
37
44
37
20
65
19
82
74
64
25
16
49
52
16
48
71
89
69
84
50
43
34
30
40
66
93
111
56
125
59
90
108
9
5
17
16
13
10
8
19
16
21
8
26
8
9
14
8
15
15
23
21
6
33
17
6
22
7
23
34
7
18
23
4
7
48
43
29
19
11
8
7
27
4
39
11
10
7
4
27
6
17
20
32
63
22
11
30
24
53
11
7
27
6
4
8
27
7
33
35
28
14
21
5
37
31
9
17
20
52
32
10
15
51
24
52
43
32
8
15
24
50
55
81
9
44
31
7
5
64
20
18
10
58
18
55
11
6
6
62
56
57
54
85
44
91
12
36
51
37
38
18
44
31
19
33
37
38
75
113
50
47
56
11
67
67
29
64
37
22
65
60
14
63
84
32
53
101
57
138
4
82
60
48
36
60
81
24
21
70
15
59
46
34
77
94
51
51
24
90
15
15
109
72
11
133
59
83
77
20
63
105
33
69
112
50
84
5
66
17
46
31
104
45
41
23
23
22
44
156
67
16
70
7
61
118
19
39
27
25
29
70
50
91
79
7
14
71
41
73
4
136
42
5
21
15
77
36
25
14
37
29
26
53
70
25
39
74
49
112
50
23
96
34
17
73
89
6
82
32
101
94
84
61
66
72
202
91
23
171
30
63
58
88
38
87
61
56
67
104
105
62
13
33
30
46
67
48
55
68
66
11
11
68
5
60
63
30
58
83
11
4
226
33
31
6
23
151
73
13
108
7
117
124
36
66
28
55
158
64
129
9
32
48
23
4
20
66
135
60
87
4
5
30
38
25
58
54
23
5
37
57
139
21
61
32
80
128
51
29
10
31
71
51
23
13
66
15
15
59
36
29
52
71
12
23
19
28
8
68
25
116
157
57
5
77
18
36
4
156
7
9
23
42
23
38
19
30
24
5
48
66
4
39
7
30
11
45
120
31
42
84
60
28
58
74
67
123
18
144
38
11
13
13
66
18
64
16
25
133
66
15
54
49
28
7
64
7
66
4
40
48
60
46
20
10
31
10
23
25
6
31
14
31
10
72
7
76
56
72
66
59
56
66
23
32
85
87
61
32
30
115
4
115
16
59
48
19
33
8
68
24
34
15
69
48
46
8
64
51
17
17
56
123
23
54
72
43
49
11
52
38
29
19
8
21
68
83
141
27
27
20
23
51
52
30
68
47
63
53
49
152
11
18
6
6
11
9
20
14
22
14
15
4
13
18
27
28
4
7
9
6
23
6
12
22
6
8
26
43
7
30
38
16
49
29
14
26
36
11
7
7
65
18
25
24
58
7
7
5
39
21
9
19
13
30
41
6
43
22
46
35
18
55
4
53
20
62
33
70
12
60
49
25
49
27
15
12
13
6
36
17
38
33
5
57
27
52
37
34
55
5
20
32
5
67
47
11
39
63
12
12
70
7
74
43
21
33
71
24
9
68
4
44
61
67
54
91
57
64
69
36
39
70
46
10
33
50
26
59
97
14
16
21
31
51
32
31
30
55
47
46
97
33
101
27
43
7
34
50
50
26
37
25
16
31
54
33
51
38
14
114
96
23
14
42
33
22
26
113
88
45
69
44
13
24
4
20
7
20
8
50
23
11
24
60
120
61
45
103
54
27
54
61
33
34
75
46
28
39
92
98
55
63
59
52
63
49
57
111
20
19
59
37
89
13
14
8
92
62
148
8
33
18
131
35
25
65
45
44
66
22
62
67
82
4
59
156
95
55
62
28
17
4
59
36
35
69
78
30
12
56
10
45
36
36
4
33
36
39
86
14
45
123
15
34
75
78
37
83
23
115
98
52
45
26
4
44
12
46
49
52
50
41
28
33
7
35
22
59
60
54
30
27
24
55
44
61
28
33
64
133
6
36
105
9
145
106
43
6
22
73
32
19
34
65
4
8
27
27
64
36
47
31
49
29
60
48
38
49
70
53
57
7
20
59
11
52
32
98
70
26
59
9
10
25
51
28
69
60
11
71
6
20
5
63
87
28
57
22
104
19
39
72
52
77
37
29
4
36
11
58
19
25
27
48
7
36
23
29
32
44
12
10
71
9
42
51
7
21
34
13
42
69
13
23
43
27
102
50
40
40
8
47
21
22
53
71
15
11
42
43
52
28
37
15
5
54
13
94
33
17
89
137
5
85
25
14
5
62
66
28
65
34
8
60
19
98
20
5
66
9
27
5
89
37
24
113
4
13
26
63
59
150
71
42
94
6
50
51
12
36
72
19
32
11
66
47
50
64
38
66
53
14
47
109
56
28
43
17
29
13
38
97
14
25
21
25
66
20
51
45
52
52
34
73
40
106
135
64
101
96
5
7
4
19
17
4
6
10
7
20
19
16
4
10
9
26
5
25
22
39
12
9
21
21
22
12
29
13
10
14
42
24
16
39
35
43
18
36
11
14
15
27
18
43
13
14
25
38
55
35
16
21
45
21
30
23
9
15
47
21
31
7
42
21
30
20
17
30
14
15
39
41
15
14
35
30
25
27
34
39
31
20
83
14
12
4
41
19
71
58
9
33
30
42
5
6
16
59
21
48
84
30
75
4
80
4
6
50
12
5
11
68
50
59
49
46
15
6
51
42
156
8
127
53
30
113
58
4
39
31
79
54
4
12
30
57
51
64
89
74
28
11
75
72
28
20
5
5
33
39
30
40
42
60
37
55
81
21
43
38
52
89
58
18
26
5
70
8
58
42
89
101
71
43
29
11
4
68
64
23
47
85
33
17
11
46
15
28
20
45
38
24
48
25
79
33
29
23
36
83
9
57
56
27
56
28
26
149
41
27
41
66
22
4
6
79
18
69
26
43
30
28
43
56
27
11
67
25
13
19
52
12
53
12
63
36
13
16
16
57
40
58
17
84
28
99
8
79
66
18
11
43
50
71
22
20
38
75
23
4
8
70
53
9
4
43
25
36
75
76
59
91
29
12
34
33
6
30
123
26
56
17
83
77
63
14
5
78
33
39
141
57
8
74
37
69
36
14
30
40
44
6
5
57
75
24
64
40
71
67
30
73
44
11
39
37
64
27
70
7
45
82
61
72
60
86
42
73
63
69
5
45
15
35
33
53
91
118
87
92
4
62
31
24
64
11
16
47
53
34
65
15
45
10
44
98
4
110
64
44
50
59
28
96
72
91
4
76
18
38
56
13
34
116
80
114
90
42
40
36
17
92
64
102
127
74
17
56
173
15
45
11
106
89
72
31
71
62
89
7
70
36
60
55
58
148
49
23
113
25
40
71
42
43
70
45
136
11
51
44
115
27
129
45
93
16
54
22
116
60
14
67
24
40
70
5
56
20
71
23
36
14
24
61
120
55
56
20
49
128
16
68
60
29
5
93
48
55
150
53
58
20
62
22
125
84
126
44
64
39
108
38
44
38
37
27
26
53
16
76
59
49
28
64
87
42
120
73
115
75
86
114
87
105
137
120
99
138
154
130
6
8
9
4
4
20
9
11
14
16
22
4
24
21
10
5
18
6
28
28
11
4
5
27
24
20
33
22
19
21
31
5
44
18
17
26
6
53
15
5
36
6
35
33
40
16
17
12
37
49
6
32
19
45
15
16
19
68
10
30
5
13
18
12
5
19
26
6
9
24
40
25
17
19
19
48
8
30
22
31
23
15
7
42
4
5
32
63
18
13
10
4
44
16
39
8
18
26
5
39
27
29
28
14
10
29
32
29
13
10
44
20
34
14
45
20
30
39
61
23
16
14
6
22
17
33
24
45
57
47
25
32
38
38
33
54
33
44
41
11
40
31
26
40
24
70
47
25
16
14
55
17
44
4
99
36
40
39
73
6
82
51
9
77
31
34
10
23
79
75
22
32
29
20
40
80
6
13
52
31
19
12
64
41
28
88
5
49
77
88
60
36
108
39
54
36
71
49
75
26
43
67
67
30
106
50
32
29
26
38
6
58
36
42
5
64
84
38
33
73
53
25
41
77
56
53
37
70
39
30
53
39
31
20
92
96
4
26
7
11
18
43
10
23
108
67
23
43
36
25
61
41
4
4
81
41
100
30
130
7
44
44
5
47
42
12
62
25
17
26
26
7
35
23
47
54
56
70
34
38
14
68
48
22
78
52
16
47
31
36
4
42
34
97
21
84
53
33
68
13
85
25
36
77
37
32
66
45
37
45
37
44
12
54
38
14
22
22
6
110
29
117
35
50
36
46
52
34
53
57
26
110
50
53
13
87
41
18
24
56
28
25
11
5
30
62
41
21
123
52
29
34
6
138
114
54
5
71
46
17
74
47
4
52
10
25
23
84
8
17
18
25
20
5
60
14
4
36
33
15
7
32
66
34
5
12
7
36
64
29
35
19
22
20
9
42
23
30
50
37
16
51
34
18
11
94
74
46
31
12
46
42
18
32
28
34
7
6
37
28
15
11
20
31
47
27
4
10
61
14
23
26
32
15
56
67
47
33
69
59
61
15
64
29
4
63
20
7
11
24
54
53
5
5
16
34
73
11
17
51
48
7
13
9
61
59
18
50
65
6
77
43
48
58
57
42
7
12
4
31
64
4
44
63
41
51
54
31
35
61
81
43
68
40
69
65
45
69
65
116
4
4
6
14
6
10
15
18
19
12
25
5
17
7
6
11
17
15
19
10
31
17
22
11
37
7
54
19
16
14
36
26
6
10
10
42
18
8
49
13
37
34
4
15
26
12
4
4
25
27
15
16
9
9
15
32
11
35
41
36
15
19
27
7
15
10
49
10
4
13
10
46
41
28
8
32
25
47
32
31
33
31
5
5
13
25
13
30
30
57
9
9
59
4
53
35
5
37
20
39
9
23
30
49
30
33
49
70
27
6
17
36
6
38
13
53
6
12
64
73
13
37
51
14
32
37
72
72
72
74
10
24
30
19
72
72
69
76
51
10
49
20
4
66
34
37
69
41
6
28
16
36
42
54
20
53
7
40
50
94
5
66
51
70
27
85
37
64
13
67
37
133
23
46
52
37
46
37
22
4
50
52
65
62
10
28
45
62
14
39
24
26
37
56
28
29
99
26
69
6
10
20
14
31
39
13
79
14
32
17
22
35
14
27
5
23
44
25
99
67
29
58
33
60
50
29
53
26
54
22
55
47
32
59
43
41
79
9
29
7
67
34
61
12
43
4
53
49
35
65
18
52
44
72
7
7
70
64
33
14
52
13
85
59
14
61
55
13
72
36
48
92
4
88
58
6
64
55
31
31
54
30
44
41
32
6
106
18
35
4
41
42
20
54
26
5
20
42
36
76
39
26
31
32
26
31
20
26
34
22
10
19
7
39
87
20
5
91
91
86
46
16
60
90
87
56
32
35
30
59
27
86
77
5
39
26
19
29
6
86
16
51
24
68
33
18
61
81
48
47
47
21
24
14
34
8
4
60
65
74
47
48
6
53
56
42
4
75
124
33
54
29
33
51
61
27
76
17
68
64
8
37
4
73
34
79
23
32
16
42
35
8
117
27
38
46
21
28
13
10
42
21
12
96
29
12
63
51
20
130
15
32
25
184
158
91
56
75
42
81
48
12
35
81
68
17
4
33
19
72
17
10
73
64
77
70
65
165
48
32
14
119
156
46
87
42
34
7
117
75
137
157
10
33
79
19
29
5
5
64
16
20
9
60
13
24
84
48
31
49
70
60
56
51
35
67
36
37
23
83
28
108
84
72
58
72
142
68
75
51
99
55
150
87
124
85
113
101
161
170
6
7
11
10
6
7
12
9
9
17
8
4
25
7
16
21
19
8
20
14
37
9
11
25
18
5
21
11
27
18
23
13
12
24
33
19
27
13
5
4
25
15
45
11
20
17
4
26
11
6
15
5
9
25
14
39
16
21
17
42
37
31
49
12
14
17
57
31
45
19
44
25
57
39
37
38
11
6
17
33
25
55
15
21
55
12
37
36
13
39
44
21
4
54
10
57
22
34
65
45
22
42
52
25
15
42
57
4
91
58
10
36
41
4
16
24
68
54
78
77
85
16
74
4
63
55
58
46
42
21
28
68
61
43
112
14
41
94
65
24
59
32
9
5
50
56
37
13
20
47
17
131
39
126
107
45
53
48
70
97
38
64
8
41
66
110
43
4
34
46
5
49
88
6
58
24
31
4
78
99
7
60
66
63
112
70
21
4
28
64
54
64
26
12
74
73
21
15
61
49
60
60
6
27
65
31
50
40
8
9
6
49
41
28
44
12
36
13
44
42
60
26
76
78
106
53
9
59
99
11
52
28
88
29
9
41
31
56
4
32
96
4
82
34
31
56
60
42
44
25
35
75
47
11
80
21
13
8
62
87
34
61
79
14
121
17
43
17
37
37
20
58
51
55
25
59
48
7
54
32
102
34
23
35
63
92
13
49
14
46
78
90
41
33
28
19
43
82
45
39
7
83
129
32
34
33
57
50
70
81
23
7
58
7
39
95
151
53
52
43
17
51
53
97
101
7
30
18
35
185
26
51
76
8
93
17
51
59
13
31
37
54
35
31
45
49
14
21
189
47
25
73
53
106
36
10
110
61
52
19
87
223
38
30
11
59
37
69
42
42
60
49
17
35
104
79
4
49
41
6
54
74
55
191
40
77
12
71
36
29
38
12
164
63
30
81
28
61
33
27
168
180
51
33
44
55
141
48
273
38
61
28
36
13
76
11
108
62
70
74
26
143
79
70
104
106
112
7
49
64
37
72
92
67
24
69
46
231
5
38
99
42
85
49
7
16
15
4
44
21
31
45
86
111
154
40
8
40
15
12
6
74
111
162
44
25
163
72
93
11
116
119
123
54
44
132
31
67
52
69
55
26
46
96
82
44
32
72
76
46
59
66
44
56
78
69
70
139
92
161
8
4
4
8
6
23
11
14
11
10
5
10
31
15
6
30
28
21
40
35
9
8
5
40
16
11
14
46
15
25
35
4
28
37
39
5
30
47
12
21
62
50
11
23
20
36
17
4
17
39
5
21
31
29
29
5
18
62
5
27
28
7
55
35
55
8
19
41
6
40
52
7
4
61
15
6
45
11
8
28
14
6
23
7
14
28
125
25
9
18
45
8
5
56
22
95
22
29
64
43
4
75
65
74
38
71
73
53
43
46
60
39
24
71
37
47
17
22
54
37
65
46
68
10
142
59
62
14
51
44
42
15
66
53
97
114
64
105
84
4
126
59
19
46
65
57
89
105
54
67
5
10
25
44
30
19
36
26
57
36
19
13
10
65
35
76
13
39
17
46
5
73
55
177
35
29
21
27
36
63
69
4
18
19
11
23
111
64
13
19
8
77
5
19
13
25
63
46
49
61
49
53
25
24
31
43
9
76
44
28
58
75
55
67
44
236
49
15
24
21
79
32
28
38
105
70
83
70
8
56
32
5
43
4
44
261
45
52
61
6
37
15
123
25
42
130
33
83
28
24
50
40
11
9
16
84
33
28
23
36
21
11
276
16
16
56
22
36
32
15
15
7
38
49
22
5
80
81
81
108
10
161
34
43
5
7
112
68
58
80
67
4
79
55
22
45
48
8
38
8
27
25
65
28
33
7
64
36
29
22
23
5
63
31
22
35
54
26
12
9
37
53
14
57
36
61
20
58
45
21
118
106
55
56
56
16
22
59
52
37
17
15
46
68
24
18
55
43
36
4
28
65
21
20
28
43
97
21
47
78
38
38
25
23
35
4
8
19
26
16
10
8
68
108
67
53
11
36
31
10
45
70
59
61
31
57
39
56
5
9
25
20
6
36
35
98
132
65
15
12
64
45
12
78
34
26
45
48
63
4
36
105
5
41
38
36
46
38
21
59
101
19
52
51
60
75
15
4
23
8
24
11
58
35
33
36
31
123
52
46
81
65
30
44
24
66
61
88
38
54
23
36
35
69
71
31
5
56
27
27
14
13
39
55
10
14
35
86
72
33
23
57
78
10
59
49
10
31
8
4
4
42
4
51
11
37
61
61
46
105
47
39
45
31
111
38
48
44
40
61
5
11
10
17
11
14
8
4
22
25
24
17
18
11
21
23
29
25
11
18
18
18
15
25
24
21
19
28
17
15
9
15
49
11
15
22
31
47
5
22
39
5
14
42
12
15
35
11
49
21
36
21
26
8
12
16
35
22
9
22
35
53
29
13
39
7
4
5
22
16
21
22
56
35
6
31
27
31
13
30
16
36
36
31
58
18
4
10
41
14
77
53
4
16
49
14
8
27
25
42
24
8
34
8
14
29
34
6
37
103
25
34
17
8
46
5
68
32
55
37
16
4
27
25
13
46
22
52
35
41
29
11
73
17
102
35
28
18
91
6
42
30
46
41
42
4
21
32
49
6
69
71
11
19
28
54
54
33
28
63
50
44
20
21
67
8
27
23
17
20
32
30
19
36
12
5
32
5
39
48
38
31
49
36
56
93
70
41
50
47
9
10
61
23
17
19
12
75
57
27
32
73
43
21
19
68
31
11
55
61
16
9
80
26
17
10
33
56
20
18
29
23
25
46
78
51
49
12
82
51
13
5
117
24
21
43
45
4
23
19
26
24
48
34
69
12
10
42
37
25
48
4
78
34
102
29
15
10
28
45
42
7
16
40
32
20
6
25
35
36
4
83
15
30
6
121
74
35
53
17
15
10
21
51
63
63
8
16
32
46
9
15
50
101
33
39
14
38
29
36
80
32
13
19
116
16
38
39
26
15
30
19
53
32
34
20
31
58
4
69
28
59
63
62
55
35
6
56
58
13
34
23
98
8
80
39
6
30
44
71
54
67
50
13
39
6
22
5
44
78
10
8
27
18
31
24
29
63
10
67
41
51
13
6
21
111
34
17
83
49
52
20
64
9
4
53
22
38
24
59
12
63
47
29
4
63
47
44
5
26
45
43
35
5
58
60
57
8
43
72
38
17
52
9
4
11
52
53
49
38
10
66
39
6
47
16
8
78
14
66
10
34
55
15
50
78
76
18
14
11
15
54
67
48
82
61
21
51
48
16
9
26
75
54
53
57
80
23
7
65
53
47
62
20
69
9
31
23
83
27
69
66
39
64
22
4
51
60
50
63
64
53
42
63
51
12
17
35
44
66
6
43
14
63
60
130
124
72
40
49
89
69
45
63
82
46
68
65
97
96
5
4
14
11
8
4
16
17
20
12
10
14
13
16
34
16
23
38
5
22
5
42
30
7
5
15
36
47
35
10
20
32
24
8
34
18
5
5
13
34
31
37
31
10
18
34
6
21
40
7
47
7
5
53
37
17
4
46
24
41
13
21
4
26
55
43
8
51
36
54
95
38
38
4
66
27
56
4
62
58
33
37
21
5
44
20
34
83
58
29
37
7
34
87
27
40
38
25
113
70
22
59
117
145
6
72
97
52
25
7
30
22
37
52
59
12
66
101
29
61
7
57
19
63
75
24
18
28
10
12
14
21
37
16
34
54
48
52
40
69
82
102
6
13
51
4
7
29
82
6
102
63
54
6
37
5
25
67
6
59
65
5
52
62
72
8
51
118
89
90
27
7
11
5
69
62
71
71
32
14
29
71
8
23
81
7
59
47
20
86
56
59
12
51
15
32
44
50
53
24
13
24
48
29
65
11
40
37
76
55
47
57
48
37
44
22
76
97
11
41
33
50
40
30
15
56
105
21
83
33
37
39
50
38
25
102
65
68
70
110
35
78
25
30
133
59
46
11
6
8
48
12
32
151
82
53
16
11
55
48
60
8
44
37
97
58
7
16
9
49
37
6
53
30
48
27
48
47
63
191
35
40
71
9
17
4
43
91
43
38
45
53
37
39
37
36
40
18
18
41
55
66
83
27
17
29
44
53
90
36
72
52
47
69
26
70
51
211
4
9
54
30
36
24
26
18
104
100
53
27
44
24
25
71
79
4
35
65
61
50
4
8
24
11
10
46
45
51
99
37
4
50
39
95
8
19
34
22
49
76
43
198
62
75
19
49
11
69
126
53
74
74
55
36
32
16
101
87
73
60
28
29
15
82
133
23
42
11
11
28
59
19
19
60
13
75
66
110
65
10
15
27
44
4
65
13
47
22
39
45
117
32
11
74
15
35
9
27
36
4
31
30
56
43
9
31
53
114
4
10
63
7
40
52
48
55
117
35
12
58
21
4
39
49
86
21
57
63
38
15
6
65
53
26
53
31
48
90
45
34
32
34
24
35
61
42
19
49
23
34
62
51
6
11
17
58
58
66
91
20
41
51
39
27
34
27
46
50
35
102
85
62
49
75
81
82
75
63
128
123
10
9
15
20
9
9
24
7
18
11
9
25
9
21
18
30
5
19
22
15
10
17
25
21
25
20
5
29
18
34
33
23
11
20
13
53
37
46
8
13
7
47
10
14
24
31
19
26
12
29
8
46
31
11
26
52
32
23
14
4
5
23
58
6
9
16
27
27
40
18
16
56
52
4
30
27
9
42
44
6
32
48
37
14
81
51
16
20
70
42
20
29
68
43
60
70
66
67
43
40
16
29
62
79
49
42
53
88
9
49
5
5
66
22
29
23
38
10
19
65
28
9
40
67
29
49
10
14
45
29
15
28
39
49
25
65
45
83
26
53
55
95
43
19
21
61
60
54
89
32
7
35
33
39
13
33
60
37
5
34
6
42
66
40
31
81
46
44
84
96
14
21
18
33
27
38
16
134
10
54
25
42
43
67
5
117
88
36
49
4
41
10
70
6
66
26
43
88
50
58
52
41
77
96
41
54
7
13
42
58
49
14
22
65
6
95
84
33
8
21
44
47
38
31
4
27
42
28
60
23
40
25
40
25
57
20
24
13
15
102
26
50
20
25
14
33
11
55
34
80
8
26
10
17
29
32
14
31
27
36
41
51
15
36
49
26
66
38
22
30
83
26
19
4
20
75
48
4
38
60
26
71
55
8
45
14
30
16
56
58
56
56
32
72
14
27
37
68
4
16
79
103
44
63
9
17
43
11
6
7
104
54
79
16
4
76
39
28
62
5
64
36
17
59
25
118
4
16
118
5
49
24
44
7
84
18
81
56
15
30
55
25
31
90
7
64
40
78
40
54
151
13
18
4
29
35
33
115
8
77
92
50
81
62
35
77
86
98
63
19
49
87
56
59
113
151
84
73
19
74
69
46
121
121
193
42
51
56
59
122
64
92
13
63
45
18
137
67
74
22
128
14
37
118
22
110
20
82
19
59
60
222
75
67
25
51
173
16
20
140
55
44
94
19
179
54
101
17
55
62
120
46
50
35
27
60
47
42
32
61
50
65
82
120
17
41
93
31
54
51
113
57
65
74
51
81
88
11
189
59
85
38
95
89
236
111
48
135
75
84
132
39
90
52
47
57
111
106
107
64
90
107
110
92
87
136
125
149
96
292
104
101
102
109
153
194
355
207
243
291
5
9
13
14
11
19
18
8
15
22
16
24
7
17
7
7
19
11
8
34
9
9
20
27
24
7
51
19
21
18
4
9
20
48
18
36
23
8
16
15
22
4
6
28
20
23
6
20
26
40
28
37
12
5
32
15
15
18
8
44
31
16
23
17
34
45
14
61
12
57
20
32
11
14
50
32
26
11
39
35
37
20
22
6
61
62
46
71
34
61
52
26
15
41
5
44
64
51
57
68
9
15
64
38
12
61
16
38
48
73
14
7
16
22
19
20
54
20
39
16
10
56
19
41
24
9
4
52
54
16
17
82
49
23
41
35
27
69
54
45
45
13
26
95
5
91
4
22
37
25
37
27
44
46
15
26
54
45
52
26
46
74
41
48
31
7
10
32
18
48
35
87
8
8
35
10
56
25
9
32
48
34
28
55
13
12
43
49
60
25
28
5
37
79
64
13
4
46
61
18
17
77
13
30
62
68
42
27
56
36
10
19
51
23
81
20
70
17
24
72
29
30
70
61
5
43
9
67
61
62
32
64
44
16
46
14
60
24
72
29
81
16
15
53
97
25
100
23
17
56
102
53
35
47
31
98
45
16
50
57
22
77
43
53
23
51
90
98
20
13
62
50
28
102
110
30
22
77
69
85
51
62
72
37
71
61
36
34
57
5
90
45
85
36
18
52
17
32
44
65
50
5
22
103
28
38
75
120
56
69
9
19
63
49
126
77
4
112
72
75
52
14
99
50
13
35
119
45
9
8
48
187
88
63
5
6
47
39
100
106
88
30
14
49
50
157
11
20
183
112
88
15
67
60
10
81
52
164
20
33
70
76
77
92
76
74
9
63
5
61
67
65
6
63
34
26
85
34
23
96
66
72
47
88
39
14
49
53
14
22
5
111
29
44
88
91
74
195
29
38
52
44
6
9
35
62
19
125
19
25
27
36
33
33
11
9
4
15
45
4
50
11
56
37
20
50
31
32
26
41
38
23
49
50
45
113
18
38
15
65
106
28
14
31
14
26
17
122
17
63
42
77
63
18
44
41
76
4
8
10
33
69
17
32
59
7
49
56
36
15
68
25
24
4
8
16
30
38
27
32
47
77
46
18
59
86
19
40
27
35
31
26
36
38
100
46
53
49
62
74
4
7
13
7
4
18
17
9
10
15
15
15
12
13
13
8
20
14
20
12
14
20
19
6
40
35
22
27
35
30
12
37
34
7
25
21
13
9
5
38
25
22
15
6
11
8
52
27
13
7
6
25
39
9
28
42
26
16
51
6
18
24
4
43
5
13
32
5
44
39
35
4
12
49
14
41
27
6
11
5
38
41
31
37
61
12
36
44
35
21
53
61
30
10
60
43
24
17
13
46
14
37
19
37
39
13
45
51
33
10
6
20
29
29
52
57
7
52
9
7
19
60
13
20
35
18
38
27
38
72
15
19
13
34
18
55
9
47
15
18
50
79
22
54
29
17
19
66
18
50
40
60
58
13
40
45
11
54
32
43
31
13
49
12
44
9
4
61
56
48
65
9
53
23
40
61
62
40
71
31
12
8
42
45
27
31
52
95
12
17
34
59
101
31
33
14
21
41
72
43
47
80
62
18
24
22
37
7
118
56
34
97
4
50
13
74
4
18
37
7
23
10
62
15
65
47
6
41
9
53
45
21
19
102
97
45
52
54
13
53
12
40
109
15
55
188
7
34
106
55
68
90
7
17
68
55
63
6
17
41
13
6
65
28
19
43
15
4
41
65
51
201
66
66
63
57
47
60
98
38
28
26
44
113
4
56
4
70
37
13
18
31
39
28
27
129
20
70
14
7
13
34
49
79
56
21
21
72
38
50
60
6
120
46
126
83
97
9
21
53
169
56
96
45
72
35
25
4
18
36
5
62
31
55
44
19
50
24
96
41
24
13
27
43
12
28
31
34
70
16
13
99
54
65
32
23
39
21
69
67
37
39
13
49
16
10
125
8
55
17
227
32
40
35
18
60
37
35
44
72
44
44
31
59
28
85
39
103
27
66
29
23
53
34
5
15
25
30
23
68
135
14
9
18
57
43
4
37
161
10
10
75
10
72
23
20
8
15
96
96
23
89
52
136
53
18
17
14
22
51
11
69
12
49
14
60
98
48
10
134
23
100
91
116
20
10
89
73
49
35
13
87
71
61
51
36
8
58
20
8
9
32
6
49
42
11
34
11
20
50
12
29
55
35
7
5
83
20
5
75
17
61
104
69
18
20
92
29
37
47
39
54
35
47
39
77
53
81
60
67
7
4
8
9
13
20
24
13
18
27
9
21
14
9
7
22
16
41
34
10
23
16
12
23
22
23
22
9
58
13
8
14
22
16
40
19
8
42
43
27
19
4
40
20
21
15
44
36
19
41
30
7
25
62
7
8
50
6
32
38
27
6
31
15
19
38
24
58
25
35
6
27
58
4
66
57
7
27
38
53
30
54
53
6
15
29
30
5
15
34
117
46
59
22
20
66
25
41
17
90
77
5
8
10
45
20
33
9
43
47
29
71
51
50
23
84
10
23
45
11
30
9
91
45
19
98
30
35
40
16
9
67
19
67
5
78
42
59
28
49
16
75
6
72
30
73
14
11
28
57
55
19
64
5
77
60
15
78
42
86
41
38
26
7
49
27
5
90
12
17
52
59
92
39
33
24
64
73
28
35
18
5
46
69
16
17
38
57
13
40
30
22
104
30
21
37
11
30
46
30
38
6
16
40
95
10
19
77
5
4
11
11
54
24
36
61
56
71
75
44
64
106
24
63
58
4
77
63
50
53
31
42
24
80
119
62
30
34
4
11
8
55
4
51
19
25
61
70
15
52
78
9
30
8
73
34
84
68
53
107
51
41
57
63
91
53
24
7
18
70
4
25
63
35
36
24
53
21
65
54
57
5
22
33
62
43
14
64
47
52
54
13
35
48
21
57
61
52
35
30
66
31
97
49
29
31
84
24
74
44
30
36
89
12
5
43
52
9
6
10
9
61
7
83
41
4
11
14
17
4
43
6
25
8
18
40
9
132
4
95
50
22
130
23
56
62
94
11
55
6
65
65
57
46
43
5
19
75
51
5
24
21
8
47
64
46
108
35
49
25
39
17
38
29
9
7
59
42
48
34
41
17
81
45
19
15
19
57
78
49
59
6
32
20
47
23
12
4
105
70
24
37
65
45
71
64
75
75
44
107
17
53
50
41
8
39
58
70
42
56
54
15
7
21
4
60
52
48
64
40
29
47
28
10
33
14
74
4
60
53
46
24
70
71
12
35
37
66
59
38
32
40
33
4
66
7
51
9
26
46
15
30
18
37
14
26
122
51
23
55
45
6
91
28
56
13
84
37
42
10
99
83
47
27
70
42
69
56
75
45
132
68
50
49
63
83
64
71
107
122
4
7
4
15
13
21
5
6
7
4
10
13
22
27
10
10
5
7
5
42
17
6
15
16
24
35
12
4
13
12
33
20
13
58
47
7
23
10
30
5
15
5
50
31
21
18
12
26
16
23
39
21
33
19
26
21
77
5
19
53
30
9
17
34
6
14
33
4
34
13
37
23
16
27
36
12
46
6
29
6
9
40
11
4
32
22
16
44
5
12
8
53
44
41
15
21
17
25
65
19
14
14
37
13
16
20
60
80
62
9
20
25
23
52
14
17
7
22
14
74
47
51
4
45
28
17
23
30
13
16
45
24
31
25
39
24
31
20
73
43
33
4
12
36
25
34
5
7
55
64
17
42
6
28
33
90
14
13
22
32
10
38
25
40
17
59
8
63
9
53
4
7
21
19
13
14
7
11
30
49
29
27
48
23
61
23
17
16
8
11
11
16
29
5
37
5
8
27
13
5
37
58
53
54
61
10
53
37
23
51
18
14
36
20
25
70
16
67
37
16
65
6
64
61
19
15
67
57
11
14
34
5
69
52
21
51
15
9
4
14
27
65
53
28
87
50
62
20
7
20
35
6
44
47
64
55
49
81
31
35
29
53
7
60
41
59
114
56
30
30
39
33
43
41
11
49
57
80
36
14
4
61
75
27
99
52
44
8
47
66
29
75
7
69
62
31
63
119
67
74
41
78
9
43
20
36
66
33
67
31
70
62
56
82
73
110
73
107
9
70
79
69
59
68
36
6
42
73
26
42
45
5
62
29
91
64
50
58
56
72
51
38
47
35
15
45
6
59
64
60
50
47
80
39
8
59
33
64
4
52
41
54
35
20
39
71
77
23
54
76
57
75
45
57
29
26
46
30
28
66
36
69
5
44
25
60
20
5
90
9
115
63
18
52
49
28
94
16
35
36
16
11
48
4
55
142
10
62
21
93
102
96
90
93
24
54
5
95
20
68
17
49
43
17
21
18
67
106
70
67
44
43
49
68
79
40
13
105
17
45
20
86
42
34
29
109
23
52
75
22
61
38
65
17
40
55
38
29
44
75
70
17
54
19
50
34
32
120
97
35
45
21
36
85
30
20
15
21
32
76
20
46
25
37
93
20
28
65
47
47
46
33
69
52
41
123
65
52
68
61
