5 0
10 64.8
15 6.2
20 7
25 5.4
30 2.6
35 2
40 2.2
45 1.4
50 0.6
55 1.4
60 0.4
65 0.6
70 0.2
75 0.8
80 0.4
85 0.2
90 0
95 0.6
100 0.2
105 0.2
110 0.2
115 0.2
120 0
125 0.2
130 0
135 0
140 0
145 0.2
150 0.2
155 0
160 0
165 0.2
170 0.4
175 0
180 0
185 0.2
190 0.2
195 0.4
200 0
205 0
210 0.4
215 0
220 0
225 0
230 0
235 0
240 0
245 0
250 0
255 0
260 0
265 0
270 0
275 0
280 0
285 0
290 0
295 0
300 0
305 0
310 0
315 0
320 0
325 0
330 0
335 0
340 0
345 0
350 0
355 0
360 0
365 0
370 0
375 0
380 0
385 0
390 0
395 0
400 0
405 0
410 0
415 0
420 0
425 0
430 0
435 0
440 0
445 0
450 0
455 0
460 0
465 0
470 0
475 0
480 0
485 0
490 0
495 0
209 0
5 0
10 81.4
15 6.6
20 5
25 2.6
30 1.6
35 0.8
40 0.8
45 0.6
50 0
55 0.2
60 0.2
65 0
70 0
75 0
80 0
85 0
90 0
95 0
100 0
105 0
110 0.2
115 0
120 0
125 0
130 0
135 0
140 0
145 0
150 0
155 0
160 0
165 0
170 0
175 0
180 0
185 0
190 0
195 0
200 0
205 0
210 0
215 0
220 0
225 0
230 0
235 0
240 0
245 0
250 0
255 0
260 0
265 0
270 0
275 0
280 0
285 0
290 0
295 0
300 0
305 0
310 0
315 0
320 0
325 0
330 0
335 0
340 0
345 0
350 0
355 0
360 0
365 0
370 0
375 0
380 0
385 0
390 0
395 0
400 0
405 0
410 0
415 0
420 0
425 0
430 0
435 0
440 0
445 0
450 0
455 0
460 0
465 0
470 0
475 0
480 0
485 0
490 0
495 0
108 0
5 0
10 72.4
15 9.2
20 6
25 3
30 1.8
35 1.2
40 0.4
45 1.2
50 1
55 0.4
60 0.8
65 0.6
70 0.2
75 0
80 0.2
85 0.4
90 0
95 0.2
100 0
105 0
110 0.2
115 0
120 0.2
125 0
130 0
135 0
140 0
145 0
150 0
155 0
160 0
165 0
170 0
175 0
180 0
185 0
190 0
195 0
200 0
205 0
210 0
215 0
220 0
225 0
230 0
235 0
240 0
245 0
250 0
255 0
260 0
265 0
270 0
275 0
280 0
285 0
290 0
295 0
300 0
305 0
310 0
315 0
320 0
325 0
330 0
335 0
340 0
345 0
350 0
355 0
360 0
365 0
370 0
375 0
380 0
385 0
390 0
395 0
400 0
405 0
410 0
415 0.2
420 0
425 0
430 0
435 0.2
440 0.2
445 0
450 0
455 0
460 0
465 0
470 0
475 0
480 0
485 0
490 0
495 0
437 0
5 0
10 69.2
15 8.4
20 4
25 2.4
30 2.8
35 1.2
40 1.8
45 1.4
50 1.2
55 0.2
60 2
65 0.4
70 0.4
75 0.2
80 1.2
85 0.8
90 0.4
95 0.2
100 0
105 0.4
110 0
115 0
120 0.4
125 0
130 0
135 0.2
140 0
145 0
150 0
155 0
160 0
165 0
170 0
175 0
180 0
185 0.2
190 0
195 0
200 0
205 0
210 0
215 0
220 0
225 0.2
230 0
235 0.2
240 0
245 0
250 0
255 0
260 0
265 0
270 0
275 0
280 0
285 0
290 0
295 0
300 0
305 0
310 0
315 0.2
320 0
325 0
330 0
335 0
340 0
345 0
350 0
355 0
360 0
365 0
370 0
375 0
380 0
385 0
390 0
395 0
400 0
405 0
410 0
415 0
420 0
425 0
430 0
435 0
440 0
445 0
450 0
455 0
460 0
465 0
470 0
475 0
480 0
485 0
490 0
495 0
310 0
5 0
10 77.2
15 7.6
20 5
25 2.6
30 2.2
35 2.2
40 0.6
45 0.2
50 1
55 0.2
60 0
65 0.2
70 0.2
75 0.4
80 0
85 0
90 0
95 0
100 0.2
105 0
110 0
115 0
120 0
125 0.2
130 0
135 0
140 0
145 0
150 0
155 0
160 0
165 0
170 0
175 0
180 0
185 0
190 0
195 0
200 0
205 0
210 0
215 0
220 0
225 0
230 0
235 0
240 0
245 0
250 0
255 0
260 0
265 0
270 0
275 0
280 0
285 0
290 0
295 0
300 0
305 0
310 0
315 0
320 0
325 0
330 0
335 0
340 0
345 0
350 0
355 0
360 0
365 0
370 0
375 0
380 0
385 0
390 0
395 0
400 0
405 0
410 0
415 0
420 0
425 0
430 0
435 0
440 0
445 0
450 0
455 0
460 0
465 0
470 0
475 0
480 0
485 0
490 0
495 0
120 0
5 0
10 71
15 8
20 6.4
25 4.2
30 2
35 2.4
40 2.2
45 0.6
50 0.8
55 0.6
60 0
65 0
70 0
75 0.2
80 0.2
85 0
90 0.2
95 0
100 0.4
105 0
110 0.4
115 0
120 0
125 0
130 0
135 0.2
140 0
145 0
150 0
155 0
160 0
165 0
170 0
175 0
180 0
185 0
190 0
195 0
200 0
205 0
210 0
215 0
220 0
225 0
230 0
235 0
240 0
245 0
250 0
255 0
260 0
265 0
270 0
275 0
280 0
285 0
290 0
295 0
300 0.2
305 0
310 0
315 0
320 0
325 0
330 0
335 0
340 0
345 0
350 0
355 0
360 0
365 0
370 0
375 0
380 0
385 0
390 0
395 0
400 0
405 0
410 0
415 0
420 0
425 0
430 0
435 0
440 0
445 0
450 0
455 0
460 0
465 0
470 0
475 0
480 0
485 0
490 0
495 0
299 0
5 0
10 65.6
15 8
20 5.8
25 4.8
30 3.4
35 2.4
40 1.4
45 1.8
50 0.6
55 0.6
60 0.4
65 0.6
70 0.6
75 0.4
80 0.4
85 0
90 0
95 0
100 0.2
105 0.2
110 0.2
115 0
120 0
125 0.4
130 0
135 0
140 0
145 0
150 0
155 0.4
160 0
165 0.2
170 0.2
175 0.6
180 0.2
185 0
190 0
195 0
200 0
205 0.4
210 0
215 0
220 0
225 0
230 0
235 0
240 0
245 0
250 0
255 0
260 0
265 0
270 0
275 0
280 0
285 0
290 0
295 0
300 0
305 0.2
310 0
315 0
320 0
325 0
330 0
335 0
340 0
345 0
350 0
355 0
360 0
365 0
370 0
375 0
380 0
385 0
390 0
395 0
400 0
405 0
410 0
415 0
420 0
425 0
430 0
435 0
440 0
445 0
450 0
455 0
460 0
465 0
470 0
475 0
480 0
485 0
490 0
495 0
303 0
5 0
10 65.4
15 9
20 5.8
25 3.6
30 4
35 1.8
40 1.6
45 0.2
50 0.6
55 0.6
60 1.4
65 0.8
70 0.6
75 0.2
80 0.2
85 0.6
90 0.2
95 0.6
100 0.4
105 0.2
110 0.2
115 0.2
120 0.2
125 0.2
130 0.2
135 0
140 0
145 0.2
150 0
155 0
160 0.2
165 0.2
170 0
175 0
180 0.4
185 0
190 0
195 0
200 0
205 0
210 0
215 0
220 0
225 0
230 0
235 0
240 0
245 0
250 0
255 0
260 0
265 0
270 0
275 0
280 0
285 0
290 0
295 0
300 0
305 0
310 0
315 0
320 0
325 0
330 0
335 0
340 0
345 0
350 0
355 0
360 0
365 0
370 0
375 0
380 0.2
385 0
390 0
395 0
400 0
405 0
410 0
415 0
420 0
425 0
430 0
435 0
440 0
445 0
450 0
455 0
460 0
465 0
470 0
475 0
480 0
485 0
490 0
495 0
376 0
5 0
10 71.2
15 8.6
20 3.8
25 2.8
30 3.6
35 2.6
40 1.6
45 0.8
50 1.2
55 0.2
60 0.2
65 0.4
70 0.4
75 0.4
80 0.2
85 0.2
90 0.2
95 0.2
100 0.2
105 0.4
110 0
115 0.4
120 0
125 0
130 0
135 0
140 0
145 0
150 0
155 0
160 0
165 0
170 0
175 0
180 0.2
185 0
190 0.2
195 0
200 0
205 0
210 0
215 0
220 0
225 0
230 0
235 0
240 0
245 0
250 0
255 0
260 0
265 0
270 0
275 0
280 0
285 0
290 0
295 0
300 0
305 0
310 0
315 0
320 0
325 0
330 0
335 0
340 0
345 0
350 0
355 0
360 0
365 0
370 0
375 0
380 0
385 0
390 0
395 0
400 0
405 0
410 0
415 0
420 0
425 0
430 0
435 0
440 0
445 0
450 0
455 0
460 0
465 0
470 0
475 0
480 0
485 0
490 0
495 0
187 0
5 0
10 70.6
15 8.6
20 6.8
25 4.6
30 2.6
35 2.4
40 0.4
45 1.6
50 0.4
55 0.6
60 0
65 0.2
70 0
75 0.2
80 0
85 0
90 0.2
95 0
100 0
105 0
110 0
115 0
120 0.2
125 0.2
130 0
135 0
140 0
145 0
150 0
155 0
160 0
165 0
170 0
175 0.2
180 0
185 0
190 0
195 0
200 0
205 0
210 0
215 0
220 0.2
225 0
230 0
235 0
240 0
245 0
250 0
255 0
260 0
265 0
270 0
275 0
280 0
285 0
290 0
295 0
300 0
305 0
310 0
315 0
320 0
325 0
330 0
335 0
340 0
345 0
350 0
355 0
360 0
365 0
370 0
375 0
380 0
385 0
390 0
395 0
400 0
405 0
410 0
415 0
420 0
425 0
430 0
435 0
440 0
445 0
450 0
455 0
460 0
465 0
470 0
475 0
480 0
485 0
490 0
495 0
218 0
5 0
10 61.8
15 9
20 8
25 4.4
30 2
35 1.4
40 2.4
45 1.2
50 1.2
55 1
60 1.2
65 0.4
70 0
75 0.2
80 1.2
85 0
90 0
95 0
100 0
105 0.2
110 0.4
115 0.4
120 0.2
125 0
130 0
135 0.2
140 0.4
145 0.4
150 0
155 0
160 0
165 0.2
170 0.2
175 0
180 0
185 0
190 0.2
195 0
200 0.2
205 0
210 0
215 0
220 0
225 0
230 0
235 0
240 0
245 0
250 0
255 0
260 0
265 0.2
270 0.2
275 0.2
280 0.6
285 0
290 0
295 0
300 0
305 0
310 0
315 0
320 0
325 0
330 0
335 0
340 0
345 0
350 0
355 0
360 0
365 0
370 0.2
375 0
380 0
385 0
390 0
395 0
400 0
405 0
410 0
415 0
420 0
425 0
430 0
435 0
440 0
445 0
450 0
455 0
460 0.2
465 0
470 0
475 0
480 0
485 0
490 0
495 0
455 0
5 0
10 61.4
15 8.6
20 6.6
25 3.4
30 4.6
35 2.2
40 2
45 2
50 1
55 1.4
60 1
65 0.8
70 0.6
75 0.6
80 0.2
85 0.2
90 0.2
95 0
100 0
105 0.4
110 0
115 0.2
120 0.2
125 0.4
130 0.6
135 0.2
140 0.2
145 0.2
150 0
155 0.2
160 0
165 0
170 0.2
175 0
180 0
185 0
190 0
195 0
200 0
205 0
210 0.4
215 0
220 0
225 0
230 0
235 0
240 0
245 0
250 0
255 0
260 0
265 0
270 0
275 0
280 0
285 0
290 0
295 0
300 0
305 0
310 0
315 0
320 0
325 0
330 0
335 0
340 0
345 0
350 0
355 0
360 0
365 0
370 0
375 0
380 0
385 0
390 0
395 0
400 0
405 0
410 0
415 0
420 0
425 0
430 0
435 0
440 0
445 0
450 0
455 0
460 0
465 0
470 0
475 0
480 0
485 0
490 0
495 0
209 0
5 0
10 73.2
15 8.4
20 7.4
25 2
30 1.6
35 2
40 0.8
45 0.6
50 1
55 0.2
60 0.2
65 0.6
70 0
75 0.4
80 0.4
85 0.2
90 0.2
95 0
100 0.4
105 0
110 0
115 0
120 0
125 0.2
130 0
135 0
140 0
145 0
150 0
155 0
160 0
165 0
170 0
175 0
180 0
185 0
190 0
195 0
200 0
205 0
210 0
215 0
220 0
225 0
230 0
235 0
240 0
245 0
250 0
255 0
260 0
265 0
270 0
275 0
280 0
285 0
290 0
295 0
300 0
305 0
310 0
315 0
320 0
325 0
330 0
335 0
340 0
345 0
350 0
355 0
360 0
365 0
370 0.2
375 0
380 0
385 0
390 0
395 0
400 0
405 0
410 0
415 0
420 0
425 0
430 0
435 0
440 0
445 0
450 0
455 0
460 0
465 0
470 0
475 0
480 0
485 0
490 0
495 0
369 0
5 0
10 69.6
15 6.8
20 7
25 4
30 2.8
35 1.6
40 3
45 0.6
50 0.8
55 0.4
60 0.4
65 0.8
70 0.6
75 0.2
80 0
85 0.6
90 0.2
95 0
100 0
105 0
110 0
115 0
120 0
125 0.2
130 0
135 0
140 0.2
145 0
150 0
155 0
160 0
165 0
170 0
175 0.2
180 0
185 0
190 0
195 0
200 0
205 0
210 0
215 0
220 0
225 0
230 0
235 0
240 0
245 0
250 0
255 0
260 0
265 0
270 0
275 0
280 0
285 0
290 0
295 0
300 0
305 0
310 0
315 0
320 0
325 0
330 0
335 0
340 0
345 0
350 0
355 0
360 0
365 0
370 0
375 0
380 0
385 0
390 0
395 0
400 0
405 0
410 0
415 0
420 0
425 0
430 0
435 0
440 0
445 0
450 0
455 0
460 0
465 0
470 0
475 0
480 0
485 0
490 0
495 0
174 0
5 0
10 75.8
15 7.6
20 5
25 3
30 1.8
35 1.2
40 1.2
45 0.8
50 0.2
55 1.2
60 0.2
65 0.4
70 0
75 0.4
80 0
85 0
90 0.2
95 0.2
100 0
105 0
110 0.2
115 0
120 0
125 0.2
130 0
135 0
140 0
145 0
150 0
155 0.2
160 0
165 0.2
170 0
175 0
180 0
185 0
190 0
195 0
200 0
205 0
210 0
215 0
220 0
225 0
230 0
235 0
240 0
245 0
250 0
255 0
260 0
265 0
270 0
275 0
280 0
285 0
290 0
295 0
300 0
305 0
310 0
315 0
320 0
325 0
330 0
335 0
340 0
345 0
350 0
355 0
360 0
365 0
370 0
375 0
380 0
385 0
390 0
395 0
400 0
405 0
410 0
415 0
420 0
425 0
430 0
435 0
440 0
445 0
450 0
455 0
460 0
465 0
470 0
475 0
480 0
485 0
490 0
495 0
161 0
