4
4
4
8
8
8
12
12
12
16
16
16
20
20
20
24
24
24
28
28
28
32
32
32
36
36
36
40
40
40
44
44
44
48
48
48
52
52
52
56
56
56
60
60
60
64
64
64
68
68
68
72
72
72
76
76
76
80
80
80
84
84
85
88
88
89
91
91
93
95
95
97
99
99
101
103
103
105
107
107
109
111
111
113
115
115
117
119
119
121
123
123
125
127
127
129
131
131
133
135
135
137
139
139
141
143
143
145
147
147
149
151
151
153
155
155
157
159
159
161
163
163
167
167
166
171
171
175
175
174
178
179
180
183
189
190
193
195
198
198
202
202
208
207
214
216
220
228
231
235
244
252
268
292
316
6
30
10
34
18
61
45
14
88
38
22
46
10
34
8
32
56
11
35
22
46
12
9
36
15
36
42
63
69
90
15
4
39
10
28
34
8
23
32
47
71
5
29
20
25
44
49
13
37
21
45
12
36
9
33
57
13
81
37
105
129
153
6
20
33
47
21
7
45
31
11
35
18
42
22
46
24
48
24
5
48
9
29
72
33
17
57
41
81
4
18
31
45
69
16
93
40
117
141
10
34
6
30
54
7
31
55
79
24
48
18
42
16
66
40
14
38
11
13
35
37
24
23
29
22
54
53
59
18
46
6
70
45
33
94
72
118
19
24
18
46
48
45
69
7
14
96
18
38
34
123
42
13
147
14
13
43
44
43
67
91
11
115
35
25
49
73
97
121
13
145
37
61
24
48
20
17
44
24
44
51
4
17
17
34
47
15
47
39
63
17
41
18
22
45
49
4
28
4
28
23
9
47
13
36
71
40
64
22
12
46
36
15
60
39
63
28
52
25
16
79
40
52
106
64
130
9
18
12
33
42
36
66
15
10
42
5
37
29
16
23
40
23
47
64
47
88
112
136
160
22
46
70
10
94
34
118
58
82
15
39
13
37
61
85
22
109
46
25
49
73
97
7
31
10
34
13
12
37
36
7
31
17
27
44
54
20
44
15
5
42
32
69
59
25
21
83
52
48
107
12
82
131
39
155
63
179
87
111
25
135
49
159
12
8
7
39
35
31
17
5
41
29
18
21
56
45
45
13
17
40
44
12
36
16
40
5
29
11
25
35
25
49
28
11
49
52
35
8
32
56
12
83
39
110
25
134
49
158
182
20
206
44
230
254
278
19
9
43
33
67
57
91
81
105
16
11
129
40
35
153
64
17
177
41
13
9
37
68
36
21
20
45
44
68
20
15
95
28
50
39
125
58
63
152
87
176
111
200
135
159
183
15
210
42
6
30
10
34
18
42
24
12
5
51
36
32
21
45
22
46
25
49
10
16
34
40
13
13
15
40
10
43
39
20
15
37
66
47
39
93
117
141
165
189
213
16
237
40
261
9
288
29
39
318
59
69
348
372
15
396
20
42
420
47
444
468
492
25
516
49
540
564
588
9
4
33
9
6
9
31
33
33
33
57
10
34
10
24
34
48
5
29
7
31
55
18
42
9
33
9
33
23
7
50
34
22
46
8
32
14
14
38
12
38
36
62
25
49
8
32
22
10
28
56
52
40
80
58
82
104
128
28
155
55
79
12
36
11
63
38
20
44
7
31
14
9
38
33
15
39
25
49
14
38
62
18
89
45
116
140
27
167
54
194
218
242
266
18
290
42
28
317
66
55
344
368
392
416
8
440
32
464
488
19
6
43
8
30
32
5
29
8
21
32
45
17
41
15
39
7
16
4
40
34
7
6
31
61
70
11
40
39
58
103
44
82
73
106
97
21
45
15
20
72
42
44
99
68
69
6
30
11
17
23
38
41
16
50
65
40
64
88
112
10
136
34
160
184
208
11
35
8
15
35
42
66
4
28
14
38
16
40
4
28
10
34
8
32
22
46
19
43
15
70
42
97
121
24
145
48
169
193
217
15
241
39
13
37
6
4
30
25
28
49
15
39
19
63
43
7
67
31
55
4
79
28
52
22
46
25
24
49
48
25
4
49
28
12
36
7
15
6
34
42
30
12
36
12
36
60
6
30
9
17
33
41
65
14
38
62
16
20
40
44
68
12
23
36
47
14
38
9
33
24
18
11
18
51
42
38
42
78
66
66
15
90
39
14
14
38
38
62
23
11
47
19
38
46
70
27
20
54
21
47
45
5
29
53
25
49
8
18
32
42
14
38
12
36
22
46
16
40
23
18
47
5
45
32
10
34
7
31
7
14
4
31
38
28
15
52
39
11
35
59
13
83
37
20
6
44
30
13
21
40
4
4
4
8
8
8
12
12
12
16
16
16
20
20
20
24
24
24
28
28
28
32
32
32
36
36
36
40
40
40
44
44
44
48
48
48
52
52
52
56
56
56
60
60
60
64
64
64
68
68
68
72
72
72
76
76
76
80
80
80
84
84
85
88
88
89
91
91
93
95
95
97
99
99
101
103
103
105
107
107
109
111
111
113
115
115
117
119
119
121
123
123
125
127
127
129
131
131
133
135
135
137
139
139
141
143
143
145
147
147
149
151
151
153
155
155
157
159
159
161
163
163
167
167
169
171
171
175
175
176
180
180
181
188
189
193
193
196
198
203
211
211
216
220
223
228
233
238
241
244
250
260
268
268
274
292
298
316
322
346
370
394
418
11
35
8
32
10
34
21
45
23
23
47
47
4
28
52
8
27
35
54
16
40
6
30
54
7
31
12
58
39
19
17
43
9
41
33
14
19
41
46
5
21
32
4
48
25
28
4
52
16
34
43
10
28
37
11
55
35
8
79
59
32
6
31
83
33
58
5
15
29
85
42
66
90
114
138
162
186
210
234
258
23
285
50
312
4
339
31
366
4
28
11
35
24
10
48
34
12
36
10
60
34
17
87
58
44
82
68
16
26
43
18
20
53
21
45
21
47
10
11
83
51
51
74
34
38
75
62
99
86
123
110
134
8
32
9
6
56
33
30
57
7
4
34
8
34
64
38
34
94
61
121
145
23
47
18
8
42
32
25
49
73
11
22
17
35
46
41
19
43
14
67
38
62
18
42
23
47
19
43
67
25
49
12
36
5
9
10
32
33
37
21
45
8
32
20
44
19
11
43
5
4
41
35
15
34
39
62
63
86
110
15
39
21
45
5
4
29
28
11
35
5
29
53
6
30
13
37
25
49
12
73
21
36
100
19
60
51
130
27
87
49
21
157
57
76
117
184
14
51
8
24
147
38
211
35
51
174
238
198
8
32
20
44
23
17
47
41
9
74
15
36
101
39
22
28
4
66
49
55
31
76
79
4
28
11
35
17
41
23
6
47
30
20
5
44
28
29
52
15
39
13
37
7
31
13
37
18
42
13
37
10
34
4
28
52
10
22
37
49
19
43
21
7
16
31
48
43
17
67
41
5
29
24
8
51
35
17
59
41
83
107
131
20
44
20
44
23
47
7
31
18
26
42
50
74
16
40
22
46
5
70
29
94
118
142
22
5
46
29
20
8
47
35
9
19
36
46
17
41
12
36
10
34
58
6
30
6
30
7
31
55
15
39
15
13
12
39
15
13
40
63
39
42
40
87
10
34
8
58
32
14
38
62
6
30
13
37
10
7
37
34
20
15
44
39
63
87
25
49
15
13
42
4
40
28
13
5
37
29
8
32
19
43
67
91
10
118
37
31
148
58
175
8
32
13
37
21
64
48
91
115
19
142
46
169
15
193
39
16
220
63
22
43
247
46
271
295
319
343
367
391
8
415
32
439
463
487
11
514
38
23
47
10
34
20
44
4
28
6
21
33
48
9
24
13
33
51
40
9
33
22
23
49
50
74
16
98
40
21
6
67
48
30
6
30
22
46
9
33
18
42
10
34
12
36
4
12
31
39
9
7
16
33
34
43
57
81
15
39
16
27
15
43
54
39
11
35
9
15
4
36
42
28
14
52
38
6
76
62
30
100
19
89
124
46
116
148
172
196
4
220
28
244
18
42
17
41
65
7
31
4
28
20
44
68
18
42
23
47
22
15
49
42
76
9
11
33
35
19
43
67
9
18
94
33
45
121
57
145
16
18
18
172
40
17
42
48
64
202
47
78
102
4
126
28
19
15
12
43
39
36
67
8
22
63
32
46
17
41
7
31
13
37
11
4
38
31
19
43
23
4
67
50
16
31
40
55
8
32
24
48
6
10
33
37
9
33
57
15
25
39
49
23
47
22
46
10
34
5
12
29
9
36
33
8
14
35
41
24
65
48
6
30
24
54
48
78
102
11
35
59
19
22
83
46
21
107
49
45
131
155
179
4
203
28
17
41
7
65
31
89
19
43
12
36
60
16
7
5
87
43
34
32
29
114
73
138
56
100
25
49
13
37
10
34
13
9
40
36
67
63
87
111
135
159
24
48
72
13
37
10
34
10
34
6
30
8
14
6
25
10
32
7
44
52
36
40
34
74
79
12
103
36
127
24
48
14
16
41
43
9
21
67
36
48
63
23
47
71
22
46
21
45
8
23
32
47
17
41
13
37
16
40
10
34
58
8
32
11
35
21
45
6
10
30
34
17
4
4
4
8
8
8
12
12
12
16
16
16
20
20
20
24
24
24
28
28
28
32
32
32
36
36
36
40
40
40
44
44
44
48
48
48
52
52
52
56
56
56
60
60
60
64
64
64
68
68
68
72
72
72
76
76
76
80
80
80
84
84
85
88
88
89
91
91
93
95
95
97
99
99
101
103
103
105
107
107
109
111
111
113
115
115
117
119
119
121
123
123
125
127
127
129
131
131
133
135
135
137
139
139
141
143
143
145
147
147
149
151
151
153
155
155
157
159
159
161
163
163
167
167
166
171
171
171
175
175
178
179
179
186
186
188
190
191
193
195
196
202
205
206
209
211
215
217
223
235
238
239
259
263
287
24
19
48
43
7
67
31
4
28
22
46
19
70
43
5
10
32
37
59
83
23
107
8
50
131
35
6
30
18
42
16
40
21
9
45
33
12
36
14
38
12
36
15
39
5
24
32
4
51
59
28
17
5
55
41
21
32
82
65
45
6
25
109
30
52
136
79
163
187
8
19
35
46
4
28
52
76
100
11
35
8
32
56
15
83
42
110
5
29
11
9
35
33
24
48
7
31
6
30
18
54
42
6
8
30
23
35
50
19
11
20
80
49
44
41
110
134
13
37
12
36
9
33
11
35
59
8
27
35
54
14
78
38
62
16
40
11
23
35
47
59
71
83
11
35
21
45
25
49
14
7
41
34
9
12
22
33
11
36
46
60
38
12
62
36
86
19
43
23
67
47
91
21
74
115
48
19
101
10
142
78
46
13
134
43
169
43
164
193
217
241
8
18
268
32
9
48
298
56
39
325
349
373
397
9
24
33
48
25
21
49
7
48
73
34
75
16
15
5
40
18
6
39
35
64
48
63
36
88
25
60
49
84
8
73
108
32
132
56
80
104
21
45
25
49
14
38
16
40
64
21
11
48
38
62
6
89
33
8
32
24
48
8
32
17
41
12
36
60
16
84
25
40
111
4
52
23
9
138
47
31
79
36
165
71
58
24
189
82
48
213
106
237
25
261
49
8
288
8
38
25
35
49
59
20
4
44
28
68
7
10
34
37
19
43
24
48
25
72
49
11
35
25
49
6
30
54
12
4
36
28
23
28
47
55
55
82
27
109
54
10
34
12
36
28
25
52
49
24
48
21
75
48
11
35
16
40
14
7
41
23
34
47
8
29
13
38
59
43
68
92
9
33
57
18
42
13
37
28
52
23
5
50
32
24
48
11
23
24
35
47
48
22
46
25
49
10
34
21
45
11
35
59
10
34
24
48
10
72
34
96
120
9
16
20
33
40
44
57
17
84
44
10
7
114
37
21
31
45
24
48
20
44
7
31
17
10
14
41
34
38
65
58
17
5
44
32
17
41
9
14
33
13
38
57
37
61
4
28
12
36
20
44
11
35
14
38
10
16
28
34
43
55
79
23
26
50
53
14
38
22
21
12
46
45
36
70
94
15
118
39
142
12
166
36
190
214
238
262
18
10
11
45
17
37
15
23
38
44
61
18
45
50
74
48
23
47
71
9
22
33
46
23
47
4
28
13
37
6
30
5
29
17
22
11
44
46
38
62
86
110
22
137
49
24
48
27
4
24
51
28
48
7
31
15
39
6
30
5
20
29
27
47
53
54
77
20
101
44
125
68
149
173
11
23
197
14
35
20
47
227
44
50
9
260
77
39
290
21
314
45
15
338
39
362
12
386
36
410
60
434
21
7
461
31
48
22
488
46
512
536
13
560
37
584
61
608
632
18
659
45
686
710
734
9
761
12
36
788
36
812
25
839
20
52
866
44
890
14
914
38
938
962
986
1010
4
1034
28
1058
5
29
9
33
10
16
34
40
8
58
32
82
56
106
130
154
10
7
181
34
10
34
34
17
5
41
29
8
32
7
31
4
28
11
35
11
35
17
59
41
83
15
39
63
4
28
23
17
47
41
22
16
49
21
4
21
43
48
45
31
69
93
117
13
37
28
52
9
33
20
44
15
39
16
40
19
5
43
29
5
67
29
15
53
39
8
77
63
32
87
6
21
111
33
48
72
8
32
7
31
7
31
11
16
35
5
40
21
32
48
72
96
16
40
24
18
48
42
66
17
41
22
46
5
29
8
32
11
56
26
35
50
59
11
35
20
44
68
19
18
98
49
48
18
42
9
23
33
47
57
23
47
24
48
8
32
19
24
43
48
24
48
12
36
6
30
54
9
78
33
57
81
105
22
21
46
45
70
5
29
53
77
7
101
31
11
128
38
26
158
68
185
95
212
236
260
4
4
4
8
8
8
12
12
12
16
16
16
20
20
20
24
24
24
28
28
28
32
32
32
36
36
36
40
40
40
44
44
44
48
48
48
52
52
52
56
56
56
60
60
60
64
64
64
68
68
68
72
72
72
76
76
76
80
80
80
84
84
85
88
88
89
91
91
93
95
95
97
99
99
101
103
103
105
107
107
109
111
111
113
115
115
117
119
119
121
123
123
125
127
127
129
131
131
133
135
135
137
139
139
141
143
143
145
147
147
149
151
151
153
155
155
157
159
159
161
163
163
167
167
166
171
171
172
175
175
177
181
181
186
186
191
192
197
198
198
203
210
210
214
216
222
223
228
233
237
240
245
246
255
261
264
269
278
285
288
299
315
326
350
374
4
28
19
43
6
25
30
49
73
13
97
13
121
16
43
26
19
43
151
46
56
49
31
181
55
79
23
103
47
14
127
38
151
175
22
8
26
199
32
49
53
77
11
35
11
35
15
39
18
8
45
17
38
75
47
68
105
34
16
7
98
61
43
34
125
149
15
173
39
197
18
224
45
4
28
12
36
60
6
13
33
40
29
16
67
56
40
64
8
88
32
112
136
14
38
24
62
48
27
14
75
51
41
20
44
16
40
16
8
43
35
16
40
6
30
17
41
18
65
42
89
8
113
32
137
6
30
5
23
29
47
53
77
5
4
29
6
31
33
18
61
63
48
8
32
13
37
25
17
49
41
27
51
11
35
18
42
11
35
59
83
18
42
24
48
5
29
9
33
9
20
33
11
44
35
68
59
83
12
15
39
10
42
7
66
37
34
25
49
17
18
41
22
22
45
28
49
49
55
7
8
34
35
15
39
63
6
30
17
41
15
39
10
34
5
29
6
30
16
7
40
31
11
35
22
46
8
73
35
100
5
21
65
130
45
23
35
95
160
47
122
187
71
14
211
95
38
235
259
283
16
307
21
331
43
48
70
25
75
49
99
123
15
147
39
11
35
14
38
13
37
21
24
45
48
7
31
20
44
68
92
21
45
16
40
13
64
37
88
112
19
43
21
45
21
21
48
48
72
15
39
23
47
12
71
36
24
48
9
4
33
14
28
38
18
42
20
44
24
48
12
36
18
42
18
21
42
45
5
29
14
38
19
43
67
18
42
66
17
20
41
44
68
92
21
116
45
14
17
38
19
44
62
46
86
24
20
22
51
47
46
6
30
28
19
55
46
12
82
36
106
130
154
20
13
181
47
37
26
64
53
6
16
94
30
43
121
23
5
50
32
17
41
65
14
38
24
62
48
5
29
23
47
12
21
10
39
48
34
10
58
34
14
38
62
8
32
56
80
22
46
9
8
33
6
32
60
33
87
4
28
22
6
46
30
15
20
39
44
13
71
40
9
33
57
81
5
105
29
12
8
36
11
32
35
11
8
38
35
10
34
58
82
24
48
13
37
22
46
70
94
27
51
10
78
37
5
29
21
45
20
72
47
99
10
123
13
34
37
22
46
15
28
42
55
12
19
39
46
26
69
53
96
80
123
24
147
48
25
49
24
48
22
11
14
49
38
38
11
17
62
38
28
44
89
68
55
79
9
21
33
45
8
32
20
44
12
36
12
36
11
35
4
59
28
20
86
47
113
21
23
48
50
18
25
45
52
72
79
10
34
13
37
16
17
6
40
44
33
14
15
38
39
6
20
33
47
13
13
37
4
37
28
17
41
22
46
24
48
25
21
49
45
15
39
6
30
54
23
20
78
47
44
15
71
16
39
98
43
13
67
14
37
38
20
44
17
41
23
47
12
13
36
37
60
25
49
73
18
10
42
34
16
40
64
16
40
9
33
14
28
7
13
44
58
37
37
74
88
11
35
21
8
45
25
35
69
52
93
76
117
100
141
124
7
165
31
189
55
213
14
21
38
45
23
23
47
47
9
33
57
8
32
15
39
9
66
36
21
45
16
6
40
30
8
14
32
38
5
20
23
32
47
47
71
10
34
16
40
22
46
16
13
40
37
11
22
35
46
14
38
62
86
110
134
19
12
5
43
39
32
4
28
15
39
12
26
39
53
4
28
24
48
4
28
20
44
9
11
33
35
57
15
81
39
105
129
153
177
7
17
31
41
55
65
15
39
63
87
111
135
7
31
8
32
6
30
24
48
25
49
22
46
19
20
14
46
21
47
41
48
8
9
72
32
33
96
120
144
24
168
48
11
192
5
35
29
16
7
43
13
37
22
43
67
52
94
23
23
18
50
50
42
77
12
104
39
19
63
21
43
10
67
48
23
4
4
4
8
8
8
12
12
12
16
16
16
20
20
20
24
24
24
28
28
28
32
32
32
36
36
36
40
40
40
44
44
44
48
48
48
52
52
52
56
56
56
60
60
60
64
64
64
68
68
68
72
72
72
76
76
76
80
80
80
84
84
85
88
88
89
91
91
93
95
95
97
99
99
101
103
103
105
107
107
109
111
111
113
115
115
117
119
119
121
123
123
125
127
127
129
131
131
133
135
135
137
139
139
141
143
143
145
147
147
149
151
151
153
155
155
157
159
159
161
163
163
167
167
171
171
173
175
175
178
181
184
186
188
189
192
194
197
201
202
206
209
214
217
219
224
230
239
243
244
251
263
267
271
278
291
302
315
326
339
10
34
58
15
82
39
63
11
35
59
22
83
46
14
107
21
38
45
9
14
17
33
38
41
13
20
37
44
68
92
116
11
22
18
38
49
42
15
73
39
18
63
42
87
111
18
138
45
13
25
37
49
61
15
9
42
36
11
35
24
48
72
24
48
72
12
36
60
11
9
22
38
33
10
52
37
25
22
79
49
46
20
44
12
71
39
24
48
8
32
17
41
24
48
72
10
34
21
45
18
7
45
34
19
28
46
55
20
44
13
37
23
47
21
45
11
69
35
6
96
33
123
12
60
150
36
25
28
49
52
76
15
39
17
16
41
25
40
68
52
95
4
28
24
22
51
23
49
18
78
29
53
76
48
59
100
8
78
124
35
148
7
22
31
46
22
4
46
28
20
4
47
31
19
43
17
41
24
48
15
13
39
37
13
37
4
28
10
34
24
58
48
23
47
13
37
16
40
64
10
17
37
44
21
45
11
35
10
34
17
41
14
38
21
45
25
10
49
34
19
7
46
12
34
5
39
32
56
12
83
39
110
8
21
24
35
45
51
75
12
24
36
48
12
36
22
46
12
10
36
34
7
31
6
24
30
48
7
57
25
34
49
10
18
20
8
37
45
47
35
64
59
88
15
25
42
52
20
9
47
36
10
34
10
9
37
36
24
48
5
29
9
27
36
54
13
37
61
8
88
35
115
139
20
166
47
4
13
28
37
12
25
19
36
52
46
6
30
14
38
4
28
19
43
67
91
20
25
47
52
16
40
20
9
44
33
16
40
64
22
46
17
9
41
23
33
65
47
89
113
137
9
33
25
49
6
30
54
23
47
21
45
12
17
39
44
68
20
44
19
43
8
32
23
47
71
23
95
13
47
25
119
40
71
52
12
18
25
36
42
49
60
5
29
15
39
11
63
35
4
28
52
10
34
12
9
39
36
15
15
39
14
42
41
4
11
31
38
21
4
58
45
28
69
52
7
7
76
34
34
100
124
148
20
44
11
35
13
37
17
7
25
41
31
14
52
41
16
40
22
46
17
41
65
19
13
43
37
61
13
14
40
41
21
45
17
41
4
28
17
41
65
8
32
56
7
31
10
34
15
58
19
27
45
82
49
57
106
75
15
39
63
10
34
9
8
17
39
38
47
69
74
22
9
96
101
46
33
5
29
18
16
28
42
43
55
70
94
118
23
13
145
47
40
15
11
42
38
8
32
56
21
14
45
38
17
19
44
46
8
71
32
17
56
41
14
38
9
11
33
35
9
17
33
41
14
38
14
38
17
41
9
33
7
31
14
38
15
39
63
87
6
111
30
6
30
54
9
33
57
25
81
49
105
73
97
7
121
31
18
42
11
18
35
16
45
43
23
47
7
31
55
79
103
127
151
175
199
10
6
223
15
37
33
14
247
42
41
11
25
35
49
15
39
11
35
8
32
19
43
9
33
57
81
105
16
23
40
47
4
28
19
31
55
17
43
41
12
18
36
42
6
30
23
47
16
40
9
33
57
81
105
9
132
36
159
63
186
24
48
25
49
23
47
5
29
11
35
4
28
52
76
100
21
45
24
48
13
37
23
47
20
13
44
37
25
49
73
12
36
19
43
14
67
38
11
35
13
59
23
37
83
47
61
17
41
9
68
36
16
40
18
42
23
47
17
71
41
65
14
38
17
41
6
21
30
45
69
11
35
9
33
16
40
24
48
21
72
45
11
35
24
48
72
16
96
40
120
18
11
64
45
88
38
112
136
17
14
41
38
65
11
89
15
35
39
63
9
90
36
7
120
66
37
9
33
57
25
49
73
97
26
50
10
34
10
34
10
23
37
50
11
15
38
42
66
90
6
30
10
9
37
36
13
37
4
28
14
38
23
47
12
71
36
95
14
38
7
31
10
13
37
5
43
32
10
34
10
6
34
4
4
4
8
8
8
12
12
12
16
16
16
20
20
20
24
24
24
28
28
28
32
32
32
36
36
36
40
40
40
44
44
44
48
48
48
52
52
52
56
56
56
60
60
60
64
64
64
68
68
68
72
72
72
76
76
76
80
80
80
84
84
85
88
88
89
91
91
93
95
95
97
99
99
101
103
103
105
107
107
109
111
111
113
115
115
117
119
119
121
123
123
125
127
127
129
131
131
133
135
135
137
139
139
141
143
143
145
147
147
149
151
151
153
155
155
157
159
159
161
163
163
167
167
167
171
171
171
175
175
177
180
184
184
189
191
194
195
197
202
203
205
207
211
213
219
220
224
234
235
244
249
258
262
276
282
289
303
306
316
330
343
357
370
384
397
411
424
438
451
465
478
492
505
519
532
546
570
594
618
642
666
690
714
738
762
12
36
9
33
7
15
57
31
39
81
105
129
6
153
30
23
47
7
31
8
25
32
49
73
23
47
22
71
46
21
45
7
31
6
30
16
40
8
32
11
35
18
42
22
15
46
39
24
20
5
51
44
8
35
68
18
38
45
10
34
58
6
30
6
54
30
78
102
16
40
64
7
31
7
6
29
14
28
43
42
65
50
64
75
98
83
97
110
134
12
36
60
25
9
49
33
73
16
100
43
127
151
12
36
14
38
8
9
65
32
36
25
59
4
55
31
82
23
58
47
20
20
47
47
71
14
38
25
49
18
42
66
24
27
51
54
23
47
11
35
59
4
28
10
52
25
37
76
52
100
20
44
19
18
46
6
45
30
54
24
18
48
42
8
24
32
48
4
72
28
22
13
46
37
61
18
42
19
7
9
10
49
18
37
39
37
45
64
25
49
9
33
25
49
8
9
35
36
62
10
20
34
44
5
24
29
18
48
42
66
22
10
46
34
10
12
34
36
58
9
16
36
43
30
70
57
22
97
46
121
8
32
21
45
12
24
36
48
8
32
56
16
7
43
34
20
70
11
44
97
38
25
68
49
92
116
140
164
5
188
14
32
17
44
13
65
50
77
46
98
18
107
42
125
11
134
25
152
38
30
34
52
167
185
63
76
67
15
8
218
31
32
45
248
56
61
75
278
80
91
305
118
332
145
359
172
386
26
202
416
56
443
467
12
20
491
36
44
515
68
25
95
52
122
146
20
173
47
22
46
13
37
22
46
7
31
23
47
19
43
10
16
11
37
30
46
35
57
15
39
4
17
31
44
58
23
47
14
38
21
45
23
47
4
28
10
55
31
10
40
85
34
61
112
58
16
136
82
40
106
64
10
88
14
12
37
112
41
36
136
25
49
9
33
11
35
6
59
30
83
14
107
38
23
131
47
15
39
13
37
6
30
17
41
4
65
28
21
45
69
93
8
32
23
22
47
46
71
70
15
39
63
5
7
29
31
4
14
28
8
38
32
25
49
13
37
20
4
44
11
68
31
38
15
39
17
41
21
5
45
29
10
18
34
42
58
7
31
4
28
52
8
14
35
11
44
65
17
41
74
41
19
101
65
14
49
131
33
47
161
63
77
191
33
29
221
63
59
12
254
96
42
284
308
8
332
32
21
45
7
31
12
6
39
33
66
90
114
138
7
165
24
34
9
48
192
27
33
219
54
246
270
4
297
31
324
348
372
25
49
10
34
19
43
15
39
28
5
18
52
29
42
66
90
4
4
8
18
31
31
35
45
59
24
48
6
20
30
44
68
25
5
49
29
18
42
9
69
36
96
63
123
20
44
15
18
28
23
42
45
55
50
79
15
39
63
7
87
31
55
79
103
21
45
69
8
7
32
31
22
56
46
80
104
128
23
47
20
44
10
25
34
49
4
28
52
5
22
29
14
49
41
16
40
17
41
20
10
47
37
25
49
73
97
14
38
9
27
36
54
13
37
25
49
20
44
20
44
8
32
16
40
12
36
5
29
5
17
32
44
18
42
14
38
22
28
4
62
49
55
28
29
53
15
39
7
31
18
42
11
35
59
9
33
57
7
81
5
31
29
15
18
39
42
66
4
90
28
18
42
20
23
44
47
71
12
36
18
42
7
24
31
48
20
44
11
35
59
10
34
58
25
49
8
24
22
32
48
46
20
19
73
47
43
5
29
15
39
6
30
10
17
34
18
44
58
45
12
36
19
10
43
28
37
55
19
43
67
5
91
28
32
115
55
6
139
16
163
33
43
4
28
4
28
52
25
76
49
7
31
16
40
5
21
29
45
24
25
51
52
12
8
12
39
11
35
39
7
38
11
31
35
55
59
4
4
4
8
8
8
12
12
12
16
16
16
20
20
20
24
24
24
28
28
28
32
32
32
36
36
36
40
40
40
44
44
44
48
48
48
52
52
52
56
56
56
60
60
60
64
64
64
68
68
68
72
72
72
76
76
76
80
80
80
84
84
85
88
88
89
91
91
93
95
95
97
99
99
101
103
103
105
107
107
109
111
111
113
115
115
117
119
119
121
123
123
125
127
127
129
131
131
133
135
135
137
139
139
141
143
143
145
147
147
149
151
151
153
155
155
157
159
159
161
163
163
167
167
171
171
170
175
175
176
180
184
185
185
189
189
194
200
204
208
209
218
219
224
230
234
238
251
261
265
275
288
292
299
315
323
347
371
395
4
28
14
52
22
38
76
46
8
24
32
48
20
44
19
43
7
31
21
45
14
4
38
28
25
49
9
23
18
36
47
45
7
31
18
42
6
30
5
23
29
47
15
39
17
41
5
26
32
53
59
13
37
27
24
64
20
54
51
91
47
115
139
5
163
29
187
16
211
40
235
64
259
88
283
307
10
22
37
49
64
15
17
42
6
44
69
30
9
9
57
33
18
39
57
45
6
66
84
28
36
25
114
58
49
82
4
28
11
14
35
38
59
14
38
13
37
12
36
14
63
41
18
42
8
32
8
32
19
43
5
29
20
44
5
26
23
32
53
47
6
30
13
8
37
32
23
47
4
28
7
15
31
39
22
46
27
73
54
19
43
67
22
46
4
18
31
45
8
15
13
32
39
37
61
25
49
12
15
36
39
11
35
21
45
25
49
25
49
7
31
23
17
47
15
41
71
39
65
89
15
39
12
36
18
31
45
58
14
85
41
112
9
6
33
30
19
43
8
10
32
34
7
31
16
27
40
51
75
99
123
18
147
42
171
195
219
21
243
11
45
35
4
59
28
83
52
107
131
9
5
33
17
29
5
44
53
32
5
9
29
16
33
9
40
33
57
81
18
42
66
90
12
114
36
15
138
39
162
18
42
28
52
7
31
23
47
16
40
24
48
11
35
20
19
44
43
6
12
30
36
6
30
8
32
16
40
11
35
7
31
14
38
5
4
32
23
31
20
50
47
77
26
33
53
11
60
80
35
4
7
5
31
31
32
13
37
9
33
9
5
36
32
9
33
8
22
32
46
19
43
7
6
13
70
34
33
40
97
57
121
145
169
193
11
12
10
35
36
34
12
16
36
40
60
84
108
132
22
156
46
180
10
34
8
25
32
49
56
6
30
16
21
15
43
48
39
8
32
12
10
36
34
58
6
30
54
7
4
31
28
24
48
15
39
14
38
6
30
11
20
38
5
50
32
6
30
11
35
27
51
75
4
21
8
31
45
22
35
46
70
94
118
142
166
16
40
7
28
34
55
19
43
67
91
13
4
37
28
15
39
21
22
45
46
4
28
25
8
49
20
32
73
44
97
5
29
21
45
6
30
10
34
58
82
5
6
32
4
33
28
7
31
55
6
22
30
46
16
40
11
64
35
20
5
88
65
112
50
35
95
31
122
58
149
19
173
43
197
20
224
47
251
21
14
11
48
35
41
28
62
55
79
8
32
15
39
18
66
45
93
8
32
7
59
26
37
53
28
80
55
107
82
13
134
37
158
4
14
188
34
44
21
5
64
45
74
35
94
104
65
131
155
6
30
12
18
36
42
13
37
8
32
56
10
34
58
5
29
4
28
18
11
14
42
35
38
59
9
25
33
86
52
113
24
82
51
13
37
15
19
22
39
43
46
16
13
70
43
40
25
67
6
52
19
76
33
46
15
39
13
37
24
48
13
37
5
13
29
37
22
46
17
19
44
46
70
94
18
42
66
9
33
57
18
42
66
20
20
27
47
44
54
18
15
42
39
11
35
21
10
45
34
21
45
11
8
35
32
56
14
38
12
36
15
11
39
35
19
43
5
15
29
39
28
53
52
14
76
38
9
33
21
45
16
40
24
48
72
27
99
54
4
28
18
8
42
32
66
90
13
117
40
144
14
168
25
41
52
4
76
28
16
100
40
25
64
49
14
38
24
13
48
37
72
16
64
96
43
91
11
4
35
118
31
59
145
4
58
86
172
14
85
34
199
41
112
65
136
89
160
21
45
24
11
13
48
35
12
40
72
39
7
31
55
23
47
8
32
11
35
9
33
25
14
49
38
23
47
71
9
9
33
33
7
31
6
18
30
42
66
8
19
32
43
27
51
5
29
14
12
38
36
13
26
40
53
10
34
19
43
20
44
12
68
36
7
95
34
16
40
4
4
4
8
8
8
12
12
12
16
16
16
20
20
20
24
24
24
28
28
28
32
32
32
36
36
36
40
40
40
44
44
44
48
48
48
52
52
52
56
56
56
60
60
60
64
64
64
68
68
68
72
72
72
76
76
76
80
80
80
84
84
85
88
88
89
91
91
93
95
95
97
99
99
101
103
103
105
107
107
109
111
111
113
115
115
117
119
119
121
123
123
125
127
127
129
131
131
133
135
135
137
139
139
141
143
143
145
147
147
149
151
151
153
155
155
157
159
159
161
163
163
167
167
166
171
171
175
175
178
179
180
183
185
185
189
189
191
196
197
197
205
205
211
216
218
224
227
235
259
5
24
29
48
72
24
48
5
29
15
23
42
50
5
15
29
39
53
6
13
33
40
24
48
6
24
30
48
72
25
49
16
40
18
42
23
47
7
31
9
21
23
33
48
24
12
53
78
54
36
105
19
132
46
21
45
11
35
8
59
32
83
107
22
134
49
161
185
8
212
35
239
62
266
89
293
116
320
143
347
371
395
11
35
23
47
71
95
119
22
8
146
46
35
28
173
6
52
200
33
24
230
51
257
10
19
34
43
67
91
24
48
4
28
19
43
18
42
66
17
90
41
114
65
138
25
89
162
49
186
20
210
44
234
258
282
9
306
33
330
354
378
402
426
450
474
498
9
525
36
7
552
8
4
34
579
35
31
606
630
22
654
46
678
702
21
726
45
750
24
774
48
798
72
822
96
846
870
894
21
918
45
24
942
48
9
23
969
33
50
996
57
20
1023
81
47
1050
74
14
1077
38
1101
1125
1149
1173
19
1197
43
1221
25
1245
49
1269
73
1293
1317
1341
26
1368
53
1395
23
1422
50
5
29
17
22
41
46
4
28
52
21
45
17
41
65
89
113
137
161
12
185
36
209
233
257
28
284
55
8
14
32
38
10
34
11
14
35
25
38
21
62
52
62
45
89
6
30
17
41
16
40
4
28
6
30
4
28
52
12
36
21
45
7
31
15
23
39
47
21
6
45
30
15
39
21
63
45
12
8
8
39
35
32
14
4
12
41
31
36
60
84
25
15
49
39
73
63
18
42
11
35
18
26
14
45
53
38
17
41
22
46
20
12
44
15
39
42
66
8
69
32
93
25
117
49
141
19
168
46
6
195
30
219
19
43
67
6
94
33
19
43
21
7
48
13
34
75
37
99
123
147
24
174
51
21
45
21
45
5
29
7
56
34
7
31
55
16
40
14
38
4
28
52
25
11
49
35
59
27
17
54
44
20
44
15
20
39
44
7
7
4
37
37
34
32
61
59
83
11
107
35
131
12
36
22
46
70
6
11
30
35
59
83
6
21
30
45
5
57
32
7
31
5
29
15
10
39
34
19
43
21
45
15
13
39
37
17
41
19
9
43
33
57
25
49
4
28
23
47
25
49
13
37
15
15
39
39
17
63
41
18
42
9
5
33
22
29
46
70
15
39
63
22
46
25
21
49
19
17
51
49
47
13
37
12
36
14
38
16
40
25
64
11
49
35
73
4
22
97
28
46
70
94
118
142
13
37
13
5
37
12
29
36
4
53
28
16
40
11
35
17
41
7
31
8
55
32
79
24
22
48
46
7
70
31
19
20
46
16
47
5
73
40
29
53
7
22
31
46
27
70
51
9
94
33
118
57
142
166
190
25
214
49
238
73
262
5
289
32
316
340
364
388
4
412
18
28
436
42
460
484
508
532
556
580
604
628
5
17
658
35
47
688
25
715
52
742
26
82
772
56
799
823
847
871
895
17
919
5
41
943
29
967
991
1015
1039
1063
1087
9
1114
36
1141
29
1168
56
4
1198
20
31
1225
44
1249
1273
1297
1321
1345
1369
1393
1417
23
47
24
23
48
47
72
96
20
120
26
44
24
147
48
53
20
44
68
22
9
49
36
7
31
7
31
11
24
58
35
51
85
12
59
36
22
46
12
5
36
8
29
60
32
84
108
132
156
180
204
16
40
13
37
16
40
22
22
64
46
46
70
94
12
36
11
24
35
48
8
14
6
32
38
30
56
62
12
80
89
104
39
128
63
152
176
9
200
33
224
248
6
272
17
30
296
41
20
323
47
350
374
4
398
28
13
422
5
37
446
29
61
26
473
53
21
56
503
51
530
554
13
37
61
5
29
53
12
36
16
40
8
32
20
4
47
31
7
31
5
16
29
40
25
49
18
42
17
41
65
4
14
31
9
9
47
39
39
22
46
16
10
22
14
43
34
46
41
58
65
16
40
21
45
16
72
43
25
67
25
49
49
73
73
97
97
121
4
4
4
8
8
8
12
12
12
16
16
16
20
20
20
24
24
24
28
28
28
32
32
32
36
36
36
40
40
40
44
44
44
48
48
48
52
52
52
56
56
56
60
60
60
64
64
64
68
68
68
72
72
72
76
76
76
80
80
80
84
84
85
88
88
89
91
91
93
95
95
97
99
99
101
103
103
105
107
107
109
111
111
113
115
115
117
119
119
121
123
123
125
127
127
129
131
131
133
135
135
137
139
139
141
143
143
145
147
147
149
151
151
153
155
155
157
159
159
161
163
163
167
167
166
171
171
170
175
175
178
179
182
183
183
187
188
192
194
196
196
202
202
204
206
206
212
213
218
219
221
226
233
232
236
240
241
248
251
254
262
264
266
275
281
281
288
292
296
302
308
311
312
322
326
329
335
336
341
352
359
360
368
384
392
408
416
432
456
480
504
528
552
576
16
4
6
40
15
30
31
42
18
58
42
20
44
10
8
17
23
34
35
44
47
58
82
106
17
41
5
65
29
16
40
18
6
42
30
5
29
53
25
77
49
73
97
11
35
9
33
12
36
21
4
63
48
28
7
72
31
96
4
120
10
28
34
52
11
61
10
76
38
88
34
10
68
118
40
98
67
9
17
33
41
65
89
113
137
161
11
35
59
15
86
42
113
4
6
31
33
25
13
49
22
37
46
10
34
12
6
39
33
57
81
9
108
36
135
159
23
186
12
50
213
24
19
39
240
51
16
46
267
40
78
294
105
12
321
36
345
23
17
372
47
44
18
42
8
32
21
45
25
49
73
25
20
49
44
73
97
121
145
10
34
13
37
61
16
40
8
32
10
20
37
47
64
74
24
15
17
51
41
42
66
17
41
17
41
22
9
49
36
21
10
45
13
34
37
58
82
106
130
23
47
24
71
18
48
42
66
12
25
90
16
39
52
117
43
144
26
171
53
198
20
11
44
28
38
55
12
36
6
30
12
36
19
60
43
84
11
19
16
38
43
31
46
67
58
82
106
130
21
45
14
38
20
23
44
47
15
15
39
39
26
7
50
31
55
12
36
23
47
71
9
19
33
43
57
9
67
33
91
17
41
10
34
19
43
9
67
33
25
49
5
29
53
23
47
22
46
70
94
17
41
9
8
36
35
63
8
32
56
80
24
48
23
47
27
51
12
21
36
45
24
6
48
30
8
32
21
45
16
24
40
48
16
40
22
46
7
31
15
39
19
43
10
34
18
19
45
46
72
27
76
102
57
5
29
16
40
25
49
16
40
27
15
67
54
22
42
94
81
49
21
45
69
16
40
6
6
30
30
10
34
18
42
66
9
33
12
36
21
22
45
9
49
25
39
52
16
76
22
22
43
46
49
70
94
118
14
38
5
29
18
42
11
35
4
28
52
8
79
35
59
6
30
54
11
35
59
25
19
49
43
73
97
9
33
20
44
14
38
21
45
69
6
20
30
44
54
68
5
29
53
4
77
28
52
76
18
9
42
33
12
36
14
60
38
16
40
21
64
45
16
88
69
40
112
93
136
160
184
208
21
235
48
262
75
289
102
316
129
24
7
346
159
48
37
376
189
5
67
406
29
94
4
23
118
31
50
13
5
37
29
21
13
45
23
37
47
61
7
22
18
31
49
45
13
37
20
18
47
45
5
72
32
99
12
5
24
36
32
51
14
38
15
39
63
87
111
135
159
6
183
30
207
231
16
4
40
28
5
24
24
29
51
51
53
77
12
36
60
15
39
63
20
20
44
44
9
33
12
36
60
84
108
132
156
5
29
9
5
33
29
57
81
18
105
42
129
153
15
39
12
36
24
13
48
12
37
72
36
96
120
144
26
20
10
171
53
26
44
37
198
53
64
13
37
25
20
49
44
24
4
48
28
19
14
43
38
20
44
13
15
40
42
67
4
94
31
121
17
16
44
43
25
49
8
32
19
43
6
30
5
22
32
49
19
43
9
14
36
19
41
43
5
68
32
21
45
17
41
8
32
8
56
32
5
18
29
42
24
48
14
38
26
8
9
50
18
38
74
39
19
51
98
71
49
81
101
125
28
152
55
179
203
227
16
40
16
40
18
42
10
7
37
34
64
18
42
13
37
7
31
25
49
23
47
13
71
37
95
24
21
48
45
12
22
39
6
52
33
9
33
4
12
5
22
28
39
29
15
49
39
11
35
59
16
12
40
36
21
45
69
9
93
33
117
25
57
141
49
165
8
25
192
35
49
219
15
243
15
42
11
45
38
62
23
47
71
95
25
49
12
36
25
49
23
47
4
4
4
8
8
8
12
12
12
16
16
16
20
20
20
24
24
24
28
28
28
32
32
32
36
36
36
40
40
40
44
44
44
48
48
48
52
52
52
56
56
56
60
60
60
64
64
64
68
68
68
72
72
72
76
76
76
80
80
80
84
84
85
88
88
89
91
91
93
95
95
97
99
99
101
103
103
105
107
107
109
111
111
113
115
115
117
119
119
121
123
123
125
127
127
129
131
131
133
135
135
137
139
139
141
143
143
145
147
147
149
151
151
153
155
155
157
159
159
161
163
163
167
167
171
171
171
175
175
181
182
182
187
192
193
194
197
203
211
219
224
235
246
259
270
283
294
307
4
28
20
18
44
42
68
11
27
4
38
51
31
65
6
58
23
30
85
50
112
20
44
18
42
16
40
64
14
19
38
12
22
46
46
39
4
28
22
24
9
46
48
33
23
14
47
38
71
62
95
119
143
167
191
215
239
263
5
7
29
19
28
34
43
16
58
43
9
25
33
49
13
76
40
103
18
42
7
31
23
47
25
49
20
44
6
30
4
28
9
33
19
43
20
24
44
48
23
47
16
40
9
33
22
46
9
4
33
22
14
31
29
63
49
58
44
32
62
82
59
106
12
130
36
154
21
15
4
184
9
54
28
25
51
220
45
90
61
87
256
123
94
120
289
124
316
151
343
178
370
13
205
397
22
40
232
424
49
259
13
451
286
37
478
28
313
505
52
340
532
14
76
370
100
562
17
44
400
41
592
427
5
619
5
454
29
29
646
481
673
23
508
700
47
535
727
751
775
799
11
21
826
35
48
853
877
901
22
928
49
955
979
1003
24
1027
48
1051
1075
1099
1123
11
1147
17
35
1174
44
9
1201
33
27
30
1225
22
54
1249
57
46
1273
1297
1321
1345
1369
6
1393
30
1417
54
13
37
61
85
4
109
28
10
11
6
37
27
12
13
41
33
54
37
39
68
61
81
24
48
17
22
41
46
13
37
22
61
5
49
19
32
13
43
56
37
13
37
22
46
16
40
9
18
33
42
13
37
61
15
25
39
49
63
22
46
8
11
19
38
41
49
73
11
35
10
34
13
61
40
6
5
9
29
33
36
15
20
39
44
63
87
10
34
16
40
15
39
63
87
111
135
159
183
19
207
43
231
4
28
9
23
33
27
47
60
54
22
31
20
28
46
84
44
61
58
82
106
21
45
23
20
47
44
68
23
92
47
116
15
71
143
42
95
170
119
22
194
143
46
218
167
4
194
31
221
5
29
13
9
37
33
61
85
109
133
6
19
20
8
13
36
43
32
50
43
67
77
70
91
115
139
25
163
49
8
18
20
7
38
48
31
50
68
25
49
17
10
13
26
44
10
40
40
53
25
37
67
49
4
22
25
34
52
22
55
22
49
49
73
15
21
100
39
10
51
130
40
157
67
184
94
211
121
238
18
4
148
42
28
172
196
220
244
11
35
5
4
32
31
22
46
17
41
20
44
4
28
52
7
79
34
7
31
7
24
31
48
7
55
31
79
25
11
103
49
35
25
127
62
13
52
154
40
181
67
208
22
235
49
262
286
12
36
60
84
25
5
49
29
73
16
19
43
21
49
48
10
34
16
40
10
34
19
43
24
70
51
97
21
45
22
11
46
35
23
47
18
42
16
17
40
41
20
65
44
89
113
23
18
47
23
45
14
53
41
22
68
49
95
119
16
40
18
42
22
46
24
48
15
39
11
35
12
18
39
45
23
47
16
9
43
36
60
12
22
39
49
14
66
38
12
36
6
10
33
37
14
10
41
37
61
7
85
31
4
28
4
28
16
16
40
40
24
64
48
11
35
22
46
8
32
56
14
26
41
53
5
21
27
32
45
25
57
52
15
84
39
79
5
103
29
20
44
24
68
48
72
25
49
9
33
7
13
28
31
40
19
55
43
7
31
55
20
44
4
11
15
31
38
39
63
6
20
33
47
14
14
38
12
41
62
39
15
22
39
46
70
94
7
17
121
31
10
44
148
34
10
34
15
4
39
28
10
34
58
12
36
14
60
27
38
51
12
36
23
47
7
22
31
22
46
58
24
49
48
13
5
37
29
61
22
46
20
44
12
36
15
39
63
87
20
44
17
41
15
24
39
48
14
38
4
21
62
7
31
48
89
34
10
34
11
35
11
35
14
38
13
62
37
9
33
25
49
14
38
12
36
18
19
42
43
66
10
34
11
9
14
35
36
7
59
44
66
21
40
96
51
70
21
45
19
24
46
51
5
29
25
49
4
28
7
7
31
11
13
55
34
38
61
4
4
4
8
8
8
12
12
12
16
16
16
20
20
20
24
24
24
28
28
28
32
32
32
36
36
36
40
40
40
44
44
44
48
48
48
52
52
52
56
56
56
60
60
60
64
64
64
68
68
68
72
72
72
76
76
76
80
80
80
84
84
85
88
88
89
91
91
93
95
95
97
99
99
101
103
103
105
107
107
109
111
111
113
115
115
117
119
119
121
123
123
125
127
127
129
131
131
133
135
135
137
139
139
141
143
143
145
147
147
149
151
151
153
155
155
157
159
159
161
163
163
167
167
171
171
172
175
175
179
179
181
184
186
186
188
196
196
200
202
207
208
210
217
219
229
232
234
237
238
247
249
259
258
264
274
276
291
298
303
322
327
346
351
370
375
394
399
418
423
442
447
471
495
519
543
17
41
4
65
28
24
5
48
17
32
44
20
68
44
92
68
14
38
13
37
5
29
22
53
24
77
49
28
51
15
104
79
55
42
12
131
109
39
155
179
4
206
31
233
5
22
29
46
25
9
49
33
57
81
28
108
55
79
12
36
60
9
33
22
46
7
31
17
13
41
37
24
48
8
32
16
40
17
41
15
15
42
42
69
93
117
10
141
34
165
9
189
33
213
9
33
57
8
84
13
35
111
37
135
61
4
12
8
28
36
32
14
8
7
38
32
31
21
45
15
69
4
39
96
31
123
58
19
43
9
33
5
23
22
32
50
46
15
39
15
39
5
63
29
5
87
29
111
25
135
49
22
73
46
70
17
97
44
124
148
172
11
35
20
44
11
18
38
45
69
15
10
42
37
15
17
39
20
41
22
44
65
46
4
28
52
16
40
9
33
17
41
65
4
28
19
12
43
14
39
22
67
41
66
46
9
70
33
16
40
20
44
23
4
71
28
50
11
98
35
11
35
5
29
10
20
34
44
14
38
25
49
19
43
67
23
21
15
17
50
48
42
10
47
37
18
20
42
44
9
33
57
20
44
68
7
19
21
34
24
43
48
48
67
91
4
28
12
36
10
60
34
10
8
37
35
5
29
14
38
23
12
47
36
19
60
43
10
84
34
6
30
15
39
6
15
30
39
21
11
45
35
69
93
13
37
18
42
21
13
45
37
10
34
18
42
15
39
21
45
9
20
33
22
47
57
49
7
20
34
47
61
74
20
44
12
36
60
13
37
14
38
7
31
11
35
4
18
31
45
13
37
15
39
21
22
45
46
16
40
20
44
10
34
12
36
10
34
14
38
16
40
16
40
11
17
35
41
59
83
6
4
30
28
12
21
39
14
48
38
8
32
56
21
45
13
37
4
28
21
45
18
42
17
41
18
9
42
12
36
66
39
4
28
52
16
15
79
40
42
106
19
43
67
17
25
44
52
23
14
76
13
53
44
100
43
124
148
28
52
20
44
6
68
30
25
26
52
53
79
103
127
151
21
175
45
22
13
199
31
52
223
43
61
82
247
73
271
97
295
121
319
145
28
343
172
22
58
202
52
88
79
23
4
47
28
21
52
14
45
76
38
69
93
117
14
10
38
34
18
5
42
29
18
42
20
8
47
35
5
24
29
48
7
22
31
46
70
5
97
32
56
14
38
17
41
6
30
8
6
35
33
14
38
10
34
18
42
66
90
5
6
114
32
33
138
16
57
165
43
81
192
105
129
16
40
17
41
27
51
75
21
45
8
32
6
10
33
37
8
18
35
45
5
29
53
77
24
48
25
6
52
33
12
36
7
31
24
48
72
18
96
9
42
33
22
46
23
47
71
16
10
40
34
58
6
22
33
13
29
52
37
56
61
80
85
21
7
45
24
69
34
51
93
12
117
36
8
12
35
39
23
63
47
18
18
42
42
66
90
21
45
23
47
14
14
11
38
41
38
62
4
86
28
21
7
45
31
14
38
8
32
25
49
11
35
7
31
16
14
40
38
21
45
19
43
13
11
5
40
35
32
8
70
11
21
65
26
41
103
38
54
53
98
133
77
84
160
111
187
4
211
13
28
235
37
17
41
24
48
12
36
18
8
45
35
59
83
20
107
5
47
131
32
155
25
21
182
49
48
209
73
75
236
97
102
121
263
145
287
311
335
359
383
407
15
431
39
455
479
503
527
551
13
12
575
10
13
599
46
45
43
623
46
647
24
14
671
4
48
695
41
5
31
13
722
29
6
43
752
36
12
779
36
803
827
16
851
23
40
875
47
20
5
899
47
32
923
18
20
950
45
44
977
1001
1025
1049
1073
1097
16
1121
40
1145
1169
1193
20
1217
44
19
1241
22
43
46
23
4
4
4
8
8
8
12
12
12
16
16
16
20
20
20
24
24
24
28
28
28
32
32
32
36
36
36
40
40
40
44
44
44
48
48
48
52
52
52
56
56
56
60
60
60
64
64
64
68
68
68
72
72
72
76
76
76
80
80
80
84
84
85
88
88
89
91
91
93
95
95
97
99
99
101
103
103
105
107
107
109
111
111
113
115
115
117
119
119
121
123
123
125
127
127
129
131
131
133
135
135
137
139
139
141
143
143
145
147
147
149
151
151
153
155
155
157
159
159
161
163
163
167
167
171
171
173
175
175
178
178
180
183
184
187
193
200
204
204
203
208
213
217
237
241
246
268
292
6
30
15
39
18
15
42
39
12
7
69
16
15
45
17
40
40
41
45
75
72
25
49
20
9
14
44
36
41
63
68
92
116
24
23
48
47
23
47
71
4
13
28
37
4
14
28
38
52
62
76
11
35
22
46
17
9
41
33
57
17
81
23
41
108
50
135
23
15
21
47
39
45
71
69
93
117
27
16
144
54
40
171
81
105
129
24
48
10
17
34
41
24
48
7
16
18
31
43
12
45
70
36
60
21
45
69
93
4
28
23
47
5
23
29
47
53
77
101
20
125
44
22
46
4
28
12
52
36
60
18
19
42
7
43
66
19
9
34
90
33
46
61
114
18
6
45
33
18
42
21
16
45
20
40
44
64
68
8
32
56
24
80
48
104
6
30
23
47
19
15
43
39
11
35
59
83
9
16
33
40
13
37
19
6
43
30
67
21
45
69
15
39
4
23
5
31
47
32
24
48
20
44
11
13
35
37
22
46
5
73
32
13
100
59
37
20
26
47
53
23
47
13
16
37
40
22
46
19
43
67
22
18
49
12
21
48
21
45
42
20
48
44
27
18
51
42
6
5
30
29
16
5
40
29
64
88
112
5
18
32
45
8
32
56
11
35
25
49
18
42
66
22
23
49
50
15
39
14
38
62
25
49
25
4
22
49
31
49
27
76
54
8
32
25
28
52
55
79
8
32
56
12
80
36
104
4
23
28
9
47
33
4
28
18
20
42
44
6
30
24
25
22
17
51
49
46
44
16
8
40
32
5
17
67
29
44
94
53
14
118
80
27
142
44
54
166
18
4
190
45
31
55
79
103
127
151
175
199
7
31
8
32
56
8
11
21
35
35
48
24
48
10
34
22
20
49
47
8
32
24
48
24
75
51
75
6
16
102
30
43
129
153
177
15
39
19
43
12
20
36
44
21
4
24
14
48
4
31
11
54
19
44
34
58
12
35
46
85
36
59
12
36
11
35
8
32
16
40
64
19
19
43
43
4
28
15
39
63
10
34
20
61
19
47
88
43
17
41
65
16
40
9
33
16
40
18
42
22
13
46
14
37
73
41
16
8
106
74
49
16
41
76
40
64
88
22
46
6
30
25
49
73
9
33
7
31
13
6
40
33
67
15
13
42
40
69
5
8
32
35
21
45
9
33
11
6
38
33
24
25
48
28
52
55
19
43
10
34
25
49
6
11
4
30
38
31
55
12
36
10
34
15
39
63
19
43
22
18
15
46
42
15
9
42
73
14
45
36
72
28
44
63
68
55
90
15
5
4
42
32
28
69
25
49
23
76
50
7
103
31
127
151
175
199
15
226
42
253
69
280
96
307
331
8
355
32
379
19
18
46
45
73
72
100
6
30
54
18
42
8
66
26
35
90
53
114
62
138
18
42
19
43
11
21
35
45
59
10
12
34
36
7
31
24
18
55
14
48
45
41
6
30
7
10
31
34
11
35
24
59
48
83
7
107
31
20
44
68
5
29
16
53
40
77
25
101
49
125
149
9
33
7
31
15
39
10
10
34
34
58
9
5
33
29
18
25
42
15
49
66
39
23
27
93
47
54
120
15
8
81
39
147
32
171
6
13
30
6
37
57
33
61
84
4
9
8
28
33
32
52
76
100
23
47
20
28
47
55
74
9
85
6
107
42
36
60
84
19
43
8
11
32
35
7
31
16
40
18
42
11
18
38
45
65
89
113
17
137
41
161
17
41
15
39
12
9
12
39
36
36
13
37
14
61
38
85
109
23
136
19
50
163
43
77
101
10
34
17
11
41
35
59
13
37
18
7
45
34
58
82
106
17
41
13
37
7
31
16
40
4
28
7
31
6
30
4
28
13
37
15
39
63
87
23
12
47
36
71
95
119
143
167
191
215
239
263
287
311
335
359
383
407
431
455
479
503
527
551
575
599
623
647
671
695
719
743
767
791
815
839
863
4
4
4
8
8
8
12
12
12
16
16
16
20
20
20
24
24
24
28
28
28
32
32
32
36
36
36
40
40
40
44
44
44
48
48
48
52
52
52
56
56
56
60
60
60
64
64
64
68
68
68
72
72
72
76
76
76
80
80
80
84
84
85
88
88
89
91
91
93
95
95
97
99
99
101
103
103
105
107
107
109
111
111
113
115
115
117
119
119
121
123
123
125
127
127
129
131
131
133
135
135
137
139
139
141
143
143
145
147
147
149
151
151
153
155
155
157
159
159
161
163
163
167
167
171
171
172
175
175
178
181
184
185
190
193
197
199
201
207
207
213
218
222
226
235
242
246
255
260
271
279
290
306
317
15
9
39
33
63
13
37
12
11
36
35
16
40
11
35
59
83
107
20
131
44
21
155
45
21
7
48
34
14
38
14
38
10
34
18
15
42
39
28
52
22
13
46
23
40
50
4
28
18
42
20
44
24
48
72
4
28
26
55
53
18
15
83
48
45
113
72
96
10
120
34
7
31
8
10
32
34
58
12
82
36
106
15
22
12
39
49
39
63
24
19
87
51
46
22
18
6
46
42
30
70
7
94
31
118
55
142
79
166
190
4
214
28
238
10
34
14
22
38
46
62
70
10
34
24
24
48
48
72
20
96
44
9
33
8
32
6
30
20
44
22
46
21
11
48
8
38
32
62
86
14
38
12
12
21
36
36
45
60
17
22
41
46
11
9
8
38
36
32
56
5
29
53
9
4
33
26
31
53
18
9
45
36
16
6
43
33
70
13
25
37
49
4
21
18
28
45
42
52
6
76
30
15
100
39
7
124
31
18
42
18
66
42
13
37
16
61
40
85
14
64
30
115
24
44
88
14
30
48
63
115
41
10
57
142
34
166
19
15
64
49
45
94
72
24
15
51
42
66
5
29
7
14
34
41
65
6
30
54
78
9
102
33
24
25
126
60
48
18
55
72
45
10
82
34
23
47
8
32
56
12
36
24
12
48
36
22
11
63
46
17
41
93
47
6
123
33
150
174
198
222
246
270
10
294
34
318
342
366
390
25
414
49
438
462
17
489
44
516
540
16
564
9
43
23
588
39
50
13
37
10
13
64
34
31
43
58
82
5
109
32
136
59
163
22
46
70
9
33
8
32
25
23
9
49
47
33
22
46
19
11
43
35
22
62
16
7
49
40
31
11
27
38
54
7
31
55
5
29
7
31
24
48
19
43
9
8
33
32
8
32
56
17
41
18
42
25
12
6
55
42
36
69
63
87
15
39
18
42
8
32
9
33
16
40
21
45
69
4
24
28
48
21
45
69
7
31
20
44
24
48
19
17
23
4
46
44
47
28
71
95
119
143
167
191
215
239
263
22
290
49
73
97
28
124
55
151
10
178
37
205
7
31
5
18
29
42
17
66
41
8
21
32
45
18
56
42
80
27
104
51
8
32
6
30
4
4
31
31
14
38
12
23
36
47
24
19
48
43
23
47
71
19
43
18
42
4
28
9
17
26
36
41
20
53
63
68
20
27
50
44
98
57
18
42
66
90
114
138
162
14
38
16
40
17
41
24
25
48
49
8
32
56
12
36
21
20
16
24
51
40
50
54
4
10
28
34
9
24
33
48
10
26
21
37
53
25
45
25
49
49
73
21
97
45
23
121
13
47
145
37
71
169
193
217
241
20
265
44
289
313
337
361
10
385
34
409
433
17
457
41
481
65
25
8
49
32
73
56
12
80
36
4
28
52
21
76
45
18
20
42
44
8
6
32
30
54
78
17
105
44
132
4
159
31
186
18
42
66
10
15
37
42
25
6
49
30
19
54
43
78
67
91
15
39
14
38
21
45
11
35
4
28
7
11
24
19
34
27
38
51
43
54
6
6
78
70
78
33
33
12
4
13
42
34
43
61
85
15
39
25
49
19
43
17
23
13
44
50
37
13
77
40
10
11
37
38
64
88
112
9
33
13
37
10
34
23
47
7
31
26
24
58
53
48
9
85
33
109
13
133
60
40
157
181
205
229
253
277
301
325
349
373
397
421
445
469
493
517
541
565
589
613
637
661
685
709
733
757
781
805
829
853
877
901
925
949
973
997
1021
1045
1069
1093
1117
1141
1165
1189
1213
1237
1261
1285
1309
1333
1357
1381
1405
1429
1453
1477
1501
1525
1549
1573
1597
1621
1645
1669
1693
1717
1741
1765
1789
1813
1837
1861
1885
1909
1933
1957
1981
2005
2029
2053
2077
2101
2125
2149
2173
2197
2221
2245
2269
2293
2317
2341
2365
2389
2413
2437
2461
2485
2509
2533
2557
2581
2605
2629
2653
2677
2701
2725
2749
2773
2797
2821
2845
4
4
4
8
8
8
12
12
12
16
16
16
20
20
20
24
24
24
28
28
28
32
32
32
36
36
36
40
40
40
44
44
44
48
48
48
52
52
52
56
56
56
60
60
60
64
64
64
68
68
68
72
72
72
76
76
76
80
80
80
84
84
85
88
88
89
91
91
93
95
95
97
99
99
101
103
103
105
107
107
109
111
111
113
115
115
117
119
119
121
123
123
125
127
127
129
131
131
133
135
135
137
139
139
141
143
143
145
147
147
149
151
151
153
155
155
157
159
159
161
163
163
167
167
171
171
173
175
175
179
184
184
184
189
189
190
195
202
204
211
214
216
219
222
229
253
277
301
325
7
31
11
23
14
38
38
50
5
29
16
40
6
14
8
30
38
32
62
56
80
12
25
25
39
49
52
73
76
20
44
22
46
11
35
16
40
17
64
41
88
23
28
112
50
14
55
136
38
160
13
184
37
208
232
7
31
16
40
64
15
39
15
39
20
15
66
44
20
42
68
44
16
69
92
20
46
9
99
27
53
33
54
17
41
7
31
7
55
31
79
22
106
49
133
157
16
181
40
205
229
253
277
301
14
325
38
349
15
65
373
11
42
92
35
22
116
62
49
140
89
20
167
8
47
194
32
218
56
242
19
83
266
46
110
290
73
14
38
12
36
8
5
23
14
29
35
50
38
62
10
24
37
51
10
34
19
58
15
43
39
67
12
36
6
30
19
7
43
31
14
38
21
17
48
44
18
5
42
29
18
42
4
28
14
52
38
15
39
22
46
11
35
8
32
16
6
40
30
8
6
32
16
33
56
43
67
6
30
54
24
48
12
36
8
32
9
56
33
80
24
104
48
22
72
46
96
120
14
38
9
33
57
21
45
10
34
18
42
24
48
9
33
17
41
9
16
33
40
11
7
35
31
25
49
15
39
4
28
8
32
56
21
83
22
48
46
110
134
10
158
17
37
182
44
64
23
47
14
38
18
42
20
44
5
8
29
32
53
19
43
17
41
6
30
19
43
6
4
16
30
31
43
16
9
24
40
33
48
5
29
53
11
15
35
39
20
16
44
40
68
26
50
74
7
23
31
47
4
28
19
43
24
48
10
34
11
35
59
83
20
110
10
50
140
40
167
13
9
191
37
33
215
61
57
239
263
23
290
18
53
320
48
83
350
78
24
113
380
48
140
407
72
431
23
99
455
11
53
129
479
41
156
503
527
551
575
599
623
647
6
674
33
701
725
749
773
15
797
22
39
46
70
15
94
39
118
18
6
145
42
33
10
34
25
18
49
42
17
41
6
30
19
20
43
44
18
67
42
17
41
16
40
64
6
19
30
43
67
20
44
19
24
43
48
4
28
25
49
18
42
16
40
7
31
55
79
103
127
16
151
40
175
199
223
8
247
32
9
274
13
56
36
37
8
32
25
8
23
55
38
13
56
18
40
4
42
22
28
69
52
49
9
76
99
36
20
12
44
36
68
6
30
10
6
23
34
33
50
58
7
85
34
112
136
160
13
37
19
21
43
45
16
13
4
40
37
28
19
20
43
44
21
20
45
44
24
48
72
25
96
18
49
120
42
73
144
66
168
18
42
19
43
24
48
72
21
45
18
42
5
29
12
36
60
84
25
9
49
33
6
15
33
16
42
60
40
69
20
10
96
34
47
123
13
27
147
40
171
54
17
41
4
28
52
76
100
9
124
6
36
148
33
172
196
23
223
50
250
77
18
42
19
69
46
70
20
44
22
46
12
36
25
49
4
28
6
30
7
31
5
29
23
47
14
71
38
4
28
18
42
9
33
8
32
19
43
23
47
12
36
20
44
24
48
9
72
10
13
36
37
37
61
11
35
59
8
10
32
34
21
21
61
45
9
48
33
16
22
40
46
25
49
23
47
22
46
9
33
57
81
8
13
32
37
56
61
28
52
76
14
38
5
29
14
38
26
29
53
56
80
17
41
8
32
10
34
58
7
85
34
112
20
9
44
33
68
23
47
20
44
68
92
116
10
16
17
37
41
43
24
10
48
34
6
30
23
47
25
49
21
45
69
93
14
38
9
24
33
23
48
60
50
16
90
15
43
117
39
70
144
16
168
40
12
36
9
60
33
21
4
45
28
69
11
35
17
6
41
30
6
30
8
26
14
32
53
41
80
104
20
44
17
68
41
65
7
31
18
42
66
6
30
20
44
9
33
5
29
16
40
14
38
24
6
14
51
38
33
17
41
17
41
13
25
16
37
52
43
79
19
43
25
49
23
47
21
45
8
32
56
4
4
4
8
8
8
12
12
12
16
16
16
20
20
20
24
24
24
28
28
28
32
32
32
36
36
36
40
40
40
44
44
44
48
48
48
52
52
52
56
56
56
60
60
60
64
64
64
68
68
68
72
72
72
76
76
76
80
80
80
84
84
85
88
88
89
91
91
93
95
95
97
99
99
101
103
103
105
107
107
109
111
111
113
115
115
117
119
119
121
123
123
125
127
127
129
131
131
133
135
135
137
139
139
141
143
143
145
147
147
149
151
151
153
155
155
157
159
159
161
163
163
167
167
167
171
171
175
175
175
178
178
183
184
185
188
190
192
196
196
199
201
209
210
214
214
220
221
240
244
244
251
268
271
292
295
316
319
340
343
364
367
388
391
412
415
436
439
460
463
484
487
508
532
556
14
4
38
15
28
39
16
40
5
13
32
23
40
47
64
71
8
32
20
7
47
34
10
34
22
46
70
9
94
33
118
4
28
10
16
34
40
64
19
43
21
13
45
37
61
12
36
24
48
6
30
54
24
78
48
15
18
42
45
19
43
6
30
24
48
16
15
15
40
42
31
45
64
72
18
61
75
42
102
66
16
40
9
33
18
42
14
38
5
29
25
49
10
34
17
41
19
24
7
5
46
48
34
21
29
73
45
97
9
11
124
33
38
16
40
14
38
16
5
40
29
6
30
24
48
12
36
25
4
49
28
73
15
39
21
24
45
48
4
28
23
47
13
37
23
47
14
9
12
33
41
39
15
21
6
13
39
30
48
40
63
23
4
47
28
22
19
46
15
43
73
42
18
42
66
9
33
5
60
32
16
40
5
29
15
39
16
11
40
35
5
20
32
47
16
40
9
21
33
45
22
46
20
44
22
46
6
30
54
10
34
5
12
32
39
8
32
9
33
16
40
5
16
21
64
29
11
14
43
48
56
35
41
72
83
107
131
11
35
13
37
20
44
19
9
43
33
11
12
35
36
60
11
35
28
15
52
25
39
6
49
30
15
39
8
32
12
56
23
25
39
49
50
73
20
44
12
14
36
38
9
33
19
60
46
87
19
14
6
43
38
30
67
62
28
24
52
48
76
100
14
124
38
62
10
86
34
110
134
13
10
37
34
7
7
34
34
19
43
67
8
32
14
38
62
10
34
6
30
24
48
72
23
47
12
74
39
25
49
25
49
9
33
57
23
47
20
44
24
48
21
45
20
25
44
49
73
23
47
5
29
15
19
39
43
67
24
11
8
97
35
54
38
127
65
21
22
48
49
75
11
35
24
4
18
48
28
42
4
52
69
31
20
15
47
42
4
28
28
17
55
55
41
20
16
10
47
34
43
11
35
8
24
35
51
22
46
23
47
10
34
9
33
13
10
37
34
58
23
47
22
71
46
6
28
98
73
33
55
57
79
18
81
106
45
133
72
96
120
144
168
5
192
29
216
53
18
42
66
90
24
48
24
48
17
41
23
47
9
33
22
57
46
22
46
22
46
14
38
4
28
10
52
34
76
19
43
67
14
94
41
65
6
30
11
21
35
45
69
93
117
141
23
47
71
18
42
12
36
17
41
11
20
35
44
4
28
6
30
21
54
45
15
39
8
32
25
19
22
49
43
46
24
73
51
100
124
25
148
49
25
49
12
36
22
8
46
32
56
22
46
25
49
25
11
52
38
21
45
22
46
10
34
58
18
85
45
112
22
46
70
24
94
5
48
29
72
53
9
33
16
57
40
81
64
9
105
91
36
6
63
33
25
49
23
47
12
36
4
22
28
46
52
28
76
52
6
4
33
31
55
79
12
36
18
42
6
23
30
47
71
9
33
6
60
33
87
20
114
47
11
9
19
38
33
46
17
70
22
41
46
65
4
92
31
119
8
32
28
12
52
36
8
32
7
8
34
8
35
32
59
19
83
43
67
8
91
32
115
139
163
15
187
39
211
63
235
19
259
43
283
307
17
331
41
355
8
19
379
35
403
46
427
451
475
21
12
499
45
36
523
60
547
84
571
11
595
35
619
6
16
646
30
27
43
673
27
54
70
11
700
57
38
724
27
748
65
54
772
796
820
844
868
892
12
916
940
964
988
1012
1036
1060
1084
1108
1132
1156
1180
1204
1228
1252
1276
1300
1324
1348
1372
1396
1420
1444
1468
1492
1516
1540
1564
1588
1612
1636
1660
1684
1708
1732
1756
1780
1804
1828
1852
1876
1900
1924
1948
1972
1996
2020
2044
2068
2092
2116
2140
2164
2188
2212
2236
2260
2284
2308
2332
2356
2380
2404
2428
2452
2476
2500
2524
2548
2572
2596
2620
2644
2668
2692
2716
2740
2764
2788
2812
2836
2860
2884
2908
2932
2956
2980
3004
3028
3052
