20
30
32
39
39
42
46
47
49
52
53
56
58
63
62
63
70
70
70
76
78
82
86
87
89
93
93
95
97
100
102
102
106
107
107
113
115
114
117
120
125
125
126
11
137
137
144
143
25
149
155
35
6
158
10
166
46
167
171
171
176
51
178
182
17
184
186
78
23
193
28
197
197
204
204
208
208
82
93
82
86
222
6
232
14
111
235
115
24
119
243
25
251
248
255
256
263
5
5
264
9
277
275
172
162
281
288
8
295
12
208
303
304
307
10
311
51
223
319
319
187
323
195
66
327
331
203
336
9
38
346
17
350
225
6
153
363
366
23
110
375
378
380
13
255
39
59
22
400
403
18
62
410
287
154
418
421
158
77
163
433
10
14
89
58
444
7
448
16
160
60
374
168
35
73
16
63
22
67
35
69
40
51
499
77
81
411
42
505
64
105
511
103
167
107
516
345
532
349
527
96
200
211
550
216
543
558
115
562
432
146
571
560
127
576
578
131
578
136
480
591
248
160
601
336
605
165
343
618
347
606
626
519
628
624
411
632
628
384
640
388
195
640
428
395
244
657
648
407
206
677
262
422
426
687
431
694
426
698
430
709
223
260
270
274
445
719
725
714
452
292
458
462
298
466
526
305
265
743
538
486
754
490
386
774
391
762
580
396
766
503
400
507
584
404
511
408
599
412
486
419
656
660
538
429
502
414
477
418
481
678
422
486
682
563
571
854
858
577
862
866
511
870
878
475
883
891
890
895
743
894
543
751
625
549
629
553
559
538
542
564
571
549
555
582
586
943
591
712
716
720
724
728
732
736
740
744
748
752
1009
1011
1013
686
890
762
1023
1027
770
1028
776
687
912
691
786
714
791
718
666
546
1064
735
686
561
1080
745
573
749
736
755
650
587
657
759
1145
1149
1048
1052
1075
1079
925
1177
929
754
1181
1187
1195
771
1199
1203
1207
1211
1215
1219
1228
1223
1232
1229
1237
1247
1241
1251
1245
1255
1249
1259
1263
1253
1261
1271
1275
1265
1269
957
1279
970
1286
1290
1294
1298
1302
1306
1310
1314
1318
1322
1326
1330
1334
1338
1342
1346
1350
1354
1358
1362
1366
1370
1374
1378
1382
1386
1390
1394
1398
1402
1455
1459
1463
1156
1160
1475
1164
1479
1022
1385
1026
1030
1389
1285
1289
1293
1152
1517
1521
1156
1258
1262
1569
1573
1577
1393
1397
1161
1165
1169
1173
1177
1181
1185
1189
20
30
32
39
39
42
46
47
49
52
53
56
58
63
66
67
74
77
78
80
84
86
90
92
97
99
101
102
106
110
111
114
115
119
125
124
129
130
128
135
138
141
142
147
151
150
155
157
17
165
164
34
171
176
5
182
39
186
46
195
199
205
206
209
210
213
91
214
18
46
222
224
229
234
234
239
68
124
249
246
254
255
256
259
258
263
150
5
274
158
152
156
286
280
286
293
9
294
74
300
302
81
175
310
185
310
104
319
199
111
330
206
332
25
71
20
253
77
214
257
348
168
35
357
360
84
13
366
181
14
94
23
169
24
115
199
387
39
275
5
279
189
27
13
31
198
21
25
39
7
43
209
14
426
18
62
124
35
56
198
60
108
457
85
43
461
463
49
229
53
473
58
482
92
10
141
75
18
93
78
503
32
506
509
163
271
5
104
102
174
75
10
21
79
285
539
543
88
48
104
92
396
163
113
404
338
106
168
112
573
173
87
354
111
7
164
90
13
168
105
596
141
138
88
29
151
147
620
98
625
15
79
108
54
294
58
642
300
96
649
181
167
185
660
175
275
193
665
207
86
674
678
677
219
681
431
685
218
693
689
222
444
226
238
175
286
234
714
716
238
242
721
256
726
303
343
126
241
131
741
648
135
358
221
142
362
225
146
369
762
375
769
677
274
625
278
631
581
331
585
335
428
209
223
213
227
453
813
283
817
823
826
237
616
723
356
834
471
624
347
628
842
536
738
851
544
522
365
355
868
362
481
537
405
401
409
405
386
409
496
286
500
897
504
299
905
904
908
909
429
434
915
922
768
798
926
802
776
628
509
453
355
516
635
359
524
945
363
838
842
522
971
975
975
979
543
987
547
871
401
875
405
879
775
779
815
690
674
681
697
582
563
589
497
1049
622
916
583
920
632
924
591
932
1073
647
707
528
817
821
714
539
543
636
547
641
551
557
647
563
695
658
699
662
703
530
534
707
711
717
721
725
729
733
1174
1178
1178
877
881
1218
1222
956
960
863
867
871
875
1287
1291
1295
1320
1327
1331
1335
1339
1343
1347
1351
1355
1359
1022
1026
1030
878
882
1459
1463
1467
1147
1151
991
995
999
1536
1540
1380
1261
1123
1384
1394
1136
1398
1402
1142
1197
1146
1201
1053
1207
1064
2180
2184
2188
2192
2196
2200
1625
1629
1633
1637
1641
20
30
32
39
39
42
46
47
49
52
53
56
58
63
66
67
70
74
75
79
83
87
88
95
96
99
100
98
105
103
107
111
113
115
119
126
125
129
133
133
5
142
143
147
148
146
153
21
11
160
166
168
20
171
175
178
61
185
187
188
193
193
73
196
25
202
204
207
30
7
210
215
214
216
220
220
5
228
224
234
236
241
92
51
245
55
33
248
74
260
31
269
36
273
271
279
18
283
285
25
289
148
293
57
112
301
64
303
166
69
313
313
319
5
323
222
327
324
13
62
17
340
99
341
73
348
352
354
256
360
10
49
367
370
372
375
386
92
32
34
98
404
42
404
46
411
417
418
421
58
316
321
428
425
321
437
334
441
444
338
347
443
353
207
245
211
455
148
461
155
474
260
468
116
472
488
318
174
483
496
328
228
205
209
517
516
249
521
530
527
328
531
538
232
236
538
544
542
195
241
547
202
403
560
308
411
312
570
415
576
579
580
585
478
588
589
482
358
596
362
600
600
366
604
604
372
614
621
270
618
624
623
630
627
626
631
643
637
641
642
645
654
650
649
654
487
655
658
669
672
662
498
565
667
569
674
511
368
678
685
375
693
697
697
386
701
701
708
705
403
712
712
731
734
720
739
738
743
567
745
749
644
648
753
758
459
761
585
589
470
437
600
779
787
449
786
791
799
786
790
486
521
525
804
504
808
827
665
513
819
671
477
523
481
527
835
486
535
840
844
541
848
545
852
884
861
865
524
869
873
904
908
880
702
884
888
706
899
717
903
562
566
907
911
570
574
915
952
956
956
920
966
752
935
757
939
607
943
947
611
951
955
959
963
1012
971
1016
1020
975
979
983
987
1036
991
691
695
995
699
999
1003
703
1007
707
711
1011
715
1015
719
1019
1023
1027
1031
1093
1035
1097
1039
951
955
1044
1051
850
1055
1059
854
1063
1067
1071
1075
1079
1083
1087
1091
1095
1099
1103
1107
1111
1115
1119
1123
1127
1131
1135
1139
1143
1147
1151
1155
1159
1163
1167
1171
1175
1179
1183
1187
1194
1198
1202
1301
1206
1305
1210
1219
1319
1223
1323
1227
1231
1235
1008
1012
1254
1477
1481
1488
1492
1496
1500
1504
1508
1512
1516
1520
1524
1528
1532
1536
1540
1544
1548
1552
1556
1560
1564
1568
1572
1576
1580
1584
1588
1757
1761
1765
1679
1683
1584
1588
1818
1822
1660
1664
1545
1549
2088
2092
2096
1761
1765
1769
20
30
32
39
39
42
46
47
49
52
53
56
58
63
66
67
70
74
75
83
83
87
89
94
95
99
100
103
104
105
110
111
111
115
119
122
123
130
127
5
135
136
140
139
139
144
150
153
154
158
33
161
161
165
167
9
39
178
182
47
190
187
85
195
197
201
38
203
49
208
208
51
215
216
12
225
228
232
235
236
236
245
245
136
252
255
260
148
261
265
266
266
177
276
172
172
185
284
91
178
291
93
297
302
308
14
313
313
319
101
319
125
24
46
332
338
228
342
135
348
235
69
357
143
361
148
367
114
79
159
377
376
44
386
171
391
285
237
64
402
189
244
407
416
76
5
135
10
426
134
89
25
55
13
59
441
445
21
199
449
200
203
7
5
101
12
56
464
216
468
171
287
377
123
82
494
385
501
207
32
101
314
217
515
104
522
108
54
112
105
374
109
532
538
546
352
289
552
554
391
559
449
398
568
453
354
266
574
264
274
268
583
143
299
589
147
170
261
174
597
265
316
601
393
167
397
609
171
363
622
633
626
637
418
260
644
308
264
312
651
655
649
450
662
286
670
460
673
675
299
685
685
687
691
689
691
695
364
368
704
372
709
457
719
461
587
720
402
406
412
728
363
732
414
736
418
370
426
426
762
622
396
397
440
402
502
640
506
525
510
336
529
423
428
432
427
404
814
361
412
421
416
367
420
432
840
844
848
852
849
853
857
861
871
868
875
878
408
876
412
880
476
480
884
888
892
896
911
915
900
906
904
919
921
913
802
917
921
644
925
931
938
942
946
834
950
969
675
954
679
977
842
981
692
851
971
696
978
744
982
704
1006
986
875
990
994
720
998
767
889
728
584
732
588
739
747
751
1031
756
1035
1039
1043
1047
1051
1055
1059
1063
1067
1071
1075
1079
1083
1087
1091
1095
1142
1146
1103
1113
1159
1118
1163
1122
896
1167
1126
900
907
1138
1142
1146
1150
1154
1158
1165
1169
1173
1033
1238
1037
1242
863
1121
867
1125
871
1131
875
1137
886
890
1288
1292
963
967
1331
1335
1339
948
952
1352
1356
1360
1364
1368
1372
1376
1380
1384
1388
1392
1396
1400
1404
1408
1412
1416
1420
1424
1428
1432
1315
1319
1203
1207
1211
1052
1056
1607
1393
1618
1400
1404
1314
1318
1408
1322
1412
1326
1416
1896
1900
1800
1804
1704
1708
1712
1473
1477
1978
1982
1986
1990
1994
1837
1841
1845
1849
1559
1563
20
30
32
39
39
42
46
47
49
49
52
58
60
63
62
67
70
70
72
80
86
87
91
91
100
102
103
106
107
109
113
111
116
25
121
126
29
131
133
134
137
141
144
145
151
153
156
160
164
167
5
173
175
179
180
22
185
189
190
189
195
195
6
203
206
10
210
212
219
216
221
223
227
47
8
9
235
240
20
107
247
253
154
257
158
68
162
268
271
275
71
275
280
90
283
86
95
295
291
301
301
112
299
307
309
121
50
315
318
14
40
18
332
336
50
340
107
349
351
46
119
355
95
6
53
10
368
12
371
376
380
372
145
384
29
382
154
15
17
389
40
22
44
61
396
30
48
66
34
58
413
410
60
414
93
418
13
430
17
339
265
343
444
440
444
112
116
448
6
286
463
14
457
18
376
479
256
27
309
308
40
154
5
51
51
23
164
29
34
63
24
38
42
529
38
533
110
35
40
117
10
5
17
17
556
6
260
10
22
77
35
121
185
15
12
29
20
290
196
22
31
193
80
197
610
86
54
44
47
16
130
624
57
343
135
63
28
68
212
116
7
146
114
127
367
131
230
29
92
238
669
674
245
678
47
681
251
684
508
105
51
515
695
698
702
522
123
612
707
712
616
570
714
527
718
531
730
239
737
737
413
732
742
749
539
258
543
758
760
591
762
621
595
556
667
142
766
779
782
570
784
680
296
579
795
300
788
792
807
195
796
317
203
186
408
324
826
328
413
820
332
832
836
840
346
716
722
350
749
354
726
731
862
596
365
724
372
728
564
893
617
895
899
581
903
906
909
752
759
648
652
602
790
827
940
314
458
318
462
322
814
326
849
700
362
704
366
971
341
864
868
872
876
880
884
888
467
898
480
905
909
1034
917
622
921
925
1055
929
637
1059
934
938
1064
1068
1072
948
470
952
474
956
478
960
964
968
972
976
980
984
988
992
900
904
689
693
697
701
705
597
601
605
609
613
1194
617
621
565
571
575
1089
1093
1298
1302
1305
1309
705
709
1203
1207
1085
1089
1093
1097
925
929
933
762
766
770
1414
1418
1422
1426
1430
1434
1438
1442
1480
1484
1488
1377
1381
1234
1238
1086
1090
1004
1008
1012
1016
1020
1024
1028
1032
1036
1040
1044
1048
1052
1637
1641
1643
1832
1836
1902
1906
1728
1732
1563
1567
1395
1399
2117
2121
1797
1801
1805
1674
1678
1566
1570
20
30
32
39
39
42
46
47
49
52
53
56
60
61
67
67
75
77
78
81
84
87
88
90
92
97
98
100
102
105
107
111
117
121
120
122
130
131
134
138
141
44
148
146
148
52
154
157
158
6
162
163
168
12
171
173
172
180
182
183
186
188
191
192
194
198
201
64
203
207
206
211
82
14
215
88
221
46
50
31
233
237
54
243
68
41
248
249
249
36
82
18
263
47
268
267
273
32
273
6
280
10
286
288
157
295
161
124
28
14
89
315
318
319
31
186
50
332
333
119
66
339
343
14
71
31
75
349
356
79
353
360
76
360
368
82
40
373
374
381
106
71
75
16
388
103
396
392
27
406
31
407
405
407
419
413
417
23
424
36
40
440
5
442
61
11
452
6
347
324
459
172
13
17
361
53
89
57
219
6
482
353
12
70
359
87
42
68
501
84
509
76
519
97
55
101
118
60
76
533
72
533
540
87
537
79
384
84
129
555
559
562
563
108
17
569
91
21
25
97
12
159
133
272
13
125
597
436
601
199
28
20
285
613
163
621
620
295
625
171
193
628
63
199
632
637
203
636
106
110
652
543
547
656
204
131
410
216
137
418
221
688
692
694
166
698
702
490
174
706
710
712
418
491
495
720
400
516
439
730
734
325
739
738
329
747
749
743
360
332
757
760
761
647
764
766
659
770
778
784
648
664
624
794
369
471
217
684
325
221
329
345
333
814
337
353
639
826
360
662
571
239
655
580
842
472
253
476
413
672
691
859
302
726
361
870
389
312
586
393
373
591
884
876
658
888
459
662
884
463
888
659
893
663
461
901
466
822
487
826
491
707
932
711
395
936
940
591
399
855
949
859
733
606
737
467
421
471
632
475
428
978
432
980
982
485
439
721
596
600
725
606
665
669
741
673
748
624
752
689
633
693
641
700
653
704
660
711
1058
664
1062
719
668
559
672
724
564
730
682
734
570
686
738
691
742
609
613
617
621
625
1122
629
1126
1129
1130
1130
990
994
1141
998
1145
860
864
587
786
591
790
941
596
945
949
833
837
724
901
728
743
732
1206
736
747
751
744
755
1219
749
651
765
658
770
774
988
778
788
782
792
794
805
710
714
718
722
726
1135
1139
1143
1044
1048
1392
955
1396
959
1205
1209
864
868
1213
1217
1042
1046
20
30
32
39
39
42
46
47
49
52
53
56
58
62
67
67
74
75
75
80
83
84
86
88
99
100
103
105
113
116
120
121
123
126
134
134
134
138
139
142
142
146
28
153
153
157
159
77
45
168
86
176
77
183
184
186
85
192
194
199
199
204
6
208
210
214
109
15
217
19
19
224
117
25
124
130
236
243
244
247
138
251
253
10
145
261
265
149
63
61
93
65
279
38
5
98
10
22
12
51
297
6
11
35
307
63
16
67
20
36
9
322
321
14
329
13
212
339
346
350
349
14
264
359
7
361
367
276
31
378
253
241
25
15
391
68
16
395
22
11
78
409
83
414
415
35
49
426
83
87
50
74
43
437
75
57
5
6
448
5
88
330
460
464
204
160
21
6
164
216
353
42
43
19
37
49
126
57
499
190
133
12
8
331
55
19
19
62
66
532
390
414
359
546
34
298
550
38
551
557
42
95
561
561
99
317
104
567
571
108
571
577
575
112
584
584
588
588
470
592
601
474
478
604
482
486
609
620
613
616
360
627
617
622
527
626
636
640
631
536
392
289
293
396
387
300
550
215
554
307
437
267
317
444
448
324
237
333
294
339
467
343
712
347
716
564
723
381
568
727
385
366
573
247
371
329
333
743
252
747
633
756
760
640
656
644
648
662
551
666
675
789
679
794
793
564
571
452
802
456
376
813
578
466
591
470
373
474
830
377
399
834
484
837
405
472
391
845
395
849
854
619
858
431
508
435
512
866
439
638
520
443
871
875
526
530
653
625
629
892
534
536
527
542
534
547
433
540
437
544
929
573
577
824
581
828
646
654
597
601
608
612
616
620
624
628
632
636
640
644
648
652
656
660
664
668
672
676
680
684
688
692
696
700
704
708
712
716
720
724
728
1126
1130
735
739
816
746
823
721
750
754
725
758
762
766
770
774
778
1187
782
786
1193
930
790
934
794
798
802
806
810
814
818
822
1272
1276
1031
1035
1292
860
1296
864
1155
868
1159
872
984
876
991
884
888
892
896
900
904
908
912
916
920
1368
1372
926
1268
934
1272
938
942
946
950
954
958
962
966
970
974
978
982
1506
1510
1514
1514
1518
1310
1314
1522
1205
1526
1377
1209
1381
1213
1217
1221
1225
1229
1800
1804
1808
1694
1698
1550
1554
1558
1562
1384
1388
2938
2768
2772
2627
2631
20
30
32
39
39
42
46
47
49
52
53
56
58
63
66
67
70
74
75
83
83
87
89
92
94
99
99
100
104
106
107
111
114
115
117
119
120
126
127
127
131
136
137
5
141
145
146
150
153
155
156
161
162
165
167
172
44
178
11
39
15
186
192
17
198
197
51
204
209
209
213
217
221
27
225
225
229
231
232
128
239
240
69
251
56
14
109
61
113
266
263
265
267
269
277
280
172
53
283
286
59
292
5
165
188
294
169
193
45
197
67
99
317
31
25
110
129
328
32
333
105
337
339
168
113
80
61
349
5
65
19
356
11
354
358
210
31
214
37
6
26
382
31
14
10
11
38
15
402
43
406
410
26
30
414
415
420
412
416
266
429
270
434
22
9
439
13
445
439
70
452
207
40
87
464
218
95
199
16
19
207
24
35
110
39
29
497
141
48
145
46
504
50
508
10
55
6
15
61
86
527
190
531
533
535
198
5
543
77
546
549
228
552
556
559
184
27
564
567
284
37
117
582
123
54
593
242
593
246
246
254
34
16
252
20
620
81
622
16
513
5
20
58
524
50
80
113
438
28
442
63
22
34
5
27
30
462
34
171
175
24
54
32
371
39
43
269
380
273
386
67
277
718
69
722
287
727
291
111
736
84
199
741
453
506
129
241
221
189
214
226
320
523
764
122
329
126
232
173
177
777
785
279
785
790
794
792
194
237
693
812
697
813
704
350
824
259
263
344
598
271
827
606
358
454
834
849
458
669
741
398
591
851
402
355
857
360
304
692
366
612
886
527
890
532
574
778
537
318
584
545
588
790
592
592
436
424
457
599
342
447
937
469
814
945
473
442
481
335
828
487
660
491
581
347
467
335
339
657
513
661
517
485
697
522
605
528
609
1016
535
613
1020
689
638
623
547
437
627
465
523
473
565
531
662
479
557
561
473
501
597
601
605
716
609
597
613
605
617
621
625
629
769
1137
773
706
686
710
694
558
1161
562
1165
666
670
674
1098
1102
999
1003
1007
780
784
788
1294
1302
1306
769
773
777
781
1328
785
1332
790
1336
1180
794
798
1184
805
1196
809
1203
816
1213
829
1217
1221
835
1225
839
1043
843
1049
887
854
891
858
862
866
870
874
878
882
886
890
1483
1487
1502
1506
1519
1431
1435
1301
1305
1221
1225
1229
2286
2290
20
30
32
39
39
42
46
47
49
49
52
58
60
63
62
67
70
70
72
77
84
89
92
92
95
106
109
110
116
113
118
122
120
25
135
135
38
139
139
146
144
150
150
154
157
156
32
36
161
64
169
169
172
72
173
176
179
185
185
188
65
198
199
204
204
205
210
20
209
24
217
28
223
226
50
223
234
54
234
241
241
244
249
251
76
21
15
149
20
153
41
39
277
167
49
8
152
289
290
16
294
163
6
305
26
69
312
315
318
319
80
324
326
69
40
164
335
341
190
118
345
54
198
123
353
356
357
205
192
365
367
281
114
374
378
200
289
205
16
389
390
216
400
223
12
239
410
414
234
415
424
217
280
263
66
70
444
174
244
453
178
241
250
35
462
463
41
98
339
343
41
274
93
486
97
175
490
494
497
503
505
508
199
358
515
123
319
326
530
531
146
534
150
49
540
116
547
120
557
67
145
400
71
388
569
414
573
573
142
576
425
586
585
591
590
296
599
604
605
610
616
613
617
621
629
334
625
635
522
639
417
539
255
534
543
263
663
667
403
256
319
674
415
687
210
685
214
691
335
695
339
320
700
325
349
484
708
356
712
719
726
363
367
438
731
575
741
446
738
351
748
755
355
591
759
756
595
763
768
764
665
772
766
669
772
780
417
778
617
621
792
627
789
627
799
439
431
435
556
467
716
560
814
818
571
732
579
490
831
835
839
752
843
509
656
863
850
509
870
875
861
879
673
775
888
779
873
892
600
548
886
543
751
891
755
440
500
898
444
654
902
510
564
514
604
569
640
608
673
784
536
681
792
932
548
936
959
800
941
859
945
867
949
871
953
819
875
882
826
883
833
893
890
1007
1011
985
849
869
989
853
993
1000
865
905
872
1044
913
879
1054
947
593
737
951
741
938
608
764
967
612
971
1087
773
783
769
787
602
856
606
864
802
761
806
971
810
768
975
772
1126
719
664
852
668
729
675
717
867
736
727
697
752
705
759
763
1179
767
752
772
756
1202
1207
1206
1213
1214
768
1221
772
1225
777
1229
1006
1010
1014
1018
1304
1308
1312
1316
1320
1328
1338
1345
1339
1150
1343
1354
1163
1366
1034
1370
1038
1034
1038
1482
1486
1083
1087
1502
1506
1510
1188
1192
1448
1359
1363
1190
1194
1574
1198
1582
1202
1586
1590
1594
1598
1454
1458
1264
1268
2197
2201
20
30
32
39
39
42
46
47
49
49
52
56
56
64
71
70
77
78
82
82
87
87
92
94
97
99
103
105
14
114
114
119
123
127
125
127
16
138
141
142
145
148
150
151
35
155
156
158
160
61
162
165
170
68
174
178
181
78
184
187
188
43
18
201
205
57
61
209
208
217
221
222
72
232
23
237
243
91
245
95
19
44
256
261
80
266
270
40
274
275
278
14
48
18
56
292
290
294
172
188
304
307
76
185
163
80
318
8
219
324
328
327
21
337
339
28
27
5
348
9
256
40
37
17
262
262
25
371
47
29
377
33
381
387
388
394
390
69
400
15
402
19
400
62
306
414
412
419
419
74
117
25
106
430
280
436
438
9
435
42
137
452
304
13
17
457
461
314
25
128
252
321
261
483
321
337
159
141
329
145
287
350
150
291
112
116
181
74
186
90
78
361
96
365
44
416
371
388
375
200
548
394
62
553
402
557
339
259
406
61
215
134
270
141
70
410
142
133
281
418
140
158
312
292
379
163
96
167
220
327
171
331
310
229
335
471
316
339
123
323
479
127
245
187
191
646
494
257
653
654
190
361
312
660
196
367
317
228
204
557
232
444
561
443
453
304
450
308
457
253
195
471
203
710
441
482
598
445
486
603
607
611
735
737
615
503
619
510
519
751
523
517
483
330
526
530
490
531
772
346
535
350
539
505
543
787
790
480
552
797
484
804
526
559
563
809
369
536
570
574
821
542
546
384
834
584
837
838
361
596
745
850
750
368
527
858
742
746
623
874
878
878
882
759
725
555
889
562
900
648
896
652
743
907
656
576
912
660
455
664
913
668
917
597
467
704
656
928
660
686
934
938
690
951
694
943
698
947
702
966
706
958
865
710
962
714
869
654
853
758
674
857
662
977
729
983
733
518
522
991
694
995
531
733
999
611
615
739
1029
600
1033
606
949
953
614
957
621
625
1097
1112
1116
1127
1131
993
997
898
902
745
749
753
757
765
769
680
684
688
1205
694
1209
768
772
1267
1271
1275
1279
1283
1287
1291
1295
1299
1303
1307
1318
1160
1167
1330
892
899
1342
1241
1245
1249
1030
1368
1034
1375
1009
1013
1432
1436
1240
1244
1002
1006
1478
1482
1182
1186
1190
1536
1879
1883
1887
1466
1470
1474
1478
1482
1486
1490
1494
1498
1502
1506
3418
3422
3314
3318
3072
3076
20
30
32
39
39
42
46
47
49
52
53
56
58
63
62
67
70
72
71
78
80
81
86
90
92
96
99
99
102
106
110
115
114
119
122
126
130
134
137
141
148
148
152
152
157
158
157
60
167
167
168
174
173
178
179
184
186
191
190
194
197
199
200
43
202
207
35
51
10
216
6
15
120
223
11
124
233
232
236
115
240
241
119
244
146
249
150
9
255
84
14
260
8
93
164
272
14
5
7
27
11
287
291
117
301
54
301
304
26
30
59
319
322
6
131
327
335
337
17
339
62
80
153
351
68
73
9
196
95
16
14
202
367
72
23
76
31
382
385
272
276
5
45
10
133
401
406
405
413
414
415
412
5
423
416
422
420
428
430
424
434
436
438
195
442
445
296
192
300
15
47
152
193
23
32
210
166
13
16
223
6
46
11
250
232
29
6
38
509
11
246
516
522
391
515
160
164
532
68
536
539
540
435
180
41
551
184
189
559
561
565
570
59
571
470
582
372
121
377
360
125
350
13
365
605
605
609
609
36
613
31
278
619
43
220
328
33
162
34
31
40
339
71
176
52
75
56
53
60
457
60
461
257
297
465
203
76
472
307
675
115
220
487
696
151
105
109
498
592
596
389
477
393
172
481
725
350
403
735
316
233
237
402
747
413
288
296
341
239
345
243
495
770
774
438
536
537
364
539
676
797
684
557
555
562
401
226
563
570
567
235
571
363
575
243
579
368
428
366
463
587
381
592
425
263
596
267
594
272
279
276
612
444
280
616
406
451
298
411
456
415
461
293
512
297
472
628
519
305
477
481
529
391
321
395
521
525
335
407
411
340
947
415
344
951
519
956
523
960
426
430
725
385
434
975
431
979
435
744
402
454
406
458
462
466
879
470
883
474
478
889
896
486
1036
463
1027
1040
446
926
450
504
930
711
457
715
512
461
601
519
523
609
783
505
1083
509
790
1087
1097
804
1104
1106
964
1112
968
972
825
944
829
1130
833
959
839
843
1142
847
1147
1146
973
1151
854
747
603
1158
1157
607
754
1168
1166
659
663
1174
1027
917
1212
923
1216
797
1220
1224
801
861
805
865
809
679
683
687
691
1258
1030
1034
851
855
735
739
743
1327
1432
1436
1440
1465
1469
1362
1366
1266
1270
1162
1166
901
905
1786
1790
1397
1401
1405
1409
1246
1250
1881
1885
20
30
32
39
39
42
46
47
49
49
52
56
58
65
67
72
74
80
80
85
84
87
89
98
100
102
104
109
114
115
118
122
122
11
130
132
133
137
139
142
142
17
20
21
152
155
159
161
163
165
169
36
44
52
179
181
48
188
188
52
193
193
198
200
204
206
207
212
212
216
11
220
224
225
230
7
238
61
14
36
137
250
252
23
146
15
262
17
265
21
144
12
16
286
288
20
19
24
300
302
302
37
313
314
45
319
318
323
327
57
46
335
50
47
345
69
73
36
234
357
63
362
365
70
374
56
376
151
383
384
266
164
113
270
396
148
18
278
403
129
407
171
189
194
67
427
146
306
428
310
191
83
315
65
449
11
15
178
19
233
463
110
357
470
115
183
481
476
355
480
45
210
369
214
373
218
187
65
377
225
218
384
234
522
237
238
359
244
363
308
239
140
391
395
246
261
150
557
424
269
259
411
567
279
576
288
580
471
367
292
592
344
482
342
599
467
356
450
248
611
458
482
453
612
457
367
375
282
472
628
640
296
530
491
514
534
497
530
659
534
445
656
258
540
262
539
666
544
523
672
395
550
483
697
456
406
565
410
707
378
715
519
386
523
397
729
558
592
741
414
568
446
609
451
449
547
432
621
477
769
481
529
477
481
779
782
487
478
647
493
798
464
493
505
806
475
499
810
503
468
458
442
462
508
466
702
512
523
837
527
844
531
720
552
538
728
557
745
546
517
564
568
756
572
747
703
576
568
769
891
620
586
624
643
629
575
906
601
549
915
658
553
555
565
559
569
696
933
617
702
531
648
710
538
718
648
960
652
967
967
656
973
660
736
664
980
983
983
987
690
675
992
695
875
699
683
894
898
890
741
745
732
647
736
616
651
712
716
720
627
725
1051
729
1055
1061
842
740
1066
846
748
701
652
817
758
821
658
716
764
828
725
773
777
781
785
1115
789
1124
1121
1129
1125
1129
792
756
796
813
1139
817
1143
1147
824
1151
1158
835
1162
839
1166
1170
847
851
855
859
863
867
871
875
879
883
887
891
895
899
903
907
911
915
919
923
927
931
935
1315
1319
935
1332
939
1336
943
1101
1105
1017
1021
1025
1029
1033
1037
1041
1455
1459
1463
1467
1471
1493
1497
1527
1531
1545
1549
1553
1557
1561
1220
1224
1228
1610
1614
1618
1622
1626
1216
1220
20
30
32
39
39
42
46
47
49
52
53
56
58
63
62
67
70
72
76
75
78
86
87
91
93
95
99
103
104
111
112
112
119
119
123
124
130
5
9
140
147
152
155
155
159
160
29
166
79
168
37
175
175
37
179
188
190
186
190
197
197
68
200
206
208
213
215
220
212
220
225
226
228
229
224
233
228
240
19
244
244
23
249
249
27
147
31
261
35
265
267
5
274
278
277
284
140
6
291
10
294
295
301
302
75
188
64
312
312
316
185
322
190
331
85
102
337
106
31
223
255
239
40
352
153
359
157
132
62
368
369
106
101
74
381
111
230
386
16
393
238
173
25
10
406
33
185
22
418
424
214
421
430
133
27
262
439
64
37
444
448
40
452
155
51
255
468
260
95
477
265
481
485
70
338
333
490
41
341
46
108
348
30
214
66
301
37
520
345
525
525
379
401
356
323
383
407
96
389
550
187
102
256
557
195
561
451
158
94
175
575
361
465
366
424
370
113
401
374
597
297
440
382
444
601
129
605
390
615
609
620
613
391
296
410
300
440
273
405
637
279
426
648
430
290
251
429
289
669
293
673
266
310
675
682
686
687
690
459
694
698
490
707
473
710
711
715
502
478
482
357
726
486
730
732
493
737
738
526
742
530
746
646
747
514
760
382
518
551
764
555
395
782
786
403
789
790
408
793
567
461
803
587
574
362
807
809
366
712
521
372
563
525
567
826
573
616
841
577
433
840
584
437
401
443
861
638
596
869
600
873
604
878
608
871
612
888
888
740
621
895
886
747
901
627
906
896
613
900
911
904
617
678
908
682
465
469
773
473
777
919
540
932
712
547
718
722
726
730
734
982
986
861
865
749
753
651
673
655
545
592
549
596
600
1033
1037
946
950
787
1048
791
1052
686
1056
691
1060
1064
1068
1072
1076
1080
1084
1088
1104
1092
991
1096
995
1100
999
1006
1139
1030
1017
1143
1147
1151
1025
1044
1158
1034
1016
914
1038
1020
920
724
728
927
732
931
1172
742
825
746
1180
750
1187
1210
754
1191
758
762
847
1071
1225
1078
1207
1229
1091
777
1095
781
994
988
785
1002
996
793
893
1258
797
1009
901
1013
809
1017
1021
822
1025
832
1032
836
1340
1344
1348
1352
1356
1360
1366
1364
1374
1368
1079
1083
2245
2249
2136
2140
2012
2016
1929
1933
1937
1941
1945
1949
1953
1957
1961
22
32
36
41
45
47
49
55
60
60
63
67
70
69
73
79
81
84
84
88
88
91
97
98
98
102
106
108
112
5
115
119
123
25
128
129
132
138
141
145
147
150
161
162
162
167
168
168
173
178
180
185
184
188
191
195
198
13
202
203
207
209
37
211
218
217
221
36
225
226
227
234
14
235
240
57
104
247
250
252
253
112
159
38
260
120
261
268
125
274
280
284
284
286
293
293
5
204
309
310
310
167
167
213
171
176
220
334
180
153
339
157
25
344
131
350
30
60
136
38
140
208
8
363
212
184
124
128
377
382
227
386
37
168
391
396
247
403
49
142
409
414
263
309
62
313
76
428
201
166
84
441
23
441
445
225
128
91
19
227
244
468
23
28
268
252
40
44
379
319
494
180
60
396
5
400
26
30
102
16
16
320
360
534
89
364
43
539
34
372
432
225
436
552
114
557
386
375
72
18
126
22
160
136
168
89
588
592
42
420
46
209
51
603
607
93
121
117
518
377
124
522
237
383
137
74
116
533
81
318
414
87
130
650
420
94
327
81
85
337
147
109
113
679
202
206
210
690
128
469
582
137
476
589
143
594
146
718
598
326
156
726
334
730
734
340
619
590
515
623
435
354
628
440
635
194
639
321
613
512
647
516
618
395
622
661
400
280
445
404
530
287
797
676
458
804
460
699
464
466
551
470
555
559
719
483
837
572
272
714
742
718
849
280
852
287
754
594
695
362
868
699
562
372
881
495
889
892
500
579
896
337
459
341
719
742
723
746
344
640
755
759
417
765
421
769
656
374
660
378
672
382
404
541
386
390
837
394
841
713
981
405
985
855
409
762
731
860
864
868
742
1007
872
780
591
469
474
1023
607
604
479
612
905
1075
1079
1083
1087
1127
1131
1152
1156
1157
1163
1162
886
845
895
853
857
861
865
869
873
877
881
885
1270
1129
1133
997
1001
1290
1005
1144
845
849
1148
978
982
793
1317
797
1321
1325
1329
1333
1345
1349
1218
1353
1222
1357
1114
1361
1068
1122
1072
939
943
1260
1170
1428
1434
1180
1438
1079
1168
1444
1449
1175
1256
1094
1261
958
1265
962
1269
1273
1098
1102
1106
928
932
936
940
1550
1554
1558
1467
1471
1340
1344
1129
1133
2112
2116
1594
1598
2324
2328
2332
2336
2340
2344
2348
2352
2356
2360
2364
2368
2372
2376
2380
2384
2388
2392
2396
2400
2404
2408
22
32
36
41
45
47
49
55
60
60
63
67
69
72
71
73
81
79
84
87
89
91
93
98
99
99
103
106
110
114
114
115
29
124
33
5
132
135
137
144
147
148
150
151
156
157
162
167
168
172
6
176
184
86
90
191
94
196
199
80
204
207
207
211
214
58
118
219
223
60
231
23
53
234
238
100
240
60
245
65
251
255
256
259
101
161
261
165
270
67
274
276
61
280
284
285
146
150
293
296
82
299
199
304
6
308
166
10
312
313
321
22
183
128
137
5
141
9
19
203
351
349
357
358
122
14
165
18
128
172
132
52
136
140
383
71
143
75
147
80
403
123
84
407
307
414
311
134
213
423
428
427
221
431
439
132
7
444
86
14
456
453
5
151
9
9
13
473
11
481
481
119
486
9
25
13
22
38
56
501
30
13
28
511
59
334
522
528
528
92
32
435
61
552
552
556
384
66
563
569
252
468
68
311
215
385
219
406
316
223
396
417
327
375
235
145
149
294
115
615
297
301
399
623
626
282
627
286
453
144
637
640
149
236
459
648
240
244
287
660
436
204
442
256
208
263
678
267
682
280
692
693
288
699
700
292
219
296
707
710
300
506
714
408
235
412
320
575
731
327
233
743
747
753
476
249
760
604
484
481
488
485
772
495
489
776
787
780
784
791
795
788
380
385
518
389
374
695
378
401
707
826
614
618
676
682
382
842
687
387
850
692
697
658
662
701
569
705
573
709
713
395
717
399
560
403
564
901
391
905
395
399
911
792
796
800
930
934
806
810
814
718
950
724
957
637
961
965
642
969
646
459
976
982
988
993
992
996
999
884
1000
998
1004
1008
898
1012
902
1016
503
906
1020
1023
1028
753
1032
1032
757
1038
593
1041
597
1044
1048
604
874
1054
878
1058
1077
1078
657
1082
1066
1083
1086
1088
1094
676
790
1100
1104
797
1108
651
1112
1116
659
663
1120
1113
1124
1117
1128
1121
1132
1125
1136
1129
1140
1138
1142
1151
1155
1149
1158
1168
1162
1172
1167
1176
1171
1180
1184
1188
1192
1248
956
1258
964
1262
852
856
1334
1338
1342
989
993
1361
1365
1021
1025
1029
1033
1037
1041
1424
1428
1432
1436
1440
1444
1448
1452
1464
1456
1468
1460
1322
1464
1326
1158
1162
1037
1041
1566
1570
1574
1329
1333
1337
1116
1120
2058
2062
1969
1973
1869
1873
2107
2111
1857
1861
2188
2337
2341
2345
2349
2353
2073
2077
