5
5
17
13
26
9
5
9
22
15
12
28
46
5
8
5
5
5
5
10
21
32
23
9
21
8
5
6
14
16
17
10
97
43
5
112
62
11
15
21
33
7
9
49
5
9
5
7
32
16
9
19
16
23
10
12
29
12
37
28
38
18
44
12
13
59
10
11
24
23
122
177
73
19
15
9
23
28
54
35
167
6
15
76
53
15
5
6
122
5
80
34
29
27
9
316
83
9
11
70
14
32
32
23
15
22
83
538
114
332
324
111
52
34
18
9
167
86
42
90
51
394
14
25
34
386
132
170
87
210
6
40
741
376
12
705
236
665
357
319
209
6
78
421
153
18
131
5
16
105
393
9
15
21
13
19
158
36
39
45
692
877
553
249
6
431
5
235
65
9
14
72
473
701
425
9
5
1128
135
64
8
937
37
80
41
38
28
9
605
57
609
12
465
95
11
12
969
132
689
548
39
28
17
539
201
158
108
15
28
9
83
5
78
1059
5
9
5
45
5
136
99
149
40
20
38
24
163
207
25
799
726
66
15
230
5
7
537
453
11
10
19
49
5
303
5
16
17
297
211
1331
5
256
16
797
1301
10
34
734
22
657
5
7
8
13
13
24
9
21
9
128
23
30
15
5
5
10
912
61
202
496
85
181
59
555
22
111
17
92
25
6
8
26
10
5
28
1741
1709
1670
139
1656
1537
71
42
26
1782
32
10
26
1273
134
138
1002
353
108
16
5
7
71
6
68
166
13
387
11
232
201
147
39
6
10
28
12
14
37
78
16
91
2245
5
2225
6
17
1602
840
330
117
537
329
1991
404
6
270
6
33
146
1867
39
9
353
33
1834
48
21
9
59
71
5
9
1195
103
1131
1114
135
33
139
14
18
18
9
5
1485
507
100
29
41
37
1634
43
534
447
110
2485
1556
1409
1684
1274
908
29
16
15
1104
1099
946
13
20
21
5
5
903
543
53
743
5
7
16
19
609
529
375
269
5
66
43
15
5
29
65
34
453
319
6
27
559
533
5
2124
18
8
444
2150
5
6
14
149
2095
8
12
2101
1567
984
835
652
407
83
5
5
5
152
17
22
137
144
6
140
264
6
5
13
37
71
27
5
6
84
116
67
5
128
6
5
29
5
12
23
3095
29
21
7
2890
2584
2255
18
12
172
1765
1633
1006
816
774
417
356
6
5
239
5
6
8
23
21
637
5
5
14
31
5
41
5
10
11
27
9
5
367
76
2819
17
19
41
6
11
47
2314
6
2037
18
1871
1432
136
103
942
5
816
24
32
115
8
32
13
8
10
143
7
70
38
6
5
5
17
30
13
5
5
52
5
11
17
5
208
6
9
14
14
19
6
7
6
9
345
13
21
21
5
334
5
323
188
175
53
28
58
18
21
423
15
37
4090
36
3562
135
5
105
32
2914
2833
39
38
455
17
46
9
2729
281
31
176
39
9
42
13
31
5
74
6
4238
118
5
2644
2433
6
2368
2052
23
1656
1364
3809
913
173
13
901
658
478
212
74
143
29
236
9
46
47
160
99
267
77
268
217
175
117
4652
4316
4275
4182
3811
3764
3537
3196
4674
4499
4448
4201
3840
3246
2791
2624
2611
2374
1809
1762
1067
4593
4569
4205
4206
4190
3749
3712
3440
2963
2447
2381
2911
2833
317
2088
2554
2383
2307
2096
1241
2324
2187
369
2176
1787
1786
1627
1595
1546
1098
835
655
533
553
4273
4013
3994
3923
3787
2945
2639
2333
2130
1922
1643
1521
1292
1285
1204
727
719
582
4930
4798
3542
3153
2760
2729
2556
2371
2280
2254
2175
2010
1917
842
844
1160
695
971
967
3434
3092
2953
2261
1524
1326
1640
4048
3887
3073
2634
2110
1784
1616
1405
1194
1048
985
1354
990
991
4668
4667
4514
4102
3645
3478
3458
3053
2970
2625
2160
1096
1094
3877
3605
3317
2509
2288
2114
1628
1452
5477
4590
4478
4313
3446
2515
2030
1119
5871
5218
5098
5037
4978
4933
4909
4521
4370
4100
3942
3925
3897
3598
3492
3309
3220
3177
2750
2528
2201
2057
1762
1685
1573
5817
5686
5635
5243
4205
3624
3433
3206
3202
3163
3091
2605
1794
1707
6052
5602
4432
4265
3552
3177
6029
5738
5286
4386
4363
3412
2906
2741
2576
2288
1944
1701
6396
6019
5920
5780
5171
4728
4718
4436
3979
3701
3081
2794
2773
1893
6357
5796
5767
5168
4209
4169
4114
3972
3931
3529
3492
3211
3185
2800
2039
6464
5747
5737
5692
5301
5072
5021
5009
4830
4472
4438
4234
4220
4004
3176
2614
2423
4359
4138
4079
3678
3169
3211
3203
4488
4410
4400
4041
3593
3523
2839
7077
7059
7036
6702
6638
5387
4950
4583
4059
3885
3822
3172
6089
5940
5563
5080
4480
4351
4219
4164
3819
3487
3277
7178
6697
6689
5791
5757
5744
5244
4651
4585
3656
3645
3484
3433
3124
2946
6764
6386
5826
5451
5365
5199
5107
4982
4581
4183
4023
3462
3408
5576
5282
5161
4628
4531
4415
3841
3457
7246
6788
6180
5504
5058
4718
4638
4355
4123
9686
9504
9210
8783
8594
8435
8143
7765
7575
6508
6181
6153
6123
6112
6095
6075
5882
5
6
6
15
6
25
31
41
42
46
14
40
7
5
16
25
18
9
5
5
22
15
77
71
95
84
27
85
7
5
17
20
13
9
198
8
237
9
17
5
8
148
9
14
22
202
16
33
26
33
6
45
18
20
14
39
15
311
29
20
6
109
12
11
73
15
25
6
228
506
6
41
68
458
33
86
414
9
38
17
114
13
16
47
30
402
357
95
20
29
41
310
37
10
5
125
188
9
6
116
110
402
6
21
499
15
11
5
28
41
26
35
50
19
9
131
21
94
111
5
92
21
13
37
17
51
130
657
591
791
296
24
132
15
7
233
19
5
20
6
18
19
9
302
9
5
73
5
82
1206
1168
1055
272
441
173
443
89
6
9
6
7
5
7
33
304
471
14
99
32
180
969
37
5
38
133
19
52
43
18
232
12
24
5
26
1082
1008
5
983
386
24
5
14
13
144
16
36
69
7
32
5
16
8
8
5
1193
816
114
776
241
5
90
6
18
272
5
5
587
116
109
296
14
26
10
139
32
1273
186
65
19
308
20
40
164
106
21
8
1603
6
18
15
1297
520
158
229
154
14
182
7
137
50
1338
949
12
815
484
283
109
68
13
19
75
13
31
14
7
64
310
308
5
311
129
57
22
317
2122
5
1665
55
29
28
135
19
7
1515
1285
768
757
720
241
5
202
12
5
1412
1761
306
1558
242
8
1443
785
11
807
646
327
31
152
1233
5
22
5
22
5
7
5
8
863
5
848
6
6
6
5
195
768
38
59
213
26
47
5
1602
1506
6
12
1079
824
50
12
5
787
5
5
40
41
69
5
39
687
658
5
21
6
73
22
19
2006
98
1939
1774
43
47
210
1517
71
54
78
1531
1434
485
66
21
109
181
18
6
6
206
506
122
28
140
23
8
13
14
265
9
26
35
5
5
94
75
26
6
5
59
5
358
1600
149
1565
1103
8
744
736
393
90
14
352
183
56
10
5
23
5
1611
1440
9
1292
1179
10
64
898
616
6
9
5
6
43
6
46
11
8
501
5
24
162
47
46
2563
1914
480
19
1421
563
78
114
430
38
352
266
98
9
9
5
260
6
267
142
149
14
346
11
6
6
5
15
5
43
8
9
47
5
9
10
16
9
143
60
5
12
19
21
10
5
5
249
209
5
5
8
1041
998
922
1067
903
823
133
1062
121
17
7
37
71
13
6
1053
628
125
6
9
5
5
10
582
29
571
539
445
53
1404
1263
878
22
8
5
775
5
2143
5
1891
1762
1557
1375
417
17
7
9
7
5
5
10
32
22
43
28
60
9
286
5
7
878
512
88
5
568
36
43
24
597
15
89
79
5
88
63
5
40
38
49
5
15
181
25
17
35
14
6
32
115
57
139
25
235
253
6
7
50
63
3361
9
15
3375
27
3168
119
357
3135
3009
18
5
5
30
12
18
9
17
8
89
49
96
76
6
21
6
12
5
3435
11
13
3237
18
2719
33
584
2764
2398
2100
1796
14
1432
170
79
2128
1700
792
652
5
20
12
25
20
3506
3430
1236
1183
1009
43
3233
1025
36
894
405
106
2776
2682
2389
2251
2252
1982
1851
884
839
765
432
353
1506
1289
538
285
509
398
763
399
1249
1055
558
433
231
879
573
231
490
598
317
680
549
441
487
416
801
463
459
4166
3683
3035
2366
1942
1479
972
580
561
561
454
1305
1288
1129
1090
938
643
2843
2609
2400
2228
1731
1453
1366
1202
1333
1070
821
551
3080
2655
2631
2475
2284
1826
1542
1316
1413
1296
1297
816
5703
5277
4982
4391
4024
4011
3745
3636
3323
3269
2371
2208
1777
3127
2538
2467
2282
1945
1568
799
1583
1501
1166
1647
1636
1174
1079
1026
4022
3220
3196
2906
2734
2627
2160
1815
1717
1716
4431
3962
3849
3560
3213
2920
1898
1565
1565
1461
3386
2911
2828
2240
2011
1724
6038
5691
5460
5260
5121
5084
4734
4416
3743
3561
3377
2382
1503
1672
1481
5882
5333
5290
5271
5274
5196
5191
5141
5047
4808
4535
4271
4260
3366
2683
2595
2357
1901
3804
3513
3249
3201
2902
1992
1913
6286
6112
5992
5931
5719
5543
5468
5247
5174
5125
4976
4952
4760
3593
3472
3371
3310
3296
3271
3081
3030
2714
2502
2493
2441
2378
2334
2209
5978
5222
4629
3647
3579
3200
2672
2509
2167
2148
6101
5453
5343
5297
5278
5264
5044
5004
4778
4746
4734
4061
3567
3259
3037
3006
2477
6596
5795
5493
4004
3773
3356
3233
2220
2086
2003
6853
6638
6586
6518
5650
4369
4275
4221
4070
3916
3761
3606
3279
2423
4580
4246
3887
3762
3570
3556
3411
2976
2901
2826
6787
6530
6330
6141
5621
5353
5297
5017
4988
4812
4527
3586
3178
7570
7258
5619
4985
3598
3476
3391
2990
6502
6197
5899
5756
5635
5556
5425
5115
4976
4966
4584
4273
4175
8410
8292
7997
7309
7079
6808
6640
6615
6423
6193
5795
5654
5527
5128
5036
4895
4840
4643
4647
4480
4478
8499
8069
7925
7712
7562
6687
6233
6160
6119
5915
5799
5497
4504
9278
8892
8562
8375
8194
7990
7367
7237
7240
6901
6382
5932
5811
5
5
9
8
5
5
9
5
6
12
12
5
5
14
6
10
10
9
33
21
22
5
143
14
112
39
120
35
6
12
226
222
252
5
139
263
5
277
39
5
181
196
6
13
128
5
258
92
35
24
6
58
42
71
34
7
9
6
447
10
5
56
27
46
14
38
37
32
41
14
12
17
45
526
171
100
216
5
16
442
488
427
52
14
227
190
14
5
50
305
112
527
14
12
201
5
5
290
129
5
8
6
5
785
617
136
5
699
649
20
9
14
11
5
11
167
9
704
361
8
9
7
38
6
9
126
12
6
39
11
26
38
128
5
984
41
31
574
5
23
15
34
142
9
571
12
86
6
9
49
55
5
9
38
115
110
155
6
5
10
62
18
316
154
207
5
172
7
9
144
9
110
108
5
12
5
97
174
170
20
14
134
12
34
71
15
11
1406
42
8
5
1355
1181
1057
433
433
98
42
18
172
29
1495
116
101
58
5
1519
887
575
55
166
214
595
15
5
24
39
236
441
145
9
202
5
93
7
964
105
5
754
305
28
318
314
431
63
33
1850
214
246
16
17
448
59
32
5
559
148
124
480
244
11
54
52
61
1913
1795
1558
929
441
441
8
23
106
15
50
755
286
663
16
494
800
663
112
14
15
50
232
67
142
151
129
30
98
28
670
108
6
20
139
1015
968
852
786
31
750
1105
583
840
6
931
870
509
1022
5
216
192
10
193
649
14
480
99
175
12
2354
76
12
25
482
6
88
137
132
18
23
12
1808
700
482
91
722
2389
35
738
2315
296
31
371
11
39
568
2289
1815
241
34
131
228
203
31
559
45
162
5
475
220
2605
20
307
505
5
71
27
285
21
77
32
2524
1917
21
1866
5
20
1807
1518
6
1060
1001
24
14
39
291
5
168
135
5
9
23
336
897
240
21
185
9
732
782
221
40
172
10
6
74
46
70
5
8
11
108
6
76
37
76
18
428
429
221
71
5
31
5
121
284
1417
1208
1866
1539
1382
244
9
73
1264
1117
2457
997
1630
1760
91
965
438
373
3356
6
3043
2972
9
1610
6
26
2798
1182
449
968
1863
647
11
608
5
12
1427
1303
1285
1187
6
6
410
962
36
12
10
973
53
13
3786
18
1018
1000
956
425
1544
15
1385
95
882
282
53
943
12
70
2847
2670
2358
210
82
2251
80
2258
55
81
10
5
558
2305
492
482
1611
2254
2206
372
2153
9
98
4085
3628
2510
123
18
2158
1961
1430
1253
366
929
311
23
290
97
2960
647
66
24
5
517
2963
469
2626
1641
28
2417
28
1581
6
722
22
19
52
24
1181
1116
119
7
56
1035
7
1690
1684
1230
1098
1074
928
838
15
18
83
2052
1101
1090
789
558
518
421
6
346
243
249
5
143
21
1399
1082
622
169
71
146
147
123
60
2794
2693
2435
2194
2191
3043
883
17
5
1170
21
11
2559
95
2065
4345
4313
5
2033
1945
1924
1779
4195
3877
3877
25
2605
10
2363
839
5
51
9
2472
2057
1481
1311
6
1264
165
1795
1647
1308
1264
1120
899
246
149
126
123
1355
466
433
580
3835
3512
2761
2449
2038
1909
1394
879
576
170
696
1920
796
643
624
562
538
2632
2488
2080
1969
1769
1593
1225
1143
1072
1071
460
353
2223
2206
2193
1933
1582
1487
1272
1160
764
738
641
521
3759
3744
3346
2959
2907
2856
2840
2392
2163
2124
1185
1092
969
858
727
1138
2919
2240
1865
1031
570
1130
1040
1040
658
595
1195
742
4235
3692
2918
1022
5599
763
625
2577
2389
2305
2053
2010
5522
1972
1913
1696
1424
1407
3981
3679
3574
3430
3187
2351
1662
1619
1347
849
1950
1926
1904
1235
1022
2042
1945
5464
5269
5021
4743
3625
2377
2262
1929
1738
900
4381
4352
3798
3653
3029
2922
2736
2283
1883
1780
1133
1007
2078
1963
1471
1166
1126
2671
2516
2346
1358
1252
4456
4242
3779
3257
2961
2518
1629
1239
4284
3963
3729
3631
3400
3188
3015
2311
1989
1977
1554
2852
2582
2468
2304
1855
1785
1717
1289
3044
2886
2445
1803
1703
1556
1524
4005
3017
2711
2530
2454
2089
1899
1624
1473
6370
5683
5422
4732
4146
4057
3970
3934
3436
3068
2855
2823
2497
2336
5071
4719
4437
3652
3508
3163
3155
2683
2609
2555
2038
1865
1781
5830
5209
5186
4786
4625
4320
4199
3299
3135
3135
3061
3037
2511
2389
2377
2159
6252
5698
4886
3350
3263
3119
2745
2461
5681
5619
5054
4326
3477
3468
3121
2899
2898
2802
2690
5642
5302
4996
4494
4447
4303
4174
3739
3723
3218
2628
6327
6298
6223
5938
5765
5728
5555
4858
4862
4335
3406
3204
3100
2827
5678
5498
5495
5458
5129
4655
4292
4187
3886
3671
3473
3201
7059
7010
6905
6688
6668
6274
5388
5237
5209
4938
4887
4745
4474
4374
4327
3815
3706
3574
6752
6131
5377
4746
4726
4207
4201
3968
3872
3505
3307
8316
8225
8093
8027
7963
7894
7772
7753
7542
7126
6754
6472
5985
5789
5403
5346
4688
4660
4497
4100
4065
3766
3565
8857
7294
7279
6969
6597
6101
6088
5931
5902
5725
4985
4503
4275
8473
8431
8176
7005
6993
6210
6048
4765
9999
9370
8893
8632
8631
7801
7363
6519
6455
6286
5
10
12
15
16
30
5
13
13
20
28
9
27
49
18
7
5
7
73
16
20
8
158
113
18
9
20
27
12
48
27
258
267
135
121
18
253
5
186
61
103
5
20
5
31
17
70
228
60
31
14
24
400
132
47
320
9
195
348
226
19
104
13
77
79
159
595
5
589
113
245
146
12
6
16
21
14
300
7
5
5
476
8
654
618
280
212
646
601
496
43
9
8
199
82
328
9
305
26
569
11
41
29
11
9
60
14
69
40
66
9
49
6
10
121
38
90
14
563
11
74
60
5
6
53
6
17
71
230
5
65
13
67
1083
708
49
7
5
5
337
41
396
12
5
12
985
429
407
22
13
5
35
17
433
9
6
5
9
96
7
5
5
5
6
11
23
37
10
5
43
25
47
730
57
61
42
39
37
5
5
5
5
9
537
726
17
16
160
701
649
5
109
23
28
36
25
5
13
30
40
14
5
144
35
67
32
141
130
6
127
55
270
191
889
123
48
65
14
51
13
24
99
10
5
21
118
118
314
10
42
196
60
7
147
13
119
121
9
246
172
201
15
198
21
6
688
519
46
6
353
340
275
651
28
9
1316
841
66
39
15
55
772
5
80
782
5
787
101
115
113
5
6
702
599
599
285
2096
36
292
447
6
2036
478
35
188
385
99
13
109
15
74
451
272
93
114
982
1834
43
9
1737
5
87
88
434
10
303
20
6
297
69
1124
5
412
1765
17
5
12
23
1088
1074
901
56
14
68
16
481
8
251
240
24
5
19
17
37
50
19
20
28
76
9
13
5
1511
1249
121
1096
282
245
998
45
604
717
559
454
80
8
5
100
30
98
8
48
184
159
5
918
17
23
885
74
32
219
930
851
13
664
132
5
14
50
17
737
14
46
725
89
7
660
410
287
108
20
18
248
34
49
139
47
78
2476
1965
6
1777
35
5
23
9
27
38
61
1125
929
559
426
373
195
6
6
5
418
159
5
8
6
279
11
226
185
8
28
1422
5
1399
1112
358
10
27
5
19
39
1839
272
13
13
5
1655
5
14
112
1619
1064
1190
43
19
121
47
7
47
1257
1138
14
6
998
6
38
418
8
478
352
8
6
3140
3006
2533
2116
5
18
7
5
9
984
283
643
503
18
38
31
119
82
38
16
50
5
67
16
582
313
7
2086
2010
11
5
537
16
22
1311
1139
11
38
6
31
6
8
34
45
39
13
29
5
22
19
14
34
49
302
5
101
1260
1071
4026
24
3628
3339
11
29
1015
16
3305
956
807
416
81
115
2886
1451
5
6
23
1045
12
7
928
641
296
795
739
20
10
246
15
23
5
495
415
157
510
5
45
10
5
80
83
67
46
81
5
93
79
42
133
120
17
78
5
50
14
1292
41
219
34
9
42
221
133
10
11
33
4691
15
294
26
335
240
4565
4145
4012
9
46
3605
3391
3266
15
167
61
251
17
28
16
6
31
77
161
5
21
8
9
49
158
165
9
8
143
8
13
599
381
103
4898
4661
3296
3043
2847
2782
2379
644
37
12
6
5
6
6
31
8
7
34
52
24
282
168
2172
2020
1987
1674
1424
1420
935
378
301
296
3814
3105
2990
2856
2852
2521
2525
2493
2148
1576
1550
258
496
361
2664
1704
1216
1948
1912
1896
1777
1388
1186
2344
1554
868
746
737
717
665
649
713
628
375
1382
1015
1340
1225
1077
608
607
2164
2091
1960
1920
1746
1626
1536
1358
1172
755
589
439
5194
5175
4893
4794
4499
4447
4435
3804
3532
3522
3476
3342
3324
2939
2829
2511
1783
1149
1082
866
1185
939
734
665
3865
3465
3189
2957
2108
1904
1839
1719
1671
1577
1359
1128
5756
5703
5696
5648
5217
5057
5035
4839
4288
4160
3561
2099
2049
1345
956
872
1173
4098
3685
3577
3190
2488
2109
2025
1950
1268
1089
980
4098
3019
1560
1939
1256
2192
1809
6301
5618
5621
5260
5097
5030
5010
4812
4751
4711
4643
4630
3861
3822
3539
3079
2726
2602
2093
1994
1390
1383
5803
5556
5306
5152
4256
3893
3130
2311
6609
6569
5847
5548
5196
5157
4667
4033
3730
3474
3399
3260
2859
2596
2434
2295
6793
6728
6159
5964
5355
4811
4451
3247
3249
2327
1847
4444
3444
3213
2414
2132
2058
1901
1634
7114
7063
6636
6483
6234
6151
5613
5347
5272
5085
4995
3459
3227
3126
2798
5895
5741
5561
5476
5398
5396
5097
4912
4892
4786
4624
4602
3988
3462
3406
2923
6951
6931
6675
6273
5994
5464
5457
5430
4909
4874
4530
4373
4068
3251
2952
2864
6234
5225
5126
4904
4430
5462
4074
4012
3822
3753
3316
3298
5415
3283
3165
4871
3101
4177
3484
2898
2860
7957
7821
6879
6881
6630
6187
6087
5053
4832
4301
4301
4167
3543
3350
6309
6186
6018
5943
5869
5778
5740
4892
4731
4689
4662
4173
3972
3747
3596
3540
7955
7554
7112
7044
6350
5716
5700
4425
4417
3629
8492
8408
8394
8362
8192
8012
7621
7451
6935
6783
6406
5702
5637
5072
4900
10370
10350
10058
9339
9303
9161
8983
8325
8168
8108
7430
6775
6612
6597
6360
6201
5860
5855
5319
5
5
5
8
6
9
34
46
41
10
5
10
10
38
23
88
88
15
11
87
9
178
15
53
27
5
6
191
78
209
191
26
7
14
5
33
67
42
110
15
26
6
27
64
62
17
382
5
19
23
131
38
487
429
88
372
5
7
5
10
17
63
67
117
5
247
31
8
257
450
16
22
516
246
9
448
474
23
195
29
40
10
54
22
66
61
8
110
23
6
97
10
32
90
6
53
65
7
658
551
22
67
435
89
591
48
455
115
73
101
8
17
410
67
66
18
116
10
59
133
98
879
11
5
5
5
36
277
1075
246
42
999
681
12
752
17
29
11
16
36
6
5
23
24
6
6
9
5
11
9
5
19
10
6
105
5
6
428
212
624
50
28
16
614
513
622
6
549
1094
34
11
178
175
154
1463
1311
1314
1072
26
871
11
118
868
780
354
130
92
30
383
299
70
137
143
12
14
8
465
237
902
25
25
401
315
42
29
12
834
565
1774
491
400
26
1705
329
146
152
5
219
6
12
63
36
40
319
1000
1821
993
787
36
8
1809
128
1399
1896
34
167
142
10
23
26
1061
54
110
1415
781
36
128
1358
733
1290
23
1298
313
5
1295
119
6
17
1116
392
6
50
303
10
11
180
57
141
63
105
13
46
133
326
1901
65
1279
177
245
14
48
73
47
23
15
9
14
219
166
74
6
27
8
166
36
101
198
16
14
6
16
2138
17
1095
99
6
39
5
52
366
77
656
611
240
206
5
147
2702
2292
5
43
7
1820
14
31
7
1795
6
120
777
714
9
122
5
77
5
48
585
58
7
59
515
203
631
551
9
281
18
6
325
5
300
234
18
111
1682
1191
971
96
767
625
338
67
613
9
2210
1801
6
1217
18
531
154
17
38
8
358
313
1862
1762
6
17
13
5
1809
713
28
1743
46
1673
1492
1078
1822
599
94
1722
1506
36
70
1731
1383
63
100
1185
306
251
253
74
34
159
87
1970
1822
87
1823
1429
1547
16
1221
14
1157
11
49
5
9
77
1320
94
619
5
451
1864
388
280
111
399
1498
1335
12
406
26
92
60
1275
1292
995
23
23
231
5
1203
525
522
460
21
10
6
13
533
385
74
1454
1326
1730
6
31
6
1431
1116
145
13
12
86
19
50
1112
804
127
46
9
355
52
97
166
165
138
16
23
168
5
62
43
5
14
39
10
39
20
6
32
19
23
823
741
462
18
8
26
31
273
85
15
20
860
680
7
411
118
5
6
2168
1691
1357
1160
189
303
181
7
5
2926
2556
2257
2189
11
2200
1033
747
1089
764
22
6
16
14
31
6
7
73
89
1135
7
408
237
5
13
14
28
36
6
13
58
68
5
1288
1120
986
861
1700
437
3752
3722
1534
3459
992
3172
2876
2591
42
1794
612
5
13
77
77
13
469
6
6
572
5
8
13
5
1073
5
3634
5
3389
5
20
2853
11
5
5
2056
20
1835
62
1760
6
1530
1521
5
1511
6
13
70
15
55
6
16
71
5
5
6
84
15
63
85
7
223
216
105
26
17
96
17
14
5
5
7
2864
5
9
2861
2778
2071
2044
5
1602
5
24
250
54
66
197
44
105
65
102
74
2149
1964
855
123
399
323
1741
1738
1567
1148
514
517
366
367
3391
2448
2025
1689
1526
1433
1063
893
793
368
371
2794
2664
2359
2324
2294
1867
1697
1253
808
536
472
3108
3025
2816
2662
2546
2189
2019
1993
1950
1954
1751
1578
1326
1238
1237
1249
1000
1707
1301
1277
1245
1042
657
3582
3455
3450
3417
2967
2617
2382
2271
1868
1427
914
3483
3356
2932
2405
2265
2261
1360
1199
5436
4195
4097
3909
3858
3540
3517
3470
3267
2845
2312
2055
1857
3368
3362
3042
2882
2698
2135
1992
1576
1482
977
5826
5757
5646
5116
4391
4350
4218
2926
2286
2135
2058
1882
1874
1520
1524
1339
6144
5967
5759
5656
5471
4935
4505
4453
3678
3408
3342
2758
2571
2250
1629
1572
3542
3493
3149
2856
2769
2671
2174
1940
1619
1379
5244
5223
5098
4997
4977
4921
4378
4227
3729
3483
3163
3031
2752
2737
2644
2431
2022
1800
1603
1468
6511
6355
5802
5708
5668
5173
5172
5128
5071
4588
4411
4066
3774
3637
3361
2948
2025
1814
1641
5782
5693
5610
5022
4996
4904
4048
3582
3266
2974
2906
2292
1735
1727
6626
6235
5654
5607
5577
5027
4465
4299
2833
2599
2596
1970
6092
5883
5681
5051
4445
4416
4383
4378
4288
3937
3201
2851
2313
2174
1904
5513
5054
4809
4651
4541
4240
4064
3581
2715
7044
6328
6332
5998
5684
5353
5256
4694
4218
3854
3797
3490
2733
2557
2290
2153
7351
6332
4633
4462
4428
3851
3353
3167
3055
2894
2591
2468
7150
5103
5107
4995
4822
4646
4131
6261
5968
5312
4122
3416
3115
2758
8989
8907
8853
8200
8196
8102
6642
6395
6276
6165
5235
4998
4986
9216
8972
8750
8091
8010
7924
7860
7757
7358
7109
6747
6708
5668
5551
5355
5356
4934
4516
9942
9739
9698
9523
9201
9205
8908
8785
8684
8436
7896
7807
7525
7037
6223
6213
6171
5669
5415
5046
4919
10199
10186
10027
9280
9051
8910
8496
7676
7605
6973
6815
6760
6621
5471
5290
5
8
12
24
15
5
19
18
9
44
15
7
51
72
102
72
48
12
63
49
107
167
48
14
31
6
164
138
12
28
129
5
115
7
5
12
6
25
288
8
51
13
18
19
43
16
5
25
24
58
104
31
51
9
73
125
159
16
47
10
13
62
137
21
14
6
541
380
216
6
244
26
14
144
9
5
272
151
274
6
11
12
25
11
61
16
7
6
271
5
13
244
40
7
243
9
5
274
225
31
836
295
5
622
27
131
58
8
5
198
5
153
5
8
198
193
120
174
134
35
6
932
48
15
245
5
36
6
223
63
26
23
9
48
11
14
775
20
18
14
150
822
18
7
7
6
333
6
16
7
21
188
14
18
497
145
136
1103
965
971
6
8
1006
43
17
14
9
23
5
5
52
9
48
50
10
10
1006
561
13
134
5
1050
27
15
19
5
8
64
450
14
104
57
13
58
5
45
14
23
8
264
118
54
31
5
1244
9
108
40
65
1186
1102
873
81
748
5
561
486
172
639
12
6
1183
249
1729
1201
159
1125
827
5
6
821
6
420
128
79
992
483
821
399
17
18
9
38
22
25
314
128
362
90
210
15
308
19
2005
24
37
176
43
56
36
5
67
22
18
38
8
1050
22
24
116
10
33
497
5
14
19
237
98
25
48
2022
1417
19
999
311
365
166
306
12
145
201
1938
107
11
22
20
14
6
36
37
407
41
1971
15
5
5
1624
956
886
719
711
9
19
21
659
614
11
27
39
10
43
458
1001
99
715
32
568
505
493
63
8
7
1967
1964
190
6
50
235
33
6
258
16
19
7
11
5
5
137
5
5
1370
138
18
5
32
154
37
14
17
5
69
41
9
54
11
90
22
37
14
1383
1058
12
17
9
5
8
434
1212
1040
47
9
39
13
20
30
23
1453
5
21
1301
307
21
49
1111
678
978
5
38
43
581
492
374
5
271
24
7
1530
6
48
813
11
23
5
5
1069
5
608
47
28
112
1679
497
19
24
23
12
106
18
139
46
10
8
27
1779
168
861
10
566
178
17
250
2967
5
2930
2689
18
19
292
93
18
9
192
43
16
2418
251
2276
27
6
123
5
56
65
13
12
52
368
1939
11
20
5
29
134
81
10
1909
3720
3654
3372
3188
5
16
2582
5
2554
2459
2293
49
2058
18
32
78
1730
77
25
1350
85
2019
81
251
87
14
113
73
21
347
5
29
2094
1107
295
1141
854
334
104
309
250
18
189
39
238
5
3889
241
2835
255
12
65
231
86
19
2765
215
5
6
55
2358
1894
20
1499
1428
312
1400
142
9
43
14
30
5
9
758
247
303
204
178
41
41
32
5
64
281
7
878
861
1100
12
5
6
948
38
689
66
825
548
10
428
410
9
20
28
1155
13
19
1019
14
20
11
702
4719
582
555
4667
2184
753
488
34
84
1645
1376
740
170
1316
345
1293
355
2318
43
43
4210
12
2245
4180
4183
5
20
2223
195
90
33
1876
1432
393
31
1197
1179
1010
245
97
753
4184
2666
2503
2208
1818
1664
547
203
1865
1834
1800
1410
905
1474
1441
1103
1055
1004
527
1420
1349
1140
1127
1013
677
757
458
299
362
1098
622
322
1840
1595
1219
965
500
5305
5296
5006
4893
4819
4374
4057
3631
3433
3406
3041
2531
2118
2119
511
3588
2993
2913
2822
2546
2446
2030
1911
1237
1136
962
822
731
634
863
863
645
4452
3760
3685
3392
3358
3084
2531
2148
1462
1452
1324
1318
1059
959
961
911
870
1645
1616
1486
1067
988
721
1861
1664
1593
1332
1326
902
3588
3286
3201
3097
2045
1950
1873
1815
5458
5438
5438
5408
5113
4929
4848
4537
3992
3573
3013
2639
1936
1268
4240
4100
3351
3352
3042
1661
1527
1128
1009
3958
3827
1839
1806
1787
1613
1543
1433
1251
1209
1943
1814
1751
1553
1430
1372
3905
3882
3355
3255
3008
2704
2350
1719
3930
3807
3123
2906
1648
1613
4286
3625
3608
2933
2822
1760
1614
1347
2164
2071
1813
1598
1568
1532
1423
5091
5054
4930
4887
4805
4138
3016
1869
1623
5745
5302
4657
3669
2845
1589
5891
5874
5530
5322
5256
5089
2884
2382
2323
2116
4861
4183
4077
4025
3560
3498
3494
3380
3012
2950
2821
2743
2525
2455
2420
2405
1820
6100
5643
5389
5346
5346
5230
5214
5043
4662
4579
4492
4253
3852
3601
3318
3147
2711
7173
6957
6940
6397
6020
6004
5869
5844
5717
4521
4198
4136
3990
3903
2557
2547
2412
5231
5207
4595
4266
4068
3779
3296
3293
3149
3125
2512
5366
4585
4553
4414
3882
3642
3541
2812
2804
6473
6337
6310
6101
5739
5723
5700
5613
4869
4873
4548
4180
4052
3613
3391
3167
3171
7990
7828
7811
7697
7690
7279
7197
7172
7160
6789
5806
5738
5707
5583
5288
5250
4906
4790
4385
4363
4328
4056
3680
3675
3593
6100
6064
5836
4820
4575
4326
4093
3817
3693
8351
8235
8222
8161
8011
7990
7766
7414
7231
7206
7201
7201
6848
6817
6723
6438
6129
5420
4803
4532
4333
8351
8342
7885
7698
7558
7558
7214
6958
6733
6485
5737
5006
4864
4719
4615
4573
8625
8603
8351
8342
8209
8120
7478
7291
6867
6725
6244
5861
5561
5
7
15
19
8
5
6
5
8
15
5
5
5
13
12
10
23
5
33
13
9
9
19
5
13
74
6
14
6
9
5
9
153
143
16
85
164
33
17
30
5
56
25
6
14
27
22
9
6
16
6
67
34
39
121
5
14
40
5
21
21
34
11
59
5
19
71
5
11
36
103
5
5
5
59
5
29
33
9
323
5
13
20
5
267
203
196
6
587
546
30
12
6
23
28
72
24
506
5
21
5
588
140
159
158
10
67
574
420
57
461
6
21
458
14
25
27
9
254
69
10
153
522
18
380
130
74
166
184
40
558
60
192
27
28
84
905
43
18
29
14
14
11
21
150
949
460
152
8
305
86
223
335
40
41
6
79
282
14
466
448
9
46
37
143
74
7
168
126
89
130
13
117
17
39
21
5
12
1016
68
367
132
99
30
15
250
46
420
143
545
903
16
692
6
13
149
17
241
9
673
354
5
28
38
5
13
9
847
228
9
6
135
28
175
107
394
215
121
31
20
14
438
52
838
15
95
15
9
45
74
47
16
18
15
33
9
5
42
145
498
345
181
255
9
18
6
480
771
5
20
41
34
634
10
729
20
594
72
61
67
304
6
182
6
24
124
109
59
441
8
1130
1039
30
13
26
227
61
1469
359
8
1440
19
41
23
5
14
10
15
1192
476
81
5
1512
1652
1259
869
1288
66
1194
1124
52
24
5
5
242
1512
6
25
1418
1351
1535
1364
813
696
5
433
79
927
1198
15
25
938
14
685
44
2155
36
78
50
33
5
1724
64
9
1644
930
5
872
5
32
97
18
322
5
268
146
210
6
5
10
121
12
5
126
10
6
98
14
15
9
116
5
87
5
9
5
8
6
1956
1848
5
1818
1188
904
2096
46
2007
344
2223
1701
1552
1157
66
44
61
13
12
320
6
1185
25
270
280
182
41
5
1887
5
15
1634
1581
10
1450
15
10
21
31
810
702
122
1524
528
1401
378
1159
89
5
196
9
175
16
40
30
5
405
118
15
22
471
6
1899
1636
57
1640
1617
15
249
9
136
18
938
5
712
401
5
1606
1551
45
34
61
1514
12
6
2613
33
5
10
51
2501
2224
1657
23
5
241
33
1005
5
19
68
274
31
296
79
579
354
814
646
96
650
361
101
19
29
15
1072
823
2312
262
15
660
2271
17
78
411
19
755
323
194
482
394
6
407
211
129
381
13
12
195
2867
116
9
2513
133
6
119
10
62
332
55
6
14
19
5
5
303
220
16
37
5
10
13
189
64
13
20
13
9
1313
1002
633
9
2400
5
2319
2220
288
215
9
8
19
24
8
1820
1684
5
1068
1239
588
7
855
12
5
9
25
887
679
574
82
63
92
629
549
414
8
7
878
52
6
11
5
792
13
56
161
6
78
5
198
2871
5
589
28
6
10
9
42
2105
1789
14
377
8
1681
1614
8
1106
5
17
19
1037
10
893
897
5
9
98
33
917
21
72
7
837
1017
17
370
11
42
22
571
30
8
124
5
4017
3140
2488
1850
22
19
24
5
11
17
156
1577
1321
803
260
5
20
278
12
42
44
124
61
5
17
29
30
23
9
278
50
56
3664
3628
3098
3062
3025
26
6
4870
4289
4256
3737
49
13
3040
5
180
48
51
23
2240
1791
131
17
1594
539
13
1413
1266
1187
1000
92
106
305
165
119
3395
2698
2656
1706
1695
1517
1476
975
793
541
235
1990
1989
1974
1865
1847
1819
1337
1280
1278
900
903
459
4182
4179
4084
4078
4043
4005
3168
3127
2937
2867
2301
2061
2001
1660
1377
1244
1237
730
5100
4957
4639
4601
4075
3267
2903
2786
2478
2329
2044
1372
507
4021
4011
3360
3360
3242
3153
2143
1952
1211
568
5294
4435
4263
2953
2894
2871
2707
2695
2534
2496
2346
2099
1306
1189
721
5457
5296
5059
4865
4607
4600
4319
3768
3370
3292
3113
3106
3022
2971
2927
2874
2845
2811
2709
2413
2359
2348
2203
1994
1709
1318
1256
3482
3437
3099
2987
2793
2238
2211
2082
2048
1662
1655
1405
1342
1297
1286
943
3959
3902
3347
3180
2008
1801
1371
3482
2864
2573
2481
2371
2316
2118
1400
6473
6256
3927
3562
3246
2812
2752
2705
2664
1697
1622
6577
6437
6382
6336
6315
6095
6078
5735
5090
5039
4719
4437
4315
4171
4164
4055
3626
3144
3111
2796
2554
1795
5214
5152
5130
4587
4512
4260
3553
3335
2588
2686
7104
6182
6094
5911
5866
5601
4955
4837
4835
4570
4198
3884
3646
2419
2230
5258
4940
4943
4468
4472
4290
3972
3302
3062
3034
2407
6738
6643
6307
5732
5243
5176
5125
4352
4152
3822
2804
6844
6243
5904
5852
5570
4172
4171
3592
3430
3417
2792
2755
2589
7468
7449
7402
6803
6672
6440
5909
5780
5701
4930
4838
4733
3057
2916
2873
7270
7167
6919
5966
5891
4875
4870
4857
4405
4198
3896
3657
3453
3158
2720
6744
6715
6618
6298
5991
5961
5594
4742
4494
4485
4226
4194
4194
3911
3907
8358
8291
7617
7371
7106
7006
6874
6222
5225
5099
4781
8189
8061
7361
7227
7096
7086
6863
6513
6167
5900
5785
5755
5260
5180
5099
5
5
20
24
23
23
45
6
69
63
41
10
20
18
6
5
7
71
136
6
19
6
21
25
49
6
21
24
236
5
5
86
119
27
25
35
11
9
42
9
10
9
9
6
13
5
6
21
200
51
40
37
17
5
50
5
100
17
96
7
5
5
123
14
6
5
170
6
12
263
473
5
487
14
286
244
5
142
34
6
19
48
5
5
8
6
43
73
146
5
19
101
5
33
5
24
286
5
26
17
35
28
35
13
16
152
20
337
145
13
9
137
5
5
6
6
9
143
19
16
5
12
8
272
46
12
221
233
36
41
251
10
5
893
879
5
267
19
32
22
35
41
18
5
570
522
393
389
185
8
9
5
428
425
120
10
11
37
25
24
5
5
38
538
5
5
1194
998
1081
90
35
81
36
13
975
849
164
810
605
751
283
5
698
12
15
470
468
385
402
895
95
328
715
9
422
13
12
311
14
11
49
36
86
19
27
461
327
55
20
198
6
116
362
305
526
239
11
129
88
475
401
20
9
27
37
280
66
68
18
9
120
5
31
852
130
585
5
60
488
479
139
109
15
9
12
130
248
63
48
13
5
11
29
50
126
15
42
905
802
34
229
182
103
874
491
257
198
367
55
15
333
9
29
23
8
738
176
65
87
80
15
6
90
7
125
5
345
323
196
132
48
17
156
326
310
1391
1043
24
860
708
21
6
5
5
809
1004
35
84
77
32
10
1018
421
117
116
444
5
129
23
133
12
5
31
9
78
16
10
30
71
26
903
28
154
34
5
7
5
315
11
24
8
75
147
1023
47
75
942
926
809
2219
271
1408
25
5
10
52
14
23
258
12
63
320
299
818
673
475
121
1547
133
1145
1061
5
851
419
231
352
156
112
7
553
289
262
454
303
136
13
50
5
26
156
94
5
26
450
5
17
19
25
23
25
424
1826
1740
6
17
19
33
40
6
5
5
80
16
11
31
36
11
86
11
10
263
22
88
32
75
92
841
574
5
96
181
94
14
5
190
5
19
6
7
3519
3414
3195
222
9
3155
18
37
2859
2781
2377
2035
1564
1500
6
9
35
38
37
9
5
225
120
10
8
160
5
146
12
112
1172
542
10
451
256
9
110
8
32
87
1186
309
2296
236
212
198
70
414
237
2200
1317
1175
988
2074
18
993
607
560
29
385
26
8
10
349
6
351
104
30
15
13
27
1287
5
1087
612
421
6
27
6
8
10
10
1350
87
41
9
29
1009
5
533
359
73
5
23
6
39
2823
8
360
6
2920
5
2930
2890
2785
3547
9
12
25
3479
5
15
3206
35
16
2901
20
2267
61
2158
1945
1910
5
48
1811
483
1780
98
776
534
462
51
374
4176
26
81
31
3037
2746
18
27
2500
5
2436
402
40
143
2289
150
24
17
124
149
2079
5
4339
4153
3572
3175
2718
53
2539
2407
1987
343
62
1188
35
15
21
1112
726
49
8
14
2187
1798
1093
1094
11
5
159
920
652
94
2126
2065
1814
1243
1244
1004
852
538
383
330
219
115
384
468
461
262
237
1799
1650
1617
1388
1311
1139
328
4543
4235
4209
3992
3636
3605
3072
2758
2143
1848
1708
1553
1547
1530
1264
768
590
446
428
417
1829
1709
542
548
4612
4089
3413
2798
1229
1106
2848
2456
2398
2380
1297
1186
862
629
530
490
802
740
644
959
767
937
934
721
2183
2158
1535
1474
1466
1437
1414
1223
1175
1356
996
1259
1183
999
3614
767
2990
732
2923
2900
2497
2460
2336
2130
2009
1560
1357
1301
1168
3906
3807
3759
3584
3334
3085
2885
2798
2540
2150
2048
2007
1919
1846
1800
1163
888
4148
3971
3608
3253
3158
3144
2658
2563
2494
2471
2337
2043
1929
1207
5757
5725
5078
4917
4496
4457
4289
4125
4040
3358
2829
2175
1340
3903
3874
3293
2959
2644
2357
2015
1849
1376
1599
4653
4300
3819
3798
3784
2966
2774
2675
2605
2530
1608
1338
1779
5625
5367
5192
5038
4981
4669
4614
4596
4566
3816
3671
3238
2919
2751
2342
2111
1923
1904
1598
1589
4184
3779
2417
2327
2178
1876
1750
1573
4951
4698
3409
2887
2852
2783
2457
2250
2048
4526
4361
3480
3096
3043
2866
2380
2362
1833
6040
5645
5632
4847
4516
4398
4400
4106
3575
3403
3037
3018
2952
2462
2423
3902
3814
3712
3627
3404
3391
3180
2354
2306
2212
6312
5988
5346
5339
4852
4498
4491
3636
2666
2531
6026
5371
4904
4853
4815
3555
3546
3376
2676
7111
7047
6976
6887
6661
6561
6413
6335
5840
5693
5412
5360
5221
5210
4956
4317
4134
4050
3847
3815
3727
3544
3445
3140
2983
2878
2769
7430
7223
6133
6080
5936
5567
4702
3951
3950
3936
3645
3593
3242
2884
5075
5013
4873
4620
4551
4462
4396
4367
4370
4356
4154
4000
3212
3159
3157
2995
2994
6396
6106
5919
5752
5510
5332
4432
3898
7750
7479
6915
6522
6019
6016
5749
5585
4899
4632
3912
3815
3740
3482
3249
7381
6909
5616
5022
5000
3769
3752
3639
3624
3382
7546
7399
7377
6090
5988
5766
5477
5188
5125
5028
4470
4267
3995
3667
3665
12209
11636
11266
10991
10583
10295
9925
9680
9370
9243
9192
9185
5
5
6
13
6
38
37
18
47
61
5
97
22
5
6
6
45
66
55
35
5
5
71
60
74
8
67
217
5
93
64
7
44
5
31
5
243
84
16
9
5
11
20
18
18
6
37
23
5
48
128
16
159
8
54
6
94
22
5
11
6
6
7
5
5
9
8
27
5
98
284
15
21
40
31
507
10
158
310
28
7
50
6
6
16
77
122
33
6
27
131
36
29
47
345
6
15
21
294
9
14
12
11
16
121
30
5
5
397
14
17
5
6
216
133
348
27
42
759
5
5
674
665
373
6
41
16
18
390
346
14
53
52
8
105
5
14
56
24
5
43
30
5
59
7
47
456
376
136
377
69
8
30
6
14
21
8
13
25
5
25
126
5
213
16
15
33
8
30
5
18
182
11
5
422
8
47
386
81
26
5
5
511
14
5
280
426
93
292
79
14
60
57
32
5
93
15
21
5
34
249
5
9
12
16
7
12
5
15
10
69
24
15
10
28
125
6
6
9
6
12
26
6
196
573
171
77
9
1803
1687
1625
15
7
5
39
385
334
307
412
18
35
39
7
5
266
5
15
7
740
9
5
5
5
8
214
10
14
127
232
768
32
51
46
28
522
616
222
135
91
93
285
76
5
42
78
15
47
441
121
20
21
14
151
6
43
204
183
1214
129
1213
1072
130
11
227
820
176
6
29
5
351
160
24
1512
174
58
1461
238
74
48
27
333
15
33
6
317
77
7
36
58
45
388
267
43
51
296
152
71
435
105
71
8
263
20
15
17
8
698
646
591
6
239
196
5
54
419
24
1831
1573
1352
6
18
47
35
91
268
94
1275
24
26
39
20
36
17
28
9
5
87
154
98
181
131
5
5
281
20
13
6
1387
1019
26
48
109
990
9
35
20
5
51
927
619
872
5
14
76
48
18
841
8
774
83
5
502
598
296
32
36
30
22
21
615
9
20
231
5
232
5
284
145
2242
1873
1216
5
76
67
974
202
181
50
662
212
9
76
401
130
2170
2072
1220
910
11
39
639
5
17
376
76
32
63
90
7
5
5
2541
2518
1961
1708
10
1630
1231
1532
1159
796
14
13
683
51
83
42
101
87
8
91
1015
18
5
25
969
194
5
22
5
63
6
1067
27
5
54
9
21
37
6
31
15
33
22
47
987
262
224
233
87
15
19
130
113
5
8
8
6
146
9
4067
4018
14
3635
1820
14
11
1675
979
11
410
6
8
375
1604
304
45
6
1533
40
19
52
5
5
13
9
6
5
1400
1349
1342
1175
42
1174
133
1140
6
1150
165
66
5
6
9
8
441
5
53
9
9
925
763
704
12
702
24
18
684
618
8
9
63
36
21
16
131
9
6
5
5
5
5
12
17
5
10
18
776
35
3699
3223
31
2385
2059
5
16
1913
8
638
261
83
5
8
12
16
124
12
490
7
1988
1548
1525
1445
28
2600
2310
26
6
17
28
16
2129
14
1913
1831
1027
70
5
78
892
659
6
1590
14
1365
5
629
48
342
1928
15
1885
5
1011
120
16
30
418
343
22
10
4016
53
17
36
146
74
19
9
7
5
333
7
221
7
76
1426
6
12
395
5
261
6
110
37
335
16
834
10
12
20
9
7
29
5
7
7
531
304
203
5
7
5
801
5
627
23
556
7
538
162
15
398
263
630
505
398
323
261
261
3923
2927
2809
1672
1410
1276
1124
1035
881
159
159
188
3487
3338
3221
3151
2839
2837
2180
2086
1565
1286
1187
1105
1101
880
464
377
4237
4056
3704
3629
3576
3410
2946
2778
2148
1002
4377
4314
4212
3090
2894
2472
2467
2467
2256
2208
1859
1419
1239
1025
881
709
3796
3755
3760
3616
3426
2801
2301
2251
2138
2129
2014
1103
955
4596
4435
4147
3838
3692
3187
3149
2041
1741
711
713
711
1027
2984
2322
2137
2064
1809
1772
1463
1307
1218
1209
945
949
739
2313
2295
1495
1006
730
4379
3985
3779
3602
3514
2585
2300
1981
1935
1885
1557
3484
3060
2635
2441
1835
1605
1382
3715
3247
2920
2263
1845
1803
1518
1498
1462
1341
4791
4208
3853
3603
3225
2265
2043
5589
5423
5385
5183
5161
4325
3702
2960
2580
2135
2044
1729
1639
1525
1212
5489
5221
5133
5015
4796
4466
4407
4252
4136
3782
2458
2017
1826
1406
6554
4848
4592
4005
3656
3185
3171
2382
2094
1505
3312
2179
4046
3499
3477
3408
3172
2721
2575
2386
2156
6103
6074
5871
5839
5614
5292
4720
4002
3885
3632
3597
3089
2793
2776
2779
2513
2429
2092
2061
7107
6731
6388
6306
6219
5393
5372
5264
4769
4633
4266
3267
2884
2835
4301
4042
3517
3317
2445
2326
2160
2505
2251
6397
6156
5850
4987
4630
4624
2523
2264
6533
6390
6019
5965
5927
4798
4401
3811
3718
3455
3260
3046
2542
2544
2326
3082
3003
2891
2516
5394
5362
5205
5195
4427
4099
7974
7890
7378
7379
6539
6202
5604
5119
4896
4304
4228
4108
10260
9976
9692
9618
9195
9175
8642
8517
8197
7730
7709
7601
7381
6792
6795
6270
5994
5905
5829
5812
5548
5
8
17
22
9
5
6
7
10
32
32
5
5
15
5
5
5
5
18
17
55
17
55
60
98
170
38
47
30
109
27
47
84
99
80
178
243
20
141
77
95
34
34
107
25
13
24
5
10
322
6
26
9
9
261
149
9
154
17
283
244
157
5
19
19
17
19
51
69
72
16
65
5
6
10
88
9
6
50
143
5
153
6
8
5
8
184
23
14
15
19
10
11
69
6
101
50
7
5
6
18
23
6
86
10
13
113
10
5
17
9
27
48
25
6
10
5
29
24
5
284
53
10
31
15
8
70
46
65
5
280
9
58
28
6
18
26
18
5
10
8
347
6
5
15
259
85
6
5
50
6
5
11
5
110
20
27
173
42
6
5
28
13
8
25
56
560
18
11
29
496
486
411
12
7
5
185
738
254
6
5
279
137
120
5
6
20
33
5
11
15
66
5
5
76
12
118
6
14
5
657
72
636
5
10
5
9
5
28
14
248
24
13
46
1107
443
175
24
74
46
18
316
126
6
19
1706
811
302
1129
776
172
761
472
200
139
9
15
56
17
45
5
81
26
695
27
13
35
56
509
427
8
659
148
113
5
484
215
551
6
951
9
21
801
626
43
52
12
25
532
5
520
5
432
21
16
19
9
5
686
9
696
81
27
629
511
490
371
14
22
16
26
18
13
29
38
8
2228
85
26
8
42
5
18
1865
1607
5
5
47
96
1193
247
1155
6
989
10
18
8
83
9
82
802
569
568
9
8
160
148
8
9
9
7
2232
13
17
13
1926
9
5
5
12
10
9
5
10
1974
21
34
1087
1001
6
53
9
504
37
5
13
42
41
46
36
72
19
258
70
83
60
13
580
26
14
552
301
1530
31
89
5
1810
1720
1392
15
7
9
24
23
18
154
9
158
115
9
160
308
13
25
669
432
185
185
69
533
21
543
573
168
15
9
434
374
37
59
16
18
21
6
46
27
22
3092
293
23
8
12
2145
64
10
22
1690
15
8
83
32
98
65
1962
1900
5
8
100
1534
12
10
2751
14
8
74
5
92
14
318
59
17
6
130
962
900
680
191
30
15
2806
45
13
2195
3680
14
16
2119
29
120
1751
11
1713
1718
1463
24
1369
1174
904
5
9
7
401
23
9
319
5
320
146
384
321
256
22
5
1758
1488
1294
12
1181
673
608
1301
214
13
37
175
34
6
150
458
377
5
7
10
377
5
1035
850
767
761
5
14
607
2393
144
10
9
2324
2278
2061
5
2107
6
30
2017
1898
1362
2111
726
1020
17
751
547
3801
2857
2788
27
131
129
121
35
5
16
5
15
254
5
2268
20
1909
80
1043
609
6
29
70
515
175
91
8
93
30
179
145
10
17
27
170
5
6
18
878
616
477
6
5
24
41
13
396
282
41
265
9
5
26
13
8
8
48
638
608
519
518
81
9
5
5
35
422
7
5
9
38
9
57
7
9
5
8
8
10
14
22
32
9
3757
3450
3417
6
3307
20
3227
85
2993
2156
2135
69
5
14
41
39
8
47
22
5
9
7
92
8
5
17
20
7
5
226
5
10
159
23
29
120
34
40
5
9
9
5
9
1993
1690
1494
1350
115
74
55
2376
2210
2056
2001
1954
1733
1675
1528
1456
917
818
566
483
360
163
1710
1693
1125
500
3813
3511
2557
1984
1882
1162
408
272
1924
1812
1535
1515
1478
1445
1161
983
538
507
357
1525
1463
1220
1088
1031
981
403
338
1897
1830
1651
1481
1427
4928
4759
4749
4502
3689
2583
2398
1822
1372
1364
5406
4983
4862
4173
4042
3869
3165
2822
2658
2516
1667
1671
1251
995
963
765
2825
2751
2597
2296
1415
5256
5252
4795
4653
4558
4538
3510
3374
3319
2970
2464
2149
2102
1804
1699
1668
3413
2708
2314
1650
1225
778
5965
5739
5321
5209
4831
4795
4410
4275
3816
3659
3393
2272
2257
2103
1892
1654
1640
1040
3102
2973
2878
2697
2181
1559
3997
3993
3853
3466
3373
3278
3135
2868
2733
2717
1793
1457
2227
2143
1970
1881
1394
6289
5973
4993
3961
3792
2141
1642
1344
3030
2882
2316
2014
1890
1388
3542
2909
2660
2489
2174
1915
1538
1476
3595
3449
2735
2665
2550
2437
4149
3220
3164
3060
3015
2102
1891
1552
1489
3618
3498
3457
3039
3004
2783
1821
7244
7188
6644
5247
5012
4757
4143
4044
3824
3823
3792
3667
3621
3524
3260
2583
2450
2340
7434
6854
6424
6274
5723
5475
5288
5191
4992
4597
4283
3983
3651
2928
7515
6935
6466
5966
5946
5841
5393
5270
5231
4932
4438
3851
3120
4963
4369
4285
4228
4186
3749
3631
3553
3272
3252
2683
7940
7725
7415
7383
7095
6370
6156
5178
5133
4873
4485
4014
4004
3256
3084
5537
5462
4781
4747
4596
4204
3779
5125
5006
4493
3930
3813
8726
8160
7900
6667
6612
6544
5213
4527
4130
4002
3698
8407
7851
7767
7601
6520
5782
5617
5519
5335
4822
10017
9054
8837
8618
8507
8356
7893
7846
7624
6940
6352
5709
5612
5306
5197
5147
10358
10233
10132
9555
8924
8001
7475
7339
7111
6361
6038
5965
5961
5952
5713
5628
5
5
9
5
9
5
10
17
5
8
5
15
6
17
5
12
10
15
11
75
22
30
106
19
20
7
5
5
56
118
23
40
36
5
66
14
21
102
70
14
16
13
95
325
51
299
93
25
161
9
14
5
5
13
5
5
356
5
94
21
6
6
20
39
42
5
66
78
33
488
58
98
113
437
18
31
12
15
50
5
70
56
21
11
246
6
31
123
6
145
37
14
5
36
269
59
37
13
5
5
48
101
42
18
27
170
11
83
93
218
6
67
41
43
715
39
40
221
774
30
729
672
6
29
149
48
6
20
5
9
12
212
672
5
12
120
583
404
120
75
97
152
6
462
6
261
215
183
93
6
155
100
18
9
619
13
71
288
18
11
103
61
27
14
34
97
138
22
583
485
687
180
28
444
25
612
526
79
6
40
266
104
91
128
10
419
121
186
123
1068
53
70
70
830
5
294
6
10
644
5
14
320
6
126
36
82
8
487
49
245
164
1026
847
490
436
1034
938
27
375
5
806
1044
6
9
191
6
5
27
39
116
7
9
210
83
13
5
970
154
24
936
21
297
60
10
381
51
6
15
56
5
125
31
31
1717
1576
439
6
783
1293
285
6
58
64
54
8
12
145
156
45
8
1504
301
1231
1535
1407
63
88
1410
33
1128
572
37
29
23
44
449
207
17
888
284
144
26
18
7
5
5
344
207
124
15
5
16
173
5
5
20
20
106
8
5
1491
1004
11
551
105
1919
18
564
118
2371
322
34
13
1651
160
855
800
112
5
6
6
10
15
147
5
57
630
422
365
43
86
175
68
52
6
6
5
22
1650
15
43
101
804
702
1482
1320
1177
849
502
110
273
24
614
42
878
50
57
118
5
17
1334
1127
1083
6
7
5
161
197
473
26
8
5
39
6
161
1049
806
1098
1757
922
40
696
6
664
562
87
72
9
36
27
5
8
1177
20
9
1987
13
14
13
9
21
9
5
6
649
5
19
14
16
6
5
8
656
490
142
103
15
11
36
5
8
7
266
206
170
21
24
110
30
9
42
42
52
41
154
985
232
212
15
2279
2157
63
23
1954
63
263
9
1916
1089
760
571
819
378
64
300
152
94
1188
119
1077
5
117
9
53
10
16
7
6
666
585
248
13
5
12
34
257
1299
5
11
6
8
665
256
1575
1396
1187
798
36
698
233
50
843
770
581
535
710
5
151
325
5
55
363
339
49
17
5
53
59
71
84
539
87
70
35
5
269
10
265
119
194
6
7
5
15
20
378
370
9
9
9
403
49
13
28
5
10
16
9
6
8
5
5
5
6
893
16
14
5
431
367
363
15
5
3123
3086
12
32
19
50
14
15
3060
1472
20
1297
1224
959
15
75
943
12
513
5
6
29
316
7
9
127
5
11
22
78
26
72
154
49
40
5
8
3424
3022
2937
12
2730
2550
3961
2254
18
2191
18
1954
9
330
6
5
39
5
5
28
1582
10
1283
23
692
515
6
69
35
38
964
44
42
45
779
125
6
258
40
33
28
46
20
358
8
149
994
576
488
435
396
8
14
215
209
91
1106
1002
977
719
5088
280
4979
4747
4310
4094
3591
4222
4147
3360
453
3341
3287
3146
2845
2702
2649
2015
1762
1618
1471
1458
1305
774
242
514
356
423
3132
2949
2916
2759
1982
1055
866
833
1887
1627
1521
979
896
829
594
583
565
518
4427
4321
3509
3508
2968
2825
2808
2452
2369
1553
1552
576
521
4226
3909
3431
2757
2490
2285
2259
2143
2025
1847
1414
1113
878
833
571
5247
5153
5060
4767
4415
4299
4242
4054
3442
3056
2518
2041
2043
1532
1285
1139
842
1544
1158
958
720
3128
2921
2456
2365
2192
1756
1584
1041
4939
4919
3419
3294
3197
3188
3078
2820
2790
2447
2296
1382
1303
988
982
952
4578
4406
4266
2915
2753
2564
2099
2014
1773
1557
1476
1382
1260
3835
3761
3715
3653
3527
3465
3100
2394
1917
1361
3092
2429
2373
2142
1873
1494
4315
3491
3057
3007
2941
2197
5139
4026
3361
3238
2715
2510
2168
1783
1538
3226
2914
2711
1739
6442
6440
6409
6026
4952
4834
4093
3506
3231
3114
3022
2684
2401
2039
1699
6693
6449
4428
4358
4334
4319
3884
3207
3087
2975
2977
1947
2843
2628
2245
5414
5018
5006
4350
4227
4218
3275
3027
2443
1876
6257
5730
5442
5157
4877
4576
4410
4308
4251
4023
3963
3855
3801
3674
3438
3250
2320
6586
6143
5811
5757
5658
5017
5005
4134
2904
2386
2379
2089
6206
6121
3661
3430
3294
2958
2629
2396
2342
4424
4207
2680
2275
3937
3776
3698
3669
3641
3643
3470
6472
6122
5981
5760
5654
5413
4618
4541
4518
4348
3964
3784
3632
3583
3055
3015
5050
4703
4646
3842
3622
3496
3280
2914
2769
5147
4973
4731
4400
3995
3963
3860
3710
9264
9219
8599
8440
8206
8096
7584
7152
7110
6897
6460
6462
6388
6268
6160
5029
10536
10505
9857
9532
9196
8653
7910
7661
7612
7338
7200
6706
6704
6597
6370
12868
12555
12499
12466
12203
12105
11813
11157
10971
10854
10498
10502
10441
10367
9678
9601
9188
8933
8654
8125
5
6
5
12
19
19
21
19
44
37
45
7
9
6
12
21
8
15
12
6
23
22
6
13
46
18
22
5
68
64
26
17
6
5
5
21
35
6
5
110
151
18
36
41
5
149
6
12
143
11
5
27
20
70
21
44
140
9
7
252
15
380
241
451
14
163
6
5
21
103
5
18
403
298
10
302
264
179
28
16
12
55
201
85
67
592
20
5
33
134
146
265
190
69
34
13
47
207
126
15
23
343
25
15
277
21
763
695
789
19
132
176
81
70
128
10
681
55
194
198
13
648
798
117
10
11
84
264
706
28
5
825
36
170
50
10
28
419
13
345
169
11
212
357
317
1134
24
377
213
221
44
5
551
18
10
5
30
555
48
5
9
53
15
30
150
9
13
150
120
5
43
5
99
103
1260
353
1146
22
752
950
263
666
238
10
21
5
18
13
137
473
434
9
6
34
364
107
170
720
68
216
30
5
7
5
7
7
9
8
11
12
14
285
257
82
229
8
5
1310
1612
5
556
1158
1322
1405
5
9
917
1101
983
1414
10
32
13
7
1558
1288
15
1017
40
9
69
14
48
39
12
18
861
826
5
292
31
37
9
41
45
80
5
9
889
804
183
164
87
12
625
527
55
38
19
1994
1113
19
13
16
1098
1093
823
435
587
1935
1706
1441
18
1079
540
18
5
32
8
5
8
8
67
7
1702
1004
5
8
6
14
575
540
5
1031
9
186
84
24
8
115
5
96
24
11
1085
5
50
28
2346
2488
2304
170
42
2054
2335
2272
9
1980
105
17
1732
130
1402
9
11
12
15
69
7
1136
1097
365
297
191
197
131
380
168
109
17
10
904
879
389
71
106
47
5
55
93
46
12
17
12
2054
517
1596
71
311
102
1675
5
6
40
7
33
108
5
113
519
97
107
32
8
100
80
88
18
5
1787
219
1714
231
859
18
866
825
768
258
503
1759
20
84
29
28
2758
2315
1383
1370
2554
1185
6
1120
1109
1048
1776
1222
1131
98
935
465
44
597
525
1187
42
481
235
857
627
16
24
1049
6
6
369
308
19
922
501
354
5
1647
1561
1417
6
14
842
5
16
2447
2430
2282
1982
1972
1249
13
824
1702
422
15
1034
818
42
581
517
42
82
44
483
5
252
27
169
12
14
9
118
8
587
490
359
151
12
33
14
934
825
8
5
256
241
3232
3091
5
2869
2781
5
2289
1924
9
1842
1784
1566
1354
5
1079
24
997
722
550
141
31
42
7
46
5
7
3951
3449
6
25
35
52
9
15
2465
201
54
96
89
28
2381
1362
25
12
1246
1108
719
694
97
542
1541
341
14
1567
5
1415
48
262
12
8
105
6
3792
11
506
91
30
29
425
9
291
156
119
32
350
113
5
297
156
132
5
9
5
3577
3557
110
3451
6
5
3260
3230
49
6
7
3843
3980
3898
13
15
26
3825
3843
3601
2948
42
2962
3606
2431
3886
3666
2295
1921
1843
662
192
3368
656
418
3313
3282
2975
2599
2808
2416
1468
274
338
2529
1228
2041
1646
1288
968
852
1162
1064
1032
823
785
223
573
330
617
308
303
804
545
2808
2583
2120
1617
1325
1298
1231
1227
935
926
712
3729
3586
2111
2016
1725
1083
985
859
537
631
4523
4487
4211
3643
3115
2773
2444
2287
2178
1606
1500
1501
1478
1350
2520
2523
2039
1954
1706
5157
840
5143
4776
3842
3627
3616
2773
2668
2182
1946
1841
1627
1157
3472
2952
2955
2456
2082
1797
1705
1349
963
876
812
1183
984
5462
5180
4833
4796
4321
4311
3945
3845
3355
2195
1783
1561
1248
1112
1080
1029
1932
1838
1714
1272
992
2321
1351
1288
2872
2633
2336
1916
1643
1421
1289
1235
1022
1014
1020
959
4830
4777
4604
3885
3120
2294
2260
3116
2265
2247
5305
5108
1931
1804
1726
1709
4865
4734
4322
4033
3874
3411
3268
2927
2561
1630
1299
1301
2382
2187
2067
1531
1174
3590
3589
3252
2431
2368
2299
2123
2120
3655
3577
3505
3391
3296
3252
2733
2441
1881
1672
1517
1369
1609
3890
3015
2896
1884
1849
1928
1872
3969
3413
3328
3005
2897
2870
2699
2372
1987
6302
6175
6067
5609
5607
5541
5177
4746
4712
4712
4633
4456
4294
3603
3571
2897
2167
1964
1939
1880
1740
4662
4620
4465
3459
2650
1798
4576
3892
3762
3706
3664
3622
3587
2802
2775
2540
2514
4011
3932
3689
3607
3373
3150
3129
2996
2972
2780
2669
2481
2033
3587
3184
2879
2416
2280
2268
4784
4635
4072
3997
3949
3120
2936
2396
2368
6489
6371
5544
4507
4299
3733
3599
3521
3238
3234
3219
2510
5628
5613
4774
4565
4011
3356
2866
2687
6651
6581
6557
6250
5947
5859
5835
5618
4894
4846
4849
4132
3926
3855
3599
3424
3242
3205
3128
2899
4953
4763
4063
3749
3630
3585
3404
3351
3260
3254
3090
7476
7059
6867
6322
6080
5467
5329
5192
4497
3905
3492
3402
3018
5705
5094
4550
3575
3418
3069
5611
5499
4229
4071
4600
7670
7588
7389
6536
6391
6381
6155
5694
5519
5379
5381
5318
5078
4954
4821
4739
9209
8856
8722
8523
8231
8212
8194
7962
7625
7444
7417
6820
6526
6189
5929
5427
10616
10509
10500
9918
8951
8930
7870
7864
7394
7120
6937
6675
6345
6260
6092
5
9
14
8
5
5
6
16
21
9
5
22
15
29
18
5
34
9
10
210
6
159
119
6
12
13
21
5
32
32
9
223
6
41
5
5
273
20
289
18
6
30
134
5
47
8
175
47
17
380
22
15
16
11
6
39
123
38
5
9
128
38
5
100
10
5
360
525
259
199
29
413
56
523
427
308
5
34
52
186
5
170
132
113
258
471
230
188
636
12
28
165
32
63
153
18
84
774
5
564
22
524
154
38
272
95
818
675
251
12
452
887
394
180
81
273
900
772
51
132
22
11
1014
406
554
48
724
5
666
97
538
68
148
105
100
32
24
165
237
223
218
5
10
206
66
155
5
1125
1055
248
5
16
5
30
59
1085
973
18
529
426
110
40
97
12
15
5
5
221
249
190
202
1364
951
939
844
183
194
23
687
95
47
18
41
24
81
41
27
27
1140
35
824
723
372
155
58
7
131
222
110
555
20
465
677
639
605
428
463
700
36
65
5
12
5
7
334
8
5
273
6
29
123
7
5
1418
226
69
36
5
1501
19
5
31
20
229
46
213
194
43
62
155
125
53
33
154
125
677
499
131
5
1580
1548
1410
1493
1070
1231
34
185
62
11
28
62
5
514
443
376
759
6
11
134
6
44
9
765
83
89
18
62
303
6
16
181
594
173
18
9
2257
853
262
11
10
52
33
591
51
5
6
534
401
62
306
5
32
17
5
1934
17
1692
1676
1314
1186
984
61
225
15
10
29
90
361
306
5
110
321
2099
71
5
2095
2351
41
12
5
2332
2043
38
8
5
5
13
6
101
2638
2076
1425
1310
23
1650
11
6
9
1237
1391
913
10
5
36
5
5
2785
2338
529
6
27
129
83
2893
470
2889
2824
2099
5
13
23
32
2820
17
5
78
270
87
13
122
396
10
308
59
16
10
12
1355
813
784
58
104
19
313
216
280
109
422
15
61
5
37
35
8
8
5
54
111
60
263
10
26
492
355
23
6
363
86
247
284
259
9
100
786
12
17
6
5
459
327
42
53
20
18
8
5
7
377
322
523
188
23
337
6
164
6
6
9
48
7
21
3087
50
31
5
88
30
6
16
40
5
3151
3061
2813
6
2764
22
5
13
13
56
9
18
5
7
84
15
9
31
5
24
5
24
9
6
9
6
2494
2405
20
20
9
17
31
13
22
2069
6
75
25
7
5
53
6
439
8
5
22
6
146
23
3709
3611
3286
3285
130
32
6
5
7
13
63
12
43
5
2059
2063
303
20
13
38
3396
3242
2582
2553
5
15
2527
2509
2929
2873
21
2214
22
28
7
402
54
6
5
48
8
2782
2653
2211
2094
14
12
13
645
397
126
1892
45
351
1249
18
8
367
17
24
119
11
34
13
5
1302
129
1217
40
2666
2436
55
45
2353
2251
2239
1696
1579
1476
10
5
23
16
15
1393
5
297
53
18
6
5
186
489
298
111
21
26
5
8
242
83
21
16
8
59
392
340
299
2451
2309
1472
422
4001
3215
2914
2148
1998
1875
1640
1232
725
175
929
213
178
3504
3277
1715
1608
1165
1055
4924
4716
4659
4643
4234
1950
1477
1389
1356
726
677
455
3048
3019
2728
2244
2183
1992
960
962
497
4361
4255
3523
3375
2674
2409
2147
2140
1948
503
4143
3488
3024
2880
2671
2418
2343
2081
1934
1692
1409
1210
846
5315
4943
4765
3894
3768
3674
3137
1835
1706
1473
1139
830
4601
4382
4327
4253
3817
3460
2737
2601
2396
2274
1795
1441
1301
1277
1080
972
1782
1383
1332
1305
5428
4358
3964
3943
3698
3556
3476
2575
1995
1956
1888
1027
4709
4676
4452
4434
3997
3994
3803
3737
3739
3229
3002
2771
2708
2661
2634
2311
2254
2217
2089
1764
1583
1514
1350
1205
1194
1748
1729
3276
3157
2945
2237
1658
1529
1999
1803
1752
1667
1596
1498
1398
4614
4538
4513
4310
4301
4156
3965
3951
3599
3325
3103
2487
2316
1753
4893
4035
2729
2442
1640
5801
5168
4715
4595
4490
4449
4407
3169
2551
2390
2164
2161
1913
1647
1446
3589
2973
2734
2731
2577
1943
1895
1853
1852
1812
3636
3084
2844
2627
2526
2361
2290
2077
2021
1962
1951
1738
5788
5750
5482
5034
4568
4068
3531
3491
3372
3003
2003
5482
4750
4730
4053
4037
3736
3655
3439
3151
2584
2290
1865
6391
6262
5957
5591
5424
4882
4449
4420
3591
3519
3206
3005
3002
2925
2663
3824
3810
3086
2334
6963
6126
6127
5994
5682
5609
5523
5374
5196
4932
4861
4323
4187
3811
3571
3575
3464
2980
6950
6749
6588
6392
5841
5184
4787
4337
4312
3445
3084
2974
7281
7242
6966
6867
6212
5856
5748
3871
3547
3409
3387
3382
3171
2904
7406
6671
6364
6179
5906
5544
5206
5067
4937
4850
4570
4477
3992
3717
3413
3347
3159
8131
8102
8105
8043
7988
7501
7488
7291
7230
7156
6961
6570
6228
6215
5307
5241
4406
4346
8961
8872
8837
8818
8596
8516
7971
7447
6904
6689
6011
5939
5900
5767
5428
5028
5008
9087
8581
8270
8124
8054
8033
7098
5778
5535
5141
4944
10314
10054
9718
9685
9491
9327
9314
9229
8778
8285
8248
8153
7757
7639
7640
7287
6853
6784
9329
9297
7844
7733
7684
7231
7158
5
5
5
10
11
14
5
12
58
25
57
59
23
69
10
111
42
80
147
35
6
11
190
20
20
13
13
48
12
116
16
28
14
16
301
5
5
180
351
5
23
44
18
79
5
9
111
340
274
169
22
143
335
300
464
72
49
13
6
66
11
99
497
269
97
15
165
379
5
77
60
19
14
48
233
615
107
11
5
261
182
477
10
14
496
5
691
193
7
512
769
250
71
113
95
19
43
174
139
140
120
413
327
26
38
16
407
152
962
6
22
42
16
40
11
86
52
105
19
98
237
7
5
261
154
168
151
10
148
276
5
95
131
39
222
227
179
8
380
5
181
19
7
508
12
8
8
5
931
9
5
5
1330
887
215
1271
1211
218
9
1394
11
1353
1269
18
6
5
44
1275
1241
815
23
18
122
68
146
6
46
78
13
6
11
423
394
120
14
17
25
17
14
29
207
13
8
5
1163
204
1685
1690
1567
1411
8
1349
1341
494
6
5
18
11
6
19
21
15
48
54
6
5
9
20
5
1708
27
1710
56
1156
38
26
525
1209
5
1026
636
246
10
110
248
88
170
24
1468
590
5
69
1214
886
694
21
5
13
177
44
19
19
2130
405
55
21
2080
1963
9
19
1750
5
1738
1506
207
6
21
425
46
21
38
35
202
7
139
47
6
5
80
1526
1166
1080
931
873
793
554
332
330
291
153
247
9
178
22
14
50
59
373
71
8
78
44
48
537
9
5
145
6
95
64
35
300
106
61
580
12
8
6
13
5
5
9
83
515
5
70
50
108
65
5
7
8
6
2273
2169
1869
1216
373
11
5
205
151
26
51
15
7
61
11
783
5
778
972
739
30
5
663
662
432
172
163
5
13
9
5
56
2697
28
25
2270
20
44
8
620
161
350
13
27
31
277
1068
218
12
27
1011
809
193
5
59
48
9
455
3006
112
43
2826
29
2349
2622
2244
2238
2196
2627
6
5
24
86
270
1836
53
44
5
90
1639
65
1198
135
90
288
1649
5
1151
1043
43
778
2666
91
1990
22
1992
2360
1724
1157
1012
1887
165
20
346
59
5
5
381
5
15
220
177
165
26
978
979
517
14
79
216
16
186
7
561
387
120
380
28
44
46
46
5
205
126
6
291
130
1023
5
681
264
14
5
5
672
302
504
12
390
409
31
17
19
5
8
1267
15
3376
1019
73
2287
2039
43
1815
1511
1367
2211
84
576
22
2190
1419
1289
1249
13
3452
738
398
47
390
89
1238
68
23
6
12
6
5
319
24
290
125
18
287
20
27
66
22
1090
3346
211
12
8
77
98
96
20
39
180
14
44
146
2600
2453
69
1922
5
34
15
18
3758
3612
282
7
31
3564
3422
3381
3307
5
3086
6
2135
125
32
1562
43
1382
1002
8
666
43
448
27
10
113
80
430
237
5
424
371
899
8
893
794
463
82
14
324
810
734
58
7
5
6
15
8
1145
8
4927
911
43
9
23
794
520
50
936
69
449
5
20
638
5
557
4187
10
43
31
33
1026
414
69
52
89
97
8
9
5
6
728
195
12
18
4171
3962
2607
2270
6
1974
1441
1372
1267
850
16
725
68
11
56
90
17
336
8
12
28
25
1978
1632
1464
69
719
1878
1807
1204
86
84
107
968
410
130
755
558
384
285
2006
1903
1860
583
5425
4656
4442
4346
4195
3568
3096
2955
2836
2501
2372
2062
1513
4213
3569
3043
2594
2561
2403
2303
2246
2245
2228
949
942
751
596
587
539
815
801
713
369
3485
3399
3119
2455
2358
2268
2253
2165
2141
1598
1435
1137
1543
1404
1304
838
5857
4899
4049
3872
3065
3033
2480
2483
2068
1694
1007
845
599
4240
4075
4007
3972
3400
3325
3311
2867
2782
2405
1865
1376
4005
3635
3628
3547
3529
3413
3210
3029
2880
2194
1918
1669
1606
1162
813
810
5635
5482
5119
5055
4241
3755
3445
3383
3318
3077
2732
2085
1451
4129
2975
2528
2463
2043
1783
1672
1638
1232
4752
4433
4207
4014
3904
2949
2173
1842
1568
2682
2298
1858
1101
2358
2350
2044
1747
1123
1118
3182
2696
2056
1980
1975
1873
1413
6144
4836
4814
4594
2998
1942
4427
4181
4122
4102
3554
3349
3075
1636
1579
1471
1322
1401
3297
3287
3259
2967
2395
2151
1920
1840
1843
1579
5421
5334
4830
4832
4719
4697
3237
2776
2684
4783
4719
4535
4234
3409
2875
2867
2601
2373
1674
5485
5485
5480
5468
4637
4580
4577
3874
3857
3806
3738
3679
3017
2902
2251
1963
5171
4834
4533
3734
3431
2714
2680
2642
2592
2521
2137
7249
7159
7010
7006
6923
6714
6527
6476
6258
5980
5593
4965
4963
4416
4358
4160
4101
3968
3454
3242
2553
2468
2299
7419
6919
6722
6030
5965
5058
4711
3880
3334
3319
3155
3125
3075
3042
2903
2877
2538
7433
7163
7165
7115
6735
6351
5218
4402
4114
4069
3828
3108
2995
2922
8026
8001
7671
7145
6639
6463
6358
6332
6305
6259
6131
6066
5657
5624
5015
4981
4639
4586
4513
4276
4118
3919
3837
3559
3052
6915
5997
5510
5042
4312
9534
9441
9180
9065
8545
8004
7755
7099
6758
6345
6172
5835
5745
5568
5322
5253
5204
5110
5069
4790
4709
4610
5
6
7
14
5
14
22
13
41
6
62
31
6
46
14
24
33
16
109
102
119
42
5
136
12
65
79
197
10
13
56
74
26
132
185
81
69
37
10
23
83
138
87
30
85
45
45
78
474
6
302
111
155
103
397
270
148
560
79
5
201
81
119
257
60
23
19
220
14
84
116
394
210
8
7
5
677
8
512
5
243
230
19
6
268
5
271
740
348
10
212
23
19
20
211
286
5
111
13
517
416
25
15
15
6
24
7
5
13
53
54
5
9
861
682
5
683
525
12
424
419
552
159
334
5
16
5
194
16
5
27
562
5
85
30
358
67
21
346
1207
25
257
56
13
18
711
75
5
1151
1044
425
194
9
5
17
1095
1088
1186
1146
1109
63
81
5
1031
662
38
166
127
13
7
6
65
10
14
426
261
267
20
15
14
8
21
8
177
91
6
30
992
46
12
755
224
624
16
1289
1089
11
432
336
5
35
6
14
25
22
18
5
136
17
59
18
1422
18
42
142
5
5
140
140
5
11
15
94
119
16
1307
14
8
73
5
37
6
62
9
117
94
81
25
6
1190
1076
30
23
220
38
5
46
210
77
108
82
81
268
96
48
117
443
170
51
611
77
81
471
16
76
2157
103
13
91
5
51
5
5
1599
1505
6
1439
38
76
64
13
1037
1032
25
67
627
359
43
214
26
5
288
134
9
261
6
299
10
13
24
16
24
12
31
1735
68
24
6
184
5
398
15
404
343
44
300
1783
1753
1100
253
5
545
472
5
9
310
116
193
20
5
344
74
163
299
20
72
131
92
2369
144
22
90
9
5
109
188
69
8
1073
5
362
176
11
43
168
186
15
107
5
15
18
5
96
29
17
959
888
694
322
7
125
84
422
141
98
11
5
6
14
153
7
364
6
207
8
14
104
20
30
2702
2429
2388
1551
145
1029
6
27
12
9
166
605
215
1742
38
14
17
1766
5
1257
1199
957
835
836
1780
1666
83
1539
432
259
5
89
284
5
7
12
1202
948
456
10
14
6
20
309
302
210
5
45
39
2169
1639
1460
85
13
502
104
1492
1450
165
17
36
9
5
8
68
84
57
216
6
7
221
124
3422
66
3518
1505
21
5
12
3112
2983
828
3180
2413
239
125
5
125
112
129
12
252
186
3042
2645
28
24
2640
1778
1192
6
20
35
31
1238
1188
739
60
8
82
1215
5
7
7
93
740
10
1560
12
1509
1109
759
46
22
18
40
1642
34
1582
5
16
6
36
1037
5
10
96
21
26
11
13
525
256
157
8
1062
586
2864
2651
2263
2087
1731
1420
1117
23
6
8
17
992
431
3982
6
17
233
12
7
37
4005
3537
10
2965
21
14
10
2951
10
24
26
2864
6
2217
6
1893
22
6
1279
1214
883
546
1120
449
416
342
234
18
70
1909
1694
30
1317
1203
5
5
1174
235
18
1143
24
138
1693
11
6
44
143
15
9
159
1187
5
1122
567
10
5
61
15
14
56
36
21
39
33
52
6
466
10
10
9
5
7
341
769
18
405
274
105
114
149
5
12
5
7
1472
1343
1115
921
481
11
5
11
13
3056
8
5
10
2754
16
2394
35
1663
6
1313
28
1124
931
399
33
5
378
100
5
8
8
334
679
10
20
22
22
1992
614
5
1477
1191
626
16
2475
2399
2363
1840
1609
1444
970
366
249
225
656
127
1986
1501
815
439
242
131
737
490
145
1694
1626
5137
3729
3512
3500
3195
2692
2348
2349
1863
1235
1237
1802
1211
927
781
769
477
480
3403
2994
2659
2266
1849
1851
836
538
439
5285
5177
4784
4560
4515
4002
3458
3411
2771
2603
1933
1853
1292
1190
906
774
3449
3083
2990
2926
727
685
1332
1152
1139
869
681
2232
1665
1209
737
5695
5656
5458
4942
4836
4412
4412
3706
3556
3554
3497
3415
2971
2184
2174
1455
1392
1146
921
812
809
5553
4660
4447
4290
4046
3651
3220
1937
1342
1085
6180
5870
5092
4773
4663
4171
4167
3808
3078
2997
2761
2680
2188
1218
3691
3616
3527
3498
3052
3013
2815
2790
2660
2389
2364
2244
2238
1843
1870
3071
2926
2407
2234
2179
1592
1374
6531
5769
5551
5344
4993
4969
4722
4689
4635
4506
4175
3700
2565
2462
6379
6216
6120
5660
4888
4638
4315
3996
3805
3764
3163
2726
2574
2577
1859
1829
3486
3358
3078
2713
2287
2181
2165
2076
6890
5924
5560
5551
5412
4728
4484
3812
3666
2310
1814
5286
4196
4143
4119
4050
3345
2852
2618
2080
2013
6845
6688
6416
6184
5766
4814
4652
4134
4084
3881
3862
3492
3063
2958
2622
2481
2231
6732
6464
6440
6099
6047
6039
5819
5341
5266
5233
4861
4138
4105
4009
3712
3250
3116
2761
7028
6515
6308
6240
5937
4920
3753
3549
2969
2794
2621
7096
7000
6951
6607
6564
6509
6105
5734
5464
4820
4403
3790
3500
3400
3062
7344
6244
4853
4800
4072
4076
3961
3901
3856
3830
3270
2934
5092
4983
4801
4585
4249
4033
3933
3667
3482
3394
13878
12117
10778
10348
10200
10103
9780
9399
15513
15417
15120
14952
14922
14290
14198
14099
13689
13275
13277
11856
11832
11773
11589
10997
10852
10737
