5 0.4
10 0.6
15 1
20 0.2
25 0.9
30 0.2
35 0.4
40 0.5
45 1.1
50 0.9
55 0.3
60 0.7
65 0.9
70 0.3
75 0.6
80 0.5
85 0.5
90 0.6
95 0.6
100 0.2
105 1.4
110 0.5
115 0.3
120 0.6
125 0.7
130 0.6
135 0.3
140 0.7
145 0.7
150 0.5
155 0.9
160 0.4
165 0.5
170 0.9
175 0.6
180 0.8
185 0.5
190 0.5
195 0.7
200 0.3
205 0.6
210 0.3
215 0.7
220 0.7
225 1
230 0.9
235 0.5
240 0.3
245 0.4
250 0.7
255 0.8
260 0.1
265 0.4
270 0.8
275 1
280 0.4
285 1.1
290 0.5
295 0.3
300 0.6
305 0.5
310 0.7
315 0.5
320 0.2
325 0.5
330 1.1
335 1.4
340 0.7
345 0.4
350 0.2
355 0.4
360 0.4
365 0.5
370 0.7
375 0.7
380 1
385 0.7
390 0.9
395 0.6
400 0.4
405 0.2
410 0.5
415 0.6
420 0.5
425 0.8
430 0.6
435 0.4
440 0.6
445 0.9
450 0.5
455 1
460 0.1
465 0.4
470 0.5
475 0.7
480 0.7
485 0.3
490 0.5
495 1
981 40.8
5 0.3
10 1
15 1
20 0.7
25 0.1
30 0.9
35 0.6
40 0.1
45 0.5
50 0.3
55 1.1
60 0.7
65 1
70 0.6
75 0.6
80 0.4
85 0.6
90 0.5
95 0.2
100 0.5
105 0.5
110 0.7
115 0.8
120 0.6
125 0.7
130 0.5
135 0.7
140 0.9
145 0.5
150 0.3
155 0.2
160 0.6
165 0.9
170 0.4
175 0.8
180 0.7
185 0.8
190 0.5
195 0.7
200 0.6
205 0.7
210 0.5
215 0.5
220 0.6
225 0.8
230 0.9
235 0.7
240 0.5
245 0.6
250 0.5
255 0.5
260 0.8
265 0.3
270 0.3
275 0.6
280 0.4
285 0.9
290 0.7
295 0.6
300 0.6
305 0.6
310 0.6
315 0.4
320 0.9
325 0.6
330 0.3
335 0.9
340 0.4
345 0.5
350 0.7
355 0.4
360 0.7
365 0.5
370 1
375 0.5
380 0.5
385 0.5
390 0.4
395 1.1
400 1
405 0.4
410 1
415 0.4
420 0.6
425 0.5
430 0.3
435 0.6
440 0.5
445 0.6
450 0.6
455 0.8
460 1.1
465 0.5
470 0.5
475 0.4
480 0.3
485 0.6
490 0.3
495 0.9
1024 40.5
5 0.3
10 0.4
15 0.5
20 0.7
25 0.7
30 0.5
35 1.1
40 0.4
45 0.5
50 0.5
55 0.5
60 0.9
65 0.4
70 0.6
75 0.9
80 0.4
85 0.5
90 0.4
95 1.2
100 0.6
105 0.6
110 0.2
115 0.5
120 0.5
125 0.6
130 0.9
135 0.5
140 0.9
145 0.6
150 0.4
155 0.9
160 0.6
165 0.7
170 0.6
175 0.5
180 0.3
185 0.6
190 0.7
195 0.5
200 0.6
205 0.9
210 0.5
215 0.8
220 0.3
225 1
230 0.3
235 0.6
240 0.5
245 0.9
250 0.5
255 0.4
260 0.9
265 0.9
270 0.7
275 0.6
280 0.4
285 0.6
290 0.4
295 0.5
300 0.5
305 0.9
310 0.4
315 0.6
320 0.9
325 0.6
330 0.6
335 0.4
340 0.6
345 0.5
350 0.6
355 0.3
360 0.6
365 0.6
370 0.4
375 1.1
380 0.6
385 0.4
390 0.4
395 0.5
400 1
405 0.5
410 0.6
415 0.5
420 0.5
425 1
430 0.4
435 0.5
440 0.3
445 0.8
450 0.3
455 0.7
460 0.7
465 0.9
470 0.4
475 0.3
480 0.8
485 0.5
490 0.6
495 0.4
1010 41.4
5 0.2
10 1.2
15 0.6
20 0.6
25 0.5
30 0.4
35 0.7
40 0.4
45 0.8
50 0.5
55 0.8
60 0.6
65 0.9
70 0.5
75 0.5
80 0.5
85 0.7
90 0.6
95 0.5
100 0.3
105 0.5
110 0.5
115 1.2
120 0.6
125 0.9
130 0.5
135 0.3
140 0.7
145 0.8
150 0.4
155 0.3
160 1.1
165 0.4
170 0.7
175 0.8
180 1
185 0.4
190 0.5
195 0.7
200 0.5
205 0.3
210 0.8
215 0.4
220 0.6
225 1
230 0.4
235 0.4
240 0.9
245 0.6
250 0.6
255 1
260 0.6
265 0.5
270 0.6
275 0.6
280 0.5
285 0.6
290 0.6
295 0.5
300 0.7
305 0.7
310 0.9
315 0.5
320 0.8
325 0.4
330 0.3
335 0.7
340 0.5
345 0.7
350 0.7
355 0.5
360 0.4
365 0.9
370 0.6
375 0.6
380 0.7
385 0.6
390 0.3
395 0.8
400 0.4
405 0.4
410 0.6
415 0.6
420 0.8
425 0.4
430 0.9
435 0.5
440 0.9
445 0.5
450 0.4
455 0.3
460 0.7
465 0.7
470 0.3
475 0.6
480 0.8
485 0.7
490 0.2
495 0.5
976 40.4
5 0.4
10 0.7
15 0.5
20 1
25 0.5
30 0.4
35 0.5
40 0.6
45 0.2
50 0.6
55 0.8
60 0.9
65 0.5
70 0.8
75 0.5
80 0.5
85 0.7
90 0.4
95 0.5
100 0.5
105 0.7
110 0.5
115 0.7
120 0.8
125 0.6
130 0.8
135 0.1
140 0.8
145 0.5
150 1.2
155 0.4
160 0.5
165 0.6
170 0.6
175 0.5
180 0.9
185 0.6
190 0.6
195 0.4
200 0.7
205 0.7
210 0.8
215 0.9
220 0.5
225 0.8
230 0.4
235 0.4
240 0.4
245 0.5
250 0.4
255 0.7
260 0.6
265 0.7
270 1.3
275 0.6
280 0.6
285 0.6
290 0.4
295 0.4
300 0.2
305 0.3
310 0.5
315 1.3
320 0.4
325 1.1
330 0.7
335 0.3
340 0.9
345 0.6
350 0.2
355 0.3
360 0.5
365 1.1
370 0.6
375 0.6
380 1.1
385 0.2
390 0.6
395 0.5
400 0.7
405 0.5
410 0.2
415 0.7
420 0.5
425 0.7
430 1.3
435 0.7
440 0.6
445 0.6
450 0.2
455 0.6
460 0.5
465 0.4
470 0.5
475 0.2
480 0.8
485 0.7
490 0.9
495 0.8
1036 40.2
5 0.1
10 0.8
15 0.4
20 0.7
25 0.4
30 0.5
35 0.9
40 0.6
45 1.1
50 0.6
55 0.4
60 0.7
65 0.8
70 0.6
75 0.7
80 0.4
85 0.4
90 0.4
95 1.1
100 0.7
105 0.1
110 1.1
115 0.5
120 0.4
125 1.1
130 0.4
135 0.5
140 0.2
145 1
150 0.6
155 0.8
160 0.8
165 0.3
170 0.5
175 0.5
180 0.7
185 0.6
190 0.7
195 0.6
200 0.1
205 0.7
210 1.2
215 0.5
220 0.3
225 0.3
230 0.5
235 0.8
240 0.5
245 1
250 0.8
255 0.5
260 0.6
265 0.5
270 1
275 0.3
280 0.4
285 0.5
290 1
295 0.6
300 0.8
305 0.2
310 1
315 0.5
320 0.7
325 0.4
330 0.6
335 0.5
340 0.5
345 0.9
350 0.9
355 0.9
360 0.4
365 0.1
370 0.6
375 0.6
380 0.4
385 0.9
390 0.4
395 0.6
400 0.5
405 0.8
410 0.8
415 0.7
420 0.2
425 0.7
430 0.6
435 0.5
440 0.4
445 0.9
450 0.3
455 0.5
460 0.8
465 0.7
470 0.4
475 0.5
480 0.4
485 0.6
490 0.3
495 0.5
1170 41.2
5 0.2
10 1
15 0.6
20 0.5
25 0.6
30 0.6
35 0.4
40 1
45 0.5
50 0.2
55 0.8
60 0.8
65 0.8
70 0.5
75 0.7
80 0.5
85 0.7
90 0.7
95 0.1
100 0.7
105 0.7
110 0.9
115 0.8
120 0.6
125 0.1
130 0.7
135 0.5
140 0.4
145 0.7
150 0.7
155 0.7
160 0.3
165 0.8
170 0.9
175 0.8
180 0.4
185 0.3
190 0.9
195 0.7
200 0.5
205 0.3
210 0.6
215 0.9
220 0.6
225 0.9
230 0.7
235 0.3
240 0.4
245 0.4
250 0.7
255 1
260 0.4
265 0.2
270 0.9
275 0.7
280 0.6
285 1.1
290 0.8
295 0.2
300 0.4
305 0.5
310 0.5
315 0.8
320 0.5
325 0.6
330 0.7
335 0.8
340 0.5
345 0.4
350 1.1
355 0.1
360 0.7
365 0.4
370 0.6
375 0.6
380 0.4
385 0.7
390 0.2
395 1
400 0.7
405 0.6
410 0.6
415 0.7
420 0.2
425 0.1
430 1
435 0.4
440 0.8
445 0.2
450 0.8
455 0.7
460 1
465 0.5
470 0.4
475 0.1
480 0.2
485 0.9
490 0.6
495 0.8
989 41.2
5 0.3
10 0.6
15 0.8
20 0.5
25 0.6
30 0.6
35 0.4
40 0.4
45 0.6
50 1
55 0.7
60 0.5
65 0.7
70 0.3
75 0.9
80 0.8
85 0.5
90 0.6
95 0.6
100 0.8
105 0.6
110 0.4
115 0.9
120 0.4
125 0.7
130 0.1
135 0.8
140 1.1
145 0.8
150 0.2
155 1.1
160 0.5
165 0.6
170 0.5
175 0.6
180 0.1
185 0.9
190 0.7
195 0.9
200 0.4
205 0.5
210 0.6
215 0.9
220 0.6
225 0.7
230 0.4
235 0.7
240 0.6
245 0.3
250 0.9
255 0.6
260 0.4
265 0.7
270 0.4
275 0.8
280 0.7
285 0.4
290 0.4
295 0.7
300 0.5
305 1
310 0.5
315 0.7
320 0.1
325 0.6
330 0.7
335 0.8
340 0.6
345 0.6
350 0.5
355 0.5
360 0.7
365 0.6
370 0.8
375 0.2
380 0.6
385 0.5
390 0.7
395 0.6
400 0.5
405 0.8
410 0.6
415 0.5
420 0.5
425 1
430 0.6
435 0.3
440 0.6
445 0.5
450 0.3
455 0.7
460 0.8
465 0.6
470 0.6
475 0.4
480 0.7
485 0.4
490 0.3
495 0.6
981 41.1
5 0.3
10 0.5
15 0.6
20 0.4
25 0.8
30 0.5
35 0.4
40 1
45 0.6
50 0.7
55 0.5
60 0.6
65 0.6
70 0.5
75 0.6
80 0.5
85 0.8
90 0.9
95 0.6
100 0.5
105 0.7
110 0.6
115 0.6
120 0.7
125 0.7
130 0.3
135 0.2
140 0.7
145 0.6
150 1
155 0.7
160 0.6
165 0.9
170 0.7
175 0.8
180 0.6
185 0.3
190 0.4
195 0.5
200 0.5
205 1.1
210 0.5
215 0.6
220 0.3
225 1
230 0.6
235 0.9
240 0.4
245 0.6
250 0.5
255 0.8
260 0.7
265 0.6
270 0.7
275 0.6
280 0.4
285 0.7
290 0.9
295 0.6
300 0.1
305 0.7
310 0.3
315 0.9
320 0.9
325 0.6
330 0.5
335 0.5
340 0.4
345 1.2
350 0.7
355 0.3
360 0.2
365 0.2
370 0.5
375 0.8
380 1.1
385 0.6
390 0.6
395 0.6
400 0.4
405 0.8
410 0.5
415 0.3
420 0.4
425 0.5
430 0.4
435 1
440 0.8
445 0.5
450 0.8
455 0.9
460 0.5
465 0.7
470 0.4
475 0.4
480 0.5
485 0.7
490 0.2
495 1.1
1007 40
5 0.5
10 0.6
15 0.7
20 0.3
25 0.8
30 0.8
35 0.4
40 0.4
45 0.3
50 0.9
55 1
60 0.4
65 0.8
70 0.5
75 0.6
80 0.8
85 0.4
90 0.3
95 0.6
100 0.5
105 0.9
110 0.5
115 0.9
120 0.5
125 1
130 0.7
135 0.8
140 0.2
145 0.4
150 0.4
155 1
160 1
165 0.5
170 1
175 0.6
180 0.3
185 0.9
190 0.3
195 0.7
200 0.3
205 0.7
210 0.6
215 1.1
220 0.4
225 0.5
230 0.8
235 0.5
240 0.4
245 0.5
250 1
255 0.4
260 0.5
265 0.6
270 0.7
275 0.6
280 0.9
285 0.3
290 0.5
295 0.3
300 0.8
305 0.9
310 1.2
315 0.1
320 0.4
325 0.7
330 0.8
335 0.2
340 0.6
345 0.6
350 0.4
355 0.6
360 0.6
365 1.1
370 0.6
375 0.6
380 0.6
385 0.4
390 0.3
395 0.7
400 0.6
405 0.2
410 0.7
415 0.8
420 0.8
425 0.4
430 0.9
435 0.6
440 0.2
445 0.7
450 0.2
455 0.4
460 0.8
465 0.3
470 0.5
475 0.7
480 0.7
485 0.9
490 0.8
495 0.7
1020 40.1
5 0.1
10 0.7
15 0.6
20 1.1
25 0.2
30 0.6
35 0.6
40 0.7
45 0.5
50 0.5
55 0.8
60 0.8
65 0.9
70 0.4
75 0.5
80 0.5
85 0.6
90 0.7
95 0.6
100 0.4
105 0.8
110 0.6
115 0.7
120 0.7
125 0.8
130 0.4
135 0.5
140 0.3
145 0.7
150 0.7
155 0.4
160 0.7
165 1
170 0.4
175 0.8
180 0.8
185 0.5
190 0.6
195 0.2
200 0.4
205 0.8
210 0.7
215 0.7
220 0.7
225 0.5
230 0.7
235 0.8
240 0.6
245 0.6
250 0.3
255 0.4
260 0.7
265 0.5
270 0.9
275 0.7
280 0.6
285 0.3
290 0.7
295 0.7
300 0.4
305 0.2
310 0.4
315 0.9
320 0.6
325 0.7
330 1.2
335 0.7
340 0.7
345 0.3
350 0.4
355 0.4
360 0.4
365 0.5
370 0.4
375 0.7
380 1.4
385 0.6
390 0.6
395 0.2
400 0.5
405 0.4
410 0.7
415 0.4
420 0.4
425 0.4
430 0.6
435 1.2
440 0.9
445 0.9
450 0.6
455 0.1
460 0.7
465 0.5
470 0.4
475 0.5
480 0.6
485 0.3
490 0.8
495 0.5
1036 41.2
5 0.1
10 0.9
15 0.6
20 0.5
25 0.6
30 0.7
35 0.2
40 0.6
45 0.9
50 0.7
55 0.5
60 1.2
65 0.5
70 0.6
75 0.6
80 0.6
85 0.7
90 0.2
95 0.7
100 0.7
105 0.4
110 0.7
115 0.8
120 0.8
125 0.5
130 0.7
135 0.9
140 0.4
145 0.2
150 0.5
155 0.4
160 0.9
165 0.7
170 0.9
175 0.4
180 0.7
185 1.1
190 0.4
195 0.6
200 0.2
205 0.6
210 0.4
215 0.6
220 0.9
225 0.5
230 0.8
235 0.3
240 1
245 0.5
250 0.5
255 0.4
260 0.8
265 0.3
270 1.2
275 0.7
280 0.4
285 0.6
290 0.5
295 0.4
300 1
305 0.3
310 0.8
315 0.5
320 0.8
325 0.4
330 0.7
335 0.9
340 0.3
345 0.5
350 0.6
355 0.7
360 0.7
365 0.5
370 0.6
375 0.5
380 0.8
385 0.7
390 0.5
395 0.7
400 0.3
405 0.3
410 0.5
415 0.7
420 1.1
425 0.3
430 0.6
435 0.7
440 1.2
445 0.2
450 0.6
455 0.5
460 0.2
465 0.3
470 0.9
475 0.6
480 1.1
485 0.8
490 0.7
495 0.3
975 39.9
5 0.1
10 0.8
15 1
20 0.1
25 0.5
30 0.5
35 0.8
40 1
45 1.1
50 0.6
55 0.7
60 0.5
65 0.8
70 0.1
75 0.2
80 0.5
85 0.5
90 1
95 1.3
100 0.5
105 0.8
110 0.1
115 0.9
120 0.3
125 0.5
130 0.3
135 0.5
140 0.7
145 0.9
150 0.8
155 0.7
160 0.9
165 0.4
170 0.1
175 0.7
180 0.4
185 0.4
190 1
195 0.7
200 0.6
205 0.6
210 0.5
215 1
220 0.7
225 0.4
230 0.3
235 0.6
240 0.7
245 0.7
250 0.4
255 0.7
260 0.7
265 0.8
270 0.8
275 0.6
280 0.9
285 0.6
290 0.4
295 0.4
300 0.5
305 0.5
310 0.7
315 0.6
320 0.8
325 0.7
330 0.8
335 0.7
340 0.6
345 0.1
350 0
355 1
360 0.4
365 0.8
370 1
375 0.6
380 0.7
385 0.6
390 0.9
395 0.4
400 0.5
405 0
410 0.5
415 0.7
420 1
425 0.7
430 0.3
435 0.6
440 0.4
445 0.8
450 0.7
455 0.5
460 0.6
465 0.4
470 0.7
475 0.7
480 0.6
485 0.6
490 0.1
495 0.6
1028 40.5
5 0.2
10 0.7
15 1
20 0.7
25 0.6
30 0.3
35 0.6
40 0.4
45 0.3
50 0.8
55 1.2
60 0.9
65 0.4
70 0.6
75 0.6
80 0.6
85 0.8
90 0.3
95 0.6
100 0.5
105 0.8
110 0.4
115 1.2
120 0.5
125 0.3
130 0.2
135 0.6
140 0.8
145 1.2
150 0.5
155 0.6
160 0.5
165 0.6
170 0.4
175 0.8
180 0.7
185 0.5
190 0.1
195 0.6
200 0.8
205 0.9
210 0.7
215 0.4
220 0.4
225 0.7
230 0.8
235 1
240 0.5
245 0.3
250 0.4
255 0.9
260 0.7
265 0.7
270 0.9
275 0.1
280 1
285 0.6
290 0.3
295 0.8
300 0.6
305 0.3
310 0.8
315 0.4
320 0.7
325 0.8
330 1
335 0.4
340 0.2
345 0.8
350 0.5
355 0.7
360 0.6
365 0.5
370 0.7
375 0.6
380 0.9
385 0.6
390 0.7
395 0.5
400 0.2
405 0.7
410 0.8
415 0.7
420 0.5
425 0.5
430 0.4
435 0.9
440 0.7
445 0.2
450 0.6
455 0.4
460 0.6
465 0.9
470 0.5
475 0.7
480 0.9
485 0.4
490 0.4
495 0.6
1009 39.8
5 0.1
10 0.8
15 0.9
20 0.4
25 0.4
30 1
35 0.2
40 0.7
45 0.7
50 0.4
55 0.7
60 0.7
65 0.9
70 0.8
75 0.5
80 0.4
85 0.4
90 0.8
95 0.3
100 0.9
105 0.4
110 0.6
115 0.7
120 0.9
125 0.5
130 0.7
135 0.2
140 0.3
145 0.9
150 0.8
155 0.5
160 0.8
165 0.5
170 0.4
175 1
180 0.6
185 0.5
190 0.7
195 0.3
200 0.8
205 1
210 0.4
215 0.6
220 0.6
225 0.6
230 0.6
235 0.9
240 0.5
245 0.6
250 0.7
255 0.7
260 0.2
265 0.8
270 0.5
275 1.3
280 0.8
285 0.4
290 0.4
295 0.6
300 0.7
305 0.9
310 0.2
315 0.6
320 0.3
325 0.8
330 1.2
335 0.4
340 0.8
345 0.3
350 0.7
355 0.6
360 0.7
365 0.5
370 0.4
375 0.6
380 0.3
385 0.7
390 0.9
395 0.6
400 0.7
405 0.7
410 0.6
415 0.5
420 0.6
425 0.7
430 0.2
435 0.6
440 0.6
445 0.5
450 0.7
455 0.4
460 1
465 0.3
470 0.8
475 0.5
480 0.9
485 0.4
490 0.5
495 0.2
1021 40.1
