10
7
22
12
21
19
45
16
21
33
22
13
32
20
20
36
19
52
53
25
36
23
43
39
33
22
49
29
61
59
22
65
18
63
40
29
52
79
65
60
4
35
25
58
36
103
50
46
50
45
9
120
38
31
56
56
53
106
11
47
41
20
73
40
11
41
128
52
115
51
13
66
20
39
108
23
9
184
79
74
57
103
10
37
44
63
34
36
77
33
80
106
82
85
65
121
53
76
141
94
78
73
31
24
36
17
102
43
148
80
56
66
80
59
36
75
13
178
82
74
29
55
103
52
76
129
99
42
6
148
98
146
120
53
44
25
93
18
57
162
45
105
111
58
183
110
74
111
53
66
41
94
40
62
45
120
81
208
84
109
47
45
129
42
80
73
72
85
6
76
90
22
41
56
37
220
108
63
98
23
76
126
50
57
27
194
177
82
127
126
4
186
39
28
89
41
64
119
13
235
36
64
120
19
91
120
63
22
147
50
21
35
35
97
28
37
36
101
39
166
181
61
236
9
36
100
15
50
20
158
74
92
64
128
203
173
87
60
102
23
81
145
226
35
29
39
20
38
23
86
92
59
89
45
70
169
174
36
77
99
86
38
23
87
142
59
99
25
45
35
59
211
102
38
85
87
12
164
252
53
14
138
38
52
35
86
71
80
35
77
118
78
20
81
51
192
56
164
27
40
4
101
31
124
9
68
24
55
61
103
284
52
41
39
329
69
122
37
104
30
14
33
105
124
247
63
49
146
70
76
77
42
147
53
47
90
61
354
68
59
37
27
332
32
13
129
72
84
34
108
94
31
37
6
50
36
81
70
41
151
112
64
249
10
371
62
12
12
112
100
25
89
26
24
24
22
51
61
59
65
8
110
281
54
21
38
44
11
38
317
69
31
94
30
52
59
180
8
12
25
80
33
77
74
74
56
84
59
65
21
110
42
142
199
89
16
19
43
64
351
76
19
235
132
70
104
26
51
128
18
70
43
71
63
71
86
28
42
62
255
42
84
22
88
58
52
134
113
35
73
202
45
83
42
20
109
16
43
132
139
61
86
90
64
74
239
8
68
40
48
80
4
92
13
26
70
132
198
204
111
141
47
18
111
68
37
69
194
118
25
64
21
218
45
88
307
40
15
91
110
47
14
51
55
45
70
198
10
12
70
222
170
88
49
34
77
119
136
125
81
46
70
50
89
168
15
14
370
53
161
138
10
8
46
19
110
55
136
36
145
38
12
105
6
60
113
144
11
56
109
11
13
21
41
74
430
15
168
48
54
56
63
46
80
153
60
76
33
44
25
51
52
125
4
33
26
37
75
182
31
196
89
127
36
85
36
9
61
72
36
25
37
59
218
156
101
135
57
23
98
62
48
73
73
147
78
116
58
58
74
63
262
87
187
91
103
72
67
4
22
39
109
25
42
12
44
183
65
4
202
46
32
31
102
24
50
25
155
99
32
61
74
55
99
276
158
49
140
4
50
50
134
66
53
104
73
13
29
43
64
42
74
209
33
47
37
17
22
29
129
113
37
56
29
115
66
85
40
167
45
103
299
8
105
223
175
31
71
208
7
67
22
95
5
28
33
30
17
42
259
84
75
93
165
55
64
103
57
156
40
85
37
87
58
73
48
126
56
292
5
140
252
253
102
91
73
106
168
143
113
64
104
67
11
123
61
80
59
101
6
126
85
77
61
66
48
51
30
47
58
82
93
104
302
63
191
22
12
74
23
71
116
108
17
50
32
78
47
25
189
10
70
106
68
36
52
12
16
68
317
36
71
43
36
55
44
138
38
55
89
79
47
60
51
70
4
4
51
89
115
7
67
38
24
93
38
135
35
84
269
55
39
184
62
93
24
58
99
19
39
27
72
43
60
111
31
57
158
28
108
93
30
49
41
67
81
64
97
132
29
40
199
6
356
6
44
6
117
86
41
44
35
129
27
136
34
35
11
49
31
49
189
11
35
31
166
128
155
115
35
74
5
79
48
65
21
24
24
73
194
45
110
46
27
39
104
28
52
146
92
36
90
187
44
52
87
49
250
31
221
28
183
48
48
177
15
30
160
61
18
97
116
33
110
138
57
284
37
45
7
177
75
15
57
112
127
13
188
56
79
42
80
37
103
34
78
281
15
17
261
14
255
134
94
175
100
155
9
158
50
38
48
29
274
5
25
37
217
30
65
134
187
22
58
53
60
132
38
341
48
213
20
195
181
42
99
17
27
180
105
86
47
126
122
43
63
256
139
104
93
147
286
164
174
175
137
171
161
122
193
8
6
19
22
4
29
16
37
38
21
21
30
39
19
12
20
55
10
11
17
33
28
62
12
25
23
60
35
80
18
59
55
52
88
16
9
22
26
45
33
63
41
10
24
25
58
63
37
28
37
42
17
61
31
81
12
39
46
19
42
47
56
9
50
83
43
52
21
91
91
47
25
33
30
20
23
30
34
73
7
10
67
76
24
15
51
23
80
98
61
29
11
30
9
57
48
70
28
51
61
34
74
60
19
28
71
28
45
113
13
76
74
58
64
15
7
37
32
134
58
36
17
70
164
75
37
120
76
27
135
103
18
5
92
27
45
68
14
24
86
74
81
48
100
90
148
107
20
210
58
147
133
17
60
5
24
32
46
151
129
41
182
98
74
25
57
22
82
94
148
87
76
77
173
34
38
12
119
76
56
152
29
66
46
67
83
7
52
216
85
114
83
45
155
7
63
11
26
16
5
153
44
23
81
135
56
97
120
85
40
80
71
136
71
86
73
175
96
45
99
61
155
134
76
85
43
69
215
30
53
7
114
64
42
21
50
17
200
40
45
68
41
4
95
169
51
158
21
14
60
4
58
58
27
74
39
173
55
57
47
61
55
98
17
15
127
23
81
42
53
45
79
14
44
18
20
45
49
17
86
73
56
224
75
135
42
19
87
70
119
61
8
32
93
63
76
82
67
128
92
133
66
55
35
69
46
32
47
35
13
11
53
57
279
79
12
98
83
17
76
89
17
29
107
106
80
25
40
68
47
44
28
111
44
47
53
83
131
75
38
26
9
149
81
62
330
13
22
101
138
46
39
96
79
16
106
34
75
50
60
30
74
23
182
52
31
131
63
27
69
61
27
6
113
284
15
43
11
22
16
69
27
46
46
65
27
109
26
106
56
123
119
61
147
47
31
17
59
33
57
22
16
35
27
36
43
34
114
54
53
69
34
20
54
41
11
22
31
48
32
64
33
13
45
63
70
48
43
28
10
92
35
37
40
40
35
28
47
5
35
44
17
46
57
51
14
6
37
49
19
4
56
29
29
14
42
9
7
39
8
27
50
44
7
68
54
48
128
19
75
12
55
65
5
59
49
52
70
66
41
5
70
24
9
108
50
12
44
71
83
68
66
54
20
20
42
10
20
23
97
30
32
81
130
4
14
141
36
165
120
47
53
93
39
6
35
70
69
32
16
71
86
98
67
19
110
29
51
60
44
127
69
32
4
67
34
131
53
104
61
7
32
88
36
163
125
15
70
156
114
89
20
33
12
16
67
102
44
68
56
14
79
60
92
64
17
117
48
98
49
138
20
157
40
74
37
127
71
120
182
68
157
76
73
34
64
137
110
52
19
5
89
45
22
144
20
96
90
4
71
176
93
17
115
38
62
37
12
86
161
87
111
71
231
16
41
58
41
200
70
83
146
124
74
65
17
32
54
35
154
28
80
15
68
129
26
95
18
246
82
57
49
58
117
116
48
47
145
13
47
74
268
55
27
112
66
16
59
177
112
32
60
21
115
214
15
119
120
12
80
214
173
33
130
54
47
49
127
20
37
342
93
55
181
78
27
4
141
8
64
21
31
67
242
36
103
74
79
39
57
29
101
63
62
65
63
36
63
128
110
52
23
12
48
88
10
391
86
88
18
165
47
4
59
62
160
90
98
31
107
132
62
55
38
89
61
14
222
70
16
202
52
28
22
11
39
89
167
138
123
39
68
50
31
145
140
15
25
20
222
53
27
38
47
65
36
71
11
40
19
36
81
48
44
8
50
44
135
38
153
21
74
19
64
78
264
36
47
41
15
71
46
91
51
26
98
71
58
80
6
88
137
31
135
69
51
22
32
4
67
83
60
8
27
62
186
34
123
23
76
56
37
21
170
33
116
26
97
132
10
85
191
33
199
71
40
16
19
65
72
66
129
51
63
32
12
43
126
35
52
165
6
171
83
50
16
12
143
156
126
124
131
124
44
61
47
40
124
76
43
108
60
55
74
17
8
61
18
153
28
30
50
63
48
70
37
61
189
155
47
70
12
30
27
96
71
107
38
98
25
27
134
59
47
38
4
34
51
45
107
32
150
28
49
63
129
11
27
52
73
55
64
10
74
22
45
15
46
49
10
30
9
40
43
63
22
48
59
52
12
13
34
7
117
64
87
72
60
9
78
34
50
15
100
27
54
82
31
12
105
44
19
64
16
25
100
44
106
21
32
35
76
45
147
105
56
18
9
18
29
49
49
8
60
45
51
56
34
46
23
40
120
48
83
49
63
58
55
75
109
4
9
22
14
41
16
32
40
44
43
17
47
41
35
45
22
59
58
17
23
67
30
64
54
52
62
50
20
70
28
80
15
74
6
10
33
21
50
15
71
41
28
122
116
52
97
109
82
11
29
82
18
43
4
31
42
8
69
68
65
116
19
16
46
28
24
63
163
77
27
54
43
165
60
42
98
43
46
7
150
30
49
69
52
20
170
35
74
12
112
82
98
10
93
35
228
5
84
140
55
134
71
41
45
83
107
12
9
22
120
147
212
64
104
10
84
48
172
47
70
44
116
69
130
80
71
59
88
112
24
40
67
175
59
8
78
130
105
80
100
39
80
102
96
26
173
164
64
42
73
75
75
69
138
212
10
131
107
81
10
201
15
46
132
12
61
107
84
39
107
56
96
35
65
158
43
60
130
157
217
66
202
168
34
19
30
50
125
182
64
207
25
40
57
89
51
81
73
32
21
125
63
79
50
17
29
68
13
52
41
98
44
18
154
58
35
37
78
125
57
65
101
77
129
75
42
22
119
35
71
67
25
65
39
124
83
156
50
47
134
68
45
89
97
101
12
111
38
14
78
82
124
157
90
121
31
51
109
21
78
57
61
39
30
61
5
110
145
32
116
32
66
57
117
102
119
189
52
11
153
33
20
33
84
80
27
48
43
61
27
69
49
68
70
105
31
68
178
133
34
13
31
38
20
11
4
44
14
66
48
29
8
106
46
29
35
81
79
72
17
26
67
36
8
83
136
46
17
110
9
49
14
61
39
106
92
91
38
106
17
55
65
22
77
180
59
17
11
74
28
59
26
71
80
37
38
44
179
38
81
29
59
21
40
25
14
81
34
30
65
55
23
55
81
35
40
22
91
60
49
37
83
37
116
47
38
98
232
17
30
29
25
64
44
68
67
86
100
100
26
65
25
64
60
62
25
31
117
58
47
86
54
63
66
45
31
46
104
29
96
20
129
13
43
162
74
70
105
50
79
14
110
48
68
4
65
98
4
42
24
27
165
46
33
79
56
54
73
32
39
31
50
99
24
9
67
65
8
88
136
49
90
62
60
34
67
55
9
100
28
67
6
120
34
62
32
69
46
14
7
122
28
18
153
8
70
59
71
64
51
78
32
60
23
20
13
24
38
20
33
51
189
68
54
35
58
29
121
111
22
58
5
62
45
49
65
54
160
11
43
15
32
44
13
164
120
23
15
8
46
30
43
65
47
38
11
126
19
21
44
123
74
9
69
19
58
57
174
94
67
24
44
126
23
12
61
27
38
80
89
39
24
51
56
133
103
64
57
10
68
47
56
47
49
54
15
37
34
202
16
67
66
42
32
58
163
35
27
85
82
44
14
73
71
253
77
110
72
8
67
44
6
42
60
71
21
25
42
40
33
44
39
11
40
20
152
127
91
59
61
15
56
74
23
32
57
122
22
41
22
74
11
22
56
86
27
103
63
114
45
9
14
59
8
14
6
146
41
18
42
43
33
76
4
49
21
150
119
123
40
138
11
26
95
87
59
134
37
62
47
118
61
66
80
14
28
27
55
52
88
49
103
110
44
61
23
74
44
61
106
37
74
152
70
33
79
24
99
73
5
70
161
50
140
63
38
75
47
31
114
176
86
55
104
61
44
6
48
66
202
19
15
105
103
32
40
38
37
67
103
61
45
127
40
190
58
133
9
21
49
7
63
55
53
25
25
217
25
73
119
63
96
8
145
45
39
98
68
251
55
36
71
103
79
29
26
197
58
78
121
35
104
19
51
176
277
37
62
36
77
60
44
40
124
65
26
54
28
35
7
74
13
78
37
20
57
124
160
13
42
57
225
321
55
21
19
73
116
42
8
83
22
55
98
53
38
36
40
57
22
141
49
55
41
199
114
90
295
65
21
16
5
132
23
97
49
48
103
42
80
15
147
49
26
92
170
29
36
31
20
202
25
4
321
58
25
47
51
57
194
130
109
38
14
39
54
69
69
123
59
23
13
76
227
14
81
7
64
49
5
45
33
77
45
36
51
32
320
55
54
165
63
71
143
51
165
58
26
70
79
88
63
39
88
61
96
4
84
65
42
43
48
61
66
14
53
142
71
23
56
70
6
82
94
350
131
50
41
71
150
109
233
33
94
23
70
58
63
106
31
60
58
51
136
114
39
49
16
80
206
99
18
156
35
55
123
368
24
33
22
64
59
151
222
30
105
96
20
102
41
186
21
101
148
59
211
66
74
77
152
83
103
59
253
193
56
177
178
77
125
123
109
263
83
277
119
182
193
167
153
9
21
21
11
16
41
40
27
29
13
39
40
32
40
42
27
51
30
39
5
38
38
18
29
68
8
60
27
35
46
72
34
59
36
44
18
90
24
33
41
73
73
12
70
52
86
41
71
35
6
19
14
33
49
10
50
117
36
67
49
35
84
116
65
70
25
70
27
40
81
42
30
15
146
94
22
56
21
66
14
78
74
22
13
38
42
74
4
40
157
63
74
61
47
40
44
99
4
30
65
130
123
50
177
69
83
77
54
9
34
121
7
55
40
72
51
130
62
6
13
48
51
7
53
152
48
70
94
65
91
58
67
67
114
49
151
7
74
16
134
15
34
91
125
78
40
17
42
10
117
34
138
9
14
81
23
55
21
65
112
15
33
48
17
49
54
60
44
52
123
43
54
75
52
86
86
27
88
148
112
58
42
54
77
21
74
34
36
36
40
85
140
107
81
15
70
13
128
90
7
10
104
76
132
16
54
4
41
53
81
146
22
85
16
16
64
21
45
110
26
31
6
23
145
51
27
42
19
55
66
25
31
101
54
174
103
162
9
6
45
63
9
66
12
109
24
57
56
73
67
82
45
30
23
50
47
241
163
25
37
52
39
46
67
37
62
55
38
40
11
23
126
96
59
57
118
38
53
44
42
302
63
196
66
80
28
60
71
95
56
131
117
12
43
37
31
26
65
108
30
113
60
85
37
39
49
30
303
46
82
108
69
55
21
23
36
59
54
57
11
245
58
21
31
144
17
21
27
167
57
91
40
58
42
33
15
188
104
143
65
26
378
78
32
78
170
62
81
104
66
137
62
45
95
109
116
203
71
177
19
112
11
35
52
55
122
205
10
126
159
385
27
100
29
205
77
124
88
92
24
33
30
66
45
85
163
60
30
59
24
80
73
39
227
44
55
16
61
51
68
98
78
42
59
49
115
85
122
69
65
83
127
10
232
80
50
9
30
27
39
68
58
76
105
33
7
23
122
48
62
51
64
72
51
130
119
96
131
164
42
4
116
85
62
83
59
50
10
79
136
70
47
61
164
71
57
28
88
41
164
39
114
77
126
109
7
65
5
30
152
9
34
59
78
70
18
46
41
4
28
22
84
133
60
6
65
49
152
20
61
40
20
61
101
20
16
26
66
62
62
21
68
115
66
71
56
61
125
30
37
30
34
57
66
66
18
16
125
65
11
89
122
70
53
26
121
127
67
71
31
17
100
99
20
92
102
67
86
47
6
51
43
59
159
48
90
12
92
191
88
62
20
19
163
58
152
48
56
24
48
105
57
71
4
11
27
60
36
12
91
39
104
169
151
42
55
19
24
82
56
80
48
64
81
34
30
45
12
11
110
34
53
58
70
24
45
26
33
58
214
145
112
33
49
44
45
42
22
33
32
19
91
110
38
67
153
41
27
14
29
7
34
10
63
59
80
48
110
67
16
218
52
156
140
63
6
34
47
18
11
52
17
71
83
90
21
40
92
26
70
68
63
45
33
71
70
47
36
37
48
125
45
122
112
167
246
54
163
52
56
85
46
19
6
54
99
101
17
144
143
151
42
55
138
113
46
18
87
94
28
31
150
157
57
10
39
13
168
26
34
15
43
90
184
46
126
35
62
87
65
32
37
67
63
35
21
85
185
52
146
18
66
76
45
63
29
39
33
174
31
7
44
70
143
45
51
91
87
69
67
45
83
16
83
63
114
84
110
131
15
69
244
124
49
130
29
71
40
88
78
39
23
59
198
107
47
33
74
34
82
132
84
158
11
62
36
24
115
147
82
76
8
52
29
14
152
79
187
231
101
157
48
32
150
18
4
121
15
13
43
35
145
69
70
50
21
144
75
245
100
31
20
62
206
56
37
100
88
195
61
175
26
51
72
46
23
56
61
33
124
57
179
243
59
68
5
33
222
28
16
165
63
124
89
90
66
242
72
37
50
129
75
119
129
73
131
50
103
67
47
83
40
135
133
34
20
84
31
42
196
65
78
77
63
117
32
197
163
288
53
64
202
14
53
75
147
52
23
81
110
148
52
6
200
36
79
130
266
42
115
25
21
7
252
309
14
50
97
43
77
237
123
57
130
50
57
84
66
44
181
33
112
258
155
81
178
89
259
52
95
96
11
33
5
321
149
70
10
45
21
43
7
23
67
61
77
52
165
6
173
101
240
26
71
23
301
164
39
17
49
169
19
55
14
75
15
55
57
70
34
16
6
55
41
61
32
158
220
173
221
77
57
64
41
64
54
74
93
52
76
61
97
172
73
76
100
181
205
143
137
8
8
16
11
4
5
31
12
33
44
11
38
43
55
16
32
5
48
31
35
42
27
5
35
42
46
7
14
17
72
35
6
20
54
60
62
75
45
71
28
21
16
64
79
52
19
15
81
63
62
30
11
33
42
111
42
60
26
36
83
61
33
83
11
78
7
111
60
35
62
21
110
76
54
42
114
14
157
64
39
8
56
129
55
5
85
99
25
19
47
42
27
30
59
171
28
51
7
105
29
53
8
29
49
21
62
48
84
50
67
40
20
35
49
33
44
13
6
46
24
5
64
59
70
52
49
71
119
45
80
4
12
34
26
89
45
60
128
96
108
74
57
23
49
49
113
61
8
9
33
16
49
131
62
78
55
82
28
113
68
110
48
41
61
47
11
56
26
54
67
8
30
83
56
45
21
42
79
20
52
66
55
62
189
46
27
44
54
7
10
177
51
105
24
76
7
59
15
63
26
8
53
54
144
63
64
235
73
9
47
46
71
48
25
81
54
91
45
69
60
82
11
32
38
242
9
29
62
32
51
104
280
40
16
32
66
89
72
66
16
32
100
37
32
81
24
69
73
62
25
133
13
59
50
168
64
63
7
45
29
42
10
8
90
26
119
70
13
55
41
121
23
141
29
110
13
12
61
130
34
180
46
29
75
110
74
108
70
58
52
77
65
44
48
78
115
33
90
11
55
93
75
37
125
53
106
163
60
27
50
39
59
85
5
70
46
103
68
30
43
4
27
58
40
73
63
51
24
65
62
46
25
70
119
70
151
38
13
59
60
26
70
76
24
75
51
10
114
8
96
72
68
30
85
18
27
39
68
91
62
116
43
133
93
97
162
169
117
73
5
55
45
47
46
97
76
131
44
125
71
16
56
29
34
69
63
66
85
108
27
41
124
38
69
178
48
42
41
218
88
244
58
90
49
46
26
107
70
64
46
112
137
90
72
74
74
104
41
110
53
143
68
135
72
83
47
74
237
15
121
119
80
81
26
96
114
71
11
132
36
66
9
26
79
64
33
93
86
31
119
14
28
70
89
40
73
17
220
131
74
157
70
124
43
29
66
130
102
76
39
96
14
14
102
23
54
151
110
57
33
86
24
47
122
163
85
17
141
112
189
12
99
46
24
29
104
34
64
89
37
101
89
108
183
91
26
80
61
52
29
108
81
70
92
158
112
45
73
47
102
19
40
56
167
82
252
127
186
36
47
59
42
118
77
24
167
42
94
72
53
59
99
52
150
31
120
98
46
71
55
74
70
56
39
110
138
23
53
270
77
124
54
28
32
63
29
65
43
62
76
115
129
59
217
19
26
110
15
131
139
29
148
29
86
34
17
85
94
82
17
199
46
92
275
58
100
36
91
32
79
14
86
57
30
192
30
26
46
5
145
62
193
58
61
22
81
47
114
63
132
40
26
52
251
22
81
4
334
89
48
65
71
133
89
5
48
20
77
65
228
76
24
39
8
44
85
13
61
6
84
30
24
22
95
113
44
139
35
45
386
55
119
107
58
41
29
35
42
71
42
219
34
67
5
72
29
58
74
51
4
55
40
21
96
5
21
36
8
109
80
69
51
141
128
105
87
115
473
78
99
68
48
19
97
33
8
49
80
56
92
21
15
52
30
26
74
128
68
15
164
50
29
72
34
165
144
535
74
78
22
26
6
153
131
69
81
14
53
33
74
26
136
15
14
73
50
73
36
59
98
25
62
18
42
61
542
17
27
40
16
87
78
22
114
12
59
28
38
68
43
35
66
27
62
138
44
75
86
54
55
83
77
115
40
54
30
368
71
89
60
10
82
14
18
93
30
62
65
92
26
38
4
82
97
129
18
61
44
42
84
46
130
82
49
109
38
44
52
25
48
102
56
67
119
152
291
11
10
37
78
65
61
58
31
63
114
34
32
12
62
66
80
35
60
70
38
39
158
83
143
70
105
110
86
49
49
47
36
24
181
135
81
10
96
127
118
47
13
26
131
57
57
88
57
34
87
10
98
9
50
80
76
64
81
161
22
67
176
47
55
75
118
73
44
50
41
205
57
39
176
211
139
66
154
75
32
165
150
12
73
150
16
75
121
56
71
56
118
254
139
101
107
53
91
26
228
202
27
7
49
19
21
5
74
66
22
17
50
90
30
101
74
66
260
54
141
48
237
66
42
48
287
7
53
43
20
73
49
10
76
24
40
52
98
60
55
39
66
44
60
152
52
172
28
47
42
33
21
68
34
142
60
49
57
54
15
21
25
58
36
45
25
67
54
86
35
68
90
63
100
9
6
13
7
14
19
19
17
42
40
34
32
36
27
26
6
4
15
16
51
19
12
25
62
73
8
23
80
54
28
24
58
59
43
92
28
66
61
19
69
40
11
30
43
86
44
59
58
65
76
57
6
5
58
69
68
101
40
5
35
22
134
44
41
61
40
61
55
79
48
18
33
35
130
40
4
16
34
31
33
44
50
38
108
57
49
102
41
183
10
38
89
37
59
99
21
6
60
47
53
46
42
106
65
36
79
6
74
68
35
4
53
30
26
60
77
39
176
99
13
47
204
83
83
74
32
46
73
9
56
34
95
85
14
100
163
12
71
31
15
4
143
117
98
37
36
21
57
45
93
105
40
30
66
14
71
7
47
86
12
31
51
12
16
36
68
172
40
4
23
84
102
44
11
30
54
57
14
15
7
13
34
51
43
62
51
9
68
15
36
82
99
22
10
52
60
72
248
82
20
64
12
116
70
70
76
72
6
44
41
63
57
70
34
22
71
43
73
59
57
110
125
30
73
12
81
8
62
267
12
48
58
57
68
62
35
71
12
55
86
116
101
54
35
76
67
59
107
50
70
17
23
40
125
192
69
28
67
34
69
41
79
73
61
56
10
65
184
66
115
28
131
37
32
82
97
22
64
109
32
39
190
24
56
93
136
211
98
48
51
114
69
48
59
32
117
124
123
104
97
42
27
68
45
10
21
242
36
155
186
56
99
47
149
249
96
116
81
111
170
74
53
61
60
124
101
51
136
54
46
78
117
12
104
62
117
62
55
66
261
21
7
76
120
263
80
18
174
51
50
42
116
50
129
86
79
108
5
34
50
171
54
73
12
69
146
25
121
88
139
111
47
116
12
37
44
12
44
77
78
135
88
4
102
104
120
58
28
110
146
100
102
31
148
62
124
62
77
142
22
14
31
79
11
52
145
10
173
83
72
40
99
29
76
13
73
26
136
31
89
77
94
75
121
105
79
20
122
69
48
74
93
77
89
9
169
77
12
28
64
62
9
71
127
131
146
126
44
84
86
76
63
141
56
32
196
119
67
98
73
88
136
132
213
94
34
6
37
78
107
25
162
45
71
89
93
60
115
15
82
57
12
108
34
36
99
47
147
57
72
225
218
70
89
43
80
42
160
102
147
93
24
45
111
126
85
241
16
64
59
38
90
169
143
91
15
171
52
149
48
13
55
30
123
41
33
135
79
118
5
5
95
14
305
180
91
16
116
86
59
5
35
115
85
43
18
110
17
104
70
99
7
38
87
61
86
116
97
142
17
94
169
104
197
84
61
149
231
173
161
181
71
68
45
123
39
116
78
86
31
59
85
25
80
76
69
13
159
103
65
66
199
243
46
49
52
286
218
36
32
62
68
66
82
153
107
77
10
67
71
60
96
28
85
37
9
31
64
76
21
35
61
4
72
14
31
57
31
57
58
108
131
52
40
45
18
30
46
123
30
4
42
56
27
32
60
101
96
41
41
65
19
35
73
41
156
62
67
70
17
95
42
46
45
21
12
87
72
28
20
100
75
89
24
15
5
69
10
85
50
45
21
66
63
193
69
63
65
120
41
118
5
54
92
24
78
74
77
45
29
78
41
30
104
69
16
18
17
62
62
41
110
59
10
36
20
31
73
107
46
88
37
41
78
21
160
65
127
19
64
187
42
36
64
191
90
27
87
44
111
39
71
52
114
94
4
111
21
123
111
38
39
40
103
20
128
111
161
116
215
85
41
10
98
37
224
118
5
62
87
57
125
31
17
172
99
18
188
53
166
76
65
177
66
22
127
85
262
124
87
20
246
28
118
26
130
124
28
115
82
7
13
127
19
116
4
110
88
77
4
144
204
9
34
133
29
51
56
31
60
200
5
58
26
26
252
90
41
182
137
11
58
21
16
68
196
23
163
22
120
43
176
42
73
99
79
197
17
87
26
88
21
39
63
91
228
29
71
183
6
261
44
147
102
72
60
76
61
71
10
113
68
118
70
204
24
95
88
208
100
74
17
147
36
17
170
66
60
15
64
63
140
234
137
121
67
5
126
97
98
36
47
86
107
62
72
170
44
31
231
92
115
16
69
83
29
32
12
73
11
154
26
112
111
54
62
50
96
27
114
48
61
30
27
40
59
24
84
68
73
17
96
43
39
97
24
28
58
198
14
25
5
66
49
12
22
18
45
83
43
127
43
39
58
72
66
49
40
79
9
112
98
16
7
35
43
69
27
102
101
21
87
51
35
52
84
49
56
45
54
189
53
99
83
61
72
83
73
84
105
12
11
5
11
15
33
41
15
43
6
28
12
27
19
43
25
27
25
43
52
35
50
30
57
5
31
53
44
44
27
54
33
37
50
20
57
20
77
63
45
23
24
54
30
41
79
74
15
25
29
70
41
46
78
49
25
4
85
55
103
33
108
123
61
57
38
41
66
70
67
30
52
47
22
58
48
118
86
32
14
131
70
27
51
89
105
150
66
25
52
13
95
18
141
106
61
40
123
15
70
14
43
34
74
61
153
76
58
75
6
91
18
145
38
216
63
5
58
52
20
32
36
69
20
45
198
57
6
20
128
27
147
54
31
24
98
112
11
16
54
185
59
186
42
51
71
46
60
70
51
68
82
187
64
64
27
11
163
66
41
201
15
27
30
155
84
172
61
72
61
202
42
65
118
72
42
78
105
160
65
55
15
33
11
36
81
25
176
51
58
46
266
216
78
15
65
118
36
110
141
85
72
69
48
25
64
252
32
30
109
40
76
13
88
29
107
321
94
134
186
14
174
33
44
30
20
5
51
187
94
67
52
41
63
55
107
84
33
108
333
31
68
122
6
48
50
158
60
52
74
12
54
161
49
68
151
4
47
31
20
39
57
19
33
142
319
44
52
14
61
37
46
57
28
26
66
21
28
44
18
55
65
37
83
10
31
219
58
67
63
73
61
77
199
65
78
16
31
22
95
74
42
96
82
16
78
5
80
112
56
85
23
16
43
63
41
37
8
24
60
116
123
40
59
217
8
139
27
116
28
90
24
65
42
72
106
39
123
80
81
72
9
38
81
64
68
134
10
34
145
54
34
81
6
115
10
47
52
155
132
17
64
59
250
104
67
17
57
86
11
88
87
38
185
13
74
66
130
26
25
137
4
60
49
4
53
68
38
97
29
127
4
40
74
63
47
215
64
40
313
37
18
26
53
78
36
107
51
46
261
71
105
216
70
55
206
41
22
40
145
36
59
77
50
53
14
69
35
211
44
26
84
62
15
54
123
115
291
20
162
18
43
33
13
54
9
13
27
15
39
7
63
46
50
98
75
59
76
92
33
6
82
39
60
10
57
67
67
158
15
85
86
43
166
225
48
80
68
21
51
92
49
87
110
84
102
24
20
7
41
122
38
59
5
49
36
78
84
53
57
40
50
77
97
144
38
34
11
47
64
18
107
50
40
61
7
52
144
164
25
38
25
26
34
58
120
104
21
43
11
63
28
44
149
48
17
133
67
100
28
184
37
120
78
97
197
48
56
34
71
60
75
71
52
149
126
29
28
31
26
6
22
15
67
101
5
49
203
40
61
10
78
77
73
69
150
21
178
45
149
71
88
120
59
59
139
26
4
32
91
145
82
10
21
35
248
15
75
51
66
41
78
17
153
168
71
65
54
96
9
29
152
191
37
77
131
10
147
85
114
60
69
163
20
99
99
22
100
72
58
169
80
63
189
55
32
165
42
50
46
111
56
165
21
73
136
54
201
48
26
158
98
90
22
200
93
60
103
56
48
12
31
95
36
80
49
97
59
50
16
36
25
29
86
73
109
97
100
101
189
35
56
50
77
131
81
64
164
115
59
64
50
259
50
34
18
41
45
91
79
64
27
44
84
108
27
172
85
93
80
131
16
15
86
105
29
120
39
278
184
106
128
11
102
17
318
158
16
115
100
90
137
39
133
36
95
79
153
32
97
10
143
7
19
79
50
230
105
68
201
46
111
61
301
177
45
26
197
92
58
50
25
117
138
85
39
154
19
141
6
136
70
32
170
64
66
112
190
8
226
98
94
11
47
55
66
308
184
104
50
99
13
130
60
38
26
189
66
188
34
7
89
169
157
46
192
26
121
32
51
7
129
61
12
52
373
76
56
4
70
88
224
27
39
15
15
250
10
95
48
199
219
77
161
31
100
42
67
39
38
39
37
46
44
11
74
16
35
66
60
13
58
23
69
20
53
95
62
325
126
183
46
260
45
101
48
67
101
96
5
67
56
32
62
115
59
75
17
302
54
55
111
83
18
41
59
97
5
18
49
41
112
31
22
21
40
111
15
45
55
58
29
43
107
15
58
253
8
31
10
49
16
44
58
76
43
101
33
60
36
62
28
48
159
13
100
71
66
52
22
74
188
74
16
79
25
103
250
108
44
16
16
63
62
40
21
13
11
50
82
63
6
112
31
38
134
72
26
20
149
9
19
8
96
168
21
25
49
323
21
75
61
64
89
74
82
22
69
41
98
96
41
42
166
91
58
48
40
47
57
59
320
96
91
96
81
95
287
125
296
8
7
9
22
14
35
33
32
28
31
32
43
16
8
42
29
52
39
32
24
52
44
46
47
50
67
50
42
38
58
67
45
70
42
55
8
70
12
73
62
77
56
12
61
17
35
16
91
41
32
41
77
63
72
41
29
113
108
86
101
46
22
44
91
100
46
72
59
86
122
56
86
84
5
59
76
47
29
118
5
85
44
94
71
44
152
119
85
42
35
164
21
22
87
107
39
75
80
41
59
68
17
100
122
51
70
35
166
107
45
28
113
7
104
28
13
43
99
96
75
62
49
81
89
79
97
58
146
182
97
66
180
45
84
69
71
68
70
6
7
71
60
42
155
63
84
13
120
110
136
37
25
54
52
153
97
79
48
63
65
67
68
99
57
103
18
52
56
153
67
161
146
165
152
263
34
24
74
44
78
66
4
115
28
8
98
73
118
61
125
233
99
81
178
72
37
95
40
93
127
74
151
142
102
193
86
131
61
114
87
107
179
17
229
137
40
48
57
24
49
75
101
98
269
56
214
108
57
156
33
90
50
88
36
115
169
118
68
177
176
128
193
94
48
69
205
59
169
14
75
49
122
325
87
284
43
102
57
131
28
37
35
19
81
220
43
136
141
52
88
66
173
56
199
6
83
40
51
60
120
14
56
57
36
401
39
332
14
42
52
14
215
98
145
68
78
68
192
90
4
36
43
54
260
12
74
72
203
127
54
239
59
35
6
41
110
61
364
140
394
107
53
18
92
87
131
51
146
22
166
39
38
5
14
285
214
33
105
55
308
7
45
139
262
134
66
168
249
59
11
19
37
173
21
14
106
47
191
8
74
33
41
33
91
61
109
49
118
22
23
89
42
307
288
129
78
256
44
54
13
45
41
151
228
54
63
116
64
34
44
103
37
58
35
78
72
24
117
16
49
76
184
20
69
28
71
37
21
11
103
35
77
311
175
171
284
25
17
68
66
183
25
66
84
102
75
62
184
74
118
99
67
163
63
111
98
162
53
14
68
32
51
41
51
57
37
70
124
40
228
34
43
301
78
46
105
91
26
114
48
110
9
33
32
138
146
100
75
123
16
228
248
196
78
42
24
191
70
34
28
89
82
62
148
284
223
75
15
20
58
86
154
56
179
43
149
141
33
100
188
162
53
243
105
88
15
24
327
75
8
34
156
97
95
91
167
158
195
18
55
29
308
36
101
151
59
27
224
30
85
218
43
113
8
59
183
263
90
109
259
9
35
25
5
159
42
79
166
124
232
49
86
36
15
56
51
34
37
26
119
155
72
52
12
110
93
58
301
74
37
99
181
83
40
109
76
6
67
101
165
78
98
13
67
39
46
178
156
19
15
72
38
97
73
83
294
72
4
25
5
163
53
146
104
10
47
44
41
103
73
38
73
12
119
210
156
67
8
20
84
52
26
28
149
4
66
35
47
42
140
152
339
143
66
111
76
70
111
183
95
54
64
26
11
63
64
73
8
73
90
40
278
229
71
131
7
61
42
81
89
116
203
112
69
181
117
360
28
57
60
164
90
89
84
106
114
106
78
48
265
10
69
151
21
145
62
174
9
106
132
65
63
152
71
104
69
410
87
46
114
156
80
84
30
64
69
78
83
82
34
223
190
143
124
145
10
272
27
22
119
84
60
53
89
89
69
135
255
82
172
89
93
102
36
34
32
30
5
26
69
122
95
126
77
177
28
16
56
55
266
18
17
35
35
121
270
313
87
107
7
65
63
12
53
160
42
137
110
329
23
151
75
66
5
26
13
142
138
45
83
133
101
167
68
44
103
314
321
20
24
160
75
55
42
73
79
23
62
378
66
101
37
77
192
71
36
125
46
68
24
32
85
272
5
132
225
23
69
80
355
5
30
42
65
8
125
58
92
48
83
70
106
77
19
142
31
81
73
64
13
82
49
27
7
22
10
106
44
107
126
178
39
186
79
48
51
13
107
14
72
8
82
86
151
88
119
66
7
109
72
151
26
76
73
24
117
65
20
137
178
51
70
61
227
210
98
20
89
129
197
18
174
87
72
75
50
55
160
70
98
120
43
237
76
45
61
267
63
12
63
59
101
79
51
30
44
20
139
175
120
8
157
15
52
60
45
19
9
28
52
35
80
55
25
199
21
57
24
70
309
62
120
110
129
53
59
54
38
128
106
14
36
30
9
47
53
55
40
34
88
190
71
36
318
136
75
13
61
103
34
10
56
59
153
29
121
67
136
38
29
39
51
51
253
51
65
112
243
57
54
68
111
66
106
73
161
129
101
150
181
9
6
12
13
21
13
12
4
14
5
33
7
36
16
31
28
13
13
48
47
46
35
33
28
31
15
54
14
79
38
21
34
10
27
46
61
32
31
74
82
69
59
13
75
25
35
31
60
79
35
68
119
12
38
51
42
76
79
86
46
37
21
77
46
47
51
80
51
40
56
32
53
130
27
79
40
46
73
17
67
103
6
53
69
46
70
80
78
83
12
73
89
41
23
43
152
76
87
9
65
18
56
57
20
78
72
69
73
17
49
59
4
32
78
44
5
8
48
43
198
150
17
20
94
30
7
59
5
12
36
104
58
59
58
18
116
83
7
91
28
66
46
42
92
31
39
47
114
137
13
61
49
53
42
34
42
64
68
34
36
30
26
29
41
35
31
33
36
63
106
48
39
51
47
59
22
65
27
70
10
22
20
23
54
95
82
66
24
78
34
99
18
82
57
57
133
13
60
60
38
34
51
61
22
43
131
123
46
67
46
73
153
41
61
150
8
55
18
42
41
65
73
114
34
17
116
22
84
40
11
59
26
26
5
13
21
58
66
57
194
47
49
93
85
59
43
41
43
79
52
218
16
54
18
68
53
108
60
47
107
84
58
58
87
71
75
31
67
119
59
257
77
46
126
48
111
46
30
87
160
78
19
23
55
41
19
55
48
39
74
193
10
100
33
92
55
11
104
41
14
167
38
32
42
38
129
38
68
89
61
132
192
103
83
127
24
9
12
19
56
31
154
40
55
40
57
61
99
54
28
30
95
23
69
47
21
204
63
35
125
53
38
14
85
6
57
145
102
36
44
42
17
36
12
7
61
20
81
31
10
32
65
50
41
92
28
57
44
28
71
8
52
59
49
70
46
40
33
80
30
50
66
76
52
45
40
5
53
82
70
5
43
74
102
13
115
34
71
29
59
37
34
31
65
84
42
27
19
29
18
59
103
85
106
19
59
34
9
59
34
26
12
27
52
58
28
5
52
57
10
51
69
58
101
53
22
35
51
5
53
61
103
6
17
72
54
80
17
37
53
28
57
60
16
81
114
92
71
5
50
44
69
22
11
27
52
10
27
60
56
60
27
78
144
70
49
74
41
79
29
31
54
55
147
55
97
82
67
84
87
29
61
11
41
63
101
66
83
26
46
129
17
127
49
40
117
27
26
124
82
129
14
5
57
125
92
60
39
56
23
13
85
142
52
27
5
73
79
62
6
15
43
17
46
93
166
34
26
78
39
16
92
42
6
50
16
47
220
17
79
15
121
69
181
33
126
115
53
157
110
155
61
46
17
50
75
72
61
147
57
24
61
91
208
9
54
37
64
42
41
280
35
174
160
83
5
156
8
161
118
31
57
73
59
25
53
100
18
42
43
239
124
85
42
187
4
79
203
66
30
58
80
20
80
20
64
18
30
8
59
62
40
221
37
53
54
77
17
162
25
111
108
127
143
50
61
51
69
8
50
26
139
77
77
69
41
138
12
13
63
161
47
66
28
83
13
54
43
46
153
52
25
6
72
50
54
48
90
133
39
48
42
110
39
64
42
93
5
18
73
50
30
27
39
78
6
55
29
54
86
15
26
113
32
128
55
59
17
70
176
72
23
78
75
112
42
63
58
33
69
30
68
132
72
57
10
43
49
87
39
89
164
52
68
41
100
5
73
12
50
124
82
8
59
16
14
28
99
69
90
108
96
45
20
49
9
161
141
33
31
59
30
105
38
43
49
12
142
34
81
37
84
75
76
65
42
95
25
106
9
23
59
61
59
114
52
17
17
79
108
15
76
36
134
88
18
46
63
19
53
150
17
39
4
64
99
65
18
152
113
26
30
84
60
22
35
18
157
53
39
54
17
56
69
32
74
76
16
47
37
27
65
29
31
54
168
6
28
47
113
105
59
127
4
43
18
65
15
30
109
38
125
29
9
56
38
28
26
65
20
73
23
35
23
39
24
71
83
9
11
80
44
108
29
13
33
57
123
84
57
33
49
13
64
24
34
44
49
8
102
158
32
49
90
35
47
17
31
78
28
42
64
50
71
26
75
53
5
50
89
58
44
62
55
78
52
24
53
56
70
73
142
53
36
105
50
60
34
45
57
42
9
69
13
48
24
27
100
38
100
28
14
22
82
37
138
91
82
42
28
6
81
48
73
8
74
81
27
146
118
47
37
84
78
136
121
85
56
71
32
64
80
79
11
175
89
24
39
51
49
28
22
153
130
13
128
65
140
38
126
61
43
82
63
152
63
96
44
80
66
106
90
163
60
67
79
96
126
118
132
10
10
18
21
10
23
20
41
4
4
16
42
23
21
54
43
14
30
42
52
20
56
24
18
16
35
27
31
58
104
22
19
47
79
8
92
19
6
44
47
11
71
97
31
111
4
64
125
72
99
14
31
82
86
10
70
14
48
22
33
10
84
33
7
20
82
41
47
69
117
27
34
30
142
22
149
64
30
6
47
51
18
39
60
6
89
83
27
72
38
80
14
55
71
87
80
61
53
27
39
127
36
77
5
101
16
183
19
196
35
40
24
43
31
75
41
86
42
45
14
35
29
14
69
25
68
132
88
11
86
138
127
17
57
51
105
185
15
54
69
132
27
16
131
15
82
36
58
46
69
15
109
49
35
69
13
48
15
217
32
92
125
31
35
113
31
21
99
140
49
28
70
15
28
9
43
37
64
31
57
58
70
116
39
8
281
7
109
68
17
22
29
178
22
48
48
59
13
17
74
80
37
66
35
57
27
41
48
54
12
55
8
127
18
189
73
208
127
72
171
77
64
177
55
69
71
51
32
30
66
122
70
10
39
34
33
70
65
84
15
8
63
74
45
22
24
29
121
45
30
32
96
135
64
106
87
39
5
116
16
87
53
39
6
71
20
52
77
71
143
83
122
110
6
32
21
100
6
29
12
36
102
91
78
43
31
72
31
23
49
5
76
98
147
13
56
29
37
131
34
157
49
22
142
17
119
92
13
21
172
9
98
58
70
15
67
74
115
78
72
77
135
52
22
112
14
164
83
20
36
31
14
190
49
72
72
117
97
156
24
132
65
25
71
37
91
67
27
51
50
34
74
48
57
79
185
31
17
81
12
47
220
70
8
29
36
96
122
4
77
81
28
17
68
199
53
73
55
234
147
12
8
56
81
134
44
5
47
291
15
73
78
141
139
11
29
53
6
83
34
28
50
275
207
76
43
41
60
22
19
8
50
105
130
25
84
17
192
34
24
80
254
39
83
69
100
77
21
110
27
38
46
53
61
82
244
38
137
37
8
50
43
59
58
47
169
106
38
97
38
32
57
7
30
299
26
44
18
152
44
182
23
125
70
92
62
110
53
106
14
90
63
10
51
92
43
77
95
45
122
72
233
52
39
77
29
14
73
206
33
103
82
57
159
258
88
69
62
48
132
44
11
49
51
66
30
189
187
54
108
36
11
62
133
230
28
27
212
58
33
98
59
54
23
107
58
35
26
36
243
33
224
92
63
22
108
234
32
38
64
64
256
68
37
46
35
178
32
42
97
14
28
73
52
230
35
258
30
92
48
95
23
69
57
62
38
88
14
195
90
116
6
122
29
114
45
103
74
48
24
38
53
71
28
23
27
34
20
61
35
272
193
20
106
91
26
13
57
34
77
144
110
184
5
202
79
65
64
17
87
51
41
47
37
4
114
26
76
84
27
34
119
50
72
191
52
9
27
37
84
205
33
236
30
153
98
37
60
39
51
57
79
50
123
41
72
56
192
35
143
67
161
60
79
22
52
119
53
20
75
39
25
100
44
18
11
118
59
296
309
6
41
47
49
13
94
21
7
37
101
58
141
39
182
26
23
70
210
72
229
27
201
102
24
85
157
181
139
117
63
75
44
38
53
30
41
14
327
42
342
124
77
113
45
90
122
49
69
10
73
57
138
94
23
88
201
119
106
86
120
182
91
22
290
102
23
238
61
165
76
64
113
27
77
84
12
93
19
125
57
160
87
207
12
41
133
46
135
176
113
31
5
200
17
35
70
61
219
175
80
113
180
71
133
6
35
40
127
31
29
57
11
162
40
134
39
63
99
287
183
53
85
24
126
58
15
137
78
47
123
91
82
132
32
58
100
74
154
114
184
39
116
25
28
189
33
27
50
39
153
35
6
166
48
46
79
284
15
59
130
59
99
30
42
34
22
85
124
205
74
23
119
23
173
14
16
217
52
65
30
62
78
12
57
37
87
32
83
100
42
39
127
175
101
66
78
312
21
93
200
83
102
82
90
85
29
59
172
120
75
263
29
68
63
66
87
235
135
16
18
61
11
63
65
49
150
51
81
170
132
59
44
86
109
49
18
61
67
193
174
112
310
28
82
199
129
93
53
88
35
20
136
7
197
322
69
112
65
79
249
208
229
114
47
53
66
245
119
65
124
28
142
42
141
122
41
4
190
45
161
74
308
36
141
124
68
19
55
56
39
36
178
42
89
121
22
48
38
167
333
146
96
44
276
130
90
87
60
58
101
71
216
94
145
193
181
96
126
154
326
97
108
190
132
159
285
209
258
239
255
19
33
28
4
41
8
20
40
36
29
13
13
17
5
56
46
54
7
48
18
44
46
54
75
31
4
46
15
12
84
14
34
65
68
64
7
11
26
30
50
29
42
31
17
31
53
47
9
46
23
46
45
21
79
52
12
33
89
44
38
61
36
24
51
30
22
17
31
54
28
43
83
50
82
47
23
16
138
57
67
68
26
22
45
4
48
116
72
29
106
66
20
32
20
16
37
64
25
112
58
119
23
67
44
45
62
75
103
54
36
10
54
14
54
16
61
18
78
19
32
144
41
71
49
65
11
57
47
46
103
39
120
103
49
14
40
53
64
37
8
51
45
58
40
33
95
42
28
13
18
22
72
62
75
34
63
126
25
12
70
20
81
15
63
6
55
31
10
101
83
30
55
20
40
53
44
97
99
126
66
34
19
4
18
65
33
37
141
84
14
114
159
37
45
165
39
39
88
47
101
46
119
73
103
68
24
77
112
27
57
25
39
30
121
20
154
116
51
71
11
28
37
51
61
140
87
9
193
109
217
14
32
39
147
46
42
111
58
18
152
78
31
28
8
74
61
111
13
61
21
119
85
86
66
166
201
70
176
43
74
101
76
28
202
112
37
55
81
19
292
7
224
62
51
29
182
122
85
64
19
153
69
38
18
90
45
68
98
167
53
127
54
194
42
130
45
156
5
85
63
62
53
4
230
24
292
44
46
12
213
115
112
151
219
77
42
9
72
68
73
124
87
196
81
41
52
183
49
73
23
51
85
13
17
316
39
8
6
63
46
51
11
68
160
42
142
114
13
101
90
198
174
51
115
36
103
46
45
68
58
11
55
262
54
46
89
48
49
20
45
23
17
70
31
58
110
81
32
144
71
121
23
166
51
14
55
78
52
108
19
43
66
77
115
307
100
48
57
85
23
123
51
56
90
148
14
141
36
41
9
38
55
121
39
78
125
59
4
14
50
44
76
373
16
63
27
84
50
49
40
70
158
21
106
106
24
8
85
42
26
64
8
30
54
30
136
37
10
192
63
61
69
89
272
83
48
158
50
60
140
10
141
39
22
40
140
91
49
58
25
59
41
16
146
18
288
262
25
118
24
65
187
129
24
55
87
71
170
40
30
39
57
209
18
46
307
48
120
111
52
55
6
121
26
19
61
58
135
62
88
48
17
23
195
67
46
43
133
36
54
35
63
15
179
18
40
47
42
46
133
86
73
26
149
33
17
66
95
34
6
241
28
52
32
43
61
95
31
39
27
15
48
102
172
35
39
8
47
25
154
159
25
59
41
60
24
143
23
45
90
45
55
52
34
118
46
204
67
28
49
16
23
64
26
115
160
59
33
67
131
10
50
78
99
91
76
52
42
30
13
22
162
116
74
75
73
20
41
13
4
22
29
76
49
61
29
291
51
102
66
76
20
42
95
100
33
64
55
10
62
131
107
68
86
7
127
157
122
96
94
77
41
71
93
54
66
80
39
162
133
75
94
49
24
21
89
13
49
203
7
30
60
82
20
49
66
92
51
12
133
12
16
19
94
67
59
22
105
101
59
55
141
54
48
102
93
31
76
36
97
200
9
55
82
161
101
19
110
79
133
4
89
112
99
103
35
136
44
68
17
24
54
78
14
33
39
89
51
77
38
40
51
86
114
50
279
11
66
17
104
33
160
59
69
81
59
41
39
140
45
70
69
53
24
19
51
5
225
25
7
57
60
37
67
83
15
25
21
46
43
61
15
39
122
25
67
48
225
4
31
22
112
32
93
87
118
62
51
16
63
46
30
75
60
42
61
43
27
46
45
37
165
51
37
23
176
70
102
35
107
32
35
8
5
22
63
46
106
67
7
66
48
21
7
19
27
30
70
11
64
57
71
219
77
29
8
40
22
81
137
123
182
35
67
51
75
28
60
61
167
35
107
14
61
36
14
109
108
88
44
73
44
62
52
76
28
88
10
85
79
38
46
307
118
14
79
194
103
211
166
12
60
26
42
135
110
46
141
115
25
114
44
73
94
112
54
145
50
126
47
40
32
167
85
45
96
78
63
377
89
70
13
84
26
89
93
67
248
14
19
8
66
102
67
86
8
62
29
95
50
70
73
117
85
107
100
67
43
36
152
55
119
166
72
66
40
124
86
418
60
27
104
132
50
72
28
75
97
307
5
13
9
54
19
52
89
61
86
85
77
66
13
85
60
178
82
203
123
188
49
166
164
121
54
227
47
65
123
55
400
130
119
104
157
104
249
131
76
247
269
216
120
142
289
172
162
141
250
221
150
14
4
10
17
20
31
24
17
35
8
45
18
44
56
38
10
42
62
37
5
4
65
50
4
11
64
28
22
49
27
66
22
20
51
26
34
57
49
60
4
45
58
65
27
111
22
91
21
11
6
63
59
11
14
60
76
5
13
8
71
63
17
63
95
31
132
76
6
118
68
42
51
57
76
24
42
6
155
89
73
71
46
12
90
10
60
135
87
72
9
53
85
52
35
122
21
129
47
51
79
41
56
38
62
125
121
42
4
67
189
62
66
154
53
53
36
65
43
163
84
39
18
49
15
60
42
86
115
18
73
7
108
121
73
32
71
54
63
62
31
204
101
30
71
98
16
45
16
117
9
58
37
95
65
52
78
66
74
42
58
11
7
65
78
106
111
58
14
37
87
64
29
106
40
52
79
98
29
70
70
100
138
28
50
65
89
93
64
17
9
14
72
9
94
14
62
51
39
26
33
58
22
76
173
90
19
64
86
30
37
53
37
53
11
15
43
58
63
77
72
47
31
126
40
24
74
62
97
68
24
27
116
23
146
92
68
83
28
96
48
41
77
31
116
5
32
80
87
23
59
46
78
60
92
10
82
43
23
30
33
61
150
61
74
74
62
80
34
25
64
8
19
26
65
63
132
25
43
17
118
71
50
44
85
46
47
100
35
65
43
49
55
76
80
15
58
50
232
132
56
136
19
23
76
13
93
91
14
135
108
76
66
161
60
84
40
119
74
95
130
39
27
155
29
135
67
271
87
187
48
48
102
5
139
27
54
174
155
90
40
182
109
77
110
19
76
50
18
33
19
78
53
71
104
240
6
76
52
164
67
247
173
82
31
4
83
18
22
68
97
14
11
49
227
83
125
160
195
12
17
106
51
78
40
92
94
90
51
110
118
91
74
66
36
222
61
73
52
48
28
42
309
174
178
85
8
58
103
7
25
279
84
160
159
147
140
6
127
130
76
19
119
18
95
101
151
62
32
25
146
62
136
16
173
88
58
112
42
43
22
117
202
36
198
11
42
212
309
71
177
74
94
182
77
42
144
57
83
69
119
88
225
104
40
19
47
33
138
10
48
55
190
19
59
198
262
31
52
28
68
212
165
4
31
229
83
112
113
164
141
171
110
31
34
260
23
39
6
73
240
72
21
87
11
77
72
247
44
93
322
10
70
69
47
46
29
99
57
70
53
150
88
320
19
54
57
18
74
149
48
23
15
143
95
28
181
67
60
64
56
5
122
85
43
81
82
11
172
6
28
71
115
324
83
24
96
46
65
17
114
36
73
59
402
31
75
36
50
27
159
53
21
219
45
111
64
232
125
94
30
95
38
145
38
78
8
11
57
107
124
22
183
219
19
70
172
66
100
198
18
41
4
30
10
118
253
149
90
13
21
112
111
269
36
81
14
285
100
89
75
4
71
66
18
36
177
76
45
22
104
130
28
120
68
86
68
147
177
107
65
61
67
302
22
9
197
296
4
268
67
55
29
68
113
31
111
36
86
71
123
53
60
52
154
32
69
25
302
59
65
61
49
196
111
18
100
61
25
26
120
64
69
18
70
33
39
114
65
25
221
54
50
91
75
97
205
9
28
38
17
33
10
164
77
29
50
127
19
114
21
59
113
41
31
23
54
117
38
118
213
24
33
11
50
25
53
71
51
14
177
142
179
65
5
18
124
67
13
82
9
188
61
90
7
8
25
59
125
13
65
13
65
50
59
230
30
53
9
31
234
10
83
28
102
29
78
32
8
96
36
217
131
53
9
81
33
70
66
56
51
170
61
35
171
156
32
251
141
40
27
31
49
42
49
44
159
31
23
59
38
4
35
36
52
168
76
17
106
42
60
156
67
13
45
47
69
11
34
7
41
68
58
49
62
56
25
41
95
83
80
12
29
41
100
69
59
31
19
9
10
79
68
16
218
53
13
37
44
64
104
109
54
123
44
54
44
50
14
6
30
50
146
22
74
6
82
74
18
76
14
53
67
59
250
103
42
17
44
70
67
9
54
74
73
46
83
12
33
167
71
34
61
14
118
40
67
55
10
80
62
153
109
46
60
92
304
47
49
13
22
79
52
81
16
85
65
45
26
54
22
70
13
52
151
80
129
35
18
139
66
76
94
53
119
178
216
137
48
49
218
106
25
15
18
112
59
74
137
82
127
11
155
69
71
66
27
26
122
36
55
124
23
122
86
49
80
94
67
186
136
267
30
15
129
39
52
213
10
41
46
60
31
61
104
39
43
77
46
49
106
103
116
281
211
107
109
241
167
121
156
18
13
29
8
28
31
24
4
28
37
15
30
49
57
37
45
32
42
13
26
8
78
44
8
25
61
76
7
33
8
11
30
42
24
65
110
64
47
72
16
56
45
25
51
28
63
15
121
54
36
43
12
17
70
5
12
119
39
30
58
57
5
4
12
25
172
25
7
66
9
43
40
100
28
54
8
21
11
34
38
66
48
66
31
23
44
41
13
13
58
46
61
21
58
74
25
40
65
38
98
49
61
90
32
13
30
6
39
58
26
55
52
11
62
73
57
60
25
17
35
22
100
18
71
60
16
131
11
45
25
33
43
57
101
107
40
5
10
48
87
4
39
113
45
53
64
181
66
25
55
26
63
52
100
59
70
62
94
49
36
20
30
51
52
61
78
37
103
63
68
43
81
97
64
66
71
102
117
132
19
43
17
39
62
30
70
71
22
34
54
92
24
17
89
55
40
6
77
82
43
170
148
111
88
73
84
48
101
46
32
39
6
79
112
6
49
95
62
72
135
32
59
112
44
72
190
46
69
101
142
54
22
28
29
73
4
22
37
158
13
79
51
44
25
51
122
53
31
94
53
207
56
33
59
34
58
155
84
59
86
38
26
78
52
50
57
52
62
76
35
33
47
64
112
100
81
35
47
102
199
53
22
53
58
122
71
66
113
231
47
49
67
125
88
36
34
76
130
121
149
54
52
79
104
9
25
5
17
98
96
50
9
51
175
8
134
126
68
124
39
23
204
38
38
42
91
112
35
49
31
15
29
25
106
178
20
68
10
36
21
65
56
6
139
13
56
45
81
25
76
59
45
44
181
14
164
39
18
116
101
50
43
4
48
18
49
51
31
60
40
14
59
33
11
11
41
15
10
157
28
25
23
47
47
49
32
6
24
48
66
116
57
63
7
47
54
98
4
26
128
35
10
57
54
78
66
33
61
49
45
50
216
5
16
118
49
18
79
26
59
184
51
117
119
67
84
84
14
32
52
60
16
107
42
43
67
65
41
46
64
192
27
19
65
92
136
196
74
27
58
14
43
57
17
60
51
75
118
42
72
44
62
54
66
129
8
56
31
122
12
71
33
213
40
43
7
37
111
38
37
56
62
61
57
59
24
49
29
11
69
8
65
73
53
23
79
44
65
65
13
45
55
130
76
15
158
54
90
31
13
37
50
46
100
23
50
26
40
127
65
80
129
6
34
29
46
100
99
5
130
55
29
90
97
131
47
32
128
27
80
160
88
20
38
74
72
120
169
57
104
48
159
75
89
5
167
35
6
42
55
77
19
49
11
189
128
35
38
141
120
60
40
11
19
155
48
101
11
75
47
63
62
44
223
61
4
74
52
87
24
123
68
53
16
205
34
53
32
154
44
21
40
25
87
72
66
47
255
10
12
28
58
91
214
10
153
101
97
181
53
102
67
76
66
45
119
10
295
92
44
57
54
158
5
96
32
125
9
4
28
281
152
108
136
27
53
27
141
69
176
68
66
61
54
91
47
169
63
217
41
53
192
118
161
107
11
145
10
123
16
125
157
41
170
146
29
103
19
349
6
35
215
5
40
21
77
24
95
39
119
55
31
115
30
23
149
69
236
25
126
192
51
163
21
13
128
173
68
8
310
35
15
54
30
69
91
53
58
44
77
56
156
124
36
74
22
205
71
157
38
222
54
28
5
42
73
105
209
70
235
12
153
14
45
157
17
235
10
329
46
38
26
53
59
108
19
78
62
87
98
81
22
138
13
96
84
7
90
143
67
50
63
22
20
68
59
78
38
152
89
92
6
36
52
221
10
205
110
99
96
118
24
54
75
55
84
12
166
110
91
100
50
34
109
61
85
87
16
108
90
50
130
186
62
10
81
130
114
67
51
69
202
30
123
175
28
32
69
75
35
87
56
95
59
42
40
250
144
85
175
49
15
113
17
33
171
150
133
30
61
88
38
92
67
201
123
31
247
103
49
31
73
51
97
90
191
85
113
141
17
149
12
136
19
36
61
234
35
75
72
64
55
64
133
25
175
4
279
24
18
200
10
76
165
256
13
36
94
13
51
34
109
44
149
185
73
43
119
19
4
132
62
201
9
68
180
257
219
341
49
18
44
157
48
22
59
18
158
8
22
35
64
7
12
143
7
89
7
8
59
173
127
118
194
59
30
26
44
86
14
372
76
30
120
18
24
10
52
75
68
38
133
66
12
31
132
43
171
54
145
23
56
23
101
59
15
102
460
27
18
22
119
56
43
45
114
191
57
79
105
500
91
109
521
501
527
516
509
425
418
9
4
21
11
28
14
13
4
38
11
34
48
33
17
24
6
28
11
31
20
30
53
16
23
51
80
34
13
15
17
8
37
71
40
4
34
38
46
51
47
17
70
56
29
29
15
40
40
23
55
37
42
22
11
28
7
48
16
85
29
25
83
16
68
8
22
29
38
30
62
41
21
66
35
26
85
72
29
82
79
64
28
20
18
94
25
16
109
68
62
38
42
62
136
79
58
84
27
51
17
102
52
95
91
14
80
46
42
19
66
42
79
104
42
42
149
56
117
145
43
146
36
43
124
42
60
57
34
121
53
30
96
11
62
122
61
65
12
23
46
27
32
110
61
48
28
24
88
137
162
77
99
21
60
64
102
35
26
108
44
40
67
152
25
56
70
92
21
187
71
10
18
67
54
86
43
88
6
11
64
214
62
69
65
53
6
16
27
30
65
16
71
59
126
166
64
34
62
76
61
25
23
83
47
73
47
64
97
140
74
20
27
77
71
33
53
34
42
14
73
14
68
37
69
19
102
123
137
62
9
59
101
71
32
27
33
41
35
70
15
66
222
48
115
89
98
22
112
130
79
44
65
19
57
51
54
24
27
20
77
6
36
7
68
31
32
109
65
32
95
102
96
13
176
73
51
54
80
5
169
130
46
184
211
47
81
57
78
67
59
33
103
46
99
67
49
106
39
8
133
112
99
56
42
12
43
32
85
47
154
114
72
241
193
45
47
99
77
27
79
84
82
51
28
20
5
95
24
32
13
37
90
34
62
28
44
45
57
272
66
49
53
163
21
52
190
43
56
41
110
51
52
26
131
39
42
5
52
170
303
43
39
52
32
140
48
65
107
92
31
113
46
121
31
53
130
66
63
61
72
189
29
70
55
61
45
191
44
78
233
23
36
27
8
8
8
124
26
162
54
46
48
43
197
31
141
63
13
95
34
38
102
33
9
80
66
63
30
124
62
23
81
85
57
10
129
35
140
56
98
64
224
110
133
68
10
162
34
34
43
52
14
12
91
90
25
93
67
21
54
59
64
159
51
75
63
59
154
7
59
68
49
8
113
36
38
6
34
101
87
21
8
30
118
24
116
124
216
60
54
63
26
47
50
33
61
37
20
32
159
53
71
10
8
126
67
229
20
50
93
56
19
72
29
38
6
59
43
25
53
64
62
65
97
36
75
23
77
157
71
12
146
56
288
56
49
83
29
46
156
35
14
81
33
80
52
71
26
58
60
65
105
121
52
18
16
146
16
150
14
38
22
62
28
39
43
7
80
72
42
16
235
50
27
68
8
30
59
22
16
122
51
148
87
57
44
68
55
12
53
61
49
92
98
30
22
40
26
162
113
62
34
65
43
92
24
72
99
72
59
114
7
61
15
35
7
7
100
77
57
79
64
25
15
69
159
146
60
72
17
35
59
32
46
46
109
71
16
93
48
135
66
40
25
50
99
56
149
82
61
40
93
65
99
51
58
125
72
39
86
74
145
52
88
93
141
95
37
64
62
33
30
101
118
11
68
45
93
52
74
88
91
111
185
169
8
124
76
84
61
81
106
24
215
35
81
61
27
23
75
126
47
89
30
29
29
119
56
101
73
108
163
78
151
71
55
130
60
145
141
69
113
187
34
90
83
292
89
73
68
84
26
204
40
46
69
75
28
114
34
90
18
35
14
103
222
35
25
123
93
74
203
129
153
184
141
79
252
7
18
17
28
47
287
141
64
54
30
184
133
15
90
69
82
73
52
50
20
44
118
36
66
178
41
97
42
113
168
69
12
87
227
17
167
61
295
103
114
56
74
132
61
83
63
123
22
62
117
57
60
132
85
101
92
65
196
63
154
58
85
122
81
48
53
235
112
149
5
163
87
127
46
120
47
67
4
182
52
153
65
50
124
138
176
34
95
7
53
70
261
55
4
60
11
7
27
57
20
31
78
59
114
158
34
34
26
18
22
113
45
22
103
32
155
195
110
75
4
52
141
40
247
25
12
77
32
12
51
69
9
67
78
26
182
26
60
61
89
20
95
235
15
51
74
63
21
39
19
68
71
87
33
205
58
63
98
48
55
217
71
12
94
58
75
68
13
63
232
11
50
63
6
74
78
77
51
5
109
52
85
20
14
40
33
38
28
113
164
75
51
78
84
113
76
30
268
28
8
119
148
75
36
103
82
33
76
98
81
14
29
22
73
65
124
51
45
10
115
74
62
165
82
69
56
48
37
37
197
35
56
32
225
78
81
143
89
81
79
85
222
230
252
125
121
263
266
290
256
257
246
9
17
16
12
20
6
32
36
42
31
46
29
39
15
18
49
39
43
25
16
82
27
5
48
25
36
58
91
43
50
21
19
20
42
106
58
26
59
20
68
83
117
22
6
36
62
57
112
63
63
113
48
51
24
43
42
66
50
90
25
61
8
59
58
19
41
14
15
34
67
59
52
65
51
71
113
45
78
60
62
55
92
86
26
49
70
47
60
31
41
116
72
49
21
33
27
35
82
65
73
102
65
115
78
136
58
66
34
7
33
47
40
68
12
34
151
43
35
51
7
44
17
24
162
38
49
13
26
127
104
65
49
94
47
6
15
91
51
63
33
60
38
24
31
21
226
66
89
4
74
7
11
52
60
48
33
125
51
36
148
40
13
7
56
66
24
69
79
90
93
57
115
92
40
35
11
62
41
36
47
13
24
12
4
43
73
58
101
73
63
52
10
74
17
64
40
145
129
35
66
16
164
7
172
50
59
52
42
61
49
44
41
64
49
45
50
38
58
32
10
71
6
97
75
18
107
78
22
19
27
215
51
38
157
89
99
23
63
27
26
82
95
26
19
74
36
29
53
103
63
64
93
26
62
56
15
25
76
56
45
30
141
24
38
4
96
41
177
149
22
144
46
36
42
82
12
51
108
12
51
29
37
37
8
116
137
6
41
89
142
64
14
10
58
149
68
54
42
222
38
12
73
64
89
67
149
33
226
138
70
65
5
59
72
142
86
38
12
36
19
55
194
43
218
58
95
52
140
38
56
34
55
202
122
55
44
66
36
40
158
20
4
96
210
38
36
252
74
54
33
256
179
145
21
43
15
29
4
40
41
52
46
25
43
248
35
53
294
39
159
160
195
34
20
69
31
39
25
4
32
70
11
58
38
40
85
15
20
53
34
136
97
50
350
193
28
223
93
15
125
43
23
37
59
23
55
70
34
11
40
42
72
34
44
76
324
60
16
57
72
50
191
53
204
78
33
38
28
124
98
22
43
137
28
36
72
61
89
90
303
114
35
29
74
54
82
15
65
48
76
212
64
75
229
31
76
25
54
43
26
60
30
68
15
11
140
8
27
350
214
17
9
49
36
44
42
82
7
41
169
170
61
35
36
131
76
125
110
47
48
44
199
56
71
29
281
154
64
52
33
124
411
95
87
79
84
295
26
86
86
44
27
108
25
34
125
68
64
193
125
38
48
93
63
134
424
203
96
49
62
215
64
86
55
91
146
163
42
46
91
21
25
71
41
8
121
77
108
126
71
10
43
19
466
114
7
7
4
66
71
140
19
128
32
87
193
51
60
120
39
44
88
210
29
13
34
83
6
177
64
54
60
111
11
75
20
78
57
24
121
162
91
35
85
6
56
80
179
45
55
37
42
33
137
34
21
44
98
53
108
54
54
8
274
78
38
97
69
51
8
66
33
124
108
54
6
126
116
20
36
98
65
34
4
39
177
63
80
6
64
80
15
44
78
77
59
153
77
31
77
13
5
55
7
30
37
66
62
14
111
55
50
45
87
46
22
86
8
32
37
74
57
139
43
149
27
80
77
75
47
77
212
100
79
87
121
5
69
85
37
141
93
161
25
136
92
43
70
67
57
162
25
19
9
69
48
77
125
26
15
123
76
168
70
177
102
117
49
131
37
37
221
47
12
26
63
53
52
19
38
20
20
42
9
175
43
69
148
70
97
85
30
60
24
62
98
37
73
75
49
123
14
74
106
6
49
64
9
125
87
26
45
59
128
10
203
58
18
40
12
212
87
35
28
5
17
161
140
22
39
95
107
88
59
9
76
43
17
93
52
132
80
17
203
21
87
38
100
41
80
17
44
30
274
58
142
45
91
135
85
52
210
47
38
144
26
33
35
37
57
12
6
112
86
74
158
43
12
68
149
27
339
40
68
14
77
193
210
66
63
82
79
93
26
91
12
63
28
35
124
24
37
31
45
48
46
10
102
40
232
78
65
78
61
172
13
60
388
60
248
42
81
57
42
36
146
32
35
41
21
88
64
34
119
62
58
19
6
47
115
59
44
424
176
50
38
9
35
78
206
67
64
61
65
61
22
36
14
55
90
69
34
60
66
433
19
48
57
40
40
102
244
32
6
27
51
11
70
57
18
75
69
50
36
67
72
43
68
446
86
29
121
5
76
51
45
5
25
33
105
8
55
18
122
14
119
19
94
38
49
36
9
32
40
62
178
32
127
27
13
50
57
64
62
50
59
61
14
37
39
72
87
59
41
160
62
65
148
50
105
60
64
65
80
92
162
103
190
120
163
