15
14
13
18
18
18
12
9
16
21
14
7
5
32
12
16
4
22
28
4
14
39
29
30
28
11
17
17
37
6
27
23
12
7
5
4
4
22
19
12
31
34
65
5
15
19
43
14
60
39
29
29
21
22
35
32
34
25
9
64
16
21
17
68
29
8
77
33
22
12
20
13
33
62
84
27
67
5
11
23
29
18
57
34
34
31
30
32
25
35
14
122
16
21
8
34
34
36
61
28
27
56
32
65
28
5
13
31
27
24
32
40
32
6
31
70
35
30
24
72
37
45
45
104
37
16
17
37
20
4
12
10
45
5
64
12
8
51
43
39
45
22
10
58
5
13
7
24
6
18
4
50
10
54
12
62
47
37
8
19
42
34
30
7
33
22
33
28
46
82
28
27
22
94
10
34
43
57
33
61
27
20
113
119
5
25
38
10
47
55
9
16
14
29
26
26
23
46
12
39
16
14
29
13
35
11
39
84
23
21
28
31
14
12
4
26
62
27
48
38
8
42
31
37
20
62
21
21
35
16
27
5
45
42
17
27
63
28
32
21
58
41
46
36
20
49
87
14
35
52
39
21
20
91
21
44
18
62
49
29
12
4
10
47
52
35
42
22
38
5
8
97
56
15
16
15
45
39
27
25
9
56
5
85
26
14
41
11
17
6
41
24
19
27
38
55
40
29
24
17
66
21
22
36
39
35
51
107
9
68
16
14
38
27
28
4
34
25
31
12
47
5
4
54
40
35
29
43
22
15
29
52
67
59
37
25
65
33
25
46
32
26
33
16
11
39
5
8
37
26
24
34
5
16
62
9
44
20
16
11
71
30
11
48
27
9
28
39
15
11
48
84
5
26
51
18
18
7
26
14
51
12
25
16
32
60
11
26
7
73
9
56
4
102
46
20
23
27
52
65
14
116
22
7
37
47
32
11
29
102
56
52
17
53
9
4
10
14
30
20
6
9
53
54
5
62
12
4
16
7
5
50
9
14
64
46
42
19
54
30
4
52
14
42
40
20
34
18
12
24
45
52
56
38
72
4
8
6
7
11
26
45
34
68
6
56
50
46
58
69
48
52
20
4
58
40
97
24
37
77
58
48
61
33
60
29
94
61
41
62
59
81
54
91
57
92
56
149
121
190
5
4
12
8
14
19
5
6
13
16
5
18
13
9
18
16
22
7
11
4
6
11
26
30
18
18
10
19
8
15
29
9
31
4
28
6
30
17
24
27
37
8
36
10
11
10
18
24
38
4
7
19
25
32
27
10
42
6
53
53
26
6
14
12
7
25
36
59
61
47
10
9
52
46
32
56
52
35
62
56
30
14
64
17
9
47
46
6
55
8
35
19
19
34
63
58
14
14
10
46
116
74
21
46
21
8
22
22
12
54
61
54
22
21
24
54
19
39
36
40
9
28
32
13
38
26
6
19
12
41
61
51
4
5
29
23
63
21
70
10
11
12
40
18
29
44
70
40
60
89
10
36
83
31
8
53
41
31
28
8
74
4
33
48
63
93
6
44
58
54
25
86
27
44
24
73
12
41
35
83
35
9
22
27
35
56
18
37
82
25
13
53
47
12
24
36
6
35
38
12
69
39
35
42
77
15
51
57
11
4
37
44
37
19
30
23
4
16
26
40
68
19
47
25
50
5
72
14
16
23
67
59
34
92
26
4
131
35
25
10
19
61
31
36
110
72
24
21
42
23
40
10
70
14
48
69
13
32
17
62
94
55
5
59
33
84
39
42
46
45
56
29
29
27
38
61
85
57
60
48
51
19
62
44
11
90
26
11
6
49
98
4
63
52
77
53
18
80
60
62
35
74
81
103
4
55
53
36
34
42
31
19
86
64
51
21
45
103
38
21
7
96
33
45
5
56
133
15
52
108
16
49
27
10
45
38
134
40
7
17
31
29
4
12
25
59
20
6
8
70
11
30
8
46
54
5
8
9
5
65
24
113
57
81
20
57
4
54
15
28
64
43
66
30
55
71
54
63
69
35
55
34
34
30
64
31
30
4
67
17
28
35
23
37
37
9
46
8
51
6
25
47
19
28
4
41
7
41
14
62
5
144
7
54
68
8
52
6
78
102
63
22
61
50
31
15
65
68
5
30
8
34
59
11
37
22
7
55
49
43
54
71
33
62
13
11
77
8
69
98
37
114
69
49
36
63
57
35
36
97
53
24
118
33
20
13
8
5
62
6
59
67
73
24
4
30
41
101
13
53
153
60
64
49
90
56
61
160
163
46
51
55
62
92
128
69
101
100
93
162
4
4
4
11
16
15
22
13
17
20
28
17
32
18
7
21
31
18
25
19
48
26
17
28
13
4
9
16
21
31
4
45
14
19
19
28
45
7
14
33
16
17
28
17
42
17
21
30
16
13
47
4
7
39
65
50
39
81
53
45
60
36
51
66
27
53
15
34
18
31
18
31
30
4
23
20
5
66
32
28
10
23
50
58
4
19
54
54
4
20
63
9
49
42
26
19
41
87
46
5
25
40
5
28
46
103
26
58
30
60
50
75
66
53
32
27
4
42
39
41
64
104
55
78
15
13
100
75
41
52
86
89
61
61
71
88
102
54
19
4
13
28
55
58
75
55
4
36
58
41
93
73
37
168
33
86
117
38
14
59
63
66
124
59
39
116
96
39
54
29
53
30
62
31
44
42
53
28
64
40
61
55
62
16
24
60
136
34
91
135
41
114
50
101
113
91
67
89
94
12
39
69
105
54
31
43
110
73
115
35
90
42
31
129
6
64
30
101
45
35
12
4
82
122
36
14
35
47
73
71
28
20
58
130
54
44
100
91
37
38
50
77
20
9
18
43
148
70
9
59
96
56
47
43
28
124
68
20
72
61
55
83
169
12
55
27
37
82
58
61
36
32
11
139
36
67
83
11
48
5
66
30
26
46
55
193
4
15
55
71
62
18
44
14
44
40
82
48
24
48
6
147
41
43
45
30
37
37
59
61
25
18
28
5
61
100
58
63
178
67
16
23
83
12
64
41
63
77
21
21
41
64
34
20
43
48
70
21
12
48
54
42
79
66
50
61
55
43
101
25
49
41
7
23
82
30
9
62
50
46
54
30
25
18
57
47
88
128
68
34
12
31
47
57
7
19
13
24
4
51
74
33
96
37
39
19
116
22
29
21
51
57
34
13
46
28
12
27
64
35
53
11
23
21
106
34
24
27
31
17
7
26
13
11
33
14
11
6
16
21
57
27
8
45
53
24
79
15
13
11
10
66
11
59
61
7
19
24
64
24
40
38
48
20
26
48
45
57
50
11
26
26
54
43
53
60
58
50
23
6
28
63
22
58
55
6
51
4
47
17
43
36
67
15
12
17
52
5
47
46
12
4
15
45
19
39
14
30
49
29
36
41
51
39
71
68
104
109
59
67
4
8
9
10
13
4
9
20
8
15
28
7
11
23
19
17
27
25
12
15
7
36
23
10
18
40
27
9
4
30
32
51
47
17
49
8
41
36
70
12
18
38
7
56
4
34
30
24
10
48
13
20
19
26
73
34
43
11
12
12
12
50
24
14
6
30
9
26
27
31
40
24
56
7
24
29
26
10
24
23
55
28
21
7
27
99
4
15
51
48
40
7
50
49
41
17
115
6
31
19
25
9
16
25
36
6
7
37
37
18
9
28
4
53
19
47
22
31
59
60
87
21
17
44
11
75
27
55
22
44
60
25
74
32
13
35
51
32
60
57
4
11
6
12
22
13
58
50
56
117
36
33
64
59
44
47
22
7
27
57
65
36
34
4
54
25
135
38
15
28
15
32
24
31
51
108
8
11
51
51
56
117
30
113
73
22
39
27
11
25
59
5
53
86
52
41
113
11
41
78
50
9
22
170
7
63
79
48
59
44
46
8
19
30
56
58
59
53
10
38
118
66
99
13
10
78
12
63
22
85
53
54
13
17
40
13
9
21
35
78
5
16
15
57
58
17
10
33
16
15
57
4
49
29
37
13
45
20
14
35
4
36
51
26
36
14
30
20
5
38
23
26
49
38
42
77
30
48
86
23
21
14
61
14
88
59
52
62
27
4
18
44
17
12
65
69
25
37
11
32
105
21
48
39
33
9
48
35
38
44
42
59
31
39
57
28
9
30
40
9
54
27
168
4
37
91
45
10
17
32
8
73
17
52
35
8
4
58
31
10
25
24
86
27
27
20
69
4
43
56
9
38
42
45
27
21
5
142
36
66
4
6
11
51
40
41
24
64
151
33
12
63
52
5
46
40
22
92
8
59
58
77
44
24
55
34
38
11
18
46
78
97
49
46
27
12
75
37
23
41
6
14
51
37
45
59
19
33
45
7
52
29
5
33
23
55
61
67
12
39
66
4
49
37
61
17
25
57
62
71
114
72
17
7
56
53
59
68
36
28
26
35
46
67
35
35
46
22
43
63
55
46
10
40
13
30
60
33
135
4
51
20
43
41
9
8
46
56
8
58
7
36
25
86
64
28
49
19
35
17
97
65
55
93
37
91
36
92
60
61
53
51
55
117
60
67
73
132
103
138
6
5
17
7
19
10
15
19
5
4
7
21
11
6
22
11
24
14
21
11
9
8
5
6
22
26
23
19
31
32
15
6
24
15
22
5
35
28
14
34
26
53
10
12
29
20
21
24
24
30
35
48
42
12
20
36
47
23
39
40
10
30
37
15
37
30
7
41
13
44
36
75
40
8
63
49
52
10
47
40
54
61
6
52
55
6
63
64
50
6
37
65
36
13
42
12
11
58
53
17
54
43
51
64
27
26
8
54
63
51
8
74
65
21
24
30
44
32
19
15
30
43
37
38
57
22
28
47
11
29
15
21
33
93
53
33
92
15
34
35
32
61
65
29
16
42
4
9
27
77
35
50
6
36
5
5
54
25
4
28
47
24
19
40
14
36
17
41
18
63
31
5
103
70
52
5
123
127
18
25
67
60
41
47
10
47
16
5
70
15
12
5
14
56
31
61
20
34
46
86
16
9
41
4
8
35
14
58
26
24
27
121
22
15
25
28
24
56
9
30
14
23
26
43
12
38
52
48
54
30
21
52
12
29
25
50
28
24
11
23
11
103
46
4
23
26
94
34
10
63
127
5
87
42
82
56
7
12
47
6
31
53
13
22
26
80
93
91
31
75
5
55
29
84
29
67
9
5
68
5
10
7
54
51
54
5
33
25
12
29
21
26
61
11
31
9
35
31
95
58
5
43
34
26
66
29
21
41
19
50
42
4
46
43
46
6
77
24
28
50
31
57
37
29
68
54
39
18
36
4
24
23
5
4
23
19
19
71
14
33
104
109
22
24
66
41
31
87
52
20
19
19
32
48
22
43
4
34
84
35
33
60
63
4
61
63
27
56
32
25
7
27
49
60
79
14
63
50
75
25
26
30
64
35
35
49
15
152
60
24
33
75
87
54
18
50
35
52
119
75
13
63
34
118
7
69
49
10
56
63
11
45
52
33
24
53
66
24
43
52
21
34
8
34
58
24
35
15
7
76
26
42
95
12
28
46
5
20
59
17
46
12
62
25
46
31
6
75
23
31
43
39
11
27
23
37
24
23
57
37
36
11
15
57
80
100
32
41
75
85
59
73
35
50
56
10
4
12
26
23
59
45
33
23
57
50
37
26
70
53
89
56
78
52
101
50
84
123
161
199
4
4
14
12
20
13
24
12
18
8
4
20
18
19
4
30
30
7
17
10
17
13
16
9
22
9
14
11
29
34
10
27
11
9
8
9
15
34
6
27
15
14
14
26
8
6
12
51
18
22
5
4
27
51
13
35
41
14
19
6
6
5
23
34
31
15
37
42
14
26
6
28
44
46
41
11
4
6
30
27
15
30
6
45
18
23
15
11
36
41
37
29
12
41
28
33
5
23
28
30
25
25
14
6
42
31
5
27
8
42
35
53
6
25
4
32
26
26
22
28
8
5
33
55
47
24
7
10
9
41
13
47
23
50
20
5
5
6
48
5
8
24
37
24
24
45
19
48
17
23
15
52
53
16
13
7
69
31
56
58
41
69
41
4
23
25
35
16
42
54
27
11
47
8
16
55
60
41
7
27
4
4
26
74
11
19
50
70
60
9
29
18
42
40
13
47
21
50
69
49
22
8
26
54
32
54
14
52
58
116
5
19
48
24
5
21
63
5
23
40
25
17
41
43
45
63
28
22
26
16
44
47
34
27
4
55
35
54
71
58
4
13
14
65
42
23
19
19
48
62
33
6
27
20
84
29
28
53
16
12
60
63
50
15
6
5
49
38
7
37
16
47
19
51
52
40
62
46
54
36
38
26
44
47
29
78
44
31
17
4
25
12
7
44
5
97
16
17
64
89
78
23
51
8
60
20
67
37
6
47
49
58
32
26
25
25
20
24
13
55
14
36
21
4
19
50
21
49
55
34
41
49
5
108
27
25
48
36
51
25
77
26
45
40
78
67
66
4
85
42
31
40
4
8
41
104
49
14
5
40
38
28
31
12
5
72
21
49
34
37
27
52
38
40
7
48
12
46
4
11
61
32
14
35
56
32
39
4
47
6
21
25
14
19
5
28
72
8
77
63
4
80
40
72
29
9
48
55
12
26
12
41
45
37
16
37
44
68
8
58
50
99
50
60
10
21
36
64
30
10
43
39
20
63
17
33
29
43
25
58
45
6
99
29
40
12
46
18
31
48
30
48
5
27
31
41
12
53
14
5
12
45
56
31
81
17
18
4
46
23
25
5
52
27
19
58
88
4
48
6
61
38
36
49
17
57
27
70
79
54
63
62
55
59
67
34
66
48
60
99
4
8
4
9
11
6
9
17
6
11
6
14
21
21
25
4
28
24
35
13
27
22
33
27
36
33
18
35
45
15
25
41
6
27
34
19
33
18
16
19
20
32
27
37
29
4
15
21
24
43
10
48
14
7
6
24
63
33
45
14
7
31
19
28
19
13
16
17
38
41
9
54
31
11
27
20
20
18
29
25
20
20
42
16
58
49
56
56
29
30
10
75
24
15
41
10
41
17
27
41
36
61
26
4
34
49
8
31
12
35
11
11
25
38
11
9
13
5
29
5
14
8
4
19
21
35
47
30
9
54
63
48
59
46
12
46
24
43
36
43
28
48
54
39
8
21
14
44
71
54
27
7
4
4
4
45
24
48
18
35
47
22
33
28
46
36
42
40
8
23
76
27
43
40
25
31
19
41
46
40
34
9
39
33
31
23
50
51
33
33
12
46
9
11
19
23
42
42
26
5
54
66
63
20
58
91
18
25
54
33
51
29
68
55
48
49
56
6
9
35
41
48
48
28
6
61
13
55
13
4
87
52
152
64
70
65
140
62
28
52
88
66
79
39
34
51
35
81
59
31
68
101
48
23
22
57
45
60
88
49
38
7
83
17
67
18
107
19
165
61
33
111
55
48
13
52
31
26
86
4
33
50
8
53
53
121
25
53
130
51
107
105
13
9
6
41
15
4
24
46
218
17
19
57
5
50
17
31
41
75
76
5
61
90
94
58
104
9
27
10
65
42
107
37
10
22
16
10
61
17
60
121
46
40
6
56
44
36
55
61
97
63
27
50
51
49
29
92
38
4
79
136
49
135
17
48
28
13
50
6
27
39
55
17
18
45
57
33
31
49
109
27
12
12
15
5
30
97
53
32
39
5
38
16
49
27
24
24
68
47
7
26
70
38
74
21
12
30
68
30
36
18
98
6
52
45
96
87
50
21
20
22
86
34
23
39
29
4
57
5
36
27
59
65
79
54
24
59
27
103
13
45
63
32
4
44
90
33
54
73
112
5
13
57
65
13
57
40
63
49
23
28
67
89
31
24
125
62
75
30
34
5
43
37
50
40
69
14
17
47
53
29
59
53
75
72
29
5
39
6
95
20
30
131
41
56
23
36
84
21
54
79
45
40
76
51
117
53
59
96
13
6
17
4
22
9
7
6
7
7
13
29
4
24
5
14
9
14
21
34
19
6
29
13
7
11
35
6
18
25
7
33
24
9
33
32
19
46
38
20
48
32
27
42
17
8
5
27
28
7
7
32
5
27
30
53
29
70
13
41
26
13
23
9
37
28
17
10
18
47
27
8
6
34
24
6
55
11
7
50
34
107
17
19
64
44
61
4
94
40
16
65
6
67
61
67
62
15
40
16
6
24
5
29
23
68
50
27
19
13
66
13
70
62
33
59
38
28
29
37
75
4
62
60
17
53
33
62
18
61
27
6
38
45
24
27
11
55
83
57
7
15
34
18
34
15
53
33
60
39
51
33
49
30
27
14
40
26
57
44
22
43
4
39
28
56
32
50
39
26
17
4
10
32
37
37
27
11
21
4
88
39
13
10
4
21
48
9
80
89
7
32
80
20
48
23
37
22
9
46
60
17
41
9
4
31
31
4
5
20
12
38
20
63
50
71
4
39
70
53
26
48
35
37
5
52
41
21
63
52
31
30
53
8
57
45
61
20
46
34
34
24
41
32
4
62
24
21
34
4
53
12
49
33
66
7
51
36
51
36
22
40
12
25
27
44
27
43
8
17
26
31
4
78
62
31
33
7
40
18
5
47
59
8
52
94
12
69
42
118
25
51
70
42
36
9
115
31
19
28
64
9
11
20
20
42
28
49
62
19
50
35
24
50
62
19
60
4
20
46
30
121
53
13
56
42
40
35
38
65
66
33
42
31
34
41
48
56
98
64
18
55
61
53
16
30
71
23
115
46
21
69
5
70
8
60
48
71
23
13
15
21
18
60
22
46
41
22
48
43
50
106
19
39
58
40
42
20
8
22
43
39
49
17
13
61
31
9
45
57
49
50
44
8
49
41
81
43
29
4
74
9
9
4
102
58
55
95
53
51
8
9
38
28
5
8
30
30
27
13
35
23
31
8
95
52
14
9
99
11
90
28
20
29
48
28
27
10
57
137
4
24
24
110
56
40
9
61
62
27
30
23
6
52
11
139
57
33
44
44
49
35
50
23
33
4
4
20
26
19
17
34
14
28
162
39
13
45
17
42
6
28
10
102
13
97
68
46
60
37
35
31
29
90
67
56
156
91
58
56
9
9
19
15
15
16
19
4
5
12
26
28
13
25
5
32
15
21
12
8
7
4
9
24
24
10
20
19
35
29
22
12
15
16
4
7
10
7
17
30
13
37
4
21
8
20
42
5
11
38
32
4
10
12
6
8
5
14
6
5
14
25
4
41
13
12
81
22
17
30
40
26
30
48
21
19
8
21
10
8
10
22
56
21
34
7
19
40
16
19
10
13
58
49
55
17
26
52
53
19
36
35
4
15
35
15
41
13
55
60
6
33
20
18
15
66
43
40
10
42
8
11
66
40
67
13
31
10
66
41
45
65
49
26
107
70
114
11
59
50
47
47
96
12
30
45
54
9
81
61
17
68
64
8
73
5
45
38
45
25
85
58
38
19
4
45
117
110
36
22
23
81
32
51
14
54
64
39
32
16
61
8
41
15
69
8
20
50
9
5
6
17
55
21
30
52
19
98
41
50
62
32
52
23
45
46
73
45
42
55
63
65
66
22
33
36
23
8
56
58
13
9
28
146
74
58
9
44
68
25
35
69
29
100
55
17
32
47
49
22
6
56
68
7
38
32
150
49
74
64
81
121
24
64
92
125
92
37
60
41
36
18
55
53
43
63
11
55
4
63
50
10
17
23
111
4
85
7
55
15
77
77
25
35
20
12
27
27
32
12
119
74
71
40
13
10
112
44
12
17
106
65
116
113
78
8
44
29
63
63
105
30
27
55
45
54
28
66
94
44
40
4
22
28
49
69
17
8
18
50
27
38
43
87
63
30
33
51
4
24
35
6
8
58
41
5
13
23
50
36
4
43
21
94
40
43
63
19
42
4
46
8
62
61
71
31
120
41
47
34
8
7
22
18
27
66
48
30
20
50
38
7
15
56
34
18
35
32
27
20
105
7
87
30
51
71
22
7
53
6
4
37
60
59
45
54
6
57
34
29
27
38
35
5
4
24
21
13
6
21
9
63
30
12
33
36
6
42
16
47
60
5
17
15
33
32
15
60
47
43
22
39
34
24
32
75
51
10
35
35
33
63
27
12
42
13
10
45
73
26
30
31
17
41
22
39
35
15
7
39
4
56
21
32
44
60
27
40
69
52
12
4
24
27
26
49
15
27
31
18
45
29
37
30
40
34
43
39
57
41
5
5
4
10
4
9
14
7
22
23
18
8
18
11
8
14
24
27
13
27
18
6
8
7
33
10
12
12
19
18
34
40
17
4
12
27
12
41
61
28
13
7
10
4
13
24
28
41
19
37
22
45
24
28
43
17
30
44
7
19
15
17
49
5
28
36
47
28
59
26
25
5
23
50
19
39
9
56
6
7
41
40
6
15
31
26
26
18
21
49
6
8
48
71
38
24
48
22
20
13
4
61
10
32
66
24
9
8
30
47
48
19
45
52
68
52
11
6
38
92
4
18
52
14
93
31
55
58
50
26
79
30
5
6
49
15
16
14
43
45
14
25
25
35
29
20
5
50
11
34
12
22
40
26
31
47
28
43
10
19
4
62
7
4
20
11
46
12
53
20
52
5
17
72
8
72
55
30
32
51
41
47
20
64
73
21
59
91
15
38
53
26
41
14
58
59
4
51
31
26
13
57
12
11
17
12
131
12
66
52
11
18
34
4
39
10
12
34
16
40
59
66
30
10
4
31
31
34
55
70
47
50
57
21
62
69
64
94
42
58
54
13
22
58
55
8
52
46
43
4
41
4
34
63
40
98
52
40
93
19
145
22
7
52
10
116
57
44
47
40
36
98
64
20
70
62
123
42
12
34
46
19
63
8
13
51
25
60
29
63
4
42
33
61
34
38
50
15
27
9
4
43
22
63
31
123
34
11
46
33
31
15
27
25
5
53
52
33
48
12
38
26
32
66
34
35
79
31
39
41
37
38
35
32
9
48
26
32
83
6
31
20
45
29
16
10
37
4
41
21
4
39
44
8
22
11
48
31
87
20
53
45
44
65
5
7
69
49
52
51
44
29
57
85
28
16
72
46
17
45
42
11
37
17
5
43
50
17
66
28
11
39
8
25
6
85
25
47
5
109
22
18
54
73
54
55
63
23
50
5
4
89
28
21
30
46
28
28
6
49
20
10
56
47
48
17
21
12
51
17
33
33
66
47
22
30
11
49
105
60
14
4
12
51
47
18
20
28
30
18
55
34
33
22
37
13
40
6
14
36
29
15
24
13
26
30
17
12
18
12
22
20
18
57
21
20
59
24
56
25
18
61
7
39
67
68
57
20
69
56
41
60
61
61
85
61
67
93
80
73
6
4
8
5
17
22
5
8
7
21
10
13
10
11
8
18
32
17
4
20
13
5
23
9
5
8
22
30
8
12
28
7
4
9
31
14
22
22
39
21
19
5
52
19
21
4
9
42
69
33
30
6
10
5
25
41
13
31
17
16
38
13
11
17
14
58
26
43
17
67
40
20
19
37
24
8
25
51
41
42
31
24
34
8
10
14
57
17
33
10
41
33
6
56
48
17
45
40
36
22
28
23
38
4
43
30
37
49
81
6
34
57
60
22
62
15
38
35
43
38
14
58
28
47
5
25
6
34
4
42
37
40
11
60
31
32
22
46
27
41
50
5
15
47
9
79
49
29
52
38
58
14
4
30
53
28
55
40
29
33
32
30
27
14
30
43
35
64
7
5
39
12
13
54
6
11
19
37
15
27
50
5
17
40
10
54
32
25
6
6
54
4
105
31
50
9
11
37
13
8
52
5
9
68
34
5
29
24
7
8
41
6
21
34
8
19
14
8
5
60
51
28
5
27
47
4
22
35
24
43
24
44
22
42
22
78
33
6
44
12
51
6
60
41
4
39
4
40
64
8
61
21
43
12
10
43
49
44
27
48
8
37
22
20
48
35
23
71
82
49
17
31
59
31
4
68
41
45
46
5
41
94
11
23
102
51
26
62
7
42
13
25
17
18
17
18
31
49
101
25
4
36
75
50
28
9
27
57
97
27
20
30
36
14
55
43
8
27
19
90
4
14
32
39
68
32
39
53
15
20
30
69
52
4
69
50
55
62
73
138
61
5
30
63
35
91
70
36
21
73
4
69
26
40
67
7
44
4
30
9
35
15
14
23
63
56
49
38
13
101
42
55
22
22
43
51
8
66
33
77
46
54
17
58
20
80
19
4
45
45
29
43
5
28
5
28
43
118
49
13
9
5
62
69
28
48
107
30
17
31
15
21
11
21
5
42
7
12
35
4
39
28
16
56
89
22
45
26
33
43
39
49
69
4
36
114
32
32
58
64
52
100
66
109
44
69
42
60
24
52
43
59
54
4
30
64
49
4
46
47
57
19
5
38
42
47
27
20
74
21
32
29
6
5
33
23
60
20
8
72
33
49
113
28
25
49
9
66
33
21
38
18
105
24
40
33
94
81
84
82
6
13
11
13
12
21
5
10
24
26
4
12
26
12
11
26
14
19
23
8
24
13
4
14
10
6
28
17
7
39
21
38
27
4
26
10
38
28
62
32
10
29
12
9
37
19
28
6
44
55
30
33
57
4
13
33
34
5
7
61
7
9
46
44
24
33
83
14
54
47
6
16
37
34
36
66
60
60
38
29
4
14
18
33
20
46
56
45
15
8
59
59
19
50
68
12
9
62
66
24
55
17
9
27
29
54
19
7
110
32
61
8
7
92
77
6
26
42
99
54
7
23
55
25
34
34
43
11
57
31
29
72
28
88
41
74
5
68
57
57
46
46
38
8
56
98
4
14
34
30
13
55
20
25
4
74
70
24
28
26
75
10
49
52
36
88
53
37
68
52
10
7
36
31
7
58
20
120
102
9
27
45
21
64
6
63
4
84
45
92
42
17
50
53
65
47
53
61
67
14
59
65
53
14
28
26
76
21
12
55
56
67
53
67
16
66
89
31
8
22
52
34
57
28
6
14
104
22
62
71
48
114
47
39
21
25
74
25
33
45
16
72
27
54
30
25
99
17
6
37
17
47
19
21
29
37
73
32
11
85
19
35
23
34
55
11
16
36
24
37
36
8
16
4
41
24
20
8
54
130
4
13
12
92
34
92
64
137
37
59
70
69
38
32
49
48
5
62
58
8
36
16
20
51
84
56
29
11
13
68
16
38
39
67
64
60
5
50
26
96
6
31
121
9
68
6
25
20
55
44
36
28
15
40
22
25
29
34
7
36
89
30
11
8
23
10
14
16
49
31
67
31
36
47
4
11
17
26
68
45
70
17
26
23
77
5
35
47
74
45
5
28
13
12
75
49
18
66
10
24
48
10
98
22
26
39
67
23
8
70
31
33
21
60
52
7
68
65
8
51
13
4
10
14
126
30
4
6
12
20
109
14
20
55
47
9
22
63
19
49
4
5
54
13
10
11
30
57
32
41
98
9
39
45
11
51
24
34
55
5
35
10
21
39
25
13
46
53
8
6
53
7
7
4
4
29
9
20
15
30
8
38
12
10
54
13
48
9
32
36
10
26
7
33
53
13
50
52
61
8
4
4
22
61
34
40
68
41
59
24
56
57
55
47
86
43
56
71
45
68
4
5
8
11
5
18
5
17
12
19
5
15
5
5
15
22
20
18
10
8
26
7
26
12
17
18
21
18
11
7
15
5
34
22
6
12
23
42
6
10
6
7
14
24
18
5
27
28
6
5
14
15
30
4
26
38
26
4
17
25
5
19
28
18
9
23
9
64
7
16
41
45
55
58
57
55
24
21
58
31
21
40
36
8
46
29
61
33
23
6
45
62
68
46
4
45
63
14
5
17
12
104
44
47
51
65
87
70
10
42
96
49
38
63
7
45
17
58
56
23
36
19
49
62
100
64
102
12
31
14
46
4
91
43
9
87
20
74
59
22
35
6
65
154
53
41
56
6
152
78
142
8
8
61
5
11
42
144
35
28
45
25
20
41
89
16
37
55
11
43
33
4
23
40
12
22
4
17
59
23
186
8
27
21
29
5
12
61
39
76
40
41
9
43
46
106
20
33
23
36
13
8
47
4
5
14
23
26
7
37
20
7
52
58
60
8
38
106
64
24
16
103
55
88
103
19
20
17
7
12
4
53
9
5
21
8
58
60
32
36
17
11
70
59
42
46
30
13
42
17
49
68
49
4
50
4
15
40
22
5
20
26
9
54
59
57
24
6
53
45
44
44
4
4
22
32
10
15
7
11
37
13
20
51
22
45
35
36
29
20
33
36
15
25
37
23
6
27
32
49
11
30
46
46
5
42
6
37
34
10
10
35
7
11
27
16
52
62
18
52
68
69
42
60
20
48
49
24
98
45
38
36
14
64
41
45
8
16
11
41
55
11
54
9
14
20
91
61
34
71
4
39
19
11
69
69
38
60
68
56
60
38
58
67
64
22
44
50
41
17
30
19
22
49
6
39
29
58
49
7
6
8
22
39
7
23
44
16
27
51
28
12
23
79
70
25
13
43
14
26
23
39
4
52
41
35
58
60
20
36
111
59
47
30
24
36
7
19
20
54
11
69
36
25
35
84
29
56
83
20
45
23
27
53
64
61
58
55
65
51
37
67
55
51
57
39
27
26
4
28
40
10
69
56
65
40
30
57
51
7
79
91
45
12
125
95
51
20
6
113
45
117
5
28
52
10
115
79
23
60
83
10
83
59
61
49
58
132
62
60
54
57
70
56
143
55
113
167
145
115
11
10
15
14
8
20
24
19
9
6
14
15
28
29
7
11
6
14
32
14
10
30
48
6
31
5
8
16
11
24
4
13
25
17
13
6
6
21
40
29
15
19
32
12
20
21
45
21
11
54
37
61
65
16
18
33
12
30
33
7
18
54
20
5
32
64
4
52
12
56
8
59
28
4
4
31
24
29
6
32
25
66
41
32
41
31
29
46
18
6
8
44
66
28
61
85
26
71
4
59
74
32
37
8
25
37
44
47
18
65
23
25
46
28
25
14
5
7
66
21
4
18
52
56
50
15
58
122
27
14
30
50
64
11
70
61
35
49
69
20
59
76
9
25
54
53
52
73
14
51
16
49
47
11
32
105
37
26
32
31
12
17
50
17
51
21
38
54
49
28
20
25
67
128
43
7
18
49
15
86
66
32
35
54
122
18
47
92
53
10
45
42
53
26
112
14
63
69
11
109
47
4
56
150
85
7
49
19
7
42
44
6
82
57
37
42
29
91
31
106
28
37
48
13
76
107
61
46
62
18
65
34
52
16
5
6
6
70
34
38
66
9
51
14
50
37
61
94
123
139
58
31
37
7
146
94
49
24
25
98
37
65
69
63
53
27
52
21
34
13
47
4
125
5
59
25
42
12
114
18
130
174
39
140
108
37
60
91
125
56
62
183
30
58
47
78
52
59
105
60
69
44
106
56
71
19
4
85
23
8
52
25
20
19
6
13
71
27
9
66
71
141
24
30
31
28
135
41
48
64
231
93
4
63
54
17
26
50
30
25
55
26
36
53
31
25
28
21
27
5
155
40
38
5
22
24
11
14
15
27
148
25
6
26
32
20
24
6
115
14
7
77
16
4
88
76
11
76
6
152
293
106
67
38
180
11
95
104
87
84
81
182
84
51
24
46
7
52
148
41
65
63
18
45
44
45
30
39
33
19
53
27
7
25
24
45
60
22
52
38
35
145
8
84
34
4
8
33
44
15
76
63
5
23
52
54
29
16
56
56
42
58
16
34
30
38
40
62
66
26
31
59
18
58
74
33
21
44
50
62
12
11
4
20
24
7
55
64
5
59
69
37
20
24
41
50
6
34
50
71
36
14
23
8
23
83
56
37
59
48
35
45
30
44
34
42
62
106
51
56
10
12
12
15
5
16
7
9
11
12
8
30
12
10
24
20
10
31
28
9
4
35
9
6
9
29
12
16
21
14
31
22
8
37
15
8
33
25
5
39
5
14
23
17
34
25
49
44
39
22
16
9
17
15
23
20
21
33
9
4
52
39
35
37
51
13
30
9
55
55
45
16
29
16
19
51
31
81
52
40
24
23
16
4
71
62
72
76
58
42
45
4
77
19
5
39
8
46
47
64
45
16
4
45
63
6
13
49
50
59
5
10
20
40
9
50
15
54
17
24
50
65
60
18
53
68
8
13
6
25
43
45
22
19
53
33
46
50
14
4
28
65
29
15
12
26
6
23
26
30
14
56
48
19
53
13
19
55
54
17
22
48
19
4
46
29
27
19
60
82
53
42
20
16
47
29
41
4
11
57
54
9
58
47
28
19
4
18
21
28
13
50
48
8
19
7
4
28
32
28
20
5
14
55
103
20
12
14
38
4
57
24
78
34
43
77
22
34
52
28
39
12
32
65
25
51
16
65
37
47
61
67
59
18
61
57
51
76
32
33
15
17
24
34
76
53
73
33
19
55
108
55
86
51
49
57
9
19
119
30
69
113
12
36
19
95
58
4
108
30
110
24
18
77
5
148
56
20
4
29
56
53
21
32
56
63
76
39
16
35
36
108
60
4
37
48
152
60
113
135
32
24
17
89
60
26
147
45
84
5
10
111
42
80
8
61
85
41
41
38
4
44
21
48
91
44
58
103
27
62
48
74
146
13
30
202
25
24
42
56
11
27
42
46
17
82
34
40
4
14
49
4
5
23
47
18
22
32
41
5
15
50
26
8
17
22
45
63
39
52
39
60
19
14
66
39
44
4
39
4
16
54
17
29
47
14
13
65
64
18
23
7
34
31
35
19
66
66
45
66
70
49
67
12
5
10
42
57
52
57
35
62
51
45
50
5
28
36
28
17
19
5
92
10
25
86
16
17
76
21
78
55
50
30
19
45
22
36
89
5
75
5
4
55
8
48
21
5
5
16
31
21
11
42
12
74
28
22
7
18
18
39
38
4
64
68
56
8
45
60
8
19
7
31
27
15
15
45
10
31
7
36
12
51
21
19
11
27
24
46
16
23
43
30
31
53
49
55
51
66
