4
4
8
8
12
12
16
16
20
20
24
24
28
28
32
32
36
36
40
40
44
44
48
48
52
52
56
56
60
60
64
64
68
68
72
72
76
76
80
80
84
84
88
88
92
92
96
96
100
100
104
104
108
108
112
112
116
116
120
120
124
124
128
128
131
131
135
135
139
139
143
143
147
147
151
151
155
155
159
159
163
163
167
167
171
171
175
175
179
179
183
183
187
187
191
191
195
195
199
199
203
203
207
207
211
211
215
215
219
219
223
223
227
227
231
231
235
235
239
239
243
243
247
247
251
251
255
255
258
261
262
268
268
274
275
279
280
284
284
293
294
298
302
306
306
310
312
323
327
333
346
348
355
385
419
10
17
47
54
88
17
25
54
32
62
13
16
94
69
102
30
56
53
137
35
35
73
38
75
69
75
112
103
112
4
18
31
38
152
58
71
29
72
195
111
23
72
106
31
18
241
13
66
28
146
71
23
61
284
34
36
68
62
7
195
104
69
327
80
82
43
32
50
241
147
115
370
125
86
75
284
187
158
168
324
221
20
23
34
19
28
16
18
264
370
66
66
80
62
71
62
37
64
416
102
74
101
453
23
490
60
527
561
595
33
632
70
35
672
34
4
75
712
27
74
41
749
29
67
783
66
20
27
26
823
103
60
27
7
67
69
866
67
5
47
40
903
45
77
937
32
971
66
1005
1039
25
8
1076
62
42
8
13
1116
102
42
53
30
23
1159
93
57
70
26
1202
136
113
69
20
1248
57
1285
18
97
1325
41
61
1365
13
84
39
1408
31
56
127
4
82
68
1451
167
41
105
1488
139
1522
173
1556
207
1590
22
241
1627
59
15
12
21
585
52
49
58
622
89
656
123
17
35
696
57
13
75
94
47
112
36
84
73
121
15
113
35
161
55
69
8
7
201
37
106
45
47
241
77
6
87
40
121
155
18
189
5
55
20
223
5
4
48
60
39
44
88
73
36
33
84
128
35
36
113
76
76
75
73
153
7
113
40
193
47
80
233
33
67
32
104
69
34
29
38
10
21
36
77
9
75
84
56
58
73
52
13
86
31
47
65
30
84
36
99
70
124
39
79
113
167
82
122
207
122
244
159
32
22
66
56
100
14
48
7
8
41
42
19
18
11
56
55
45
23
79
57
4
116
41
153
6
21
190
40
58
227
95
264
27
61
28
5
28
35
39
68
40
71
73
78
111
32
7
83
18
72
117
47
28
58
84
62
95
14
23
127
39
16
60
69
82
59
103
35
122
12
140
72
159
49
40
109
9
35
202
86
83
52
14
78
38
245
126
126
54
78
282
163
112
34
37
29
152
68
77
69
9
117
109
49
17
157
149
89
51
197
189
234
226
7
271
263
32
41
22
311
69
78
38
59
72
93
34
27
68
61
37
34
20
77
74
60
24
120
117
64
154
101
191
35
138
69
103
7
11
5
24
143
44
51
45
61
81
12
20
4
9
55
63
47
52
20
44
90
95
63
87
13
22
14
141
31
50
62
4
54
181
71
16
28
91
47
218
45
59
71
128
255
85
99
35
165
125
199
72
233
26
10
270
11
66
44
34
310
51
14
71
347
88
51
34
384
34
68
9
424
74
49
464
114
501
151
32
18
541
191
66
38
61
5
584
78
39
621
36
76
655
17
29
8
689
82
60
72
51
723
125
757
88
18
25
794
16
14
58
62
831
56
13
57
101
865
27
53
138
902
64
172
939
23
30
979
63
70
1019
22
181
59
37
221
8
28
77
35
45
65
114
72
7
41
16
30
53
67
7
104
4
29
47
18
147
38
72
14
58
187
21
51
20
22
64
94
63
65
29
15
63
17
52
27
100
54
64
88
30
28
14
67
62
27
51
61
8
95
42
129
13
5
6
47
42
21
6
46
84
82
58
46
86
28
95
120
29
68
66
105
10
6
47
43
17
34
84
80
54
71
121
37
28
94
62
74
108
11
10
148
28
51
50
62
88
87
35
69
21
22
55
56
30
8
96
36
22
6
73
51
59
76
43
12
99
17
49
35
51
25
142
75
85
65
9
112
102
43
5
39
11
8
19
48
6
42
59
43
12
46
80
19
53
4
31
38
65
72
99
133
34
13
68
7
50
44
17
19
51
53
12
46
33
80
37
35
73
77
75
114
23
13
57
47
36
91
6
9
14
76
128
39
49
46
57
165
79
89
83
41
97
4
75
10
41
13
47
47
30
28
67
65
37
71
36
33
73
14
70
33
51
18
15
73
33
49
58
70
16
86
53
123
17
22
51
56
90
124
158
192
226
4
4
8
8
12
12
16
16
20
20
24
24
28
28
32
32
36
36
40
40
44
44
48
48
52
52
56
56
60
60
64
64
68
68
72
72
76
76
80
80
84
84
88
88
92
92
96
96
100
100
104
104
108
108
112
112
116
116
120
120
124
124
128
128
131
131
135
135
139
139
143
143
147
147
151
151
155
155
159
159
163
163
167
167
171
171
175
175
179
179
183
183
187
187
191
191
195
195
199
199
203
203
207
207
211
211
215
215
219
219
223
223
227
227
231
231
235
235
239
239
243
243
247
247
251
251
255
255
258
264
264
269
269
274
275
279
283
283
290
291
296
300
303
306
310
313
314
318
324
328
332
337
341
349
352
359
361
363
372
383
387
389
398
401
405
409
412
430
438
441
448
452
472
473
484
491
506
521
528
540
558
565
574
595
602
608
632
642
666
676
700
710
734
744
768
778
802
812
836
846
870
880
7
904
15
22
20
920
7
50
42
55
62
63
963
50
9
82
21
34
1006
49
37
58
74
1046
74
89
34
98
1083
71
1117
25
21
25
1154
62
58
62
29
23
1191
105
11
69
63
1228
48
106
100
1265
33
19
146
140
1302
38
73
7
21
12
189
65
14
183
31
116
1354
26
93
64
62
232
67
226
9
25
123
162
72
89
110
1412
44
84
151
281
275
61
74
175
27
1458
90
194
327
321
1495
70
231
367
361
1532
28
15
116
24
32
404
34
1572
74
61
64
33
38
72
43
453
1615
83
16
107
110
82
83
87
1655
502
147
47
65
123
1695
542
87
15
105
163
43
30
1738
585
23
33
61
70
86
1781
625
63
76
1818
662
100
113
31
150
9
20
71
190
19
49
57
30
56
6
15
97
67
23
96
46
28
58
60
83
65
95
11
132
48
13
47
24
30
20
16
37
61
70
21
57
12
62
83
64
55
9
11
43
7
45
80
44
79
20
54
7
5
7
41
7
36
45
47
70
47
85
34
68
10
5
38
6
50
45
40
78
4
115
41
27
6
5
161
70
49
48
16
21
20
6
85
56
19
61
60
36
46
128
29
13
65
106
82
63
174
59
149
38
12
220
28
105
195
84
58
40
62
269
154
244
83
312
197
287
31
126
355
327
65
6
14
40
48
10
34
74
24
39
50
111
74
25
4
67
79
90
154
68
116
47
194
28
153
228
65
25
36
19
193
268
15
65
76
59
52
102
113
5
16
9
42
50
46
79
27
116
64
32
153
66
187
100
5
17
140
45
57
42
76
27
4
28
61
41
15
65
49
22
86
16
59
33
6
50
99
73
46
29
142
116
34
72
185
159
77
196
230
31
5
33
14
264
6
74
48
23
76
304
57
46
14
20
123
7
63
57
63
166
35
53
16
25
212
81
59
68
255
124
11
34
111
298
45
36
77
338
6
76
117
40
378
154
36
77
415
191
73
452
228
489
15
12
526
49
49
21
563
41
58
597
78
95
631
115
15
668
52
23
705
22
57
742
59
11
782
48
34
30
822
71
64
859
36
108
28
896
30
76
37
42
40
930
77
79
83
88
86
123
9
7
28
131
46
163
32
24
47
71
203
25
69
67
36
114
7
65
73
44
110
10
36
44
29
73
66
18
113
30
22
8
61
70
35
62
45
36
72
99
8
76
45
37
71
28
21
26
65
55
63
102
100
139
173
7
13
31
44
50
65
13
99
34
47
38
37
142
77
13
33
84
11
83
27
53
73
30
51
123
67
39
67
160
20
73
107
14
41
206
7
69
20
159
66
93
56
118
69
208
33
161
112
251
76
33
36
207
294
15
70
40
76
331
55
30
113
80
368
34
28
70
120
405
71
68
442
102
14
28
479
29
51
65
516
66
88
102
39
553
19
128
73
593
14
59
41
171
636
48
81
211
676
31
35
65
69
38
99
72
22
27
59
64
17
21
8
54
58
20
42
94
57
36
19
79
28
134
12
40
56
82
125
74
58
86
21
18
55
52
89
28
126
28
65
62
163
26
14
197
102
4
30
69
34
60
234
21
47
70
8
11
77
277
64
7
90
51
51
120
27
320
19
107
53
136
94
45
70
363
62
40
96
179
13
88
113
38
406
108
83
142
56
39
50
78
452
148
28
79
90
492
185
17
65
529
222
40
57
8
102
572
83
48
25
22
618
129
94
71
68
10
664
137
44
15
5
707
55
45
747
6
20
4
40
787
60
44
827
38
864
75
901
28
935
62
6
972
15
46
1012
55
86
1052
95
11
1089
132
1126
169
1163
206
1200
1234
1268
1302
1336
1370
1404
1438
1472
1506
1540
1574
1608
1642
1676
4
4
8
8
12
12
16
16
20
20
24
24
28
28
32
32
36
36
40
40
44
44
48
48
52
52
56
56
60
60
64
64
68
68
72
72
76
76
80
80
84
84
88
88
92
92
96
96
100
100
104
104
108
108
112
112
116
116
120
120
124
124
128
128
131
131
135
135
139
139
143
143
147
147
151
151
155
155
159
159
163
163
167
167
171
171
175
175
179
179
183
183
187
187
191
191
195
195
199
199
203
203
207
207
211
211
215
215
219
219
223
223
227
227
231
231
235
235
239
239
243
243
247
247
251
251
255
255
261
264
266
270
275
282
284
289
290
294
303
310
316
329
330
353
387
421
455
8
14
9
23
42
54
49
63
21
94
10
55
18
32
44
26
58
72
35
78
24
16
72
26
115
29
118
10
84
39
36
76
59
44
28
69
44
161
82
84
65
88
128
109
96
201
80
96
34
238
71
32
25
34
114
75
68
77
157
34
118
28
197
68
21
9
164
5
74
243
67
55
210
39
9
120
32
289
5
253
79
49
72
163
332
48
296
119
30
112
206
333
67
149
243
370
24
186
404
61
6
441
29
46
18
481
69
52
86
521
123
558
592
14
626
26
48
35
663
63
69
700
734
768
802
26
836
35
27
4
66
69
67
44
103
106
27
107
32
61
38
147
72
78
187
112
30
11
230
155
73
54
273
9
11
45
7
204
316
48
52
44
88
34
247
359
9
20
128
74
287
399
8
52
63
34
117
26
50
436
53
71
60
18
104
72
23
96
99
26
58
106
150
63
139
66
142
17
101
149
193
106
182
57
189
233
32
91
225
24
235
37
125
6
81
274
73
10
284
162
86
34
55
20
320
7
53
4
74
132
60
34
366
53
50
111
97
178
80
96
93
25
134
221
62
171
255
25
102
289
11
65
323
48
357
6
394
43
431
14
468
30
51
505
12
64
542
49
579
5
616
42
7
18
656
82
41
58
7
696
7
44
22
733
39
47
84
59
770
18
18
82
90
127
52
7
64
128
136
50
107
171
43
182
28
211
83
222
62
33
6
4
46
257
265
70
49
41
89
28
300
308
78
65
19
15
10
25
7
62
5
39
29
50
61
71
53
45
108
79
90
75
107
117
15
124
154
52
158
191
26
60
14
94
48
14
6
48
40
33
67
101
34
22
19
27
71
12
62
16
59
67
17
55
53
99
57
87
95
139
121
97
35
16
179
29
137
72
56
219
6
31
18
72
180
99
27
262
49
74
61
18
223
14
145
70
308
114
35
58
269
49
12
12
66
197
360
87
46
98
61
115
246
33
409
47
147
22
70
449
87
28
21
59
45
495
71
13
64
88
538
47
114
107
131
81
165
115
29
199
152
66
9
23
239
189
7
103
52
66
282
226
140
50
40
319
266
15
180
31
83
356
52
309
71
393
89
346
34
430
126
383
71
467
163
420
504
18
200
457
25
541
58
237
497
65
578
13
274
537
615
50
14
311
577
652
90
348
54
617
689
130
385
94
23
657
729
170
26
428
66
694
207
66
16
468
44
37
740
502
253
62
13
90
83
47
127
20
22
19
37
60
14
59
59
77
51
28
62
31
96
30
68
67
28
62
22
25
21
36
11
65
68
55
79
33
57
111
8
125
79
6
43
4
51
119
43
6
40
89
41
97
20
165
83
52
86
14
57
143
211
54
183
251
7
35
291
44
50
78
30
334
87
64
33
371
23
104
405
73
36
66
22
442
20
76
106
59
28
19
63
119
21
68
56
19
156
61
56
190
98
224
93
30
261
67
298
17
51
19
53
87
11
18
5
7
51
38
61
41
48
94
81
75
22
131
112
9
165
62
46
99
14
17
86
39
48
142
18
60
12
82
52
49
83
25
117
59
31
154
68
13
191
47
105
13
35
228
50
72
262
28
299
15
68
33
339
55
108
67
379
33
98
419
73
138
22
462
116
181
65
505
221
4
542
258
38
22
582
298
26
40
27
68
628
60
83
70
111
671
705
36
742
73
34
779
68
813
7
847
16
8
47
881
7
59
51
16
918
47
22
102
53
40
955
26
45
34
65
145
11
32
37
86
1001
72
4
91
111
83
191
26
78
63
89
1053
53
151
115
132
75
112
138
1102
188
102
181
124
222
161
187
1151
151
256
170
207
233
1197
290
213
250
276
1240
324
256
293
358
1280
296
392
333
1320
336
373
1360
376
413
1400
416
453
1440
456
493
1480
530
1517
567
1554
604
1591
641
1628
678
712
746
780
814
848
882
916
950
984
1018
1052
1086
1120
1154
1188
1222
1256
1290
1324
1358
4
4
8
8
12
12
16
16
20
20
24
24
28
28
32
32
36
36
40
40
44
44
48
48
52
52
56
56
60
60
64
64
68
68
72
72
76
76
80
80
84
84
88
88
92
92
96
96
100
100
104
104
108
108
112
112
116
116
120
120
124
124
128
128
131
131
135
135
139
139
143
143
147
147
151
151
155
155
159
159
163
163
167
167
171
171
175
175
179
179
183
183
187
187
191
191
195
195
199
199
203
203
207
207
211
211
215
215
219
219
223
223
227
227
231
231
235
235
239
239
243
243
247
247
251
251
255
255
258
259
263
264
268
270
276
279
281
285
288
289
295
298
299
303
308
310
312
316
321
322
326
328
334
339
347
350
352
360
370
380
386
400
410
420
440
450
460
480
490
500
520
530
540
560
570
580
607
8
42
28
19
34
26
19
33
71
62
77
69
56
20
73
102
117
32
33
99
63
142
8
157
75
73
142
23
43
185
51
60
80
222
88
36
97
120
259
24
35
134
82
11
296
166
70
34
81
7
51
14
209
113
74
124
37
24
19
53
16
57
31
261
77
165
176
59
33
38
82
58
114
74
89
319
223
88
148
93
110
22
368
182
136
22
34
216
68
414
38
65
77
72
10
36
105
47
70
21
142
29
58
66
95
13
21
50
58
27
61
19
19
53
8
56
45
79
36
116
5
76
11
33
42
48
76
30
73
10
24
4
73
58
50
44
87
8
11
28
8
48
45
17
68
48
11
88
7
54
88
48
7
44
41
78
18
21
39
58
61
79
13
16
104
14
56
59
28
54
35
11
68
42
78
54
82
15
6
8
52
43
42
28
92
37
31
68
71
68
105
139
22
56
30
64
22
5
59
25
45
37
65
74
13
27
38
53
4
67
18
81
38
22
58
121
36
7
4
65
9
44
76
41
46
81
31
15
30
68
49
67
26
60
22
56
31
36
10
71
76
18
50
16
52
50
86
16
16
12
90
123
56
49
56
160
34
194
68
33
18
231
67
55
268
10
104
302
19
47
53
31
87
11
68
121
38
48
158
15
75
8
198
49
45
13
17
238
86
31
18
53
57
68
55
23
92
34
60
6
71
36
4
21
49
4
20
76
44
25
61
44
17
60
4
87
68
81
60
47
23
133
60
4
38
41
10
17
78
34
47
54
71
105
139
15
176
52
9
4
216
92
43
20
47
57
91
125
159
33
196
6
22
6
76
37
49
40
65
20
6
5
35
86
12
13
63
45
49
78
26
55
12
22
59
4
89
94
18
33
78
38
23
7
68
64
53
61
143
82
81
50
69
111
96
186
121
37
151
133
74
167
35
17
8
51
72
13
48
7
50
22
22
41
23
44
65
32
18
68
69
90
52
21
78
114
9
136
67
49
176
18
210
52
244
6
32
281
15
66
46
20
52
12
57
86
49
120
83
16
157
117
40
56
197
80
234
8
10
45
5
28
24
50
40
42
68
64
24
80
29
61
66
100
26
137
32
63
38
174
69
75
208
106
16
17
50
51
84
85
31
20
124
17
71
60
51
4
31
38
38
68
75
29
25
78
69
65
118
31
152
65
6
40
74
28
62
96
19
40
136
59
80
20
176
11
54
213
48
250
29
63
22
26
56
60
30
8
67
45
104
22
31
10
59
68
44
26
78
38
63
112
75
100
112
32
137
16
69
53
106
29
23
140
66
60
174
34
97
71
13
137
27
50
61
5
39
32
66
17
9
54
46
91
83
29
131
66
168
28
11
62
30
24
51
13
13
73
67
15
97
47
20
62
13
116
64
146
10
14
72
62
13
189
47
57
102
50
35
38
17
72
75
51
6
109
40
14
143
34
77
10
51
183
74
50
223
7
90
263
18
14
30
50
133
306
55
67
57
173
346
210
383
247
420
284
457
321
494
358
531
395
568
432
605
469
642
506
679
543
716
580
753
617
790
654
827
691
725
759
793
827
861
895
929
963
997
1031
1065
1099
1133
1167
1201
1235
1269
1303
1337
1371
1405
1439
1473
1507
1541
1575
1609
1643
1677
1711
1745
1779
1813
1847
1881
1915
1949
1983
2017
2051
2085
2119
2153
2187
2221
2255
2289
2323
2357
2391
2425
2459
2493
2527
2561
2595
2629
2663
2697
2731
2765
2799
2833
2867
2901
2935
2969
3003
3037
3071
3105
3139
3173
3207
3241
3275
3309
3343
3377
3411
3445
3479
3513
3547
3581
3615
3649
3683
3717
3751
3785
3819
3853
3887
3921
3955
3989
4023
4057
4091
4125
4159
4193
4227
4261
4295
4329
4363
4397
4431
4465
4499
4533
4567
4601
4635
4669
4703
4737
4771
4805
4839
4873
4907
4941
4975
5009
5043
5077
5111
5145
5179
5213
5247
5281
5315
5349
5383
5417
5451
5485
5519
5553
5587
5621
4
4
8
8
12
12
16
16
20
20
24
24
28
28
32
32
36
36
40
40
44
44
48
48
52
52
56
56
60
60
64
64
68
68
72
72
76
76
80
80
84
84
88
88
92
92
96
96
100
100
104
104
108
108
112
112
116
116
120
120
124
124
128
128
131
131
135
135
139
139
143
143
147
147
151
151
155
155
159
159
163
163
167
167
171
171
175
175
179
179
183
183
187
187
191
191
195
195
199
199
203
203
207
207
211
211
215
215
219
219
223
223
227
227
231
231
235
235
239
239
243
243
247
247
251
251
255
255
264
265
270
270
275
275
284
288
289
293
293
300
310
315
329
330
334
339
352
366
370
376
400
410
434
444
468
478
502
512
536
546
580
11
45
17
10
41
85
57
40
44
84
128
11
78
28
106
25
89
174
19
29
57
65
74
38
152
62
36
72
22
4
117
81
195
17
14
108
82
68
47
163
241
30
14
57
66
114
67
36
284
57
109
157
70
34
327
19
25
7
197
29
74
59
65
47
66
102
4
5
38
21
47
29
48
81
64
63
90
91
8
124
22
35
133
13
45
40
19
59
173
14
84
85
59
86
65
51
219
130
85
105
29
259
170
122
66
145
299
210
100
29
134
63
168
24
31
103
202
64
71
236
13
270
47
38
15
307
11
75
27
55
344
38
54
37
70
98
381
81
35
97
11
80
20
15
427
81
57
54
126
28
45
67
68
85
34
12
33
36
21
74
49
73
30
76
61
110
5
67
101
101
42
20
141
36
31
60
181
70
14
71
100
221
48
255
34
6
292
71
32
43
329
26
108
41
72
83
66
75
112
109
26
149
63
186
33
223
10
73
47
22
11
10
59
31
48
47
68
84
118
152
14
14
5
192
54
39
54
40
34
238
12
73
103
45
89
83
40
290
64
155
29
100
144
92
342
204
78
382
244
39
422
23
14
40
82
57
465
57
83
505
27
24
123
545
58
67
18
26
30
12
19
61
69
73
53
55
13
110
38
92
93
25
53
150
78
9
20
135
136
46
39
71
28
9
124
199
55
69
182
184
85
95
74
55
4
245
173
115
228
230
33
144
44
213
4
48
297
268
279
82
193
6
302
56
100
349
30
331
52
64
389
371
22
101
426
408
59
20
445
19
40
63
488
62
83
528
102
42
568
79
22
608
59
31
645
33
26
68
70
60
105
107
27
142
5
29
61
27
42
66
98
64
79
103
135
101
13
140
135
35
12
56
169
183
19
81
203
58
46
105
232
68
237
104
92
151
33
271
27
67
8
308
64
14
107
48
345
27
57
379
150
67
413
187
35
447
22
16
75
481
62
16
56
518
53
555
19
589
53
15
7
52
8
44
89
42
123
17
18
26
163
57
52
66
203
86
17
106
243
57
28
4
6
10
13
71
40
47
16
56
13
59
12
77
16
50
62
13
114
55
41
59
53
18
154
81
96
4
90
21
61
197
44
55
37
237
74
274
5
311
14
40
48
30
357
60
86
73
400
25
59
24
34
96
58
5
71
27
29
28
105
48
70
72
71
91
25
38
62
75
6
14
22
43
48
59
40
82
12
77
116
23
52
22
117
40
27
69
56
98
83
70
112
90
37
124
11
74
158
22
51
40
62
17
77
5
54
42
91
79
34
131
25
11
5
125
80
16
177
71
42
57
171
53
126
223
79
211
166
263
251
27
206
303
40
17
20
64
297
252
349
57
86
63
101
343
94
392
129
106
386
34
438
175
13
432
80
484
56
475
39
527
22
102
521
32
25
88
576
71
151
59
570
81
622
117
197
662
157
24
17
705
64
21
27
63
16
751
29
67
29
73
53
794
19
14
75
6
32
72
20
837
62
57
72
49
16
60
102
10
53
11
44
45
33
23
16
37
76
66
59
80
106
11
8
48
45
79
20
113
17
54
150
16
57
190
56
14
34
48
68
35
82
27
27
5
75
67
67
39
104
13
20
34
23
7
22
50
23
66
25
80
69
62
53
19
72
62
126
115
62
96
166
130
27
164
30
30
67
29
70
70
107
63
110
7
110
40
6
150
44
77
43
187
114
14
151
51
17
27
34
191
54
64
71
91
34
125
68
19
18
162
56
52
34
202
96
74
242
35
139
282
75
179
322
115
219
22
42
368
161
265
68
42
91
417
210
314
46
91
30
463
357
64
89
503
537
571
34
38
17
605
17
13
74
78
40
57
57
53
114
94
80
97
28
23
34
134
15
57
71
46
80
180
61
91
39
120
11
95
226
82
36
48
163
266
73
300
334
4
4
8
8
12
12
16
16
20
20
24
24
28
28
32
32
36
36
40
40
44
44
48
48
52
52
56
56
60
60
64
64
68
68
72
72
76
76
80
80
84
84
88
88
92
92
96
96
100
100
104
104
108
108
112
112
116
116
120
120
124
124
128
128
131
131
135
135
139
139
143
143
147
147
151
151
155
155
159
159
163
163
167
167
171
171
175
175
179
179
183
183
187
187
191
191
195
195
199
199
203
203
207
207
211
211
215
215
219
219
223
223
227
227
231
231
235
235
239
239
243
243
247
247
251
251
255
255
258
259
263
263
267
268
271
272
275
278
279
282
284
286
288
290
292
297
304
306
309
310
314
316
322
322
327
328
331
332
334
336
340
344
345
349
351
353
355
367
370
377
380
383
385
389
392
395
398
402
410
410
423
425
432
435
441
444
450
450
454
462
463
475
477
490
493
500
508
509
523
540
543
548
577
585
614
622
651
20
4
57
6
41
40
6
12
33
12
40
52
73
8
52
77
17
45
89
114
54
9
43
148
46
13
83
4
24
16
56
126
58
47
59
166
8
87
42
12
121
46
155
20
35
40
57
69
77
16
14
53
51
18
33
29
55
28
70
11
69
68
51
105
139
7
176
19
44
213
17
56
247
38
57
17
75
51
85
16
50
33
9
7
16
33
4
73
17
52
20
50
59
76
47
60
95
7
60
32
103
47
72
143
19
53
6
32
43
69
7
11
103
44
48
81
16
118
15
56
52
28
62
32
24
27
40
17
13
72
64
67
80
57
53
104
117
141
154
31
27
9
71
10
67
49
44
111
25
33
62
70
99
107
25
29
139
147
59
69
33
182
70
12
219
46
253
20
287
54
15
324
18
31
35
58
69
367
61
74
24
27
410
21
104
64
64
58
450
13
144
13
487
50
50
4
524
11
9
44
45
564
49
84
79
604
34
638
68
19
53
11
34
13
90
48
4
32
71
39
56
88
36
47
75
76
76
13
110
35
47
69
17
51
25
35
62
33
32
75
67
69
38
40
112
75
146
77
180
214
27
248
61
282
95
316
129
34
353
163
14
74
393
197
54
9
18
114
433
237
94
49
58
37
470
131
89
33
507
77
168
31
132
6
544
79
205
74
46
581
119
18
117
41
615
58
78
649
27
95
115
686
64
132
152
723
26
169
760
63
7
26
803
106
50
25
69
4
849
59
93
13
44
889
5
133
50
30
84
929
45
173
67
124
969
13
213
164
1009
47
253
204
1049
7
17
241
1086
44
54
6
281
1126
46
321
1166
86
361
1206
24
15
43
404
1249
67
6
49
12
22
92
453
1298
52
46
68
30
496
1341
64
108
536
570
604
6
12
10
12
644
46
52
47
49
684
5
87
718
89
9
48
752
44
132
52
91
786
23
90
820
60
854
20
888
28
32
922
60
68
956
72
100
34
9
993
39
137
5
71
24
52
1036
82
48
58
13
1076
122
47
5
1116
13
45
1156
53
1193
29
1230
35
66
15
1267
72
103
52
1304
86
1338
16
6
120
1378
56
46
154
30
19
1421
86
191
67
22
59
1461
231
59
1495
268
26
1532
302
20
63
1569
9
35
9
345
63
1606
46
52
78
20
35
1646
7
57
72
1683
44
1717
78
13
1751
28
118
5
30
1788
12
59
74
164
42
1825
76
58
117
207
1859
119
101
10
160
250
1896
37
40
47
147
798
206
80
83
832
190
11
123
48
160
194
33
25
70
62
13
16
50
53
5
38
8
42
42
75
15
82
15
52
49
119
153
26
31
63
68
100
105
137
29
33
174
66
25
21
73
100
65
61
113
134
17
98
19
153
171
54
138
59
193
208
91
227
24
125
12
24
270
26
70
159
24
61
193
73
319
75
70
227
116
362
261
153
399
295
190
436
227
473
264
510
301
547
338
584
375
621
412
658
449
695
486
732
523
769
560
806
597
843
634
880
671
917
708
954
745
991
782
1028
819
1065
856
1102
893
1139
930
1176
967
1213
1004
1250
1041
1287
1078
1324
1115
1361
1152
1398
1189
1435
1226
1472
1263
1509
1300
1546
1337
1583
1374
1620
1411
1657
1691
1725
1759
1793
1827
1861
1895
1929
1963
1997
2031
2065
2099
2133
2167
2201
2235
2269
2303
2337
2371
2405
2439
2473
2507
2541
2575
2609
2643
2677
2711
2745
2779
2813
2847
2881
2915
2949
2983
3017
3051
3085
3119
3153
3187
3221
3255
3289
3323
3357
3391
3425
3459
3493
3527
3561
3595
3629
3663
3697
3731
3765
3799
3833
3867
3901
3935
3969
4003
4037
4071
4105
4139
4173
4207
4241
4275
4309
4343
4377
4411
4445
4479
4513
4547
4581
4615
4649
4683
4717
4751
4785
4819
4853
4887
4921
4955
4989
5023
5057
5091
5125
5159
5193
5227
5261
5295
5329
5363
5397
5431
5465
4
4
8
8
12
12
16
16
20
20
24
24
28
28
32
32
36
36
40
40
44
44
48
48
52
52
56
56
60
60
64
64
68
68
72
72
76
76
80
80
84
84
88
88
92
92
96
96
100
100
104
104
108
108
112
112
116
116
120
120
124
124
128
128
131
131
135
135
139
139
143
143
147
147
151
151
155
155
159
159
163
163
167
167
171
171
175
175
179
179
183
183
187
187
191
191
195
195
199
199
203
203
207
207
211
211
215
215
219
219
223
223
227
227
231
231
235
235
239
239
243
243
247
247
251
251
255
255
258
260
264
270
275
276
280
280
284
287
288
302
302
306
310
319
324
325
329
331
336
350
352
364
365
371
376
390
392
405
408
427
439
445
464
473
507
541
22
6
7
22
62
46
41
6
62
7
86
40
13
47
27
77
50
30
67
12
87
117
70
49
154
27
27
191
61
21
64
228
11
55
37
265
48
71
11
82
17
18
45
122
57
37
61
25
100
80
13
65
117
47
40
154
77
21
13
8
194
31
50
61
25
13
51
20
237
74
65
53
60
277
102
97
314
136
16
34
36
56
74
76
16
50
84
12
27
121
46
64
98
23
18
135
57
55
40
4
178
80
33
38
47
221
67
78
7
4
41
115
41
152
32
8
15
189
38
14
13
48
75
55
39
17
41
84
57
19
59
121
85
57
81
103
65
6
40
27
61
28
17
33
13
65
101
57
5
73
53
141
97
42
178
212
9
246
43
280
77
9
36
317
11
117
73
49
29
354
30
54
89
69
391
67
94
19
106
431
56
140
468
34
177
502
71
214
536
33
248
67
4
285
41
35
35
12
36
72
72
49
73
83
12
107
15
46
49
33
67
17
15
33
11
54
38
52
73
51
91
10
78
32
47
69
13
47
12
26
10
52
66
24
50
22
92
106
61
13
129
6
65
53
46
24
34
61
19
71
34
56
22
15
74
18
59
52
111
19
55
28
148
56
30
62
188
67
96
225
9
28
19
262
27
28
65
52
56
305
31
70
71
93
34
68
110
41
71
133
147
78
170
181
27
10
61
35
44
21
101
75
61
6
141
40
6
178
74
43
215
17
249
38
15
57
283
78
55
97
7
131
41
21
16
75
58
40
109
56
77
12
6
21
37
49
117
46
61
74
157
7
194
44
231
7
24
29
268
44
61
66
7
308
98
8
47
45
84
82
32
23
124
8
72
57
164
48
15
94
201
8
85
55
134
48
171
24
88
38
214
67
131
30
81
8
257
67
30
4
45
39
127
6
303
107
76
50
85
32
88
46
349
147
7
125
96
78
134
395
53
20
142
435
93
54
182
475
41
88
222
515
81
22
265
27
558
62
61
305
598
102
19
635
22
53
38
672
59
19
93
78
709
59
133
743
118
33
102
777
176
161
76
811
198
24
34
848
68
61
20
885
105
98
57
16
925
25
141
59
968
68
99
1008
136
1045
27
173
1082
61
210
1119
35
98
247
1156
72
41
138
35
287
1196
25
81
75
327
1236
62
118
9
24
1273
37
43
64
1313
77
1350
21
35
1387
55
31
75
1427
89
71
115
14
1467
111
155
48
1507
82
1541
36
25
1581
76
65
33
20
1621
116
29
70
15
60
1661
7
66
55
100
1698
103
47
95
1735
7
8
7
135
1772
44
16
48
47
12
175
1815
56
84
52
1855
8
96
121
92
45
1895
31
7
139
9
36
53
1944
65
56
53
58
85
102
1993
99
142
21
2033
55
2067
2101
26
2138
63
2175
18
26
2215
25
58
17
66
2255
62
30
54
106
2295
99
70
91
2332
20
2369
57
2406
8
2443
10
20
48
2483
50
54
2520
88
87
19
37
6
2566
133
65
30
86
6
55
2615
182
76
40
2655
22
22
27
11
2692
59
62
67
51
2729
40
105
2763
77
6
145
21
2800
43
58
38
2840
29
75
7
2877
14
69
2911
31
50
57
36
2948
71
29
73
2985
63
110
3022
97
11
3059
28
51
9
3099
68
11
43
25
3139
48
59
3176
85
93
3213
28
125
127
3253
32
71
161
168
3296
75
25
20
3339
20
65
60
21
24
3379
60
105
100
61
64
3419
145
21
3459
58
3496
41
3533
34
81
16
27
3576
77
50
67
3616
104
3653
28
144
3693
68
3730
14
3764
34
28
51
3801
71
22
7
30
68
10
3841
97
62
117
53
76
3878
56
143
163
7
3915
96
183
43
25
47
3955
8
223
18
65
86
3992
51
266
61
17
4029
91
98
54
4066
23
7
21
135
97
4109
60
61
94
4146
128
4180
162
4214
4248
4282
4316
4350
4384
4418
4452
4486
4520
4554
4588
4622
4656
4690
4724
4758
4792
4826
4860
4894
4928
4962
4996
5030
5064
4
4
8
8
12
12
16
16
20
20
24
24
28
28
32
32
36
36
40
40
44
44
48
48
52
52
56
56
60
60
64
64
68
68
72
72
76
76
80
80
84
84
88
88
92
92
96
96
100
100
104
104
108
108
112
112
116
116
120
120
124
124
128
128
131
131
135
135
139
139
143
143
147
147
151
151
155
155
159
159
163
163
167
167
171
171
175
175
179
179
183
183
187
187
191
191
195
195
199
199
203
203
207
207
211
211
215
215
219
219
223
223
227
227
231
231
235
235
239
239
243
243
247
247
251
251
255
255
259
262
266
270
271
275
280
280
284
288
290
293
297
298
302
302
307
313
317
321
323
326
330
336
338
341
342
348
360
363
366
371
379
378
382
388
393
400
403
417
433
437
440
457
471
491
32
7
66
41
27
17
38
61
54
75
13
94
36
53
11
134
76
5
48
15
171
24
48
36
19
94
208
38
25
64
73
76
11
6
68
251
68
84
110
119
46
40
60
49
53
294
29
32
89
165
30
89
334
99
75
72
44
76
44
4
49
7
48
42
96
128
41
96
56
22
101
10
100
94
81
21
65
17
56
137
64
57
96
12
20
133
24
46
60
36
61
83
18
73
98
38
120
58
110
75
157
4
20
191
20
44
60
225
38
60
84
262
75
97
36
302
19
12
76
53
49
87
37
25
124
71
62
12
32
46
19
21
28
75
62
64
71
102
18
52
13
20
39
53
60
79
97
9
34
6
122
28
46
74
46
65
162
35
196
102
6
25
72
43
62
33
16
109
32
70
53
69
33
24
21
93
109
61
73
58
32
107
101
36
69
138
70
172
32
209
34
72
249
7
74
31
41
289
31
23
71
31
4
329
71
63
36
71
44
369
103
76
409
4
446
38
44
486
26
78
523
36
63
557
73
591
32
30
628
66
67
17
51
34
68
33
14
29
32
70
51
6
22
72
69
39
44
49
29
65
109
79
84
29
89
8
75
32
12
161
21
78
57
124
81
61
55
210
167
89
101
41
207
29
19
81
247
36
53
72
287
6
76
4
43
41
80
17
15
51
10
49
44
17
12
51
46
22
41
17
86
19
51
65
84
40
132
65
111
130
4
89
181
173
47
221
23
57
16
50
25
84
59
16
30
10
50
28
70
24
84
53
71
113
67
111
15
21
156
12
52
58
12
193
52
38
89
101
38
55
233
78
129
78
112
166
21
146
203
58
180
240
214
274
248
38
308
5
34
72
348
45
21
106
77
391
13
9
64
9
434
43
56
9
49
474
43
508
38
26
19
548
60
78
20
59
97
57
6
26
6
60
43
26
43
80
60
26
29
27
63
66
61
28
62
34
16
71
35
31
17
62
39
81
77
63
35
85
25
72
122
40
59
159
11
80
9
199
51
120
43
13
242
160
53
282
24
90
30
12
61
64
49
21
21
58
7
11
61
41
48
98
27
88
138
39
70
44
10
181
8
85
116
44
90
51
128
159
30
16
14
26
67
53
51
41
66
16
107
93
91
81
106
56
133
118
167
36
152
204
73
186
5
244
220
113
45
23
150
57
184
33
218
20
67
38
33
261
63
81
19
76
7
307
50
53
47
347
90
87
87
121
127
155
31
192
68
19
229
14
56
263
51
85
31
122
33
68
39
162
17
67
79
202
57
16
239
94
50
84
7
29
4
32
26
47
66
41
32
75
69
103
90
75
118
42
133
158
35
36
82
28
198
72
73
65
235
102
32
272
36
29
69
309
33
66
76
6
109
4
349
76
106
46
149
44
25
59
9
96
46
24
21
61
58
24
13
61
50
19
53
87
121
15
33
52
70
35
40
95
19
113
78
83
53
138
29
121
30
66
158
9
64
6
12
106
198
40
49
5
38
46
52
80
241
45
78
29
114
27
287
20
121
72
70
54
330
164
12
367
201
46
404
30
441
67
478
29
512
63
4
546
38
580
12
5
614
12
49
42
46
76
34
80
68
114
28
32
105
18
68
66
55
105
100
92
6
30
137
129
43
67
18
166
104
52
203
27
141
14
240
28
67
54
10
277
68
47
102
136
9
170
43
11
4
45
22
9
44
79
5
62
49
26
42
63
13
10
50
47
37
23
13
22
71
15
32
66
56
65
66
58
24
112
23
23
104
70
42
69
69
30
150
85
12
109
67
190
125
35
52
149
230
165
72
21
192
273
23
208
64
235
57
248
16
285
23
53
322
28
60
41
359
65
78
396
99
115
433
152
470
189
507
226
544
578
612
646
680
714
748
782
816
850
884
918
4
4
8
8
12
12
16
16
20
20
24
24
28
28
32
32
36
36
40
40
44
44
48
48
52
52
56
56
60
60
64
64
68
68
72
72
76
76
80
80
84
84
88
88
92
92
96
96
100
100
104
104
108
108
112
112
116
116
120
120
124
124
128
128
131
131
135
135
139
139
143
143
147
147
151
151
155
155
159
159
163
163
167
167
171
171
175
175
179
179
183
183
187
187
191
191
195
195
199
199
203
203
207
207
211
211
215
215
219
219
223
223
227
227
231
231
235
235
239
239
243
243
247
247
251
251
255
255
259
260
264
264
268
270
273
274
279
279
285
287
289
291
295
295
300
301
307
310
311
314
319
320
323
324
327
331
333
343
343
347
359
363
368
370
373
377
386
389
402
406
411
417
426
429
442
446
451
457
466
469
482
486
503
516
523
540
550
574
584
608
618
16
9
53
14
46
29
48
8
86
69
82
48
9
16
38
18
26
46
39
59
55
81
39
10
72
35
26
85
15
124
47
82
115
56
81
72
25
61
18
14
170
96
65
115
58
39
57
139
79
18
179
24
10
21
50
19
67
36
231
37
44
79
35
79
108
78
77
125
94
92
87
112
31
168
137
28
127
152
71
208
177
68
42
38
195
114
72
82
235
154
122
275
16
33
21
6
56
73
40
61
74
108
25
11
59
45
38
93
5
85
17
78
130
45
125
54
118
167
162
155
201
35
202
195
235
75
242
269
235
10
282
47
319
40
87
359
80
17
399
19
54
16
436
14
56
53
473
30
51
36
64
88
32
98
76
69
132
35
35
26
72
33
72
63
109
70
24
10
6
10
61
47
43
47
31
6
23
83
28
24
90
46
74
63
32
31
64
74
100
72
10
74
117
134
50
36
154
171
73
22
21
19
59
53
58
32
87
66
121
155
189
35
23
229
29
75
16
10
66
66
53
47
103
84
33
140
67
174
34
68
102
14
139
9
51
43
28
4
7
12
68
5
44
44
19
55
23
45
9
87
84
62
63
85
49
127
124
27
103
125
89
24
167
64
146
168
67
210
189
211
8
229
4
251
13
48
17
269
28
44
294
53
57
32
7
312
71
87
337
13
99
103
75
53
374
56
33
18
33
25
14
420
93
70
79
64
71
60
130
466
107
167
500
201
534
18
52
86
17
120
51
38
154
72
30
27
25
67
34
64
62
98
71
6
39
111
46
79
151
18
188
55
12
225
28
24
46
25
65
61
83
22
62
12
56
29
26
46
20
69
80
66
60
13
27
112
47
10
67
14
81
38
18
53
54
72
12
58
93
44
13
97
49
133
84
50
24
89
61
30
40
132
4
70
80
172
42
27
28
41
212
64
82
68
98
252
22
15
31
10
43
301
19
71
15
64
33
80
59
92
59
350
5
42
58
123
76
129
138
102
48
396
40
88
104
169
6
148
436
94
86
49
191
225
259
4
296
41
333
367
16
404
53
441
475
509
33
543
67
577
4
13
34
617
38
53
17
74
657
51
93
114
697
85
133
154
737
119
173
194
153
777
213
234
817
271
24
24
25
308
61
30
64
62
6
348
42
101
73
102
27
49
388
82
34
67
89
425
74
107
459
129
144
14
166
16
16
184
51
53
53
25
12
59
46
23
83
60
26
5
33
13
66
39
33
76
6
22
59
76
45
41
79
62
49
4
85
119
10
84
105
4
47
47
162
41
15
84
199
52
236
89
273
126
310
34
163
347
68
200
384
8
30
44
243
427
51
64
87
286
470
9
127
326
510
31
43
41
550
77
71
81
35
11
22
72
45
31
42
65
79
71
82
23
105
19
111
43
32
125
63
59
80
72
12
9
117
26
112
7
52
49
41
24
44
72
32
12
81
64
69
27
49
121
39
64
86
158
27
79
101
195
64
229
15
36
263
52
6
73
23
303
89
46
110
63
343
37
100
380
5
25
5
80
414
48
68
20
48
451
105
57
488
13
5
11
528
39
56
45
48
571
82
34
88
611
24
27
71
34
41
10
651
67
67
10
74
84
691
53
111
50
90
87
18
52
29
8
29
38
66
12
12
8
48
72
78
109
23
44
55
51
58
94
115
124
152
25
72
93
91
65
112
18
7
52
41
86
120
154
11
191
48
228
31
88
268
36
74
15
308
35
79
49
348
75
23
5
18
388
60
42
55
13
89
47
22
81
56
115
90
149
26
124
14
36
189
23
69
70
57
28
7
66
17
65
44
35
54
9
8
69
25
49
21
30
51
68
55
70
91
125
12
5
18
46
42
55
89
4
4
8
8
12
12
16
16
20
20
24
24
28
28
32
32
36
36
40
40
44
44
48
48
52
52
56
56
60
60
64
64
68
68
72
72
76
76
80
80
84
84
88
88
92
92
96
96
100
100
104
104
108
108
112
112
116
116
120
120
124
124
128
128
131
131
135
135
139
139
143
143
147
147
151
151
155
155
159
159
163
163
167
167
171
171
175
175
179
179
183
183
187
187
191
191
195
195
199
199
203
203
207
207
211
211
215
215
219
219
223
223
227
227
231
231
235
235
239
239
243
243
247
247
251
251
255
255
261
261
265
266
270
272
280
280
284
284
289
296
298
301
304
305
309
309
315
321
327
332
335
336
339
344
350
358
364
375
378
382
387
390
401
404
421
427
441
455
464
489
28
62
5
39
26
42
22
76
63
26
37
82
62
63
22
77
22
105
23
68
123
68
151
69
166
38
7
206
78
24
50
249
19
121
67
53
93
292
87
130
329
33
167
10
366
10
40
204
76
403
19
56
17
241
59
45
15
92
128
71
278
66
52
108
94
141
117
33
318
19
95
134
154
76
33
361
28
62
6
116
73
401
68
46
153
113
438
8
9
147
478
48
27
52
181
521
67
558
13
22
595
47
59
632
81
23
96
669
7
11
57
139
23
712
47
36
53
97
57
9
63
188
76
761
96
100
52
231
8
139
134
23
271
48
179
171
33
60
67
208
17
242
104
54
141
13
22
10
47
181
62
50
6
17
224
105
6
93
49
54
19
46
130
16
59
86
164
56
198
25
59
4
17
9
44
26
57
49
7
63
84
97
21
5
47
92
103
61
42
87
143
76
40
127
32
183
113
80
69
150
106
187
143
41
227
183
17
13
18
84
270
54
226
55
56
310
266
347
10
24
40
32
312
44
396
59
31
73
89
69
361
29
93
445
71
108
40
69
404
485
77
441
33
35
31
525
117
24
73
484
75
74
8
568
67
6
527
33
48
608
107
46
567
73
648
9
147
86
607
9
688
49
644
46
725
759
8
793
42
14
12
830
29
51
49
18
20
66
873
94
34
64
66
919
77
956
990
1024
12
13
1061
36
15
4
50
55
1104
19
79
55
47
90
13
59
1147
12
16
90
130
56
99
1190
52
36
59
15
1227
142
95
96
79
58
1264
17
185
136
176
219
57
13
23
179
32
259
219
100
53
19
72
69
32
299
265
62
109
72
10
339
7
47
41
75
109
4
28
146
41
62
6
186
81
35
46
19
226
121
72
36
89
56
269
164
109
25
82
93
4
315
146
210
71
128
50
361
256
117
34
404
299
8
9
166
83
8
453
348
57
11
58
8
132
45
502
48
397
106
107
57
6
38
554
449
103
52
84
600
495
637
532
12
17
677
46
28
6
57
717
62
46
97
13
16
760
28
15
50
56
803
35
71
58
69
99
846
114
14
101
34
886
11
51
71
26
923
16
48
34
32
66
963
56
36
71
12
4
26
5
81
1006
79
55
44
45
69
1046
23
106
14
1083
34
60
32
57
1126
77
75
1166
117
4
115
1206
38
22
1240
56
1274
1308
1342
1376
28
1413
17
68
1453
57
19
1493
97
43
62
7
1539
143
89
108
53
1585
189
135
10
157
36
1634
10
238
56
203
82
44
1680
284
9
249
128
1726
330
12
58
1769
373
55
19
1812
56
9
1849
29
46
1883
34
24
69
86
1920
61
74
11
22
29
129
1960
5
51
62
69
2000
88
45
99
109
21
2040
22
128
58
149
2080
62
5
39
30
21
67
10
61
26
47
60
26
11
63
48
33
67
101
135
9
172
9
46
209
43
20
246
77
21
57
283
9
55
44
12
326
89
23
52
10
87
55
16
369
63
50
127
56
406
87
164
443
121
201
13
483
155
241
30
53
192
523
281
67
560
28
33
321
104
19
68
13
73
361
144
59
37
53
401
99
77
87
29
444
121
66
481
155
515
4
189
17
38
25
226
12
31
57
62
49
68
11
102
10
45
16
47
5
53
12
42
34
31
52
68
18
71
55
5
39
73
34
107
68
14
6
10
17
51
41
43
54
50
38
81
90
78
11
26
130
45
63
12
25
46
59
13
25
47
59
17
84
54
6
10
40
11
47
6
14
51
87
38
46
51
75
12
88
46
12
26
83
49
60
32
83
25
66
17
123
65
57
163
94
4
15
38
131
52
72
168
35
92
12
11
106
22
78
25
55
143
54
59
65
180
96
21
55
24
12
12
64
52
4
52
104
38
29
63
19
11
56
48
13
85
21
53
58
92
10
26
126
27
47
19
26
69
163
64
59
200
93
127
4
4
8
8
12
12
16
16
20
20
24
24
28
28
32
32
36
36
40
40
44
44
48
48
52
52
56
56
60
60
64
64
68
68
72
72
76
76
80
80
84
84
88
88
92
92
96
96
100
100
104
104
108
108
112
112
116
116
120
120
124
124
128
128
131
131
135
135
139
139
143
143
147
147
151
151
155
155
159
159
163
163
167
167
171
171
175
175
179
179
183
183
187
187
191
191
195
195
199
199
203
203
207
207
211
211
215
215
219
219
223
223
227
227
231
231
235
235
239
239
243
243
247
247
251
251
255
255
258
261
262
266
266
270
273
277
288
292
295
298
301
302
306
307
310
312
314
316
318
322
324
328
347
350
353
354
358
359
363
367
371
393
396
397
401
402
406
410
414
436
439
440
444
445
449
453
457
479
482
485
487
492
516
522
527
532
550
562
567
584
599
604
618
636
641
652
673
678
686
710
715
720
747
752
754
784
789
788
821
822
826
856
858
863
890
895
900
20
924
22
7
938
943
38
63
964
62
50
981
986
78
1004
90
26
1021
1026
15
10
46
63
37
1064
1069
55
53
103
89
77
1107
1112
96
140
132
114
23
1150
1155
16
180
154
175
36
66
13
207
1198
29
62
226
79
45
56
250
1241
44
72
105
5
85
81
1284
115
27
45
125
121
1324
155
11
29
85
73
171
1364
167
57
122
75
119
1401
217
34
216
15
1438
162
39
77
30
55
1478
202
38
79
39
73
98
242
1521
81
76
27
32
119
282
1564
116
4
67
11
78
322
165
156
1610
50
18
60
359
211
1656
23
96
64
396
40
257
60
45
12
1705
110
86
46
88
20
1751
46
11
63
86
51
16
50
84
118
15
29
28
52
28
69
29
24
65
95
71
61
69
8
16
42
98
36
45
19
56
82
138
76
22
56
99
175
59
209
243
31
280
12
71
44
26
33
326
58
87
67
69
21
372
22
58
56
23
36
96
34
18
66
68
79
139
61
119
179
35
7
159
41
72
20
196
35
112
54
236
75
152
186
29
63
28
28
100
65
29
65
35
66
69
6
24
40
36
61
73
7
98
41
132
23
57
25
11
21
65
28
54
64
68
94
128
33
162
38
70
196
75
22
110
33
20
118
65
67
153
63
101
135
7
32
44
69
6
40
17
74
51
29
6
7
25
40
69
21
47
65
55
28
99
39
133
65
76
24
170
61
207
98
244
135
39
35
37
73
72
5
74
109
11
42
7
51
44
17
88
51
35
34
19
72
71
53
109
13
34
108
146
50
71
19
25
183
35
53
65
223
75
260
24
29
61
23
33
69
60
67
37
94
71
105
12
46
12
36
34
52
76
74
113
12
46
8
42
20
24
29
79
57
61
66
32
11
116
100
72
51
13
153
140
50
35
174
23
69
211
60
103
248
137
282
316
12
22
353
18
56
52
6
393
58
40
34
433
98
74
473
12
13
114
49
39
47
154
76
110
9
43
27
25
26
61
62
27
63
98
28
64
135
32
25
62
7
72
65
47
112
22
13
87
16
56
53
127
56
93
167
4
19
130
26
207
41
56
63
97
131
165
34
24
36
71
58
73
5
39
33
67
18
52
22
56
90
17
18
12
54
52
49
34
94
71
18
13
134
41
58
47
23
18
177
84
17
84
66
55
220
4
57
10
47
98
27
47
94
20
56
23
96
64
131
41
66
66
101
168
18
84
138
205
55
175
242
14
212
279
48
15
316
14
34
52
353
51
40
71
92
393
80
132
433
120
470
504
27
538
61
20
575
32
95
31
63
618
13
75
74
658
47
115
12
698
6
52
738
20
46
775
54
809
4
843
38
13
72
880
50
31
109
84
68
8
18
7
15
48
58
47
49
95
12
46
7
21
38
27
41
61
78
75
67
32
10
109
107
72
50
33
10
21
115
67
36
50
61
32
33
41
76
67
72
81
22
119
115
62
159
41
158
105
19
81
198
53
232
266
34
31
71
68
108
142
11
176
45
210
12
24
5
250
38
52
64
42
75
290
30
11
82
327
115
48
70
122
82
116
17
51
21
85
55
119
153
8
42
76
20
38
110
34
60
78
144
74
100
38
178
137
75
212
27
7
37
252
61
47
33
77
26
292
70
63
326
107
100
360
144
394
178
428
35
36
212
468
75
40
45
82
514
121
86
91
128
19
560
53
33
14
597
32
22
67
35
60
29
646
101
81
17
74
87
112
135
33
81
698
133
69
172
70
209
15
243
49
277
7
311
33
44
25
70
14
37
62
12
22
71
57
32
22
24
52
62
72
62
64
112
102
104
4
4
8
8
12
12
16
16
20
20
24
24
28
28
32
32
36
36
40
40
44
44
48
48
52
52
56
56
60
60
64
64
68
68
72
72
76
76
80
80
84
84
88
88
92
92
96
96
100
100
104
104
108
108
112
112
116
116
120
120
124
124
128
128
131
131
135
135
139
139
143
143
147
147
151
151
155
155
159
159
163
163
167
167
171
171
175
175
179
179
183
183
187
187
191
191
195
195
199
199
203
203
207
207
211
211
215
215
219
219
223
223
227
227
231
231
235
235
239
239
243
243
247
247
251
251
255
255
260
268
271
274
280
285
286
291
292
295
305
309
323
332
337
343
366
375
383
412
420
449
7
22
25
7
44
59
40
65
44
84
80
6
117
5
43
39
11
22
80
45
59
26
4
10
60
16
8
47
14
53
59
51
48
27
7
64
44
22
31
6
40
17
62
36
74
43
54
83
105
39
79
83
117
94
14
145
82
154
134
54
182
171
216
11
9
208
253
48
40
49
17
290
251
83
43
20
60
327
294
126
57
86
364
103
17
169
398
40
29
25
25
63
14
435
6
62
89
78
74
472
60
52
506
114
89
540
151
574
185
608
219
5
645
253
42
287
682
321
716
6
34
750
361
46
784
74
401
20
114
441
60
154
481
191
518
12
228
13
558
46
35
53
598
75
23
635
112
57
22
27
675
56
64
712
35
15
104
37
9
755
78
52
29
147
31
49
83
801
66
190
74
47
844
21
12
29
239
93
890
67
63
58
285
97
933
110
325
12
30
134
976
7
153
52
70
1016
44
193
25
78
1056
62
1093
6
1127
40
1161
74
1195
28
15
1232
40
62
55
1272
80
1309
29
1343
63
1377
97
1411
15
22
134
35
1451
52
62
171
8
15
42
26
78
1494
98
217
54
82
61
118
1534
72
16
5
263
40
128
1577
42
53
300
51
49
89
9
12
1626
91
337
95
46
55
1669
134
26
80
7
1712
114
66
47
1752
84
14
6
1792
124
54
40
1832
22
164
19
94
80
1872
62
59
131
120
1909
96
168
1946
130
33
205
823
15
70
242
35
860
55
72
894
33
14
67
48
38
72
37
71
13
47
18
13
10
55
47
47
7
41
34
68
28
32
62
105
69
4
99
142
41
11
78
31
48
65
31
65
27
4
61
18
41
55
5
17
81
95
26
51
48
124
5
138
69
91
167
39
45
184
134
210
88
15
230
180
14
256
21
58
16
276
51
4
229
305
31
58
110
68
328
56
281
357
83
14
18
4
168
330
406
52
60
22
50
214
376
452
56
36
106
30
419
93
495
73
149
23
73
133
535
189
60
170
572
226
8
609
38
45
643
75
11
680
48
717
23
33
41
91
63
67
43
84
14
80
48
15
40
52
77
8
11
114
19
45
48
154
26
59
191
60
96
228
133
265
299
7
333
41
367
75
401
109
435
143
469
23
9
36
186
503
9
69
29
55
82
24
543
232
55
69
115
101
64
583
32
275
20
158
36
144
107
11
626
75
26
324
47
72
79
210
21
666
63
39
52
17
42
84
382
105
706
79
265
76
118
82
107
72
139
746
437
119
48
320
156
783
480
91
363
817
520
131
37
854
557
74
891
10
18
597
111
928
50
58
148
965
92
185
1002
34
38
1042
74
78
1082
21
1116
6
58
1150
43
13
1187
50
1224
37
1261
74
1298
111
5
1335
39
1369
11
76
22
1406
48
39
62
1446
79
1483
116
30
1520
153
64
1557
22
1591
56
23
1625
26
57
11
5
26
1668
69
54
60
48
1711
112
11
1751
23
51
1791
63
20
91
1831
44
54
131
1871
14
84
91
171
1911
36
54
18
127
31
31
217
76
1957
34
97
64
74
173
77
119
263
5
2003
80
8
42
303
162
48
2043
48
19
42
85
346
88
2086
59
82
125
2123
119
14
2160
48
2194
37
2228
37
21
74
2265
74
58
2302
18
28
21
2342
58
62
61
2382
96
98
2419
2453
30
25
2493
70
25
68
2536
65
30
111
2579
70
151
2619
110
191
2659
9
153
234
2702
52
274
2742
311
2779
41
38
35
357
2825
87
4
87
84
406
2874
136
53
449
2917
18
179
12
36
489
23
2960
58
42
52
76
532
66
34
3006
110
88
578
77
144
3049
618
178
117
3089
29
215
658
157
3129
66
252
698
10
3166
106
735
9
47
3206
41
775
49
3246
75
21
14
815
39
3283
61
852
54
79
2125
889
113
2162
19
926
726
53
963
763
4
1003
803
8
24
44
1043
45
843
61
84
1083
95
883
1120
920
1157
957
1194
994
1231
1031
1268
1302
1336
1370
1404
1438
1472
1506
1540
1574
1608
1642
1676
1710
1744
1778
1812
1846
1880
1914
1948
1982
2016
2050
2084
4
4
8
8
12
12
16
16
20
20
24
24
28
28
32
32
36
36
40
40
44
44
48
48
52
52
56
56
60
60
64
64
68
68
72
72
76
76
80
80
84
84
88
88
92
92
96
96
100
100
104
104
108
108
112
112
116
116
120
120
124
124
128
128
131
131
135
135
139
139
143
143
147
147
151
151
155
155
159
159
163
163
167
167
171
171
175
175
179
179
183
183
187
187
191
191
195
195
199
199
203
203
207
207
211
211
215
215
219
219
223
223
227
227
231
231
235
235
239
239
243
243
247
247
251
251
255
255
259
259
263
265
269
269
273
279
279
285
286
290
293
299
301
304
307
311
313
318
318
322
329
331
337
337
344
354
361
362
372
374
380
380
387
397
404
405
415
434
441
475
29
63
35
17
69
100
54
30
106
88
27
70
31
26
64
107
9
37
71
66
104
49
74
4
39
144
19
11
41
14
82
35
56
36
54
4
23
29
60
128
99
81
79
47
66
72
25
103
62
8
140
22
42
56
90
7
11
44
31
51
33
25
74
73
65
30
24
102
64
61
25
23
139
98
62
60
20
30
132
57
67
23
104
60
141
10
44
15
11
5
52
45
42
89
26
126
63
163
197
36
9
5
28
70
49
45
104
68
102
12
46
23
57
9
43
18
33
15
58
73
55
12
22
4
113
95
12
49
16
68
41
7
159
55
59
111
41
145
75
13
47
6
8
43
25
45
29
62
24
23
69
102
64
57
15
49
31
65
28
102
65
24
139
58
21
9
95
55
18
49
135
34
58
89
68
11
95
45
129
8
82
163
45
4
15
200
122
9
41
55
162
49
32
202
69
239
24
273
58
16
307
50
341
27
7
5
87
34
23
67
384
50
16
48
5
63
13
83
11
56
433
99
97
103
54
51
62
49
482
102
89
25
522
142
37
129
62
562
29
74
99
169
30
605
72
22
212
73
648
56
115
255
688
12
7
158
728
46
47
29
765
83
25
66
802
100
62
839
134
99
6
33
171
40
22
70
27
59
64
28
39
65
76
21
102
55
13
139
89
33
28
23
56
126
182
28
76
71
24
63
166
102
68
228
30
117
70
271
73
32
308
66
342
18
27
103
15
379
58
6
67
52
419
46
107
459
86
147
499
126
187
539
27
166
61
200
31
65
31
38
68
75
13
109
47
143
81
13
20
47
54
16
8
84
42
53
121
36
76
70
104
7
41
13
11
47
45
11
10
4
51
50
44
31
87
25
34
71
65
31
12
74
111
68
49
145
18
14
55
51
5
26
27
39
63
64
12
9
49
46
22
33
56
22
70
14
59
6
107
51
43
33
80
70
117
28
62
27
28
61
37
62
71
96
11
23
130
32
48
26
60
69
85
26
66
97
36
122
66
106
38
76
36
72
70
106
140
11
177
23
48
31
57
65
21
55
19
53
37
8
71
42
26
20
79
34
66
54
44
74
106
84
18
34
114
13
124
55
71
154
22
53
164
194
56
13
14
96
207
237
48
56
14
139
250
7
280
51
14
287
47
11
5
51
26
330
31
87
54
91
48
69
373
71
127
88
410
161
195
229
263
32
26
38
72
66
78
25
103
27
33
118
19
39
65
146
73
70
59
161
82
189
113
226
150
29
266
17
34
69
306
68
57
343
7
11
380
41
34
51
420
75
9
77
36
460
49
70
11
9
500
36
48
46
537
5
76
86
571
11
23
48
608
126
51
60
88
645
166
91
679
128
206
713
240
747
274
781
308
815
35
342
5
30
27
376
861
81
24
54
12
22
82
26
79
913
133
49
76
106
63
74
134
131
965
15
174
171
1005
11
52
15
208
1042
51
92
55
91
132
8
42
131
9
45
172
82
40
7
8
49
215
77
47
48
255
289
323
6
8
357
26
40
49
9
38
394
54
18
72
86
49
95
84
434
58
89
132
121
4
18
172
34
161
41
58
71
198
26
98
25
22
241
69
59
141
65
284
9
112
105
43
324
25
152
37
145
83
364
65
192
77
12
185
404
232
46
225
269
29
34
306
66
68
32
346
14
106
72
48
386
23
112
9
429
66
155
32
55
18
478
75
58
518
95
555
21
6
17
592
58
43
54
629
663
697
731
27
20
768
54
64
805
9
88
842
46
879
83
916
33
950
67
25
984
104
62
34
15
1021
20
99
71
55
28
1061
60
108
95
65
1101
21
145
103
138
1144
64
178
1184
104
17
27
221
44
51
1230
70
5
5
267
90
1276
39
48
310
133
73
1319
170
1356
1390
1424
1458
1492
1526
1560
1594
1628
613
647
681
4
4
8
8
12
12
16
16
20
20
24
24
28
28
32
32
36
36
40
40
44
44
48
48
52
52
56
56
60
60
64
64
68
68
72
72
76
76
80
80
84
84
88
88
92
92
96
96
100
100
104
104
108
108
112
112
116
116
120
120
124
124
128
128
131
131
135
135
139
139
143
143
147
147
151
151
155
155
159
159
163
163
167
167
171
171
175
175
179
179
183
183
187
187
191
191
195
195
199
199
203
203
207
207
211
211
215
215
219
219
223
223
227
227
231
231
235
235
239
239
243
243
247
247
251
251
255
255
258
262
264
267
269
275
283
288
288
292
295
297
299
303
303
308
311
312
318
328
334
343
343
350
354
358
363
370
371
396
403
433
21
37
58
10
32
80
50
35
75
27
72
30
64
8
70
5
45
5
39
35
39
17
10
14
79
75
57
47
51
32
18
66
52
29
36
4
66
73
9
39
26
11
106
47
30
52
82
66
44
57
67
81
101
115
135
4
15
34
11
175
41
52
74
51
34
81
13
29
74
121
47
69
28
158
62
96
20
133
23
60
60
29
94
31
29
14
66
134
71
66
40
10
35
63
15
186
89
59
84
112
64
235
13
138
108
158
110
47
181
151
201
8
188
23
42
225
60
30
79
262
8
29
33
73
16
122
302
51
69
76
56
162
342
40
94
27
38
376
208
86
140
73
410
50
87
29
260
138
444
192
125
30
102
139
481
81
312
241
67
174
518
352
281
104
25
555
28
392
321
15
11
68
595
68
435
12
364
58
54
111
638
13
15
5
481
58
410
53
55
45
521
98
450
32
95
85
561
138
37
493
75
41
138
604
18
78
83
539
121
175
650
64
582
209
690
104
19
622
246
27
733
56
147
665
14
16
70
776
190
708
51
53
816
230
748
856
270
34
788
43
68
310
828
13
83
29
108
350
868
53
69
387
148
905
93
109
26
26
427
191
945
136
17
26
152
72
69
473
234
991
179
63
72
195
274
118
519
1037
308
556
1074
342
16
596
1114
376
34
56
26
636
1154
416
74
673
66
20
1194
456
114
7
713
60
1234
27
496
44
756
64
533
793
567
24
830
22
601
12
67
873
635
65
11
58
36
7
116
672
922
114
60
44
82
965
157
6
1002
29
194
43
1039
66
231
80
1076
4
268
16
41
41
1116
308
53
81
40
1156
348
35
19
80
78
11
75
59
120
115
48
96
157
12
133
46
167
36
83
201
73
36
120
32
73
154
69
30
110
106
8
67
147
20
143
48
26
107
187
60
63
12
46
15
9
49
43
83
4
77
120
37
20
16
44
74
160
37
4
63
56
40
20
77
44
96
25
80
9
63
117
21
68
117
52
154
61
29
157
194
95
69
197
17
231
51
34
268
85
71
119
305
9
32
153
46
69
187
103
32
14
66
48
31
25
82
68
22
62
119
9
59
156
43
35
37
17
105
77
202
81
83
63
111
151
248
145
103
191
34
179
24
10
17
34
237
80
216
47
70
26
63
80
283
256
41
66
317
296
81
6
336
20
40
49
60
80
21
100
58
137
17
34
54
20
71
54
19
53
22
90
59
28
62
9
37
96
8
49
77
130
48
82
6
9
40
14
34
46
77
51
71
37
37
105
37
77
26
77
142
77
16
34
66
182
30
53
74
40
70
29
77
107
63
30
144
97
67
181
25
218
62
6
11
36
43
45
21
73
27
107
58
64
16
144
53
181
16
50
33
11
67
45
14
48
82
116
33
27
153
6
67
67
193
46
230
5
25
270
34
48
33
71
316
80
76
114
359
123
14
38
154
51
75
109
22
146
59
27
183
21
96
64
220
58
133
30
170
10
70
29
50
66
6
44
43
21
84
58
21
8
22
58
42
59
13
76
98
99
53
138
139
175
209
17
243
51
13
12
283
85
53
119
52
153
86
4
120
37
41
154
74
188
15
225
31
52
11
265
65
92
51
305
132
26
91
345
9
39
63
175
43
46
388
82
9
6
221
89
83
434
52
43
264
120
38
38
477
304
43
72
81
520
28
29
24
350
89
112
127
68
69
21
70
396
6
61
40
433
4
467
38
501
72
535
9
106
572
35
34
49
68
612
75
102
649
112
136
686
149
170
32
21
726
66
58
763
100
797
25
59
22
7
26
59
23
22
60
50
102
12
66
65
46
24
58
15
9
95
32
55
43
42
32
72
95
82
66
32
112
135
15
66
36
152
175
55
70
192
215
13
47
81
115
16
26
50
60
84
94
118
128
152
162
186
220
254
288
322
356
390
424
458
492
526
560
4
4
8
8
12
12
16
16
20
20
24
24
28
28
32
32
36
36
40
40
44
44
48
48
52
52
56
56
60
60
64
64
68
68
72
72
76
76
80
80
84
84
88
88
92
92
96
96
100
100
104
104
108
108
112
112
116
116
120
120
124
124
128
128
131
131
135
135
139
139
143
143
147
147
151
151
155
155
159
159
163
163
167
167
171
171
175
175
179
179
183
183
187
187
191
191
195
195
199
199
203
203
207
207
211
211
215
215
219
219
223
223
227
227
231
231
235
235
239
239
243
243
247
247
251
251
255
255
260
262
264
266
269
273
275
279
279
283
286
287
292
293
296
299
300
305
307
312
313
320
320
326
331
331
336
338
340
345
348
351
352
357
357
362
364
367
372
374
380
387
387
395
400
406
407
410
415
423
430
433
447
450
463
467
473
484
490
504
510
521
527
547
564
584
601
635
669
703
737
771
805
839
873
8
5
910
21
48
39
950
26
61
16
40
990
63
7
14
53
83
32
1033
40
50
9
57
39
1073
75
11
86
90
14
58
1110
88
57
37
38
1144
63
24
31
100
80
81
37
7
1187
109
67
20
27
77
149
127
83
31
1233
56
32
70
69
20
201
1270
80
107
78
4
63
1310
120
26
44
11
1350
157
66
48
84
19
1393
194
85
56
24
231
1433
61
1470
22
7
25
1507
59
10
44
6
65
1547
18
47
43
90
52
1584
61
86
133
1618
167
1652
201
1686
235
1720
269
1754
1788
1822
1856
25
1893
24
62
30
58
1933
67
33
92
10
1976
126
73
50
2016
26
163
26
87
23
473
40
72
124
69
66
510
45
86
161
27
41
14
121
10
94
198
73
87
60
47
235
124
24
38
61
75
33
21
70
25
58
17
10
35
62
98
21
47
60
78
141
81
4
67
121
184
115
47
161
26
195
60
20
31
17
57
68
51
12
17
8
88
49
54
45
125
23
82
159
60
8
193
97
45
227
134
82
261
171
119
295
33
211
159
73
11
12
251
48
49
285
319
15
356
13
39
55
396
47
32
79
29
433
69
116
66
36
70
27
61
19
36
56
38
76
96
78
116
136
25
59
20
54
33
34
67
68
8
5
42
39
17
36
54
19
76
56
113
6
147
40
9
184
22
31
49
224
62
21
65
16
264
58
102
53
10
301
43
95
145
50
83
129
185
90
5
166
41
222
45
206
81
256
19
243
118
293
56
8
30
280
155
12
339
26
102
54
320
76
58
63
385
23
5
360
422
60
42
397
459
431
79
496
465
10
533
499
7
50
16
31
4
50
46
96
65
62
50
89
102
18
93
132
8
58
42
20
15
54
49
5
39
9
34
35
28
46
71
35
72
68
5
72
16
39
50
36
70
5
7
107
41
42
75
144
34
9
68
35
43
69
77
111
7
145
41
19
32
182
78
9
56
72
219
118
24
4
52
115
256
13
25
41
70
293
158
4
78
59
71
24
333
43
44
99
111
64
373
83
84
139
151
104
413
44
124
179
15
191
44
150
459
90
164
219
61
90
502
27
204
259
536
67
39
299
570
11
12
22
79
339
610
42
52
54
62
32
34
79
91
656
105
6
78
116
80
11
702
50
154
153
55
48
90
190
124
224
158
258
192
15
34
26
52
10
60
74
44
95
94
53
117
87
128
138
7
160
30
130
165
47
200
67
202
84
4
104
239
38
273
21
307
25
33
341
61
65
375
73
12
412
49
35
15
69
23
52
60
32
6
66
40
100
6
33
80
134
46
73
30
168
110
67
202
33
35
147
242
73
75
9
10
43
44
7
4
41
12
11
38
49
48
11
45
26
33
63
70
12
46
32
32
66
20
69
8
57
42
17
51
4
25
41
62
78
16
9
53
46
16
5
31
53
42
65
90
37
30
127
37
74
67
164
74
111
39
16
114
76
50
7
37
18
116
47
71
58
156
87
193
23
124
57
230
161
267
198
15
25
307
238
20
33
58
62
33
57
73
70
104
20
54
23
21
21
11
57
61
61
51
32
34
27
35
10
69
74
67
72
50
106
21
55
35
69
9
35
43
69
38
26
72
15
63
36
55
73
11
20
45
12
57
31
52
97
27
71
61
15
5
33
52
39
35
73
5
75
39
116
18
43
51
52
121
85
162
89
97
128
205
14
12
168
245
48
8
55
211
48
95
251
27
288
30
17
4
64
70
331
60
47
371
30
100
87
64
137
124
98
174
132
208
166
200
22
234
19
56
37
12
56
39
71
52
96
79
92
136
119
132
176
169
203
237
271
305
339
373
407
441
475
509
543
577
611
645
