5 0.88
10 4.26
15 4.2
20 4.16
25 5.12
30 4.44
35 4.4
40 4.08
45 3.58
50 4.16
55 4.08
60 4.56
65 4.32
70 3.48
75 3.28
80 3.1
85 2.42
90 1.66
95 1.48
100 1.28
105 1.5
110 1.24
115 1.08
120 1.04
125 1.08
130 0.88
135 0.76
140 0.8
145 0.66
150 0.32
155 0.68
160 0.56
165 0.46
170 0.52
175 0.54
180 0.42
185 0.38
190 0.42
195 0.3
200 0.4
205 0.4
210 0.28
215 0.34
220 0.4
225 0.36
230 0.32
235 0.28
240 0.18
245 0.32
250 0.34
255 0.18
260 0.26
265 0.36
270 0.2
275 0.28
280 0.3
285 0.14
290 0.32
295 0.16
300 0.2
305 0.22
310 0.1
315 0.24
320 0.18
325 0.26
330 0.12
335 0.24
340 0.06
345 0.12
350 0.12
355 0.1
360 0.24
365 0.24
370 0.22
375 0.08
380 0.08
385 0.08
390 0.16
395 0.18
400 0.14
405 0.1
410 0.06
415 0.04
420 0.12
425 0.22
430 0.12
435 0.1
440 0.08
445 0.02
450 0.12
455 0.06
460 0.08
465 0.08
470 0.14
475 0.04
480 0.1
485 0.04
490 0.04
495 0.14
3169 6.52
5 1.02
10 4.28
15 5.16
20 4.1
25 4.14
30 4.84
35 4.78
40 3.78
45 3.5
50 4.34
55 4.76
60 4.42
65 4.38
70 4.62
75 3.76
80 2.86
85 1.96
90 1.66
95 1.34
100 1.9
105 1.4
110 1.1
115 1.14
120 0.98
125 1.1
130 0.74
135 0.7
140 0.88
145 0.72
150 0.74
155 0.56
160 0.58
165 0.62
170 0.46
175 0.58
180 0.52
185 0.52
190 0.36
195 0.46
200 0.44
205 0.3
210 0.4
215 0.38
220 0.42
225 0.38
230 0.2
235 0.38
240 0.32
245 0.22
250 0.34
255 0.28
260 0.2
265 0.12
270 0.3
275 0.18
280 0.32
285 0.24
290 0.28
295 0.18
300 0.1
305 0.12
310 0.2
315 0.16
320 0.26
325 0.2
330 0.2
335 0.12
340 0.06
345 0.14
350 0.08
355 0.12
360 0.32
365 0.08
370 0.1
375 0.1
380 0.08
385 0.08
390 0.14
395 0.14
400 0.18
405 0.12
410 0.06
415 0.02
420 0.02
425 0.14
430 0.12
435 0.1
440 0.24
445 0.06
450 0
455 0.04
460 0.06
465 0.02
470 0.22
475 0.08
480 0.16
485 0.02
490 0.02
495 0.02
2082 3.86
5 0.74
10 4.52
15 4.46
20 3.94
25 4.22
30 4.02
35 4.04
40 3.9
45 3.58
50 4.44
55 4.26
60 3.74
65 4.1
70 3.92
75 3.18
80 2.68
85 2.44
90 1.82
95 1.44
100 1.36
105 0.98
110 1.14
115 1.04
120 1.06
125 1
130 1.08
135 0.64
140 0.64
145 0.68
150 0.5
155 0.64
160 0.68
165 0.54
170 0.5
175 0.52
180 0.38
185 0.44
190 0.4
195 0.52
200 0.4
205 0.44
210 0.42
215 0.3
220 0.24
225 0.24
230 0.46
235 0.28
240 0.3
245 0.48
250 0.26
255 0.18
260 0.14
265 0.24
270 0.34
275 0.22
280 0.26
285 0.24
290 0.28
295 0.1
300 0.14
305 0.2
310 0.2
315 0.16
320 0.28
325 0.16
330 0.14
335 0.16
340 0.16
345 0.1
350 0.18
355 0.22
360 0.06
365 0.1
370 0.12
375 0.12
380 0.1
385 0.16
390 0.16
395 0.08
400 0.18
405 0.06
410 0.08
415 0.12
420 0.14
425 0.08
430 0.1
435 0.08
440 0.06
445 0.1
450 0.08
455 0.06
460 0.1
465 0.06
470 0.06
475 0.14
480 0.08
485 0.06
490 0.04
495 0.06
4068 9.26
5 0.64
10 2.78
15 3
20 2.68
25 3.34
30 2.74
35 3.04
40 2.64
45 2.62
50 2.48
55 2.92
60 2.98
65 3.04
70 2.58
75 2.86
80 2.48
85 1.3
90 1.38
95 0.86
100 1.22
105 0.98
110 0.84
115 0.92
120 0.74
125 0.62
130 0.56
135 0.6
140 0.56
145 0.62
150 0.54
155 0.42
160 0.36
165 0.3
170 0.52
175 0.34
180 0.4
185 0.28
190 0.32
195 0.24
200 0.14
205 0.28
210 0.32
215 0.42
220 0.26
225 0.2
230 0.24
235 0.2
240 0.18
245 0.28
250 0.18
255 0.38
260 0.2
265 0.06
270 0.2
275 0.14
280 0.3
285 0.12
290 0.22
295 0.2
300 0.12
305 0.12
310 0.1
315 0.14
320 0.12
325 0.18
330 0.22
335 0.1
340 0.12
345 0.06
350 0.06
355 0.1
360 0.12
365 0.12
370 0.14
375 0.12
380 0.08
385 0.04
390 0.06
395 0.1
400 0.18
405 0.08
410 0.04
415 0.08
420 0.04
425 0.1
430 0.1
435 0.02
440 0.12
445 0.06
450 0.04
455 0.06
460 0.02
465 0.1
470 0.08
475 0.06
480 0.1
485 0.06
490 0.02
495 0.08
43556 34.08
5 0.76
10 4.22
15 3.78
20 3.68
25 4.06
30 3.94
35 3.64
40 3.6
45 3.3
50 3.46
55 3.88
60 3.88
65 4.12
70 3.38
75 3.24
80 2.56
85 2.44
90 1.34
95 1.26
100 1.14
105 1.56
110 1.3
115 1.28
120 0.8
125 1.16
130 0.8
135 0.7
140 0.68
145 0.7
150 0.76
155 0.66
160 0.48
165 0.58
170 0.54
175 0.62
180 0.34
185 0.36
190 0.52
195 0.46
200 0.36
205 0.4
210 0.36
215 0.24
220 0.44
225 0.22
230 0.32
235 0.32
240 0.3
245 0.32
250 0.2
255 0.2
260 0.18
265 0.36
270 0.34
275 0.22
280 0.16
285 0.26
290 0.18
295 0.16
300 0.24
305 0.32
310 0.14
315 0.14
320 0.2
325 0.18
330 0.18
335 0.1
340 0.2
345 0.2
350 0.12
355 0.1
360 0.18
365 0.12
370 0.14
375 0.14
380 0.18
385 0.18
390 0.12
395 0.08
400 0.14
405 0.12
410 0.12
415 0.12
420 0.14
425 0.16
430 0.1
435 0
440 0.16
445 0.14
450 0.08
455 0.12
460 0.1
465 0.1
470 0.08
475 0.02
480 0.16
485 0.04
490 0.12
495 0.12
9181 13.08
5 0.78
10 4.2
15 4.2
20 4.48
25 4.26
30 4.22
35 4.14
40 3.22
45 3.18
50 4.08
55 4.12
60 4.2
65 4.7
70 3.9
75 3.6
80 2.4
85 2.24
90 1.68
95 1.42
100 1.44
105 1.2
110 1.28
115 1.08
120 1
125 1.12
130 0.8
135 0.74
140 0.76
145 0.56
150 0.68
155 0.58
160 0.68
165 0.66
170 0.52
175 0.44
180 0.36
185 0.46
190 0.4
195 0.32
200 0.48
205 0.54
210 0.3
215 0.2
220 0.38
225 0.28
230 0.24
235 0.3
240 0.4
245 0.24
250 0.3
255 0.18
260 0.22
265 0.2
270 0.24
275 0.24
280 0.16
285 0.18
290 0.2
295 0.14
300 0.2
305 0.24
310 0.16
315 0.24
320 0.08
325 0.12
330 0.16
335 0.16
340 0.18
345 0.16
350 0.14
355 0.12
360 0.14
365 0.1
370 0.08
375 0.16
380 0.12
385 0.18
390 0.06
395 0.16
400 0.02
405 0.08
410 0.12
415 0.12
420 0.14
425 0.08
430 0.12
435 0.08
440 0.04
445 0.06
450 0.12
455 0.06
460 0.08
465 0.2
470 0.06
475 0.02
480 0.04
485 0.1
490 0.06
495 0.08
4870 9.84
5 0.86
10 3.82
15 2.98
20 3.46
25 3.42
30 3.64
35 3.84
40 3.36
45 3.28
50 3.34
55 3.06
60 3.2
65 3.42
70 3.5
75 3.06
80 2.92
85 2.08
90 1.58
95 1.32
100 1.26
105 1.24
110 0.98
115 1.1
120 1.08
125 0.9
130 0.66
135 0.72
140 0.64
145 0.64
150 0.66
155 0.68
160 0.54
165 0.44
170 0.44
175 0.34
180 0.58
185 0.38
190 0.42
195 0.54
200 0.24
205 0.44
210 0.22
215 0.42
220 0.32
225 0.38
230 0.36
235 0.16
240 0.36
245 0.2
250 0.34
255 0.3
260 0.3
265 0.32
270 0.12
275 0.26
280 0.2
285 0.12
290 0.22
295 0.22
300 0.4
305 0.14
310 0.16
315 0.12
320 0.18
325 0.22
330 0.06
335 0.38
340 0.2
345 0.12
350 0.16
355 0.12
360 0.1
365 0.14
370 0.24
375 0.2
380 0.14
385 0.16
390 0.12
395 0.12
400 0.14
405 0.1
410 0.16
415 0.12
420 0.06
425 0.14
430 0.14
435 0.14
440 0.08
445 0.08
450 0.08
455 0.2
460 0.12
465 0.1
470 0.1
475 0.16
480 0.02
485 0.1
490 0.08
495 0.16
12021 18.36
5 0.88
10 4.46
15 4.3
20 3.94
25 4.24
30 3.98
35 4.28
40 3.22
45 3.5
50 4.54
55 3.86
60 4.12
65 3.84
70 3.86
75 3.46
80 2.64
85 2.36
90 1.44
95 1.22
100 1.32
105 1.3
110 1.14
115 1.24
120 1.08
125 1.02
130 0.7
135 1
140 0.54
145 0.6
150 0.56
155 0.6
160 0.54
165 0.62
170 0.58
175 0.52
180 0.36
185 0.5
190 0.4
195 0.46
200 0.48
205 0.22
210 0.38
215 0.32
220 0.42
225 0.4
230 0.32
235 0.38
240 0.3
245 0.16
250 0.22
255 0.28
260 0.46
265 0.26
270 0.22
275 0.24
280 0.18
285 0.24
290 0.2
295 0.28
300 0.3
305 0.3
310 0.12
315 0.1
320 0.14
325 0.16
330 0.28
335 0.22
340 0.22
345 0.12
350 0.08
355 0.16
360 0.12
365 0.22
370 0.18
375 0.2
380 0.18
385 0.08
390 0.1
395 0.1
400 0.12
405 0.18
410 0.2
415 0.06
420 0.06
425 0.08
430 0.12
435 0.12
440 0.1
445 0.08
450 0.08
455 0.08
460 0.06
465 0.1
470 0.06
475 0.08
480 0.06
485 0.1
490 0.02
495 0.06
12923 9.62
5 0.72
10 4.56
15 4.3
20 4.38
25 4.82
30 4.62
35 4.14
40 4
45 3.76
50 4.02
55 4.58
60 4.62
65 4.26
70 4.14
75 3.3
80 2.62
85 2.64
90 2.08
95 1.72
100 1.72
105 1.44
110 1.06
115 0.98
120 0.98
125 1.12
130 1
135 0.8
140 0.72
145 0.7
150 0.54
155 0.52
160 0.6
165 0.66
170 0.58
175 0.56
180 0.16
185 0.52
190 0.44
195 0.54
200 0.42
205 0.36
210 0.42
215 0.22
220 0.34
225 0.4
230 0.34
235 0.4
240 0.26
245 0.2
250 0.24
255 0.24
260 0.24
265 0.24
270 0.34
275 0.14
280 0.28
285 0.16
290 0.12
295 0.22
300 0.2
305 0.18
310 0.22
315 0.12
320 0.16
325 0.18
330 0.22
335 0.16
340 0.16
345 0.14
350 0.08
355 0.08
360 0.12
365 0.26
370 0.1
375 0.1
380 0.06
385 0.16
390 0.02
395 0.12
400 0.14
405 0.1
410 0.14
415 0.02
420 0.04
425 0.08
430 0.16
435 0.08
440 0.1
445 0.08
450 0.06
455 0.06
460 0.06
465 0.04
470 0.12
475 0.08
480 0.06
485 0.06
490 0.04
495 0.08
3396 5.06
5 0.84
10 4.04
15 3.58
20 3.88
25 3.4
30 3.56
35 3.12
40 3.16
45 3.26
50 3.54
55 3.64
60 3.52
65 3.72
70 3.24
75 2.68
80 2.52
85 2.06
90 1.66
95 1.7
100 1.2
105 1.16
110 1
115 0.9
120 0.98
125 0.78
130 1.04
135 0.72
140 0.68
145 0.64
150 0.7
155 0.5
160 0.46
165 0.64
170 0.42
175 0.42
180 0.5
185 0.32
190 0.42
195 0.32
200 0.58
205 0.28
210 0.28
215 0.22
220 0.36
225 0.36
230 0.24
235 0.36
240 0.36
245 0.28
250 0.14
255 0.24
260 0.34
265 0.22
270 0.38
275 0.26
280 0.1
285 0.26
290 0.2
295 0.14
300 0.2
305 0.22
310 0.34
315 0.18
320 0.12
325 0.16
330 0.16
335 0.2
340 0.18
345 0.2
350 0.2
355 0.18
360 0.14
365 0.12
370 0.16
375 0.2
380 0.18
385 0.04
390 0.18
395 0.06
400 0.22
405 0.12
410 0.12
415 0.14
420 0.14
425 0.1
430 0.06
435 0.06
440 0.18
445 0.1
450 0.14
455 0.04
460 0.14
465 0.1
470 0.06
475 0.12
480 0.08
485 0.06
490 0.16
495 0.12
12612 17.8
5 1.04
10 4.12
15 4.82
20 4.3
25 4.36
30 4.68
35 4.12
40 3.52
45 3.5
50 4.14
55 4.54
60 4.4
65 4.42
70 4.1
75 3.72
80 2.76
85 1.94
90 1.82
95 1.28
100 1.62
105 1.34
110 1.06
115 1.26
120 1.02
125 0.84
130 0.7
135 0.72
140 0.7
145 0.84
150 0.66
155 0.64
160 0.62
165 0.54
170 0.46
175 0.36
180 0.44
185 0.56
190 0.48
195 0.5
200 0.42
205 0.34
210 0.36
215 0.34
220 0.34
225 0.42
230 0.38
235 0.3
240 0.28
245 0.24
250 0.24
255 0.3
260 0.26
265 0.38
270 0.34
275 0.2
280 0.2
285 0.14
290 0.18
295 0.2
300 0.28
305 0.34
310 0.04
315 0.22
320 0.08
325 0.18
330 0.14
335 0.16
340 0.18
345 0.12
350 0.16
355 0.1
360 0.14
365 0.2
370 0.1
375 0.1
380 0.2
385 0.14
390 0.06
395 0.12
400 0.22
405 0.08
410 0.08
415 0.16
420 0.1
425 0.14
430 0.12
435 0.12
440 0.1
445 0.04
450 0.04
455 0.12
460 0.08
465 0.1
470 0.12
475 0
480 0.08
485 0.04
490 0.04
495 0.08
3358 6.28
5 0.82
10 3.74
15 3.98
20 4.12
25 3.76
30 4.1
35 3.86
40 3.5
45 3.54
50 3.82
55 4.26
60 3.84
65 3.62
70 3.48
75 3.62
80 3.1
85 1.94
90 1.98
95 1.56
100 1.26
105 1.02
110 1.12
115 1.04
120 1.2
125 1
130 0.7
135 0.56
140 0.56
145 0.64
150 0.5
155 0.72
160 0.64
165 0.54
170 0.42
175 0.26
180 0.4
185 0.48
190 0.4
195 0.44
200 0.3
205 0.42
210 0.28
215 0.22
220 0.26
225 0.32
230 0.46
235 0.16
240 0.26
245 0.26
250 0.24
255 0.22
260 0.24
265 0.28
270 0.18
275 0.2
280 0.16
285 0.16
290 0.24
295 0.26
300 0.14
305 0.2
310 0.12
315 0.14
320 0.2
325 0.14
330 0.22
335 0.16
340 0.14
345 0.16
350 0.12
355 0.1
360 0.12
365 0.18
370 0.12
375 0.18
380 0.14
385 0.08
390 0.08
395 0.14
400 0.14
405 0.12
410 0.14
415 0.06
420 0.1
425 0.1
430 0.04
435 0.14
440 0.16
445 0.08
450 0.12
455 0.06
460 0.06
465 0.08
470 0.08
475 0.14
480 0.1
485 0.08
490 0.1
495 0.1
6478 13.46
5 0.74
10 4.34
15 3.86
20 4.22
25 4.18
30 3.82
35 4.36
40 3.58
45 3.44
50 3.66
55 4
60 4.38
65 4.04
70 3.82
75 3.62
80 2.5
85 1.96
90 1.58
95 1.62
100 1.38
105 1.52
110 1.4
115 0.82
120 0.78
125 1.02
130 0.94
135 0.66
140 0.68
145 0.86
150 0.74
155 0.52
160 0.38
165 0.6
170 0.6
175 0.58
180 0.38
185 0.54
190 0.46
195 0.4
200 0.32
205 0.42
210 0.24
215 0.4
220 0.36
225 0.36
230 0.36
235 0.26
240 0.34
245 0.2
250 0.22
255 0.32
260 0.28
265 0.34
270 0.2
275 0.2
280 0.24
285 0.2
290 0.14
295 0.18
300 0.22
305 0.24
310 0.22
315 0.12
320 0.18
325 0.12
330 0.24
335 0.14
340 0.2
345 0.18
350 0.14
355 0.16
360 0.14
365 0.18
370 0.14
375 0.16
380 0.12
385 0.18
390 0.14
395 0.1
400 0.12
405 0.2
410 0.08
415 0.1
420 0.18
425 0.12
430 0.1
435 0.14
440 0.12
445 0.2
450 0.04
455 0.16
460 0.02
465 0.18
470 0.1
475 0.1
480 0.14
485 0.1
490 0.04
495 0.1
4979 9.78
5 0.82
10 4.4
15 3.84
20 4.26
25 4.18
30 4.14
35 4.18
40 3.38
45 3.46
50 4.04
55 4.2
60 4.24
65 4.2
70 3.94
75 3.02
80 2.56
85 2.46
90 1.82
95 1.58
100 1.72
105 1.28
110 1.22
115 1.1
120 0.84
125 1.14
130 0.86
135 0.88
140 0.82
145 0.84
150 0.76
155 0.62
160 0.68
165 0.54
170 0.54
175 0.38
180 0.52
185 0.56
190 0.52
195 0.4
200 0.46
205 0.52
210 0.34
215 0.3
220 0.42
225 0.34
230 0.34
235 0.32
240 0.36
245 0.32
250 0.24
255 0.3
260 0.32
265 0.34
270 0.26
275 0.24
280 0.32
285 0.24
290 0.2
295 0.12
300 0.22
305 0.34
310 0.16
315 0.14
320 0.28
325 0.1
330 0.08
335 0.28
340 0.18
345 0.16
350 0.1
355 0.06
360 0.12
365 0.1
370 0.12
375 0.24
380 0.1
385 0.1
390 0.1
395 0.04
400 0.1
405 0.12
410 0.08
415 0.12
420 0.16
425 0.1
430 0.04
435 0.04
440 0.12
445 0.08
450 0.12
455 0.1
460 0.12
465 0.1
470 0.02
475 0.04
480 0.14
485 0.04
490 0.08
495 0.14
3320 7.88
5 0.7
10 4.14
15 3.54
20 3.88
25 4.1
30 4.38
35 3.94
40 3.76
45 3.38
50 3.58
55 3.8
60 3.98
65 4.1
70 4.08
75 3.62
80 2.64
85 2.2
90 1.7
95 1.4
100 1.1
105 1.2
110 1.46
115 1.04
120 0.86
125 0.92
130 0.88
135 0.62
140 0.76
145 0.58
150 0.56
155 0.6
160 0.7
165 0.64
170 0.42
175 0.4
180 0.38
185 0.4
190 0.52
195 0.42
200 0.52
205 0.38
210 0.46
215 0.22
220 0.4
225 0.34
230 0.28
235 0.46
240 0.32
245 0.4
250 0.2
255 0.2
260 0.42
265 0.24
270 0.18
275 0.24
280 0.2
285 0.28
290 0.14
295 0.2
300 0.34
305 0.14
310 0.22
315 0.2
320 0.14
325 0.12
330 0.12
335 0.16
340 0.2
345 0.14
350 0.18
355 0.14
360 0.1
365 0.1
370 0.1
375 0.1
380 0.1
385 0.18
390 0.12
395 0.12
400 0.04
405 0.1
410 0.04
415 0.08
420 0.08
425 0.14
430 0.1
435 0.04
440 0.1
445 0.02
450 0.08
455 0.12
460 0.04
465 0.1
470 0.14
475 0.08
480 0.06
485 0.06
490 0.02
495 0.08
7005 12
