20
22
35
40
47
50
51
59
61
65
66
68
74
76
79
81
86
88
90
94
97
97
106
110
113
114
114
119
125
124
126
131
136
137
143
141
146
154
155
155
158
162
164
168
166
165
174
170
173
183
184
184
189
189
186
197
200
202
204
209
210
211
214
216
217
220
224
221
229
225
235
237
242
246
249
253
251
254
258
258
259
262
256
263
266
261
273
272
275
281
286
285
290
289
294
299
293
304
308
308
307
311
321
321
326
325
334
336
345
344
348
346
345
350
356
353
355
366
363
367
378
380
381
386
385
388
393
390
394
399
401
402
400
406
409
410
406
414
410
418
414
418
427
432
429
424
437
438
441
447
443
451
451
451
462
465
459
469
469
472
476
482
480
480
488
488
492
496
493
497
503
507
513
517
521
525
529
536
533
540
544
545
548
563
567
571
578
579
582
583
586
591
595
599
603
610
607
614
619
612
624
616
628
632
636
644
648
655
659
671
675
744
748
752
756
760
764
768
772
776
780
784
788
5
9
893
897
901
5
9
13
17
21
25
29
33
37
41
45
5
53
57
16
61
65
69
5
12
1001
19
87
23
1009
97
31
103
35
39
107
43
47
51
5
55
9
59
16
20
5
24
9
5
9
17
15
21
22
26
5
12
37
5
9
13
5
9
13
8
24
12
28
1244
1248
1252
5
9
5
9
5
9
13
5
9
13
17
21
25
29
33
37
8
12
16
5
5
9
9
13
5
9
13
17
5
21
9
25
29
33
37
5
9
5
9
5
9
5
9
13
17
21
25
5
9
5
9
5
9
5
9
13
9
20
24
14
18
5
5
9
13
17
17
21
5
9
8
13
17
12
5
9
13
8
12
16
5
9
5
9
8
16
16
7
23
13
25
17
29
21
33
5
37
12
45
16
49
5
9
5
9
9
13
17
21
25
5
9
31
5
5
9
23
5
13
50
9
54
58
62
66
70
74
78
82
86
5
9
8
97
104
23
23
27
111
115
35
34
127
38
131
42
54
138
142
146
150
154
158
162
166
170
174
5
9
13
17
21
25
29
5
33
37
9
13
41
45
49
53
57
5
5
9
69
73
19
77
81
85
89
93
97
101
105
109
113
117
121
125
129
5
9
5
9
5
9
13
17
21
25
5
9
13
17
21
25
29
5
9
13
17
21
25
29
33
37
41
45
49
53
57
61
5
9
13
17
5
9
5
9
5
9
5
9
5
5
9
9
5
9
5
9
13
5
9
5
9
5
9
5
9
5
9
5
9
5
9
13
17
21
25
5
9
5
9
13
7
17
13
23
17
21
25
5
9
13
17
5
9
5
9
13
5
9
5
9
13
17
21
25
29
33
37
41
45
49
53
57
61
65
69
73
77
81
85
89
93
97
101
105
109
113
117
121
5
9
128
132
136
140
144
148
152
156
160
164
168
172
176
180
184
188
192
196
200
204
208
212
216
220
224
228
232
236
240
5
9
5
9
5
9
5
9
13
5
9
6
10
13
14
18
5
9
13
5
9
5
9
5
9
5
9
5
9
5
9
13
17
5
9
5
9
5
5
9
9
5
9
5
9
5
9
13
17
21
25
5
5
9
9
5
9
5
9
13
17
21
25
29
5
33
40
14
44
5
9
5
9
5
15
9
13
19
5
9
5
9
13
5
9
18
22
5
9
13
5
9
13
17
5
9
13
5
9
13
17
21
5
9
5
9
5
9
5
9
5
9
5
9
5
9
13
17
21
25
29
33
37
41
45
49
5
9
13
17
5
9
5
9
5
9
5
9
5
9
13
17
21
25
29
33
37
41
45
49
53
57
61
65
5
9
5
13
17
22
5
9
13
5
9
13
17
5
9
5
9
13
17
5
9
5
9
13
17
21
5
9
13
5
9
13
7
11
5
9
5
9
13
5
9
5
9
13
17
21
5
9
13
17
5
9
13
5
9
13
17
21
25
29
5
33
9
37
41
5
9
13
17
21
25
5
9
13
5
9
5
9
5
9
13
5
9
13
5
9
5
9
13
5
9
5
9
5
9
5
9
5
9
5
9
5
9
5
9
13
5
9
5
9
5
9
5
9
5
9
13
17
21
25
29
33
37
47
5
51
18
13
60
26
65
30
37
44
48
86
52
90
94
57
100
107
20
111
24
115
119
32
41
9
45
49
141
21
147
151
155
5
9
5
9
13
17
5
9
5
9
13
5
9
5
9
13
5
9
13
17
21
5
9
5
9
5
9
5
9
13
17
5
9
5
9
5
9
5
9
5
9
5
9
13
5
9
20
22
35
40
47
50
51
59
61
65
66
68
74
76
80
81
87
86
91
91
94
95
100
100
101
107
113
111
116
122
125
128
129
134
137
139
138
141
142
146
151
153
155
160
159
161
164
167
168
172
172
176
180
184
185
188
190
190
190
193
196
195
198
202
206
205
209
210
212
216
219
221
222
229
227
233
234
234
234
240
242
245
248
248
251
255
254
261
266
267
272
276
276
280
281
283
283
288
287
292
294
291
299
298
296
303
307
305
303
311
307
314
319
321
314
324
318
334
328
322
341
341
346
334
354
340
358
358
364
366
355
370
371
359
378
382
366
387
370
386
392
399
394
396
399
403
413
407
417
421
419
430
434
437
438
440
443
444
447
448
451
452
457
456
461
462
468
466
471
484
487
488
491
493
495
496
501
504
505
514
516
520
530
531
538
542
567
571
575
578
579
583
587
600
623
625
629
629
635
635
639
643
647
655
663
667
671
675
719
723
723
727
5
15
11
15
5
9
1045
1049
1053
5
9
13
17
5
9
5
9
5
9
5
13
9
17
21
5
9
5
9
13
5
9
7
11
5
9
5
9
5
9
5
9
5
9
13
17
21
7
25
11
29
15
19
5
9
5
9
13
17
21
25
29
33
5
9
13
5
11
23
27
31
9
35
13
5
9
8
12
6
10
14
5
9
5
9
5
5
13
9
13
7
17
28
5
9
13
17
21
5
9
13
5
9
13
5
9
5
13
9
18
22
5
9
13
17
5
9
5
9
5
9
5
9
5
9
5
9
5
9
5
9
13
5
9
5
9
5
9
8
12
5
9
13
5
9
5
9
5
9
13
5
9
13
5
9
5
9
5
9
5
9
5
9
5
9
5
9
13
5
9
5
9
13
5
9
5
9
13
17
21
25
29
33
6
37
10
41
5
9
5
9
13
5
9
5
9
5
9
5
9
8
13
20
5
15
22
13
26
5
9
5
8
9
12
5
9
13
5
9
13
5
9
13
8
12
5
9
5
9
5
9
5
9
5
9
13
17
21
5
9
8
13
17
12
16
5
9
13
5
9
13
17
5
9
13
17
21
5
9
5
9
5
9
13
5
9
5
9
5
9
5
9
5
9
13
5
9
13
5
9
13
17
5
9
13
5
9
5
9
9
13
17
19
19
23
22
8
12
5
9
5
9
5
9
13
17
21
5
9
5
9
5
9
13
17
21
25
5
9
5
9
13
5
9
5
9
5
5
9
13
11
17
21
25
5
9
5
9
5
5
9
9
17
5
9
5
13
9
13
5
9
13
17
21
25
5
9
13
17
5
9
5
9
5
9
13
17
21
25
29
33
5
9
5
9
13
17
8
24
12
5
9
5
9
5
9
13
5
5
9
12
16
5
9
5
9
13
17
21
25
29
33
37
41
45
49
53
5
9
5
13
9
13
17
21
5
9
5
19
11
23
5
9
5
9
13
5
9
5
9
5
9
13
5
9
13
17
5
9
13
5
9
5
9
6
14
22
13
18
22
26
30
34
38
42
46
50
54
58
62
66
5
73
9
13
17
21
25
5
9
5
5
10
13
18
18
5
9
5
9
5
9
5
9
13
17
21
5
9
13
5
9
13
5
9
5
9
13
17
21
25
5
9
31
35
39
5
9
13
5
9
5
9
5
9
5
9
13
17
21
25
5
9
5
9
13
5
9
13
17
21
25
29
33
37
41
45
49
53
57
61
65
69
73
7
11
84
88
92
96
100
104
108
112
116
120
124
128
132
136
140
144
148
152
156
160
164
168
172
176
180
7
184
11
188
192
196
200
204
5
9
13
17
21
25
29
33
37
41
5
9
13
17
21
5
9
13
17
21
25
29
33
37
41
5
46
9
50
13
20
57
61
65
69
73
77
81
85
5
9
93
97
13
5
9
13
17
5
9
13
5
9
7
11
15
19
5
9
5
9
5
5
9
13
5
9
5
9
13
5
9
13
17
5
21
9
29
33
37
41
45
49
53
57
61
65
69
73
77
81
85
89
93
97
101
105
109
113
117
121
125
129
133
137
141
145
149
153
157
161
165
169
173
177
181
185
189
193
197
201
205
209
213
217
221
225
229
233
237
241
245
249
253
257
261
265
269
273
277
281
285
289
293
297
301
305
309
313
317
321
325
329
333
337
341
345
349
353
357
361
365
369
373
377
381
385
389
393
397
401
405
409
413
417
421
425
429
433
437
441
445
449
453
457
461
465
469
473
477
481
485
489
493
497
501
505
509
513
517
521
525
529
533
537
541
545
549
553
557
22
28
30
43
47
47
52
53
54
68
68
75
76
76
81
85
86
90
90
95
96
100
100
105
105
111
111
113
116
118
121
120
122
125
127
130
131
134
135
139
140
143
145
148
152
153
155
159
160
162
165
166
165
171
176
180
182
183
186
185
186
190
192
195
195
199
202
203
206
205
213
221
223
219
229
230
228
235
236
240
243
240
247
249
251
254
254
261
267
262
270
270
275
268
276
279
282
280
287
284
290
294
297
297
301
301
302
309
303
313
307
321
311
319
315
330
319
334
333
337
341
345
342
357
346
350
366
367
354
370
371
358
380
382
384
386
386
390
372
394
376
398
385
407
410
411
416
415
421
422
425
426
431
430
438
441
445
449
459
462
468
469
472
475
476
479
481
486
485
490
489
497
501
505
508
512
516
516
522
520
532
532
536
536
540
546
550
554
622
626
630
636
644
642
675
679
5
9
5
9
5
9
5
9
5
9
13
17
21
5
9
13
5
9
5
9
13
5
9
13
5
9
5
9
13
17
21
25
29
33
37
41
45
49
53
57
8
61
12
65
16
69
73
77
81
85
89
93
97
101
5
105
9
109
13
113
19
117
121
23
125
5
9
13
5
9
5
9
5
9
13
17
21
5
9
5
9
5
9
5
9
5
9
13
17
21
9
13
5
9
13
5
9
5
9
5
9
13
17
21
5
9
13
5
9
5
9
6
10
5
9
5
9
5
9
13
5
17
9
5
9
5
9
5
9
5
9
5
9
5
9
5
9
5
9
13
17
5
9
5
9
5
9
13
5
9
5
9
13
5
9
13
17
5
9
13
17
21
9
13
32
36
40
44
5
9
5
9
6
7
11
17
5
9
5
9
5
9
5
9
5
9
13
5
9
13
5
9
13
17
21
25
29
33
37
41
45
49
53
5
9
5
9
13
17
5
9
5
9
5
9
13
17
21
25
29
33
37
41
5
9
13
5
9
5
9
13
17
21
5
9
13
5
9
13
17
5
9
5
9
5
9
13
5
9
13
17
5
9
5
5
9
9
17
21
25
5
9
13
17
21
25
29
8
33
12
16
5
9
5
9
13
17
5
9
5
9
13
17
21
5
9
5
9
13
5
9
13
5
9
5
5
9
11
13
15
19
5
9
5
9
13
17
5
11
25
5
9
33
37
41
45
49
53
57
61
65
69
73
77
81
85
89
93
97
101
105
109
113
117
121
125
129
133
137
141
145
149
153
157
5
9
13
5
9
13
17
21
5
9
5
9
5
9
5
9
5
9
13
5
9
13
17
21
5
9
5
9
5
9
5
9
5
9
5
5
9
10
13
14
18
5
9
13
17
21
5
9
5
9
5
9
5
9
13
17
5
5
9
22
9
26
30
34
38
42
46
50
54
58
62
66
70
74
78
82
86
90
94
5
98
102
9
106
110
114
118
122
126
130
134
138
146
13
20
154
158
162
166
170
174
178
182
186
190
194
198
202
206
210
214
218
222
226
230
234
238
242
246
250
254
258
262
266
270
274
278
282
286
290
294
8
298
12
12
302
18
306
20
24
28
32
322
36
32
330
335
47
339
54
6
10
55
65
69
66
73
368
77
81
373
377
381
385
389
393
397
401
405
409
413
417
421
425
429
433
437
441
445
449
453
457
461
465
469
5
473
9
477
13
481
17
485
21
25
29
5
9
5
9
5
9
5
9
5
9
5
9
13
17
7
11
21
25
15
5
9
5
9
5
9
13
17
21
25
29
33
37
41
5
9
13
17
7
11
5
9
13
5
23
27
16
31
5
9
13
5
9
5
9
5
9
5
13
17
12
5
9
13
17
21
25
29
33
37
41
45
49
53
57
61
65
69
73
77
81
85
89
93
97
101
105
109
113
117
121
125
5
129
9
133
5
9
5
5
13
12
9
16
13
20
24
5
28
9
32
9
13
17
5
5
11
16
20
24
5
9
5
9
5
9
9
13
13
17
21
25
29
33
37
41
9
47
17
51
5
9
5
16
9
13
5
9
13
17
21
5
9
5
9
13
5
9
5
9
13
5
17
9
5
9
13
17
21
25
29
33
37
5
9
13
5
9
13
17
21
25
5
9
13
5
5
9
9
5
9
5
9
5
9
5
16
9
20
5
9
13
5
9
13
17
7
21
11
5
9
5
9
5
9
13
5
5
26
9
31
35
5
9
5
9
5
9
7
11
15
19
5
9
13
5
9
13
17
5
9
5
9
5
9
5
9
6
16
13
20
24
24
28
28
32
33
36
37
5
9
5
9
5
9
22
28
30
43
47
47
52
53
54
60
67
71
73
75
75
79
82
86
88
91
94
99
104
106
113
115
117
119
124
123
125
128
129
129
133
137
134
138
141
138
144
146
149
149
159
153
164
168
170
173
177
178
177
181
183
186
186
187
191
195
199
207
212
211
217
219
222
216
223
229
223
237
240
242
244
245
246
250
252
256
257
254
263
268
267
272
265
273
278
277
284
275
279
288
286
283
297
294
287
303
291
309
309
311
316
303
323
323
329
335
331
339
342
342
346
343
344
352
351
355
360
357
364
362
368
365
372
369
377
378
382
381
382
390
390
394
393
398
402
401
412
405
419
409
412
413
423
429
431
431
435
434
429
441
433
437
441
451
454
455
461
449
453
474
459
479
478
483
467
471
478
490
482
494
498
488
508
495
512
510
499
503
514
507
529
511
515
533
536
519
540
523
527
531
535
563
549
578
553
557
582
590
594
596
600
600
605
604
609
608
588
592
622
597
626
632
601
605
636
609
640
613
644
651
621
655
625
629
633
637
641
645
649
656
660
664
670
674
678
682
686
690
694
698
702
706
765
710
772
717
721
725
729
733
737
801
805
743
750
813
755
817
759
763
767
771
775
779
783
787
791
869
795
874
799
878
803
882
807
811
886
890
815
821
903
907
829
833
915
837
841
845
849
853
5
860
12
864
868
6
26
893
986
897
996
904
908
912
916
920
924
928
932
936
940
944
948
952
956
960
964
968
972
976
980
984
988
992
996
1000
1004
5
1008
9
13
1014
1020
20
1024
24
1028
28
32
1033
1037
36
40
1041
1045
1049
1053
1057
1061
1065
1069
1073
1077
1081
1085
5
1089
9
1093
1097
5
1101
9
1105
1109
1113
1117
1121
1125
1129
1283
1133
8
1287
1137
12
1141
5
9
24
28
1163
32
1167
1171
1175
5
1179
9
1187
1191
1195
1199
1203
1207
1211
1215
1219
1223
1227
1231
1235
1242
1416
1248
1420
1252
21
1256
1260
29
1264
1268
1272
1276
1280
1284
1288
1292
1296
1300
1304
1308
1312
1316
1320
1324
1328
1332
1336
1340
1344
1348
1352
1356
1360
1364
1368
1372
1376
1380
1384
1388
1392
1396
1400
1404
1408
1412
1416
1420
1424
1428
1432
1436
1440
1444
1448
1452
1456
1460
1464
1468
1472
1476
1480
1484
1488
1492
1496
1500
1504
1508
1512
1516
1520
1524
1528
1532
5
1536
1540
11
1544
1548
1552
1556
1560
1564
1568
1572
1576
1580
1584
5
1588
10
1592
14
1596
1600
18
1607
30
1611
1621
41
1625
45
1630
49
1634
53
6
1638
57
61
13
1649
68
1653
21
5
1657
9
1665
1669
10
1673
30
16
1677
1681
5
9
13
2303
2307
6
10
14
5
9
5
9
5
9
5
9
5
9
5
9
5
9
5
9
5
8
9
13
12
5
9
13
5
9
5
5
9
9
9
15
5
9
13
27
21
34
38
6
10
5
9
13
5
17
9
21
25
29
33
37
41
45
49
5
53
12
57
61
5
9
13
5
9
19
18
22
26
30
34
38
42
5
9
5
9
13
5
9
13
5
9
13
5
9
13
17
21
5
9
5
5
9
12
13
5
9
5
9
13
17
21
5
9
5
9
15
7
11
15
5
9
5
9
5
9
13
17
5
9
5
9
5
9
13
5
9
5
9
5
9
13
5
9
17
7
13
21
11
17
25
29
21
33
25
37
41
45
49
53
57
61
65
69
73
77
81
85
89
5
8
93
9
12
5
9
13
34
115
20
38
42
24
5
9
5
9
5
9
13
17
5
9
13
17
21
25
5
9
5
9
5
9
13
17
21
5
9
5
5
9
12
5
9
13
17
5
9
13
17
21
5
9
13
17
5
9
5
5
9
9
13
17
5
9
23
13
17
21
25
5
9
5
9
13
5
9
5
9
5
9
5
9
13
5
9
5
9
13
5
5
9
13
17
5
9
5
9
13
17
5
5
8
9
11
12
18
16
22
20
24
28
5
9
5
9
13
5
9
13
5
9
5
9
5
9
13
17
21
5
9
13
17
21
25
29
5
9
5
5
13
9
17
13
5
9
13
17
5
9
13
17
21
7
11
15
5
9
5
9
5
9
5
9
13
17
21
5
9
13
17
21
5
9
13
17
21
5
9
5
9
13
5
17
21
9
25
29
5
33
37
12
44
20
49
5
9
13
5
9
13
5
9
13
17
21
25
9
29
13
5
9
5
9
5
9
5
9
5
9
5
9
5
9
5
9
5
9
13
17
5
9
8
12
5
9
13
17
5
21
9
5
9
13
5
9
5
9
13
5
9
5
9
5
9
5
9
5
9
5
9
8
12
5
9
13
17
21
5
9
5
9
13
5
16
18
20
24
28
32
36
7
40
14
11
15
5
9
13
17
5
9
5
9
22
28
30
43
47
47
52
53
54
68
68
75
76
76
81
85
86
90
90
95
96
100
100
105
105
107
111
112
114
116
119
121
121
125
129
129
131
136
136
143
143
142
147
149
152
153
156
156
157
161
163
164
168
168
169
172
176
176
180
184
185
193
195
194
198
200
199
203
204
201
210
205
209
216
216
219
223
227
230
233
232
234
239
236
237
240
248
247
247
256
257
260
261
263
265
264
268
269
272
274
276
276
275
280
280
287
291
293
291
298
294
305
301
313
309
320
313
323
325
319
323
331
335
342
346
351
361
361
365
365
369
376
373
377
381
381
394
398
402
406
409
411
410
417
414
422
427
430
431
428
435
432
438
444
444
442
448
452
456
460
460
464
468
476
472
480
476
480
484
488
492
496
500
517
504
521
512
529
516
533
520
524
528
551
532
555
536
563
540
546
552
556
581
560
564
568
572
604
582
619
623
626
630
635
634
639
642
692
696
700
704
5
9
13
17
5
9
5
9
5
9
5
9
5
9
5
5
9
9
13
17
21
5
9
5
9
13
5
5
9
9
19
14
23
18
5
9
15
9
19
16
5
9
13
5
9
5
9
5
9
13
5
9
13
17
21
25
29
33
5
9
5
9
5
9
13
5
9
9
13
5
9
13
17
5
9
13
17
21
25
29
5
9
35
5
9
5
9
5
9
5
9
5
9
5
9
13
17
21
25
29
33
37
41
45
5
9
50
15
58
19
62
23
66
27
70
31
79
37
44
86
90
48
55
59
102
63
67
5
77
17
81
87
24
28
9
34
13
44
48
26
116
53
57
5
61
132
136
12
140
16
56
145
149
153
157
161
165
169
173
177
181
185
189
193
197
201
205
209
7
213
217
11
221
225
229
233
237
241
245
249
253
257
5
261
11
268
15
278
22
283
287
5
291
9
295
299
303
5
5
307
9
315
13
5
319
22
9
323
25
15
330
19
31
32
336
38
38
343
347
351
355
359
363
367
371
375
379
383
387
391
395
399
403
407
411
415
419
423
427
431
435
5
439
9
443
447
17
451
21
27
31
462
37
469
42
473
46
477
50
481
485
54
489
58
493
62
497
66
501
70
74
505
78
509
513
82
517
86
521
90
525
94
98
529
535
105
539
109
543
547
551
555
559
563
567
571
575
579
583
587
591
595
599
8
607
12
611
615
619
623
627
631
635
639
643
647
651
655
659
663
667
671
675
679
683
11
695
18
699
703
707
711
719
10
17
727
731
735
739
743
747
751
755
759
763
767
771
775
779
783
787
791
795
799
803
807
811
815
819
823
827
831
835
839
843
847
851
5
855
5
9
862
10
866
870
874
878
882
886
890
894
898
902
906
910
914
918
922
926
930
934
938
942
946
950
954
958
962
966
970
974
978
982
7
986
993
19
997
1001
1005
11
1012
15
1016
1020
20
1027
1034
1038
41
1042
45
1046
8
1050
53
12
1057
65
1061
1065
1069
1073
5
1077
9
1081
1085
1089
1093
1097
1101
5
1107
9
13
1117
17
25
1125
21
29
1129
33
1133
1137
1141
1145
1149
1153
1157
1161
1165
1169
5
5
1173
1177
1181
1185
22
26
1192
35
1196
1200
39
1204
1208
5
1212
13
1216
17
1220
1231
28
1235
32
5
36
1240
1245
42
16
46
1250
50
1254
54
1258
58
1262
62
1266
66
1270
70
1278
74
1282
78
1286
82
1292
1296
93
97
1300
107
111
1317
1328
125
129
1333
1339
1343
140
144
1347
1351
148
152
1355
1361
160
1365
164
1369
168
1375
172
1381
178
182
1385
1389
186
190
1393
194
1397
1401
1405
1409
1413
1417
1421
1425
1429
1433
1437
1441
1445
1449
1453
1457
1461
1465
1469
1473
1477
1481
1485
1489
1493
1497
1501
1505
1509
1513
1517
1521
1525
1529
1533
1537
1541
1545
1549
1553
1557
1561
1565
1569
1573
1577
1581
1585
1589
1593
1597
1601
1605
1609
1613
1617
1621
1625
1629
1633
1637
1641
1645
1649
1653
1657
1661
1665
1669
1673
1677
1681
1685
1689
1693
1697
1701
1705
1709
1713
1717
1721
1725
1729
1733
1737
1741
1745
1749
1753
1757
1761
1765
1769
1773
1777
1781
1785
1789
1793
1797
1801
1805
1809
1813
1817
1821
1825
1829
1833
1837
1841
1845
1849
1853
1857
1861
1865
1869
1873
1877
1881
1885
1889
1893
1897
1901
1905
1909
1913
1917
1921
1925
1929
1933
1937
1941
1945
1949
1953
1957
1961
1965
1969
1973
1977
1981
1985
1989
1993
1997
2001
2005
2009
2013
2017
2021
2025
2029
2033
2037
2041
2045
2049
2053
2057
2061
2065
2069
2073
2077
2081
2085
2089
2093
2097
2101
2105
2109
2113
2117
2121
2125
2129
2133
2137
2141
2145
2149
2153
2157
2161
2165
2169
2173
2177
2181
2185
2189
2193
2197
2201
2205
2209
2213
2217
2221
2225
2229
2233
2237
2241
2245
2249
2253
2257
2261
2265
2269
2273
2277
2281
2285
2289
2293
2297
2301
2305
2309
2313
2317
2321
2325
2329
1369
1373
1377
22
28
30
43
47
47
52
53
54
68
68
75
76
76
81
81
85
90
91
97
97
100
103
104
107
111
112
115
119
119
127
129
134
134
138
141
148
150
154
156
155
160
162
162
167
168
170
173
174
177
181
179
182
190
191
192
194
198
196
202
202
206
207
214
215
214
218
217
222
225
228
231
233
233
234
239
241
242
244
246
247
254
256
262
262
267
268
273
274
273
278
280
282
289
290
288
294
299
294
303
301
308
312
306
316
316
310
320
320
314
328
321
325
340
344
347
348
351
355
341
359
362
349
366
366
372
375
385
385
388
389
395
398
400
399
407
411
415
415
419
419
424
426
428
432
432
430
441
434
444
438
448
442
462
462
456
468
450
470
463
477
477
477
481
468
485
489
493
497
483
487
491
515
519
495
499
503
507
511
515
519
523
527
531
568
581
546
550
585
586
589
591
593
595
599
564
597
603
607
575
610
614
614
585
625
598
641
602
606
647
610
653
651
657
614
655
618
622
626
630
679
634
687
640
644
648
700
705
653
657
661
665
725
727
673
729
733
680
741
688
692
696
786
790
794
800
798
804
802
808
813
817
821
5
9
862
13
868
17
5
9
13
17
21
5
9
10
16
15
19
23
27
31
6
10
35
39
43
5
9
13
5
9
5
9
5
9
5
9
13
17
21
25
29
33
5
9
13
5
9
13
17
5
9
13
17
5
21
9
5
9
5
9
13
17
21
25
5
5
9
9
13
17
5
9
13
5
9
5
9
13
5
9
5
9
5
9
5
9
5
9
5
9
5
9
13
17
5
9
5
9
17
14
16
18
5
9
5
9
13
17
5
5
9
9
5
9
5
9
16
12
16
5
9
13
17
5
5
9
9
15
5
9
13
17
5
5
9
13
17
5
9
13
5
9
5
9
13
8
12
8
5
12
9
5
9
13
5
9
5
9
5
9
13
17
5
9
5
9
13
5
9
13
17
21
25
29
33
37
41
45
49
53
57
5
9
5
9
13
17
5
9
5
9
13
5
9
5
9
5
9
5
9
5
9
13
17
21
25
5
12
13
17
21
8
28
12
32
36
16
6
23
44
48
52
36
56
40
60
35
44
64
48
68
52
72
56
76
60
64
68
72
9
76
80
13
17
84
88
92
96
100
104
108
112
116
120
5
9
5
9
5
9
5
5
9
9
5
9
5
9
5
9
13
17
21
25
29
5
9
34
38
13
44
48
24
52
28
5
56
60
9
20
13
17
25
29
21
39
34
46
50
54
58
62
66
70
5
9
5
9
13
17
21
27
31
12
16
10
41
51
55
29
61
65
5
71
12
75
12
81
85
23
89
93
5
97
101
9
105
109
113
117
5
123
9
127
131
135
139
143
147
151
155
159
163
167
171
175
5
183
190
194
198
30
202
206
210
214
9
218
222
13
17
226
230
7
14
242
18
246
250
254
258
262
266
270
274
278
282
286
290
294
298
302
306
310
314
318
5
9
322
326
5
330
28
356
360
364
368
372
376
380
384
388
392
396
400
404
408
412
5
416
9
422
426
430
434
438
442
446
450
454
458
462
466
470
474
6
481
18
485
494
29
498
502
506
510
514
518
522
526
530
534
538
542
546
550
554
558
562
5
566
9
13
17
5
9
5
9
5
9
5
9
8
12
5
9
5
9
5
11
18
33
37
41
45
52
10
56
14
60
64
68
5
9
74
78
82
86
90
10
96
100
14
104
108
112
116
120
124
5
9
13
17
21
5
9
5
19
27
31
5
9
13
17
5
9
5
9
5
9
5
9
13
5
9
5
9
5
9
5
9
5
9
5
13
17
9
13
17
21
25
8
33
40
17
5
9
5
9
13
17
5
5
9
11
13
5
19
13
23
27
31
35
39
43
47
51
5
9
13
5
9
13
5
9
5
9
5
9
9
13
5
9
5
9
5
9
5
9
5
9
13
8
12
16
5
9
13
17
21
25
29
33
37
41
45
5
9
5
9
13
17
21
25
29
33
37
41
45
49
53
57
61
65
69
5
73
9
77
81
85
89
93
97
5
5
9
9
13
17
21
5
9
5
9
13
17
5
21
9
25
13
17
5
9
5
7
9
13
11
17
5
9
13
17
21
5
9
5
9
13
5
9
5
9
5
11
14
9
18
22
13
5
9
13
17
5
9
13
17
21
25
5
9
13
17
5
9
5
9
5
9
5
9
13
5
9
5
9
5
9
5
9
5
9
5
9
5
9
13
5
9
5
9
5
9
5
5
9
9
13
17
21
5
9
13
17
21
22
28
30
43
47
47
52
53
54
60
67
71
73
75
75
79
82
84
88
89
93
94
99
99
101
105
109
109
113
117
116
116
121
120
126
127
132
134
138
141
140
149
150
150
150
158
159
157
163
165
167
169
175
176
181
181
184
184
190
192
192
199
200
201
202
207
206
216
215
222
225
226
229
233
235
238
239
242
243
250
252
249
256
257
258
255
267
259
270
263
273
277
275
280
283
286
287
288
295
290
301
304
308
310
308
316
321
328
327
332
332
336
336
340
345
346
344
350
354
351
362
360
369
370
371
374
371
377
376
380
384
383
387
391
395
399
403
407
406
411
407
411
421
422
424
419
427
423
433
433
430
438
438
437
442
449
441
452
461
451
458
465
467
457
465
469
474
464
482
488
486
492
499
495
503
505
507
494
501
513
505
514
518
523
531
524
527
528
523
536
535
525
544
540
544
548
552
594
598
617
618
620
621
625
629
630
634
637
638
644
648
652
657
661
657
665
661
668
673
682
672
686
701
705
736
740
747
748
751
752
756
760
764
768
772
776
785
780
784
792
788
792
796
800
804
808
812
816
820
824
828
832
836
840
5
9
5
9
13
17
1046
1050
9
1054
1060
1064
20
1068
5
9
1098
1102
5
9
5
13
9
17
13
21
17
25
21
29
6
33
29
33
37
47
41
29
5
9
13
17
5
8
5
15
9
16
13
17
29
42
33
37
41
5
9
5
9
13
5
9
5
9
5
9
5
13
9
13
5
9
5
9
5
9
13
5
17
9
21
25
29
33
5
37
5
14
13
54
58
62
66
70
74
78
82
86
90
94
98
102
106
110
114
118
122
126
130
134
138
142
146
150
154
158
162
5
166
170
10
174
178
182
186
190
194
198
202
206
210
214
218
5
222
226
13
232
236
24
5
240
9
16
247
9
14
254
22
260
264
268
272
276
280
284
288
292
5
9
9
13
5
9
13
5
9
5
9
13
5
9
5
9
13
5
9
5
9
5
5
9
13
5
9
5
9
5
9
5
9
5
5
9
11
17
21
5
9
13
5
9
5
9
5
9
5
9
5
9
13
5
9
13
17
21
5
9
5
9
5
9
5
9
5
9
5
9
5
9
5
9
5
9
5
9
13
17
21
25
29
5
8
13
12
20
5
9
5
9
13
5
9
5
9
5
9
5
9
5
9
13
17
5
9
5
9
5
9
13
5
9
5
9
5
9
5
9
5
9
5
9
5
9
5
13
9
17
13
21
25
29
5
5
12
9
13
5
9
13
5
9
5
9
13
17
21
25
29
33
37
41
45
49
53
5
5
9
9
16
13
20
24
28
5
9
5
9
13
5
9
5
9
5
9
5
9
5
9
5
9
5
13
5
17
10
9
21
25
9
15
33
19
37
5
9
5
9
5
9
5
9
13
17
5
9
5
9
5
9
13
17
5
9
5
5
9
9
13
13
5
9
13
5
9
5
9
13
5
9
13
5
9
5
9
5
9
5
9
5
9
5
9
5
9
5
9
5
11
8
12
5
5
9
12
13
17
21
5
22
31
26
30
34
38
42
46
50
54
58
62
66
70
74
5
78
9
82
86
90
94
98
102
106
110
114
118
126
9
133
21
137
141
145
149
153
5
158
9
13
162
6
166
170
10
174
178
182
5
9
189
13
193
17
197
201
205
209
213
217
221
225
5
229
13
237
17
241
245
23
249
27
255
34
260
38
42
264
46
268
50
272
5
278
9
282
5
286
9
292
296
300
304
308
312
316
320
324
328
332
336
340
5
5
348
9
9
356
360
364
368
372
376
380
384
388
392
396
5
400
406
12
410
414
418
422
426
430
434
438
442
446
5
450
9
454
458
462
5
466
476
5
480
9
22
484
13
488
492
21
496
500
504
508
512
516
520
524
528
532
536
540
544
548
552
556
560
564
568
572
576
580
584
588
592
596
600
604
608
612
616
620
624
628
632
636
640
644
648
652
656
5
8
671
12
678
26
682
686
690
694
698
702
706
710
714
718
722
726
730
734
738
742
746
750
754
758
762
766
770
5
774
778
10
5
782
14
786
790
15
794
29
33
799
37
803
807
811
815
819
823
827
831
835
839
843
5
9
5
9
5
9
13
5
9
7
13
11
5
11
15
13
36
40
5
9
13
17
5
9
5
5
15
13
19
15
23
22
19
27
31
35
5
9
13
5
9
13
17
21
5
9
5
9
13
17
5
5
9
10
5
9
5
9
13
17
5
9
13
17
21
5
9
5
9
9
13
17
21
25
29
33
37
41
5
9
22
28
30
43
47
47
52
53
54
60
67
71
73
75
75
79
82
86
90
94
95
96
102
104
104
109
111
115
117
119
122
126
127
134
136
133
141
142
147
147
147
153
150
159
160
160
165
167
173
171
171
175
178
180
183
186
186
187
190
194
200
201
198
206
205
206
212
210
219
223
226
224
228
231
236
235
232
237
241
237
241
247
248
252
254
253
257
259
262
263
266
267
264
273
272
277
278
282
282
278
286
282
294
297
290
301
303
303
296
303
309
314
304
319
318
323
311
325
327
333
339
342
343
348
345
354
349
359
354
363
366
362
373
366
372
378
370
374
378
392
382
396
388
392
409
396
416
420
422
427
431
417
438
443
444
431
446
449
455
457
445
461
467
466
471
470
475
479
483
488
489
492
495
499
503
503
500
502
508
512
516
522
528
526
530
539
543
547
551
555
555
563
559
563
571
570
575
569
578
573
582
577
586
581
585
589
593
658
662
671
675
679
703
703
710
710
714
718
778
782
786
786
790
861
865
869
900
904
5
9
9
13
5
9
5
9
5
9
13
5
9
5
13
9
5
11
8
12
5
9
5
9
5
9
5
9
5
9
5
9
13
5
9
13
5
9
5
9
5
9
5
9
13
17
21
25
5
9
5
9
5
9
13
17
21
25
29
5
9
5
9
13
17
21
25
29
33
37
41
45
49
53
57
61
65
69
73
77
81
85
89
93
97
101
105
109
5
9
5
9
5
9
5
9
5
9
5
5
9
28
32
31
35
5
9
13
5
9
5
9
5
9
13
5
9
5
13
9
17
5
9
5
9
5
9
13
5
9
5
9
5
9
13
17
21
25
29
33
37
5
9
13
5
9
13
17
5
9
13
17
21
25
29
33
5
37
9
13
5
9
5
9
5
9
5
9
13
17
21
25
5
9
5
9
13
5
9
13
5
9
13
16
18
22
26
5
30
30
34
34
38
20
24
45
52
50
31
54
79
62
66
70
74
78
82
86
90
94
5
9
5
9
25
23
29
27
5
9
13
5
9
5
9
13
17
21
25
29
33
5
9
13
17
21
25
5
29
33
9
37
13
45
21
49
25
29
33
37
41
45
5
9
13
5
9
13
17
5
9
13
5
17
9
21
25
29
33
5
9
5
9
13
5
9
5
9
5
9
5
9
5
9
5
9
5
9
5
9
5
9
5
9
13
5
9
7
11
5
9
5
9
5
9
8
12
5
9
13
5
9
5
9
13
17
21
5
9
13
5
9
13
5
9
5
9
5
9
5
9
5
9
13
5
9
5
9
5
9
5
9
5
9
5
9
5
9
5
9
5
9
5
9
5
9
5
9
5
9
13
17
21
25
29
33
37
41
45
49
53
5
9
5
9
5
9
8
12
5
9
13
17
21
5
9
6
13
10
14
18
5
9
13
17
21
25
29
5
5
12
17
16
20
5
9
5
9
13
5
21
9
25
29
33
37
41
45
49
53
57
61
65
69
5
9
13
9
17
13
21
17
21
5
9
5
9
13
17
21
25
5
9
5
9
13
5
9
5
9
13
17
21
5
9
13
17
5
9
5
9
5
9
5
9
13
5
6
9
10
5
9
13
5
9
13
17
21
25
29
5
9
13
17
5
9
13
17
21
5
9
5
9
13
17
21
25
29
33
5
9
13
5
9
5
9
13
17
21
25
5
9
5
9
5
9
5
9
13
5
9
5
9
5
9
16
13
17
5
9
13
5
9
5
9
13
5
5
9
27
35
39
43
47
5
5
9
9
13
17
21
5
9
5
9
5
5
9
12
13
17
5
9
5
9
5
9
13
17
21
25
5
9
5
9
5
5
9
10
5
9
5
9
13
17
5
9
5
9
13
5
9
13
17
21
25
29
33
37
5
9
13
17
21
25
29
33
37
41
5
9
13
5
9
5
9
13
17
21
25
29
9
13
5
9
5
9
5
9
5
9
5
9
5
9
13
5
9
5
9
5
9
5
9
5
13
11
5
9
13
17
21
25
29
7
11
33
5
9
5
9
13
17
21
25
29
33
37
41
45
49
5
9
5
9
5
9
5
9
13
5
9
13
17
5
9
21
25
29
6
33
37
10
41
45
49
5
53
9
57
61
65
69
73
77
81
85
89
93
97
101
105
109
113
117
121
125
129
133
137
141
145
149
153
157
5
9
5
9
13
17
5
9
5
9
10
17
16
8
12
5
9
13
17
21
25
29
33
5
9
5
9
13
17
5
9
5
9
5
9
13
17
5
9
5
9
5
9
5
9
5
9
22
28
30
43
47
47
52
53
54
68
68
75
76
76
81
81
85
89
92
97
97
96
103
104
108
112
113
115
114
120
118
125
127
123
130
132
133
129
145
148
147
152
152
156
160
165
167
169
173
173
173
170
179
184
185
188
187
189
194
192
199
200
202
204
204
209
208
217
216
219
220
220
226
229
230
235
232
235
243
246
248
254
255
255
259
261
265
266
266
267
270
273
274
271
274
278
282
277
282
288
290
292
297
297
302
304
300
304
308
312
319
334
337
336
338
343
342
347
346
356
357
353
363
361
357
369
374
366
381
380
384
394
394
399
401
392
408
396
415
410
420
421
424
426
416
428
433
432
435
438
442
442
446
450
450
454
457
460
461
465
458
469
462
473
466
482
472
487
494
494
495
501
502
506
509
498
511
515
522
511
526
530
516
520
534
524
538
542
528
551
532
557
536
540
566
544
570
553
557
581
561
565
569
573
577
612
581
616
620
589
624
596
632
600
636
604
640
610
644
614
648
621
655
625
629
673
633
677
637
681
693
697
717
721
776
780
815
819
823
827
831
835
839
843
847
851
855
859
873
863
877
867
871
875
879
883
887
37
41
45
5
9
5
13
13
5
5
9
9
13
17
21
5
9
13
17
5
9
5
5
9
11
5
5
9
9
13
5
9
13
5
9
5
9
5
9
13
17
21
5
12
12
17
16
21
25
29
33
37
41
45
49
53
57
61
5
9
5
9
5
9
5
9
5
9
13
17
24
8
12
18
22
5
9
5
9
5
9
13
6
5
15
19
22
7
11
15
34
40
38
45
49
5
9
13
17
5
9
5
9
5
9
13
17
21
25
29
33
37
41
45
49
53
57
61
65
69
73
77
81
85
89
93
97
101
105
109
113
117
121
125
8
129
12
133
137
141
145
149
153
157
161
165
169
173
177
181
185
189
193
197
201
205
209
213
217
221
225
229
233
237
241
245
249
5
253
9
257
13
22
270
29
274
278
33
286
41
48
294
298
302
306
310
314
318
322
326
330
334
338
342
346
350
354
358
362
366
370
374
378
382
386
390
394
398
402
406
410
414
418
422
5
426
9
430
434
438
442
446
450
454
5
458
9
13
464
470
474
24
478
482
486
490
494
498
502
506
510
514
5
521
9
13
5
9
5
9
13
17
5
9
13
17
5
9
5
5
9
9
13
5
9
13
17
21
25
29
33
37
41
45
49
53
5
9
13
17
5
23
9
13
5
9
13
5
9
13
17
5
9
5
9
5
9
5
9
5
9
11
15
26
5
9
5
9
5
9
5
9
13
5
9
13
5
9
5
9
5
9
5
9
13
17
5
9
13
17
5
9
5
9
5
9
13
5
9
13
5
9
5
9
13
17
9
25
13
5
9
5
9
5
9
13
17
21
5
9
12
12
16
16
5
9
5
9
5
9
5
9
5
11
15
20
24
19
28
23
32
27
8
31
12
5
6
9
10
5
9
5
11
12
16
5
9
5
9
5
9
5
9
13
17
5
9
5
9
13
17
21
25
29
5
9
13
17
21
25
5
9
13
17
21
5
9
5
9
5
9
5
9
13
17
5
9
13
17
21
5
9
5
9
5
9
13
17
5
9
13
5
9
5
9
13
17
21
25
5
9
5
5
9
9
6
10
5
9
13
17
21
25
29
33
37
41
45
49
53
57
5
61
9
65
69
16
20
73
77
81
85
89
93
97
101
105
109
113
117
121
5
9
13
17
5
9
13
17
21
5
9
13
5
9
5
9
5
9
9
13
17
21
25
29
33
37
41
45
5
9
13
5
9
13
5
9
5
9
9
20
13
27
31
24
28
35
5
9
13
17
5
9
13
17
21
5
9
13
5
9
5
9
8
9
12
13
16
5
8
9
13
12
17
21
25
29
33
37
41
11
53
15
19
5
10
13
14
17
20
5
9
5
9
5
9
13
5
9
5
9
13
5
9
13
17
21
25
29
33
5
9
5
9
5
9
5
9
5
9
5
9
13
17
5
9
13
17
21
25
5
9
13
5
9
13
17
5
9
13
5
9
7
11
5
9
5
9
13
17
21
25
29
5
5
19
23
32
36
5
9
5
9
5
9
5
9
5
9
5
9
13
17
21
25
5
29
9
33
37
41
45
5
9
49
5
9
13
5
9
5
9
5
9
13
5
9
5
5
8
9
12
11
22
24
30
13
34
17
39
43
47
51
55
59
63
67
71
75
79
83
5
9
5
9
13
17
5
8
9
26
12
13
5
9
5
9
5
9
13
17
21
25
22
28
30
43
47
47
52
53
54
68
68
75
76
76
81
85
86
90
90
95
96
100
100
105
105
111
111
113
116
118
122
126
127
131
133
139
138
141
145
144
149
158
159
164
163
163
167
169
170
176
173
174
177
183
186
188
188
191
196
200
203
206
209
209
213
213
218
217
217
223
227
226
227
233
230
240
241
243
241
247
250
258
257
257
263
265
269
271
272
276
281
283
286
290
291
296
303
303
307
303
311
307
311
315
328
337
336
332
342
347
346
345
340
352
357
355
366
367
368
370
372
378
369
384
386
377
390
392
396
382
398
400
401
405
407
409
408
412
416
405
423
420
424
429
432
428
436
439
442
443
439
446
443
436
451
458
462
464
455
468
467
459
471
457
463
461
484
465
489
490
493
496
500
500
508
508
510
512
497
516
522
525
523
508
529
534
533
538
541
538
547
526
547
551
530
554
534
565
542
569
566
546
570
574
553
557
578
582
561
565
586
590
569
573
594
600
580
620
624
628
655
659
718
722
738
742
746
915
5
919
5
12
12
5
9
13
17
5
9
13
17
21
5
9
5
9
5
9
5
9
13
5
9
13
5
9
5
5
9
11
5
9
13
17
5
9
5
5
9
9
5
9
5
9
5
9
5
9
5
9
5
9
5
9
13
17
6
21
28
14
32
18
5
9
28
8
32
12
71
75
59
81
66
86
90
94
5
9
13
17
21
25
29
33
37
41
5
9
13
17
5
9
5
9
5
9
5
9
13
17
5
9
9
15
16
19
5
9
13
17
21
5
5
9
9
5
9
5
9
13
17
21
25
29
5
9
5
5
9
9
13
5
9
5
9
5
9
13
17
21
25
29
5
33
9
13
17
21
5
9
5
9
8
12
16
5
9
5
9
13
5
9
5
9
5
9
13
7
11
17
21
25
5
9
13
17
21
25
5
9
5
9
5
9
5
9
5
9
5
14
13
20
17
21
5
9
13
17
21
25
29
33
37
41
45
49
53
5
9
5
9
13
17
21
25
5
9
5
9
5
8
12
16
5
9
5
5
9
11
15
5
9
5
9
13
17
21
25
5
9
5
9
13
17
21
25
29
33
37
5
41
45
9
52
21
56
60
64
68
72
76
80
84
88
92
96
100
104
108
112
116
120
124
5
9
5
9
13
17
5
9
5
9
5
13
9
17
13
17
23
23
31
35
39
43
5
5
9
9
13
13
18
17
24
28
28
8
35
12
39
43
43
47
51
50
55
54
59
58
5
62
63
9
66
70
74
78
82
5
9
13
17
5
9
13
17
21
5
9
5
9
5
9
5
9
13
17
21
25
29
33
37
41
45
49
53
5
5
15
18
22
5
9
13
5
9
13
5
9
13
5
5
9
13
9
17
21
25
29
33
37
38
41
49
53
65
69
5
9
5
9
13
17
5
21
13
17
12
16
21
5
9
5
9
5
9
5
9
13
5
9
5
5
9
13
13
19
19
23
23
27
5
31
9
35
5
39
9
43
13
47
51
5
9
5
9
5
9
5
5
9
9
5
9
13
5
17
9
5
21
9
25
5
5
5
9
13
17
21
25
29
33
37
7
11
5
9
13
5
9
13
5
9
5
9
5
9
5
9
5
9
5
9
5
9
13
5
9
13
17
5
9
13
17
21
25
29
33
37
41
45
5
9
5
9
7
13
11
5
9
5
9
5
5
9
9
5
19
20
26
17
33
37
41
45
49
53
57
61
65
5
70
9
13
74
78
82
86
90
94
98
102
106
110
5
114
9
13
120
124
128
132
136
140
144
148
152
156
10
164
14
168
172
176
180
184
188
192
5
9
198
202
206
210
214
218
222
226
230
234
238
242
246
250
254
258
262
266
270
277
10
281
14
285
18
22
289
26
6
10
7
7
11
11
5
5
9
9
13
17
21
5
25
12
29
33
5
19
23
27
26
30
5
9
13
17
21
25
29
33
37
41
5
9
5
9
13
5
9
13
17
5
12
28
17
32
38
25
32
47
36
51
55
40
5
9
13
17
5
9
13
5
9
5
9
13
5
9
5
9
5
9
5
9
13
17
21
25
29
5
9
5
9
13
5
5
9
9
13
17
21
28
12
32
16
36
5
5
16
57
17
31
21
35
5
39
16
19
23
5
9
5
9
5
5
9
9
13
5
9
13
17
21
25
29
33
5
9
5
9
15
8
12
5
9
13
5
9
5
9
5
16
9
13
20
5
9
5
9
13
5
9
5
9
5
9
5
9
5
9
5
9
7
11
15
5
19
10
5
9
22
28
30
43
47
47
52
53
54
68
68
75
76
76
81
85
86
89
89
94
97
96
104
103
104
108
117
117
122
121
125
130
131
133
134
140
144
144
146
153
154
158
156
159
161
164
169
171
171
173
177
183
187
190
191
194
195
200
199
199
201
206
205
212
210
209
216
218
217
225
226
230
229
234
234
237
243
241
244
248
253
251
260
261
263
264
269
272
271
275
278
282
281
286
290
288
292
292
295
299
299
307
311
315
326
321
330
332
331
339
345
343
349
349
353
353
360
357
365
367
369
371
377
375
379
384
386
391
395
401
401
399
407
407
407
411
415
414
419
418
426
426
422
430
435
438
439
443
443
447
447
461
468
463
464
472
474
471
480
475
478
485
486
497
497
501
510
514
514
519
519
530
525
534
529
533
537
550
543
547
561
551
565
569
555
573
559
571
585
575
603
607
614
618
615
624
619
628
632
639
636
645
640
644
664
668
770
774
776
780
782
782
786
786
790
794
798
802
806
814
818
822
867
871
5
9
5
9
5
9
5
9
13
5
9
5
9
5
1133
9
1137
13
1145
20
1149
28
5
9
5
9
5
9
13
17
21
25
29
33
37
1365
1369
257
9
264
17
272
22
26
30
34
38
42
46
50
54
5
9
5
9
5
9
5
9
5
9
13
7
17
9
32
17
36
28
41
45
49
53
5
9
5
9
13
17
21
5
9
13
17
21
25
29
33
37
41
9
45
13
49
5
9
5
9
5
9
5
9
5
9
5
9
5
5
9
11
13
17
21
25
5
9
13
17
5
9
5
9
5
9
5
9
13
17
5
9
5
9
5
9
5
9
13
17
21
5
9
5
9
5
9
13
5
9
5
9
13
17
21
5
9
13
17
21
5
9
13
17
5
9
25
13
29
33
37
41
45
49
53
57
61
65
69
73
5
9
90
21
94
25
101
29
33
105
109
37
113
41
117
45
121
49
125
129
133
5
137
5
9
22
154
161
5
167
43
13
47
55
191
59
63
195
199
203
207
211
215
219
223
227
231
235
239
243
247
251
255
259
263
267
271
275
5
279
9
283
13
17
291
295
299
303
307
311
315
319
323
327
331
335
339
8
346
12
350
16
354
358
20
362
366
5
370
374
9
378
13
382
17
21
386
390
27
394
398
24
410
28
38
421
425
429
433
437
441
5
445
9
449
453
457
461
465
469
473
477
481
485
489
493
497
501
505
509
513
517
521
525
529
533
537
541
545
549
553
557
561
565
569
573
577
581
585
589
593
597
601
605
609
613
617
621
5
625
629
9
633
637
11
15
648
19
652
656
23
660
664
668
672
676
680
5
684
688
9
692
696
700
704
708
712
716
720
724
728
732
736
740
744
748
752
756
760
764
768
772
776
780
784
788
792
796
800
804
808
8
812
12
816
10
14
827
831
835
839
843
847
851
855
859
863
5
867
9
875
13
881
885
24
32
893
897
36
40
9
901
44
905
13
57
919
61
923
66
927
931
935
939
943
947
951
955
959
963
967
5
9
5
9
13
5
9
13
5
9
5
9
5
9
13
5
9
5
9
13
17
5
9
5
9
5
9
5
9
13
5
9
5
9
13
17
21
25
29
8
35
12
42
20
46
50
24
5
54
28
9
49
80
53
84
57
88
92
96
5
100
9
5
9
5
5
9
9
13
17
21
25
29
33
37
41
45
49
53
57
61
65
5
9
69
5
76
9
21
84
25
5
31
9
35
98
102
41
45
49
53
5
57
10
5
9
13
17
21
25
29
33
37
41
45
49
53
57
61
5
66
9
5
7
73
11
11
15
15
19
19
25
32
36
39
40
44
48
52
56
60
5
9
5
9
5
9
13
5
9
5
9
8
12
13
17
21
25
29
5
9
5
9
5
5
13
9
5
9
5
9
5
9
5
6
9
10
13
17
21
25
29
33
37
41
45
5
9
5
9
13
5
9
13
5
9
5
9
5
5
9
11
5
9
13
17
21
5
9
13
5
9
5
9
5
9
15
13
17
5
9
13
5
9
5
9
5
9
5
9
13
17
21
25
5
5
9
9
13
17
5
9
13
17
5
5
9
9
13
5
9
5
9
5
5
9
9
5
9
13
17
21
5
9
13
17
21
25
29
33
37
41
5
9
5
9
13
5
9
13
17
21
25
5
9
5
9
5
9
13
17
21
25
5
9
5
9
5
9
13
17
5
9
5
9
13
5
9
9
13
17
17
5
9
13
17
5
5
9
9
13
5
9
5
9
5
9
13
5
9
5
9
5
9
5
9
13
22
28
30
43
47
47
52
53
54
68
68
75
76
76
81
85
86
90
90
95
96
100
100
105
107
108
110
114
115
116
125
124
131
133
138
138
143
145
150
151
148
154
157
163
164
166
170
172
172
178
179
179
181
183
188
193
191
195
200
201
204
203
208
207
212
212
218
217
220
223
225
227
228
233
239
237
238
243
246
244
248
252
255
256
261
265
266
269
274
276
277
281
287
289
291
293
291
301
302
305
302
309
305
313
317
317
321
321
317
325
321
329
337
339
341
343
351
350
354
358
358
362
369
373
379
377
375
385
391
390
388
398
399
404
404
406
407
404
410
409
415
417
423
414
418
426
431
434
424
436
442
431
441
442
451
454
452
458
450
467
465
471
474
473
478
478
482
486
484
488
496
497
496
500
504
514
544
548
556
590
597
601
605
609
627
631
642
644
648
648
652
656
658
660
662
666
678
682
687
691
721
725
729
5
9
5
9
5
9
5
9
1101
1105
1109
1113
1117
1121
1125
205
5
209
9
5
9
13
5
9
13
5
9
5
9
13
5
9
5
9
13
17
21
25
29
33
5
9
39
15
46
50
54
58
62
66
70
5
9
5
9
5
9
13
17
9
23
20
27
31
24
28
35
5
9
5
9
13
17
21
6
25
10
14
33
18
37
20
5
43
5
25
13
17
18
17
67
21
74
29
78
33
82
86
90
94
98
102
6
10
106
16
20
117
121
9
24
13
125
28
17
132
21
11
136
15
140
19
144
23
148
152
29
35
159
39
163
43
167
171
48
9
52
175
179
8
13
183
12
187
191
195
199
203
207
211
215
219
223
227
231
235
239
243
247
5
251
9
9
256
13
260
17
264
21
268
25
272
276
280
284
288
5
9
13
17
5
9
5
5
12
9
13
16
20
28
10
17
36
5
9
5
9
5
9
5
9
5
20
28
32
20
36
24
42
46
50
5
9
5
9
13
17
21
25
5
9
5
9
13
5
5
9
9
13
15
19
23
5
9
29
19
44
23
5
9
13
8
17
12
21
5
9
5
9
7
14
15
19
23
27
31
5
9
5
9
5
9
5
9
5
9
13
17
5
9
5
9
13
5
9
5
9
5
9
5
9
5
9
5
9
5
9
5
5
9
9
13
13
17
21
5
9
5
9
5
9
5
9
5
9
5
13
9
21
5
25
9
5
9
17
21
25
29
33
37
5
9
45
13
49
53
57
61
65
69
73
77
81
85
8
93
12
100
104
108
112
116
120
124
128
132
136
140
144
148
152
156
160
164
168
5
9
5
9
13
17
21
25
29
5
9
5
9
5
9
5
9
5
9
13
17
21
25
29
33
37
5
41
9
45
49
53
57
8
61
65
5
69
14
9
73
23
13
22
81
31
5
35
9
13
20
103
52
107
111
115
119
123
127
131
135
139
143
5
147
151
10
16
159
20
163
24
167
30
171
36
177
181
40
6
10
14
18
24
203
62
28
207
32
211
215
5
9
5
13
17
9
13
17
21
25
29
33
37
41
45
49
5
53
57
9
61
65
69
73
77
81
5
5
9
9
13
5
21
9
29
33
27
37
31
38
46
42
50
46
54
58
62
66
70
74
78
82
86
90
94
98
102
106
110
5
6
9
10
5
9
5
9
5
9
5
9
5
9
7
11
15
5
9
5
9
5
5
9
9
13
13
5
9
5
5
9
9
13
17
5
9
5
9
5
9
13
17
21
25
29
33
37
5
41
14
49
18
53
57
6
61
10
5
9
5
9
13
5
9
13
5
9
5
9
5
9
13
5
5
9
12
13
17
21
25
29
33
37
5
9
5
9
5
9
5
9
13
5
9
5
9
13
5
9
5
9
5
9
5
9
13
17
21
25
29
33
37
5
9
5
9
13
5
9
13
5
9
5
9
13
13
5
9
5
9
13
17
21
5
25
9
36
25
29
33
5
37
9
41
45
16
52
24
57
28
34
65
69
43
73
12
47
16
55
20
89
93
37
73
18
5
44
22
81
12
54
90
5
11
12
15
5
9
5
9
5
5
9
11
13
9
17
13
17
21
5
6
32
18
10
36
5
9
13
17
5
9
13
5
9
5
5
9
9
5
9
5
9
13
5
9
5
9
13
5
9
13
5
9
5
9
13
5
9
13
5
9
13
17
5
9
5
9
5
9
5
9
13
17
21
5
9
5
9
5
9
5
9
13
17
5
9
13
5
9
13
17
21
5
9
13
7
11
5
9
5
9
5
9
5
9
13
5
9
5
9
5
9
13
5
9
5
9
13
5
9
22
28
30
43
47
47
52
53
54
68
68
75
76
76
81
81
85
90
91
97
97
100
103
104
111
112
111
117
119
118
128
127
129
134
135
137
140
141
141
144
150
149
150
152
154
158
161
161
166
166
169
173
172
177
174
182
182
183
185
186
188
190
192
197
194
198
205
208
209
212
216
217
220
221
225
227
229
231
234
239
239
241
245
244
251
253
261
263
267
270
269
275
277
284
285
285
285
289
293
301
300
305
308
307
311
318
318
320
323
327
324
330
328
336
332
343
342
346
344
348
352
352
355
356
359
357
363
366
365
369
370
369
377
381
379
383
387
391
402
405
405
398
409
402
406
419
418
421
425
422
429
434
434
436
439
440
449
444
453
448
452
456
460
468
470
472
474
478
473
482
482
486
481
490
485
496
489
500
493
497
510
514
521
525
531
536
535
539
543
563
567
571
575
579
583
591
590
595
594
609
613
617
654
658
662
666
670
674
678
682
686
690
694
698
710
716
709
713
717
721
725
729
733
755
737
741
763
745
749
753
757
761
791
798
770
774
778
782
786
790
794
798
802
932
936
942
946
950
954
958
5
9
13
8
12
16
5
20
12
9
13
5
9
5
9
5
9
5
9
8
12
5
9
13
5
17
21
10
25
5
29
9
33
13
5
9
5
9
5
5
9
9
5
9
5
9
13
1592
1596
1600
1604
1608
1612
1616
5
9
13
5
9
5
9
5
9
13
17
21
25
29
5
33
9
5
9
5
9
13
17
21
25
29
33
37
41
5
9
5
9
5
9
5
9
5
9
5
13
9
17
13
5
9
13
17
21
25
29
5
9
13
5
9
13
5
17
9
5
9
5
5
9
17
17
21
5
9
5
9
13
17
21
25
29
33
37
5
9
13
11
24
17
28
21
25
29
33
37
41
45
5
9
51
5
9
13
17
5
9
5
9
5
9
13
5
9
5
9
5
9
5
9
13
17
5
9
5
5
9
9
5
9
5
9
13
5
9
5
9
5
9
5
9
13
5
17
12
24
16
28
20
32
5
5
9
13
10
17
21
25
29
33
37
5
45
9
5
10
14
63
21
69
73
77
81
49
53
85
89
57
63
100
104
108
112
116
120
124
128
132
136
140
144
148
152
156
160
9
164
168
13
172
176
180
184
188
192
196
200
204
208
212
216
220
5
5
9
11
20
24
28
32
36
5
16
49
5
9
5
9
7
8
12
12
16
5
5
9
9
13
17
21
25
29
33
5
9
5
9
5
9
5
9
13
5
9
13
7
5
11
9
15
8
12
5
9
5
9
5
9
5
9
5
9
5
9
5
9
10
16
14
5
9
13
5
9
5
9
5
9
13
17
5
9
5
9
5
9
13
17
21
5
9
5
9
5
9
5
5
13
9
13
17
21
5
9
5
12
23
5
9
5
9
13
17
5
9
5
9
5
9
5
9
5
9
5
9
5
9
13
5
9
5
9
13
17
5
9
13
5
9
5
19
17
5
9
5
9
5
9
8
12
5
9
5
9
5
9
13
17
21
25
5
9
5
9
5
9
13
5
9
5
9
5
9
13
17
5
9
13
5
9
5
9
5
9
5
9
5
9
5
9
5
9
13
5
9
5
9
13
17
5
24
28
16
35
23
30
43
34
47
38
51
43
55
47
59
63
51
67
71
75
79
83
87
5
9
13
17
5
9
5
9
5
9
13
5
9
13
17
5
9
5
13
17
13
21
5
9
5
9
5
9
13
5
9
20
13
17
5
9
5
9
5
9
5
9
5
9
5
9
5
13
15
20
19
23
27
31
35
39
43
5
9
13
17
5
9
13
17
5
9
5
9
5
9
13
17
21
25
5
9
5
9
5
9
5
9
5
9
5
9
5
9
5
8
9
12
16
20
24
28
5
9
5
9
13
17
21
25
29
5
9
13
17
21
25
29
33
37
41
45
49
53
57
61
65
69
73
77
81
85
89
93
97
101
105
109
5
116
9
120
124
128
132
136
140
144
148
152
156
160
164
168
172
5
176
9
183
13
20
191
24
195
201
32
205
36
209
40
213
44
218
222
226
230
234
238
242
246
250
254
7
258
262
11
15
266
277
281
32
43
295
47
299
51
303
307
311
5
5
321
9
16
328
332
336
340
344
5
9
7
11
16
20
28
5
9
13
17
5
9
5
9
5
9
13
17
21
25
29
33
37
41
45
49
53
5
9
5
9
5
9
5
9
5
9
5
5
9
9
14
5
9
13
17
21
5
9
5
9
5
9
5
9
13
17
21
25
29
33
37
41
22
28
30
43
47
47
52
53
54
68
68
75
76
76
81
85
86
90
90
95
96
100
100
105
107
108
110
114
115
116
123
125
124
128
133
135
140
142
144
143
145
149
154
153
160
156
161
164
173
170
177
182
178
187
187
191
193
195
196
201
204
204
206
212
218
220
223
226
224
227
232
233
236
238
239
243
245
247
252
253
249
258
259
263
265
266
267
269
275
277
280
280
284
290
290
293
298
299
304
306
315
325
326
326
339
344
343
351
355
354
358
360
362
364
370
371
375
375
378
383
385
387
387
392
394
395
393
401
403
401
401
407
413
408
416
418
412
419
422
432
435
430
443
434
447
438
442
458
460
464
455
470
472
459
474
480
466
484
484
491
495
495
480
499
484
503
488
507
492
512
511
496
517
521
529
525
533
529
537
533
537
554
561
565
569
609
613
617
628
621
632
640
644
648
706
710
714
720
724
728
755
759
763
767
771
775
818
5
9
5
9
6
13
10
14
18
7
11
15
19
5
9
13
5
9
5
9
5
9
13
17
5
9
13
17
21
25
29
5
9
5
9
5
5
9
9
13
13
5
17
21
19
32
36
5
9
13
17
5
21
10
25
29
33
5
9
13
5
9
5
9
13
5
9
13
17
5
9
13
17
21
25
29
33
37
41
45
49
53
57
61
65
69
73
77
81
5
9
89
93
97
101
105
109
113
117
121
125
129
133
137
141
145
5
11
160
164
168
172
176
180
184
188
192
196
200
204
208
212
216
220
224
228
232
236
240
244
248
252
256
260
264
9
13
268
17
272
21
276
280
284
288
292
296
300
5
304
9
308
314
20
319
323
327
331
335
339
343
347
351
355
359
363
5
9
5
9
5
9
13
5
9
5
9
5
9
13
5
9
5
9
13
17
5
9
5
9
5
9
13
5
9
5
9
5
9
13
17
5
9
13
5
9
13
8
21
12
25
29
33
37
41
5
9
13
17
21
5
9
5
9
5
9
13
17
5
9
6
10
14
18
22
26
30
5
34
9
38
42
46
5
9
5
9
13
17
21
5
9
13
17
5
9
5
9
5
9
13
17
5
9
13
5
9
5
9
13
5
9
13
17
21
5
15
18
35
19
22
43
29
47
30
51
34
55
38
59
63
67
71
75
79
83
87
91
95
5
99
11
15
8
27
12
31
35
39
43
47
51
55
59
5
5
9
10
13
17
21
25
5
5
9
9
13
17
21
5
9
5
9
13
17
21
25
29
33
37
41
45
49
5
9
13
5
9
13
17
5
21
9
25
29
33
37
41
45
49
53
57
61
65
69
73
5
5
9
5
13
16
21
25
8
12
16
20
24
28
32
5
36
9
40
13
17
46
50
54
58
62
66
70
5
9
13
5
9
13
17
21
25
29
33
37
41
45
49
53
57
61
65
5
69
11
73
77
81
85
89
93
97
101
105
109
113
117
121
8
9
14
14
128
132
19
23
5
136
9
30
147
5
9
13
17
5
9
13
5
9
5
9
5
9
13
17
21
5
9
8
12
13
16
17
20
21
33
35
39
38
44
5
50
48
52
10
23
66
27
70
32
36
40
44
48
52
56
60
64
68
72
76
80
84
88
5
92
9
96
5
100
13
104
12
108
112
116
120
124
128
132
136
140
5
144
9
148
152
156
160
164
168
172
176
180
184
188
5
192
9
198
202
206
210
214
218
222
226
230
234
238
242
246
250
254
258
262
266
270
274
278
282
286
290
294
298
302
306
310
314
318
322
326
330
334
338
342
346
350
354
358
9
369
21
376
380
32
384
5
388
9
392
396
400
404
408
412
416
420
424
428
432
436
440
444
448
452
456
460
464
468
472
476
480
484
7
488
11
12
492
16
25
504
29
508
33
517
41
521
45
49
527
53
531
59
538
542
546
550
554
558
562
566
5
570
12
574
578
16
582
5
590
594
11
598
602
606
25
611
29
44
48
5
9
13
5
17
9
15
19
31
25
35
26
32
5
36
9
49
53
25
57
61
65
69
5
9
5
9
13
17
21
5
5
9
9
5
11
9
16
20
20
5
9
13
17
21
25
29
33
37
5
9
13
17
21
25
5
29
9
5
9
5
11
9
15
13
17
21
25
29
37
13
17
5
9
13
17
21
5
9
13
17
21
25
29
33
37
41
5
45
9
13
49
17
53
28
66
32
70
36
74
47
51
88
7
55
92
11
62
15
66
19
107
70
111
74
115
78
119
125
88
92
130
96
100
104
108
112
116
120
124
128
132
136
140
144
148
152
156
160
164
22
28
30
43
47
47
52
53
54
60
67
71
73
75
79
81
81
85
85
87
91
91
98
99
100
106
104
114
114
115
119
126
129
137
137
142
145
146
149
155
155
154
162
162
165
164
171
173
177
177
182
183
185
186
184
190
195
196
190
200
204
202
204
209
212
213
216
218
220
222
226
230
230
230
234
238
241
242
245
247
249
251
254
259
261
262
264
266
272
276
280
282
282
288
290
292
294
294
295
304
304
306
303
308
316
321
325
324
324
326
333
328
339
333
337
347
346
345
350
344
357
354
352
365
367
371
374
367
379
374
371
388
388
383
379
395
399
396
403
391
403
407
413
411
417
402
418
424
411
420
429
415
433
433
428
420
440
438
433
450
450
454
449
464
465
471
469
475
480
482
481
490
491
493
475
499
500
491
508
504
495
492
499
519
520
522
504
524
508
531
536
541
544
523
549
547
549
529
556
543
569
566
547
570
552
579
557
583
587
591
595
599
603
607
617
613
621
617
621
625
632
656
660
664
700
707
715
719
743
747
764
768
772
805
809
813
827
5
9
5
7
9
13
12
17
16
21
25
29
33
37
41
45
49
53
57
61
65
69
6
5
10
73
9
77
14
81
18
85
22
89
26
93
30
97
34
101
5
9
13
5
9
5
9
5
16
9
20
24
28
32
36
40
44
5
9
5
9
5
9
5
9
13
17
21
5
9
5
9
5
9
5
9
13
17
21
25
29
5
9
13
17
21
25
29
5
9
5
9
13
17
5
9
5
9
13
17
5
9
5
5
9
12
16
20
24
28
32
36
5
9
5
5
9
12
13
5
9
5
9
13
5
9
13
5
9
13
5
17
9
21
13
17
21
8
28
5
10
35
20
39
11
27
15
19
23
27
5
9
5
9
13
17
5
9
5
5
11
9
13
5
9
5
9
5
9
5
9
5
9
5
9
13
17
21
25
29
33
37
41
45
5
49
9
55
59
63
67
71
5
9
13
5
9
5
9
13
5
9
5
9
6
10
5
9
13
17
5
9
13
5
9
13
6
17
10
21
14
25
29
18
5
33
37
13
17
41
21
45
49
25
53
29
57
61
65
69
73
77
81
85
89
93
97
5
9
13
5
9
5
9
5
9
5
9
5
9
13
5
9
13
17
5
9
5
9
9
13
17
21
25
29
35
9
13
40
44
17
5
48
21
52
27
20
31
24
35
39
43
5
5
9
9
13
17
21
25
29
5
6
9
10
13
17
21
25
5
9
5
9
5
9
5
9
13
5
9
5
9
5
9
5
9
5
9
6
10
14
18
22
5
9
5
9
5
9
5
11
9
15
13
5
9
13
5
9
5
9
13
17
21
25
29
5
9
5
9
5
9
5
9
5
9
5
9
5
9
13
5
9
5
9
13
5
9
13
17
21
5
9
13
17
21
25
29
33
37
5
9
13
5
9
13
17
21
25
29
33
37
41
45
49
5
9
13
17
21
25
29
33
5
5
26
35
5
9
13
5
9
5
5
9
9
13
17
17
21
25
29
33
37
41
5
45
9
49
53
5
9
5
5
9
9
16
16
23
24
27
28
31
32
36
36
5
42
44
46
13
56
25
60
29
64
38
72
76
80
84
88
92
96
100
104
108
112
116
120
124
128
132
136
140
5
9
13
17
21
25
29
33
37
41
8
48
12
52
5
16
56
18
67
71
22
26
30
34
38
5
9
5
9
13
17
21
5
9
13
9
13
5
9
13
17
21
25
29
33
37
41
45
49
53
57
61
65
69
73
77
81
85
89
93
97
101
108
11
15
112
116
120
124
128
132
136
5
140
7
11
149
15
155
159
163
167
171
5
175
179
9
183
187
191
195
199
203
207
211
215
219
223
227
231
235
239
243
247
251
255
259
263
267
271
275
279
283
287
291
295
299
303
307
311
315
319
323
327
331
335
339
343
347
351
355
359
363
367
371
375
379
383
387
391
395
399
403
407
411
415
419
423
427
431
435
439
443
447
451
455
459
463
467
471
475
479
483
487
491
495
499
503
507
511
515
519
523
527
531
535
539
543
547
551
555
559
563
567
571
575
579
583
587
591
595
599
603
607
611
615
619
623
627
631
635
639
643
647
651
655
659
663
667
671
675
679
683
687
691
695
699
703
707
711
715
719
723
727
731
735
739
743
747
751
755
759
763
767
771
775
779
783
787
791
795
799
803
807
811
815
819
823
827
831
835
839
843
847
851
855
859
863
867
871
875
879
883
887
891
895
899
903
907
911
915
919
923
927
931
935
939
943
