9
4
9
8
9
9
17
7
12
16
6
11
25
17
21
23
24
14
10
10
24
5
13
13
15
4
37
30
11
32
18
20
25
37
40
7
20
26
43
41
30
43
19
31
35
58
30
44
48
28
26
14
27
48
13
20
60
34
55
43
25
31
52
52
60
58
32
13
78
62
63
11
57
4
46
10
58
59
66
48
4
72
30
34
61
30
35
39
85
99
96
70
47
73
45
38
47
62
68
40
81
87
84
56
89
63
72
85
71
62
23
46
48
97
93
95
88
73
11
68
64
81
85
113
60
65
108
24
70
100
94
109
30
75
123
81
100
92
121
97
113
25
37
88
98
109
54
64
122
106
33
17
110
64
141
81
48
142
67
72
29
58
133
110
23
60
84
21
97
123
85
141
7
138
112
71
134
138
96
81
148
73
43
108
79
78
83
109
136
92
9
150
93
94
29
103
39
142
122
137
37
159
115
75
185
27
125
122
97
106
67
99
105
75
108
102
154
125
75
185
177
47
137
87
150
174
113
105
114
183
95
134
121
170
200
79
54
120
102
214
131
106
112
174
176
80
45
187
146
173
87
190
18
30
190
151
98
179
161
105
63
118
134
151
111
113
199
168
19
117
79
181
186
79
92
120
206
102
114
214
174
80
175
126
62
127
155
196
5
162
82
77
86
132
220
164
174
68
125
227
66
145
196
180
206
171
75
141
120
191
130
134
124
161
163
264
121
203
175
176
117
126
100
170
146
150
144
229
124
82
265
211
142
166
154
231
115
264
179
199
172
219
201
213
66
209
219
77
181
270
246
211
209
140
155
272
196
148
228
231
204
178
83
128
225
254
225
162
167
167
286
156
178
158
241
218
42
272
134
129
199
178
167
274
297
264
140
246
215
114
186
234
236
205
139
131
294
236
284
92
165
130
202
197
171
185
209
284
187
323
121
286
306
228
66
208
149
226
204
154
183
242
296
311
217
261
7
88
215
251
321
300
230
217
130
129
231
290
180
212
193
111
153
274
223
300
184
47
273
336
231
178
125
276
244
216
277
210
207
363
307
155
221
274
291
157
288
218
295
245
119
277
310
198
244
290
275
351
292
189
219
241
306
105
148
227
308
331
240
186
321
124
394
91
243
333
322
217
216
361
339
367
99
286
352
38
149
244
253
390
384
125
264
198
164
192
278
229
302
270
380
205
218
242
304
197
270
340
198
293
241
244
413
280
289
218
180
176
384
186
394
279
273
106
213
343
197
237
306
189
426
398
367
312
134
83
91
322
405
429
247
384
182
153
322
329
302
277
393
382
369
233
365
306
91
232
315
288
220
241
384
168
285
299
389
174
383
224
273
440
376
326
195
220
319
384
434
357
336
206
230
277
405
320
418
345
282
351
437
221
211
347
322
308
421
252
293
413
245
410
201
331
429
345
262
267
443
311
307
482
250
182
317
187
256
222
425
458
208
481
334
218
231
268
326
373
280
403
276
407
294
310
316
425
363
201
485
271
268
319
178
322
301
433
505
291
451
429
358
360
376
321
317
248
408
424
219
527
405
183
287
312
474
498
286
277
235
363
308
478
395
274
405
297
445
234
441
504
196
266
307
508
361
281
412
317
441
417
348
331
427
433
394
283
417
301
307
305
428
427
432
327
426
286
397
344
296
397
274
491
288
245
435
307
459
286
338
397
337
551
408
300
548
319
263
474
553
495
492
314
348
400
484
355
424
418
378
321
275
383
378
345
280
289
272
363
545
323
283
432
395
343
541
344
340
400
438
601
352
499
300
337
560
604
448
458
517
286
558
502
412
303
461
453
400
466
490
439
310
347
400
471
427
347
423
508
361
523
477
497
424
327
485
486
525
545
482
359
399
467
443
374
421
362
502
336
329
424
376
489
564
357
643
360
444
603
592
456
353
564
430
555
649
426
382
351
383
401
569
493
394
518
439
418
439
546
428
379
435
380
399
408
537
426
407
462
531
586
475
650
489
407
546
483
410
494
492
418
543
400
538
470
490
444
417
486
411
435
550
637
511
552
426
572
510
451
467
618
468
552
513
424
478
428
473
589
493
439
541
655
684
438
569
584
524
472
653
469
477
500
448
557
467
480
450
494
453
556
504
517
527
544
490
520
645
480
557
488
598
476
502
484
545
514
528
591
519
574
530
528
574
533
606
673
533
510
539
676
612
584
613
560
685
620
530
605
602
621
584
709
561
609
699
573
674
567
568
579
578
607
648
613
613
720
645
705
651
616
653
617
639
660
666
718
674
715
685
770
744
793
4
7
9
11
7
4
16
6
13
19
19
15
16
7
21
27
17
18
18
18
21
33
27
24
17
30
16
15
24
16
27
30
35
28
25
37
10
30
29
38
30
6
45
32
47
22
15
43
54
44
24
35
29
47
18
55
29
30
57
47
44
19
22
69
33
63
17
14
13
29
64
11
77
42
70
27
63
48
64
10
65
45
51
78
56
20
75
97
91
5
76
62
44
51
17
89
53
36
77
100
21
12
66
30
72
47
74
40
102
88
35
78
67
15
79
82
12
10
72
19
70
71
97
70
54
39
73
7
44
101
48
25
32
101
41
102
120
91
62
68
90
133
69
67
62
94
131
89
51
50
55
96
106
24
82
50
5
74
152
108
64
78
97
50
84
65
135
72
124
60
141
77
115
40
107
43
118
144
116
111
115
92
55
96
131
136
36
128
84
70
103
66
10
88
103
56
116
159
99
103
76
81
107
144
121
90
79
63
178
135
164
83
113
117
112
162
118
47
124
68
167
157
160
72
139
159
148
163
144
135
60
136
95
94
131
114
216
80
110
79
190
97
97
61
107
145
129
94
25
72
20
95
207
159
148
65
57
117
44
124
209
173
173
71
30
161
83
178
159
92
75
163
159
200
134
65
136
176
140
131
247
177
194
73
136
111
75
100
223
211
130
115
172
239
180
203
161
153
84
174
92
114
255
135
166
78
103
253
162
227
224
98
103
217
46
208
106
164
207
22
246
160
206
196
145
109
128
193
167
163
247
131
209
161
181
249
264
120
269
180
38
188
137
266
169
110
128
139
211
215
109
114
213
232
195
73
209
144
176
166
196
126
145
169
20
94
150
141
258
149
276
117
124
195
142
271
230
278
198
131
123
253
216
126
73
205
257
214
217
80
66
160
231
326
209
68
266
177
230
214
105
284
239
221
234
82
231
191
254
247
203
207
174
264
69
170
133
120
305
16
163
323
128
283
334
263
258
78
329
333
147
259
269
201
73
151
227
102
252
38
213
135
248
249
273
244
290
245
258
233
113
129
186
213
251
117
244
189
245
174
207
309
196
189
280
204
118
197
240
191
200
75
220
291
332
201
211
192
378
321
150
143
309
353
196
267
252
288
273
264
240
237
294
229
301
239
350
195
291
270
298
110
227
273
163
57
196
222
388
302
256
191
273
149
317
229
342
330
255
285
162
230
259
241
360
117
179
256
358
321
152
94
224
316
228
78
418
181
276
215
332
188
339
261
330
186
393
297
198
230
317
397
206
267
212
287
227
131
434
181
290
270
288
399
322
348
390
196
313
425
206
391
257
357
375
207
417
288
392
266
291
280
273
373
276
315
366
273
357
294
376
318
301
302
368
373
237
270
164
270
364
260
255
159
338
366
273
246
305
263
316
234
298
328
268
256
209
160
352
241
165
283
264
317
369
452
287
225
262
301
372
457
429
258
477
265
318
323
353
255
221
305
223
313
418
233
452
286
422
405
273
237
266
358
448
384
299
354
220
344
238
259
270
342
310
236
419
249
321
210
344
199
417
292
314
376
290
399
450
448
371
358
326
526
351
250
314
390
227
440
275
365
426
347
303
391
342
290
315
348
229
268
363
392
253
320
242
380
301
358
533
362
333
341
375
351
331
346
449
469
355
424
525
359
331
518
379
432
299
354
386
271
405
346
422
358
330
373
332
325
418
325
430
455
321
427
412
501
387
374
399
457
325
357
332
352
298
475
557
443
449
398
368
421
390
470
551
297
472
324
492
387
355
383
362
297
470
296
340
328
452
317
517
376
407
508
397
329
519
389
368
421
431
371
582
450
561
368
381
537
344
571
406
391
571
337
424
412
370
399
434
441
498
344
350
336
421
612
519
499
400
428
459
400
433
382
422
464
418
478
449
421
352
462
399
622
444
544
393
426
420
428
461
524
446
412
376
374
381
517
440
497
518
441
412
424
501
548
529
548
528
519
459
637
515
480
408
475
450
409
442
448
509
472
462
579
586
455
533
416
482
437
465
576
496
474
463
513
464
475
557
460
466
447
516
554
494
679
526
583
517
461
572
468
513
550
462
476
526
483
546
464
506
565
476
596
464
686
462
543
496
529
485
487
539
643
533
561
525
693
634
508
504
518
520
608
499
487
713
508
546
700
567
703
501
504
499
555
562
512
615
560
613
556
609
597
557
552
532
557
574
537
674
572
611
592
561
572
669
587
571
745
675
609
622
673
654
739
613
616
612
660
712
615
631
627
617
716
711
744
731
705
666
742
729
732
728
731
726
739
5
5
5
15
5
20
9
4
21
18
15
13
4
5
13
18
11
23
13
24
34
21
33
14
32
27
12
8
29
40
13
18
29
28
40
37
28
31
27
38
40
43
38
35
39
50
58
11
52
52
33
60
44
51
28
44
34
28
54
34
35
4
70
22
10
40
48
32
39
38
6
13
39
75
25
51
40
64
40
50
35
13
37
51
53
82
80
57
91
86
74
91
88
16
27
60
79
30
101
100
48
79
57
18
42
30
85
38
74
87
79
15
40
46
31
55
72
86
52
69
50
38
100
37
46
101
113
23
66
31
8
66
98
36
68
46
92
68
145
80
51
113
86
55
106
78
97
111
129
87
112
59
63
88
95
34
124
53
94
56
82
79
58
56
95
138
110
74
122
124
101
128
89
26
93
145
123
78
135
105
153
122
67
48
126
92
30
65
131
92
150
15
65
113
97
42
78
95
159
112
134
63
170
96
125
42
19
85
58
150
168
129
16
134
205
100
131
47
124
106
113
126
118
141
84
106
58
168
61
86
142
173
172
47
171
86
134
73
148
126
136
101
136
211
204
32
142
176
42
104
154
188
138
61
189
123
240
87
157
98
94
147
190
88
130
224
109
73
70
187
113
210
81
149
147
195
209
138
128
168
173
122
104
143
174
171
45
126
180
185
85
65
122
217
224
217
213
53
176
196
179
230
166
180
228
107
161
266
107
177
10
100
141
206
18
201
143
149
221
298
131
226
194
157
91
193
179
130
147
156
246
131
225
117
87
132
251
74
197
242
85
146
269
232
237
234
174
206
133
102
30
153
208
198
86
176
246
168
77
232
150
149
224
232
217
202
180
275
210
150
204
169
180
170
147
189
120
121
150
163
91
151
225
184
173
268
140
111
272
345
216
190
136
175
120
274
199
265
206
305
57
255
146
136
184
68
201
246
238
220
195
173
188
170
256
267
205
202
322
292
123
306
144
199
146
238
244
263
310
231
169
227
348
266
251
227
211
133
291
181
306
124
176
120
260
345
217
224
71
287
197
282
191
273
165
163
189
371
179
233
225
199
67
116
313
293
231
213
233
368
187
209
249
254
125
239
293
138
210
238
66
103
56
180
132
196
187
188
302
326
181
369
276
299
221
372
313
215
236
273
376
264
135
315
226
236
202
316
322
348
380
108
308
238
346
248
286
328
274
221
153
246
230
279
145
330
272
361
238
236
124
274
358
300
244
266
333
103
126
351
195
285
156
283
139
353
376
212
354
323
249
363
332
201
241
271
363
256
364
295
405
263
123
268
286
351
362
326
312
393
322
267
357
255
351
323
323
318
383
145
196
307
298
296
184
279
318
369
210
255
372
294
351
157
335
235
388
354
202
279
175
255
198
289
321
216
226
371
243
248
357
408
417
154
404
290
321
314
156
355
304
281
289
309
327
322
258
269
376
361
414
285
259
250
295
176
347
297
311
355
134
486
296
267
314
458
382
184
281
394
216
253
329
311
223
164
256
379
323
323
335
244
322
271
306
337
320
302
300
187
396
261
449
246
233
322
298
481
337
313
400
330
528
270
365
355
484
449
313
481
404
304
335
453
350
306
364
366
393
379
310
474
285
301
236
488
376
329
306
351
205
345
205
443
280
305
334
485
521
238
367
445
365
320
340
303
397
393
319
303
506
277
296
276
345
484
297
473
580
353
398
525
506
505
256
279
421
512
341
373
339
339
588
380
386
446
487
540
277
513
424
406
419
480
326
425
324
320
555
496
265
314
400
292
365
501
403
393
498
511
559
347
376
407
496
417
415
398
366
350
542
398
531
408
421
555
387
446
452
369
376
483
489
497
517
529
325
390
550
477
408
358
422
474
407
378
540
345
385
446
445
511
386
374
346
481
406
376
343
420
423
415
412
429
381
408
482
577
532
427
435
402
410
468
394
440
394
404
579
523
442
490
366
395
446
366
477
420
423
435
502
394
472
690
437
413
491
418
407
407
538
429
408
428
450
405
407
399
393
396
469
390
470
413
447
450
472
629
408
461
404
504
414
532
495
409
451
511
485
445
529
457
540
421
425
455
420
582
416
441
617
655
435
492
486
567
509
480
480
614
485
472
529
434
476
466
489
458
475
578
628
669
480
618
479
558
519
464
526
544
684
508
467
465
571
481
676
578
515
623
567
514
701
570
538
516
584
553
591
485
501
495
703
524
513
505
586
518
507
510
523
518
539
549
529
539
548
668
550
550
540
611
551
615
655
559
551
631
633
589
623
565
590
616
580
672
630
670
635
643
4
5
5
6
8
9
11
10
12
13
16
4
14
11
14
5
25
19
9
26
21
20
8
21
32
33
27
27
29
30
28
41
40
7
37
27
23
27
47
6
41
49
30
46
30
50
53
26
17
50
31
24
46
39
35
39
49
33
23
9
29
64
33
58
40
49
59
45
20
54
44
40
36
73
55
34
20
71
52
19
86
53
54
12
71
55
58
39
82
57
89
76
62
81
74
46
78
57
35
18
15
85
73
75
85
29
47
109
94
41
21
73
84
96
67
65
63
78
56
80
82
85
65
32
82
60
106
110
58
83
95
43
120
67
107
60
16
140
94
110
77
48
81
82
82
134
45
122
63
82
124
8
124
95
94
77
92
48
107
43
67
128
65
9
62
125
53
42
13
97
99
79
100
60
139
26
179
85
117
116
48
81
82
68
146
154
158
166
120
44
130
148
63
38
73
131
62
63
60
128
103
167
168
115
150
120
135
100
166
84
164
167
103
126
92
150
112
95
115
140
177
46
170
125
61
65
106
98
28
118
114
103
79
53
169
191
189
165
158
84
128
73
133
179
195
73
51
181
13
194
179
153
126
161
123
104
87
161
114
28
41
156
179
183
76
128
190
241
121
144
211
131
73
75
141
236
118
135
143
171
39
180
193
134
50
127
163
108
115
114
173
178
193
224
189
218
140
209
56
45
179
190
132
165
153
67
221
156
173
208
242
112
102
174
148
232
70
171
160
96
205
235
55
116
161
243
235
166
145
231
266
281
260
184
187
68
223
17
297
271
182
238
114
201
85
219
181
140
238
226
87
48
167
238
174
166
141
46
107
191
227
180
59
137
272
256
198
196
257
263
177
117
154
201
160
135
44
174
239
189
242
82
86
280
237
292
177
220
236
306
201
258
262
222
344
239
79
353
112
191
167
157
331
156
275
180
61
150
257
141
131
277
176
97
203
232
210
147
108
269
91
100
227
287
290
250
254
253
276
221
103
167
255
186
244
304
382
231
161
223
189
111
181
92
130
222
238
275
141
238
327
353
117
394
251
304
98
155
314
225
131
388
297
119
277
66
253
307
236
82
190
308
225
253
160
267
259
115
326
295
126
262
17
100
238
294
292
252
247
121
255
348
424
253
323
295
179
198
318
203
415
231
157
272
65
238
363
167
15
302
282
345
209
250
147
265
114
340
332
318
296
339
419
450
324
307
320
172
143
223
266
199
288
151
179
220
168
347
292
121
252
68
362
183
216
344
318
213
280
302
305
348
235
318
142
322
340
277
181
275
369
177
342
341
310
340
358
211
204
318
182
198
167
167
341
324
319
330
203
500
459
371
363
254
329
315
323
482
322
330
372
119
231
303
507
100
305
197
214
258
383
374
266
171
351
333
227
356
315
167
181
405
193
291
218
177
188
493
231
354
319
276
366
242
406
328
346
288
234
267
336
275
346
341
372
323
169
404
271
307
361
329
201
417
377
315
326
414
409
209
551
343
551
169
277
291
250
326
512
227
321
411
180
375
208
193
315
177
450
358
185
221
335
178
420
288
303
396
447
383
380
412
239
397
263
407
404
358
418
573
251
421
347
263
258
313
249
268
332
256
328
219
387
380
556
212
341
601
327
243
466
311
401
314
456
464
343
413
358
399
432
325
350
480
384
279
404
368
455
419
486
278
337
255
485
296
384
447
374
253
599
281
328
394
292
307
336
429
496
339
321
275
346
467
353
443
384
382
397
411
496
286
507
475
504
372
468
418
375
613
651
298
397
386
325
286
306
454
349
365
463
360
323
444
507
352
382
470
408
483
512
386
370
500
479
338
337
443
386
317
309
528
315
484
505
381
454
402
456
459
480
380
400
673
322
385
654
341
496
342
378
531
440
476
519
364
517
351
406
505
456
480
670
666
562
500
351
358
415
446
490
403
364
393
482
458
362
371
513
500
520
429
376
532
560
511
475
447
376
439
594
483
435
554
385
506
540
549
510
692
445
504
713
518
439
414
590
546
452
688
547
420
585
457
411
491
448
500
548
483
676
526
485
467
550
466
510
446
709
545
462
517
549
548
466
502
429
698
530
475
508
494
539
592
495
455
545
515
559
452
474
467
583
552
575
717
497
484
465
557
469
712
564
568
491
597
494
520
571
495
554
724
493
508
520
714
747
576
565
564
497
609
567
565
596
609
750
565
526
574
751
522
530
527
522
573
778
747
763
541
574
592
583
619
729
594
789
590
709
633
595
733
747
639
605
726
745
610
621
731
724
706
780
755
704
711
691
707
694
735
5
8
5
8
14
16
18
9
12
20
24
22
7
20
5
27
9
24
25
12
18
16
31
18
24
22
32
15
4
31
27
10
21
30
37
44
7
8
38
34
40
37
23
20
38
61
16
34
50
66
53
27
52
20
64
47
34
39
55
21
63
24
63
59
34
24
8
15
34
56
44
60
55
13
69
22
55
42
91
63
48
40
47
77
65
51
87
60
61
14
21
74
43
51
40
26
70
67
71
16
93
87
26
24
31
57
105
5
46
90
73
77
105
68
28
77
61
92
47
44
115
67
90
88
58
106
25
25
60
64
54
74
115
86
61
95
54
84
47
71
93
13
118
102
118
103
87
82
124
62
130
100
93
121
80
92
96
85
78
96
68
118
126
5
39
64
43
39
79
61
96
125
73
166
120
130
83
122
57
128
34
78
102
131
114
94
124
148
143
151
140
142
100
70
164
137
81
41
138
90
142
105
176
111
146
146
128
116
101
118
137
91
120
148
97
190
154
129
65
130
79
106
130
189
68
144
130
85
84
155
147
116
139
68
151
193
125
146
109
105
123
179
90
141
111
178
156
170
111
154
115
99
88
214
134
172
50
202
82
158
211
155
163
56
169
187
180
203
176
191
166
70
172
91
185
139
199
237
154
211
158
202
150
151
130
234
168
176
102
155
90
180
184
188
212
218
213
163
149
132
207
209
254
113
128
175
81
130
95
95
151
176
186
113
261
196
168
199
153
41
124
223
168
182
120
201
203
169
164
135
176
112
238
78
228
99
182
166
206
37
251
185
124
190
217
122
238
248
201
109
115
216
202
107
196
158
141
247
255
309
266
39
183
276
200
263
238
311
207
236
250
234
124
220
287
269
148
130
191
233
325
140
189
275
187
260
31
216
225
219
246
114
229
215
256
189
222
94
63
271
228
124
52
291
261
337
239
282
179
153
205
163
262
231
168
82
136
243
163
223
255
233
107
232
297
190
226
157
238
253
317
124
295
188
291
159
286
281
165
309
332
107
357
85
185
277
354
343
201
312
361
220
6
253
244
297
276
295
345
203
304
202
307
209
87
352
351
329
58
169
293
226
277
199
194
218
244
241
258
163
215
323
173
201
214
337
96
407
142
322
10
194
223
206
176
264
382
137
260
194
336
255
222
236
221
309
221
252
401
214
143
315
382
163
241
250
333
207
393
356
305
345
230
187
396
146
242
303
337
412
395
366
405
301
324
224
305
345
337
370
186
266
325
204
303
287
381
432
379
231
283
208
356
238
382
280
387
293
323
72
251
220
193
330
203
274
312
164
278
448
380
143
360
264
371
251
342
319
358
213
258
282
251
179
312
268
218
378
303
196
289
197
264
313
346
414
325
428
272
358
287
249
231
368
254
311
190
328
381
390
399
268
439
314
208
292
285
389
422
293
448
325
369
349
272
450
330
252
455
310
300
316
195
458
237
507
343
395
302
267
142
231
294
376
401
376
370
320
243
386
241
369
219
423
334
350
379
418
387
325
265
238
341
357
353
291
323
344
335
331
223
313
380
271
390
435
363
243
487
414
343
256
329
302
366
471
361
510
353
275
444
297
317
482
391
505
407
442
394
203
385
402
356
404
333
460
496
429
287
311
363
303
520
470
343
258
427
432
355
401
289
221
435
396
397
406
305
335
455
400
261
240
477
317
342
427
409
282
364
519
330
271
347
359
431
269
345
420
421
378
503
401
525
352
422
401
282
296
451
380
343
318
325
381
514
496
520
460
404
303
367
418
443
511
532
283
408
469
469
527
463
346
363
407
395
480
536
470
441
414
480
474
403
502
465
393
467
329
401
318
449
486
324
408
474
468
417
428
335
402
400
354
321
353
362
489
401
366
487
578
399
533
487
352
372
553
440
565
520
419
460
454
458
413
414
453
397
451
458
347
386
535
490
581
448
431
456
357
453
378
538
590
459
394
515
483
536
468
493
449
495
457
466
393
433
386
529
527
517
516
405
476
475
387
395
462
459
412
434
425
438
574
461
564
522
560
413
492
629
473
490
465
454
415
466
551
632
491
468
445
493
527
543
481
634
636
428
538
431
646
513
466
443
433
568
618
570
497
443
513
493
615
459
528
494
447
524
467
492
461
543
606
504
458
478
622
481
560
465
506
509
546
528
493
519
514
516
573
493
523
580
571
512
517
674
515
712
629
661
558
522
571
537
675
582
553
520
692
544
703
573
660
693
564
579
690
549
650
627
557
563
631
622
639
630
600
735
633
705
643
623
628
615
699
631
632
680
679
740
746
4
5
5
8
4
14
12
14
10
15
20
20
24
22
16
23
19
5
19
23
19
23
16
36
33
25
11
37
19
12
6
23
14
31
40
32
37
39
21
11
43
33
14
16
41
46
11
29
22
51
22
30
11
22
61
57
60
46
48
43
49
58
28
47
43
7
73
39
41
71
25
61
20
55
84
87
75
38
54
64
38
54
76
67
46
61
52
48
40
87
76
77
30
60
51
97
16
51
52
75
78
15
54
80
63
17
83
93
25
90
73
100
112
86
54
22
54
76
36
18
40
75
103
80
73
129
68
57
90
99
67
60
128
115
136
133
56
71
119
78
43
98
55
72
98
41
89
74
98
109
124
27
85
117
96
82
121
53
91
70
119
121
146
161
91
125
75
47
73
71
147
86
104
160
93
111
102
62
108
95
7
67
133
52
130
118
97
135
151
93
50
53
65
97
114
85
136
158
105
155
152
136
193
64
141
61
141
126
89
110
117
7
147
65
144
13
157
97
168
136
109
68
213
140
182
149
133
60
23
61
127
167
88
51
17
160
90
144
130
155
134
171
154
80
27
149
209
131
195
48
89
158
182
163
102
91
81
52
244
207
112
175
99
14
84
115
190
118
117
222
168
95
56
174
188
160
141
177
227
222
109
190
144
186
18
225
142
102
64
260
73
139
219
72
159
81
125
178
113
113
21
74
102
77
199
176
152
149
89
183
204
80
211
262
110
157
107
71
226
251
132
238
214
198
275
150
120
209
135
41
254
223
234
207
241
273
216
101
253
212
214
218
171
63
263
182
180
188
204
235
180
103
188
195
127
221
134
217
303
219
78
228
54
281
132
251
126
128
160
232
188
148
191
61
243
324
262
194
95
82
8
125
146
265
129
244
264
228
273
199
192
263
237
306
229
299
166
94
174
252
317
161
203
107
282
302
114
155
315
106
239
115
240
269
171
150
186
244
138
200
241
273
312
215
154
313
198
312
265
227
131
46
110
121
295
133
82
131
198
307
249
141
270
285
310
168
269
200
101
204
331
358
188
229
194
328
329
317
229
347
247
33
293
279
250
123
337
232
239
326
293
284
254
266
130
79
160
226
262
316
281
346
140
141
209
348
312
39
304
177
263
163
266
352
294
345
192
247
188
150
309
148
256
184
89
339
368
352
334
182
203
296
75
334
361
259
41
323
266
249
186
353
375
262
323
237
391
210
174
295
246
326
198
346
211
69
335
401
181
47
323
353
223
224
265
191
246
342
276
315
303
287
228
206
211
180
187
348
406
354
342
281
118
197
80
330
215
377
228
229
371
373
302
361
338
363
437
302
303
280
270
168
422
335
370
304
447
333
253
158
384
423
395
354
336
398
460
352
246
190
309
368
312
339
273
266
157
246
212
317
420
402
268
319
155
326
247
410
113
384
349
380
259
267
273
190
350
295
454
329
271
465
254
256
240
281
389
434
433
419
348
362
415
302
337
315
345
397
220
438
311
426
319
494
283
361
473
426
289
313
245
336
420
238
411
216
306
224
316
371
263
452
404
198
385
262
421
432
325
267
320
213
494
369
252
300
259
238
251
382
380
434
320
259
393
414
267
289
283
430
363
481
487
298
344
470
531
405
495
399
378
403
249
326
351
506
308
280
261
479
393
352
417
283
263
466
406
477
494
279
332
249
552
493
482
389
316
273
434
335
392
327
415
267
297
337
278
409
337
301
418
472
456
476
531
516
464
330
327
429
455
500
413
354
262
378
299
287
468
454
349
393
387
518
480
458
569
312
526
299
472
345
435
513
292
290
332
431
365
291
316
377
340
337
350
531
439
477
349
485
414
495
314
474
582
468
526
477
444
315
355
581
396
510
349
335
451
421
458
525
341
553
478
577
502
478
491
572
554
447
485
403
383
389
386
565
446
369
534
525
449
366
503
512
409
406
437
463
617
470
397
613
381
438
410
366
438
466
494
549
528
528
611
510
606
395
582
528
512
626
427
399
431
547
446
412
480
440
475
561
538
625
421
520
520
497
443
426
643
476
609
531
564
498
449
601
529
464
572
508
617
466
564
566
432
567
427
497
463
584
523
552
474
465
447
441
464
516
515
598
460
585
545
534
571
604
524
457
455
584
612
523
582
592
564
474
464
473
532
562
507
531
486
599
615
479
598
488
624
611
523
490
615
600
601
543
606
688
532
626
615
505
605
511
648
609
642
523
601
579
598
584
572
564
558
653
640
575
652
565
569
653
639
573
624
598
602
580
573
664
649
633
664
613
679
633
631
636
678
691
6
8
9
9
12
7
17
20
13
4
10
11
18
22
23
11
15
13
22
24
17
25
15
20
32
21
27
37
16
18
40
21
32
33
42
39
34
39
32
24
31
51
39
45
5
43
13
35
13
22
37
22
43
34
17
53
37
48
21
59
44
31
36
49
62
60
22
7
25
42
31
63
66
55
69
55
78
65
67
30
63
13
38
47
43
70
40
29
77
59
76
88
7
36
94
17
47
87
37
75
55
79
23
18
42
4
106
49
55
36
95
28
77
110
31
79
52
78
103
95
73
102
108
115
105
85
107
66
82
85
59
30
52
103
87
129
109
73
116
52
58
28
75
88
32
94
44
86
70
128
108
139
146
142
115
42
41
105
64
119
96
84
101
12
98
142
11
88
124
150
90
26
122
99
89
128
135
86
137
152
179
43
91
167
131
120
11
70
47
151
5
83
117
173
158
176
147
26
139
86
176
115
115
137
67
150
131
53
142
137
72
127
153
39
87
154
148
84
86
106
205
115
184
63
56
42
62
52
67
150
132
126
124
119
145
121
179
187
73
184
213
84
148
139
80
135
196
62
176
59
66
45
144
197
96
214
179
138
176
194
37
218
159
120
123
137
236
141
67
146
87
121
190
223
169
145
78
161
217
109
221
185
187
206
108
107
139
110
109
143
93
183
193
237
219
203
173
116
143
109
111
118
151
151
111
182
157
249
69
178
126
122
131
240
259
126
253
135
185
221
199
236
170
174
103
128
119
271
228
81
279
138
102
227
212
219
157
176
190
265
139
122
188
189
170
150
108
149
100
58
208
130
238
160
21
281
224
261
144
162
237
169
104
155
121
226
234
251
256
166
198
297
174
299
187
233
213
180
216
229
302
283
198
209
174
148
298
100
184
277
242
233
275
100
231
46
205
214
186
275
288
164
100
125
194
158
163
263
185
147
206
262
324
234
189
171
219
36
205
198
159
109
91
314
191
209
230
200
351
313
256
215
147
209
298
222
169
191
190
244
255
211
70
290
54
173
296
171
372
358
297
157
252
248
278
363
281
283
251
218
215
218
138
156
283
70
297
195
163
141
108
371
169
269
207
74
223
211
159
191
138
247
291
185
208
103
275
86
303
214
122
402
103
261
221
278
161
324
359
290
274
250
162
239
336
130
266
289
227
315
277
136
263
309
278
203
276
320
341
216
243
296
227
121
428
181
212
247
321
345
438
340
311
156
290
112
212
262
180
133
113
210
261
290
143
315
438
364
342
308
132
215
270
183
256
302
318
248
254
312
87
390
144
235
250
207
476
419
294
325
226
342
359
317
359
328
306
338
302
248
181
403
352
141
318
283
194
166
317
272
263
349
293
438
284
303
366
267
124
346
221
172
308
276
383
283
409
268
226
497
165
378
282
156
289
268
221
353
294
209
386
422
139
223
380
261
503
305
249
373
202
312
305
262
330
401
365
274
356
236
279
414
401
418
399
351
230
240
387
361
317
187
399
285
325
409
449
213
361
408
288
231
404
260
239
401
211
296
502
357
205
379
267
362
403
296
202
337
477
417
352
250
310
362
503
324
408
415
342
297
234
466
332
233
312
293
270
569
462
269
373
267
406
526
333
287
397
222
405
384
317
232
291
440
262
377
492
288
256
519
306
302
376
364
233
389
357
364
418
470
370
600
483
444
375
276
335
283
272
270
308
265
311
317
452
475
352
458
343
542
289
316
480
315
306
303
401
465
410
399
490
374
307
304
513
459
420
467
366
300
442
288
320
428
464
290
578
287
327
451
287
331
383
552
305
526
580
333
444
498
417
468
420
381
407
309
478
364
669
401
499
425
337
458
371
330
429
331
515
372
339
518
397
409
492
348
463
324
548
412
404
363
409
433
466
339
363
435
465
451
613
527
346
394
366
501
592
402
605
420
418
366
524
553
448
524
392
497
710
368
385
548
379
363
422
479
540
476
523
419
430
512
424
547
416
520
479
446
538
459
540
391
478
451
504
471
495
572
419
623
572
560
446
574
444
579
509
445
500
419
559
752
445
530
499
431
476
545
480
535
445
491
546
590
622
446
519
511
516
505
577
484
466
534
543
610
575
496
536
561
468
593
548
538
514
495
745
486
514
604
479
483
585
582
595
531
568
542
514
531
608
640
495
513
521
554
560
769
608
536
557
516
591
543
772
554
622
531
569
581
530
607
572
547
609
572
599
558
577
597
591
603
604
593
775
614
616
615
641
787
597
608
793
642
616
622
620
630
645
639
817
800
804
833
811
790
828
817
830
849
8
5
6
16
12
16
11
20
4
9
18
25
11
25
13
28
32
21
14
17
18
19
25
18
30
26
21
6
21
25
27
28
34
7
17
28
24
7
46
7
4
48
22
44
55
46
51
56
50
37
56
54
11
44
36
9
11
44
22
19
35
13
48
19
30
43
62
56
36
31
38
23
31
72
68
47
57
37
49
14
71
87
48
42
62
75
82
43
77
81
51
12
60
80
93
63
89
65
79
21
64
78
78
101
91
101
59
84
47
43
36
52
86
108
95
55
80
84
43
72
68
99
29
30
94
124
66
27
73
64
85
69
72
69
75
43
102
99
92
29
123
62
136
94
117
124
74
114
122
97
36
20
129
122
130
9
26
28
90
152
23
37
119
92
67
58
123
89
100
127
22
145
112
93
126
120
92
152
113
83
157
80
74
161
121
81
138
93
19
10
56
96
60
154
100
82
69
131
129
149
61
117
39
60
146
44
48
86
68
160
153
149
121
97
50
167
58
99
86
145
58
143
152
53
19
162
154
184
110
23
58
126
145
165
37
153
84
189
168
117
56
201
73
76
185
198
69
191
128
85
116
120
128
113
111
138
171
144
186
162
161
181
104
97
45
166
90
130
170
177
57
146
207
171
94
71
229
218
99
134
170
148
210
178
107
55
87
79
122
164
153
71
146
242
193
129
186
149
211
101
191
176
102
166
191
241
38
122
155
254
220
201
233
228
136
146
166
140
111
255
141
271
160
176
256
216
173
80
95
236
174
50
198
210
116
135
251
158
155
123
272
256
65
200
185
138
149
197
86
133
48
233
141
218
195
77
221
136
219
239
214
142
58
160
235
185
108
16
177
155
182
148
231
124
159
251
151
225
241
115
112
153
134
221
210
232
239
274
129
271
153
297
132
284
311
214
190
177
233
118
164
105
155
149
120
306
68
244
176
193
209
200
148
187
144
238
173
249
251
201
254
252
246
236
300
234
290
202
201
209
102
154
117
232
306
207
306
155
228
171
194
182
81
137
171
41
202
227
273
271
321
189
259
202
186
96
111
146
267
226
217
191
349
181
233
264
335
121
184
247
260
261
202
195
133
302
59
193
204
208
192
316
279
129
217
95
268
351
156
183
311
208
178
402
238
189
243
291
296
315
217
245
275
270
187
118
198
149
222
244
281
120
335
234
215
161
49
249
210
231
141
221
273
140
431
339
260
67
317
198
170
241
246
376
161
240
138
311
253
161
256
155
185
210
211
211
331
290
272
374
375
261
245
281
226
204
287
361
185
194
228
424
411
352
367
428
226
68
340
353
256
100
175
75
322
432
147
265
249
353
296
370
206
290
300
350
156
185
381
329
178
298
419
294
264
191
393
357
209
290
357
327
130
239
92
265
303
322
285
322
296
207
396
295
210
375
363
286
272
385
353
367
231
268
283
182
299
384
249
314
199
312
197
297
238
281
307
367
389
345
264
451
291
412
171
395
259
345
490
399
382
297
370
279
199
184
343
420
268
353
157
374
189
321
352
355
246
231
353
255
222
376
255
401
436
323
372
351
339
197
272
315
323
234
438
334
371
312
417
252
324
266
291
249
223
406
395
341
360
227
308
360
336
298
413
229
256
501
284
267
271
414
248
301
335
431
463
382
328
355
278
284
220
328
477
316
281
420
407
460
250
424
356
369
232
292
427
232
554
448
238
315
452
402
252
409
401
371
243
240
345
359
377
519
302
329
466
435
288
248
406
278
467
311
459
292
365
258
356
328
447
397
516
335
290
320
507
311
435
436
307
502
348
276
324
411
504
484
428
294
483
478
493
464
301
440
588
334
315
502
391
438
494
491
460
493
304
339
318
589
515
412
514
411
508
382
487
365
500
484
499
361
369
506
507
538
452
345
499
374
436
334
486
417
524
487
415
502
584
366
393
523
539
405
542
451
516
367
382
400
486
507
388
478
421
356
375
361
502
377
539
458
505
484
409
498
390
504
458
508
409
533
408
496
493
409
541
485
572
471
450
628
480
468
581
436
481
508
495
415
448
526
443
427
479
438
467
532
556
480
511
547
566
430
417
576
502
450
439
505
574
478
426
541
496
555
496
507
480
561
562
474
518
604
556
546
492
560
523
513
599
515
470
696
601
562
506
537
683
563
477
549
482
466
546
521
564
533
490
565
475
641
563
555
484
530
483
542
577
508
514
600
539
536
529
502
540
598
586
613
579
542
560
518
568
673
544
616
549
539
557
552
603
553
611
647
574
606
652
557
602
629
607
589
663
623
590
677
670
683
7
6
7
7
13
6
4
14
13
12
15
15
20
9
17
17
13
7
13
18
27
22
24
24
22
32
26
5
37
36
30
38
8
14
6
27
17
41
26
35
47
45
21
32
36
18
25
43
30
29
52
15
35
67
35
50
18
37
24
65
34
54
47
33
31
59
54
50
61
4
61
29
52
71
49
41
47
25
74
51
40
23
63
87
73
21
92
24
101
18
44
51
40
64
61
45
64
91
58
56
66
19
96
18
52
85
91
61
34
65
32
35
75
68
38
12
52
48
50
82
104
47
38
60
74
76
26
35
85
96
9
31
112
70
94
36
99
8
98
87
122
71
129
60
91
115
152
34
138
108
82
101
78
62
104
68
76
79
14
137
111
73
62
21
119
75
26
136
135
61
99
92
143
61
90
139
111
77
39
134
118
51
69
54
53
81
63
66
101
50
80
140
136
95
103
153
130
83
133
136
87
44
140
186
155
91
123
196
184
159
145
141
99
67
106
102
53
115
69
159
38
113
118
103
41
137
56
121
132
105
157
83
83
161
154
69
156
195
124
166
140
110
94
51
137
83
98
153
63
31
47
201
53
54
108
109
129
135
158
56
146
63
144
205
58
186
107
175
112
161
148
194
123
158
183
163
216
72
41
152
214
78
101
193
146
137
223
173
270
103
167
142
208
86
180
190
158
119
111
165
126
101
122
174
193
218
210
37
61
62
224
156
154
197
126
131
232
255
297
78
135
142
109
84
121
85
165
190
111
219
130
106
128
223
212
253
150
254
81
96
211
207
153
216
207
191
244
140
188
226
160
139
224
125
195
179
227
66
200
138
56
138
241
143
178
88
201
186
268
225
240
120
247
224
102
66
158
164
69
250
160
209
188
235
88
195
134
144
289
139
363
181
138
211
143
294
267
171
232
274
302
316
198
139
222
83
237
165
145
259
147
78
285
164
194
251
296
188
298
137
304
196
227
219
249
173
157
323
190
150
100
135
200
227
175
156
61
186
160
308
239
86
256
320
280
272
282
310
317
292
192
272
282
164
259
181
262
398
259
173
184
183
87
121
249
202
254
130
319
264
287
195
344
189
321
219
200
189
309
264
223
236
285
121
141
347
206
372
223
275
66
165
181
189
121
336
264
148
195
227
360
221
228
270
161
205
282
236
204
320
84
239
337
307
394
168
375
215
180
304
294
317
351
270
340
313
252
144
253
60
258
316
190
303
250
248
150
288
241
227
323
367
150
372
342
257
319
230
370
274
294
271
351
209
148
343
301
271
316
206
275
210
233
257
78
324
208
292
187
385
341
410
224
219
149
348
292
229
224
267
339
395
329
219
139
421
229
248
455
331
282
279
213
355
280
373
416
267
437
348
324
212
336
199
303
157
281
351
313
353
213
391
276
349
271
136
207
422
281
357
370
414
383
360
238
365
371
413
195
337
199
327
372
325
347
182
297
389
273
202
259
148
323
342
381
383
264
371
156
245
406
194
285
351
423
494
379
283
299
234
269
366
232
444
235
299
451
377
350
348
477
306
494
181
357
358
382
408
439
294
349
420
258
273
208
297
272
421
289
239
229
302
327
461
394
423
426
495
431
413
333
384
480
265
285
408
434
395
408
434
434
260
334
309
214
220
435
431
418
221
271
310
437
266
364
412
502
355
542
331
446
452
422
426
418
245
399
350
286
573
252
364
280
243
344
244
471
283
326
399
428
351
421
451
332
450
449
368
408
531
287
267
335
427
481
423
337
453
430
562
493
325
414
452
484
374
295
473
393
336
352
326
336
348
438
484
481
464
475
469
369
373
489
402
495
398
495
333
348
448
444
454
443
491
352
343
620
413
459
492
460
438
333
466
553
587
453
324
495
529
577
515
472
436
367
519
369
364
480
487
486
409
338
343
507
468
403
513
447
481
502
395
363
442
476
398
376
358
414
466
401
514
362
373
406
414
458
368
469
630
518
476
513
534
419
618
538
443
462
415
458
408
505
525
444
468
543
624
434
435
475
555
468
474
413
587
411
592
431
432
501
439
588
497
448
410
523
480
511
541
469
487
657
445
510
442
501
522
513
499
532
525
465
556
450
496
575
506
444
605
491
564
532
566
490
483
537
475
523
528
490
519
540
523
508
536
515
474
517
559
568
616
550
680
520
682
590
519
551
522
515
520
526
513
521
519
536
544
578
527
557
528
558
543
588
563
569
717
537
533
642
533
567
551
536
573
563
703
548
616
571
597
552
672
585
571
608
633
574
611
634
578
578
596
603
618
602
628
668
620
6
5
9
7
13
6
14
15
17
13
15
12
17
26
14
16
24
23
22
18
29
18
19
7
33
34
30
33
9
26
20
37
41
42
21
40
30
13
28
41
31
19
44
15
41
43
41
44
40
54
48
26
42
5
47
41
6
51
47
44
60
50
56
46
62
54
44
54
51
62
58
16
59
41
40
56
70
15
45
31
51
33
69
18
36
62
69
47
37
83
71
81
49
98
69
73
80
16
63
33
5
67
35
83
27
28
66
72
109
30
15
68
42
48
37
88
86
115
4
41
107
62
32
96
112
26
49
85
68
110
77
95
70
128
106
89
50
88
56
22
35
116
60
52
63
81
127
116
76
109
31
115
71
138
54
116
79
86
44
92
62
138
116
105
76
127
56
56
142
42
121
86
49
83
145
39
42
61
9
88
39
93
69
148
129
35
162
86
8
180
163
80
141
80
138
107
146
183
96
89
90
62
136
156
10
133
155
96
62
147
189
120
97
150
120
68
128
103
187
111
147
139
184
85
178
157
63
172
187
207
107
160
158
118
111
182
154
203
107
47
92
169
17
128
82
62
141
158
106
93
132
51
59
60
159
152
190
91
94
153
144
14
67
162
149
109
92
149
137
106
134
237
129
119
150
127
191
99
204
36
164
81
212
120
184
104
242
230
80
129
189
83
182
158
202
238
127
143
125
161
218
200
49
52
113
239
144
137
233
193
107
199
113
187
225
223
189
143
169
233
198
41
205
160
122
151
188
226
123
75
141
246
134
215
231
258
207
154
177
217
186
121
182
254
205
196
120
218
173
138
234
136
100
238
90
111
175
179
271
149
292
149
151
191
137
111
136
111
247
172
29
202
193
85
218
206
81
260
233
180
199
155
158
191
204
110
153
177
251
45
190
195
287
194
170
232
196
249
241
250
229
173
251
195
189
170
173
304
296
137
156
340
283
168
205
265
313
246
240
271
258
251
182
164
179
173
270
80
71
169
225
153
221
209
104
169
252
186
63
314
160
120
226
238
270
273
306
221
275
242
276
301
248
100
246
200
203
70
271
221
246
206
229
277
263
280
351
243
285
292
273
124
320
245
340
215
255
287
127
171
276
235
162
361
410
360
127
208
281
280
252
168
307
355
265
143
211
87
90
279
126
78
225
351
172
87
292
277
228
267
272
259
345
281
210
219
305
60
259
266
284
207
318
337
320
302
333
294
248
233
374
244
237
223
305
265
139
254
253
276
250
298
422
228
187
336
323
172
284
391
313
365
226
320
251
329
373
205
162
117
224
421
218
174
226
312
219
289
181
216
391
356
264
252
213
396
412
161
319
273
337
123
362
291
306
170
267
315
290
338
294
427
327
229
167
322
305
330
263
460
345
279
201
188
312
281
330
177
321
284
283
186
321
144
417
325
292
276
278
385
222
300
272
153
384
292
225
291
400
404
152
313
160
281
434
319
240
254
390
306
323
240
296
330
346
330
419
403
333
377
389
406
324
327
292
495
330
265
342
403
374
308
383
301
489
363
327
475
261
370
214
357
500
310
297
320
179
264
346
355
245
434
365
255
254
396
294
227
346
213
264
253
385
288
429
410
358
324
394
330
375
379
417
289
373
358
381
251
311
342
337
257
372
296
358
311
471
341
232
238
392
530
309
290
554
287
332
401
451
554
501
305
300
294
247
495
535
306
559
297
411
367
318
273
327
387
323
281
351
411
367
293
490
394
362
494
302
411
378
379
457
294
433
397
366
422
481
375
470
525
429
275
407
425
412
284
390
582
505
376
419
504
352
268
385
346
552
295
359
528
496
320
458
362
299
502
309
300
441
479
514
345
367
327
323
294
333
358
349
503
299
296
359
407
391
532
504
366
318
534
375
450
357
420
351
393
379
482
414
494
316
526
385
348
480
488
645
486
337
381
359
550
470
364
370
361
546
453
402
388
564
406
481
550
352
467
539
532
428
440
500
385
506
440
410
481
487
369
380
382
472
465
434
371
603
379
570
413
419
390
543
612
426
409
589
393
518
382
427
405
675
523
489
397
452
430
678
413
402
628
593
401
460
462
493
457
438
475
485
508
446
626
422
499
479
425
622
626
586
625
561
421
615
555
472
627
604
490
445
586
628
499
454
660
529
451
474
503
595
561
532
545
531
511
459
532
649
656
679
587
576
489
589
555
655
512
498
591
670
510
708
636
568
636
542
669
536
551
622
670
646
588
534
597
606
594
604
585
607
592
688
613
585
648
564
566
566
694
638
675
590
627
688
593
668
596
672
665
614
645
8
11
13
8
5
19
13
20
15
21
20
11
8
21
19
8
27
23
16
22
24
24
9
9
33
28
28
28
40
11
7
22
40
41
32
39
26
36
44
12
27
34
7
48
40
61
20
6
28
46
56
16
44
50
35
12
21
24
24
66
65
44
67
38
32
61
48
28
60
70
40
19
52
20
50
7
55
45
38
23
51
78
4
23
57
59
52
76
56
23
62
79
96
72
59
73
63
62
90
54
94
50
90
44
66
109
107
10
32
47
38
102
48
28
69
65
67
101
60
42
115
73
46
79
119
83
32
43
96
32
79
16
84
69
102
77
124
98
76
106
104
45
79
131
124
36
74
107
75
108
114
47
104
102
33
142
129
98
89
76
95
59
81
81
67
111
102
84
71
25
92
95
87
95
111
97
119
49
111
97
114
169
19
126
138
91
51
159
119
99
29
122
89
157
28
89
106
153
90
129
107
69
116
85
69
54
166
154
59
189
123
143
119
154
69
109
149
109
134
147
99
138
101
161
57
139
158
92
78
111
112
64
208
136
117
123
66
171
147
163
141
169
174
117
184
182
74
139
198
105
184
110
138
145
109
110
167
146
160
102
109
160
82
146
143
129
187
189
183
106
195
40
182
164
167
172
155
174
136
63
73
49
172
46
192
107
153
164
193
119
120
177
198
121
114
145
124
145
201
172
66
198
204
124
88
203
168
108
178
170
123
73
113
137
156
190
107
214
226
219
175
192
76
180
171
246
205
136
71
207
219
157
142
201
129
190
131
234
155
90
145
231
59
193
172
96
196
194
218
59
139
109
216
238
228
168
162
195
213
120
192
191
249
231
140
246
215
234
235
165
163
288
214
89
231
225
244
261
251
145
210
141
244
272
159
140
186
258
242
247
155
127
263
217
175
102
248
14
257
274
192
254
191
209
150
216
177
181
160
163
263
269
248
156
167
139
200
275
150
116
132
280
181
297
160
236
202
168
155
226
213
144
144
197
256
258
190
274
297
234
197
121
285
28
212
290
233
268
243
294
200
212
265
128
292
155
264
269
316
140
123
86
357
312
199
271
215
283
300
217
157
216
310
333
354
234
323
306
343
175
225
329
210
296
161
273
128
112
328
260
339
328
340
319
294
337
217
356
249
172
140
349
359
287
351
226
229
76
271
247
149
305
204
221
355
261
361
341
219
368
168
293
209
330
74
156
315
338
322
205
245
278
200
244
104
199
201
240
338
351
289
211
295
331
217
269
242
282
96
281
219
247
260
318
321
287
271
353
296
252
232
369
267
323
282
192
323
335
284
295
221
127
258
392
277
119
323
392
153
280
223
387
410
232
263
264
367
218
261
351
233
238
380
305
343
311
409
221
149
333
202
346
374
360
192
135
346
301
435
335
449
155
314
324
417
336
240
434
350
393
441
403
351
433
262
330
257
422
161
334
421
294
370
234
336
302
304
417
303
389
286
326
324
419
392
198
232
209
280
327
315
435
165
153
399
327
268
321
422
236
315
380
202
459
323
384
356
282
383
195
318
194
372
226
272
392
184
322
289
326
387
208
395
267
186
281
379
421
364
369
411
262
385
386
444
304
389
190
351
342
392
278
315
358
438
402
216
420
487
217
439
407
471
422
379
322
403
412
462
386
215
539
264
463
379
453
369
480
388
394
431
264
436
471
375
309
263
467
332
521
395
415
422
396
318
389
451
281
428
393
253
429
285
572
452
415
467
343
350
481
421
497
326
478
343
288
371
333
281
277
305
538
278
287
281
365
413
404
288
276
447
462
351
465
456
464
405
432
420
451
430
412
487
499
473
439
453
310
358
414
413
534
410
360
338
406
411
501
442
533
454
494
445
335
542
452
487
465
453
454
479
327
443
360
538
554
398
413
421
391
516
382
504
604
475
370
350
407
553
459
466
523
352
480
450
529
545
535
497
397
520
539
445
454
419
438
405
474
472
383
498
531
439
534
499
558
406
487
564
471
502
429
527
501
532
387
439
526
505
486
438
490
523
464
463
572
489
473
508
570
576
504
522
438
532
578
462
431
504
499
478
576
450
451
483
514
632
502
475
493
589
441
491
449
505
541
440
483
558
467
545
518
596
532
488
534
492
487
527
562
474
498
506
533
518
480
588
581
485
553
581
544
545
579
495
545
596
511
637
536
638
540
589
518
524
655
571
566
521
658
625
587
594
649
518
596
613
589
592
583
572
551
544
555
605
647
581
648
625
593
722
647
632
677
722
629
681
638
622
633
631
681
682
775
667
702
678
704
735
724
4
5
5
9
6
11
16
13
20
15
18
16
12
19
21
20
23
29
19
24
32
24
22
21
21
31
36
29
17
26
20
9
21
39
5
32
33
39
16
21
30
20
41
26
17
38
19
34
46
54
31
43
57
49
41
18
19
18
45
53
29
21
41
49
49
16
49
57
46
48
43
50
28
44
54
80
78
68
37
55
75
44
74
69
23
79
28
52
11
83
91
44
51
56
58
57
12
59
48
58
58
54
61
55
69
64
96
84
31
28
52
59
64
54
70
41
89
48
34
74
72
64
27
42
102
72
99
21
48
50
86
125
64
83
124
51
94
55
28
61
125
126
14
21
108
29
79
31
133
95
14
6
103
99
33
112
155
72
76
55
68
135
84
124
91
88
90
35
112
68
105
124
145
98
127
92
37
114
58
11
109
63
117
152
139
83
132
41
162
101
94
110
84
93
145
75
178
178
45
124
35
59
158
20
150
40
87
64
69
67
112
158
58
27
163
136
91
82
215
137
46
91
111
114
41
91
150
87
35
201
33
150
112
31
98
159
184
137
15
139
161
189
99
112
53
207
98
66
195
131
144
192
165
117
154
120
54
49
132
115
174
151
230
194
37
91
123
221
182
102
40
141
129
126
111
107
187
169
48
79
30
77
150
112
64
30
56
43
72
204
107
128
76
189
99
117
159
136
178
151
90
93
216
153
39
115
210
168
126
233
271
258
196
160
156
162
42
92
41
115
168
175
150
217
247
277
75
58
262
179
187
228
167
135
57
165
164
132
120
243
7
167
111
43
199
82
203
98
155
154
247
130
154
125
206
119
170
203
30
218
236
208
266
50
120
135
176
23
84
327
96
132
280
190
256
258
186
46
96
87
215
195
235
186
170
91
134
285
154
210
171
277
253
105
226
230
139
148
179
170
160
127
28
251
165
242
259
357
260
303
210
198
80
230
198
177
60
14
209
200
176
292
256
247
296
223
158
151
116
144
214
231
218
256
187
331
236
145
283
325
274
280
270
254
170
140
205
197
211
215
398
23
278
46
249
259
262
193
70
205
215
195
181
239
296
137
89
247
343
317
290
276
251
127
173
51
228
109
161
164
231
255
186
297
324
261
309
196
152
308
371
273
280
162
204
185
350
236
85
305
313
300
366
294
302
291
293
230
248
246
223
419
53
320
308
260
308
384
164
106
242
238
256
241
228
266
207
130
302
209
281
277
254
302
120
224
94
236
255
168
297
291
251
158
188
292
198
358
341
355
360
410
253
214
181
248
256
284
182
136
464
347
283
261
279
314
404
338
118
303
221
237
240
368
320
367
120
407
382
218
257
275
355
286
213
259
327
264
172
246
251
306
189
245
134
167
386
262
357
313
454
341
288
299
291
246
298
238
161
389
270
392
302
311
261
370
237
312
171
268
315
436
343
401
448
276
274
266
233
168
436
174
363
278
259
285
289
179
353
303
389
243
422
176
347
270
307
358
220
246
352
331
186
369
386
222
336
484
392
422
324
344
344
334
285
159
316
280
311
330
283
306
482
406
322
220
278
191
336
397
398
418
387
325
315
267
288
409
491
206
442
370
243
309
367
267
388
341
365
231
478
229
477
349
341
395
311
337
372
272
205
344
433
250
336
293
435
455
260
351
400
222
213
224
369
357
327
281
429
504
321
365
332
306
432
388
523
407
535
429
343
380
418
339
414
443
491
331
417
360
418
480
324
337
393
268
280
382
526
494
355
447
340
291
378
430
388
383
378
354
377
347
279
361
397
401
383
471
412
330
469
515
469
318
383
461
366
517
534
530
367
416
382
384
490
557
478
301
308
332
397
556
525
441
385
372
335
396
386
429
419
425
490
418
426
447
373
409
380
408
456
356
410
416
523
356
420
502
482
491
440
399
401
406
460
548
517
431
580
377
347
464
512
562
544
375
430
387
370
466
484
452
457
452
446
361
446
521
438
381
437
501
428
494
415
531
450
400
499
438
487
529
404
442
614
481
557
456
545
471
559
466
501
451
468
472
438
535
542
450
436
466
430
408
549
412
441
410
406
501
410
414
600
504
506
577
513
509
645
490
474
488
497
478
470
489
565
565
565
536
441
468
439
517
461
528
581
600
538
623
614
509
489
460
484
461
477
581
569
484
472
463
583
521
544
544
484
635
553
501
596
474
684
582
556
534
507
492
545
647
592
549
529
494
589
569
584
596
601
710
540
545
581
564
634
550
577
532
578
606
721
541
548
577
575
552
593
679
547
582
591
587
623
601
578
691
683
585
674
627
5
10
9
9
7
15
13
16
8
20
4
14
24
18
16
6
10
26
17
6
21
4
18
36
17
21
8
28
42
26
37
19
21
16
33
11
44
38
34
30
27
12
30
49
21
35
46
18
45
16
51
35
17
68
23
42
22
15
49
45
30
60
51
62
45
58
44
48
43
51
55
56
47
35
22
41
31
9
8
55
79
48
78
60
29
62
12
70
47
78
18
83
26
93
47
20
44
77
84
7
30
30
53
89
89
67
50
49
78
34
65
28
9
73
67
59
61
46
22
93
63
98
84
70
49
100
18
33
93
37
84
53
122
116
47
7
54
68
94
30
64
21
81
71
60
28
91
72
57
104
30
100
82
63
76
27
72
44
48
106
73
33
91
59
111
37
91
132
101
125
119
31
50
160
45
11
52
82
81
30
111
80
70
91
38
55
100
62
119
88
98
71
157
120
179
49
71
102
94
26
86
75
85
154
137
144
158
161
55
127
56
94
165
44
147
107
71
85
106
18
155
94
88
93
74
128
96
130
7
12
135
118
110
151
78
82
77
201
123
109
141
94
160
130
185
117
151
14
83
149
18
113
147
55
88
42
130
48
155
154
167
103
131
19
160
168
225
181
216
63
97
221
122
43
106
105
122
45
14
138
222
96
168
150
64
155
159
82
191
132
163
58
173
54
76
94
145
112
111
198
141
164
236
74
202
63
221
83
38
196
178
183
106
243
170
132
127
123
61
203
156
163
164
83
79
259
222
106
76
91
192
206
164
228
99
147
83
218
177
184
194
156
181
168
140
164
109
139
125
147
207
76
216
125
109
46
75
196
216
190
234
159
105
205
223
195
278
222
164
122
303
143
124
127
182
151
58
236
223
283
123
164
239
289
162
183
173
198
167
196
152
237
157
86
188
121
129
61
280
229
145
13
163
271
247
65
88
265
177
235
132
164
210
205
193
194
209
146
227
236
110
184
253
159
40
297
172
267
38
295
120
153
71
243
250
216
170
274
106
164
199
158
141
303
138
139
232
345
193
301
229
253
297
219
183
260
302
162
313
303
220
205
146
209
287
257
309
207
180
166
315
226
78
312
238
288
256
132
138
235
195
224
122
133
130
196
211
181
186
258
232
255
270
389
254
272
162
237
212
284
310
216
218
195
156
302
237
194
209
164
335
255
209
192
221
156
169
245
273
201
330
269
177
254
249
253
195
285
232
158
141
229
234
195
94
293
188
264
160
192
159
316
259
345
105
325
293
375
259
214
238
284
276
109
269
175
103
272
346
165
203
125
361
237
215
242
304
287
327
266
320
306
296
328
282
262
115
265
137
274
102
270
342
244
296
231
287
364
137
382
213
279
251
403
271
348
293
328
360
186
319
184
207
254
291
199
402
185
297
177
252
157
253
332
310
203
382
325
252
318
390
303
226
358
354
314
389
206
208
288
330
318
218
356
316
416
301
346
336
416
386
239
244
365
297
209
257
392
332
177
200
304
280
186
364
185
363
245
337
333
242
348
173
358
403
347
221
239
245
200
156
337
358
419
184
433
418
376
194
272
436
266
443
313
356
352
319
233
417
350
381
282
327
254
311
338
223
356
283
383
283
439
430
373
364
452
366
343
243
367
363
289
334
401
394
480
449
327
312
436
298
236
321
416
462
273
267
277
334
336
435
242
411
263
374
404
273
325
246
278
304
438
275
324
460
291
262
410
312
463
491
372
374
347
411
457
419
396
344
333
312
292
300
454
283
415
346
425
254
394
359
293
287
270
430
381
336
265
436
406
448
509
408
294
413
425
364
344
421
523
370
411
380
471
296
414
471
344
540
517
340
380
418
404
451
430
491
376
456
403
355
298
410
295
404
339
311
363
427
382
531
391
523
454
421
355
397
472
494
355
346
419
319
481
327
392
541
445
464
511
410
403
371
401
455
431
427
345
369
422
449
346
401
556
454
518
425
402
600
383
379
417
473
463
523
543
464
409
404
455
368
515
358
381
482
411
371
401
451
512
442
430
370
377
575
576
404
426
429
483
533
411
464
423
583
556
403
405
464
462
447
433
449
486
539
407
407
400
505
543
491
440
505
412
576
524
547
467
483
467
486
519
444
512
470
426
420
424
477
537
497
453
432
569
549
504
478
482
523
469
491
454
544
547
478
521
539
547
478
542
520
513
617
489
509
519
534
533
509
576
576
502
526
561
519
508
505
542
511
520
514
644
546
645
529
573
585
525
566
530
554
546
545
543
547
552
539
532
564
626
607
683
655
638
608
610
601
667
657
647
7
8
8
6
5
12
4
7
11
11
18
18
8
8
12
27
16
29
11
30
25
30
14
33
33
29
23
28
17
8
27
39
35
30
35
27
9
42
32
40
23
10
26
19
23
43
43
10
19
42
40
51
41
20
17
31
52
18
15
57
30
48
49
21
47
5
39
46
30
50
61
62
58
52
67
77
55
74
69
39
19
56
83
72
27
61
32
36
45
91
54
44
50
45
74
16
38
7
52
27
83
67
85
97
43
86
53
43
13
26
72
98
95
68
5
81
16
77
21
110
98
94
84
118
17
48
60
90
83
53
61
99
96
122
54
60
78
104
91
106
105
139
46
144
59
73
65
96
85
49
23
42
81
112
116
112
141
109
133
68
121
112
46
80
114
108
71
45
128
45
23
115
93
76
116
67
122
63
85
47
105
70
143
81
138
144
81
71
54
122
129
116
29
113
76
21
105
103
153
102
148
73
164
79
107
101
123
154
39
75
140
46
83
66
147
148
145
104
131
145
100
55
93
162
89
166
168
20
95
162
165
103
55
177
117
79
164
163
139
76
109
105
69
197
191
162
156
153
209
119
44
160
166
155
39
119
167
114
101
97
157
85
141
139
174
152
148
90
137
202
69
87
202
97
172
156
191
128
148
95
157
201
146
185
88
146
178
174
100
118
214
229
157
160
228
204
70
87
48
160
49
226
149
202
115
171
8
54
186
229
130
166
146
224
149
207
102
222
268
156
212
84
227
143
170
189
174
172
237
198
178
258
46
186
163
147
226
258
136
55
249
206
82
197
196
221
144
189
51
131
220
191
141
161
159
175
27
215
185
195
162
112
212
147
190
109
303
237
308
155
245
146
248
231
225
238
201
172
214
270
223
153
96
264
134
278
219
99
150
194
274
231
125
201
150
249
175
72
214
249
231
281
223
296
146
314
329
224
230
259
32
254
256
101
82
167
339
189
260
222
279
67
254
239
273
157
264
150
261
242
233
166
103
370
215
214
245
306
196
288
313
260
283
222
185
282
130
172
239
176
280
317
244
202
275
254
370
171
338
184
64
212
97
132
107
288
282
267
287
208
281
300
274
266
306
303
203
284
353
164
213
396
241
246
262
324
292
125
240
194
215
219
274
320
297
281
130
51
289
391
297
299
210
366
276
356
172
317
377
248
283
337
142
262
330
227
307
187
258
174
305
427
245
211
331
122
343
255
260
105
289
326
265
302
239
232
244
331
191
279
230
264
339
321
269
279
365
453
324
314
366
368
212
282
208
205
201
334
304
375
311
193
166
99
347
309
290
355
245
334
327
335
225
409
464
311
391
206
429
324
294
354
311
242
195
345
313
411
235
354
283
140
375
320
223
310
320
302
280
412
373
187
322
241
322
293
387
339
306
296
303
203
370
385
293
311
327
252
349
354
373
258
526
425
224
368
354
443
301
394
213
312
386
296
407
323
463
286
307
396
240
435
242
326
404
319
268
301
385
244
366
394
407
295
409
263
307
426
313
467
327
326
334
295
345
436
378
352
438
214
574
421
346
381
382
271
352
370
237
303
389
375
428
417
396
472
414
415
377
495
374
353
270
371
345
325
362
292
427
382
385
275
281
367
531
298
472
296
299
229
341
436
347
424
481
421
465
466
332
473
357
348
465
361
354
333
389
415
395
421
444
356
369
624
414
416
417
372
310
460
487
278
377
338
548
473
407
360
425
438
571
424
341
368
308
466
347
324
377
419
477
400
398
304
325
481
462
435
534
359
400
432
372
337
421
317
432
464
405
321
659
395
550
461
381
416
334
455
510
423
492
339
498
466
360
460
474
383
466
386
366
366
506
474
399
513
407
525
457
345
461
617
440
540
463
493
417
357
407
377
448
406
473
414
457
573
411
365
458
360
396
467
477
503
428
427
378
539
426
403
514
497
406
460
513
395
463
723
436
388
555
418
488
392
662
529
448
540
529
463
463
399
476
412
507
428
489
424
514
508
572
484
432
456
568
545
582
415
548
416
534
476
424
523
460
729
419
449
440
555
562
434
442
494
463
462
591
522
455
446
668
541
458
570
532
566
529
474
467
455
448
513
498
492
507
471
492
456
479
601
483
686
724
530
557
596
603
572
500
488
493
568
523
506
487
489
560
497
548
581
499
485
534
740
501
618
590
577
523
537
512
589
558
511
626
561
715
604
635
523
546
526
533
622
588
528
588
733
638
730
583
559
635
734
595
583
609
658
601
561
585
598
754
631
606
626
754
611
620
609
628
787
650
648
785
776
773
768
726
752
4
6
7
9
10
9
10
16
11
8
11
19
4
14
13
6
25
16
16
29
19
23
21
22
11
21
26
21
8
16
24
23
40
24
7
24
14
45
27
20
36
19
25
27
28
16
56
57
35
33
31
42
39
36
58
31
32
37
51
43
6
52
62
65
33
19
60
72
20
45
47
25
27
44
69
34
67
48
67
32
51
35
79
45
72
95
65
63
59
62
47
65
25
70
79
37
61
68
64
81
85
66
29
12
24
51
89
94
39
23
32
113
32
89
69
69
83
96
85
64
74
58
55
66
47
60
50
7
106
85
50
97
112
49
75
98
111
29
52
139
35
45
98
96
76
89
47
74
17
104
77
52
104
69
126
93
159
110
57
144
81
76
85
107
72
5
80
81
97
23
103
120
150
98
60
41
147
28
126
80
116
121
89
58
83
78
37
79
22
77
140
153
21
133
104
147
194
96
100
104
77
103
103
66
68
83
118
127
129
131
54
38
83
98
126
51
47
50
137
41
98
170
143
126
97
114
64
122
113
53
137
120
148
127
97
140
173
132
174
166
115
107
135
43
52
39
117
85
116
214
89
59
73
153
165
105
56
155
101
51
54
165
189
189
160
96
94
146
137
178
114
100
91
59
131
162
91
232
168
148
187
184
163
166
82
24
145
48
97
212
115
44
104
178
198
179
189
64
5
174
133
212
203
74
103
127
195
225
94
112
176
80
69
153
141
161
181
165
191
201
143
24
196
198
81
182
159
19
215
25
196
250
183
52
162
207
160
92
208
44
180
177
91
250
190
45
158
135
169
229
152
139
163
168
122
175
173
168
115
160
176
209
212
40
91
232
222
199
165
236
187
48
147
206
121
85
141
125
273
125
122
222
177
203
223
90
177
83
122
216
181
235
197
248
287
135
126
53
158
154
290
132
182
244
187
93
19
251
178
236
168
247
123
144
238
242
289
77
291
156
179
295
291
251
134
261
97
91
14
216
294
209
174
272
220
200
226
269
123
90
287
237
314
153
273
209
229
74
117
183
166
246
306
249
250
142
223
252
104
240
127
131
287
179
320
297
209
231
209
109
242
167
182
174
271
270
226
213
279
174
261
262
243
214
85
150
241
182
305
260
200
365
109
131
284
268
67
204
36
220
173
312
252
186
274
309
173
359
167
342
266
243
268
335
203
192
103
206
293
73
221
341
214
257
311
181
219
271
286
247
219
356
328
262
404
334
343
180
295
203
203
223
214
390
338
71
195
264
202
340
388
216
225
219
276
369
214
193
220
280
201
381
111
267
238
293
195
304
89
336
310
329
268
293
374
162
124
305
362
311
150
333
194
137
381
321
430
142
277
295
300
263
335
343
244
356
308
134
406
221
286
341
313
340
337
215
307
124
334
219
262
278
285
302
325
388
352
390
170
359
150
266
255
326
331
270
178
415
235
288
287
285
168
429
403
385
251
377
290
258
390
276
288
364
285
240
297
151
284
472
277
222
302
362
324
419
426
313
158
383
397
183
310
348
289
278
195
433
199
395
227
222
480
454
420
424
376
407
363
284
267
272
416
182
273
502
386
281
341
281
354
322
321
291
330
468
452
197
341
268
365
243
362
272
395
436
432
444
331
299
236
278
410
416
400
315
206
335
303
471
339
360
246
320
244
319
317
393
344
468
321
287
380
371
461
404
309
248
356
341
239
365
443
414
447
277
246
328
463
466
295
255
374
349
496
329
285
431
474
444
523
256
438
351
448
291
515
272
464
316
348
489
485
473
355
440
435
402
325
515
387
508
364
298
273
355
429
371
537
350
311
475
507
337
305
344
370
420
493
386
427
520
389
554
302
360
479
407
343
397
466
486
518
426
369
476
407
395
454
410
416
420
393
397
424
420
421
354
508
377
429
335
401
435
339
459
502
370
458
418
359
365
522
537
533
406
526
487
381
506
447
357
435
492
433
537
548
367
476
522
516
445
517
465
453
411
452
454
620
375
408
586
550
454
463
484
482
423
468
577
564
389
578
409
404
473
408
421
427
588
460
533
454
480
433
498
423
414
503
405
456
465
513
418
491
415
512
595
559
552
473
468
612
558
537
556
578
593
501
503
582
525
471
618
482
486
489
488
449
620
447
486
484
486
591
516
466
613
580
555
495
513
587
563
521
556
512
552
645
518
519
636
519
496
521
497
654
646
531
620
588
512
595
543
520
569
537
613
639
532
619
551
652
602
540
640
697
562
563
585
565
559
619
567
571
599
732
617
654
598
642
766
769
768
680
669
792
764
743
756
