5 1.12
10 3.92
15 3.02
20 3.36
25 3.12
30 3.5
35 3.38
40 3.38
45 3
50 3.34
55 2.84
60 3.8
65 2.9
70 2.7
75 3.1
80 2.48
85 2.66
90 2.48
95 2.36
100 2.62
105 2.92
110 2.26
115 2.5
120 2.06
125 2.32
130 2.5
135 2.16
140 1.02
145 0.82
150 0.72
155 0.44
160 0.6
165 0.76
170 0.72
175 0.62
180 0.94
185 0.54
190 0.6
195 0.62
200 0.66
205 0.44
210 0.38
215 0.44
220 0.32
225 0.32
230 0.26
235 0.38
240 0.36
245 0.44
250 0.3
255 0.28
260 0.34
265 0.16
270 0.32
275 0.24
280 0.18
285 0.22
290 0.16
295 0.1
300 0.24
305 0.26
310 0.2
315 0.12
320 0.26
325 0.18
330 0.14
335 0.1
340 0.14
345 0.14
350 0.12
355 0.16
360 0.06
365 0.08
370 0.2
375 0.12
380 0.08
385 0.14
390 0.08
395 0.12
400 0.06
405 0.06
410 0.06
415 0.06
420 0.1
425 0.04
430 0.08
435 0.06
440 0.12
445 0.06
450 0.1
455 0.02
460 0.1
465 0.04
470 0.02
475 0
480 0.06
485 0.08
490 0.08
495 0.02
2797 5.34
5 1.14
10 3.66
15 3.08
20 3
25 3.12
30 3.36
35 3.08
40 3.1
45 3.04
50 3.54
55 3.22
60 2.7
65 3.42
70 2.92
75 2.9
80 2.86
85 2.64
90 2.34
95 2.22
100 2.96
105 2.4
110 2.46
115 2.56
120 2.84
125 2.36
130 2.22
135 2.74
140 1.24
145 0.72
150 0.7
155 0.82
160 0.64
165 0.82
170 0.76
175 0.6
180 0.7
185 0.62
190 0.76
195 0.64
200 0.78
205 0.68
210 0.4
215 0.38
220 0.28
225 0.26
230 0.44
235 0.36
240 0.36
245 0.26
250 0.32
255 0.32
260 0.42
265 0.32
270 0.4
275 0.18
280 0.28
285 0.12
290 0.12
295 0.2
300 0.18
305 0.24
310 0.12
315 0.2
320 0.16
325 0.22
330 0.18
335 0.14
340 0.22
345 0.12
350 0.08
355 0.08
360 0.12
365 0.12
370 0.14
375 0.08
380 0.12
385 0.12
390 0.1
395 0.12
400 0.08
405 0.12
410 0.08
415 0.06
420 0.04
425 0.12
430 0.1
435 0.12
440 0.06
445 0.08
450 0.02
455 0.14
460 0.06
465 0.06
470 0.06
475 0.04
480 0.02
485 0.1
490 0.02
495 0.02
2032 3.96
5 1.16
10 3.1
15 2.74
20 2.92
25 2.72
30 2.88
35 2.82
40 2.84
45 3.18
50 2.8
55 3.1
60 2.82
65 3.06
70 2.74
75 2.74
80 2.86
85 2.9
90 2.48
95 2.5
100 2.92
105 2.52
110 3
115 2.82
120 2.92
125 2.54
130 2.58
135 2.5
140 1.38
145 0.68
150 0.84
155 0.74
160 0.78
165 0.72
170 0.66
175 0.88
180 0.78
185 0.66
190 0.82
195 0.62
200 0.76
205 0.5
210 0.4
215 0.3
220 0.44
225 0.4
230 0.24
235 0.34
240 0.44
245 0.28
250 0.38
255 0.22
260 0.24
265 0.32
270 0.34
275 0.2
280 0.26
285 0.2
290 0.24
295 0.2
300 0.12
305 0.24
310 0.18
315 0.26
320 0.24
325 0.16
330 0.16
335 0.14
340 0.18
345 0.2
350 0.14
355 0.12
360 0.12
365 0.14
370 0.1
375 0.18
380 0.16
385 0.12
390 0.14
395 0.14
400 0
405 0.14
410 0.1
415 0.16
420 0.02
425 0.14
430 0.1
435 0.14
440 0.06
445 0.14
450 0.08
455 0.08
460 0.1
465 0.04
470 0.02
475 0.12
480 0.1
485 0.08
490 0.06
495 0.08
2529 4.58
5 1.4
10 3.24
15 2.98
20 2.98
25 3.36
30 3.02
35 3.08
40 3.12
45 2.44
50 3.3
55 2.58
60 3.12
65 3
70 2.62
75 2.64
80 3.3
85 2.52
90 3.16
95 2.78
100 2.88
105 2.78
110 2.54
115 2.42
120 2.74
125 2.8
130 2.64
135 2.52
140 1
145 0.78
150 0.96
155 0.8
160 0.94
165 0.82
170 0.44
175 0.78
180 0.48
185 0.8
190 0.64
195 0.74
200 0.5
205 0.52
210 0.48
215 0.48
220 0.4
225 0.34
230 0.44
235 0.3
240 0.3
245 0.24
250 0.24
255 0.24
260 0.22
265 0.44
270 0.22
275 0.22
280 0.26
285 0.26
290 0.24
295 0.24
300 0.4
305 0.2
310 0.18
315 0.12
320 0.22
325 0.12
330 0.08
335 0.2
340 0.14
345 0.1
350 0.18
355 0.12
360 0.1
365 0.24
370 0.16
375 0.16
380 0.1
385 0.08
390 0.14
395 0.08
400 0.06
405 0.06
410 0.06
415 0.12
420 0.14
425 0.14
430 0.12
435 0.12
440 0.16
445 0.12
450 0.06
455 0.08
460 0.02
465 0.06
470 0
475 0.06
480 0.04
485 0.08
490 0.1
495 0.06
2336 3.5
5 1.32
10 3.32
15 2.76
20 2.96
25 2.6
30 2.72
35 2.86
40 3.34
45 2.98
50 2.6
55 2.54
60 2.66
65 3.1
70 2.42
75 2.92
80 2.78
85 2.46
90 2.38
95 2.28
100 2.54
105 2.92
110 2.82
115 2.16
120 2.58
125 2.2
130 2.62
135 2.18
140 1.32
145 0.76
150 0.76
155 0.52
160 0.56
165 0.74
170 0.74
175 0.76
180 0.72
185 0.78
190 0.54
195 0.7
200 0.8
205 0.44
210 0.42
215 0.32
220 0.28
225 0.24
230 0.4
235 0.34
240 0.4
245 0.32
250 0.42
255 0.3
260 0.24
265 0.38
270 0.34
275 0.24
280 0.18
285 0.18
290 0.16
295 0.22
300 0.22
305 0.18
310 0.16
315 0.24
320 0.26
325 0.14
330 0.18
335 0.16
340 0.22
345 0.1
350 0.12
355 0.1
360 0.06
365 0.2
370 0.08
375 0.12
380 0.14
385 0.16
390 0.06
395 0.08
400 0.12
405 0.14
410 0.1
415 0.06
420 0.04
425 0.08
430 0.08
435 0.06
440 0.04
445 0.1
450 0.04
455 0.16
460 0.06
465 0.02
470 0.04
475 0.12
480 0.08
485 0.04
490 0
495 0.04
5848 9.06
5 1.24
10 3.24
15 2.84
20 3.1
25 3.14
30 2.8
35 3.26
40 3.1
45 3.42
50 3.2
55 3.4
60 2.6
65 2.88
70 2.32
75 2.84
80 3
85 2.7
90 2.68
95 2.72
100 2.88
105 2.88
110 3.02
115 2.8
120 3.02
125 2.36
130 2.68
135 2.12
140 1.18
145 0.84
150 0.64
155 0.7
160 0.72
165 0.66
170 0.78
175 0.78
180 0.88
185 0.8
190 0.82
195 0.68
200 0.56
205 0.46
210 0.5
215 0.24
220 0.34
225 0.36
230 0.22
235 0.34
240 0.4
245 0.32
250 0.24
255 0.3
260 0.26
265 0.4
270 0.3
275 0.3
280 0.14
285 0.26
290 0.16
295 0.22
300 0.16
305 0.18
310 0.28
315 0.18
320 0.18
325 0.04
330 0.14
335 0.16
340 0.12
345 0.26
350 0.06
355 0.14
360 0.12
365 0.06
370 0.14
375 0.16
380 0.08
385 0.12
390 0.06
395 0.12
400 0.08
405 0.06
410 0.14
415 0.06
420 0.08
425 0.02
430 0.04
435 0.12
440 0.08
445 0.08
450 0.1
455 0.1
460 0.04
465 0.06
470 0.04
475 0.1
480 0.06
485 0.04
490 0.04
495 0.02
4235 3.84
5 1.2
10 3.62
15 3.36
20 2.84
25 2.76
30 2.86
35 2.62
40 2.84
45 3.3
50 3
55 3.02
60 3
65 3.24
70 2.8
75 2.84
80 3.38
85 2.34
90 2.26
95 2.58
100 2.34
105 2.3
110 2.34
115 2.94
120 2.48
125 2.32
130 2.76
135 2.14
140 1.26
145 0.86
150 0.8
155 0.46
160 0.56
165 0.78
170 0.56
175 0.64
180 0.66
185 0.74
190 0.66
195 0.56
200 0.78
205 0.52
210 0.46
215 0.46
220 0.22
225 0.22
230 0.34
235 0.4
240 0.48
245 0.24
250 0.22
255 0.3
260 0.42
265 0.28
270 0.32
275 0.42
280 0.24
285 0.16
290 0.14
295 0.2
300 0.14
305 0.28
310 0.16
315 0.18
320 0.12
325 0.12
330 0.2
335 0.22
340 0.16
345 0.2
350 0.18
355 0.14
360 0.12
365 0.12
370 0.14
375 0.1
380 0.12
385 0.06
390 0.08
395 0.06
400 0.12
405 0.14
410 0.22
415 0.12
420 0.08
425 0.08
430 0.06
435 0.06
440 0.14
445 0.1
450 0.06
455 0.06
460 0.08
465 0.08
470 0.06
475 0.08
480 0.1
485 0.1
490 0.02
495 0.02
7135 6.48
5 1.42
10 3.7
15 2.84
20 3.38
25 2.74
30 3.26
35 3
40 2.86
45 2.94
50 3.34
55 2.74
60 2.88
65 2.64
70 2.68
75 3.22
80 3.06
85 2.78
90 2.56
95 2.6
100 2.98
105 2.46
110 2.86
115 2.76
120 2.54
125 2.52
130 2.34
135 2.46
140 1.04
145 0.88
150 0.92
155 0.72
160 0.64
165 0.64
170 0.8
175 0.74
180 0.92
185 0.62
190 0.68
195 0.68
200 0.64
205 0.46
210 0.36
215 0.58
220 0.36
225 0.28
230 0.3
235 0.26
240 0.44
245 0.42
250 0.26
255 0.3
260 0.42
265 0.28
270 0.3
275 0.32
280 0.32
285 0.2
290 0.22
295 0.22
300 0.12
305 0.2
310 0.18
315 0.34
320 0.12
325 0.2
330 0.3
335 0.26
340 0.18
345 0.12
350 0.2
355 0.16
360 0.12
365 0.12
370 0.08
375 0.12
380 0.2
385 0.2
390 0.08
395 0.1
400 0.04
405 0.14
410 0.1
415 0.08
420 0.2
425 0.02
430 0.08
435 0.1
440 0.16
445 0.1
450 0.02
455 0.02
460 0.1
465 0.04
470 0.06
475 0.06
480 0.12
485 0.12
490 0.06
495 0.04
1810 3.16
5 1.18
10 3.64
15 2.64
20 2.94
25 2.9
30 3.18
35 3.08
40 3.26
45 3.14
50 2.88
55 3.12
60 3.06
65 2.62
70 2.32
75 3.24
80 2.64
85 2.86
90 2.76
95 2.9
100 2.72
105 3.1
110 2.82
115 2.7
120 2.76
125 2.82
130 2.3
135 2.18
140 1.24
145 0.78
150 0.82
155 0.86
160 0.84
165 0.68
170 0.56
175 0.84
180 0.82
185 0.6
190 0.8
195 0.6
200 0.62
205 0.44
210 0.32
215 0.38
220 0.4
225 0.28
230 0.36
235 0.32
240 0.36
245 0.4
250 0.2
255 0.38
260 0.32
265 0.22
270 0.32
275 0.26
280 0.22
285 0.2
290 0.14
295 0.22
300 0.18
305 0.2
310 0.2
315 0.08
320 0.12
325 0.18
330 0.18
335 0.18
340 0.16
345 0.14
350 0.18
355 0.12
360 0.1
365 0.1
370 0.12
375 0.1
380 0.08
385 0.06
390 0.1
395 0.08
400 0.18
405 0.1
410 0.16
415 0.12
420 0.1
425 0.12
430 0.1
435 0.02
440 0.1
445 0.08
450 0.02
455 0.06
460 0.04
465 0.12
470 0.12
475 0.12
480 0.16
485 0.08
490 0.06
495 0.08
3270 3.84
5 1.08
10 3.52
15 2.88
20 2.68
25 2.66
30 3.28
35 2.68
40 2.72
45 3.36
50 3.2
55 3.28
60 3
65 3
70 2.74
75 3.06
80 2.9
85 2.58
90 2.4
95 2.9
100 2.6
105 2.58
110 2.76
115 3.06
120 2.78
125 2.9
130 2.42
135 2.28
140 1.68
145 0.84
150 0.76
155 0.66
160 0.94
165 0.84
170 0.56
175 0.58
180 0.88
185 0.6
190 0.64
195 0.76
200 0.42
205 0.5
210 0.44
215 0.46
220 0.28
225 0.32
230 0.32
235 0.32
240 0.38
245 0.2
250 0.38
255 0.26
260 0.34
265 0.38
270 0.18
275 0.32
280 0.24
285 0.1
290 0.22
295 0.16
300 0.14
305 0.2
310 0.14
315 0.2
320 0.18
325 0.1
330 0.26
335 0.06
340 0.2
345 0.2
350 0.06
355 0.12
360 0.1
365 0.08
370 0.06
375 0.1
380 0.12
385 0.16
390 0.1
395 0.12
400 0.04
405 0.12
410 0.2
415 0.04
420 0.02
425 0.1
430 0.02
435 0.06
440 0.04
445 0.12
450 0.12
455 0.08
460 0.04
465 0.02
470 0.06
475 0.06
480 0.12
485 0.02
490 0.06
495 0.02
4265 4.68
5 1.3
10 4.04
15 3.06
20 2.82
25 2.82
30 3.26
35 3.38
40 3.06
45 2.88
50 2.84
55 2.72
60 2.76
65 3.22
70 2.88
75 3.08
80 3.22
85 2.7
90 2.58
95 2.84
100 2.8
105 3.24
110 2.76
115 2.6
120 2.2
125 2.82
130 2.58
135 2.68
140 0.92
145 0.94
150 0.72
155 0.68
160 0.7
165 0.82
170 0.6
175 0.72
180 0.76
185 0.5
190 0.46
195 0.62
200 0.72
205 0.54
210 0.36
215 0.4
220 0.48
225 0.2
230 0.26
235 0.44
240 0.38
245 0.4
250 0.18
255 0.22
260 0.26
265 0.44
270 0.22
275 0.1
280 0.2
285 0.28
290 0.1
295 0.2
300 0.18
305 0.3
310 0.22
315 0.14
320 0.1
325 0.1
330 0.2
335 0.16
340 0.08
345 0.08
350 0.18
355 0.08
360 0.2
365 0.1
370 0.14
375 0.12
380 0.1
385 0.08
390 0.06
395 0.18
400 0.14
405 0.02
410 0.06
415 0.1
420 0.06
425 0.06
430 0.06
435 0.12
440 0.06
445 0.06
450 0.04
455 0.08
460 0.1
465 0.14
470 0.06
475 0.02
480 0.06
485 0.1
490 0.08
495 0.04
2526 3.78
5 1.3
10 3.06
15 2.88
20 3.46
25 2.88
30 3.06
35 2.76
40 2.7
45 2.72
50 3.04
55 2.76
60 2.8
65 3.36
70 2.8
75 3.2
80 2.72
85 3.36
90 2.88
95 2.82
100 2.88
105 2.28
110 2.54
115 2.96
120 2.74
125 2.54
130 3.16
135 2.6
140 1.26
145 0.84
150 0.54
155 0.84
160 0.76
165 0.86
170 0.7
175 0.76
180 0.76
185 0.78
190 0.64
195 0.72
200 0.78
205 0.38
210 0.64
215 0.42
220 0.46
225 0.32
230 0.2
235 0.38
240 0.24
245 0.38
250 0.28
255 0.22
260 0.32
265 0.38
270 0.22
275 0.42
280 0.24
285 0.28
290 0.2
295 0.12
300 0.26
305 0.02
310 0.2
315 0.16
320 0.12
325 0.22
330 0.22
335 0.1
340 0.28
345 0.2
350 0.14
355 0.1
360 0.1
365 0.16
370 0.02
375 0.12
380 0.06
385 0.08
390 0.14
395 0.08
400 0.12
405 0.1
410 0.06
415 0.14
420 0.06
425 0.1
430 0.08
435 0.08
440 0.1
445 0.02
450 0.08
455 0.02
460 0.06
465 0.04
470 0.1
475 0.08
480 0.08
485 0.04
490 0
495 0.04
2238 3.22
5 1.14
10 3.7
15 2.66
20 2.94
25 2.78
30 3.08
35 2.8
40 2.9
45 2.96
50 2.8
55 2.8
60 2.8
65 2.62
70 2.36
75 2.84
80 2.86
85 2.52
90 2.46
95 2.54
100 2.6
105 2.7
110 2.24
115 2.54
120 2.4
125 2.5
130 2.46
135 2
140 1.14
145 0.98
150 0.76
155 0.78
160 0.66
165 0.7
170 0.7
175 0.56
180 0.62
185 0.52
190 0.6
195 0.64
200 0.6
205 0.6
210 0.66
215 0.28
220 0.44
225 0.44
230 0.28
235 0.32
240 0.36
245 0.28
250 0.24
255 0.22
260 0.3
265 0.42
270 0.36
275 0.32
280 0.18
285 0.18
290 0.22
295 0.24
300 0.24
305 0.1
310 0.16
315 0.14
320 0.08
325 0.22
330 0.18
335 0.16
340 0.22
345 0.12
350 0.14
355 0.12
360 0.12
365 0.2
370 0.08
375 0.14
380 0.02
385 0.08
390 0.06
395 0.08
400 0.1
405 0.18
410 0.12
415 0.16
420 0.06
425 0.08
430 0.12
435 0.08
440 0.08
445 0.02
450 0.06
455 0.04
460 0.04
465 0.06
470 0.06
475 0.14
480 0.06
485 0.1
490 0.04
495 0.08
7531 9.06
5 1.22
10 3.38
15 2.62
20 3.1
25 2.76
30 2.84
35 3.12
40 2.98
45 2.96
50 2.92
55 3.18
60 2.88
65 3
70 2.52
75 2.88
80 2.5
85 2.96
90 2.62
95 2.68
100 2.7
105 3.02
110 2.66
115 2.46
120 3.1
125 2.64
130 2.86
135 2.28
140 0.94
145 0.82
150 0.8
155 0.76
160 0.72
165 0.66
170 0.66
175 0.62
180 0.86
185 0.78
190 0.56
195 0.72
200 0.78
205 0.42
210 0.34
215 0.52
220 0.38
225 0.28
230 0.38
235 0.4
240 0.42
245 0.26
250 0.3
255 0.34
260 0.34
265 0.32
270 0.24
275 0.16
280 0.26
285 0.22
290 0.18
295 0.14
300 0.24
305 0.32
310 0.2
315 0.18
320 0.16
325 0.18
330 0.12
335 0.18
340 0.12
345 0.12
350 0.16
355 0.14
360 0.06
365 0.1
370 0.16
375 0.16
380 0.1
385 0.12
390 0.2
395 0
400 0.16
405 0.08
410 0.04
415 0.14
420 0.18
425 0.04
430 0.02
435 0.12
440 0.1
445 0.08
450 0.08
455 0.1
460 0.02
465 0.14
470 0.04
475 0.04
480 0.08
485 0.14
490 0.08
495 0.04
1788 4.84
5 1.06
10 3.98
15 2.84
20 2.84
25 2.9
30 3.56
35 3.44
40 3.26
45 2.84
50 3.02
55 3.4
60 2.8
65 2.68
70 2.16
75 3.34
80 2.86
85 2.88
90 2.9
95 2.8
100 3.46
105 2.94
110 2.6
115 2.9
120 3.16
125 3
130 2.34
135 2.06
140 1.16
145 0.7
150 0.7
155 0.72
160 0.76
165 0.72
170 0.82
175 0.74
180 0.96
185 0.92
190 0.54
195 0.66
200 0.68
205 0.36
210 0.42
215 0.3
220 0.32
225 0.34
230 0.3
235 0.34
240 0.3
245 0.46
250 0.38
255 0.32
260 0.28
265 0.24
270 0.28
275 0.08
280 0.18
285 0.2
290 0.2
295 0.2
300 0.24
305 0.14
310 0.28
315 0.24
320 0.18
325 0.12
330 0.16
335 0.1
340 0.12
345 0.1
350 0.08
355 0.04
360 0.18
365 0.08
370 0.1
375 0.1
380 0.18
385 0.14
390 0.02
395 0.08
400 0.08
405 0.08
410 0.04
415 0.06
420 0.02
425 0.08
430 0.1
435 0.1
440 0.02
445 0.08
450 0.12
455 0.02
460 0.02
465 0.02
470 0.02
475 0.1
480 0.04
485 0.02
490 0.06
495 0.06
1453 2.58
