5
5
5
5
13
17
11
6
28
21
18
44
14
9
7
6
83
8
47
5
53
6
5
40
38
111
10
45
28
27
5
18
20
107
67
14
9
6
20
47
16
23
18
184
6
6
142
30
5
161
49
147
230
154
51
63
70
77
26
41
46
17
281
13
276
18
11
23
37
9
9
40
6
8
29
9
6
56
43
176
42
21
102
40
217
64
175
71
5
7
371
11
5
364
257
50
113
9
8
201
5
195
200
43
35
455
41
334
24
52
6
13
375
23
29
429
21
393
176
27
135
33
360
29
297
29
59
22
56
77
121
11
25
46
322
5
9
39
150
251
11
75
116
12
5
112
7
5
170
5
542
30
8
123
118
225
116
577
528
237
523
686
233
116
5
5
181
8
438
30
380
24
358
28
26
296
299
150
15
293
11
215
139
543
173
462
131
407
63
6
268
90
239
46
186
307
6
5
17
7
319
13
15
531
24
148
14
6
5
442
245
849
844
28
270
5
20
839
60
8
79
20
230
185
202
13
107
25
923
226
163
90
734
856
590
550
841
749
411
159
9
320
519
298
120
59
889
873
30
776
896
575
901
485
813
46
6
7
7
5
9
174
403
5
255
9
811
517
41
396
229
144
16
69
47
391
320
5
43
394
22
12
6
369
40
325
28
243
38
5
119
117
108
36
1166
155
1126
6
923
6
153
75
1066
988
5
710
955
710
1154
662
350
375
101
28
74
1272
5
63
9
1274
5
845
84
200
696
57
56
5
5
129
25
665
640
445
18
33
1327
389
1058
928
1185
22
468
472
23
672
512
889
22
838
41
5
94
73
374
528
14
38
324
202
291
108
1257
149
641
1146
71
994
658
1393
5
5
994
517
374
517
209
5
688
66
864
828
22
736
734
1350
446
635
645
122
120
72
607
573
450
811
20
673
103
46
280
5
236
150
17
490
367
225
58
710
72
24
387
24
1671
393
323
1616
174
72
5
71
40
717
1561
57
192
18
24
670
11
699
851
1521
703
19
118
9
483
14
515
143
56
6
617
611
31
1570
13
1327
49
538
342
1271
751
155
110
1510
1492
902
782
1667
1636
781
1491
785
781
664
691
293
1532
362
1461
1393
408
362
365
336
623
228
1345
1203
269
1161
1663
478
1580
255
478
175
214
1459
213
1574
1309
1456
921
811
896
756
416
317
650
610
323
561
1745
259
1707
1430
626
1094
613
1078
507
427
623
766
399
762
531
1164
501
338
454
1149
1122
1020
835
1013
427
1013
403
488
403
359
1658
1605
449
1443
1453
1307
1001
1255
843
1124
404
1100
1011
572
813
523
710
487
680
2119
1910
1900
2226
2044
1820
493
1669
1648
1602
1556
1245
1235
1179
1157
1158
780
1898
2192
1838
1573
1737
1320
1605
1260
1250
971
986
868
981
974
936
2214
915
2216
863
2046
866
2017
1946
1549
740
1529
691
1532
1458
2085
2035
2039
1330
1167
710
691
815
1046
754
1023
1498
1000
1445
824
1173
820
1150
1053
978
872
992
803
967
796
901
828
2120
740
2119
814
822
783
725
746
717
2402
2370
2368
909
2203
892
2155
795
1278
1953
1220
1924
1213
1721
1659
1498
2165
949
2157
922
2092
2264
2054
2233
2149
1559
1808
1563
1472
932
1292
2066
1205
2011
887
1781
911
1732
879
1317
1403
1191
1360
1118
1339
1108
1301
1014
1169
949
1097
1044
1005
2227
922
2194
2063
1931
1793
1782
1742
1672
1481
1445
1359
1295
1292
1273
1151
1005
1142
1066
1056
1346
1631
1032
1604
1479
1365
1361
1262
1236
1234
1677
1217
1221
1213
1184
1138
1187
2808
2717
2630
2475
2295
2273
2154
2129
2133
2115
2031
1955
1953
1957
1856
1833
2962
1710
2875
1465
2846
1221
2850
2641
2621
2410
2407
2330
2328
2139
2083
1907
1799
2975
1772
2926
1722
2611
1711
1693
1677
1510
2942
1332
2254
2197
1342
2203
1341
2158
1824
1801
2653
1580
2439
2351
2298
2219
2918
2218
2793
2189
2720
2190
2670
2097
2636
2008
2572
2458
2422
2368
2361
2031
1439
2356
2357
2067
2041
1991
1959
1829
1751
1738
2877
1717
2816
1711
2765
1640
2632
1598
2521
1593
2496
1590
2403
2387
2314
2173
2151
2719
1947
2559
1834
2556
1818
2560
1795
2531
1566
2437
1563
2438
2424
2391
2349
3042
2283
2993
2205
2980
2130
2940
2035
2736
2013
1921
1784
2664
2589
2585
2498
2137
3351
2111
3180
2095
3144
2075
3117
2035
3115
2001
2832
1882
2827
2573
2793
2465
2739
2430
2478
2386
2446
2406
2285
2157
2044
1853
2050
1809
2046
2003
1938
1798
1795
2351
2261
2170
2105
1837
3161
1804
3070
1797
2925
2918
2919
2868
2746
2701
2559
2440
2358
2346
2038
1958
1824
3430
3421
3079
3035
2975
2970
2972
2904
2877
2879
2727
2676
2616
2239
2242
2228
2156
1949
3241
3214
3150
3066
3067
2959
2932
2376
2434
2374
3867
3705
3525
3440
3381
3153
2818
2709
2631
2216
2485
2378
2366
2291
4426
4321
4073
3870
3867
3592
3576
3366
3270
3220
3200
3041
4478
4432
4398
4155
3912
3914
3826
3772
3629
3587
3584
3354
3099
5223
5225
5192
5155
5091
5049
4839
4737
4730
4602
4604
4427
4332
3907
3893
3729
3586
5
5
10
5
7
5
21
8
5
6
26
7
22
8
5
26
10
5
40
23
31
48
8
13
31
6
44
11
38
43
82
33
14
28
13
9
11
145
6
14
106
62
25
145
52
69
56
204
63
65
7
23
166
193
163
170
65
9
117
6
38
22
285
172
111
113
83
15
81
303
23
24
145
85
142
138
68
331
49
131
319
38
237
67
109
5
35
50
9
29
62
231
81
224
248
45
46
121
113
166
398
196
123
387
337
13
23
5
23
139
190
141
433
105
355
444
321
44
263
116
409
267
351
315
269
44
237
78
79
27
241
214
11
109
78
615
224
226
72
271
582
139
45
241
114
618
655
84
113
570
5
517
21
6
506
352
202
338
13
13
32
171
187
400
17
85
20
298
39
694
301
658
245
222
733
684
325
439
648
393
637
86
345
81
213
180
320
77
299
37
84
146
236
31
53
41
218
166
5
263
66
538
34
278
335
205
659
559
446
24
413
77
319
175
296
130
803
68
481
94
53
464
430
983
144
31
134
750
84
51
834
70
24
556
45
368
6
308
28
15
205
99
418
710
393
641
94
46
651
543
389
438
355
590
274
16
460
242
215
489
208
831
809
47
9
513
198
416
5
93
347
70
1038
116
1024
404
1017
277
293
280
13
844
182
262
280
247
21
393
838
45
1092
372
932
364
928
248
348
827
19
166
247
216
60
8
12
119
1118
1118
1059
130
653
122
1014
511
970
427
404
865
56
809
244
140
6
747
790
639
335
532
348
173
116
164
271
124
62
234
6
1239
641
1006
636
532
574
215
295
588
89
6
24
222
13
5
5
922
1123
480
387
1050
765
572
38
1062
5
745
953
167
111
301
64
613
433
185
1554
85
1511
36
133
131
345
33
231
293
23
72
217
59
201
107
141
97
81
110
1407
209
137
142
1008
1457
974
957
772
750
197
654
1280
1365
475
372
122
112
1341
1024
398
386
874
391
1124
145
1104
1383
1365
807
1037
1327
984
1210
1158
372
825
699
1133
1137
666
919
238
1080
672
882
661
844
708
649
1397
630
1221
634
1165
467
1163
277
1148
488
685
633
982
401
972
911
865
827
299
773
762
1401
1237
508
528
367
476
1227
421
1211
1187
1190
1624
995
1521
932
378
1516
825
815
1918
811
381
760
1895
1423
1767
1423
1592
1353
1337
1191
762
745
1499
717
1490
718
1334
1225
615
976
813
780
774
612
566
554
714
600
619
1436
1970
556
542
1901
581
1879
538
529
623
563
1611
1490
1369
559
1283
937
1987
1923
1924
1407
1294
765
760
1721
623
1592
610
1575
1576
1300
983
750
676
1336
1330
1339
1307
1287
925
893
1026
871
819
1071
696
997
999
995
913
947
904
815
759
749
2018
1206
1914
828
1889
814
1880
1974
1659
1640
1635
1518
1037
1474
1409
1941
1901
1724
1860
2267
1538
1464
1965
1882
1411
1806
1797
1873
1725
1469
1562
1226
1177
1213
1027
1085
1088
983
931
1498
1621
1299
1415
998
1218
1265
1121
944
1088
1043
1531
1018
1401
912
1324
891
1164
893
895
2097
2091
899
2065
1179
917
1155
2077
2062
2031
1941
1871
1825
1673
1382
1651
1202
1587
1146
1580
1136
1570
1094
1573
1051
1565
1528
1474
1894
1382
1870
1370
1264
1271
1158
1159
1098
1163
1060
1098
1056
1061
1829
1855
1816
1760
1680
1654
1561
1536
1497
1432
1872
1846
1826
1672
1438
1418
1380
1350
1233
1157
1603
1503
2707
1309
2392
1291
2233
1204
2164
1811
1729
1636
1595
1391
1360
2499
2321
2651
1984
2644
1865
2538
1830
2371
2208
2176
2789
2702
2685
2179
1887
1778
1877
1781
1745
1652
2432
1604
2427
1471
2190
1439
1962
1859
1776
1605
1505
1528
1491
1359
2681
2603
2135
2758
1879
2062
1786
1962
1665
1756
1596
1679
1521
1639
1400
1480
1444
1704
1647
1648
1650
1595
1576
1496
2643
2600
2540
2527
2440
2232
1990
1983
1761
1757
1705
1638
2817
2444
2269
2219
2214
2175
2149
2106
2044
2031
2007
2006
1973
1920
1894
1833
1830
1757
1665
1651
1655
3162
3097
3040
3035
2943
2586
2527
2907
2441
2671
2239
2660
2149
2392
1987
2326
1961
2297
1902
2279
2132
2135
2102
2082
2069
2035
2038
2032
3154
3076
3056
3004
2646
2600
2400
2403
2398
2336
2225
2227
2130
1996
3488
3479
3045
3391
2930
3358
2904
3253
2693
3211
2691
3193
2687
3145
2520
2927
2500
2894
2321
2834
2282
2728
2048
2635
2004
2601
2528
2391
2179
3680
3453
3431
3336
3317
3303
3298
3391
3218
3343
2793
3347
2782
3317
2745
3169
2729
3117
2708
3105
2636
3095
2932
2856
2617
2592
2477
2478
2435
2196
2868
2851
2809
2795
2625
2391
3739
3711
3608
3566
3568
3555
3464
3434
3401
3358
3259
3210
3044
3016
2950
2931
2927
2796
2776
2646
2609
2610
2599
2549
2535
2540
2534
2493
3924
3905
3286
3283
3236
3174
3152
3140
3103
2967
2952
2778
2756
4361
4140
4141
4107
4025
3998
3932
3898
3848
3790
3645
3493
3413
3371
4341
3366
4271
3329
4176
3168
4152
3144
4114
3121
3997
3108
3945
3083
3948
3030
3781
2965
3520
2898
3499
2893
3390
3346
3337
3331
3276
3276
3210
3190
5140
5076
4970
4881
4825
4802
4793
4716
4622
4338
4292
4129
5
5
10
5
12
29
20
31
34
52
19
9
36
25
37
8
45
29
23
81
73
88
21
55
46
5
5
121
32
16
151
88
86
25
9
45
109
83
45
107
11
26
164
204
118
41
113
146
40
125
138
212
203
39
66
124
48
200
242
202
77
26
62
306
206
337
184
160
6
288
162
304
139
306
25
377
330
181
87
61
416
46
369
169
240
169
318
5
183
25
96
30
127
157
291
6
17
176
56
357
56
9
473
37
139
150
378
31
379
51
5
347
260
192
243
66
215
8
362
160
10
5
262
6
22
19
37
357
6
251
5
17
44
444
470
389
286
139
211
64
82
284
76
5
251
15
28
39
25
117
68
563
5
14
62
516
41
48
5
103
13
29
12
70
7
415
197
135
140
530
78
467
136
99
316
341
320
547
465
26
32
458
263
336
467
154
93
424
128
356
259
66
233
14
431
169
16
173
94
250
41
156
479
456
129
5
37
398
176
5
61
100
50
146
179
158
16
92
14
83
843
23
103
498
677
6
23
299
5
276
29
22
13
33
149
15
29
18
5
140
134
42
141
269
148
51
37
32
22
19
133
64
406
31
73
1070
26
773
200
1016
1084
1073
12
536
5
427
42
6
343
19
339
995
175
12
957
942
939
990
5
976
5
47
71
1067
78
992
56
942
885
972
879
25
10
10
13
76
844
1153
22
1142
938
6
719
11
5
860
109
785
7
603
511
397
1063
25
1043
1003
1180
6
1100
24
5
61
6
393
29
5
8
9
12
1011
873
1045
860
63
718
886
725
767
556
359
398
84
389
9
5
91
151
270
5
127
1448
422
1404
38
888
22
87
9
6
5
5
127
825
87
752
613
17
503
70
498
40
5
1230
5
1345
500
872
20
1526
23
6
470
34
20
1368
870
25
5
1333
822
1055
576
541
61
8
33
497
804
494
20
123
857
92
749
474
1614
8
1563
80
242
110
24
302
1315
1003
363
27
672
659
69
535
60
70
61
34
488
1726
415
1583
400
1340
861
1328
734
1361
613
216
734
625
339
528
1357
225
250
337
279
219
275
1666
213
1513
546
1247
527
1178
1154
547
1156
419
402
353
265
261
1059
198
1003
1125
950
1024
837
924
955
726
529
908
839
924
834
386
370
699
346
1969
270
514
275
625
1734
508
878
1913
778
1760
386
1746
745
1658
727
692
656
540
608
439
424
426
370
1685
1321
1708
1239
1567
1219
1564
1192
1548
1073
1414
790
1247
774
1065
926
752
2070
573
2068
1746
996
1628
872
841
761
626
810
615
464
1216
1213
1505
441
1492
1453
764
1620
704
1563
704
1463
1236
1106
1087
1398
1032
1127
938
729
728
1220
694
1224
946
773
884
690
609
550
960
799
1679
758
852
543
745
834
693
741
673
599
1036
642
969
689
958
841
571
596
992
1515
1518
1502
1404
2308
1242
2306
1235
2253
1165
2210
1166
1935
1089
1620
1053
1582
1056
1567
1138
734
735
1077
1052
1148
914
1150
806
1011
807
1011
992
1592
927
1581
926
1521
813
798
797
1948
1960
1825
1845
1465
1830
1362
1794
1349
1623
1328
1624
1109
1620
1072
859
855
1483
1447
1124
1448
1110
1410
1013
1162
1087
1011
880
988
851
835
1597
1562
1556
1524
1452
1359
1162
1097
1061
901
2565
2456
2545
2406
2399
2405
2383
2363
2311
2134
1746
1946
1301
1889
1250
1675
1188
1559
1490
1129
1025
989
2676
2577
2581
2314
2195
2153
1935
1930
1694
1445
1439
1378
1341
1305
1127
2715
2670
2654
2621
2490
2385
2369
2218
2192
2117
1983
1917
1982
1868
1816
1789
1763
1585
1758
1517
1503
1377
1460
1411
1371
1254
1368
2356
1955
1875
1795
1577
1568
1541
1439
1441
1277
1932
1914
1831
1781
1670
1479
1324
2215
2184
2133
2012
1907
1779
2331
1482
2314
1474
2267
1475
1822
1459
1566
1446
2838
2736
2698
2652
2448
2402
1930
1901
1821
1585
1530
1492
3093
2704
3072
2683
2974
2618
2846
2622
2662
2571
2607
2423
2598
2300
2399
2297
2334
2156
2154
1798
2151
1651
2003
1619
1967
1544
1874
1627
3099
3087
3091
3044
2991
2910
2872
2835
2780
2783
2741
2711
2608
2492
2482
2364
1797
2276
2250
1918
1885
1783
1642
3232
3130
3051
2673
2496
2280
2120
2122
1857
1832
3158
2952
2805
2662
2644
2448
2420
2330
2318
2221
2174
2112
1841
3373
3307
3237
3155
3037
3032
2996
2905
2440
2412
2184
2120
2113
3509
3478
3465
3431
3374
3312
3277
3170
2734
2727
2552
2522
2499
3261
3218
3089
2697
2439
2433
3947
3908
3851
3832
3825
3770
3681
3411
3412
3360
3147
3106
3071
3010
2885
2849
2843
2791
2737
2560
2512
2470
2385
4196
4005
3828
3619
3497
3237
3130
4294
3054
4292
3028
4226
3021
4198
2809
4078
4061
4048
4009
3999
3922
3831
3827
3802
3789
3676
3547
3482
3399
3354
3237
3087
3050
2952
4469
4449
4258
4207
3989
3957
3679
3627
3369
3307
3277
3098
3028
2991
4637
4574
4571
4452
4425
4325
4318
4222
3788
3791
3508
3498
3488
5036
4724
4718
4585
4572
4536
4530
4484
4366
3855
3852
3831
3805
3768
3736
7459
7317
7303
7207
7191
6894
6815
6795
6792
6753
6553
6512
6465
6149
6130
6047
5953
5888
5
5
12
9
11
14
35
17
42
24
5
47
67
6
20
31
32
22
68
34
66
78
44
65
111
65
6
8
5
9
6
80
185
5
5
121
6
6
31
78
17
216
79
55
223
174
5
33
164
188
77
9
44
38
95
15
56
90
65
51
25
16
230
114
62
47
329
215
184
158
88
282
260
39
59
6
266
64
19
271
5
227
60
43
247
203
45
5
8
10
439
176
5
24
6
25
36
177
5
42
8
9
55
515
473
271
337
208
396
11
122
306
518
282
513
246
206
5
569
53
355
47
87
346
71
469
57
597
286
427
56
166
55
304
57
41
280
119
297
280
465
32
52
260
51
208
149
42
11
19
69
134
55
56
288
64
286
102
5
311
13
34
551
88
15
417
173
405
243
8
8
144
260
12
18
155
15
128
186
654
6
580
201
573
320
152
293
124
83
128
97
217
38
25
14
18
9
5
745
309
702
198
6
103
909
21
913
267
263
62
222
480
203
287
270
115
55
77
166
124
86
190
5
114
5
470
6
11
335
10
132
272
365
830
6
697
1032
893
367
314
148
1050
145
923
168
40
5
6
75
1071
1047
59
143
5
424
422
29
355
257
643
497
42
961
213
142
93
941
43
15
83
74
34
21
45
13
383
692
289
202
52
35
1206
138
5
6
57
975
1094
1082
906
767
587
431
1242
1239
38
1203
922
629
24
991
901
470
19
376
10
58
92
393
86
1111
62
1090
35
269
1294
173
1261
896
849
35
769
45
1245
1207
540
1184
89
14
66
47
47
28
14
1043
292
218
813
182
23
700
28
589
49
1269
492
576
1137
497
877
855
1302
1061
1206
1102
27
105
1053
994
1047
1429
1364
1145
1355
1475
1093
1364
1309
1457
1460
23
1100
98
1093
18
474
1032
844
169
163
1101
783
1062
116
890
1044
13
1045
443
643
162
185
422
114
164
212
107
81
83
84
425
84
19
1228
1217
29
1140
30
54
742
688
7
1725
6
225
776
49
434
9
407
562
734
402
1718
1662
115
1586
1189
260
1325
113
1043
212
412
1232
396
1171
283
1457
195
1452
425
1350
1245
1335
1286
344
1155
289
888
268
992
530
800
417
327
237
673
235
890
677
1139
351
903
211
1355
1769
856
1746
785
336
274
218
1168
1907
989
1863
929
1787
873
768
919
764
901
610
841
1756
818
1573
760
1496
670
1450
650
1233
624
1233
392
1191
316
1051
297
971
875
1047
802
2020
671
1800
640
1515
951
1463
947
607
894
601
544
539
478
1890
1885
1047
1765
1048
1745
998
1627
986
1592
853
1574
1508
928
1497
646
1322
425
1307
1549
1530
1278
1041
788
980
1221
837
1191
1044
1035
539
1362
500
1043
936
998
884
1001
608
762
497
892
549
818
664
976
2002
969
1966
970
1575
792
1499
1478
1308
1944
1191
1789
1976
1759
1931
1720
687
687
1208
2048
1204
1143
1436
1081
1319
1321
1411
1322
1084
1207
1044
1189
1193
1173
874
1447
765
1223
1161
2109
1621
2094
1497
1436
1423
2306
2036
2295
1903
1602
1013
1016
1247
1335
1614
1302
1402
1280
1222
1087
844
1288
1182
2154
811
768
760
2053
2041
1091
2013
1951
2329
2059
848
1682
1668
2254
2055
1901
1991
1706
1569
1537
1164
1612
1463
1153
1375
1979
1100
1680
1094
2405
1656
2348
2055
1166
2491
2195
2035
2179
1718
1711
1112
1662
940
2297
2351
2251
1665
1583
2037
2008
2199
1866
1733
1790
1459
1415
1398
1349
2291
1137
2282
1951
2193
1936
1718
1774
1621
1530
2095
2037
1607
2026
1595
1583
1539
1743
1588
1570
1346
1403
1234
1534
1102
1428
1324
2003
1806
1745
1189
1722
1879
1640
1775
1457
1704
1364
1157
1645
1598
1571
1400
1349
1202
1745
1697
1641
1529
2816
1447
2323
1332
2253
2139
1906
1777
1881
1524
1767
1494
1744
1355
1646
1288
1537
1275
1459
1258
1395
1268
2603
2567
2510
2515
2442
2183
2039
1919
1804
1802
2047
1743
2033
1714
1969
1594
1862
1574
1820
1520
1738
1520
1612
1468
1545
1380
1543
1356
1390
1347
1629
1560
2206
2173
2023
1801
1789
1775
1700
1686
1622
1588
1541
1457
1427
2999
2975
2959
2838
3154
2795
3046
2716
2975
2429
2881
2279
2779
2235
2760
2195
2204
1822
1975
1777
1949
1686
1862
1673
1561
1878
1686
1628
3314
3244
3199
2844
2818
2647
2283
2267
3215
1991
3030
3034
3029
3009
2985
2857
2736
2591
2142
2051
1739
1725
2608
2595
2474
2560
2314
2379
2237
2346
2231
2225
2144
2207
2132
2118
2126
2110
1946
1868
2956
2938
2570
2273
2230
2066
3119
1949
2975
1921
2683
2537
2433
2297
3602
3236
3159
3127
2973
2719
2674
2650
2617
2600
2574
2412
2388
2223
3467
3462
3412
3132
2984
2922
2880
2418
2096
2080
3959
3735
3732
3681
3634
3396
3332
3322
3306
3185
2995
2945
2788
2619
2604
2597
2436
4294
4068
4031
4032
3934
3904
3432
3160
3149
3136
3072
4300
2917
4207
2700
4209
2672
4200
4081
3746
3738
3716
3657
3553
3538
3536
3533
3521
3484
3465
3358
3297
3194
3118
3087
3079
2747
2736
4321
4268
4164
3971
3942
3830
3578
3278
3168
2911
5057
4946
4618
4590
4586
4514
4403
4298
4285
3690
5457
5396
5357
5328
5069
4818
4738
4655
4509
4485
4308
4290
4292
3837
3824
5
5
6
12
8
11
24
29
23
13
7
5
27
17
20
5
59
51
6
20
41
17
72
79
5
6
63
36
48
47
128
23
26
40
5
5
35
23
124
44
79
187
37
162
5
19
57
102
24
231
34
50
123
95
13
37
108
267
66
50
256
140
230
11
142
39
109
5
166
16
13
25
27
13
126
36
311
174
13
167
5
55
62
39
18
18
107
208
162
354
309
293
382
11
31
388
283
40
331
8
323
226
39
6
220
75
103
188
71
165
152
22
128
41
63
335
71
299
39
62
15
56
30
49
66
20
9
129
301
71
6
91
255
6
102
5
163
569
302
480
5
133
476
234
56
13
361
36
121
8
512
277
19
8
131
189
74
112
214
57
65
224
85
27
14
616
28
591
145
15
39
400
328
510
613
437
34
23
302
226
296
203
26
21
308
518
22
493
15
847
517
534
829
831
50
406
277
467
120
483
94
265
853
712
619
223
679
402
221
596
249
326
23
53
249
493
14
93
38
212
172
5
49
562
164
9
250
5
513
106
15
440
75
386
370
455
17
281
10
23
268
267
34
30
126
119
954
927
47
549
204
491
160
155
650
775
6
101
22
708
628
643
26
577
723
662
52
42
470
1074
474
756
1124
1091
952
1069
928
27
864
1001
583
731
791
744
717
5
243
6
210
1104
280
5
607
120
174
850
117
147
1069
602
1076
1131
908
374
828
501
335
43
314
120
300
787
756
453
568
261
219
38
263
219
473
10
65
8
148
483
909
182
879
177
492
165
7
409
26
797
450
446
399
323
941
25
1207
896
844
461
127
13
786
9
25
1206
766
1170
872
495
476
317
1018
870
14
33
32
590
747
324
715
63
47
56
30
324
43
740
789
249
732
78
664
61
51
436
534
407
507
326
1568
369
1530
310
15
1655
261
207
254
146
249
58
1573
113
341
985
79
5
1309
1142
1003
966
723
826
1101
13
362
322
966
610
791
14
577
381
1460
1383
311
1368
218
217
1733
159
96
98
493
774
829
1361
831
1210
1204
81
1019
801
721
597
382
306
1077
281
193
129
226
1208
226
1128
186
965
171
661
1719
1490
575
1398
485
279
818
487
474
871
727
608
300
216
1329
1322
1309
1128
1078
1121
953
828
606
853
747
832
737
701
621
452
706
380
600
822
392
735
712
586
688
694
578
510
579
372
318
827
377
784
330
760
1004
645
801
475
672
650
647
403
620
367
465
1989
1969
1945
1793
1759
1733
1688
404
1550
385
1333
1435
1589
1323
1400
1042
1353
1237
1158
1778
1698
1633
1616
948
908
817
834
1096
1368
1008
1343
1304
1654
735
1541
730
628
1663
1297
1597
760
1428
885
922
837
896
835
721
607
651
647
859
764
1558
720
1423
1516
1376
1462
964
1427
942
1321
921
620
898
1104
843
659
1084
608
1066
880
932
758
871
752
741
624
858
1607
1573
842
1550
815
1369
1039
711
704
2033
1824
1604
2266
1541
1777
1510
1562
1492
1500
1445
1337
1179
1193
1080
1161
1091
986
994
919
915
1103
1091
1042
1276
1016
1272
1007
1275
993
806
778
789
915
861
993
1100
1284
1040
1283
1037
1286
1016
1202
981
1203
979
1152
970
888
887
2322
2193
2302
2183
2091
2084
1979
1973
1935
1885
1896
1689
1791
1541
1780
1545
1675
1275
1679
1075
1602
1034
939
2013
2421
1893
1630
1748
1623
1711
1552
1589
1546
1396
2293
1103
2249
1059
1272
1066
1026
1036
1034
2524
1575
2456
1438
2399
1303
2233
1192
2047
1132
2028
1939
1578
1666
1468
1609
1322
1491
1277
1481
1182
1333
1183
1257
1118
1135
2731
2659
2500
1290
2388
1270
2339
1201
2318
1186
2192
1087
2171
1087
2138
2104
2106
2103
2090
1788
1679
1671
1673
1655
1610
1524
1445
1262
1231
2635
2357
2162
2137
2120
2756
1831
2723
1790
1746
1701
2881
2724
2534
2350
1665
2746
2747
2484
2353
2486
2327
1996
2284
2256
2836
2200
2795
1696
2780
1632
2580
1424
1986
1579
2155
1541
1999
1870
1950
1854
2566
1818
2494
1514
2403
2252
1972
2135
1907
1711
1828
1695
1776
1624
1712
1524
1651
1556
1606
1475
1518
1463
2712
2699
2209
2127
2034
1729
1617
2499
2390
2198
2147
1811
1609
1873
1778
1775
1715
2856
2746
2725
2663
2185
2116
2048
1991
1919
1854
2787
2771
2727
2637
2431
2369
2346
2221
2222
2209
2009
1992
1991
1912
3475
3457
3373
3239
3106
2818
2682
2464
2376
2665
2667
3835
2595
3785
2385
3670
2346
3649
2346
3640
2320
3469
2234
3457
3429
3406
3248
3363
3248
3360
3188
3291
3178
3217
3068
3129
3030
3113
2997
3023
2965
2891
2858
2722
2821
2653
2640
2544
2625
2547
2344
2502
2839
2633
2411
3545
3332
2981
2829
2618
2542
2385
3957
3932
3925
3883
3876
3791
3747
3669
3601
3556
3547
3501
3473
3413
3383
3276
3233
2851
2749
2707
2643
2579
3669
3544
3425
3394
3372
3248
3220
3211
3183
3003
2999
2878
2780
4335
4172
4049
3973
3859
3771
3678
3581
3515
3449
3332
3142
4849
4792
4716
4618
4444
4282
3938
3834
3660
3610
3545
3548
3454
3409
3346
3334
5020
5000
4726
4529
4518
4377
4297
4066
3983
3953
3917
3904
3882
3697
3527
3446
5
5
5
5
7
8
10
6
17
7
18
6
13
20
46
43
73
23
18
47
19
41
10
19
52
41
18
104
54
5
19
93
135
36
91
95
158
42
191
122
162
211
37
26
15
12
73
9
184
6
79
205
133
5
31
6
18
24
215
156
182
44
111
30
19
45
184
124
184
73
61
148
150
255
16
364
29
122
54
400
68
63
78
316
15
65
37
160
63
23
432
22
45
15
384
12
387
379
358
167
247
251
112
187
181
304
119
247
130
213
228
143
416
217
54
151
41
36
207
160
14
52
5
445
59
422
67
391
5
27
267
14
124
611
6
8
52
508
593
563
374
5
137
6
81
89
439
583
66
371
501
276
412
482
303
273
258
181
47
56
43
12
531
309
6
5
151
12
96
83
317
68
93
44
14
147
28
89
146
280
536
87
379
361
271
131
12
43
12
787
206
373
629
365
334
5
336
10
9
790
159
282
592
526
532
523
170
148
40
37
96
34
601
297
559
103
535
24
379
42
46
340
321
920
330
892
147
62
986
476
1002
82
444
10
239
756
56
759
446
69
47
50
944
181
135
21
931
792
6
235
760
763
501
93
237
523
100
783
26
16
625
491
581
43
433
6
10
54
477
437
375
5
13
443
95
15
403
1159
1003
589
426
295
425
230
839
364
164
650
17
540
302
425
645
510
162
36
215
663
602
329
190
575
706
572
609
241
32
543
559
15
1042
371
285
1041
285
215
93
567
489
665
292
516
110
334
97
86
98
88
6
24
121
13
409
125
614
576
379
1026
269
937
445
278
14
222
556
222
1409
1160
5
1161
14
64
1472
1000
974
383
898
948
1489
332
1341
23
195
808
669
770
349
294
656
256
81
230
58
634
19
38
880
652
574
501
205
334
333
42
1483
127
1487
92
1476
6
96
611
41
494
374
179
1063
894
1611
833
6
286
173
163
1652
87
109
794
96
873
1539
1570
545
1473
540
1198
1249
1133
1537
44
840
1143
1490
1228
1397
71
69
405
728
1147
209
1079
172
83
1335
637
326
1725
1009
1649
164
856
297
755
1729
668
1518
1312
1793
640
1158
664
676
624
531
1773
463
1716
323
649
308
1622
676
623
609
1549
447
361
712
691
637
1552
1068
386
378
673
345
874
283
1958
1890
609
1754
528
1382
345
1760
860
1334
810
726
731
677
711
681
1784
508
1680
1477
1497
1267
1166
1344
1084
676
488
680
1392
1055
1032
1810
1090
800
1048
967
420
1767
811
1683
1668
1228
811
720
602
1470
1388
1377
1360
544
506
1120
985
942
888
596
1078
780
1938
539
1791
1396
1094
578
1403
1237
1100
1228
985
986
1183
986
1148
931
1046
720
590
807
926
877
1921
1846
1824
1110
915
1704
815
1638
1634
1037
1587
1507
1186
674
1159
681
1129
1060
1131
958
991
898
980
883
848
865
848
800
784
693
2100
1570
1988
1337
1882
1215
1886
1145
1804
1030
1721
989
903
863
2270
821
2254
1503
2249
2030
1874
2366
2359
816
2283
2191
1367
1348
1249
1093
1081
1013
2493
2192
2404
2364
1900
2262
2229
2069
1971
1883
1829
1682
1841
1604
1301
1777
1375
1406
1319
1275
1374
1332
1184
1241
1014
1249
1281
1240
1178
1250
952
1133
1287
983
1198
1575
1157
1552
1097
1497
986
1433
973
1398
1306
1251
1219
1117
1192
1094
1003
1754
1694
1430
1454
1405
1372
1384
1327
1235
1227
1200
1748
1171
1637
1154
1422
1386
1068
1470
2410
1401
2331
1320
2310
1297
2267
1298
2154
1217
2132
1096
1575
1553
1517
1460
1277
1242
1245
1209
1196
2793
2705
2598
2474
2203
1881
1884
1861
1783
1715
1483
1363
1342
1317
1321
1734
1730
1590
1324
1313
2715
2691
2576
2392
2367
2339
2317
2320
2173
1828
1771
1709
1366
1356
1360
3012
2920
2858
2836
2795
2594
2447
2999
2360
2898
2314
2524
2197
2527
2196
2497
2044
2445
2020
2392
1989
2276
1831
2244
1832
1745
1816
1709
1648
1663
1526
1609
1522
1591
1573
2821
2784
2781
2543
2211
2171
2069
1962
1878
1821
2215
2136
1915
1918
1829
1743
1719
1672
3181
3059
2926
2862
2862
2835
2475
2397
2400
2015
1737
1713
3327
3268
3195
3066
2948
2899
3414
2881
3407
2787
3385
2714
3199
2298
3197
2198
3052
1977
3018
1863
2942
2928
2821
2778
2638
2624
2622
2432
2396
2274
2166
2141
1892
2984
2712
2629
2519
2465
2233
2237
2156
3441
3391
3276
3254
3023
2756
2663
2620
2620
2594
2592
2390
2364
2359
2286
2135
2150
2138
3106
3103
3084
3086
3068
3047
3002
2972
2955
2878
2507
2480
2395
2392
2342
2199
2079
3646
3429
3419
3356
3442
3420
3227
2977
2968
2905
2752
2697
2627
2767
2464
2515
2384
2363
2323
2331
3336
3252
3218
3104
3098
2837
2835
2776
2668
2357
2299
3728
3702
3637
3497
3410
3301
3274
3178
2999
2966
2898
2835
2786
2784
2740
2675
2567
2376
4201
4158
4124
4102
3982
3936
3881
3863
3800
3455
3434
3422
3355
3306
3290
3190
3174
3101
3063
2965
2836
2641
2620
4818
4810
4697
4627
4584
4452
4429
4424
4389
4097
4070
4038
3864
3806
3698
3534
3453
3389
5409
5402
5274
5259
5176
5151
5002
4926
4902
4830
4780
4695
4649
4592
4444
4393
4345
4252
4233
4189
4192
4065
5
5
5
5
5
5
11
39
8
5
21
6
14
5
5
50
11
15
23
5
6
43
12
58
10
113
24
54
46
14
26
122
33
31
5
8
156
94
64
167
12
31
30
177
24
39
87
82
14
60
17
25
24
159
203
26
191
111
187
24
27
158
20
10
6
5
169
263
75
42
13
23
281
102
28
104
5
24
77
18
382
24
236
38
397
42
382
34
342
10
161
32
116
237
61
348
296
32
26
27
205
53
357
43
67
12
60
5
43
27
6
85
331
254
5
373
428
309
5
231
5
104
178
319
84
59
298
225
120
295
67
222
261
145
83
110
113
82
9
37
212
12
139
122
299
9
124
8
35
162
589
28
368
92
6
300
160
151
39
5
7
456
215
237
114
519
516
13
44
141
115
5
20
8
320
11
85
192
21
191
7
307
47
152
5
15
270
701
452
5
14
666
14
10
573
6
449
23
522
79
485
5
14
378
405
208
89
722
5
9
373
520
372
423
272
39
5
385
49
30
23
801
235
786
88
109
62
21
8
744
563
5
278
912
752
30
170
7
144
8
806
798
809
147
56
51
103
56
798
785
996
18
52
877
23
778
747
162
9
23
79
14
5
36
547
39
95
6
48
448
46
1088
999
675
23
1002
786
45
68
62
714
47
79
15
974
665
781
22
377
623
422
30
28
814
776
719
5
5
672
398
270
10
227
37
65
480
672
652
259
5
219
760
645
6
462
1057
543
287
1049
197
1018
1012
436
5
490
465
167
380
6
29
684
45
545
273
266
5
16
242
203
100
71
551
75
452
13
262
223
213
443
159
5
372
18
253
233
1073
291
805
1496
44
89
208
29
750
642
721
1166
1143
200
32
42
497
31
28
1131
113
400
829
193
9
9
23
20
1369
1080
155
1048
6
16
11
10
31
1030
33
1006
46
646
660
17
663
28
16
654
483
457
5
6
1699
1514
1600
202
1576
123
1566
1237
152
1545
245
252
255
1045
1007
249
939
793
480
173
448
242
426
169
334
160
175
1374
1334
675
1158
652
623
995
605
737
572
582
561
563
194
429
335
783
314
782
317
765
541
1430
491
1433
335
1268
1253
1256
1214
1192
1189
524
528
370
937
280
897
859
695
690
587
318
1650
1581
1576
1554
1302
1223
1039
960
954
804
881
797
814
584
787
372
759
2037
713
1866
375
1797
1704
1976
1696
1610
1609
1605
1542
1593
1523
1543
1397
1250
1220
1230
1152
1223
962
1192
800
548
547
450
445
436
1037
893
1264
884
1177
747
1157
611
1153
593
1088
567
1005
508
865
860
774
2228
2089
2092
1944
1898
1853
1514
1840
1511
1601
1436
1542
1440
1437
1441
1293
1315
1034
1299
1007
1087
838
1012
761
968
930
2273
2122
1986
1455
1907
1445
1608
1434
1489
1378
1208
1360
1058
1294
963
1138
964
1127
963
1021
904
713
834
1892
727
1896
1690
1683
1610
2216
1509
2192
1459
2022
2014
2424
2350
2349
2058
1979
1723
1497
1603
1449
1443
1384
1337
1206
1998
967
1893
1867
1666
1653
1459
1597
1206
1189
1041
2292
1441
2208
1416
1802
944
962
1591
887
1592
1845
1579
1733
1565
1686
1593
1436
1279
1512
1259
1351
1201
1247
1185
1072
1042
938
935
2619
938
2511
2454
2332
1591
2272
1558
2223
1466
1939
1459
1792
1402
1302
1244
1189
1151
1602
1561
1278
1189
1146
1579
1086
1559
1552
2738
1549
2721
1471
2724
1278
2696
1209
2681
1213
2447
1187
2156
1146
2081
2007
1966
2708
1961
2692
1842
2408
1717
2266
1499
2107
1451
2072
1237
1975
1131
1944
1877
1869
1858
1846
1764
1750
1660
1987
1643
1951
1637
1908
1554
1876
1534
1820
1806
1425
1378
1343
2398
1338
2332
1339
2138
1338
2093
2072
2049
1892
1829
1718
2955
1666
2325
1641
2135
1491
2110
1321
1567
1554
2407
1381
2373
1333
2264
1310
2211
1599
1356
1345
1334
2835
2799
2595
2547
2551
2492
2896
2316
2826
2274
2476
2223
2456
2213
2439
2152
2361
2130
2192
2061
2158
1939
2139
1728
2081
1586
1921
1895
1898
1463
2977
2728
2604
2513
2507
2308
1603
3107
2984
2962
2871
2843
2844
2814
2809
2650
2551
2477
2927
1947
2913
1798
2525
1788
2163
2160
2053
1985
1970
1936
3297
3296
2157
3172
2113
3155
2039
2977
2003
2897
1988
2468
1958
2440
1820
2420
1824
2370
2310
2302
2230
2179
2181
2148
2104
2014
3289
3253
3202
3167
3060
2776
2740
2634
2524
2524
2491
2355
2342
2223
2074
2013
1946
1914
3152
3128
3070
3017
2937
2927
2861
2855
2855
3436
2849
3277
2796
2803
2670
2773
2654
2710
2654
2700
2491
2591
2345
2589
2251
2489
2137
2356
2265
2267
2162
2149
3923
3776
3701
3641
3645
3591
3586
3449
3398
3103
2993
2946
2928
2758
2755
2744
2500
2479
3624
3470
3443
3349
3278
2933
2686
2520
2508
2434
2425
4198
4170
4129
4058
4051
4022
3935
3860
3689
3460
3368
3303
3273
3235
3209
3001
2994
2847
4443
4379
4345
4310
4266
4181
4107
4068
3871
3840
3820
3820
3728
3601
3555
3485
3314
3269
5069
5066
5050
5021
4966
4932
4862
4794
4648
4650
4473
4961
4380
4788
4340
4749
4341
4420
4233
4205
4171
4130
4080
4123
3833
4035
3732
3978
3666
3930
3809
3736
3645
3641
5
5
11
10
6
16
15
5
30
13
6
43
25
6
42
10
44
13
6
63
70
26
5
13
18
12
128
51
40
5
37
69
102
6
27
31
81
7
138
37
189
23
19
117
17
18
164
20
41
58
29
199
126
14
236
28
103
12
25
127
208
260
122
93
99
24
265
253
181
91
6
127
12
132
105
32
12
61
380
146
246
70
337
172
105
23
87
61
198
11
89
168
35
136
15
18
11
343
301
12
78
6
121
5
412
40
378
17
37
100
237
448
183
137
407
14
159
83
124
113
325
49
71
59
182
81
26
209
91
24
222
23
160
85
41
160
558
39
476
579
32
514
27
12
642
33
293
108
158
47
542
257
108
442
6
42
299
66
58
547
519
52
304
334
484
80
6
379
729
44
718
38
501
698
397
44
294
576
175
501
204
722
86
21
556
396
11
189
16
651
147
599
43
390
123
81
66
13
377
167
197
39
119
120
336
260
5
749
11
656
899
602
563
767
139
99
67
490
751
492
28
684
116
341
606
24
365
44
354
340
286
27
295
264
33
759
5
538
940
17
879
134
26
141
72
7
56
103
5
678
98
634
12
710
302
555
708
734
693
704
691
26
694
9
97
35
25
667
310
721
18
539
701
7
139
236
10
235
216
451
631
397
177
145
493
81
14
480
157
247
204
104
218
59
64
210
200
72
189
27
98
311
180
259
144
194
192
313
612
182
5
167
142
21
5
120
74
578
1025
443
1007
915
912
868
14
724
18
1287
27
1095
155
38
992
181
691
61
534
34
540
522
16
102
69
606
28
12
24
435
422
670
363
625
68
501
46
5
756
53
300
159
113
25
277
644
1272
38
1065
1379
340
1067
1142
1073
1102
982
1102
1004
235
976
226
962
147
153
949
727
285
186
142
832
744
558
536
554
382
128
84
15
256
367
241
145
12
81
461
10
32
80
453
5
45
358
997
978
400
17
791
207
478
1046
838
229
122
214
130
757
1746
103
44
25
481
1500
376
1502
250
1484
1413
248
155
1382
149
247
1237
930
51
829
1653
758
1645
741
1628
738
1443
615
365
878
335
486
275
364
1823
316
1809
290
176
263
134
551
517
1595
1558
1498
1467
1476
1465
1482
213
1477
1391
395
179
1464
209
1884
1400
1834
1377
1632
1289
243
520
304
770
677
1336
393
1092
1058
1951
1037
1271
1959
1231
1957
1960
314
287
1152
1899
1052
1716
992
1167
963
1005
719
934
1092
863
870
489
638
463
2035
501
2022
1983
864
753
1762
755
1568
405
1729
334
1371
534
1267
1046
601
932
596
690
668
669
670
646
2160
2075
964
446
2084
545
2026
526
797
1701
742
1919
1709
1843
1656
736
782
754
655
744
2001
1704
1687
667
1653
591
2017
1406
1347
1217
829
988
799
751
750
537
557
1666
2076
1663
655
1613
646
1473
668
663
631
596
615
1428
1779
1736
1024
979
629
912
2021
1194
1748
1115
863
1996
2000
1982
1203
855
802
1036
1851
1625
1984
1507
1975
929
1814
2114
1760
1847
1819
2448
2403
1788
1704
1790
1757
1537
1848
1504
1496
2363
1795
2351
1725
985
1586
1450
2331
2106
2248
2235
2013
2125
1984
1911
1576
2060
1889
2062
1811
1245
1665
2043
2020
1207
1956
1046
1925
1034
1699
974
1846
952
924
1004
1669
912
1504
1642
1554
1603
1553
1483
1336
1660
1127
1634
1126
1409
1344
996
1295
1503
1286
1432
1244
1285
1059
1289
1554
1032
1510
1010
1468
1432
1330
1335
1336
1331
1574
1322
1477
1265
1448
999
1435
1239
1164
1168
1271
2001
1977
1877
1817
1769
1532
1291
1167
1667
1633
1452
1391
1216
2446
2854
2350
2795
2181
2756
2029
2655
1947
2627
1947
2627
1923
2629
1867
2582
1871
2509
1826
2369
2362
2180
2149
2148
1490
1995
1197
1858
1373
1361
1918
1890
2789
1860
2532
1850
2309
1744
2243
1611
2212
1413
1673
1411
1608
1282
1561
2104
1482
2099
1980
1933
1929
1567
2517
1322
2245
2109
2052
1743
1672
1552
1658
1645
1615
1469
1410
1472
1433
3058
2787
2908
2740
2827
2700
2782
2396
2642
2397
2588
2388
2510
2102
2231
1948
1978
1527
1972
3186
1875
2861
1834
2686
1747
2202
1661
1885
1650
1870
1570
1796
1534
1783
1762
1706
1587
1538
2212
1773
2133
1763
2113
2093
1765
1610
2114
2037
2037
1982
1933
1781
2424
2300
2250
2233
2209
2194
2154
2102
2017
1952
1877
1834
3462
3422
3383
3277
3277
3248
3177
3033
3172
2918
3126
2776
3087
2473
2964
2471
2865
2466
2860
2467
2849
2406
2810
2107
2007
2097
1974
2083
1943
2070
1902
2065
1921
1902
1815
3372
3124
3071
3024
2971
2917
2829
2819
2369
2254
2115
3564
3537
3526
3462
3499
3377
3480
3356
3415
3348
3110
3315
3086
3187
3051
3173
2905
3019
2897
2970
2764
2914
2589
2676
2304
2545
2297
2424
2096
2406
2068
2367
2340
2297
2215
2077
4132
4067
3976
3907
3878
3795
3746
3593
3512
3172
3079
2958
2938
2915
2908
2878
3960
3797
3757
3641
3078
2882
2781
4213
4167
3534
3419
3404
3304
3075
2908
2871
4787
4486
4454
4408
4332
4147
4103
3830
3800
3609
3580
3452
3416
5336
5274
5221
5181
5074
5007
5007
4764
4548
4511
4227
4200
4002
5
5
6
6
8
5
5
10
5
28
17
38
8
5
20
6
5
6
35
32
9
14
23
24
6
13
32
5
6
53
6
32
12
26
68
15
20
33
38
9
5
75
54
12
46
21
40
60
44
150
62
110
84
195
59
100
52
161
6
140
21
162
65
234
167
21
38
75
289
11
26
21
290
161
274
30
239
244
28
306
115
174
271
149
55
5
92
62
19
22
68
275
14
5
14
10
262
37
42
81
18
9
198
17
6
295
70
163
29
107
6
458
414
309
293
484
254
6
230
23
60
215
6
162
35
35
304
5
255
494
37
277
396
189
64
34
267
67
174
556
126
31
252
149
19
85
388
66
578
54
133
545
91
137
128
86
534
5
49
34
540
343
224
123
120
121
116
49
8
152
15
67
465
15
6
31
43
133
30
100
25
390
24
734
101
583
348
77
341
96
174
63
171
54
281
65
113
277
112
46
96
12
75
96
212
458
314
212
159
243
238
17
5
560
23
22
201
165
27
112
442
107
123
591
65
125
10
469
128
152
9
88
6
592
133
25
414
105
319
759
139
32
36
19
36
59
289
592
322
33
298
5
6
6
860
18
727
8
689
597
535
42
840
528
905
648
222
997
624
572
506
118
487
898
297
817
209
790
145
351
727
372
69
75
8
298
156
72
886
712
88
1042
1015
214
49
1178
974
25
815
6
92
1013
183
29
956
810
917
805
793
580
118
434
106
441
294
120
35
234
33
749
188
740
687
93
49
143
21
1316
1253
149
24
171
26
922
891
672
1299
1036
1263
58
1027
203
998
849
694
591
861
546
529
1200
245
1081
773
712
1005
993
180
25
36
584
145
40
1012
125
221
573
443
130
418
5
378
69
812
698
79
548
166
101
153
96
97
1032
822
64
823
700
717
675
107
1148
1066
1103
603
39
555
1121
762
538
560
657
292
516
254
481
218
371
150
295
268
189
186
178
169
149
173
109
1150
1447
786
1356
1115
656
644
208
1474
1183
1058
180
1157
1133
904
670
1354
516
480
928
477
886
399
1156
342
959
1134
1075
837
654
936
626
732
332
748
475
287
235
1404
699
1101
1239
1044
1138
684
950
546
398
1139
931
982
791
767
868
675
376
865
430
659
862
535
710
680
645
462
565
459
478
470
383
340
378
1117
352
1051
447
718
410
566
1934
567
1934
523
1911
1885
754
463
406
466
1588
449
1531
428
1436
1318
1311
1268
540
1218
1189
627
623
585
538
556
491
558
539
543
1301
1103
1072
1075
1432
1043
1188
907
1050
911
1041
913
1041
570
1034
543
941
536
903
869
812
731
983
939
587
811
798
765
2131
665
1949
599
1900
1825
1314
1152
1103
1111
1096
1005
1054
836
1057
2199
1004
2154
966
2031
969
1979
884
1889
802
1848
1847
1103
1790
1031
1783
1035
1730
944
1704
741
1604
690
1601
1387
1274
1190
1469
1088
1407
1092
1348
954
1305
1227
1092
1206
1182
1164
2176
2143
2137
2025
1696
967
912
1042
1663
1949
1517
1928
931
1902
880
1846
1985
971
1960
960
1460
1774
1238
1161
1571
1918
1517
1934
1235
1625
1602
1188
1338
1898
1261
1796
970
1639
1589
1565
1261
1201
1189
1111
1134
1085
1127
1017
1078
1134
980
1068
1251
1210
1097
1723
1655
1486
1453
1287
1223
1096
1078
2378
2371
2136
1957
1678
1669
2247
1569
2094
1455
1893
1418
1894
1299
1764
1166
1676
1472
1291
1213
1168
2706
2423
2413
2405
2146
2290
1855
2274
1788
2121
1628
2059
1467
1970
1323
1837
1298
1709
1600
1513
1289
1280
1989
2757
2678
2618
2347
2228
1956
2233
1924
2222
1360
2180
2012
1479
1480
1448
1454
2189
2057
1944
1879
1842
1715
1689
1666
1668
1504
2961
2941
2838
2828
2717
2691
2671
2630
2503
2436
2413
2417
2262
2146
2137
2059
2059
1921
1723
1499
3080
2876
2851
2825
2691
2406
2293
3058
2250
3031
2178
2788
2170
2650
2135
2522
2096
2331
2095
2253
2043
2242
1906
2101
1859
2045
1817
1896
1816
1838
1765
1657
1763
1696
3178
3113
3091
3048
2874
2721
2665
2565
2533
2351
2176
2050
2417
2011
2241
1793
2142
2128
2008
1836
1834
1811
1760
1735
3295
3247
3140
3027
1932
3011
2988
2989
2940
2767
2570
2541
2462
2446
2403
2336
2335
2237
3377
3283
3037
2981
2879
2934
2802
2887
2494
2846
2446
2815
2288
2800
2220
2792
2178
2786
2182
2740
2102
2087
1978
1991
1960
1934
1946
3645
3554
3468
3400
3379
3330
3281
3139
3124
3070
2916
2785
2783
2746
2553
2500
2193
3013
2946
2862
2680
2679
2682
2642
2644
2621
2562
2533
2381
2381
2350
2334
3627
3610
3531
3502
3339
3273
3154
3190
3013
3154
2894
3137
2898
3099
2885
3100
2712
3033
2712
2431
2559
2493
4074
3994
3945
3863
3731
3690
3561
3479
3463
3438
3369
3342
3304
3265
3175
3144
3029
2819
2607
3522
3467
3339
3199
3161
2837
2819
2798
4100
3916
3810
3675
3552
3302
3163
3073
3077
3984
3975
3966
3839
3723
3501
3449
3424
3395
3265
5027
5018
4884
4787
4585
4559
4508
4499
4409
4280
4247
4231
4125
4119
4031
4026
3903
3857
3713
3645
3638
3642
5229
5205
5175
5072
5014
4880
4825
4815
4689
4599
4603
4179
4104
3876
3858
5
5
5
9
5
16
18
6
12
33
28
5
36
5
29
39
11
42
5
28
27
18
16
6
18
14
20
12
5
106
28
12
94
32
12
72
6
30
9
5
85
43
166
53
37
46
134
126
15
30
87
23
95
26
100
38
26
94
6
171
134
101
165
191
22
266
250
16
133
123
133
118
64
35
176
23
46
7
153
35
83
221
165
17
329
313
11
264
54
132
12
194
52
57
230
261
376
149
429
7
351
44
71
354
24
195
22
332
282
230
36
163
83
95
193
179
5
34
114
466
152
21
21
137
362
18
271
517
400
8
479
466
35
148
48
481
152
32
36
421
40
448
6
13
77
230
33
65
19
17
94
80
50
585
411
357
150
132
12
317
59
53
124
100
112
79
226
11
36
9
93
5
57
89
7
621
5
541
11
78
52
13
9
34
699
808
352
239
10
339
146
10
41
292
37
38
5
266
13
27
14
802
509
732
345
734
729
60
460
470
458
229
13
11
33
183
108
15
136
671
100
18
253
60
643
554
772
860
620
556
527
582
63
32
687
31
345
18
388
27
78
27
187
6
8
1023
970
196
180
78
169
43
966
919
852
174
735
220
197
446
73
5
69
398
309
159
266
54
517
5
465
230
195
30
62
22
719
14
302
123
29
6
52
28
38
6
271
756
187
695
5
664
166
647
548
190
6
181
77
5
264
97
554
12
6
1032
22
885
18
760
740
247
219
68
588
698
314
795
560
271
493
505
418
29
5
603
464
467
605
67
266
239
331
228
822
26
260
77
22
75
116
811
759
297
300
354
6
77
105
1017
980
898
361
381
1306
316
247
833
368
377
22
288
45
180
169
273
6
52
11
1216
5
222
5
136
1148
986
190
16
71
1151
989
1045
953
9
871
917
808
33
530
5
387
332
342
184
226
103
5
5
9
216
1010
861
782
180
760
39
31
14
291
212
624
160
343
18
164
943
1559
908
1506
1518
100
1135
828
593
593
530
572
436
1479
5
226
19
58
23
62
1752
1687
881
26
849
760
759
732
1349
240
1342
1299
33
1245
6
992
645
263
817
384
245
40
50
47
241
1233
1193
1631
337
1076
310
1026
1634
966
1463
719
677
572
557
1475
1797
505
459
1379
445
422
412
281
251
301
321
233
1816
185
1680
148
1289
493
1158
361
1040
938
1382
208
869
1350
871
1343
681
1059
545
991
381
894
305
625
273
621
467
512
277
295
244
2061
1916
1907
1896
2023
1753
1925
1754
1789
1705
1683
1696
1427
1585
2038
1556
1989
1570
1542
1450
362
1270
1436
1046
1393
1265
1085
1077
766
1535
740
874
340
850
1078
927
1912
1637
949
843
926
732
837
1434
748
1349
740
1234
678
944
791
1100
739
856
597
667
547
1855
2165
678
576
681
470
851
2159
752
668
726
529
2008
461
1881
2273
1719
2255
2185
2110
2069
1964
1958
626
1945
518
1840
731
1795
1830
1796
1832
1649
1720
1640
2340
1531
2338
1069
789
1799
1552
2330
1508
1483
1773
1636
1652
1591
1626
1489
1573
1511
2192
2071
1416
1451
1522
1366
1239
1289
1143
1073
1866
967
1778
787
1346
756
1326
1083
1198
772
732
709
1079
1099
912
1048
844
794
1033
1691
1688
1631
1513
1516
1414
1246
1170
1077
1625
1032
1497
943
1425
862
1378
843
1312
780
1247
775
1190
1116
850
1091
810
932
1496
1209
1170
1165
820
1329
1186
1135
1602
1453
1420
1354
1307
1017
1455
1437
1395
1245
1059
1062
1041
1801
1730
1734
1555
1541
1348
1079
2241
2161
1736
2865
1600
2636
1479
2590
1301
2372
1266
2186
1236
2168
1960
1686
1521
1400
1303
2341
2298
2214
2073
2008
2001
1966
1734
2554
1723
2485
1661
2355
1607
2285
1428
2249
1274
1972
1224
1655
1487
1449
2712
1402
2704
2549
2477
3046
2399
2668
2298
2581
2184
2372
2100
1927
1984
1854
1682
1720
1643
1604
1576
1557
1397
2346
2139
2098
2097
2553
2083
2521
2064
2521
1785
2379
1729
2324
1720
2096
1684
2098
1677
1971
1463
1910
1789
1491
3123
3080
3176
3067
3164
2405
3147
2234
3076
2158
2956
2058
2952
2042
2889
1945
2842
1850
2798
1797
2510
1492
2287
2122
2109
2054
1720
1968
1550
1970
1879
1610
3257
3120
3024
3013
2943
2908
2785
2499
2359
2233
2044
1899
3193
1866
3184
1777
3155
1740
3077
2969
2850
2614
2559
2342
2333
2264
2074
1995
1912
1879
1864
1839
1757
2972
1702
2915
1678
2760
1661
2731
1659
2724
2667
2453
1899
1777
3425
3371
3122
3059
3018
2802
2801
2547
2520
2417
2095
2303
2077
2304
2045
2275
2207
1831
1788
1778
2810
2753
2614
2120
2057
1913
3526
3335
3299
2980
3250
2915
3210
2792
2925
2696
2784
2558
2755
2554
2509
2465
2455
2402
2429
2368
2336
2200
2093
2020
2018
3456
3412
3387
3350
3225
3073
3053
3034
2867
2559
2529
2122
4603
4572
4526
4477
4446
4209
4161
4110
3687
3597
3600
3555
3555
3517
3514
3494
3378
3319
3199
3102
3097
4710
4470
4430
4356
4271
4205
4173
4151
3912
3889
3812
3736
3641
3581
3538
3422
3381
3315
3313
3274
3227
3195
3186
3167
5490
5486
5385
5335
5257
4935
4829
4663
4643
4483
4198
4006
3942
3867
5
5
5
5
6
9
5
5
5
15
6
26
5
16
5
11
5
22
22
45
5
7
39
21
39
77
16
42
33
21
16
18
14
17
25
62
46
11
37
5
74
37
72
71
11
53
24
6
36
129
43
96
37
79
37
6
7
95
8
53
79
13
99
75
54
16
47
12
22
18
6
26
58
46
233
13
125
15
234
136
332
5
92
20
157
13
294
27
279
237
25
158
32
180
5
34
5
43
231
22
339
300
380
184
25
107
104
98
13
74
99
12
18
9
167
201
25
117
26
24
23
66
60
189
5
266
6
265
74
211
490
354
465
233
460
468
272
259
248
137
109
23
241
63
478
217
75
19
53
223
263
147
16
66
58
565
415
35
67
38
328
49
179
118
106
137
131
102
10
126
67
28
487
48
6
217
129
138
66
20
83
521
246
350
754
735
236
147
345
438
290
827
175
156
601
430
306
252
24
739
205
45
20
205
294
147
104
881
863
366
129
84
857
5
659
811
29
713
909
416
196
28
9
702
206
659
173
581
56
730
268
748
603
510
926
616
553
82
79
425
565
74
469
374
785
245
68
379
5
58
90
52
42
141
28
76
265
987
877
1001
748
563
511
888
14
772
6
257
246
41
148
112
976
669
950
590
591
5
47
42
59
715
688
499
54
124
441
836
20
70
681
74
44
165
262
6
153
460
8
706
667
577
216
11
588
137
149
117
9
536
114
28
364
44
6
619
9
613
277
556
97
96
82
87
274
1297
7
1282
23
39
1088
1271
1117
971
34
848
1144
850
740
25
9
733
441
581
1113
13
29
411
272
609
602
829
775
485
1118
1116
5
138
507
5
6
434
5
5
69
494
306
377
13
353
505
229
491
976
5
1481
1432
30
21
107
232
908
102
17
343
1270
342
1102
892
40
1093
115
1078
5
1209
89
1213
34
1206
69
895
305
15
121
49
1049
916
5
941
770
43
15
824
1490
712
1388
687
464
541
402
454
493
439
410
336
393
83
976
975
156
940
544
1791
368
380
189
1099
116
943
254
201
1809
1684
1799
177
1792
882
1786
885
1643
726
859
730
724
1707
330
711
512
267
718
718
1688
522
1767
445
1740
1527
363
1474
1622
1435
1146
1105
1458
1382
1536
1374
1280
1028
1180
970
947
1474
669
1767
639
1587
889
1536
610
587
1990
1978
1407
1938
1253
1889
1170
1150
528
489
412
492
1412
461
1066
852
983
1362
980
731
373
1380
1374
1324
1212
660
1172
646
1084
451
1357
1787
1762
1501
1718
1081
1495
1045
1161
1250
607
567
1121
1176
1121
527
1078
1009
986
1075
1711
933
852
763
691
667
603
547
492
673
504
572
1635
1122
1006
1087
989
1006
924
1001
921
973
863
892
867
725
795
620
661
574
570
1335
1250
589
1212
1102
1100
1061
1078
939
994
898
996
888
940
879
871
925
673
854
650
857
635
1176
1004
930
703
2231
2275
2263
2219
1958
1424
1354
1095
772
756
1300
1259
2173
1080
2121
1075
1005
1619
1617
1590
1579
1496
1472
1171
763
1423
1647
1323
1297
1290
787
995
2274
863
1877
919
1619
837
1447
1306
1069
1044
1010
992
2166
2121
1969
1628
1507
1409
1718
1407
1658
1373
1594
1145
1435
1098
1326
907
1323
2466
1196
2420
978
2162
975
2116
1921
1775
1735
1739
1609
1448
1497
1447
1322
1381
1224
1327
985
1325
1138
1652
1130
1464
1132
1467
1009
1394
1287
1277
1707
1065
1674
1047
1645
1587
1526
1390
1391
1311
1314
1215
2239
2581
2145
2541
1916
1905
1840
1739
1603
1106
1109
2570
2205
2444
2100
2327
2086
2302
1973
2029
1918
2010
1904
1935
1840
1590
1481
1543
1258
1480
1145
1407
1391
1360
1296
1267
1188
2302
2306
2766
2265
2664
2214
2567
2110
2381
2113
2308
2110
2037
2070
2012
1908
1550
1691
1361
1616
1331
1537
1254
1441
1393
1373
1334
1291
3006
2911
2892
2302
2851
2263
2729
2244
2598
2226
2195
2191
2097
2151
1964
1884
1804
1769
1603
1552
1498
1395
2188
2167
2099
2092
2095
2006
1780
1623
1605
1555
2894
2515
2499
2501
2486
2384
2355
2196
2130
1921
1882
1886
1727
1640
1641
1590
1560
1504
1503
3268
3272
3202
3263
2750
3220
2689
2939
2657
2901
2645
2895
2607
2716
2558
2498
2480
2489
2457
2437
2336
2127
2146
1955
1933
1834
1729
1812
1690
1765
1652
1722
1724
1694
3222
3225
3125
3038
3039
2896
2693
2596
2599
2539
2502
2458
2374
2256
1830
1796
3359
3340
3273
3272
3024
2937
2869
2775
2614
2588
2416
2274
2154
2141
2088
2003
3364
3223
3227
3177
2971
2796
2740
2609
2694
2455
2018
2362
1945
1944
3181
3119
3100
3017
3003
3005
2964
2623
2546
2532
2520
2337
2327
3527
3455
3415
3236
3027
3009
3504
2830
3431
2631
3406
2527
3400
2367
3366
3322
3103
3041
3044
2998
2622
2565
2381
2334
2314
2268
3702
3514
3396
3336
3223
3219
3154
3801
2838
3802
2502
3748
2506
3604
2467
3572
2413
3474
3478
3166
3073
2985
2891
2824
2806
2787
2778
2756
2715
2652
2618
2570
2564
4188
4053
3580
3580
3513
3210
3163
3151
3116
3028
2924
2639
2614
2827
2821
2664
4611
4482
4391
4356
4312
4316
4270
4251
4113
3768
3640
3461
3430
3395
5
5
6
10
15
15
29
22
51
11
35
36
68
63
6
53
13
5
8
33
17
22
9
21
76
5
37
51
37
30
46
69
11
7
5
65
80
199
143
87
16
24
15
46
35
11
46
238
249
20
53
68
32
74
8
73
16
8
6
301
57
200
54
31
151
14
299
272
5
93
182
25
9
40
12
272
338
78
62
279
362
228
154
5
35
224
5
25
317
5
5
9
9
126
27
10
6
115
19
31
6
6
7
166
5
114
21
58
359
47
306
39
13
496
18
500
25
240
68
34
5
20
46
202
195
37
198
557
11
10
21
17
6
500
604
458
5
542
425
496
23
391
293
5
374
552
51
164
157
419
281
601
229
30
105
68
44
512
330
24
590
33
640
68
88
39
44
346
93
117
67
82
29
13
633
586
141
126
5
17
65
540
26
83
79
38
352
87
140
13
801
530
149
17
650
204
640
457
574
64
41
8
113
10
74
478
724
705
15
339
514
278
746
666
102
79
645
6
760
30
17
28
68
22
638
617
30
28
11
6
52
966
75
14
628
779
5
597
539
779
306
35
726
958
266
18
845
34
679
12
850
449
827
127
290
110
710
49
190
502
69
1067
1031
289
986
457
911
108
843
211
194
39
809
69
82
804
49
43
74
1047
14
1200
1049
1250
9
1032
53
999
1261
982
5
1126
562
72
38
1094
21
1022
1022
21
16
24
69
275
202
1135
1092
970
1053
973
999
1000
934
982
924
660
914
649
588
931
181
28
34
552
465
1031
392
893
345
250
307
186
177
401
91
34
5
37
163
846
15
588
19
186
248
1009
670
151
660
244
826
5
877
115
704
704
595
562
402
669
283
664
411
847
661
1345
565
675
370
738
704
1248
580
411
576
92
59
746
1186
1131
71
62
139
921
833
689
651
44
836
643
496
405
335
5
773
174
505
154
31
731
47
682
679
1136
643
609
431
609
1142
598
1112
593
1042
446
314
5
878
1044
251
21
243
897
923
834
39
543
824
826
255
1326
522
1134
62
57
880
563
813
770
402
748
440
353
298
352
94
621
239
398
369
318
190
212
230
208
270
112
167
1137
794
1082
1072
578
213
173
204
535
174
177
959
503
904
388
806
294
740
266
551
388
661
627
249
571
213
229
1869
1391
1321
1325
944
1043
2002
1999
1546
1962
792
1960
752
729
944
876
881
854
1946
1891
571
1592
566
853
1872
508
441
1137
403
1061
1063
526
367
803
353
1835
801
1728
630
419
1055
1676
911
1393
762
709
712
1956
1661
1372
1540
604
1378
1894
1281
1165
1327
1154
1136
1109
1064
1036
1070
996
960
558
926
813
807
2065
721
2043
1877
1916
1848
1905
1690
791
1581
611
1490
590
1465
1028
537
1003
1804
618
1649
547
1631
1410
1161
1126
973
1475
1260
984
973
953
900
949
894
922
871
801
1231
856
1118
769
747
733
695
676
2085
655
2066
640
1975
1643
1391
1265
1130
1071
1048
966
707
1011
944
928
906
905
2101
887
1909
787
1870
1844
1730
1625
1593
1393
1271
798
740
2229
1353
2010
1293
1965
1058
1940
1827
1746
1580
1505
1450
1892
1683
1528
1168
1092
934
926
1936
893
1840
1814
1421
1782
1410
1676
1399
1399
1297
1266
2570
1190
2511
1057
2515
922
2463
2353
2165
1563
2136
1411
1254
1504
1150
928
1121
2116
2082
1203
1866
1188
1146
1861
1105
1862
1831
2704
2673
1104
2581
2404
2268
2555
2250
2558
2147
2527
2018
2244
1670
2106
1606
2095
1381
1988
1934
1932
1337
2189
1245
2140
1172
1998
1105
1900
1849
1959
1193
1813
1137
1747
1079
1715
1705
1703
2701
1429
2495
2375
1867
1852
1615
1966
1673
2210
2177
2924
2751
1559
2730
1526
1499
1671
1533
2491
1449
2308
1497
2285
2233
2183
2120
2086
2101
2030
2044
2005
1966
1984
1849
1968
1807
1649
1801
1606
1793
1502
1596
1502
1541
1301
1516
1504
1508
3032
1373
2842
1353
2837
2665
2306
2135
2114
1657
2240
2042
2038
1648
1593
2385
1403
2303
2998
2251
2798
2195
2514
2110
2390
2069
2374
2068
2378
1990
2343
1818
2268
1535
2092
1443
1857
1797
1648
1451
2781
2728
2727
2724
2717
2653
2464
2451
3262
2447
3240
2451
3045
2178
2964
2168
2915
2108
2907
2112
2777
2097
2781
2001
2785
1997
2489
2483
2279
2226
2228
2217
3203
2215
2999
2181
2784
2061
2696
1639
2623
1594
2619
2596
2352
2355
2322
2301
2185
2189
2137
1857
1840
1807
1774
1715
3129
3064
3049
3039
3432
3015
3356
2987
3331
2781
3254
2604
3071
2450
3040
2102
3012
1942
2917
1829
2883
2752
2667
2624
2582
2385
2256
2365
2257
2099
2233
1870
2200
1762
2124
1902
1798
3494
3400
3333
3302
3207
3180
3126
1962
2953
1885
2922
2823
2577
3490
2545
3312
2498
3222
2371
2968
2289
2767
2179
2735
2120
2659
2062
2353
2170
2049
2009
1999
2866
2572
2535
2538
2504
2287
2187
3468
3318
3252
2851
2563
2566
2223
3439
2213
3190
3132
2978
2907
2880
2878
2876
2784
2548
2391
2365
2231
3695
3698
3484
3383
3338
3238
3185
3185
3044
2933
2826
2769
2550
2480
2479
2437
5110
5084
5015
4987
4598
4599
4557
4391
4324
4293
4264
4229
4226
4091
3892
3820
5
5
9
9
11
5
24
9
5
27
12
8
29
6
69
39
22
49
71
65
69
73
62
98
66
111
63
69
134
64
33
126
56
47
5
123
11
151
24
11
71
11
98
46
90
57
221
133
98
52
178
193
25
18
14
83
9
58
58
6
51
54
5
9
284
17
5
16
9
86
8
144
32
6
272
219
30
131
84
311
5
315
88
74
61
239
207
35
311
43
8
131
64
25
30
333
386
12
7
401
93
8
5
7
81
15
222
40
57
27
6
6
137
28
10
31
6
22
5
170
439
154
400
198
37
244
6
81
368
62
209
495
227
19
561
244
39
163
22
246
19
153
67
543
26
443
90
20
53
27
245
82
70
599
84
192
164
480
78
355
272
588
264
538
34
218
14
16
461
648
197
468
456
229
429
5
367
409
302
300
196
5
404
67
328
47
327
654
288
536
499
414
5
19
5
586
747
223
741
188
184
419
140
22
313
343
732
202
11
120
26
26
126
22
437
511
504
811
5
367
13
341
357
787
340
341
381
566
377
560
26
208
294
70
228
298
155
581
5
6
872
83
322
87
138
792
30
11
84
29
904
1051
817
820
66
670
940
79
678
931
691
277
477
94
44
41
42
28
27
45
193
159
107
1073
861
441
845
373
268
1197
715
1100
583
378
132
756
743
287
193
141
20
389
381
469
36
218
153
956
156
836
704
6
811
20
733
670
701
397
487
323
38
290
257
27
379
382
250
905
308
767
741
90
90
269
24
208
73
68
268
12
176
77
10
350
1366
163
348
69
338
1124
205
988
325
960
217
833
949
479
896
27
769
1389
44
1150
768
1060
34
754
683
359
296
305
214
690
306
1044
811
447
566
9
315
630
272
50
314
334
1002
232
261
651
569
633
531
694
339
595
294
290
335
219
145
116
73
18
564
155
694
409
114
686
131
17
562
130
461
115
1035
1012
1071
116
1013
597
563
1687
465
44
1603
1559
411
434
210
105
287
332
194
203
1396
102
168
329
107
1254
838
1181
802
625
1229
967
948
868
581
499
1410
853
1050
790
991
960
487
216
899
771
1153
905
468
326
819
314
964
730
922
724
724
892
728
864
605
1207
564
1132
1044
809
682
674
451
620
442
1616
568
1560
574
1065
462
913
421
465
360
877
377
633
441
857
323
1861
542
1787
497
1135
446
1077
416
822
937
1583
1261
1188
795
1146
680
503
1438
474
1287
1692
1203
1504
1393
1314
480
1018
483
905
1153
1003
1583
1292
1141
588
1106
2035
2016
920
868
888
777
909
1587
901
1097
866
1051
806
842
796
767
1049
709
676
546
1583
1013
1553
1015
1549
924
1548
928
1470
1310
1490
1300
1422
1293
873
775
704
2231
708
2087
1071
1972
1073
907
1881
1879
1881
1830
1770
1750
1724
1701
1612
1564
1797
1435
1760
1429
1731
1339
1570
1045
1548
912
1551
846
1295
2358
1231
2338
1223
1199
2263
1434
2223
1384
1281
2234
1027
2221
1000
1887
970
1661
865
846
870
1177
1040
864
1845
1806
1362
1810
1364
1792
1269
1601
1091
1541
1414
1375
1349
1348
1332
1275
1103
2196
2187
2181
2165
1078
2164
1066
2106
956
2069
1993
1617
1598
1583
1507
1500
1484
1484
1483
1382
1383
1169
1172
1036
995
1980
1947
2082
1908
2021
1546
1896
1542
1820
1312
1806
1255
1806
1728
1728
1670
1397
1342
1124
1096
2131
1401
2135
1255
1889
1200
1889
1190
1684
1654
1620
1592
1549
1387
1344
1303
1295
1236
1214
2030
1888
1822
1726
1629
1612
1529
2850
1456
2655
1435
2227
1228
2097
1969
1923
1789
1777
1771
1761
1579
1438
1387
2233
1649
1349
2244
2234
2135
2055
1931
1727
1710
1673
1632
1497
2311
1444
2125
2129
2085
2043
1953
2448
1945
1936
1922
1919
1785
1724
1713
2850
2799
2798
1703
1675
1649
1574
2708
2446
2495
2426
2482
2345
2606
2298
2470
2395
3073
3061
3077
3009
2479
2391
2375
2882
2789
2781
2757
2736
2393
2570
2351
2447
2212
2378
1976
1953
2450
2446
2910
2276
2847
2777
2174
2757
2156
2750
1960
1915
2151
2054
2230
1864
2190
2182
2152
1910
2147
1770
1735
2752
1722
2518
2144
2386
2100
2082
1894
2047
2038
1877
1784
1787
1733
1878
1849
1821
3426
3297
3305
2388
3185
2360
3046
2275
2842
2277
2779
2187
2761
2045
2739
1801
2704
2555
2470
2444
2204
1986
3463
3303
3225
3205
2550
3051
2525
2834
2397
2580
2368
2573
2333
2565
2219
2457
2076
2385
2074
2389
2060
2166
2058
1962
2053
3250
3030
2959
2948
2932
3634
2789
3632
2782
3581
2654
3516
2644
3428
2527
3183
3139
2997
2823
2677
2660
2662
2639
2635
2534
2470
2432
2342
2218
3929
3777
3606
3498
3421
3374
3374
3365
3241
2989
2747
3394
3334
3240
2999
2958
2755
2758
2653
2643
2466
2359
2809
2678
2642
2645
2631
2524
4092
3926
3824
3797
3671
3661
3587
3579
3183
3181
3102
3051
2934
2902
4129
3960
3849
3840
3704
3592
3522
3423
3257
3216
3180
3124
3082
3850
2888
3820
2858
3769
2854
3765
3698
3548
3473
3225
3169
4641
4623
4599
4328
4286
4285
4175
3730
3690
3567
3546
4895
4831
4733
4592
4553
4516
4507
4264
4246
4166
4093
4025
3927
3688
3619
3511
3490
3492
5
5
10
11
6
11
5
25
13
34
28
49
38
8
8
29
6
76
23
12
9
5
99
37
26
33
7
5
12
22
16
146
44
19
104
47
32
17
6
26
128
116
103
5
94
13
118
17
9
140
154
45
50
42
59
45
251
63
65
132
63
277
145
244
66
51
18
91
179
61
65
87
204
157
68
19
17
14
229
31
44
242
120
20
178
5
18
84
115
70
113
5
93
104
223
11
107
150
68
5
220
85
255
120
195
86
236
188
73
22
154
444
99
93
6
31
8
39
9
21
75
172
562
6
147
544
343
238
26
550
141
118
347
463
5
33
483
25
374
524
383
44
8
24
234
233
80
133
469
612
437
503
19
19
122
13
373
167
419
92
96
493
24
305
393
12
143
29
5
36
13
83
193
417
273
158
104
6
43
140
5
126
10
128
7
213
205
418
87
97
56
31
165
204
176
104
867
735
345
201
386
8
261
29
6
67
33
654
75
36
139
654
10
53
546
128
598
8
15
760
822
5
453
31
429
255
379
254
645
256
602
45
511
463
44
17
917
31
34
26
19
835
51
1028
812
888
695
5
664
630
624
694
653
460
298
18
25
90
295
12
213
74
174
84
13
99
690
5
49
7
45
1107
5
968
687
881
818
55
400
733
109
14
81
13
321
650
26
593
474
5
469
393
358
6
233
133
22
186
728
113
926
6
8
928
6
791
1163
1078
802
64
12
9
1015
11
689
416
988
944
917
916
17
785
699
12
700
212
485
460
99
53
25
413
94
293
5
28
914
25
27
19
26
885
155
831
5
27
599
504
73
74
5
566
7
540
24
33
24
478
38
783
398
739
694
646
459
53
140
5
5
52
14
25
19
113
671
444
109
392
7
5
234
19
1331
1221
1206
5
53
13
8
494
141
1224
9
1017
29
42
405
475
5
231
9
81
14
335
57
1420
337
35
306
27
26
10
168
1314
298
1057
202
945
968
5
243
39
26
13
64
5
122
122
25
100
13
89
1148
28
30
1183
1152
68
1180
208
209
1059
150
981
154
115
741
716
1309
672
140
1580
1063
913
112
876
189
881
180
840
792
1579
1563
115
846
793
533
1333
1218
747
902
620
432
530
459
1246
445
251
1296
248
1070
238
1042
791
1649
989
1412
225
934
1411
822
761
775
664
659
561
784
1880
1714
1318
1581
1025
953
632
500
1577
330
2025
302
264
595
470
2010
456
1848
985
1838
982
1748
846
751
2048
579
1999
1708
1410
555
1376
506
1956
1431
1950
1693
1936
1192
984
1016
1074
1024
980
1689
1553
1445
471
1190
1034
1490
1032
1185
1348
951
948
1405
811
1328
555
1331
838
1251
812
1230
706
965
569
1207
1944
936
1723
818
639
1773
1742
1162
1002
1579
1485
779
1755
997
1527
1325
584
1007
957
882
955
849
763
703
714
680
694
667
759
621
1729
2132
1697
618
1684
1888
1668
1830
1606
1583
941
1452
944
942
2363
2156
830
2019
1364
1909
1131
1518
1916
885
2344
822
2213
2125
1546
2130
1274
1267
1899
1241
1825
1714
1803
1654
2034
1527
1938
1877
1368
1869
1367
1735
940
1734
814
1682
1600
1491
859
1458
833
1453
1374
1562
1167
1502
1427
1801
1769
1628
1488
1405
1113
1079
1382
928
1312
1137
2415
919
2244
859
1952
827
1104
1545
835
1543
1149
1415
1152
1138
1331
1109
1685
1001
1671
1643
1587
1522
1441
1441
1433
2131
1208
2120
2071
998
1810
1113
1768
938
1510
1410
1306
1245
2624
1239
1196
2488
1008
2359
2325
1398
1292
1276
1972
1173
1964
1903
1122
1061
1071
2213
2196
2196
2166
2027
1837
1840
1480
1094
1876
1543
1820
1457
1797
1437
1782
1439
1563
1404
1426
1350
1342
1305
1339
1337
1165
2848
2644
2513
2506
2456
2290
2278
2215
2115
2051
1769
2040
1751
2036
1286
1980
1587
1531
1368
1296
1243
2223
2223
2130
2019
2023
2557
1773
2381
1719
2371
1705
2325
1631
2215
1505
2151
1508
1987
1469
1952
1329
1813
1810
1684
1420
3166
3079
2918
2764
2754
2635
2476
2604
2416
2560
2132
2332
2022
2286
1497
2279
1425
2105
2107
2076
1688
1445
3208
3140
3110
3111
3036
2929
2756
2638
2588
2182
2157
2153
1984
1930
1910
1793
1722
1617
1561
2993
2779
2750
2684
2377
2373
1895
3409
1784
2850
1738
2832
1688
2663
1686
2640
2614
2495
2252
2081
2018
1844
1763
2994
2837
2739
2707
2579
2189
2065
1846
1807
3477
3471
3183
3174
2804
2652
2591
2567
2399
2403
2394
2248
2090
1861
2966
2896
2794
2498
2429
2286
2275
2217
2217
2199
2122
3298
2670
2670
2612
2492
2399
2359
2333
2300
2185
2181
2133
2102
3494
3403
3328
3332
3205
3079
2975
2860
2611
2594
4129
4054
3855
3768
3683
3663
3639
3551
3547
3479
3322
3312
3303
2964
2952
2889
2689
2622
2567
4123
3990
3975
3958
3698
3667
3403
3292
3285
3285
3233
2743
2696
4621
4325
4297
4232
4223
3566
3553
3409
3362
3299
3251
3149
3014
4604
4529
4278
4258
4133
3988
3953
3931
3927
3840
3835
3830
3812
3652
3645
3503
4868
3506
4865
3464
4827
3412
4637
3353
4497
4483
4429
4432
4263
4243
4224
4025
3965
3802
3662
3596
3433
3383
3362
3361
5
5
6
5
7
5
6
11
5
32
9
35
19
52
11
30
5
75
42
35
17
28
15
71
43
25
7
27
60
5
25
21
22
22
63
21
40
5
9
13
60
47
22
5
8
180
17
109
208
73
61
37
74
33
111
159
6
39
22
9
153
31
63
53
231
89
26
34
14
245
198
6
6
98
19
185
40
215
8
43
44
20
93
70
61
18
260
261
8
6
14
11
277
17
25
146
43
42
55
116
35
192
47
39
80
52
6
43
56
71
455
85
93
64
48
52
35
26
178
28
496
67
79
258
219
88
6
423
48
51
210
5
77
189
163
34
51
164
18
116
473
466
33
91
43
12
86
59
313
14
529
74
208
318
320
159
317
593
266
265
134
229
88
29
627
704
181
18
93
264
11
218
235
199
177
580
428
107
87
306
224
312
190
150
527
663
563
135
335
306
806
120
63
138
118
19
100
741
243
703
13
681
441
151
71
60
308
18
494
84
299
173
226
899
88
811
5
5
805
767
126
703
691
96
609
563
942
17
562
18
463
524
963
125
24
791
23
860
628
472
51
223
165
624
357
68
8
36
477
118
111
241
170
79
173
463
63
430
328
835
301
487
583
291
32
100
317
5
405
237
209
41
17
215
208
25
187
813
21
697
10
1068
683
239
691
170
1081
148
957
837
517
712
69
599
336
203
325
51
266
1018
679
294
8
803
1071
459
115
37
397
260
255
5
302
253
257
54
32
560
182
388
69
280
870
682
230
882
317
879
162
10
203
111
6
8
117
705
11
100
13
5
6
5
816
712
666
1334
735
1331
315
18
318
1424
306
864
755
73
646
1350
423
459
5
443
343
306
350
1279
1270
18
1202
56
294
1207
154
883
45
787
152
232
128
7
52
174
50
202
185
28
128
1261
183
107
100
77
1164
1163
1145
928
587
52
348
766
200
15
35
758
41
272
1044
35
144
58
969
53
1717
1546
1320
266
240
883
883
781
292
1095
196
603
115
353
126
75
106
585
1046
556
1034
1362
836
398
1425
373
1437
346
1427
1365
1374
1330
1816
1323
1607
1123
1567
1536
296
382
347
588
1299
251
1437
1136
1567
1402
992
1518
1296
990
1281
994
699
1438
1516
1169
1380
1126
1365
1510
761
1395
1304
1264
1144
512
1526
762
1290
686
1180
965
1153
1165
1065
1040
916
904
685
1114
970
1076
671
838
652
632
1031
686
1033
981
1770
825
1092
2024
710
637
740
532
536
481
541
1961
1998
1982
704
457
673
598
836
837
818
575
574
809
557
802
1649
1476
2022
1348
1965
1836
2027
601
2006
990
948
1770
1646
1513
1943
1500
1523
1510
1317
1448
1244
1216
544
1200
1107
807
1066
963
983
1533
958
1372
888
778
1220
751
1076
839
1012
742
2072
2020
1782
818
891
726
769
766
753
704
704
1054
1794
1691
1455
1681
1313
1574
958
1074
942
952
846
930
824
726
918
769
866
788
783
748
917
895
1594
1523
1277
1275
1238
1040
1034
950
1827
871
1750
1066
1727
880
1643
874
808
1460
1445
1423
1444
1282
1268
916
1104
933
1904
1460
1896
1443
1724
1327
1647
1253
1539
1184
1472
1130
1442
1045
1395
978
1634
2122
1604
2062
1606
1584
1144
1133
1091
2068
1072
2063
2608
1947
2593
2425
1074
1829
1783
1778
1717
1846
1646
1703
1647
2363
1521
2337
1155
2332
1569
2251
1457
2208
1461
2061
1348
2052
1134
1697
1118
1500
1379
1380
2546
1287
2453
2255
2243
2663
2142
2541
2096
2427
2092
2354
2023
2351
2024
2246
1803
1774
1671
1625
1607
2167
1503
1887
1377
1670
1368
1662
1336
1525
1297
1375
1363
2855
1193
2739
2670
2218
2462
2045
2436
1734
2401
1562
1532
1503
1456
1454
2431
2393
2298
2225
2144
1924
1910
1904
1890
1779
1684
1511
1665
1500
1604
1497
1516
1495
1478
1358
1358
1310
1353
1354
1856
1351
1649
1580
1532
1447
2057
1990
2040
1912
1993
1901
1891
1897
1852
1830
1808
1610
2813
1522
2814
2669
1815
1522
1805
2545
1803
2545
1798
2414
1661
2287
1550
2235
1462
2180
1452
1837
1688
1626
1579
3041
1664
2998
1564
2992
1507
2755
2688
2601
2515
1982
2216
1937
2207
1819
2067
1670
2067
2024
1953
1537
2884
2681
2589
2553
2523
2512
2148
1959
1635
2206
2088
2036
1923
1923
1870
1869
1866
1809
1729
2927
2854
2820
2732
2710
2689
2307
2253
2180
2100
2025
1985
3483
3474
3331
3112
3082
2987
2938
2727
2709
2713
2707
2537
2247
2116
1988
2834
2801
2702
2680
2670
2641
2360
2129
3487
2013
3473
3380
3333
3322
3037
2010
2906
2849
2705
2607
2605
2574
2540
2509
2403
2250
2183
3354
3348
3351
3274
3174
3156
3338
3148
3217
2838
3219
2705
3152
2680
3115
2306
3074
2248
2962
2960
2920
2854
2668
2573
2491
2455
3179
3159
3142
3096
3041
3001
2745
2632
2496
2495
2752
2721
2724
2728
2636
2611
2544
2542
2456
3047
2457
2852
2776
2710
2704
3724
3661
3582
3216
3183
4341
4614
4266
4352
4116
4341
4050
4253
4019
4208
3836
4175
3801
4156
3572
4109
3455
4087
3453
4002
3245
3989
3213
3649
3182
3632
3053
3571
3437
3377
3381
3283
3106
4934
4672
4585
4546
4507
4452
4152
4103
3757
3681
3670
3584
3436
3355
