5 0.9
10 2.74
15 2.8
20 2.34
25 2.52
30 2.68
35 2.36
40 2.78
45 2.68
50 2.72
55 2.42
60 2.84
65 2.48
70 2.74
75 2.78
80 3
85 2.68
90 2.4
95 2.48
100 1.96
105 1.44
110 1.74
115 1.32
120 1.58
125 1.06
130 1.22
135 1.14
140 1.32
145 1.22
150 1.02
155 0.92
160 0.78
165 1.08
170 0.8
175 0.74
180 0.74
185 0.72
190 0.62
195 0.54
200 0.6
205 0.6
210 0.52
215 0.46
220 0.4
225 0.38
230 0.34
235 0.54
240 0.58
245 0.34
250 0.5
255 0.38
260 0.54
265 0.52
270 0.44
275 0.5
280 0.46
285 0.38
290 0.18
295 0.42
300 0.3
305 0.28
310 0.38
315 0.22
320 0.38
325 0.24
330 0.3
335 0.52
340 0.44
345 0.3
350 0.34
355 0.3
360 0.24
365 0.22
370 0.3
375 0.16
380 0.2
385 0.26
390 0.04
395 0.2
400 0.14
405 0.2
410 0.2
415 0.2
420 0.28
425 0.2
430 0.18
435 0.22
440 0.22
445 0.18
450 0.14
455 0.2
460 0.28
465 0.12
470 0.14
475 0.1
480 0.12
485 0.08
490 0.14
495 0.06
6362 11.6
5 0.84
10 2.34
15 2.5
20 2.18
25 2.72
30 2.76
35 2.8
40 2.82
45 2.66
50 2.7
55 2.3
60 2.96
65 2.72
70 3.04
75 2.78
80 2.46
85 2.56
90 2.32
95 2.38
100 2.04
105 1.84
110 1.74
115 1.38
120 1.58
125 1.36
130 1.22
135 1.2
140 0.94
145 1.08
150 0.94
155 0.94
160 0.74
165 0.76
170 0.74
175 0.82
180 0.66
185 0.72
190 0.62
195 0.64
200 0.72
205 0.52
210 0.52
215 0.36
220 0.74
225 0.38
230 0.4
235 0.5
240 0.32
245 0.52
250 0.48
255 0.36
260 0.3
265 0.24
270 0.56
275 0.52
280 0.42
285 0.48
290 0.42
295 0.36
300 0.34
305 0.3
310 0.2
315 0.22
320 0.28
325 0.24
330 0.22
335 0.14
340 0.34
345 0.26
350 0.2
355 0.22
360 0.2
365 0.24
370 0.26
375 0.22
380 0.26
385 0.08
390 0.32
395 0.18
400 0.16
405 0.18
410 0.2
415 0.24
420 0.24
425 0.3
430 0.22
435 0.1
440 0.08
445 0.34
450 0.28
455 0.14
460 0.22
465 0.16
470 0.16
475 0.1
480 0.14
485 0.14
490 0.1
495 0.18
2453 12.68
5 1.06
10 2.76
15 2.4
20 2.26
25 2.78
30 2.58
35 2.98
40 2.66
45 3.22
50 2.6
55 2.84
60 2.6
65 2.84
70 2.74
75 2.82
80 2.66
85 2.74
90 2.86
95 2.5
100 2.12
105 1.66
110 1.64
115 1.14
120 1.58
125 1.34
130 1.14
135 1
140 1.02
145 1.12
150 0.7
155 1.08
160 0.88
165 0.64
170 0.84
175 0.56
180 0.48
185 0.52
190 0.54
195 0.62
200 0.42
205 0.52
210 0.3
215 0.46
220 0.44
225 0.42
230 0.36
235 0.48
240 0.24
245 0.34
250 0.28
255 0.22
260 0.1
265 0.34
270 0.18
275 0.32
280 0.2
285 0.26
290 0.22
295 0.24
300 0.2
305 0.2
310 0.24
315 0.22
320 0.3
325 0.14
330 0.26
335 0.2
340 0.22
345 0.3
350 0.22
355 0.2
360 0.32
365 0.14
370 0.2
375 0.24
380 0.18
385 0.22
390 0.14
395 0.18
400 0.22
405 0.14
410 0.12
415 0.16
420 0.22
425 0.32
430 0.2
435 0.2
440 0.36
445 0.28
450 0.14
455 0.18
460 0.08
465 0.16
470 0.22
475 0.18
480 0.2
485 0.16
490 0.08
495 0.18
2677 15.02
5 1.08
10 2.74
15 2.7
20 2.96
25 2.8
30 2.26
35 2.46
40 3.28
45 3.12
50 3.12
55 3.34
60 3.08
65 2.8
70 2.86
75 2.66
80 2.3
85 2.64
90 2.28
95 2.66
100 1.96
105 1.54
110 1.8
115 1.32
120 1.4
125 1.48
130 1.18
135 1.34
140 1.18
145 0.98
150 0.84
155 1.1
160 0.6
165 0.7
170 1.02
175 0.6
180 0.6
185 0.82
190 0.62
195 0.62
200 0.54
205 0.66
210 0.82
215 0.38
220 0.54
225 0.54
230 0.54
235 0.42
240 0.46
245 0.4
250 0.44
255 0.44
260 0.6
265 0.38
270 0.32
275 0.32
280 0.28
285 0.44
290 0.3
295 0.26
300 0.32
305 0.16
310 0.28
315 0.28
320 0.4
325 0.28
330 0.46
335 0.28
340 0.2
345 0.26
350 0.26
355 0.28
360 0.12
365 0.22
370 0.16
375 0.24
380 0.26
385 0.22
390 0.16
395 0.26
400 0.2
405 0.2
410 0.26
415 0.16
420 0.24
425 0.18
430 0.12
435 0.02
440 0.16
445 0.14
450 0.14
455 0.1
460 0.04
465 0.16
470 0.16
475 0.08
480 0.14
485 0.04
490 0.06
495 0.08
2653 10.3
5 1.06
10 3.3
15 2.46
20 2.48
25 2.98
30 2.76
35 3.02
40 2.72
45 2.82
50 3.2
55 2.48
60 3.26
65 2.92
70 3.12
75 2.6
80 2.68
85 3.06
90 2.82
95 2.74
100 1.94
105 1.58
110 1.72
115 1.52
120 1.4
125 1.06
130 1.14
135 1.22
140 0.88
145 0.82
150 0.82
155 0.94
160 0.66
165 0.76
170 1.04
175 0.82
180 1.02
185 0.86
190 0.82
195 0.56
200 0.54
205 0.66
210 0.6
215 0.52
220 0.42
225 0.52
230 0.36
235 0.46
240 0.42
245 0.54
250 0.32
255 0.56
260 0.42
265 0.46
270 0.38
275 0.3
280 0.34
285 0.42
290 0.38
295 0.26
300 0.34
305 0.38
310 0.34
315 0.34
320 0.4
325 0.28
330 0.24
335 0.16
340 0.3
345 0.3
350 0.26
355 0.2
360 0.3
365 0.38
370 0.32
375 0.24
380 0.16
385 0.34
390 0.14
395 0.08
400 0.18
405 0.26
410 0.2
415 0.18
420 0.18
425 0.18
430 0.24
435 0.16
440 0.26
445 0.3
450 0.2
455 0.22
460 0.16
465 0.22
470 0.1
475 0.06
480 0.18
485 0.12
490 0.14
495 0.18
2708 7.84
5 0.76
10 2.26
15 2.08
20 2.22
25 2.38
30 2.34
35 2.18
40 2.4
45 2.68
50 2.46
55 2.8
60 2.66
65 2.52
70 2.64
75 2.48
80 2.66
85 2.5
90 2.32
95 2.18
100 1.68
105 1.66
110 1.46
115 1.54
120 1.92
125 1.3
130 1.42
135 1.22
140 1.3
145 1.3
150 1.1
155 0.88
160 0.98
165 0.68
170 0.68
175 0.7
180 0.62
185 0.44
190 0.76
195 0.6
200 0.56
205 0.6
210 0.38
215 0.62
220 0.34
225 0.48
230 0.56
235 0.22
240 0.44
245 0.36
250 0.3
255 0.32
260 0.48
265 0.24
270 0.36
275 0.3
280 0.36
285 0.26
290 0.42
295 0.32
300 0.24
305 0.38
310 0.34
315 0.24
320 0.24
325 0.2
330 0.3
335 0.2
340 0.3
345 0.2
350 0.16
355 0.28
360 0.18
365 0.18
370 0.16
375 0.16
380 0.1
385 0.24
390 0.28
395 0.16
400 0.14
405 0.14
410 0.16
415 0.12
420 0.18
425 0.24
430 0.16
435 0.16
440 0.1
445 0.18
450 0.14
455 0.06
460 0.08
465 0.14
470 0.12
475 0.08
480 0.2
485 0.06
490 0.2
495 0.08
2953 18.04
5 0.92
10 2.44
15 2.48
20 2.64
25 2.92
30 2.42
35 2.4
40 2.38
45 3.22
50 3.1
55 2.92
60 2.58
65 2.7
70 2.92
75 2.48
80 2.62
85 2.9
90 2.12
95 2.3
100 2.02
105 1.48
110 1.26
115 1.6
120 1.38
125 1.5
130 1.44
135 1.52
140 1.22
145 1.12
150 1.06
155 1.16
160 1.04
165 1.1
170 0.78
175 0.92
180 0.7
185 0.68
190 0.64
195 0.6
200 0.38
205 0.6
210 0.38
215 0.44
220 0.56
225 0.5
230 0.66
235 0.46
240 0.44
245 0.46
250 0.46
255 0.4
260 0.46
265 0.4
270 0.26
275 0.32
280 0.18
285 0.42
290 0.3
295 0.34
300 0.46
305 0.3
310 0.3
315 0.38
320 0.44
325 0.34
330 0.32
335 0.42
340 0.26
345 0.48
350 0.2
355 0.3
360 0.2
365 0.38
370 0.28
375 0.18
380 0.3
385 0.32
390 0.2
395 0.12
400 0.24
405 0.2
410 0.24
415 0.2
420 0.22
425 0.2
430 0.14
435 0.2
440 0.24
445 0.1
450 0.16
455 0.2
460 0.24
465 0.2
470 0.08
475 0.08
480 0.14
485 0.1
490 0.14
495 0.1
2816 10.3
5 1.04
10 2.96
15 2.56
20 2.94
25 2.36
30 2.82
35 2.68
40 2.4
45 2.34
50 2.68
55 2.66
60 3.04
65 2.56
70 2.56
75 2.74
80 2.68
85 2.42
90 2.54
95 1.92
100 1.96
105 1.88
110 1.36
115 1.7
120 1.24
125 1.04
130 1.04
135 0.9
140 0.8
145 0.78
150 0.92
155 1.1
160 0.82
165 0.8
170 0.72
175 0.68
180 0.46
185 0.62
190 0.48
195 0.62
200 0.48
205 0.6
210 0.46
215 0.6
220 0.46
225 0.42
230 0.4
235 0.28
240 0.48
245 0.32
250 0.54
255 0.52
260 0.14
265 0.36
270 0.22
275 0.36
280 0.26
285 0.3
290 0.26
295 0.34
300 0.3
305 0.24
310 0.16
315 0.2
320 0.3
325 0.24
330 0.26
335 0.28
340 0.22
345 0.34
350 0.2
355 0.1
360 0.16
365 0.1
370 0.04
375 0.06
380 0.22
385 0.04
390 0.1
395 0.16
400 0.16
405 0.1
410 0.12
415 0.12
420 0.1
425 0.2
430 0.1
435 0.04
440 0.14
445 0.1
450 0.08
455 0.04
460 0.1
465 0.18
470 0.06
475 0.16
480 0.04
485 0.04
490 0.12
495 0.14
5973 18.52
5 0.84
10 3.04
15 2.22
20 2.82
25 3.02
30 2.86
35 2.74
40 2.66
45 2.62
50 2.76
55 2.7
60 2.78
65 2.2
70 2.9
75 2.96
80 2.76
85 2.98
90 2.6
95 2.56
100 2
105 1.54
110 1.44
115 1.38
120 1.18
125 1.04
130 0.98
135 1.18
140 0.72
145 1
150 0.84
155 0.82
160 0.9
165 0.62
170 0.6
175 0.74
180 0.7
185 0.48
190 0.72
195 0.46
200 0.5
205 0.6
210 0.66
215 0.38
220 0.56
225 0.6
230 0.44
235 0.54
240 0.44
245 0.52
250 0.34
255 0.42
260 0.54
265 0.46
270 0.28
275 0.52
280 0.3
285 0.42
290 0.38
295 0.3
300 0.3
305 0.34
310 0.16
315 0.44
320 0.22
325 0.3
330 0.22
335 0.36
340 0.24
345 0.24
350 0.4
355 0.26
360 0.2
365 0.16
370 0.38
375 0.26
380 0.24
385 0.22
390 0.14
395 0.26
400 0.18
405 0.18
410 0.04
415 0.18
420 0.22
425 0.14
430 0.18
435 0.14
440 0.16
445 0.06
450 0.08
455 0.12
460 0.1
465 0.06
470 0.08
475 0.08
480 0.04
485 0.08
490 0.1
495 0.08
1699 13.8
5 0.92
10 3
15 2.24
20 2.5
25 2.68
30 2.72
35 2.6
40 2.7
45 2.88
50 2.62
55 2.84
60 2.66
65 3.28
70 2.74
75 2.76
80 2.44
85 2.38
90 2.5
95 2.24
100 1.92
105 1.58
110 1.76
115 1.58
120 1.5
125 1.28
130 1.26
135 1.04
140 1.2
145 0.96
150 0.9
155 0.88
160 0.8
165 0.76
170 0.76
175 0.62
180 0.72
185 0.74
190 0.7
195 0.64
200 0.82
205 0.72
210 0.66
215 0.7
220 0.48
225 0.56
230 0.56
235 0.54
240 0.64
245 0.46
250 0.52
255 0.42
260 0.44
265 0.38
270 0.44
275 0.52
280 0.4
285 0.32
290 0.38
295 0.3
300 0.52
305 0.5
310 0.4
315 0.4
320 0.34
325 0.46
330 0.4
335 0.32
340 0.38
345 0.36
350 0.2
355 0.32
360 0.28
365 0.34
370 0.3
375 0.22
380 0.26
385 0.2
390 0.38
395 0.34
400 0.18
405 0.42
410 0.24
415 0.24
420 0.26
425 0.24
430 0.14
435 0.14
440 0.12
445 0.14
450 0.12
455 0.34
460 0.1
465 0.18
470 0.12
475 0.14
480 0.18
485 0.18
490 0.12
495 0.16
1487 8.76
5 0.92
10 3.06
15 2.5
20 3
25 2.46
30 2.38
35 2.32
40 2.82
45 2.78
50 2.56
55 2.72
60 3.04
65 3.18
70 3.42
75 2.86
80 2.82
85 2.7
90 3.04
95 2.5
100 1.86
105 1.52
110 1.34
115 1.36
120 1.5
125 1.06
130 1.32
135 0.76
140 0.94
145 1.04
150 0.84
155 0.92
160 0.86
165 1.02
170 0.72
175 0.74
180 0.54
185 0.64
190 0.82
195 0.56
200 0.4
205 0.62
210 0.54
215 0.42
220 0.48
225 0.36
230 0.62
235 0.32
240 0.44
245 0.3
250 0.44
255 0.4
260 0.34
265 0.62
270 0.4
275 0.26
280 0.24
285 0.34
290 0.26
295 0.38
300 0.16
305 0.48
310 0.26
315 0.22
320 0.26
325 0.36
330 0.16
335 0.16
340 0.3
345 0.22
350 0.4
355 0.26
360 0.32
365 0.28
370 0.24
375 0.14
380 0.22
385 0.24
390 0.32
395 0.28
400 0.34
405 0.26
410 0.3
415 0.12
420 0.1
425 0.16
430 0.14
435 0.22
440 0.16
445 0.24
450 0.18
455 0.3
460 0.22
465 0.22
470 0.22
475 0.22
480 0.24
485 0.2
490 0.1
495 0.12
1587 11.04
5 0.98
10 3
15 2
20 2.74
25 3.44
30 2.56
35 2.86
40 2.7
45 2.98
50 2.88
55 3
60 2.68
65 2.68
70 3
75 3.04
80 2.62
85 2.42
90 2.58
95 2.32
100 2.12
105 2
110 1.46
115 1.26
120 1.64
125 1.14
130 1.04
135 0.84
140 0.94
145 1.22
150 1.04
155 0.8
160 0.92
165 0.96
170 0.96
175 1.02
180 0.78
185 0.8
190 0.7
195 0.42
200 0.7
205 0.48
210 0.48
215 0.4
220 0.4
225 0.46
230 0.38
235 0.36
240 0.38
245 0.42
250 0.44
255 0.38
260 0.66
265 0.42
270 0.5
275 0.32
280 0.42
285 0.48
290 0.32
295 0.34
300 0.34
305 0.3
310 0.26
315 0.28
320 0.3
325 0.22
330 0.24
335 0.22
340 0.24
345 0.32
350 0.22
355 0.2
360 0.12
365 0.36
370 0.26
375 0.36
380 0.24
385 0.26
390 0.16
395 0.26
400 0.28
405 0.2
410 0.14
415 0.3
420 0.32
425 0.24
430 0.16
435 0.16
440 0.28
445 0.2
450 0.18
455 0.18
460 0.18
465 0.22
470 0.08
475 0.12
480 0.24
485 0.12
490 0.26
495 0.26
2659 9.44
5 0.94
10 3.28
15 3.02
20 2.98
25 3
30 2.98
35 3.02
40 2.94
45 3.42
50 3.08
55 3.12
60 3.12
65 3.42
70 3.22
75 3.08
80 3.16
85 3.14
90 3.02
95 2.54
100 2.26
105 1.46
110 1.6
115 1.36
120 1.8
125 1.48
130 1.54
135 1.18
140 1.1
145 0.76
150 1
155 0.98
160 1.02
165 0.84
170 1
175 0.68
180 0.54
185 0.76
190 0.74
195 0.62
200 0.6
205 0.46
210 0.46
215 0.48
220 0.4
225 0.42
230 0.48
235 0.44
240 0.4
245 0.22
250 0.36
255 0.36
260 0.44
265 0.32
270 0.36
275 0.18
280 0.26
285 0.26
290 0.28
295 0.28
300 0.2
305 0.3
310 0.22
315 0.24
320 0.24
325 0.32
330 0.2
335 0.2
340 0.22
345 0.2
350 0.2
355 0.34
360 0.2
365 0.24
370 0.14
375 0.26
380 0.1
385 0.16
390 0.2
395 0.1
400 0.12
405 0.06
410 0.1
415 0.14
420 0.16
425 0.14
430 0.08
435 0.16
440 0.1
445 0.14
450 0.22
455 0.06
460 0.18
465 0.2
470 0.06
475 0.08
480 0.16
485 0
490 0.1
495 0.1
2072 6.7
5 1
10 3.16
15 2.72
20 2.74
25 2.98
30 2.88
35 2.6
40 2.52
45 2.8
50 2.76
55 2.84
60 2.84
65 2.9
70 2.7
75 2.8
80 2.4
85 2.66
90 2.54
95 2.16
100 1.82
105 1.9
110 1.78
115 1.48
120 1.32
125 1.16
130 1.1
135 1.02
140 1.3
145 0.92
150 0.92
155 0.9
160 0.92
165 0.72
170 0.78
175 0.82
180 0.48
185 0.5
190 0.64
195 0.62
200 0.3
205 0.74
210 0.52
215 0.56
220 0.48
225 0.46
230 0.56
235 0.42
240 0.48
245 0.38
250 0.46
255 0.42
260 0.38
265 0.3
270 0.4
275 0.38
280 0.54
285 0.42
290 0.38
295 0.38
300 0.36
305 0.24
310 0.34
315 0.38
320 0.26
325 0.28
330 0.18
335 0.18
340 0.38
345 0.16
350 0.38
355 0.38
360 0.2
365 0.2
370 0.38
375 0.22
380 0.22
385 0.26
390 0.16
395 0.16
400 0.28
405 0.26
410 0.14
415 0.22
420 0.26
425 0.3
430 0.18
435 0.32
440 0.16
445 0.2
450 0.24
455 0.18
460 0.28
465 0.1
470 0.18
475 0.18
480 0.2
485 0.26
490 0.14
495 0.16
2198 10.38
5 0.96
10 2.48
15 2.62
20 3.06
25 2.82
30 2.56
35 2.54
40 3.3
45 3.08
50 2.86
55 3.14
60 2.92
65 2.92
70 2.86
75 2.7
80 2.46
85 2.76
90 2.8
95 2.4
100 2.18
105 1.9
110 1.6
115 1.58
120 1.66
125 1.58
130 1.22
135 1.18
140 0.94
145 1.14
150 0.9
155 0.74
160 0.86
165 0.78
170 0.78
175 0.8
180 0.6
185 0.68
190 0.54
195 0.52
200 0.88
205 0.52
210 0.5
215 0.42
220 0.54
225 0.5
230 0.44
235 0.42
240 0.38
245 0.38
250 0.4
255 0.36
260 0.48
265 0.4
270 0.4
275 0.34
280 0.26
285 0.26
290 0.32
295 0.24
300 0.3
305 0.18
310 0.22
315 0.24
320 0.24
325 0.2
330 0.2
335 0.28
340 0.3
345 0.24
350 0.2
355 0.2
360 0.1
365 0.16
370 0.06
375 0.2
380 0.12
385 0.2
390 0.18
395 0.2
400 0.14
405 0.08
410 0.22
415 0.12
420 0.08
425 0.12
430 0.22
435 0.1
440 0.08
445 0.1
450 0.14
455 0.12
460 0.08
465 0.14
470 0.1
475 0.1
480 0.14
485 0.18
490 0.12
495 0.1
2815 11.64
