5 0
10 92.99
15 2.43
20 1.67
25 1.11
30 0.67
35 0.38
40 0.17
45 0.18
50 0.16
55 0.03
60 0.05
65 0.06
70 0.02
75 0.01
80 0.01
85 0.01
90 0.02
95 0
100 0
105 0
110 0.02
115 0
120 0
125 0
130 0
135 0
140 0
145 0
150 0
155 0
160 0.01
165 0
170 0
175 0
180 0
185 0
190 0
195 0
200 0
205 0
210 0
215 0
220 0
225 0
230 0
235 0
240 0
245 0
250 0
255 0
260 0
265 0
270 0
275 0
280 0
285 0
290 0
295 0
300 0
305 0
310 0
315 0
320 0
325 0
330 0
335 0
340 0
345 0
350 0
355 0
360 0
365 0
370 0
375 0
380 0
385 0
390 0
395 0
400 0
405 0
410 0
415 0
420 0
425 0
430 0
435 0
440 0
445 0
450 0
455 0
460 0
465 0
470 0
475 0
480 0
485 0
490 0
495 0
158 0
5 0
10 91.66
15 3.06
20 2.07
25 1.11
30 0.72
35 0.42
40 0.21
45 0.16
50 0.11
55 0.12
60 0.06
65 0.06
70 0.02
75 0.04
80 0.05
85 0.02
90 0.02
95 0.01
100 0.01
105 0.02
110 0
115 0
120 0
125 0.01
130 0.01
135 0.01
140 0
145 0
150 0.01
155 0
160 0.01
165 0
170 0
175 0
180 0
185 0
190 0
195 0
200 0
205 0
210 0
215 0
220 0
225 0
230 0
235 0
240 0
245 0
250 0
255 0
260 0
265 0
270 0
275 0
280 0
285 0
290 0
295 0
300 0
305 0
310 0
315 0
320 0
325 0
330 0
335 0
340 0
345 0
350 0
355 0
360 0
365 0
370 0
375 0
380 0
385 0
390 0
395 0
400 0
405 0
410 0
415 0
420 0
425 0
430 0
435 0
440 0
445 0
450 0
455 0
460 0
465 0
470 0
475 0
480 0
485 0
490 0
495 0
157 0
5 0
10 92.05
15 2.97
20 2.12
25 1.04
30 0.63
35 0.37
40 0.27
45 0.18
50 0.1
55 0.06
60 0.06
65 0.02
70 0.07
75 0.03
80 0.01
85 0
90 0.01
95 0
100 0
105 0
110 0
115 0
120 0
125 0.01
130 0
135 0
140 0
145 0
150 0
155 0
160 0
165 0
170 0
175 0
180 0
185 0
190 0
195 0
200 0
205 0
210 0
215 0
220 0
225 0
230 0
235 0
240 0
245 0
250 0
255 0
260 0
265 0
270 0
275 0
280 0
285 0
290 0
295 0
300 0
305 0
310 0
315 0
320 0
325 0
330 0
335 0
340 0
345 0
350 0
355 0
360 0
365 0
370 0
375 0
380 0
385 0
390 0
395 0
400 0
405 0
410 0
415 0
420 0
425 0
430 0
435 0
440 0
445 0
450 0
455 0
460 0
465 0
470 0
475 0
480 0
485 0
490 0
495 0
124 0
5 0
10 92.74
15 2.61
20 1.51
25 1.18
30 0.69
35 0.38
40 0.37
45 0.15
50 0.13
55 0.06
60 0.05
65 0.05
70 0.01
75 0.02
80 0.01
85 0
90 0.01
95 0
100 0
105 0.02
110 0.01
115 0
120 0
125 0
130 0
135 0
140 0
145 0
150 0
155 0
160 0
165 0
170 0
175 0
180 0
185 0
190 0
195 0
200 0
205 0
210 0
215 0
220 0
225 0
230 0
235 0
240 0
245 0
250 0
255 0
260 0
265 0
270 0
275 0
280 0
285 0
290 0
295 0
300 0
305 0
310 0
315 0
320 0
325 0
330 0
335 0
340 0
345 0
350 0
355 0
360 0
365 0
370 0
375 0
380 0
385 0
390 0
395 0
400 0
405 0
410 0
415 0
420 0
425 0
430 0
435 0
440 0
445 0
450 0
455 0
460 0
465 0
470 0
475 0
480 0
485 0
490 0
495 0
107 0
5 0
10 92
15 2.72
20 2.07
25 1.32
30 0.73
35 0.42
40 0.25
45 0.14
50 0.12
55 0.04
60 0.09
65 0.04
70 0.02
75 0
80 0
85 0.01
90 0
95 0
100 0
105 0.01
110 0
115 0.01
120 0
125 0
130 0
135 0
140 0
145 0
150 0
155 0
160 0
165 0.01
170 0
175 0
180 0
185 0
190 0
195 0
200 0
205 0
210 0
215 0
220 0
225 0
230 0
235 0
240 0
245 0
250 0
255 0
260 0
265 0
270 0
275 0
280 0
285 0
290 0
295 0
300 0
305 0
310 0
315 0
320 0
325 0
330 0
335 0
340 0
345 0
350 0
355 0
360 0
365 0
370 0
375 0
380 0
385 0
390 0
395 0
400 0
405 0
410 0
415 0
420 0
425 0
430 0
435 0
440 0
445 0
450 0
455 0
460 0
465 0
470 0
475 0
480 0
485 0
490 0
495 0
160 0
5 0
10 92.45
15 2.78
20 1.82
25 1.14
30 0.7
35 0.33
40 0.29
45 0.13
50 0.1
55 0.07
60 0.05
65 0.03
70 0.01
75 0.01
80 0.03
85 0.01
90 0.01
95 0.01
100 0
105 0
110 0.01
115 0
120 0
125 0.01
130 0.01
135 0
140 0
145 0
150 0
155 0
160 0
165 0
170 0
175 0
180 0
185 0
190 0
195 0
200 0
205 0
210 0
215 0
220 0
225 0
230 0
235 0
240 0
245 0
250 0
255 0
260 0
265 0
270 0
275 0
280 0
285 0
290 0
295 0
300 0
305 0
310 0
315 0
320 0
325 0
330 0
335 0
340 0
345 0
350 0
355 0
360 0
365 0
370 0
375 0
380 0
385 0
390 0
395 0
400 0
405 0
410 0
415 0
420 0
425 0
430 0
435 0
440 0
445 0
450 0
455 0
460 0
465 0
470 0
475 0
480 0
485 0
490 0
495 0
128 0
5 0
10 92.37
15 2.87
20 2.06
25 1.12
30 0.55
35 0.36
40 0.17
45 0.16
50 0.11
55 0.08
60 0.02
65 0.03
70 0.02
75 0.01
80 0.02
85 0.02
90 0.01
95 0.02
100 0
105 0
110 0
115 0
120 0
125 0
130 0
135 0
140 0
145 0
150 0
155 0
160 0
165 0
170 0
175 0
180 0
185 0
190 0
195 0
200 0
205 0
210 0
215 0
220 0
225 0
230 0
235 0
240 0
245 0
250 0
255 0
260 0
265 0
270 0
275 0
280 0
285 0
290 0
295 0
300 0
305 0
310 0
315 0
320 0
325 0
330 0
335 0
340 0
345 0
350 0
355 0
360 0
365 0
370 0
375 0
380 0
385 0
390 0
395 0
400 0
405 0
410 0
415 0
420 0
425 0
430 0
435 0
440 0
445 0
450 0
455 0
460 0
465 0
470 0
475 0
480 0
485 0
490 0
495 0
91 0
5 0
10 92.26
15 3.03
20 2.14
25 1.05
30 0.67
35 0.34
40 0.18
45 0.08
50 0.07
55 0.08
60 0.06
65 0.03
70 0
75 0
80 0
85 0.01
90 0
95 0
100 0
105 0
110 0
115 0
120 0
125 0
130 0
135 0
140 0
145 0
150 0
155 0
160 0
165 0
170 0
175 0
180 0
185 0
190 0
195 0
200 0
205 0
210 0
215 0
220 0
225 0
230 0
235 0
240 0
245 0
250 0
255 0
260 0
265 0
270 0
275 0
280 0
285 0
290 0
295 0
300 0
305 0
310 0
315 0
320 0
325 0
330 0
335 0
340 0
345 0
350 0
355 0
360 0
365 0
370 0
375 0
380 0
385 0
390 0
395 0
400 0
405 0
410 0
415 0
420 0
425 0
430 0
435 0
440 0
445 0
450 0
455 0
460 0
465 0
470 0
475 0
480 0
485 0
490 0
495 0
80 0
5 0
10 92.7
15 2.84
20 1.69
25 1.16
30 0.62
35 0.38
40 0.2
45 0.15
50 0.05
55 0.08
60 0.03
65 0.03
70 0.01
75 0.03
80 0
85 0
90 0
95 0
100 0.01
105 0
110 0.01
115 0
120 0
125 0
130 0
135 0
140 0
145 0
150 0
155 0
160 0
165 0
170 0.01
175 0
180 0
185 0
190 0
195 0
200 0
205 0
210 0
215 0
220 0
225 0
230 0
235 0
240 0
245 0
250 0
255 0
260 0
265 0
270 0
275 0
280 0
285 0
290 0
295 0
300 0
305 0
310 0
315 0
320 0
325 0
330 0
335 0
340 0
345 0
350 0
355 0
360 0
365 0
370 0
375 0
380 0
385 0
390 0
395 0
400 0
405 0
410 0
415 0
420 0
425 0
430 0
435 0
440 0
445 0
450 0
455 0
460 0
465 0
470 0
475 0
480 0
485 0
490 0
495 0
168 0
5 0
10 92.2
15 2.82
20 2
25 1.2
30 0.81
35 0.31
40 0.26
45 0.14
50 0.12
55 0.06
60 0.04
65 0.02
70 0
75 0.01
80 0
85 0
90 0
95 0
100 0
105 0
110 0
115 0
120 0
125 0
130 0
135 0.01
140 0
145 0
150 0
155 0
160 0
165 0
170 0
175 0
180 0
185 0
190 0
195 0
200 0
205 0
210 0
215 0
220 0
225 0
230 0
235 0
240 0
245 0
250 0
255 0
260 0
265 0
270 0
275 0
280 0
285 0
290 0
295 0
300 0
305 0
310 0
315 0
320 0
325 0
330 0
335 0
340 0
345 0
350 0
355 0
360 0
365 0
370 0
375 0
380 0
385 0
390 0
395 0
400 0
405 0
410 0
415 0
420 0
425 0
430 0
435 0
440 0
445 0
450 0
455 0
460 0
465 0
470 0
475 0
480 0
485 0
490 0
495 0
132 0
