5.41094
5.1922
5.28134
5.41168
5.39916
5.43697
5.28134
5.44737
5.33801
5.43654
5.46089
5.29469
5.40028
5.31844
5.32168
5.43478
5.48179
5.54381
5.60504
5.40839
5.48607
5.58345
5.6053
5.51883
5.43096
5.55911
5.68252
5.58741
5.33333
5.32078
5.42997
5.51599
5.44413
5.48886
5.55602
5.62378
5.77964
5.63231
5.82173
5.52793
5.64256
5.48886
5.84401
5.2663
5.5014
5.46379
5.4567
5.39021
5.49512
5.44118
5.38022
5.29207
5.5035
5.2521
5.23776
5.61173
5.51257
5.58275
5.43296
5.45746
5.37483
5.3338
5.69596
5.68296
5.47075
5.62674
5.35844
5.33983
5.25947
5.3324
5.2381
5.28951
5.24613
5.30996
5.32078
5.28969
5.3078
5.31608
5.27669
5.34075
5.21818
8.18322
7.6815
7.87273
7.43036
8.35327
7.46078
9.42479
8.53975
6.97059
7.50698
7.39385
7.95822
8.0014
8.2357
7.94685
