5 1.4
10 4.8
15 3.5
20 2.8
25 2.8
30 2.7
35 3.8
40 3.4
45 2.9
50 3.1
55 4
60 3.5
65 5.4
70 4
75 3.8
80 4.5
85 5
90 4.1
95 2.7
100 2.8
105 4.2
110 2.5
115 2.4
120 1.9
125 1
130 1.1
135 2
140 1.7
145 1.2
150 0.9
155 1.6
160 0.5
165 1
170 1.6
175 0.5
180 0.6
185 0.8
190 0.3
195 0.5
200 0.7
205 0.2
210 0.1
215 0.4
220 0
225 0.2
230 0
235 0.4
240 0.1
245 0.1
250 0.1
255 0
260 0.1
265 0.2
270 0
275 0.1
280 0
285 0
290 0
295 0
300 0
305 0
310 0
315 0
320 0
325 0
330 0
335 0
340 0
345 0
350 0
355 0
360 0
365 0
370 0
375 0
380 0
385 0
390 0
395 0
400 0
405 0
410 0
415 0
420 0
425 0
430 0
435 0
440 0
445 0
450 0
455 0
460 0
465 0
470 0
475 0
480 0
485 0
490 0
495 0
271 0
5 1.2
10 5.5
15 4.2
20 4.5
25 4.3
30 3.1
35 3
40 4.5
45 3.9
50 3.4
55 3.7
60 4
65 3.2
70 3.4
75 3.9
80 4.5
85 5.1
90 3.8
95 4
100 3.3
105 1.6
110 2.5
115 1.7
120 1.5
125 1.2
130 1
135 1.3
140 0.7
145 1.2
150 0.7
155 0.7
160 0.9
165 1.1
170 0.5
175 0.7
180 0.3
185 0.1
190 0.8
195 0.1
200 0.7
205 0.5
210 0.4
215 0.3
220 0.4
225 0.3
230 0.3
235 0.3
240 0.1
245 0
250 0.1
255 0.1
260 0.1
265 0.1
270 0.3
275 0.2
280 0.1
285 0.1
290 0
295 0
300 0.1
305 0.1
310 0
315 0
320 0.1
325 0.1
330 0.1
335 0
340 0
345 0
350 0
355 0
360 0
365 0
370 0
375 0
380 0
385 0
390 0
395 0
400 0
405 0
410 0
415 0
420 0
425 0
430 0
435 0
440 0
445 0
450 0
455 0
460 0
465 0
470 0
475 0
480 0
485 0
490 0
495 0
326 0
5 2.2
10 6
15 3.5
20 4.5
25 4.8
30 4.2
35 3.3
40 3.1
45 4.4
50 3.8
55 3.3
60 4.5
65 3.8
70 4.3
75 5.8
80 4.1
85 4.4
90 3.1
95 3.9
100 3
105 2.5
110 2.6
115 1.9
120 1.1
125 0.9
130 1.1
135 0.7
140 1
145 0.5
150 0.7
155 0.6
160 1
165 0.5
170 0.3
175 0.8
180 0.4
185 0.3
190 0.2
195 0.3
200 0.2
205 0.3
210 0.4
215 0.1
220 0.2
225 0.1
230 0.2
235 0.1
240 0
245 0
250 0.1
255 0.3
260 0
265 0.1
270 0
275 0
280 0
285 0.1
290 0
295 0.1
300 0.1
305 0
310 0.1
315 0
320 0
325 0
330 0
335 0
340 0
345 0.1
350 0
355 0
360 0
365 0
370 0
375 0
380 0
385 0
390 0
395 0
400 0
405 0
410 0
415 0
420 0
425 0
430 0
435 0
440 0
445 0
450 0
455 0
460 0
465 0
470 0
475 0
480 0
485 0
490 0
495 0
340 0
5 1.5
10 5.5
15 3.8
20 4
25 5.1
30 4.9
35 2.8
40 4.7
45 3.2
50 4.5
55 4.2
60 3.8
65 3.6
70 6
75 5.6
80 3.8
85 2.7
90 3
95 2.9
100 3.7
105 1.8
110 2.9
115 2.1
120 1.6
125 1
130 0.6
135 1.3
140 0.8
145 0.8
150 0.4
155 0.8
160 0.4
165 0.4
170 0.7
175 0.4
180 0.4
185 0.2
190 0.2
195 0.4
200 0.6
205 0.3
210 0.2
215 0.5
220 0.1
225 0
230 0.1
235 0.2
240 0.1
245 0.1
250 0.2
255 0.1
260 0.2
265 0.1
270 0
275 0.1
280 0.1
285 0.1
290 0
295 0
300 0.2
305 0
310 0.1
315 0
320 0
325 0
330 0
335 0
340 0
345 0
350 0
355 0.1
360 0
365 0
370 0
375 0
380 0
385 0
390 0
395 0
400 0
405 0
410 0
415 0
420 0
425 0
430 0
435 0
440 0
445 0
450 0
455 0
460 0
465 0
470 0
475 0
480 0
485 0
490 0
495 0
350 0
5 1.1
10 3.7
15 4.2
20 3.1
25 3.5
30 4.9
35 4.3
40 3.4
45 3.7
50 3.7
55 4.6
60 3.2
65 3.8
70 3.4
75 3.2
80 4.4
85 3.9
90 3.6
95 3.1
100 2.8
105 3.7
110 2.9
115 2.5
120 1.5
125 1.3
130 0.8
135 0.9
140 1
145 0.6
150 1.2
155 1.4
160 0.6
165 1
170 0.7
175 0.8
180 0.2
185 0.6
190 0.3
195 0.8
200 0.2
205 0.5
210 0.3
215 0.5
220 0.2
225 0.1
230 0.2
235 0.2
240 0.3
245 0.6
250 0.1
255 0.2
260 0.1
265 0.2
270 0.2
275 0
280 0.3
285 0
290 0.1
295 0.3
300 0
305 0.2
310 0.3
315 0
320 0.1
325 0
330 0
335 0.1
340 0.1
345 0.1
350 0
355 0
360 0
365 0
370 0
375 0
380 0
385 0
390 0
395 0
400 0.1
405 0
410 0
415 0
420 0
425 0
430 0
435 0
440 0
445 0
450 0
455 0
460 0
465 0
470 0
475 0
480 0
485 0
490 0
495 0
399 0
5 2.7
10 5.5
15 4.2
20 4.6
25 4.5
30 4.3
35 3.9
40 4
45 4
50 3
55 2.8
60 3.4
65 3.6
70 2
75 4.1
80 3.6
85 3.3
90 3.8
95 2.7
100 4.8
105 2.6
110 2.9
115 2.9
120 1.6
125 1
130 0.8
135 1.1
140 1.2
145 0.4
150 1
155 0.6
160 1.2
165 0.9
170 0.8
175 0.7
180 0.2
185 0.2
190 0.4
195 0.4
200 0.4
205 0.7
210 0.2
215 0.5
220 0.1
225 0.2
230 0.1
235 0.1
240 0.6
245 0
250 0.2
255 0
260 0.1
265 0.1
270 0
275 0
280 0
285 0
290 0.1
295 0.2
300 0.2
305 0
310 0.1
315 0.1
320 0
325 0
330 0
335 0
340 0
345 0.1
350 0
355 0
360 0
365 0.1
370 0
375 0
380 0
385 0
390 0
395 0
400 0
405 0.1
410 0
415 0
420 0
425 0
430 0
435 0
440 0
445 0
450 0
455 0
460 0
465 0
470 0
475 0
480 0
485 0
490 0
495 0
402 0
5 1.5
10 5.8
15 4.6
20 4.6
25 4.2
30 3.7
35 3.7
40 3.5
45 3.6
50 4.9
55 5.1
60 4.3
65 3.1
70 3.2
75 4.7
80 3.6
85 4.6
90 3.2
95 4.6
100 2.6
105 2.6
110 1.5
115 1.9
120 1.4
125 0.7
130 1
135 0.9
140 1.2
145 1
150 0.6
155 0.6
160 0.7
165 0.7
170 0.5
175 0.7
180 0.2
185 0.4
190 0.4
195 0.4
200 0.3
205 0.7
210 0.4
215 0
220 0.2
225 0.2
230 0.3
235 0.2
240 0.4
245 0
250 0
255 0
260 0.1
265 0.1
270 0
275 0.1
280 0
285 0
290 0
295 0.1
300 0.2
305 0.1
310 0
315 0
320 0
325 0
330 0
335 0
340 0
345 0.1
350 0
355 0
360 0
365 0
370 0
375 0
380 0
385 0
390 0
395 0
400 0
405 0
410 0
415 0
420 0
425 0
430 0
435 0
440 0
445 0
450 0
455 0
460 0
465 0
470 0
475 0
480 0
485 0
490 0
495 0
340 0
5 1.1
10 6.2
15 4
20 2.7
25 4.1
30 5
35 3.5
40 4.5
45 4
50 3.8
55 5.3
60 4.2
65 3.9
70 3
75 3
80 4.5
85 4
90 3.6
95 3.4
100 3.4
105 1.9
110 2.5
115 2
120 1.9
125 1.3
130 0.4
135 1.2
140 1.1
145 0.7
150 1
155 0.7
160 1
165 0.4
170 0.4
175 0.5
180 0.5
185 0.8
190 0.6
195 0.6
200 0.6
205 0.5
210 0.2
215 0.1
220 0.2
225 0.1
230 0.5
235 0.2
240 0.2
245 0.1
250 0
255 0.1
260 0.2
265 0.1
270 0.1
275 0
280 0
285 0
290 0
295 0
300 0
305 0
310 0
315 0
320 0
325 0
330 0
335 0.1
340 0
345 0
350 0
355 0
360 0
365 0
370 0
375 0
380 0
385 0
390 0
395 0
400 0
405 0
410 0
415 0
420 0
425 0
430 0
435 0
440 0
445 0
450 0
455 0
460 0
465 0
470 0
475 0
480 0
485 0
490 0
495 0
330 0
5 1.5
10 6.5
15 2.9
20 4.4
25 4
30 5.4
35 3.2
40 3.8
45 3.9
50 4.2
55 4.1
60 4.9
65 3.7
70 4.5
75 4.2
80 4.3
85 3.9
90 3.1
95 3.8
100 3.1
105 2.5
110 2.4
115 0.8
120 0.7
125 0.9
130 0.6
135 1.2
140 0.7
145 1
150 1
155 0.9
160 0.8
165 0.7
170 0.6
175 0.8
180 0.3
185 0.3
190 0.4
195 0.4
200 0.4
205 0.2
210 0.3
215 0.1
220 0.1
225 0.4
230 0.1
235 0.1
240 0.1
245 0
250 0.3
255 0.1
260 0.1
265 0.2
270 0.1
275 0
280 0.1
285 0.1
290 0
295 0
300 0
305 0
310 0
315 0
320 0.1
325 0.1
330 0.1
335 0.1
340 0
345 0
350 0
355 0
360 0
365 0
370 0
375 0
380 0.1
385 0
390 0
395 0
400 0
405 0
410 0.1
415 0
420 0.1
425 0
430 0
435 0
440 0
445 0
450 0
455 0.1
460 0
465 0
470 0
475 0
480 0
485 0
490 0
495 0
454 0
5 1.5
10 6.1
15 5.2
20 5.2
25 3.8
30 4.5
35 4.7
40 4.4
45 3.9
50 3
55 3.5
60 4.3
65 2.9
70 4.5
75 4
80 4.7
85 4.8
90 3
95 3.9
100 3.6
105 2.3
110 2.3
115 1.9
120 1
125 1.2
130 0.5
135 0.8
140 0.9
145 0.8
150 0.5
155 0.5
160 1.2
165 0.7
170 0.4
175 0.7
180 0.3
185 0.7
190 0.1
195 0.2
200 0.2
205 0.1
210 0.3
215 0.1
220 0.1
225 0.1
230 0
235 0
240 0
245 0.1
250 0.1
255 0.2
260 0
265 0
270 0
275 0
280 0.1
285 0
290 0
295 0.1
300 0
305 0
310 0
315 0
320 0
325 0
330 0
335 0
340 0
345 0
350 0
355 0
360 0
365 0
370 0
375 0
380 0
385 0
390 0
395 0
400 0
405 0
410 0
415 0
420 0
425 0
430 0
435 0
440 0
445 0
450 0
455 0
460 0
465 0
470 0
475 0
480 0
485 0
490 0
495 0
290 0
5 0.6
10 6.4
15 4.2
20 3.4
25 3.4
30 3.4
35 4
40 2.8
45 4.1
50 3
55 4.1
60 4.8
65 3.5
70 3.3
75 4.2
80 4.2
85 3.8
90 3.2
95 4.3
100 4.5
105 3.1
110 1.9
115 1.5
120 2
125 2
130 1
135 0.7
140 0.5
145 0.4
150 0.8
155 0.7
160 1.1
165 1.3
170 0.8
175 0.8
180 1
185 0.8
190 0.4
195 0.3
200 0.3
205 0.6
210 0.3
215 0.1
220 0.2
225 0.3
230 0.2
235 0
240 0
245 0.1
250 0.1
255 0
260 0.3
265 0
270 0.1
275 0.1
280 0.2
285 0.1
290 0.1
295 0.1
300 0
305 0
310 0
315 0.1
320 0
325 0
330 0.1
335 0.1
340 0
345 0.1
350 0
355 0
360 0
365 0
370 0
375 0.1
380 0
385 0
390 0
395 0
400 0
405 0
410 0
415 0
420 0
425 0
430 0
435 0
440 0
445 0
450 0
455 0
460 0
465 0
470 0
475 0
480 0
485 0
490 0
495 0
372 0
5 1.3
10 4.6
15 4.5
20 5.7
25 4
30 3.1
35 4
40 3.1
45 3.9
50 3
55 4
60 4.5
65 4.4
70 3.1
75 3.2
80 3.6
85 4.7
90 3.1
95 3.2
100 3.2
105 2.5
110 3.3
115 2.6
120 1.4
125 1.9
130 1.1
135 0.8
140 0.7
145 1.7
150 0.8
155 0.6
160 1
165 0.5
170 0.8
175 0.6
180 0.5
185 0.9
190 0.4
195 0.2
200 0.2
205 0.2
210 0.3
215 0.1
220 0.6
225 0.2
230 0
235 0.3
240 0.2
245 0.2
250 0
255 0.1
260 0.2
265 0
270 0.1
275 0.2
280 0.2
285 0
290 0.1
295 0
300 0
305 0.1
310 0
315 0
320 0.1
325 0
330 0
335 0
340 0
345 0
350 0
355 0
360 0.1
365 0
370 0
375 0
380 0
385 0
390 0
395 0
400 0
405 0
410 0
415 0
420 0
425 0
430 0
435 0
440 0
445 0
450 0
455 0
460 0
465 0
470 0
475 0
480 0
485 0
490 0
495 0
356 0
5 1.7
10 5.7
15 4.9
20 4.7
25 4.4
30 3.8
35 5.5
40 3.7
45 4
50 4.4
55 5.3
60 4.6
65 4.5
70 3.9
75 3.4
80 4.3
85 2.7
90 3.8
95 3.4
100 2.8
105 3.4
110 2.6
115 1.4
120 1
125 1.1
130 1.3
135 0.8
140 0.5
145 0.8
150 1
155 0.4
160 0.6
165 0.4
170 0.4
175 0.6
180 0.1
185 0.3
190 0.4
195 0.2
200 0.4
205 0
210 0.1
215 0
220 0.2
225 0.1
230 0.2
235 0
240 0
245 0.1
250 0.1
255 0
260 0
265 0
270 0
275 0
280 0
285 0
290 0
295 0
300 0
305 0
310 0
315 0
320 0
325 0
330 0
335 0
340 0
345 0
350 0
355 0
360 0
365 0
370 0
375 0
380 0
385 0
390 0
395 0
400 0
405 0
410 0
415 0
420 0
425 0
430 0
435 0
440 0
445 0
450 0
455 0
460 0
465 0
470 0
475 0
480 0
485 0
490 0
495 0
249 0
5 1.4
10 4.5
15 4.8
20 4.9
25 4.3
30 4.4
35 4.5
40 3.9
45 5.1
50 4.1
55 4
60 4.8
65 4.3
70 4.5
75 3.8
80 3.7
85 2.6
90 3.3
95 2.9
100 3.5
105 3
110 2.5
115 1.5
120 1.4
125 1
130 1.2
135 0.7
140 0.4
145 0.7
150 1
155 0.7
160 0.3
165 0.3
170 0.8
175 0.5
180 0.9
185 0.3
190 0.6
195 0.3
200 0.1
205 0.5
210 0.4
215 0
220 0.2
225 0.1
230 0.1
235 0.2
240 0
245 0
250 0.1
255 0
260 0.2
265 0
270 0.3
275 0
280 0
285 0.1
290 0
295 0.1
300 0
305 0
310 0.1
315 0.1
320 0
325 0
330 0
335 0
340 0
345 0
350 0
355 0
360 0
365 0
370 0
375 0
380 0
385 0
390 0
395 0
400 0
405 0
410 0
415 0
420 0
425 0
430 0
435 0
440 0
445 0
450 0
455 0
460 0
465 0
470 0
475 0
480 0
485 0
490 0
495 0
311 0
5 1
10 5.2
15 4.5
20 3.3
25 4.4
30 4.5
35 3.5
40 3.7
45 3.6
50 3
55 3.9
60 3.7
65 4.8
70 3.8
75 3.3
80 4.6
85 4.8
90 3.9
95 3
100 3.2
105 2.9
110 3.1
115 1.2
120 1.8
125 1.7
130 1.1
135 1.1
140 1.3
145 0.8
150 0.7
155 0.8
160 0.9
165 0.9
170 0.4
175 0.2
180 1
185 0.3
190 0.9
195 0.5
200 0.4
205 0.3
210 0.2
215 0.3
220 0.1
225 0.1
230 0
235 0.2
240 0.1
245 0
250 0.1
255 0.2
260 0.2
265 0.1
270 0.1
275 0.1
280 0.2
285 0
290 0
295 0
300 0
305 0
310 0
315 0
320 0
325 0
330 0
335 0
340 0
345 0
350 0
355 0
360 0
365 0
370 0
375 0
380 0
385 0
390 0
395 0
400 0
405 0
410 0
415 0
420 0
425 0
430 0
435 0
440 0
445 0
450 0
455 0
460 0
465 0
470 0
475 0
480 0
485 0
490 0
495 0
279 0
