5 0
10 6
15 3
20 5
25 1
30 2
35 4
40 3
45 7
50 3
55 3
60 6
65 4
70 4
75 3
80 2
85 5
90 3
95 2
100 1
105 3
110 3
115 2
120 3
125 6
130 2
135 2
140 2
145 1
150 1
155 1
160 1
165 3
170 1
175 0
180 0
185 0
190 1
195 0
200 1
205 0
210 0
215 0
220 0
225 0
230 0
235 0
240 0
245 0
250 0
255 0
260 0
265 0
270 0
275 0
280 0
285 0
290 0
295 0
300 0
305 0
310 0
315 0
320 0
325 0
330 0
335 0
340 0
345 0
350 0
355 0
360 0
365 0
370 0
375 0
380 0
385 0
390 0
395 0
400 0
405 0
410 0
415 0
420 0
425 0
430 0
435 0
440 0
445 0
450 0
455 0
460 0
465 0
470 0
475 0
480 0
485 0
490 0
495 0
199 0
5 2
10 7
15 2
20 3
25 4
30 6
35 2
40 3
45 4
50 2
55 3
60 5
65 6
70 4
75 4
80 4
85 4
90 2
95 3
100 2
105 3
110 1
115 2
120 3
125 3
130 2
135 3
140 4
145 1
150 1
155 2
160 0
165 1
170 0
175 1
180 0
185 1
190 0
195 0
200 0
205 0
210 0
215 0
220 0
225 0
230 0
235 0
240 0
245 0
250 0
255 0
260 0
265 0
270 0
275 0
280 0
285 0
290 0
295 0
300 0
305 0
310 0
315 0
320 0
325 0
330 0
335 0
340 0
345 0
350 0
355 0
360 0
365 0
370 0
375 0
380 0
385 0
390 0
395 0
400 0
405 0
410 0
415 0
420 0
425 0
430 0
435 0
440 0
445 0
450 0
455 0
460 0
465 0
470 0
475 0
480 0
485 0
490 0
495 0
184 0
5 1
10 5
15 3
20 4
25 4
30 2
35 5
40 4
45 3
50 3
55 4
60 7
65 2
70 3
75 6
80 1
85 3
90 2
95 4
100 2
105 4
110 3
115 3
120 0
125 4
130 0
135 2
140 4
145 1
150 3
155 1
160 1
165 1
170 2
175 1
180 0
185 0
190 0
195 1
200 0
205 0
210 0
215 0
220 0
225 0
230 1
235 0
240 0
245 0
250 0
255 0
260 0
265 0
270 0
275 0
280 0
285 0
290 0
295 0
300 0
305 0
310 0
315 0
320 0
325 0
330 0
335 0
340 0
345 0
350 0
355 0
360 0
365 0
370 0
375 0
380 0
385 0
390 0
395 0
400 0
405 0
410 0
415 0
420 0
425 0
430 0
435 0
440 0
445 0
450 0
455 0
460 0
465 0
470 0
475 0
480 0
485 0
490 0
495 0
229 0
5 3
10 4
15 5
20 3
25 4
30 3
35 2
40 5
45 3
50 4
55 5
60 5
65 1
70 4
75 2
80 6
85 4
90 2
95 2
100 4
105 1
110 1
115 7
120 1
125 3
130 2
135 1
140 1
145 3
150 1
155 2
160 1
165 1
170 1
175 1
180 0
185 0
190 1
195 0
200 0
205 1
210 0
215 0
220 0
225 0
230 0
235 0
240 0
245 0
250 0
255 0
260 0
265 0
270 0
275 0
280 0
285 0
290 0
295 0
300 0
305 0
310 0
315 0
320 0
325 0
330 0
335 0
340 0
345 0
350 0
355 0
360 0
365 0
370 0
375 0
380 0
385 0
390 0
395 0
400 0
405 0
410 0
415 0
420 0
425 0
430 0
435 0
440 0
445 0
450 0
455 0
460 0
465 0
470 0
475 0
480 0
485 0
490 0
495 0
200 0
5 2
10 5
15 4
20 1
25 2
30 5
35 1
40 6
45 7
50 3
55 3
60 1
65 5
70 5
75 3
80 4
85 3
90 2
95 4
100 0
105 2
110 6
115 2
120 3
125 1
130 2
135 2
140 5
145 1
150 3
155 2
160 1
165 2
170 1
175 1
180 0
185 0
190 0
195 0
200 0
205 0
210 0
215 0
220 0
225 0
230 0
235 0
240 0
245 0
250 0
255 0
260 0
265 0
270 0
275 0
280 0
285 0
290 0
295 0
300 0
305 0
310 0
315 0
320 0
325 0
330 0
335 0
340 0
345 0
350 0
355 0
360 0
365 0
370 0
375 0
380 0
385 0
390 0
395 0
400 0
405 0
410 0
415 0
420 0
425 0
430 0
435 0
440 0
445 0
450 0
455 0
460 0
465 0
470 0
475 0
480 0
485 0
490 0
495 0
171 0
5 2
10 4
15 6
20 1
25 4
30 3
35 4
40 5
45 2
50 5
55 5
60 3
65 2
70 3
75 4
80 5
85 2
90 4
95 2
100 5
105 2
110 2
115 1
120 4
125 4
130 4
135 2
140 1
145 2
150 0
155 3
160 1
165 1
170 1
175 1
180 0
185 0
190 0
195 0
200 0
205 0
210 0
215 0
220 0
225 0
230 0
235 0
240 0
245 0
250 0
255 0
260 0
265 0
270 0
275 0
280 0
285 0
290 0
295 0
300 0
305 0
310 0
315 0
320 0
325 0
330 0
335 0
340 0
345 0
350 0
355 0
360 0
365 0
370 0
375 0
380 0
385 0
390 0
395 0
400 0
405 0
410 0
415 0
420 0
425 0
430 0
435 0
440 0
445 0
450 0
455 0
460 0
465 0
470 0
475 0
480 0
485 0
490 0
495 0
174 0
5 2
10 5
15 3
20 5
25 6
30 3
35 2
40 4
45 5
50 4
55 2
60 3
65 2
70 5
75 7
80 3
85 3
90 2
95 3
100 4
105 4
110 3
115 2
120 4
125 3
130 1
135 1
140 1
145 1
150 2
155 1
160 2
165 1
170 0
175 0
180 0
185 1
190 0
195 0
200 0
205 0
210 0
215 0
220 0
225 0
230 0
235 0
240 0
245 0
250 0
255 0
260 0
265 0
270 0
275 0
280 0
285 0
290 0
295 0
300 0
305 0
310 0
315 0
320 0
325 0
330 0
335 0
340 0
345 0
350 0
355 0
360 0
365 0
370 0
375 0
380 0
385 0
390 0
395 0
400 0
405 0
410 0
415 0
420 0
425 0
430 0
435 0
440 0
445 0
450 0
455 0
460 0
465 0
470 0
475 0
480 0
485 0
490 0
495 0
181 0
5 1
10 8
15 3
20 2
25 5
30 6
35 1
40 3
45 4
50 3
55 4
60 2
65 7
70 2
75 3
80 4
85 7
90 2
95 1
100 3
105 3
110 1
115 3
120 3
125 2
130 3
135 2
140 2
145 1
150 0
155 2
160 3
165 0
170 0
175 0
180 2
185 1
190 0
195 0
200 1
205 0
210 0
215 0
220 0
225 0
230 0
235 0
240 0
245 0
250 0
255 0
260 0
265 0
270 0
275 0
280 0
285 0
290 0
295 0
300 0
305 0
310 0
315 0
320 0
325 0
330 0
335 0
340 0
345 0
350 0
355 0
360 0
365 0
370 0
375 0
380 0
385 0
390 0
395 0
400 0
405 0
410 0
415 0
420 0
425 0
430 0
435 0
440 0
445 0
450 0
455 0
460 0
465 0
470 0
475 0
480 0
485 0
490 0
495 0
196 0
5 0
10 5
15 4
20 4
25 4
30 3
35 6
40 3
45 1
50 5
55 2
60 4
65 4
70 4
75 4
80 3
85 1
90 4
95 3
100 4
105 4
110 2
115 2
120 5
125 1
130 1
135 2
140 3
145 3
150 1
155 2
160 0
165 1
170 1
175 2
180 0
185 0
190 1
195 1
200 0
205 0
210 0
215 0
220 0
225 0
230 0
235 0
240 0
245 0
250 0
255 0
260 0
265 0
270 0
275 0
280 0
285 0
290 0
295 0
300 0
305 0
310 0
315 0
320 0
325 0
330 0
335 0
340 0
345 0
350 0
355 0
360 0
365 0
370 0
375 0
380 0
385 0
390 0
395 0
400 0
405 0
410 0
415 0
420 0
425 0
430 0
435 0
440 0
445 0
450 0
455 0
460 0
465 0
470 0
475 0
480 0
485 0
490 0
495 0
193 0
5 0
10 4
15 5
20 4
25 6
30 4
35 4
40 1
45 3
50 3
55 7
60 1
65 4
70 5
75 4
80 1
85 3
90 3
95 4
100 6
105 3
110 2
115 2
120 1
125 2
130 4
135 3
140 2
145 0
150 1
155 2
160 1
165 1
170 0
175 0
180 1
185 1
190 1
195 1
200 0
205 0
210 0
215 0
220 0
225 0
230 0
235 0
240 0
245 0
250 0
255 0
260 0
265 0
270 0
275 0
280 0
285 0
290 0
295 0
300 0
305 0
310 0
315 0
320 0
325 0
330 0
335 0
340 0
345 0
350 0
355 0
360 0
365 0
370 0
375 0
380 0
385 0
390 0
395 0
400 0
405 0
410 0
415 0
420 0
425 0
430 0
435 0
440 0
445 0
450 0
455 0
460 0
465 0
470 0
475 0
480 0
485 0
490 0
495 0
191 0
5 2
10 3
15 3
20 5
25 2
30 8
35 3
40 1
45 5
50 3
55 6
60 2
65 3
70 3
75 5
80 2
85 3
90 4
95 3
100 3
105 2
110 3
115 2
120 4
125 1
130 3
135 2
140 2
145 1
150 3
155 1
160 1
165 0
170 2
175 0
180 0
185 3
190 0
195 0
200 0
205 1
210 0
215 0
220 0
225 0
230 0
235 0
240 0
245 0
250 0
255 0
260 0
265 0
270 0
275 0
280 0
285 0
290 0
295 0
300 0
305 0
310 0
315 0
320 0
325 0
330 0
335 0
340 0
345 0
350 0
355 0
360 0
365 0
370 0
375 0
380 0
385 0
390 0
395 0
400 0
405 0
410 0
415 0
420 0
425 0
430 0
435 0
440 0
445 0
450 0
455 0
460 0
465 0
470 0
475 0
480 0
485 0
490 0
495 0
202 0
5 2
10 5
15 3
20 3
25 4
30 4
35 3
40 6
45 4
50 2
55 3
60 4
65 5
70 2
75 5
80 2
85 5
90 3
95 1
100 2
105 5
110 5
115 2
120 1
125 3
130 1
135 2
140 1
145 2
150 0
155 3
160 0
165 2
170 1
175 2
180 0
185 0
190 1
195 0
200 0
205 0
210 1
215 0
220 0
225 0
230 0
235 0
240 0
245 0
250 0
255 0
260 0
265 0
270 0
275 0
280 0
285 0
290 0
295 0
300 0
305 0
310 0
315 0
320 0
325 0
330 0
335 0
340 0
345 0
350 0
355 0
360 0
365 0
370 0
375 0
380 0
385 0
390 0
395 0
400 0
405 0
410 0
415 0
420 0
425 0
430 0
435 0
440 0
445 0
450 0
455 0
460 0
465 0
470 0
475 0
480 0
485 0
490 0
495 0
206 0
5 0
10 5
15 7
20 4
25 1
30 6
35 4
40 2
45 3
50 3
55 3
60 5
65 7
70 4
75 1
80 1
85 7
90 3
95 3
100 2
105 4
110 3
115 3
120 1
125 3
130 0
135 3
140 2
145 2
150 3
155 1
160 1
165 0
170 1
175 0
180 0
185 1
190 0
195 1
200 0
205 0
210 0
215 0
220 0
225 0
230 0
235 0
240 0
245 0
250 0
255 0
260 0
265 0
270 0
275 0
280 0
285 0
290 0
295 0
300 0
305 0
310 0
315 0
320 0
325 0
330 0
335 0
340 0
345 0
350 0
355 0
360 0
365 0
370 0
375 0
380 0
385 0
390 0
395 0
400 0
405 0
410 0
415 0
420 0
425 0
430 0
435 0
440 0
445 0
450 0
455 0
460 0
465 0
470 0
475 0
480 0
485 0
490 0
495 0
190 0
5 0
10 8
15 2
20 4
25 3
30 1
35 4
40 7
45 1
50 3
55 4
60 6
65 3
70 3
75 6
80 3
85 3
90 3
95 3
100 0
105 4
110 4
115 2
120 0
125 8
130 0
135 1
140 3
145 1
150 2
155 2
160 1
165 2
170 0
175 0
180 1
185 1
190 1
195 0
200 0
205 0
210 0
215 0
220 0
225 0
230 0
235 0
240 0
245 0
250 0
255 0
260 0
265 0
270 0
275 0
280 0
285 0
290 0
295 0
300 0
305 0
310 0
315 0
320 0
325 0
330 0
335 0
340 0
345 0
350 0
355 0
360 0
365 0
370 0
375 0
380 0
385 0
390 0
395 0
400 0
405 0
410 0
415 0
420 0
425 0
430 0
435 0
440 0
445 0
450 0
455 0
460 0
465 0
470 0
475 0
480 0
485 0
490 0
495 0
185 0
5 3
10 6
15 2
20 5
25 0
30 5
35 5
40 2
45 3
50 5
55 2
60 5
65 6
70 3
75 4
80 5
85 1
90 4
95 2
100 3
105 2
110 3
115 4
120 0
125 5
130 1
135 2
140 2
145 5
150 0
155 3
160 1
165 0
170 0
175 0
180 1
185 0
190 0
195 0
200 0
205 0
210 0
215 0
220 0
225 0
230 0
235 0
240 0
245 0
250 0
255 0
260 0
265 0
270 0
275 0
280 0
285 0
290 0
295 0
300 0
305 0
310 0
315 0
320 0
325 0
330 0
335 0
340 0
345 0
350 0
355 0
360 0
365 0
370 0
375 0
380 0
385 0
390 0
395 0
400 0
405 0
410 0
415 0
420 0
425 0
430 0
435 0
440 0
445 0
450 0
455 0
460 0
465 0
470 0
475 0
480 0
485 0
490 0
495 0
176 0
