28
26
36
5
17
38
36
44
16
53
14
6
6
16
42
24
9
47
9
25
51
5
43
10
41
8
38
7
32
15
42
5
10
16
38
57
56
18
22
26
32
43
20
39
25
50
42
56
43
27
30
59
15
27
48
60
4
25
31
84
29
54
7
6
55
66
65
28
8
45
59
60
8
21
38
10
66
57
21
33
47
21
33
32
28
13
47
63
41
28
15
41
42
63
50
11
16
31
47
47
21
24
39
5
5
16
44
15
49
46
18
17
22
32
5
57
46
66
7
58
15
43
60
26
26
40
26
49
62
62
51
98
37
51
43
19
66
30
40
61
49
71
31
9
44
19
57
62
28
67
21
37
67
56
53
31
13
18
12
20
31
5
32
44
42
23
54
61
19
11
53
22
7
35
19
25
4
38
19
52
33
29
11
64
13
46
26
55
34
5
42
36
46
5
47
62
41
30
34
89
26
12
8
14
18
24
24
17
20
30
26
28
31
4
30
32
17
43
40
48
46
11
16
41
4
27
25
36
7
20
28
52
28
29
15
17
62
48
44
25
21
49
49
19
31
57
45
50
7
46
14
58
5
55
5
47
36
22
14
13
4
42
60
50
47
23
64
102
7
7
17
30
46
43
63
4
58
6
28
56
22
48
31
39
12
17
51
34
41
46
63
62
72
24
6
7
93
33
50
50
9
17
16
8
10
21
23
33
19
43
41
15
20
16
10
8
51
25
61
43
41
8
17
4
17
5
48
35
12
61
67
41
7
49
21
47
30
14
18
45
12
7
23
41
17
31
22
39
30
18
48
63
5
21
37
55
66
52
66
54
65
82
25
36
5
31
5
28
65
21
34
34
66
41
42
51
18
48
13
69
69
5
43
19
32
5
25
51
25
5
8
58
65
35
66
55
9
14
59
59
18
18
17
15
9
20
7
5
4
5
8
20
24
24
44
42
41
20
28
12
26
55
6
49
12
9
48
61
69
54
38
51
48
34
14
69
15
9
4
63
13
51
46
39
112
43
23
36
33
53
26
4
55
18
43
65
7
16
30
21
45
50
25
14
41
62
57
66
32
60
15
4
23
30
59
12
68
25
11
20
29
50
64
7
10
28
27
61
34
7
62
7
45
39
14
61
16
31
17
25
26
8
21
6
16
42
32
4
31
21
15
20
42
34
23
24
37
45
42
46
5
47
57
26
62
5
33
34
71
14
10
41
57
15
21
63
43
4
36
34
25
31
23
63
62
10
4
19
67
11
19
60
4
14
91
39
17
44
13
55
58
54
20
16
38
62
8
11
62
11
63
65
15
31
9
60
42
57
21
5
4
14
49
33
64
64
4
22
14
33
25
31
50
46
47
57
15
4
50
62
32
21
21
13
22
36
28
22
12
53
10
31
45
19
12
42
43
11
51
64
27
33
70
62
73
62
23
50
44
32
47
32
40
29
11
35
29
24
18
19
35
66
24
28
63
18
50
37
65
50
32
54
9
38
50
62
44
26
55
43
54
25
37
9
61
38
31
64
26
45
37
29
20
47
7
64
51
55
18
6
62
22
58
20
50
5
21
5
9
24
21
29
27
17
46
8
43
18
40
61
23
5
24
21
16
8
38
5
20
37
34
14
8
25
11
5
35
33
7
58
17
45
56
11
43
15
52
51
17
49
91
47
64
12
67
19
25
24
64
57
60
43
21
16
65
36
23
60
51
4
58
58
58
10
13
33
8
56
50
44
52
44
59
61
7
48
6
4
4
59
38
34
16
66
46
20
33
19
28
18
62
21
23
38
68
38
18
29
61
14
37
5
122
4
49
62
4
5
52
67
14
36
39
31
26
49
5
58
8
48
20
15
9
51
27
54
18
28
12
73
20
82
16
61
4
66
9
61
19
32
41
48
70
36
5
24
8
38
52
5
31
14
66
11
15
63
30
59
5
5
48
49
41
7
15
50
37
12
48
48
70
15
28
38
46
18
81
65
61
24
24
35
24
19
19
62
38
57
29
61
30
117
5
65
64
23
47
53
53
5
55
21
56
68
35
51
19
43
58
46
9
15
13
27
42
9
23
47
6
14
37
32
29
13
17
23
17
9
23
12
21
16
21
35
38
66
8
63
39
53
51
37
21
53
33
21
48
45
66
48
65
9
8
52
49
21
27
4
23
33
49
31
58
17
42
6
47
17
22
22
46
9
12
4
30
89
4
23
34
91
67
62
36
56
65
4
62
49
65
67
21
38
38
60
4
15
63
55
15
32
64
10
66
7
43
15
58
65
28
100
35
31
27
26
27
15
6
4
13
39
50
21
50
5
53
53
22
65
36
66
24
40
69
49
18
45
39
56
61
70
110
9
10
62
5
23
24
62
54
16
54
16
28
47
37
66
25
44
16
56
11
27
5
53
37
10
28
41
62
43
4
17
26
28
46
31
67
57
10
32
30
62
66
42
25
22
36
52
61
10
33
65
32
40
5
42
5
17
61
58
9
22
5
84
10
39
51
7
8
34
21
35
19
26
40
13
5
30
31
12
15
16
24
11
6
38
15
20
15
11
19
29
4
5
21
19
38
31
37
34
4
31
12
15
35
7
50
42
35
26
36
62
39
45
63
6
9
54
47
28
51
10
34
70
35
11
45
35
53
60
38
65
43
12
37
22
6
67
39
21
43
31
5
44
62
26
66
8
8
56
43
32
38
18
27
7
28
62
34
9
43
5
6
46
31
33
48
30
69
62
25
31
14
18
56
25
34
22
25
21
17
5
16
17
50
58
54
14
5
59
21
22
19
14
29
55
59
6
15
33
59
15
47
27
65
36
32
34
56
40
48
20
36
23
12
60
28
20
28
33
14
12
32
7
45
58
53
11
59
18
13
56
53
56
67
40
61
53
23
24
7
20
21
25
46
26
5
33
46
35
4
9
56
11
48
59
59
9
12
11
5
16
5
64
11
20
67
67
51
38
6
34
27
9
17
21
8
53
14
32
22
16
6
30
4
20
16
30
18
27
22
30
35
14
37
30
34
41
18
42
4
15
20
48
17
27
17
14
61
40
34
15
15
59
16
32
4
46
42
44
31
54
49
40
5
33
52
47
24
16
37
81
36
13
49
34
32
8
27
24
29
60
49
6
48
15
25
51
39
52
9
10
4
20
35
34
61
32
29
64
51
9
58
118
17
33
60
37
29
57
27
13
5
34
26
6
22
32
27
12
40
27
17
18
29
5
17
21
17
11
12
4
9
12
13
15
28
41
30
5
43
33
20
20
17
23
36
10
21
32
27
8
17
20
30
22
16
36
11
5
37
42
12
47
57
44
28
48
64
60
42
5
25
20
12
43
50
34
39
71
8
15
50
20
29
20
12
30
51
62
32
6
58
9
32
21
27
36
62
11
18
57
72
5
60
57
9
25
65
37
