5 1.42
10 5.92
15 6.96
20 6.74
25 3.86
30 6.18
35 6.68
40 5.32
45 3.52
50 2.62
55 2.88
60 2.02
65 1.66
70 1.74
75 1.4
80 1.44
85 1.06
90 1.22
95 1.02
100 1.02
105 0.86
110 1
115 0.72
120 0.82
125 0.78
130 0.6
135 0.62
140 0.68
145 0.62
150 0.46
155 0.42
160 0.64
165 0.54
170 0.38
175 0.42
180 0.56
185 0.3
190 0.38
195 0.42
200 0.4
205 0.26
210 0.44
215 0.4
220 0.28
225 0.24
230 0.34
235 0.38
240 0.14
245 0.16
250 0.4
255 0.3
260 0.22
265 0.14
270 0.38
275 0.18
280 0.2
285 0.14
290 0.28
295 0.24
300 0.16
305 0.22
310 0.18
315 0.18
320 0.2
325 0.18
330 0.22
335 0.1
340 0.16
345 0.24
350 0.16
355 0.14
360 0.22
365 0.14
370 0.14
375 0.14
380 0.22
385 0.14
390 0.18
395 0.12
400 0.2
405 0.06
410 0.2
415 0.14
420 0.1
425 0.06
430 0.22
435 0.14
440 0.04
445 0.14
450 0.18
455 0.1
460 0.06
465 0.12
470 0.22
475 0.1
480 0.06
485 0.1
490 0.16
495 0.08
1974 12.66
5 1.4
10 7.98
15 6.96
20 7.44
25 4.96
30 7.44
35 7.54
40 5.2
45 4.06
50 3.12
55 2.88
60 2.02
65 2.1
70 1.6
75 1.7
80 1.58
85 1.1
90 1.28
95 0.86
100 1.04
105 0.8
110 0.9
115 0.84
120 0.76
125 0.76
130 0.54
135 0.92
140 0.36
145 0.68
150 0.5
155 0.48
160 0.48
165 0.54
170 0.46
175 0.34
180 0.44
185 0.46
190 0.34
195 0.3
200 0.54
205 0.34
210 0.18
215 0.32
220 0.36
225 0.32
230 0.22
235 0.34
240 0.34
245 0.24
250 0.26
255 0.28
260 0.3
265 0.28
270 0.2
275 0.24
280 0.28
285 0.2
290 0.26
295 0.22
300 0.16
305 0.16
310 0.26
315 0.24
320 0.12
325 0.18
330 0.22
335 0.22
340 0.1
345 0.12
350 0.22
355 0.16
360 0.12
365 0.16
370 0.16
375 0.14
380 0.14
385 0.12
390 0.14
395 0.12
400 0.12
405 0.16
410 0.08
415 0.18
420 0.06
425 0.12
430 0.1
435 0.1
440 0.08
445 0.1
450 0.1
455 0.06
460 0.14
465 0.1
470 0.06
475 0.02
480 0.14
485 0.1
490 0.08
495 0.04
2289 5.92
5 1.54
10 7.04
15 7.22
20 7.44
25 4.56
30 6.7
35 7.48
40 5.26
45 3.86
50 2.68
55 3.28
60 1.98
65 1.82
70 1.74
75 1.94
80 1.5
85 1.14
90 1.2
95 1.14
100 1.14
105 0.86
110 1
115 0.76
120 0.84
125 0.76
130 0.7
135 0.52
140 0.66
145 0.68
150 0.56
155 0.38
160 0.48
165 0.7
170 0.42
175 0.38
180 0.48
185 0.56
190 0.3
195 0.4
200 0.44
205 0.42
210 0.26
215 0.5
220 0.24
225 0.32
230 0.28
235 0.36
240 0.28
245 0.26
250 0.36
255 0.26
260 0.24
265 0.28
270 0.2
275 0.24
280 0.16
285 0.2
290 0.22
295 0.18
300 0.14
305 0.18
310 0.14
315 0.2
320 0.2
325 0.1
330 0.16
335 0.14
340 0.16
345 0.12
350 0.16
355 0.22
360 0.06
365 0.16
370 0.1
375 0.2
380 0.06
385 0.14
390 0.12
395 0.16
400 0.02
405 0.14
410 0.14
415 0.12
420 0.08
425 0.06
430 0.14
435 0.08
440 0.1
445 0.08
450 0.12
455 0.06
460 0.08
465 0.12
470 0.08
475 0.06
480 0.06
485 0.16
490 0.04
495 0.04
3113 7.5
5 1.22
10 6.38
15 6.34
20 6.84
25 4.02
30 6.16
35 6.1
40 5.34
45 3.32
50 2.94
55 2.7
60 1.82
65 1.64
70 1.56
75 1.72
80 1.22
85 0.94
90 1.22
95 0.94
100 0.84
105 0.82
110 0.82
115 0.7
120 0.86
125 0.64
130 0.58
135 0.62
140 0.72
145 0.74
150 0.4
155 0.58
160 0.44
165 0.54
170 0.42
175 0.46
180 0.5
185 0.34
190 0.34
195 0.38
200 0.48
205 0.24
210 0.38
215 0.32
220 0.36
225 0.3
230 0.3
235 0.32
240 0.32
245 0.22
250 0.26
255 0.34
260 0.28
265 0.2
270 0.28
275 0.24
280 0.22
285 0.18
290 0.28
295 0.3
300 0.08
305 0.24
310 0.22
315 0.26
320 0.12
325 0.26
330 0.16
335 0.18
340 0.1
345 0.24
350 0.16
355 0.14
360 0.08
365 0.26
370 0.2
375 0.08
380 0.08
385 0.28
390 0.1
395 0.12
400 0.12
405 0.18
410 0.1
415 0.1
420 0.2
425 0.08
430 0.16
435 0.06
440 0.18
445 0.04
450 0.16
455 0.08
460 0.14
465 0.04
470 0.14
475 0.14
480 0.06
485 0.06
490 0.16
495 0.1
5003 14.36
5 1.34
10 6.82
15 6.52
20 5.9
25 4.42
30 6.42
35 6.2
40 4.52
45 3.44
50 2.6
55 2.4
60 1.5
65 1.98
70 1.4
75 1.44
80 1.18
85 0.94
90 1.3
95 0.94
100 0.94
105 0.76
110 0.92
115 0.72
120 0.78
125 0.56
130 0.62
135 0.74
140 0.46
145 0.66
150 0.58
155 0.58
160 0.4
165 0.5
170 0.56
175 0.3
180 0.38
185 0.4
190 0.38
195 0.26
200 0.4
205 0.24
210 0.4
215 0.26
220 0.28
225 0.32
230 0.28
235 0.34
240 0.16
245 0.32
250 0.2
255 0.26
260 0.14
265 0.18
270 0.24
275 0.18
280 0.16
285 0.2
290 0.2
295 0.14
300 0.14
305 0.2
310 0.2
315 0.08
320 0.22
325 0.12
330 0.18
335 0.1
340 0.2
345 0.1
350 0.12
355 0.16
360 0.14
365 0.14
370 0.1
375 0.2
380 0.16
385 0.08
390 0.12
395 0.14
400 0.14
405 0.06
410 0.14
415 0.12
420 0.1
425 0.14
430 0.12
435 0.12
440 0.04
445 0.14
450 0.1
455 0.14
460 0.06
465 0.12
470 0.12
475 0.08
480 0.1
485 0.14
490 0.08
495 0.06
7638 17.32
5 1.46
10 6.96
15 7.3
20 7.02
25 4.3
30 6.94
35 6.88
40 5.18
45 3.9
50 2.88
55 2.44
60 1.88
65 2.04
70 1.64
75 1.48
80 1.72
85 1.24
90 1.16
95 0.72
100 1.14
105 0.9
110 0.8
115 0.72
120 0.84
125 0.6
130 0.58
135 0.68
140 0.58
145 0.52
150 0.52
155 0.48
160 0.5
165 0.44
170 0.46
175 0.3
180 0.46
185 0.36
190 0.4
195 0.3
200 0.3
205 0.44
210 0.26
215 0.28
220 0.26
225 0.34
230 0.24
235 0.2
240 0.24
245 0.32
250 0.22
255 0.2
260 0.3
265 0.26
270 0.16
275 0.18
280 0.26
285 0.28
290 0.16
295 0.12
300 0.26
305 0.2
310 0.18
315 0.16
320 0.26
325 0.16
330 0.1
335 0.18
340 0.2
345 0.14
350 0.14
355 0.16
360 0.18
365 0.12
370 0.08
375 0.2
380 0.14
385 0.1
390 0.08
395 0.22
400 0.16
405 0.06
410 0.18
415 0.16
420 0.12
425 0.06
430 0.16
435 0.14
440 0.1
445 0.14
450 0.12
455 0.16
460 0.12
465 0.08
470 0.12
475 0.14
480 0.12
485 0.1
490 0.12
495 0.1
2307 10.54
5 1.56
10 6.78
15 7.26
20 7.46
25 4.44
30 6.6
35 6.82
40 5.7
45 3.78
50 2.84
55 2.68
60 1.98
65 1.98
70 1.82
75 1.58
80 1.42
85 1.08
90 1.32
95 1.26
100 0.92
105 0.9
110 1.12
115 0.9
120 0.76
125 0.8
130 0.6
135 0.82
140 0.78
145 0.66
150 0.64
155 0.44
160 0.6
165 0.58
170 0.6
175 0.38
180 0.54
185 0.42
190 0.5
195 0.38
200 0.38
205 0.4
210 0.3
215 0.26
220 0.4
225 0.26
230 0.24
235 0.34
240 0.32
245 0.34
250 0.1
255 0.32
260 0.26
265 0.2
270 0.26
275 0.22
280 0.24
285 0.18
290 0.18
295 0.26
300 0.2
305 0.18
310 0.18
315 0.22
320 0.18
325 0.2
330 0.22
335 0.22
340 0.1
345 0.2
350 0.18
355 0.2
360 0.16
365 0.16
370 0.16
375 0.18
380 0.14
385 0.12
390 0.08
395 0.22
400 0.1
405 0.08
410 0.1
415 0.14
420 0.18
425 0.06
430 0.08
435 0.1
440 0.22
445 0.1
450 0.06
455 0.1
460 0.14
465 0.14
470 0.06
475 0.08
480 0.12
485 0.16
490 0.06
495 0.04
2915 7.22
5 1.14
10 4.88
15 5.18
20 5.36
25 2.82
30 4.94
35 5.36
40 3.82
45 2.7
50 1.9
55 2.14
60 1.16
65 1.4
70 1.28
75 1.2
80 1.02
85 0.92
90 0.86
95 0.72
100 0.86
105 0.64
110 0.66
115 0.64
120 0.58
125 0.7
130 0.38
135 0.6
140 0.54
145 0.42
150 0.44
155 0.52
160 0.44
165 0.38
170 0.46
175 0.42
180 0.4
185 0.38
190 0.36
195 0.34
200 0.26
205 0.36
210 0.36
215 0.28
220 0.22
225 0.34
230 0.26
235 0.16
240 0.34
245 0.34
250 0.18
255 0.18
260 0.34
265 0.18
270 0.16
275 0.24
280 0.28
285 0.18
290 0.18
295 0.22
300 0.16
305 0.12
310 0.1
315 0.2
320 0.12
325 0.12
330 0.16
335 0.1
340 0.1
345 0.14
350 0.18
355 0.08
360 0.04
365 0.2
370 0.16
375 0.04
380 0.1
385 0.16
390 0.1
395 0.1
400 0.06
405 0.18
410 0.1
415 0.1
420 0.1
425 0.14
430 0.06
435 0.12
440 0.12
445 0.08
450 0.08
455 0.1
460 0.12
465 0.04
470 0.16
475 0.08
480 0.06
485 0.08
490 0.08
495 0.1
21385 31.54
5 1.34
10 5.44
15 5.34
20 5.36
25 3.48
30 5.36
35 5.38
40 4.14
45 3.38
50 2.12
55 2.06
60 1.56
65 1.72
70 1.32
75 1.08
80 1.04
85 0.9
90 1.12
95 0.74
100 0.86
105 0.7
110 0.64
115 0.64
120 0.7
125 0.54
130 0.48
135 0.6
140 0.5
145 0.28
150 0.52
155 0.36
160 0.34
165 0.44
170 0.4
175 0.3
180 0.24
185 0.34
190 0.32
195 0.24
200 0.3
205 0.26
210 0.34
215 0.22
220 0.22
225 0.28
230 0.18
235 0.3
240 0.2
245 0.24
250 0.16
255 0.18
260 0.2
265 0.24
270 0.16
275 0.24
280 0.12
285 0.18
290 0.1
295 0.24
300 0.1
305 0.1
310 0.12
315 0.2
320 0.12
325 0.04
330 0.16
335 0.16
340 0.1
345 0.08
350 0.1
355 0.16
360 0.12
365 0.08
370 0.12
375 0.04
380 0.14
385 0.04
390 0.16
395 0.06
400 0.06
405 0.08
410 0.12
415 0.08
420 0.06
425 0.1
430 0.08
435 0.06
440 0.08
445 0.08
450 0.04
455 0.12
460 0.08
465 0.1
470 0.02
475 0.08
480 0.08
485 0.14
490 0.04
495 0.06
22084 29.56
5 1.26
10 5.48
15 5.6
20 5.84
25 3.62
30 5.74
35 5.66
40 4.08
45 3.02
50 2.68
55 2.24
60 1.7
65 1.62
70 1.82
75 1.02
80 1.16
85 1
90 1.16
95 0.72
100 0.82
105 0.86
110 0.8
115 0.6
120 0.64
125 0.72
130 0.58
135 0.4
140 0.62
145 0.5
150 0.5
155 0.32
160 0.62
165 0.36
170 0.4
175 0.24
180 0.48
185 0.38
190 0.24
195 0.32
200 0.36
205 0.3
210 0.22
215 0.26
220 0.36
225 0.2
230 0.34
235 0.2
240 0.26
245 0.22
250 0.26
255 0.22
260 0.26
265 0.22
270 0.2
275 0.26
280 0.12
285 0.24
290 0.26
295 0.2
300 0.1
305 0.18
310 0.38
315 0.08
320 0.16
325 0.14
330 0.28
335 0.16
340 0.16
345 0.14
350 0.24
355 0.12
360 0.16
365 0.2
370 0.1
375 0.1
380 0.2
385 0.08
390 0.1
395 0.16
400 0.2
405 0.06
410 0.14
415 0.14
420 0.08
425 0.12
430 0.08
435 0.1
440 0.08
445 0.08
450 0.16
455 0.1
460 0.04
465 0.06
470 0.14
475 0.1
480 0.04
485 0.06
490 0.16
495 0.04
10944 24
5 1.1
10 6.62
15 7.1
20 6.88
25 3.96
30 6.38
35 7.1
40 5.06
45 3.24
50 2.78
55 2.98
60 1.68
65 1.78
70 2.04
75 1.6
80 1.3
85 1.2
90 1.32
95 1.12
100 1
105 1.16
110 0.98
115 0.58
120 0.98
125 0.94
130 0.74
135 0.52
140 0.78
145 0.66
150 0.54
155 0.4
160 0.76
165 0.64
170 0.28
175 0.46
180 0.6
185 0.5
190 0.22
195 0.52
200 0.44
205 0.34
210 0.26
215 0.46
220 0.28
225 0.26
230 0.36
235 0.24
240 0.22
245 0.28
250 0.4
255 0.2
260 0.22
265 0.22
270 0.34
275 0.2
280 0.12
285 0.3
290 0.24
295 0.2
300 0.14
305 0.24
310 0.22
315 0.08
320 0.16
325 0.18
330 0.18
335 0.1
340 0.16
345 0.22
350 0.08
355 0.12
360 0.18
365 0.12
370 0.1
375 0.18
380 0.18
385 0.04
390 0.1
395 0.2
400 0.1
405 0.1
410 0.08
415 0.18
420 0.08
425 0.14
430 0.12
435 0.12
440 0.12
445 0.08
450 0.12
455 0.06
460 0.16
465 0.12
470 0.12
475 0
480 0.16
485 0.1
490 0.1
495 0.08
1877 10.8
5 1.72
10 6.94
15 6.32
20 6.66
25 4.16
30 6.7
35 6.64
40 5
45 3.58
50 2.42
55 2.76
60 2
65 1.66
70 1.48
75 1.52
80 1.32
85 1.1
90 1.08
95 0.96
100 1.2
105 0.84
110 0.74
115 0.66
120 0.9
125 0.66
130 0.56
135 0.66
140 0.46
145 0.66
150 0.52
155 0.5
160 0.32
165 0.44
170 0.48
175 0.32
180 0.38
185 0.2
190 0.46
195 0.24
200 0.38
205 0.2
210 0.36
215 0.24
220 0.28
225 0.32
230 0.2
235 0.3
240 0.26
245 0.24
250 0.18
255 0.26
260 0.22
265 0.14
270 0.2
275 0.18
280 0.2
285 0.14
290 0.16
295 0.18
300 0.16
305 0.2
310 0.08
315 0.16
320 0.14
325 0.22
330 0.1
335 0.12
340 0.1
345 0.22
350 0.12
355 0.1
360 0.12
365 0.16
370 0.1
375 0.08
380 0.16
385 0.14
390 0.1
395 0.08
400 0.1
405 0.16
410 0.04
415 0.18
420 0.12
425 0.1
430 0.04
435 0.14
440 0.1
445 0.14
450 0.12
455 0.06
460 0.1
465 0.12
470 0.12
475 0.14
480 0.06
485 0.04
490 0.1
495 0.16
3397 15.34
5 1.44
10 6.2
15 6.22
20 6.3
25 4.3
30 5.82
35 6.1
40 4.88
45 3.14
50 2.7
55 2.5
60 1.6
65 1.8
70 1.68
75 1.18
80 1.22
85 1.02
90 1.08
95 0.64
100 1.14
105 0.8
110 0.8
115 0.44
120 0.9
125 0.84
130 0.52
135 0.46
140 0.66
145 0.78
150 0.44
155 0.36
160 0.66
165 0.54
170 0.42
175 0.36
180 0.52
185 0.42
190 0.44
195 0.36
200 0.5
205 0.28
210 0.42
215 0.4
220 0.38
225 0.22
230 0.36
235 0.4
240 0.32
245 0.22
250 0.4
255 0.4
260 0.24
265 0.16
270 0.32
275 0.38
280 0.2
285 0.2
290 0.28
295 0.28
300 0.16
305 0.24
310 0.24
315 0.22
320 0.14
325 0.22
330 0.26
335 0.14
340 0.16
345 0.14
350 0.3
355 0.1
360 0.14
365 0.2
370 0.18
375 0.06
380 0.22
385 0.16
390 0.14
395 0.16
400 0.18
405 0.12
410 0.14
415 0.16
420 0.2
425 0.06
430 0.2
435 0.12
440 0.18
445 0.14
450 0.14
455 0.22
460 0.06
465 0.12
470 0.2
475 0.18
480 0.1
485 0.16
490 0.16
495 0.14
4067 15.4
5 1.36
10 7.44
15 6.8
20 7.1
25 4.44
30 6.88
35 6.56
40 5.62
45 3.54
50 2.52
55 3
60 2.04
65 1.96
70 1.66
75 1.4
80 1.58
85 1.32
90 1.32
95 0.7
100 1.22
105 0.98
110 0.96
115 0.64
120 0.86
125 0.96
130 0.5
135 0.84
140 0.66
145 0.72
150 0.44
155 0.58
160 0.62
165 0.5
170 0.46
175 0.36
180 0.72
185 0.36
190 0.44
195 0.4
200 0.52
205 0.44
210 0.32
215 0.42
220 0.46
225 0.34
230 0.18
235 0.42
240 0.42
245 0.24
250 0.16
255 0.48
260 0.26
265 0.18
270 0.28
275 0.3
280 0.3
285 0.14
290 0.3
295 0.26
300 0.22
305 0.16
310 0.28
315 0.26
320 0.1
325 0.22
330 0.3
335 0.12
340 0.08
345 0.22
350 0.26
355 0.12
360 0.1
365 0.18
370 0.24
375 0.16
380 0.08
385 0.18
390 0.16
395 0.18
400 0.12
405 0.16
410 0.12
415 0.12
420 0.18
425 0.1
430 0.06
435 0.14
440 0.12
445 0.14
450 0.08
455 0.06
460 0.16
465 0.08
470 0.1
475 0.1
480 0.1
485 0.08
490 0.1
495 0.1
2280 7.28
5 1.36
10 6.36
15 5.6
20 6.7
25 4.3
30 6.18
35 5.9
40 4.84
45 3.82
50 2.68
55 2.8
60 1.82
65 1.9
70 1.76
75 1.58
80 1.46
85 1.08
90 1.12
95 1.04
100 1.08
105 0.86
110 0.88
115 0.7
120 1.04
125 0.7
130 0.68
135 0.76
140 0.64
145 0.6
150 0.6
155 0.64
160 0.56
165 0.48
170 0.6
175 0.46
180 0.36
185 0.6
190 0.34
195 0.38
200 0.46
205 0.42
210 0.4
215 0.32
220 0.42
225 0.34
230 0.32
235 0.32
240 0.42
245 0.26
250 0.26
255 0.18
260 0.42
265 0.22
270 0.26
275 0.24
280 0.18
285 0.24
290 0.22
295 0.22
300 0.18
305 0.18
310 0.26
315 0.1
320 0.16
325 0.16
330 0.18
335 0.16
340 0.1
345 0.2
350 0.18
355 0.12
360 0.08
365 0.18
370 0.12
375 0.08
380 0.16
385 0.12
390 0.1
395 0.06
400 0.12
405 0.14
410 0.1
415 0.06
420 0.1
425 0.12
430 0.06
435 0.08
440 0.08
445 0.08
450 0.14
455 0.02
460 0.1
465 0.08
470 0.1
475 0.04
480 0.12
485 0.02
490 0.08
495 0.08
7144 14.02
