5 0.32
10 1.62
15 1.94
20 1.64
25 2.04
30 1.8
35 1.76
40 1.62
45 1.84
50 1.8
55 1.62
60 1.76
65 2.16
70 1.72
75 1.84
80 1.74
85 1.38
90 1.26
95 1.08
100 1.32
105 1.14
110 1.04
115 1.1
120 0.86
125 1.02
130 0.9
135 0.86
140 0.68
145 0.62
150 0.8
155 0.7
160 0.72
165 0.84
170 0.72
175 0.64
180 0.48
185 0.58
190 0.52
195 0.44
200 0.58
205 0.58
210 0.52
215 0.36
220 0.64
225 0.44
230 0.46
235 0.4
240 0.5
245 0.54
250 0.34
255 0.24
260 0.3
265 0.3
270 0.4
275 0.42
280 0.36
285 0.46
290 0.36
295 0.24
300 0.28
305 0.34
310 0.2
315 0.38
320 0.34
325 0.26
330 0.38
335 0.28
340 0.46
345 0.28
350 0.3
355 0.22
360 0.26
365 0.34
370 0.28
375 0.36
380 0.3
385 0.3
390 0.26
395 0.26
400 0.24
405 0.38
410 0.22
415 0.22
420 0.34
425 0.26
430 0.32
435 0.24
440 0.2
445 0.34
450 0.16
455 0.2
460 0.3
465 0.32
470 0.24
475 0.16
480 0.18
485 0.26
490 0.22
495 0.28
3915 33.48
5 0.48
10 1.38
15 1.12
20 1.44
25 1.48
30 1.34
35 1.64
40 1.34
45 1.44
50 1.46
55 1.36
60 1.56
65 1.7
70 1.24
75 1.14
80 1.18
85 1.3
90 1.4
95 0.92
100 1.04
105 0.76
110 0.88
115 0.76
120 0.86
125 0.68
130 0.58
135 0.68
140 0.82
145 0.68
150 0.66
155 0.54
160 0.54
165 0.42
170 0.42
175 0.52
180 0.4
185 0.48
190 0.34
195 0.6
200 0.52
205 0.34
210 0.38
215 0.36
220 0.3
225 0.44
230 0.42
235 0.42
240 0.38
245 0.3
250 0.2
255 0.4
260 0.42
265 0.34
270 0.4
275 0.46
280 0.2
285 0.36
290 0.36
295 0.18
300 0.26
305 0.38
310 0.34
315 0.36
320 0.32
325 0.26
330 0.24
335 0.38
340 0.3
345 0.32
350 0.24
355 0.34
360 0.22
365 0.3
370 0.12
375 0.46
380 0.3
385 0.24
390 0.12
395 0.2
400 0.28
405 0.12
410 0.26
415 0.26
420 0.14
425 0.16
430 0.2
435 0.14
440 0.18
445 0.22
450 0.28
455 0.18
460 0.12
465 0.16
470 0.2
475 0.14
480 0.2
485 0.26
490 0.26
495 0.12
17391 45.66
5 0.44
10 1.86
15 1.52
20 1.92
25 1.86
30 1.78
35 2.28
40 1.78
45 1.94
50 2.02
55 1.78
60 1.86
65 1.56
70 1.86
75 1.94
80 1.78
85 1.7
90 1.5
95 1.14
100 1.32
105 1.14
110 1.12
115 1.04
120 1.24
125 1.02
130 0.7
135 0.94
140 0.78
145 0.8
150 0.8
155 0.72
160 0.62
165 0.62
170 0.76
175 0.5
180 0.74
185 0.52
190 0.58
195 0.42
200 0.44
205 0.34
210 0.62
215 0.52
220 0.52
225 0.48
230 0.58
235 0.34
240 0.36
245 0.32
250 0.36
255 0.62
260 0.52
265 0.48
270 0.42
275 0.24
280 0.4
285 0.24
290 0.44
295 0.48
300 0.44
305 0.36
310 0.3
315 0.36
320 0.34
325 0.26
330 0.48
335 0.34
340 0.4
345 0.36
350 0.18
355 0.24
360 0.32
365 0.32
370 0.3
375 0.24
380 0.38
385 0.26
390 0.24
395 0.28
400 0.28
405 0.22
410 0.38
415 0.24
420 0.28
425 0.22
430 0.2
435 0.2
440 0.3
445 0.14
450 0.18
455 0.18
460 0.2
465 0.28
470 0.22
475 0.3
480 0.12
485 0.2
490 0.14
495 0.06
4335 31.64
5 0.5
10 2.3
15 1.88
20 2.2
25 2.34
30 1.96
35 2.02
40 1.98
45 2.26
50 2.04
55 2.2
60 1.82
65 1.98
70 1.84
75 1.86
80 2.18
85 1.46
90 1.16
95 1.16
100 1.08
105 0.84
110 1.28
115 0.9
120 0.8
125 0.98
130 0.64
135 0.74
140 0.8
145 0.7
150 0.64
155 0.64
160 0.58
165 0.62
170 0.52
175 0.56
180 0.34
185 0.44
190 0.48
195 0.6
200 0.34
205 0.42
210 0.36
215 0.34
220 0.5
225 0.38
230 0.36
235 0.26
240 0.44
245 0.22
250 0.36
255 0.36
260 0.28
265 0.28
270 0.28
275 0.38
280 0.22
285 0.24
290 0.32
295 0.24
300 0.14
305 0.26
310 0.28
315 0.18
320 0.24
325 0.22
330 0.16
335 0.1
340 0.26
345 0.16
350 0.24
355 0.26
360 0.14
365 0.18
370 0.18
375 0.14
380 0.2
385 0.2
390 0.22
395 0.14
400 0.24
405 0.18
410 0.22
415 0.06
420 0.14
425 0.1
430 0.24
435 0.22
440 0.16
445 0.08
450 0.14
455 0.12
460 0.16
465 0.1
470 0.16
475 0.22
480 0.06
485 0.06
490 0.18
495 0.1
13201 37.26
5 0.26
10 0.84
15 1.26
20 1.28
25 1.3
30 1.06
35 1.38
40 1.3
45 1
50 1.26
55 1.2
60 1.08
65 1.14
70 1.12
75 1.06
80 0.96
85 0.94
90 0.84
95 1.04
100 0.78
105 0.52
110 0.68
115 0.62
120 0.64
125 0.44
130 0.56
135 0.56
140 0.5
145 0.5
150 0.4
155 0.4
160 0.58
165 0.46
170 0.44
175 0.46
180 0.34
185 0.28
190 0.36
195 0.46
200 0.42
205 0.3
210 0.28
215 0.54
220 0.38
225 0.26
230 0.34
235 0.28
240 0.3
245 0.36
250 0.34
255 0.26
260 0.22
265 0.34
270 0.22
275 0.32
280 0.22
285 0.26
290 0.2
295 0.28
300 0.16
305 0.3
310 0.16
315 0.26
320 0.32
325 0.26
330 0.2
335 0.18
340 0.18
345 0.14
350 0.22
355 0.2
360 0.26
365 0.18
370 0.24
375 0.22
380 0.2
385 0.2
390 0.1
395 0.14
400 0.22
405 0.2
410 0.22
415 0.2
420 0.12
425 0.18
430 0.06
435 0.2
440 0.12
445 0.28
450 0.06
455 0.12
460 0.14
465 0.14
470 0.06
475 0.16
480 0.16
485 0.16
490 0.1
495 0.04
15796 56.52
5 0.34
10 0.98
15 1.46
20 1.4
25 1.46
30 1.34
35 1.14
40 1.46
45 1.34
50 1.42
55 1.28
60 1.48
65 1.14
70 1.32
75 1.36
80 1.18
85 1.16
90 1.1
95 0.82
100 1.2
105 0.62
110 0.84
115 0.7
120 0.74
125 0.74
130 0.6
135 0.5
140 0.62
145 0.58
150 0.5
155 0.6
160 0.6
165 0.4
170 0.5
175 0.5
180 0.44
185 0.48
190 0.44
195 0.44
200 0.32
205 0.46
210 0.42
215 0.32
220 0.34
225 0.38
230 0.36
235 0.56
240 0.34
245 0.24
250 0.28
255 0.3
260 0.28
265 0.28
270 0.36
275 0.22
280 0.34
285 0.28
290 0.32
295 0.24
300 0.34
305 0.36
310 0.3
315 0.26
320 0.28
325 0.1
330 0.32
335 0.36
340 0.26
345 0.24
350 0.3
355 0.22
360 0.2
365 0.26
370 0.26
375 0.22
380 0.2
385 0.34
390 0.28
395 0.28
400 0.16
405 0.3
410 0.2
415 0.24
420 0.28
425 0.22
430 0.18
435 0.26
440 0.32
445 0.12
450 0.24
455 0.3
460 0.18
465 0.26
470 0.14
475 0.22
480 0.26
485 0.16
490 0.24
495 0.22
6194 48.26
5 0.28
10 1.5
15 1.88
20 1.48
25 2.16
30 1.8
35 1.54
40 1.7
45 1.7
50 1.74
55 1.52
60 1.74
65 1.66
70 1.66
75 1.54
80 1.44
85 1.38
90 1
95 0.9
100 1.02
105 0.86
110 1.02
115 0.86
120 0.88
125 0.66
130 0.64
135 0.68
140 0.7
145 0.44
150 0.6
155 0.72
160 0.64
165 0.38
170 0.66
175 0.52
180 0.58
185 0.28
190 0.46
195 0.5
200 0.54
205 0.4
210 0.42
215 0.54
220 0.36
225 0.46
230 0.44
235 0.4
240 0.46
245 0.42
250 0.2
255 0.46
260 0.56
265 0.28
270 0.36
275 0.48
280 0.4
285 0.34
290 0.26
295 0.46
300 0.2
305 0.36
310 0.28
315 0.2
320 0.4
325 0.4
330 0.38
335 0.3
340 0.24
345 0.16
350 0.28
355 0.3
360 0.22
365 0.36
370 0.24
375 0.24
380 0.2
385 0.28
390 0.24
395 0.3
400 0.16
405 0.14
410 0.16
415 0.22
420 0.36
425 0.14
430 0.32
435 0.18
440 0.16
445 0.12
450 0.3
455 0.14
460 0.26
465 0.12
470 0.22
475 0.14
480 0.2
485 0.22
490 0.16
495 0.16
11626 40.58
5 0.48
10 1.74
15 1.78
20 1.98
25 2.08
30 1.48
35 1.56
40 1.68
45 2.14
50 1.56
55 1.96
60 1.82
65 1.78
70 1.52
75 1.56
80 1.1
85 1.12
90 1.06
95 0.8
100 1.02
105 0.94
110 0.74
115 0.68
120 0.74
125 0.52
130 0.72
135 0.56
140 0.6
145 0.6
150 0.52
155 0.52
160 0.38
165 0.4
170 0.5
175 0.4
180 0.46
185 0.38
190 0.48
195 0.34
200 0.46
205 0.34
210 0.3
215 0.32
220 0.4
225 0.34
230 0.34
235 0.32
240 0.22
245 0.3
250 0.26
255 0.36
260 0.24
265 0.2
270 0.26
275 0.32
280 0.22
285 0.22
290 0.16
295 0.3
300 0.2
305 0.22
310 0.2
315 0.22
320 0.14
325 0.16
330 0.22
335 0.22
340 0.14
345 0.2
350 0.14
355 0.2
360 0.18
365 0.26
370 0.16
375 0.14
380 0.14
385 0.12
390 0.2
395 0.24
400 0.18
405 0.12
410 0.14
415 0.22
420 0.16
425 0.16
430 0.2
435 0.16
440 0.12
445 0.12
450 0.26
455 0.22
460 0.22
465 0.14
470 0.16
475 0.18
480 0.22
485 0.26
490 0.14
495 0.28
21528 46.06
5 0.48
10 1.86
15 1.68
20 2.18
25 1.94
30 1.8
35 2.04
40 1.74
45 2.02
50 1.92
55 1.9
60 2.1
65 1.96
70 1.88
75 1.5
80 1.44
85 1.76
90 1.48
95 1.16
100 1.12
105 0.88
110 1.08
115 0.9
120 0.98
125 0.74
130 1
135 0.74
140 0.64
145 0.74
150 0.7
155 0.64
160 0.48
165 0.56
170 0.58
175 0.68
180 0.42
185 0.44
190 0.44
195 0.58
200 0.38
205 0.48
210 0.48
215 0.46
220 0.38
225 0.36
230 0.38
235 0.46
240 0.24
245 0.42
250 0.32
255 0.3
260 0.4
265 0.2
270 0.42
275 0.24
280 0.36
285 0.22
290 0.36
295 0.24
300 0.18
305 0.4
310 0.26
315 0.16
320 0.26
325 0.2
330 0.4
335 0.24
340 0.26
345 0.14
350 0.28
355 0.28
360 0.28
365 0.14
370 0.28
375 0.4
380 0.14
385 0.24
390 0.18
395 0.22
400 0.28
405 0.22
410 0.2
415 0.12
420 0.2
425 0.26
430 0.18
435 0.12
440 0.32
445 0.12
450 0.26
455 0.12
460 0.14
465 0.2
470 0.22
475 0.1
480 0.1
485 0.3
490 0.16
495 0.1
5988 37.06
5 0.42
10 1.48
15 1.68
20 1.7
25 1.82
30 1.3
35 1.54
40 1.28
45 1.56
50 1.94
55 1.8
60 1.64
65 1.6
70 1.48
75 1.18
80 1.38
85 0.86
90 1.08
95 1.28
100 0.92
105 0.92
110 0.98
115 0.62
120 0.64
125 0.62
130 0.72
135 0.82
140 0.6
145 0.46
150 0.62
155 0.56
160 0.52
165 0.48
170 0.44
175 0.58
180 0.5
185 0.44
190 0.5
195 0.38
200 0.4
205 0.3
210 0.28
215 0.36
220 0.32
225 0.4
230 0.34
235 0.2
240 0.28
245 0.36
250 0.18
255 0.24
260 0.28
265 0.32
270 0.24
275 0.3
280 0.26
285 0.16
290 0.2
295 0.12
300 0.16
305 0.24
310 0.32
315 0.22
320 0.2
325 0.08
330 0.2
335 0.2
340 0.14
345 0.22
350 0.18
355 0.2
360 0.16
365 0.2
370 0.2
375 0.12
380 0.2
385 0.16
390 0.06
395 0.08
400 0.16
405 0.26
410 0.16
415 0.18
420 0.1
425 0.06
430 0.14
435 0.08
440 0.14
445 0.12
450 0.22
455 0.14
460 0.08
465 0.1
470 0.08
475 0.14
480 0.1
485 0.16
490 0.08
495 0.14
15301 48.94
5 0.5
10 1.62
15 1.84
20 1.74
25 1.8
30 1.6
35 1.6
40 1.48
45 1.84
50 1.62
55 1.9
60 1.52
65 1.7
70 1.56
75 1.36
80 1.72
85 1.1
90 1.2
95 1.3
100 1.1
105 0.86
110 1.02
115 0.84
120 0.82
125 0.94
130 0.76
135 0.72
140 0.68
145 0.48
150 0.54
155 0.58
160 0.94
165 0.76
170 0.64
175 0.4
180 0.52
185 0.44
190 0.5
195 0.34
200 0.5
205 0.64
210 0.56
215 0.44
220 0.62
225 0.52
230 0.26
235 0.34
240 0.24
245 0.34
250 0.56
255 0.54
260 0.42
265 0.28
270 0.36
275 0.22
280 0.22
285 0.36
290 0.36
295 0.34
300 0.6
305 0.44
310 0.28
315 0.28
320 0.24
325 0.2
330 0.3
335 0.36
340 0.32
345 0.52
350 0.28
355 0.28
360 0.18
365 0.2
370 0.24
375 0.32
380 0.24
385 0.28
390 0.28
395 0.22
400 0.3
405 0.18
410 0.18
415 0.24
420 0.26
425 0.2
430 0.14
435 0.34
440 0.18
445 0.14
450 0.18
455 0.26
460 0.2
465 0.24
470 0.12
475 0.34
480 0.12
485 0.18
490 0.14
495 0.12
3692 38.88
5 0.36
10 2.3
15 2.16
20 2.06
25 2.5
30 2.22
35 2.26
40 1.94
45 2.32
50 2
55 2.26
60 1.94
65 2.66
70 2.04
75 1.6
80 2
85 1.32
90 1.2
95 1.12
100 1.38
105 1.08
110 0.96
115 1.22
120 0.96
125 0.84
130 0.94
135 0.82
140 0.78
145 0.9
150 0.86
155 0.64
160 0.56
165 0.66
170 0.94
175 0.6
180 0.78
185 0.66
190 0.58
195 0.4
200 0.7
205 0.4
210 0.5
215 0.64
220 0.54
225 0.6
230 0.48
235 0.36
240 0.32
245 0.36
250 0.46
255 0.58
260 0.4
265 0.42
270 0.32
275 0.32
280 0.24
285 0.46
290 0.4
295 0.32
300 0.36
305 0.22
310 0.36
315 0.3
320 0.38
325 0.34
330 0.36
335 0.32
340 0.22
345 0.28
350 0.34
355 0.2
360 0.32
365 0.28
370 0.24
375 0.18
380 0.28
385 0.16
390 0.28
395 0.18
400 0.3
405 0.26
410 0.22
415 0.2
420 0.2
425 0.14
430 0.26
435 0.2
440 0.24
445 0.22
450 0.2
455 0.14
460 0.22
465 0.18
470 0.16
475 0.2
480 0.28
485 0.06
490 0.22
495 0.2
4199 28.66
5 0.58
10 1.56
15 1.86
20 1.98
25 2.22
30 1.92
35 1.58
40 1.68
45 2.14
50 1.88
55 2
60 1.88
65 2.16
70 1.74
75 1.56
80 1.56
85 1.56
90 1.46
95 1.06
100 1.32
105 0.94
110 1.04
115 0.66
120 0.96
125 0.92
130 0.72
135 0.74
140 0.7
145 0.72
150 0.56
155 0.68
160 0.64
165 0.52
170 0.48
175 0.7
180 0.44
185 0.44
190 0.52
195 0.52
200 0.56
205 0.46
210 0.36
215 0.34
220 0.54
225 0.42
230 0.5
235 0.5
240 0.46
245 0.42
250 0.46
255 0.42
260 0.26
265 0.36
270 0.38
275 0.4
280 0.28
285 0.32
290 0.34
295 0.42
300 0.38
305 0.18
310 0.32
315 0.24
320 0.14
325 0.24
330 0.32
335 0.28
340 0.16
345 0.32
350 0.3
355 0.2
360 0.26
365 0.22
370 0.2
375 0.18
380 0.18
385 0.34
390 0.24
395 0.2
400 0.08
405 0.18
410 0.32
415 0.18
420 0.2
425 0.18
430 0.16
435 0.18
440 0.28
445 0.12
450 0.34
455 0.12
460 0.12
465 0.06
470 0.34
475 0.16
480 0.08
485 0.24
490 0.3
495 0.16
8396 36.5
5 0.62
10 2.5
15 2.4
20 2.66
25 2.48
30 2.22
35 2.38
40 2.12
45 2.56
50 2.6
55 2.32
60 1.86
65 2.18
70 2.06
75 2.02
80 1.64
85 1.54
90 0.9
95 1.26
100 1.22
105 0.94
110 0.82
115 1.24
120 1.02
125 0.8
130 0.66
135 0.84
140 0.7
145 0.68
150 0.72
155 0.76
160 0.56
165 0.58
170 0.64
175 0.7
180 0.6
185 0.56
190 0.44
195 0.52
200 0.4
205 0.32
210 0.5
215 0.58
220 0.52
225 0.54
230 0.44
235 0.54
240 0.22
245 0.36
250 0.4
255 0.48
260 0.36
265 0.44
270 0.32
275 0.38
280 0.38
285 0.38
290 0.34
295 0.34
300 0.26
305 0.26
310 0.32
315 0.36
320 0.26
325 0.36
330 0.4
335 0.28
340 0.3
345 0.1
350 0.24
355 0.22
360 0.34
365 0.34
370 0.22
375 0.24
380 0.22
385 0.2
390 0.32
395 0.08
400 0.24
405 0.22
410 0.14
415 0.26
420 0.18
425 0.2
430 0.2
435 0.3
440 0.2
445 0.1
450 0.2
455 0.16
460 0.24
465 0.26
470 0.3
475 0.1
480 0.18
485 0.3
490 0.08
495 0.26
3275 29
5 0.38
10 1.64
15 1.54
20 1.92
25 1.58
30 2.14
35 1.88
40 1.62
45 1.7
50 1.42
55 1.8
60 1.84
65 2.16
70 1.68
75 1.84
80 1.54
85 1.38
90 1.5
95 1.1
100 1.14
105 1
110 0.94
115 0.92
120 0.88
125 0.76
130 0.94
135 0.78
140 0.84
145 0.7
150 0.64
155 0.6
160 0.58
165 0.72
170 0.7
175 0.62
180 0.54
185 0.66
190 0.56
195 0.38
200 0.54
205 0.4
210 0.48
215 0.36
220 0.56
225 0.44
230 0.42
235 0.44
240 0.6
245 0.34
250 0.36
255 0.32
260 0.46
265 0.34
270 0.22
275 0.28
280 0.4
285 0.36
290 0.28
295 0.38
300 0.42
305 0.18
310 0.3
315 0.26
320 0.4
325 0.3
330 0.42
335 0.14
340 0.24
345 0.34
350 0.24
355 0.28
360 0.32
365 0.22
370 0.22
375 0.3
380 0.16
385 0.22
390 0.22
395 0.18
400 0.18
405 0.26
410 0.28
415 0.22
420 0.16
425 0.12
430 0.18
435 0.24
440 0.28
445 0.12
450 0.18
455 0.18
460 0.12
465 0.28
470 0.1
475 0.1
480 0.28
485 0.18
490 0.18
495 0.2
6287 37.26
