5
10
19
24
25
31
37
14
42
40
31
18
34
27
8
56
41
57
30
46
28
64
47
20
33
25
61
25
58
70
19
95
19
69
63
74
63
33
19
111
65
54
22
86
62
71
97
37
82
97
50
48
63
74
47
79
22
35
55
63
88
131
129
97
52
54
82
81
79
85
95
51
6
43
98
51
36
101
36
94
143
84
52
69
43
27
34
142
124
27
35
83
50
39
113
59
13
99
16
165
34
123
161
63
7
64
139
92
80
71
130
97
80
94
169
110
185
79
58
82
132
220
66
190
39
171
128
78
174
13
114
82
209
122
188
112
126
58
127
70
96
138
171
207
73
124
142
137
129
50
173
139
133
177
113
191
14
37
126
45
199
163
156
63
25
140
274
16
153
144
114
190
35
74
19
114
12
86
123
75
73
47
233
39
143
213
151
125
217
144
339
185
170
199
200
160
143
203
147
158
102
175
44
5
48
276
175
30
150
238
265
268
212
239
284
31
148
91
96
297
8
91
92
275
226
51
184
155
26
168
122
210
138
131
185
111
111
77
113
223
22
327
211
243
13
295
266
181
133
135
233
51
19
142
214
155
172
121
136
247
246
199
228
214
198
389
103
173
380
241
13
355
226
272
346
124
67
320
64
60
260
49
180
182
161
63
69
96
369
346
41
350
197
351
329
74
294
100
77
211
65
153
78
456
56
227
6
445
31
224
7
132
16
309
90
97
138
268
271
268
258
187
267
299
226
274
125
339
307
283
79
120
12
90
360
112
344
58
83
110
142
174
318
138
231
222
193
174
288
293
129
389
75
403
250
332
280
247
331
549
56
73
388
332
92
430
185
86
416
65
225
214
86
208
226
162
507
536
20
164
268
80
152
223
307
363
459
138
235
275
205
173
184
167
162
138
60
26
619
161
81
104
165
141
252
223
165
233
371
97
181
353
157
133
450
69
458
380
344
104
384
105
203
229
96
164
127
406
73
489
183
168
386
281
169
322
264
253
255
385
237
313
382
449
201
214
352
193
444
328
405
435
177
397
529
96
64
485
462
233
623
438
155
250
192
306
155
193
284
380
163
655
376
8
574
282
149
186
388
247
501
252
236
366
303
364
193
293
168
62
765
171
206
761
266
22
68
178
304
41
408
254
434
384
137
351
336
102
242
143
193
235
331
159
469
335
458
205
459
160
359
146
249
248
328
79
77
501
115
361
279
430
438
515
402
221
499
179
146
398
178
390
70
325
342
631
197
588
199
265
515
582
223
80
446
618
80
343
598
243
295
202
233
416
76
167
355
138
484
347
245
223
578
36
774
564
166
772
472
149
302
415
152
595
484
331
587
187
283
565
168
462
539
485
402
270
462
387
171
933
275
230
809
9
154
227
10
452
483
421
75
483
340
64
443
241
314
61
475
297
647
434
202
622
185
65
243
166
407
202
117
409
284
104
266
101
125
147
574
80
493
23
74
462
432
424
137
715
400
293
699
309
266
131
62
555
36
338
499
388
159
671
325
416
508
570
413
295
565
785
285
420
773
367
325
128
215
327
291
199
558
180
443
527
244
356
778
114
906
539
241
822
598
204
15
600
156
6
698
63
669
622
393
634
334
383
660
331
560
651
525
466
283
502
332
286
821
216
209
804
181
643
197
565
614
380
562
232
282
334
209
267
294
234
203
627
70
775
592
297
695
372
210
430
209
589
79
357
278
681
136
185
472
616
567
325
895
495
205
540
234
135
201
657
532
316
716
462
618
666
702
512
410
627
958
392
402
896
361
371
260
687
297
539
483
244
514
410
242
1026
320
353
723
748
309
197
638
203
729
751
329
732
461
266
745
426
615
620
487
568
421
334
414
307
968
243
801
337
615
380
249
442
300
257
332
672
363
818
350
412
687
373
598
621
379
739
503
731
581
347
672
541
629
410
370
339
804
517
686
828
718
638
414
707
900
371
483
900
472
358
461
610
358
654
481
458
882
589
390
583
859
786
700
407
599
513
410
692
509
604
648
489
494
453
945
402
892
424
626
624
433
967
401
649
439
821
811
673
634
550
552
664
656
644
947
625
751
507
587
907
549
562
718
576
771
995
579
502
848
701
492
693
768
684
770
633
684
1052
513
723
717
718
980
655
941
715
651
542
636
703
950
598
833
989
597
812
878
591
848
617
779
672
588
667
849
645
817
965
790
796
694
921
687
910
725
727
782
784
1013
724
889
974
865
825
705
793
1014
719
849
756
739
772
837
981
880
846
796
967
787
783
775
828
894
821
868
834
840
957
935
956
15
21
16
32
14
24
35
9
22
34
37
23
27
16
31
12
56
63
7
15
47
5
44
12
50
71
55
72
24
29
45
36
52
6
32
51
92
26
50
5
53
100
23
66
77
61
51
9
117
121
91
89
82
86
45
54
24
49
27
69
64
69
74
78
115
23
32
32
7
101
40
86
62
5
13
55
32
87
67
78
50
6
136
49
32
30
138
111
113
30
43
113
70
9
168
80
76
30
61
62
153
191
14
47
105
7
55
142
85
33
36
104
134
141
204
79
72
173
125
81
159
91
65
69
22
82
94
102
99
124
17
187
98
33
13
125
70
198
115
34
99
133
99
70
108
59
188
7
125
82
103
135
82
253
272
216
159
71
242
198
220
103
122
211
139
79
210
128
156
96
67
44
143
205
59
267
90
174
32
127
209
180
93
191
72
25
184
67
190
203
144
92
63
170
178
104
345
110
77
16
203
215
214
123
312
42
201
33
59
228
193
191
221
276
221
89
140
102
59
96
219
238
169
184
192
70
136
39
62
140
192
228
97
129
112
83
82
75
80
167
156
109
189
215
108
196
303
54
135
80
59
213
115
92
361
153
48
290
277
336
126
38
221
258
90
293
223
322
209
21
149
19
104
94
332
235
237
199
70
135
145
151
199
28
107
102
177
139
187
115
186
66
105
179
288
210
294
290
117
210
146
94
78
107
155
373
82
104
236
297
335
82
448
93
54
226
129
195
356
196
340
247
395
236
16
41
141
440
335
332
255
24
159
158
33
159
31
245
116
98
217
189
184
140
79
267
194
394
272
222
373
121
322
107
140
128
81
246
134
93
484
229
93
265
359
69
153
51
31
440
218
361
75
432
186
101
278
64
318
6
119
210
311
404
503
357
407
205
106
128
163
54
236
280
280
89
33
101
249
66
188
191
341
320
354
484
253
226
216
189
205
83
172
235
189
223
113
375
104
39
86
223
80
276
116
350
555
419
267
376
475
181
589
84
291
188
319
119
496
231
439
220
187
235
215
92
268
393
438
193
386
191
215
93
294
284
66
404
201
561
56
135
291
79
203
134
117
310
153
219
51
411
124
84
567
79
309
270
522
292
177
430
9
385
290
371
448
516
378
134
390
40
254
170
75
325
441
196
90
273
44
164
276
330
293
414
543
516
464
16
333
6
59
99
402
84
171
389
289
178
98
44
400
501
321
139
221
145
237
331
20
94
557
191
140
386
556
402
60
404
79
467
331
360
524
313
593
22
166
354
140
7
121
81
70
81
535
74
270
375
341
311
265
290
444
451
492
410
548
48
115
372
186
224
79
212
403
137
299
118
165
308
590
238
183
240
177
120
411
52
129
478
245
313
467
483
97
99
400
327
499
492
582
184
345
246
426
450
560
24
361
162
436
107
365
191
98
374
456
337
633
285
209
561
128
527
132
47
465
250
270
326
216
143
585
22
212
207
268
297
497
338
272
332
471
94
563
37
202
599
393
405
104
104
559
335
211
445
442
109
616
515
576
10
254
223
86
60
118
296
666
444
475
350
307
380
424
637
65
483
570
125
686
299
116
211
310
111
65
130
396
183
376
342
332
435
649
360
338
17
114
79
242
103
78
610
545
106
611
500
47
270
384
241
203
723
594
592
275
293
476
100
211
184
296
233
33
690
258
438
50
377
338
348
508
157
252
664
364
378
585
201
603
386
132
19
401
86
319
477
132
481
228
348
190
710
371
450
554
227
435
345
17
45
693
569
224
656
609
76
17
316
48
319
194
530
229
315
807
363
188
276
412
368
90
99
142
148
140
318
748
600
511
349
448
187
209
686
183
574
702
237
421
492
232
341
260
244
109
305
37
240
580
471
408
545
66
474
758
92
527
74
294
810
377
338
159
701
645
160
633
340
440
832
183
221
544
379
413
418
816
379
579
359
257
382
271
607
660
267
476
209
241
728
209
625
640
306
327
589
793
341
403
307
319
321
304
551
576
603
551
641
323
907
337
346
292
732
418
233
401
442
826
408
286
676
306
672
246
680
767
351
633
372
303
765
489
500
287
264
353
316
262
440
879
460
428
518
408
959
382
305
693
532
633
386
423
603
308
350
327
649
487
740
662
602
657
321
678
507
853
389
338
492
510
683
593
671
374
994
590
450
462
541
619
692
642
708
624
560
633
439
391
454
547
417
924
408
1028
440
734
635
449
417
541
690
477
465
536
571
478
669
625
966
457
450
698
506
885
596
498
518
677
537
758
925
656
590
660
794
622
779
617
635
740
782
651
770
759
752
7
4
16
10
30
9
22
15
26
21
39
9
29
39
14
40
48
16
37
36
63
50
65
58
41
55
54
20
61
56
35
73
29
21
44
62
78
40
90
91
51
77
44
108
17
55
57
15
56
69
50
98
68
99
102
103
34
106
144
4
43
98
63
4
95
103
13
46
19
49
53
161
34
108
5
99
30
118
45
88
104
93
95
180
46
154
65
110
168
104
70
119
9
10
126
172
157
164
134
100
52
140
108
127
78
107
175
6
134
30
65
155
54
114
150
135
117
154
6
138
90
149
64
107
92
19
145
92
194
65
105
16
113
72
179
74
69
158
66
156
179
168
109
132
120
54
96
31
125
47
90
129
21
168
114
134
32
262
115
151
87
101
80
42
121
171
94
158
144
56
155
154
36
6
69
211
313
133
276
305
149
224
117
125
194
10
150
185
119
55
212
91
272
48
22
181
170
4
22
80
151
25
12
257
48
288
6
114
235
40
82
200
32
123
54
124
145
84
5
67
74
53
245
265
95
86
215
115
100
195
61
172
172
182
196
114
165
131
96
98
74
218
187
179
125
131
80
93
163
16
251
88
245
105
44
108
318
225
34
287
171
276
110
447
195
398
368
227
156
193
108
351
112
213
316
124
126
318
232
17
96
14
126
85
163
142
78
401
49
187
392
149
117
366
20
229
232
229
84
230
149
76
203
225
4
326
203
145
223
183
242
182
75
62
327
209
277
345
123
133
282
179
144
376
175
56
65
287
239
84
183
64
342
67
252
265
24
208
250
251
188
285
118
128
15
371
75
177
192
324
142
173
31
225
428
240
96
427
121
299
266
297
267
121
156
55
90
261
44
79
189
11
236
178
311
145
238
454
91
265
455
166
80
453
50
414
413
191
279
281
18
234
215
134
61
239
258
161
297
29
63
92
208
48
33
209
152
4
445
139
203
403
461
299
150
297
98
215
117
65
177
167
47
442
70
373
204
52
163
360
24
334
324
154
131
206
261
105
280
133
286
268
223
287
158
90
318
59
422
288
555
416
535
141
383
70
426
172
274
115
147
382
80
250
123
201
114
364
196
12
219
478
271
304
596
237
179
564
193
89
552
138
426
470
361
398
209
122
144
95
77
147
383
218
342
290
114
186
175
323
243
56
155
92
117
323
191
47
414
23
349
379
304
191
126
181
164
104
67
339
358
270
59
317
427
102
144
401
63
41
327
108
338
387
206
195
177
197
312
177
371
186
557
357
161
331
261
49
456
334
469
151
288
268
107
281
43
107
657
411
476
742
273
263
624
110
235
599
170
465
77
145
291
236
86
37
170
180
38
450
181
465
229
181
181
98
508
60
165
354
346
108
161
138
169
53
216
76
484
405
7
140
291
188
127
174
112
186
122
124
161
439
131
256
149
79
313
96
240
302
395
218
42
286
84
370
74
278
341
330
227
360
499
222
11
479
138
629
36
427
542
335
296
425
211
388
410
169
354
78
127
825
14
664
784
378
662
817
181
313
614
778
308
567
776
254
399
145
142
422
121
238
64
372
26
204
363
193
146
658
108
519
560
338
506
55
239
199
151
348
184
28
150
200
102
19
435
30
10
340
167
256
156
145
197
148
130
246
138
277
47
616
268
417
572
176
302
271
107
489
246
355
474
489
131
135
466
134
95
527
63
28
221
545
416
555
406
393
33
242
342
730
193
322
548
187
31
285
489
550
144
296
25
79
7
758
891
365
757
572
295
127
527
14
10
491
503
225
206
125
132
167
508
55
307
172
297
115
608
183
647
611
282
539
85
280
519
179
194
375
307
180
16
224
194
514
205
139
469
346
111
363
213
205
327
123
194
341
91
161
345
211
94
189
127
777
193
425
604
310
390
435
300
653
383
85
655
670
255
206
142
167
188
746
646
582
603
440
514
530
356
245
436
630
175
204
286
426
492
589
175
364
150
160
151
1051
795
975
229
667
363
188
192
549
124
316
256
179
214
152
467
644
232
467
207
305
313
304
191
310
357
221
570
241
285
497
181
265
281
596
332
524
366
451
380
518
341
750
450
736
522
357
722
288
294
537
551
764
412
523
402
372
273
281
379
460
280
447
282
1079
779
952
721
398
257
267
648
386
315
277
581
792
321
344
625
320
622
409
456
486
335
419
353
409
511
489
444
371
752
441
642
373
485
475
549
499
467
375
445
1047
807
755
626
402
889
656
560
513
692
455
609
431
533
490
488
470
955
796
559
474
812
662
664
585
520
759
523
787
678
613
819
846
686
820
788
831
727
845
909
959
7
13
5
20
30
25
6
18
14
42
13
46
18
14
37
44
32
42
50
23
11
25
63
5
14
51
42
32
41
71
47
60
25
49
31
53
72
46
17
56
41
92
52
13
24
16
31
54
96
24
54
100
26
60
122
57
107
98
95
34
7
28
12
88
82
109
56
53
18
101
168
34
25
111
92
131
42
37
64
95
103
160
35
18
183
33
23
107
38
52
123
88
135
75
96
16
68
64
123
61
17
87
12
112
127
47
110
120
100
59
41
99
97
131
67
14
110
168
185
72
87
122
65
225
37
72
221
160
120
164
29
137
152
90
174
89
89
104
145
177
73
70
135
106
15
317
75
136
284
153
100
74
102
151
29
157
67
168
224
95
47
68
31
21
109
5
113
91
55
38
155
142
34
181
50
19
149
12
15
118
49
21
146
184
130
338
215
139
321
99
315
241
49
184
143
41
8
156
87
297
233
66
61
262
200
250
248
166
81
230
306
35
226
163
69
403
230
236
115
53
13
233
15
274
179
154
346
147
94
73
70
166
189
14
146
237
44
159
137
304
74
166
186
153
90
107
105
80
9
73
82
111
113
76
336
79
138
177
136
248
179
472
101
160
457
195
155
350
163
350
181
39
44
155
86
21
423
50
71
328
299
161
250
301
22
125
284
55
155
109
154
189
254
86
142
136
282
401
279
414
66
282
247
18
208
152
123
149
135
218
63
82
266
369
114
108
145
345
121
150
197
203
136
142
201
26
64
199
123
123
253
33
56
168
69
23
216
280
186
253
122
489
252
103
369
101
514
490
191
363
7
143
303
164
423
217
419
38
120
457
469
251
131
316
70
120
447
245
157
282
229
251
112
209
93
417
204
420
258
164
418
119
144
166
55
55
150
364
253
199
139
116
10
275
108
57
263
117
217
310
344
187
199
208
357
100
359
281
346
144
88
202
176
116
57
43
200
59
274
90
346
106
432
273
268
414
655
103
483
637
215
87
143
168
21
66
245
529
11
140
526
181
129
617
91
266
460
475
140
245
424
161
8
628
138
400
632
322
324
328
259
263
18
234
9
231
418
246
539
140
265
500
177
125
225
106
290
134
13
240
103
322
456
253
233
170
237
99
101
267
15
396
264
329
506
398
219
20
340
476
499
188
234
436
178
142
239
49
130
154
218
108
270
219
456
211
510
309
140
427
286
30
788
330
244
200
269
139
154
305
719
173
205
669
569
53
290
519
523
254
123
518
219
34
730
82
393
526
180
336
157
143
261
143
129
234
406
23
180
338
58
328
327
139
108
671
14
220
606
131
29
147
173
276
166
245
517
355
85
267
399
164
529
94
338
698
506
663
143
658
114
593
69
439
175
424
116
196
327
106
62
270
327
472
356
604
459
395
954
4
368
960
361
89
115
274
166
118
484
36
261
468
755
95
132
683
187
624
25
17
546
706
18
132
397
253
105
643
224
439
360
184
63
296
493
384
137
474
324
108
293
257
130
118
792
61
155
436
324
640
257
356
140
299
580
663
572
113
634
186
179
873
568
120
645
559
130
601
549
115
58
475
74
14
554
283
367
449
269
340
437
481
236
649
351
533
528
172
495
112
273
1095
426
240
293
251
125
155
645
113
771
610
185
621
686
397
60
254
299
354
90
509
213
45
305
114
558
443
124
550
404
67
239
368
373
37
72
295
276
67
842
191
58
745
165
60
95
70
620
514
49
815
346
816
242
375
192
186
367
718
21
821
505
123
776
191
32
1022
126
248
812
532
191
123
494
415
121
304
242
651
596
33
236
479
240
139
406
171
57
367
381
698
461
567
654
188
540
284
191
1114
196
240
994
417
239
308
558
241
181
479
613
137
179
598
711
183
169
709
504
357
217
490
119
180
226
143
593
660
543
257
596
433
214
209
185
464
246
251
764
241
742
217
817
512
331
681
509
333
209
506
399
211
810
283
681
994
333
854
651
296
234
620
466
720
589
299
279
456
226
460
488
603
405
831
314
469
314
1158
488
448
455
440
616
561
693
330
657
860
637
314
300
581
698
519
380
471
865
949
508
734
292
466
322
785
904
733
483
833
703
575
790
415
1200
410
624
549
931
404
577
677
955
957
960
949
527
528
472
518
467
460
872
809
908
793
634
761
438
1050
702
659
583
541
934
806
641
711
955
793
543
894
633
806
528
673
1101
732
861
737
998
822
864
810
694
1025
785
855
634
983
869
877
765
705
1047
803
797
943
939
904
777
746
1105
873
802
965
991
915
1066
936
887
1019
925
1089
980
1038
974
1097
1050
1001
1133
1095
5
9
7
9
14
25
13
31
33
38
26
21
29
48
18
19
55
23
10
45
63
29
34
4
55
25
44
41
7
7
52
21
16
60
73
55
60
66
74
60
9
59
49
37
53
102
26
46
35
80
90
60
19
35
91
68
114
48
17
27
24
18
120
61
85
22
48
48
137
127
63
41
66
8
146
86
69
60
134
20
49
40
72
41
48
54
45
109
188
47
111
95
14
39
63
63
36
156
87
30
99
79
125
11
88
26
136
72
50
127
97
8
116
81
128
30
34
54
108
67
75
52
97
90
85
17
77
96
101
9
127
42
118
100
139
101
14
52
141
32
33
152
53
81
111
103
15
78
90
122
41
73
132
106
217
81
177
24
118
159
243
85
61
48
20
27
172
158
220
142
33
99
181
103
218
140
159
24
100
34
96
97
267
196
151
128
61
214
284
88
53
136
145
146
173
14
227
222
181
238
201
170
57
160
55
178
156
168
171
50
51
117
12
216
122
178
87
147
228
234
67
86
15
82
100
172
7
126
12
274
55
156
62
103
244
90
78
110
41
372
35
90
217
7
83
94
100
156
96
164
17
8
390
100
21
67
236
77
75
82
36
217
186
143
135
123
9
342
122
96
47
114
154
218
48
63
205
38
215
208
96
88
299
38
328
177
147
180
173
90
15
220
45
299
339
143
250
181
280
241
330
226
90
262
122
87
227
151
46
170
47
239
120
129
146
322
110
306
45
107
132
7
60
31
80
88
170
179
96
171
99
167
107
57
212
41
198
16
180
12
554
72
203
538
364
113
260
97
115
140
227
190
71
234
125
47
20
33
132
78
30
311
194
13
179
120
190
128
324
316
121
61
232
367
160
396
237
29
294
62
105
293
169
50
319
71
177
272
209
116
28
192
111
169
97
176
173
186
267
278
186
215
433
43
172
144
183
175
6
261
33
347
245
18
195
218
67
110
331
49
229
99
108
144
333
238
155
199
147
246
164
114
221
166
100
244
50
18
236
368
302
207
138
108
133
127
210
56
191
480
134
408
289
124
157
166
297
78
236
185
514
191
489
514
201
347
182
347
202
334
35
89
416
10
174
350
282
75
216
326
27
46
317
302
18
389
193
227
362
195
148
184
111
322
63
187
295
173
409
185
488
291
189
195
284
16
43
250
509
90
26
264
228
130
374
150
228
368
220
207
66
189
332
427
110
196
402
160
64
254
233
541
134
184
370
58
16
374
374
126
328
36
247
133
663
190
473
655
348
210
121
74
451
82
261
446
38
178
483
88
37
371
32
280
367
418
239
371
411
518
270
260
484
236
114
379
325
421
168
577
294
320
578
139
253
93
159
125
163
653
65
243
364
308
222
391
101
364
363
319
328
17
260
455
547
173
51
484
340
145
9
407
70
308
411
180
244
385
12
177
72
159
430
50
487
368
55
426
178
374
373
779
221
342
72
210
604
56
138
529
161
84
623
80
168
616
102
474
224
440
195
411
173
287
454
167
665
267
338
79
308
33
545
197
268
175
261
169
363
431
762
163
306
266
114
115
158
174
135
319
609
32
158
367
265
21
527
203
25
502
179
205
189
265
154
176
36
498
9
358
380
361
255
134
361
174
77
33
168
267
409
84
150
304
66
343
551
26
609
310
30
491
261
885
455
523
792
214
398
143
93
724
138
261
685
207
258
681
172
259
665
133
73
260
4
326
182
189
324
430
456
361
367
404
170
231
207
426
319
82
398
314
71
164
60
494
163
966
211
495
819
288
333
233
252
195
232
270
198
537
186
495
424
158
654
363
296
341
86
42
550
532
356
257
527
298
148
67
141
365
123
123
289
91
24
265
328
193
442
598
138
765
476
175
727
213
649
163
911
577
570
786
204
508
206
82
511
168
453
166
235
450
793
144
251
763
167
111
101
330
517
170
166
397
426
475
438
398
380
396
297
583
267
180
501
160
173
297
966
402
522
816
333
405
168
234
384
437
366
407
387
769
394
363
766
397
218
240
376
228
419
536
406
718
387
191
691
505
274
502
443
416
273
298
386
557
226
887
538
730
339
715
335
931
682
641
912
248
587
283
610
260
319
547
440
293
323
554
541
570
456
526
531
416
356
530
311
402
371
510
776
444
494
765
369
490
518
392
869
311
457
429
520
798
617
341
586
519
644
496
727
910
700
587
903
377
375
541
374
543
453
607
469
443
468
534
631
452
483
918
486
573
665
761
921
524
491
530
460
480
601
475
491
853
836
564
521
725
806
711
808
755
590
736
673
620
745
692
740
699
5
5
17
24
22
5
13
21
38
32
48
28
19
6
13
51
4
17
31
24
30
38
37
45
50
4
30
34
60
18
41
34
103
26
53
65
50
37
66
20
26
46
14
18
47
51
21
50
76
49
74
28
73
16
13
95
74
55
62
63
34
33
133
66
72
133
71
58
79
17
10
52
86
63
75
75
15
117
67
37
61
119
33
51
45
31
86
51
40
66
129
82
72
10
22
64
19
109
114
169
183
58
41
9
44
93
53
87
133
75
130
166
61
157
44
64
87
86
31
81
26
79
201
90
80
74
40
66
38
94
56
194
102
22
107
100
81
90
6
103
62
266
131
126
48
14
34
51
172
173
51
48
213
81
95
96
14
173
190
19
192
161
167
91
256
18
162
68
73
157
122
95
44
142
65
144
143
82
201
120
153
112
75
302
60
55
70
40
65
125
64
23
234
49
222
36
75
42
120
26
108
265
29
18
96
260
93
243
89
179
64
283
43
26
59
129
40
99
141
243
182
137
72
287
90
140
151
33
90
223
273
79
192
124
43
30
18
135
109
73
150
279
72
80
48
30
205
82
261
93
58
157
82
358
180
237
165
332
68
309
149
157
137
15
107
32
196
220
307
252
50
237
198
372
52
199
115
136
255
249
154
131
57
268
69
41
234
21
424
179
315
72
119
26
266
212
337
91
114
69
165
267
209
280
24
167
45
373
177
58
90
166
53
49
102
7
126
218
80
331
288
91
119
49
23
41
73
24
98
201
51
146
193
79
107
9
326
232
265
348
137
123
247
69
250
97
118
133
129
331
194
369
144
119
386
186
126
161
49
327
152
198
348
97
390
48
299
126
167
249
227
259
172
348
157
114
43
313
60
447
152
98
270
43
437
33
95
31
77
60
270
102
241
137
22
135
236
70
408
320
305
43
348
287
79
165
264
164
21
234
150
226
25
17
209
34
110
200
94
52
265
382
419
58
141
11
67
37
177
42
104
250
151
183
327
305
21
457
374
324
371
117
20
164
171
201
306
226
386
7
141
34
100
15
136
292
81
53
159
260
348
121
480
115
152
107
151
113
202
310
486
156
6
397
358
34
38
321
447
324
309
139
53
292
59
381
68
61
136
132
331
81
428
146
45
348
208
53
154
363
18
576
307
284
195
166
61
61
168
230
189
159
370
130
243
45
87
346
391
156
408
153
379
456
118
571
93
184
215
244
84
266
406
43
21
224
74
509
194
161
425
28
103
540
316
362
14
553
102
193
70
75
87
134
294
404
155
380
63
36
307
85
111
286
377
31
403
521
176
433
173
262
283
255
148
440
368
281
565
429
131
406
115
495
574
165
367
120
92
303
84
34
140
498
86
103
422
313
367
122
375
547
195
242
76
422
489
130
513
208
160
163
81
47
73
406
348
415
76
120
489
178
21
136
482
308
546
20
147
425
383
304
53
314
414
334
148
150
103
237
46
141
694
617
264
136
129
17
581
576
493
531
128
138
38
127
26
142
436
541
75
32
15
333
118
99
133
105
193
342
400
543
510
290
375
148
405
19
395
512
168
518
118
560
109
147
718
454
90
672
106
455
419
472
126
203
218
125
247
99
232
356
645
240
288
118
107
626
78
636
380
107
611
103
35
8
295
547
125
194
406
163
500
249
52
283
534
422
111
74
520
81
707
581
11
440
464
32
196
473
115
280
19
226
294
216
77
733
63
712
225
326
540
114
451
529
167
657
123
150
143
83
41
471
544
122
269
76
120
414
260
202
291
76
436
363
113
121
143
712
562
89
480
244
566
49
328
490
218
529
288
471
731
535
41
749
259
69
576
584
545
200
183
95
54
123
362
124
103
518
103
188
668
446
373
70
270
640
136
683
288
217
127
801
668
172
178
323
82
98
496
386
285
298
75
551
513
217
541
657
722
589
459
687
229
445
382
339
117
377
807
163
163
526
251
492
546
697
563
649
288
187
747
188
256
217
406
586
240
245
622
403
247
343
685
251
584
405
678
231
465
724
398
209
452
321
785
604
251
312
585
199
367
335
351
529
724
599
451
360
233
248
257
277
709
522
256
498
410
722
258
741
301
721
542
317
765
395
417
311
677
299
337
515
751
414
699
693
678
724
539
344
449
882
323
612
677
349
358
598
578
694
491
459
373
766
814
575
483
378
620
615
790
463
397
808
371
603
510
631
777
590
749
476
522
510
696
737
648
602
580
670
515
612
851
517
496
452
462
557
832
866
851
598
573
504
573
779
541
679
715
611
589
526
545
697
559
666
662
623
12
6
15
7
24
7
15
35
5
40
31
7
11
48
44
58
10
43
19
41
66
23
61
19
64
24
72
42
59
24
68
37
43
18
30
81
89
63
46
37
88
95
78
36
52
72
58
39
11
22
57
5
44
51
56
50
113
96
87
123
86
37
108
76
102
80
44
26
97
15
53
87
56
139
87
116
79
57
46
93
45
96
73
20
75
65
142
66
104
76
96
5
136
12
126
126
24
25
120
22
132
92
113
89
53
56
17
5
19
113
138
26
67
41
128
74
153
142
133
109
77
160
45
106
156
10
76
145
70
129
101
75
106
159
219
11
147
118
32
136
193
146
217
243
109
156
241
74
9
207
72
39
104
39
260
85
40
199
133
218
49
150
118
149
146
15
116
92
52
147
4
42
152
147
55
114
207
179
137
261
163
224
256
149
188
137
114
133
125
91
111
235
157
70
165
110
81
119
45
117
120
180
76
85
147
226
63
122
210
153
111
200
63
49
70
29
264
158
235
125
152
341
116
28
281
137
166
107
185
78
129
180
164
151
181
155
354
114
180
247
132
182
177
40
271
147
226
105
173
62
132
106
163
105
93
231
13
283
282
226
293
259
432
296
117
376
277
45
100
78
284
48
273
247
268
195
239
62
46
208
179
226
7
259
208
6
96
301
92
180
332
205
69
335
106
74
106
411
424
245
334
127
179
189
129
413
115
127
224
73
130
157
43
257
146
152
79
67
109
249
42
172
183
264
117
49
121
99
159
138
48
118
401
194
32
320
91
165
310
85
42
206
82
199
199
15
186
257
54
253
405
121
164
294
448
73
568
254
218
300
158
387
296
58
137
341
323
138
313
296
167
292
99
434
152
346
60
110
403
102
18
211
30
229
178
175
176
538
67
525
241
354
269
282
247
300
246
372
281
283
301
228
245
324
227
228
157
149
300
349
224
20
67
183
142
548
136
469
168
407
161
141
218
85
198
135
311
182
314
300
418
548
154
93
537
172
89
402
143
97
367
639
35
394
7
344
593
365
422
295
175
15
258
136
440
84
293
446
411
132
280
281
245
446
185
399
178
74
511
290
316
182
395
85
362
62
346
162
375
75
292
326
67
318
270
159
238
114
507
187
166
508
169
131
106
136
78
30
347
307
735
183
67
343
157
222
223
251
116
209
186
210
125
469
193
49
460
41
307
606
437
298
41
439
194
43
485
167
42
293
134
389
711
468
279
34
459
421
136
308
78
113
73
558
180
308
561
380
305
366
288
139
249
427
139
151
414
348
31
382
178
105
118
462
156
511
217
344
222
193
118
156
118
551
11
406
478
247
94
159
246
403
105
130
322
202
652
284
203
148
224
61
176
211
447
119
927
352
34
701
336
238
176
291
25
310
278
221
76
587
166
194
138
238
394
746
497
231
178
395
143
23
365
292
422
760
531
375
160
369
381
61
406
94
301
427
669
314
431
64
299
41
36
301
357
207
296
117
619
34
630
311
276
356
243
203
40
64
519
226
176
523
139
305
500
59
275
499
58
563
457
87
487
400
146
113
178
96
153
120
421
139
672
388
84
653
212
25
347
199
67
271
432
298
259
13
63
318
57
866
365
270
300
500
98
305
403
906
135
327
901
478
314
552
446
540
515
169
509
109
156
83
832
400
602
773
388
595
98
374
53
373
341
186
354
62
724
506
5
462
428
197
474
42
671
330
642
185
175
184
49
521
164
450
438
221
284
624
157
641
531
68
486
237
301
200
292
521
797
507
77
739
380
79
287
373
265
525
168
472
161
152
147
37
96
110
194
163
597
246
159
257
201
253
35
182
158
52
986
97
303
969
557
297
557
698
638
670
267
567
85
460
846
378
776
640
420
773
133
399
94
126
246
178
294
110
435
240
500
250
91
293
450
235
579
133
184
326
231
183
253
219
600
123
223
510
181
280
756
196
273
675
331
128
685
664
249
647
231
173
375
231
308
647
446
203
202
237
319
712
339
221
304
1083
638
401
626
827
688
803
462
416
777
401
918
691
530
890
280
229
281
377
329
258
308
424
536
707
293
303
249
286
469
315
270
826
784
370
266
740
744
274
567
332
574
306
657
345
375
293
896
450
896
572
378
926
452
568
856
483
503
371
458
894
394
514
764
415
749
860
446
752
593
400
379
669
649
704
475
778
451
752
927
454
921
445
553
832
874
753
648
697
586
681
682
739
726
991
995
577
866
861
831
711
692
720
971
892
901
887
702
739
679
931
924
959
761
928
845
959
942
973
953
807
798
845
847
963
844
873
4
13
14
13
15
24
7
32
20
41
40
31
39
35
24
23
44
5
55
9
59
39
13
67
30
19
67
27
74
44
62
47
71
53
75
32
53
100
49
60
85
26
68
92
64
58
44
84
26
65
117
32
44
104
116
61
5
102
71
121
129
37
86
50
37
30
92
85
144
145
75
72
108
46
132
70
91
118
106
120
148
121
74
142
100
38
13
165
12
60
120
69
129
36
105
53
47
89
189
20
142
26
78
25
33
93
86
74
85
207
82
38
41
46
184
159
104
41
83
113
125
140
72
60
77
202
174
196
155
54
74
91
73
87
137
111
58
125
172
93
153
95
114
107
147
77
63
104
62
231
84
57
89
86
124
200
179
67
99
88
215
91
81
86
82
159
94
164
63
72
176
57
131
154
33
70
130
25
32
50
14
58
153
96
43
217
29
95
225
162
146
173
203
160
83
113
146
124
278
183
160
93
76
196
95
255
218
34
50
100
291
179
173
128
57
160
47
154
52
237
157
87
151
73
38
24
94
172
12
149
220
80
313
251
134
139
86
132
73
184
255
54
273
172
249
89
9
115
98
359
108
22
246
44
225
11
70
22
184
46
116
15
94
147
93
154
205
22
20
80
245
73
74
113
56
245
43
94
107
350
99
289
194
72
271
216
315
376
256
96
70
35
38
254
218
186
65
279
55
196
96
118
166
218
39
178
15
230
321
454
130
127
285
97
155
55
172
142
336
64
177
252
66
100
145
66
225
119
245
94
243
167
254
103
98
209
188
133
12
148
410
199
286
46
62
102
120
159
105
68
140
68
306
227
143
259
106
152
112
174
165
363
100
144
222
173
152
57
241
241
323
279
39
108
18
444
161
243
124
29
383
84
116
144
203
306
192
144
188
460
306
237
177
84
244
326
81
193
103
125
257
379
368
47
315
294
168
60
387
155
307
37
195
538
81
8
104
338
310
139
235
91
83
69
165
163
541
441
88
169
32
84
115
65
22
176
241
430
262
32
190
318
224
164
239
288
110
487
114
116
124
124
288
147
490
131
104
381
127
201
132
61
299
192
361
110
299
288
201
355
157
281
97
61
408
96
181
312
257
38
471
6
248
475
51
147
427
132
179
142
200
334
543
134
488
339
213
248
181
165
100
78
170
182
499
340
131
221
317
226
223
182
131
171
587
130
162
378
96
122
182
96
234
45
248
39
15
223
189
196
344
350
171
201
184
16
116
163
353
281
349
250
89
158
118
292
421
415
194
310
121
190
176
27
127
309
437
127
538
433
230
450
166
156
103
411
91
144
659
13
514
238
428
167
240
275
166
483
294
221
99
162
109
160
415
223
306
319
371
234
309
131
44
187
253
283
352
489
102
235
493
148
87
31
95
270
28
135
225
174
100
471
78
167
438
366
43
347
277
17
171
288
508
187
465
302
255
320
253
101
141
342
315
225
222
40
125
355
141
111
5
233
81
583
86
527
375
296
451
181
294
282
146
265
505
198
490
192
177
582
47
37
116
588
87
48
459
44
582
326
47
489
270
303
46
116
299
34
382
61
497
27
319
421
217
314
210
81
85
65
403
74
419
341
233
371
575
73
237
197
92
43
43
203
107
171
276
627
210
179
530
469
162
165
198
77
276
383
351
226
431
354
91
356
154
472
335
361
438
252
272
184
248
140
358
181
102
222
273
200
210
204
564
204
628
456
362
592
341
363
455
246
162
439
666
130
357
613
226
295
178
214
683
38
176
683
171
670
528
70
671
365
40
181
365
413
221
306
104
211
193
107
605
188
475
592
104
290
225
92
272
219
510
136
451
448
222
131
167
122
223
245
55
251
202
150
385
173
719
297
319
411
307
261
123
279
261
122
563
78
345
491
535
340
188
518
103
185
342
106
447
313
635
384
446
614
371
151
341
89
128
314
222
367
124
162
363
683
487
236
433
350
233
575
324
193
464
667
174
456
378
294
442
287
231
159
136
583
302
744
725
681
515
198
490
494
167
478
467
168
400
305
733
353
490
733
245
361
365
198
577
327
327
570
356
248
334
337
210
314
265
539
260
355
307
399
219
312
291
312
578
282
529
689
235
672
481
516
371
776
400
333
764
459
468
339
494
571
395
607
403
577
455
308
697
840
605
625
304
556
360
534
405
847
423
612
551
349
354
361
422
731
459
785
399
559
543
512
488
488
624
490
504
624
393
611
659
624
673
648
534
477
629
630
866
526
694
518
501
521
747
505
605
485
559
696
729
605
754
813
669
629
556
742
592
728
729
659
641
794
12
5
4
4
24
20
33
19
10
4
15
31
51
15
13
14
13
27
24
69
19
26
64
25
35
53
82
42
12
64
54
23
5
48
8
80
73
63
7
58
66
92
68
82
8
27
91
35
11
36
78
24
106
97
111
21
103
109
125
40
91
39
96
47
96
14
110
94
86
124
5
93
112
66
93
105
130
130
121
129
122
61
34
76
66
84
131
70
129
97
194
21
142
146
94
139
45
19
141
31
136
16
136
48
118
93
220
187
160
224
158
43
71
99
15
121
161
135
97
4
193
94
76
108
86
5
151
67
221
146
61
223
156
64
166
170
149
63
28
240
149
100
97
145
270
75
65
128
209
24
103
205
280
99
207
208
5
18
133
178
59
130
104
168
47
245
152
153
35
150
36
303
127
88
182
69
253
212
205
156
39
235
18
234
212
124
276
387
262
267
106
148
113
106
89
165
74
66
231
123
174
144
146
114
208
69
209
79
166
123
185
37
168
366
160
169
346
79
171
295
147
157
105
142
339
323
258
237
309
143
224
174
58
163
74
176
58
281
42
180
284
143
345
157
171
346
270
40
139
161
284
315
202
287
170
307
241
182
174
209
240
43
58
244
173
38
65
102
198
122
383
336
56
170
297
61
155
223
12
541
93
452
175
62
193
124
122
184
264
88
165
239
71
86
245
271
225
211
234
182
206
287
123
130
208
284
98
348
555
177
258
538
266
227
424
176
126
307
177
113
461
154
443
433
448
426
294
375
140
238
271
54
250
274
83
253
372
78
86
108
120
67
333
515
71
216
411
23
74
85
22
469
136
391
120
20
35
70
381
29
259
43
279
116
122
269
442
233
182
153
172
342
104
240
207
178
58
274
41
258
205
185
197
712
100
574
562
252
518
192
247
204
309
129
251
148
385
105
431
272
359
257
220
312
32
252
381
81
298
352
740
290
316
439
93
48
435
240
12
235
205
579
8
623
489
520
254
262
301
226
226
461
42
384
397
243
364
249
175
257
232
56
223
519
28
258
498
550
180
205
196
150
550
305
266
245
218
194
128
377
198
191
326
622
19
131
305
130
304
366
302
356
208
396
195
379
306
177
324
155
714
715
103
541
397
30
295
175
325
244
121
28
86
121
75
22
410
40
499
295
126
464
156
420
152
335
339
191
182
943
230
465
576
108
26
447
273
552
195
453
477
346
454
377
143
80
373
536
75
482
538
313
63
333
310
140
59
223
39
407
206
181
350
658
340
330
164
340
733
68
381
712
447
376
110
377
220
107
309
96
323
305
204
249
442
207
186
422
207
133
489
119
551
357
89
502
391
9
302
342
536
227
205
134
342
739
902
112
608
117
30
351
71
438
162
186
98
101
426
514
365
77
416
283
538
271
19
536
254
1028
133
505
333
4
182
331
388
80
337
144
661
316
657
635
326
609
488
297
252
463
725
478
120
246
156
168
119
359
774
476
457
746
504
97
78
505
572
24
406
573
105
409
573
30
139
461
105
303
417
295
234
618
195
209
594
107
158
505
129
647
467
302
409
72
294
487
14
1093
380
677
1072
435
161
341
101
508
292
463
209
4
205
269
163
76
258
529
113
422
418
10
394
373
723
285
190
526
378
28
173
356
1127
44
667
1079
50
642
280
51
38
165
55
825
341
791
723
496
576
632
426
357
729
473
330
264
250
60
157
482
139
679
854
108
236
746
601
150
724
590
287
718
209
274
595
195
196
588
219
90
594
101
364
508
151
280
469
35
313
398
109
303
523
207
749
677
125
594
568
377
471
229
350
412
141
1256
147
475
1228
197
446
315
146
478
261
507
477
499
143
237
177
425
700
142
616
688
185
409
546
696
501
202
431
554
1255
152
698
1245
253
470
368
157
151
533
715
783
577
638
523
531
628
224
548
280
486
252
841
372
902
813
332
870
706
906
328
458
336
266
190
331
381
188
319
210
509
302
302
486
444
275
839
374
275
837
689
356
1379
283
445
354
663
286
622
402
578
309
773
568
518
567
473
517
346
430
463
656
1329
353
502
450
632
913
399
729
868
664
661
375
636
326
691
667
317
423
982
967
759
873
972
725
329
938
338
348
591
428
394
487
482
380
960
418
795
944
791
1496
479
1495
451
735
618
572
406
543
746
1315
576
488
740
784
733
600
720
676
447
820
882
855
814
792
971
881
458
1043
706
1432
679
494
506
767
1402
649
581
832
734
534
886
739
863
860
812
777
1089
733
1411
761
833
1325
662
599
797
1157
1258
708
806
1382
725
681
910
1084
837
1425
772
787
1031
1477
1037
1442
1346
1406
1434
1407
12
15
16
6
14
32
33
42
43
44
4
18
37
37
23
20
56
8
54
63
15
52
6
33
4
56
65
38
49
41
46
38
49
55
66
34
4
51
111
40
68
37
10
64
96
9
57
24
56
28
41
100
114
60
29
121
41
32
89
101
121
68
119
17
44
62
34
107
92
72
122
16
169
47
42
4
88
48
22
80
99
43
50
89
60
113
168
138
75
37
16
124
87
37
177
115
45
139
131
68
88
123
58
84
134
92
39
38
99
23
73
79
85
147
167
147
108
20
48
55
101
78
124
121
37
127
148
7
28
13
260
257
35
131
91
107
178
172
24
72
87
112
79
28
170
9
99
154
104
83
144
98
9
151
106
47
119
85
54
220
271
96
121
20
90
109
20
165
120
179
106
93
146
111
260
41
181
126
127
156
156
67
75
126
256
244
164
148
125
165
234
96
226
174
254
199
13
186
130
131
122
116
179
120
287
89
69
227
19
227
97
121
145
277
77
100
261
180
104
46
155
127
40
162
122
50
146
201
135
234
76
105
166
32
365
164
94
29
71
41
253
154
324
246
144
301
58
416
310
187
128
168
103
288
155
327
213
115
315
208
111
148
8
333
118
67
338
55
188
336
338
158
324
308
341
246
121
177
67
295
183
291
28
180
175
12
170
323
49
357
224
280
178
138
341
8
142
320
230
186
234
433
231
200
123
180
126
66
145
340
250
359
65
234
144
254
497
212
199
49
255
48
187
406
44
477
380
134
438
216
93
491
186
28
427
280
289
289
436
249
165
326
262
65
139
362
33
247
332
218
150
176
213
256
65
329
21
67
314
155
205
336
181
53
90
5
371
88
246
47
77
218
64
226
351
14
226
334
399
213
220
358
165
118
159
505
39
113
66
372
183
146
366
377
122
224
186
246
182
303
164
461
323
375
457
185
343
273
326
691
135
225
8
280
115
186
626
503
279
597
249
264
592
179
55
316
452
429
483
118
90
155
111
83
54
294
375
142
321
351
370
313
85
209
124
33
450
312
98
500
26
58
234
365
156
74
497
17
334
379
512
311
147
457
208
497
150
39
461
205
309
248
268
247
44
262
278
402
104
349
339
471
328
614
465
517
577
356
396
810
336
387
732
29
345
57
33
278
17
83
236
328
52
565
329
648
440
433
412
335
332
475
339
124
434
106
642
620
436
266
347
208
126
177
145
37
118
277
19
250
490
238
420
251
143
146
186
21
30
599
488
193
445
411
208
379
425
47
203
412
191
5
567
211
115
467
189
455
447
653
415
182
614
172
91
112
146
155
155
483
312
153
415
208
446
223
391
435
175
332
420
165
232
372
485
163
205
446
124
792
252
560
707
207
528
451
28
736
431
419
649
155
288
120
38
45
253
6
91
138
616
45
562
602
527
423
328
309
254
183
295
73
94
180
462
18
398
181
147
227
351
29
314
353
173
251
467
141
112
339
558
115
229
550
307
221
234
301
135
92
788
90
297
748
593
134
578
600
263
520
134
93
352
98
125
358
74
722
63
319
531
408
274
307
308
615
106
800
591
248
780
282
30
208
128
385
81
665
319
194
644
249
166
385
591
296
337
561
362
129
525
337
16
519
685
84
397
449
43
863
204
596
657
170
649
432
380
577
265
371
242
160
121
195
192
772
138
242
760
429
136
306
277
269
289
366
129
197
233
319
189
294
131
117
230
580
361
436
541
268
314
340
269
497
303
275
442
292
276
961
198
321
905
797
209
572
742
90
481
198
59
524
68
440
721
463
575
224
848
549
257
681
273
549
381
260
435
118
107
566
751
320
263
659
451
261
448
399
111
352
850
109
418
172
743
1048
262
475
596
236
747
564
508
751
278
494
278
291
853
277
368
424
279
284
264
391
739
474
433
460
664
492
476
399
278
593
362
301
1031
362
365
1018
911
292
623
914
341
473
683
286
600
694
421
493
284
278
610
749
379
484
277
550
421
470
666
398
663
811
396
294
748
561
979
450
556
856
539
1157
585
1131
310
521
716
627
879
420
593
831
367
526
409
399
415
492
577
433
603
481
558
622
1071
777
409
601
730
536
390
601
572
711
855
496
518
655
722
551
581
561
494
511
486
1141
618
1083
821
602
989
569
617
982
613
748
674
596
583
549
710
1144
633
597
534
520
545
545
829
610
502
815
505
764
593
567
1165
584
642
1064
606
637
998
602
667
801
1235
568
607
866
791
791
607
1226
685
625
923
613
876
687
1203
1197
806
760
801
799
1188
1126
733
735
763
1239
792
799
789
1182
863
832
1245
901
1143
1149
1190
1148
9
4
26
23
27
6
28
17
43
38
30
43
33
8
32
41
28
52
16
42
66
10
50
53
32
11
61
74
80
90
10
83
22
16
58
14
101
33
77
87
47
27
46
47
64
73
103
92
15
38
32
21
129
5
102
89
93
99
35
79
24
98
74
95
78
14
18
24
57
45
28
11
93
79
70
118
133
120
118
107
69
87
51
80
38
171
56
15
12
53
59
156
50
22
67
98
100
114
60
100
104
51
30
190
154
80
17
43
107
28
54
108
35
138
9
127
144
25
55
54
128
97
143
6
199
99
82
17
43
65
29
12
53
28
112
215
146
56
134
130
15
240
124
134
125
106
11
131
195
153
47
17
234
106
56
215
33
162
134
120
153
172
138
56
131
94
109
123
44
66
49
133
77
53
120
53
45
117
125
39
133
88
71
182
84
93
106
131
19
60
189
221
80
148
65
200
163
98
23
152
191
194
18
152
195
55
64
81
166
322
167
6
132
123
255
5
124
112
216
61
67
156
332
175
191
229
178
42
57
10
19
72
117
236
315
217
11
291
177
274
165
117
31
284
207
178
241
11
127
164
115
256
197
195
142
97
60
35
264
164
128
89
161
126
221
122
212
302
214
244
115
199
169
234
86
218
167
176
103
359
278
197
153
57
197
186
129
386
54
266
382
169
214
78
161
134
82
131
104
158
368
171
82
47
241
83
159
43
82
74
115
19
302
96
418
153
9
386
159
155
215
450
155
310
416
141
249
288
142
195
194
42
172
274
33
249
240
62
227
70
185
331
295
161
217
145
181
118
111
47
235
107
357
222
126
86
421
329
420
156
328
334
92
79
243
359
47
106
307
525
185
178
308
40
142
304
28
350
154
385
340
108
260
382
111
178
351
269
171
250
249
527
62
415
338
206
296
147
244
45
274
106
209
206
367
74
312
362
114
123
242
242
228
61
235
172
583
324
393
260
211
182
189
401
416
301
372
338
200
359
278
122
279
436
24
390
371
245
282
452
178
53
381
83
222
203
136
413
184
242
172
572
568
456
326
466
198
110
406
175
238
377
142
37
200
287
119
477
242
300
263
348
289
493
309
422
412
101
357
237
97
274
173
299
247
235
298
285
79
446
172
117
247
125
131
172
396
465
130
307
256
23
371
427
377
259
197
328
131
40
366
9
731
292
200
691
420
61
361
331
87
535
331
270
328
379
8
435
126
457
275
443
430
446
419
182
368
271
92
393
257
146
380
220
123
75
78
283
56
195
102
168
4
249
146
312
144
43
268
658
16
637
269
7
580
215
229
387
17
353
273
191
446
143
392
150
59
343
458
554
586
293
437
342
238
445
199
485
340
377
435
433
343
209
228
291
176
241
502
204
42
365
170
325
574
464
308
88
370
491
34
838
410
137
837
519
125
195
149
292
36
456
279
517
93
166
448
81
143
410
586
462
472
461
215
318
221
116
473
131
259
450
119
142
145
171
411
307
158
404
552
82
773
80
175
99
133
178
310
56
279
251
212
124
491
91
137
403
621
381
748
408
201
257
401
479
134
552
428
187
446
363
166
404
223
143
331
89
141
332
28
361
113
507
190
331
33
722
79
458
645
198
413
98
73
180
30
422
155
960
405
320
706
112
243
193
116
262
311
566
55
187
535
55
740
455
677
610
397
496
287
165
317
192
626
250
301
551
158
234
130
54
183
95
183
161
203
54
495
118
512
738
101
983
210
320
86
47
240
139
253
312
572
209
541
107
759
306
719
560
246
285
431
602
212
630
317
55
498
310
112
500
191
70
147
168
554
137
683
542
205
612
104
71
119
842
231
548
601
75
326
170
50
565
151
725
557
116
699
185
62
152
158
70
341
377
271
300
204
209
448
134
440
430
430
619
345
346
337
626
324
390
605
231
300
287
211
120
225
179
653
685
569
852
958
831
916
323
269
289
405
241
285
156
577
902
316
869
459
673
679
371
439
271
394
264
589
237
634
537
478
359
614
225
493
568
380
295
566
217
769
254
397
278
446
530
271
475
494
452
460
364
425
674
319
325
297
264
772
961
689
1019
592
408
969
521
411
360
700
1034
1003
494
439
713
809
671
766
427
669
584
330
625
685
355
877
494
451
468
572
781
519
538
740
797
679
530
708
1019
677
1129
1066
510
501
719
634
710
632
676
677
509
450
575
861
497
768
457
662
618
673
515
875
601
735
725
1136
1101
1031
1051
801
619
757
602
580
587
847
705
566
733
682
754
1095
1063
812
798
844
699
770
719
734
658
1118
1012
932
789
780
757
954
847
938
798
7
8
22
23
20
30
11
17
37
35
16
9
40
16
45
33
56
59
16
58
44
51
23
81
55
10
42
76
51
9
44
16
61
15
25
71
59
28
71
28
67
64
76
73
78
7
25
41
80
105
33
11
82
132
25
41
64
17
94
92
89
129
88
82
80
6
4
28
65
116
104
35
84
88
108
5
72
25
79
44
85
94
32
103
81
13
61
31
13
113
23
111
89
133
160
109
137
57
88
148
143
116
217
133
34
78
29
39
42
46
52
79
92
25
40
61
40
85
25
66
170
71
153
125
55
60
34
78
150
69
225
139
83
122
184
62
106
34
46
149
107
162
58
174
40
36
12
147
78
160
36
77
81
280
159
52
165
155
67
136
192
75
279
11
131
57
205
140
132
181
16
56
35
24
183
130
56
68
193
95
110
64
168
83
149
102
70
32
145
151
141
9
59
44
113
182
80
89
14
24
126
221
10
130
241
239
211
126
53
122
10
165
137
172
47
34
193
46
77
41
83
107
62
16
243
48
284
135
250
313
164
267
73
118
166
255
142
55
34
166
106
87
116
31
25
206
143
180
93
180
21
170
14
244
190
50
71
36
233
64
23
165
39
91
75
24
128
242
125
177
339
174
195
195
124
156
7
103
32
240
284
165
15
136
408
323
20
217
227
120
12
225
28
59
178
75
145
125
310
341
27
168
209
196
104
79
125
136
75
157
300
29
426
214
332
66
233
75
233
29
253
306
178
366
92
341
257
247
201
110
162
257
288
140
126
33
151
268
73
87
413
24
214
127
138
211
14
145
97
168
75
35
103
374
200
199
147
38
312
29
286
82
360
42
370
125
153
200
347
39
249
244
406
358
67
140
10
48
97
97
156
140
303
267
423
384
98
239
79
152
237
230
402
336
221
283
64
390
228
177
336
330
194
151
256
263
92
119
299
215
78
98
271
305
24
192
84
317
300
143
96
280
177
17
258
87
62
243
433
521
566
363
524
206
286
471
74
338
304
25
174
299
267
62
358
350
177
207
508
135
276
446
65
244
77
43
74
23
310
135
294
76
416
536
204
114
434
213
311
238
411
201
414
117
241
364
215
586
80
400
548
242
398
168
192
394
122
515
298
347
447
161
344
273
104
260
249
448
245
198
375
142
87
177
420
393
137
139
141
116
123
88
326
47
147
351
33
601
335
665
587
349
614
80
123
436
137
95
50
117
267
411
102
392
112
89
100
414
291
349
593
278
294
488
54
259
156
51
333
293
207
94
164
192
54
287
163
597
206
120
568
373
89
108
329
342
104
584
38
74
409
78
293
195
384
150
230
366
706
118
503
636
103
506
252
614
348
396
399
139
353
429
116
361
409
255
255
66
127
160
35
343
190
269
609
282
220
229
279
256
108
770
252
343
755
313
186
128
219
475
16
403
61
70
400
197
11
193
168
576
130
491
505
418
410
624
179
304
401
124
286
336
106
247
238
123
62
192
21
325
164
211
253
703
162
248
666
475
206
162
385
203
150
602
100
202
448
264
236
271
415
82
280
32
630
42
617
279
475
535
541
395
284
537
513
160
265
67
289
240
148
123
281
381
719
437
184
432
392
313
164
149
67
214
90
916
210
185
911
26
48
261
98
627
132
99
235
116
402
137
202
242
117
257
171
659
239
554
652
299
547
594
302
434
298
274
196
358
276
266
350
194
254
112
195
44
165
6
430
57
358
415
859
279
266
792
545
200
549
242
180
614
236
193
581
210
191
62
738
778
739
159
652
355
136
449
293
590
392
738
557
174
742
656
168
197
208
204
338
122
393
825
370
350
693
294
215
70
185
446
175
186
217
140
345
152
1036
385
230
784
275
121
89
234
164
310
119
387
222
805
268
600
468
197
347
364
281
282
496
208
308
221
236
308
146
582
571
430
718
318
315
628
368
179
740
355
162
697
375
231
163
185
218
178
759
640
315
723
307
298
551
235
588
510
861
423
767
713
371
617
314
344
514
307
485
446
844
279
262
737
553
231
253
502
486
244
1148
450
850
896
764
278
342
276
942
300
762
900
644
307
321
378
616
393
435
307
679
633
496
657
484
578
516
340
764
862
714
358
859
355
344
656
839
549
743
799
691
427
474
720
364
450
573
969
827
741
411
972
738
457
439
535
607
535
437
598
771
948
650
645
594
734
584
711
788
744
689
686
489
1052
803
987
777
599
541
620
841
825
823
722
644
721
626
690
1038
890
778
774
1029
640
991
674
710
790
730
673
953
924
781
761
1058
912
717
701
970
805
1021
843
1085
1014
10
10
19
12
4
19
31
12
19
27
30
31
26
44
44
62
20
18
11
10
58
7
61
22
70
43
25
91
10
67
8
74
23
55
59
4
29
40
9
60
77
32
58
18
84
40
35
39
54
27
90
37
6
90
8
78
40
15
45
125
18
63
70
97
50
12
107
91
31
23
56
103
91
48
37
134
16
53
33
87
77
30
68
67
97
122
44
12
81
37
15
24
135
111
100
97
28
93
74
131
99
78
34
25
107
120
16
143
140
107
96
170
74
77
57
197
33
127
6
81
108
97
10
102
190
90
79
121
148
92
87
14
147
128
167
49
165
146
50
86
15
172
74
35
206
127
42
144
114
242
41
47
4
7
146
75
161
101
33
178
75
112
168
116
174
113
244
69
186
180
87
211
6
166
212
161
156
113
162
151
120
151
136
75
123
158
38
109
252
50
37
242
235
136
114
63
122
128
15
172
37
179
122
186
86
61
104
202
28
294
80
211
282
278
60
50
226
215
44
195
136
267
181
174
247
91
95
292
69
211
211
201
140
82
34
17
124
164
172
29
61
343
130
212
151
227
202
255
211
125
112
285
82
214
279
314
191
179
167
66
164
267
380
183
168
249
283
95
106
130
240
46
189
228
118
114
338
141
81
214
125
422
285
25
156
129
38
281
141
69
287
222
50
263
179
30
262
193
228
436
231
348
125
349
36
11
247
259
296
204
237
365
134
45
223
306
144
120
223
229
68
143
63
494
246
29
221
97
198
369
227
308
168
209
403
145
346
223
259
320
5
151
194
433
60
389
401
183
139
326
77
374
279
172
368
123
154
95
215
108
75
223
47
516
103
457
337
579
123
101
563
208
4
194
147
139
177
324
82
61
322
80
23
479
25
50
428
356
162
103
330
124
586
310
281
545
53
145
404
39
159
261
311
253
317
234
331
255
320
331
30
310
434
124
116
158
151
391
134
160
678
152
188
514
209
180
105
152
82
94
511
82
269
349
195
213
409
28
465
300
108
443
244
107
203
155
446
304
77
206
237
31
196
480
146
379
24
181
225
237
170
548
93
146
467
162
134
63
128
757
53
176
595
196
119
309
362
75
100
198
31
67
597
34
600
288
54
248
269
35
503
223
722
491
289
179
183
100
327
87
89
19
68
420
492
347
502
411
49
430
454
6
310
97
206
301
106
592
237
559
8
168
306
304
645
121
162
204
94
17
408
165
298
395
599
138
286
266
193
202
382
207
640
365
196
308
594
151
131
166
99
133
71
107
258
33
538
240
330
536
225
184
485
55
123
475
281
65
52
191
130
357
760
89
234
342
302
664
101
252
332
46
279
175
186
78
208
581
112
411
529
547
212
551
371
149
545
242
137
184
177
141
727
36
225
482
13
214
485
263
167
222
132
13
282
109
242
296
85
114
18
376
32
348
765
474
216
756
450
256
705
251
252
253
169
260
124
116
706
9
454
591
141
203
406
267
614
126
56
640
114
75
637
108
51
271
101
943
62
407
909
124
393
747
211
275
85
182
209
271
152
208
226
477
129
333
280
510
328
660
317
142
496
275
138
311
228
296
218
127
284
774
93
370
752
667
217
351
669
158
350
120
148
167
377
456
182
258
171
80
149
152
170
154
134
830
94
114
784
370
102
561
229
155
398
705
306
342
273
114
385
87
212
299
783
138
371
405
708
250
737
209
93
705
86
884
219
127
772
59
78
153
62
217
100
934
221
421
732
364
314
26
208
410
185
354
170
447
521
349
260
210
639
230
256
627
344
177
337
310
375
337
262
362
923
78
310
920
139
187
777
119
163
677
417
157
329
65
45
325
356
458
651
210
254
34
50
340
54
236
901
75
220
193
79
310
113
487
259
394
484
138
226
262
180
425
152
979
564
880
190
490
554
120
680
462
110
683
297
169
889
116
131
326
939
130
392
246
922
253
495
815
388
488
595
348
532
494
266
367
388
229
308
708
205
349
593
475
353
519
224
980
385
282
918
821
270
268
821
344
241
394
207
810
378
369
712
322
408
229
235
861
241
314
347
330
485
975
509
908
338
575
814
382
741
441
998
349
937
432
374
993
991
351
941
335
552
866
503
653
497
549
334
389
542
319
427
966
360
768
926
371
352
782
389
345
929
409
1020
404
374
845
401
748
978
829
1035
663
816
534
603
513
555
572
505
862
962
844
983
455
1075
790
893
671
561
595
504
651
904
845
1038
893
863
792
714
587
573
659
915
731
1079
899
767
865
657
881
1047
847
923
899
1112
901
885
947
1094
885
936
944
921
937
6
11
13
13
8
30
29
11
13
13
10
48
52
35
28
27
23
40
34
22
11
60
37
29
39
49
55
47
43
64
55
40
69
13
70
57
35
61
65
44
65
43
66
75
70
88
66
51
70
60
4
57
83
23
80
14
115
75
15
69
124
47
73
146
7
65
56
78
8
83
50
39
75
70
62
37
72
53
127
46
26
47
66
29
80
88
11
18
71
174
97
74
93
33
167
94
27
154
7
53
30
59
136
87
103
116
40
31
39
82
52
114
87
115
180
108
129
26
100
41
190
189
79
28
53
98
174
55
151
111
72
113
113
64
137
77
102
146
107
153
62
33
41
124
18
16
88
89
46
131
123
319
114
61
11
131
33
115
46
54
309
46
199
4
197
108
7
82
45
147
77
30
100
61
125
72
153
75
97
103
175
128
335
136
49
330
112
50
195
49
153
91
88
37
247
190
19
192
128
36
194
230
126
129
130
122
91
159
152
138
107
160
172
54
94
76
172
96
120
154
11
32
71
160
149
275
131
142
413
24
104
384
149
22
240
20
103
203
167
54
68
46
156
128
88
171
191
223
236
61
24
165
245
76
461
205
74
24
78
107
18
154
352
164
78
318
182
67
304
97
149
191
56
351
121
268
214
208
88
117
234
206
170
166
232
160
167
167
61
96
331
284
316
286
265
173
228
80
141
148
80
261
147
407
99
104
170
124
146
148
527
141
119
381
334
70
95
325
181
67
119
143
283
118
305
163
87
350
156
324
304
168
293
224
160
333
408
164
560
309
119
474
137
115
172
119
152
153
189
320
191
315
322
235
262
246
164
266
49
336
192
182
190
238
91
315
211
305
317
17
277
226
314
404
336
288
144
334
127
4
60
101
184
83
146
170
136
68
171
302
437
216
289
125
240
137
187
350
61
180
201
319
156
284
48
340
125
316
320
144
195
126
168
453
147
63
343
466
189
473
300
126
354
286
330
331
508
247
5
509
308
299
603
250
249
342
145
41
275
375
9
201
250
484
158
435
256
344
397
55
342
366
51
330
343
261
258
282
54
421
52
331
359
24
324
117
487
269
394
427
520
306
197
491
236
46
264
207
146
144
232
144
151
52
124
314
18
263
196
490
371
58
241
350
305
171
21
275
189
23
482
127
344
456
214
253
318
143
183
204
28
178
324
177
78
605
177
646
497
470
93
453
76
448
27
66
438
411
173
645
373
99
808
373
432
724
317
432
178
297
194
353
397
453
155
507
319
328
457
101
289
443
77
434
78
168
388
155
500
479
480
125
263
272
119
397
204
604
382
358
574
461
273
230
370
238
141
152
328
356
232
264
293
308
345
174
65
217
483
258
415
171
433
206
309
314
176
548
294
192
462
159
249
293
49
318
273
103
322
430
63
259
136
272
226
409
262
655
242
107
484
131
139
626
489
281
715
347
281
581
348
632
547
469
574
167
446
340
163
470
274
137
473
232
53
348
222
470
337
170
64
261
163
565
181
357
454
98
230
636
93
408
474
277
352
284
237
583
220
750
356
215
579
480
190
176
296
344
147
205
332
409
37
447
334
199
91
74
45
504
64
369
473
262
265
697
15
422
87
92
42
328
435
173
628
438
373
541
104
335
169
23
434
148
375
393
279
378
333
107
273
330
439
630
316
96
616
216
780
215
124
778
706
119
909
571
482
888
410
412
625
266
771
552
611
318
341
415
402
297
602
277
67
381
423
57
476
323
246
420
256
238
399
228
531
308
191
462
255
180
675
134
547
663
438
478
321
432
522
145
614
511
371
513
305
531
322
154
502
542
88
112
523
265
423
601
181
412
850
165
635
595
187
620
125
355
503
560
476
664
207
176
343
155
593
338
559
576
309
422
466
243
501
301
450
402
817
448
360
700
273
352
909
617
434
931
382
392
730
540
485
327
533
438
306
491
369
434
379
557
289
394
544
367
370
478
635
763
618
690
544
592
580
530
562
345
459
515
640
437
685
563
614
396
745
293
531
709
501
764
723
672
562
667
622
575
670
617
668
502
449
431
493
381
389
450
774
510
484
447
985
602
402
1062
622
378
592
611
622
572
391
588
455
389
390
533
609
394
764
834
667
483
421
661
522
503
667
733
654
794
616
651
650
643
601
442
530
532
531
520
507
1038
670
978
1141
518
1051
698
598
700
600
502
572
806
889
743
761
829
670
889
574
602
608
1049
604
985
1035
570
662
703
840
710
752
834
668
901
1054
955
716
722
899
745
747
886
703
931
1093
967
752
762
863
801
896
980
1128
805
938
879
1018
1082
4
8
20
19
17
15
15
7
6
41
14
46
34
28
27
41
56
42
47
44
38
17
63
30
48
42
52
59
78
7
63
22
76
33
60
15
61
25
18
91
7
41
50
52
10
69
25
24
68
56
97
43
67
35
21
86
88
42
19
72
32
142
34
34
103
78
103
30
106
35
90
114
99
33
82
33
30
112
104
21
79
91
25
51
17
140
113
68
42
56
123
30
83
65
118
133
100
90
88
115
30
121
37
72
7
69
17
94
37
166
45
31
98
91
100
25
22
77
93
63
93
120
121
112
115
207
120
33
112
107
24
55
65
103
21
15
26
115
82
6
230
97
46
174
119
69
217
88
107
37
72
218
10
84
239
28
36
124
13
168
89
144
80
150
48
99
280
30
62
139
195
178
39
45
135
87
137
49
131
142
105
52
108
38
109
105
335
111
71
259
99
34
141
18
107
85
117
108
147
48
4
137
37
311
60
63
174
221
51
174
94
72
27
160
194
16
113
196
67
271
154
104
143
77
116
131
15
239
116
127
282
110
76
237
65
141
147
9
373
145
151
339
124
152
141
123
38
243
173
163
226
191
43
100
125
52
91
266
10
188
250
261
167
147
262
4
144
33
118
200
477
87
183
222
221
170
264
111
188
250
132
149
226
163
186
241
153
204
141
163
62
91
359
164
214
38
31
190
168
272
329
95
161
313
156
18
69
132
236
90
306
182
183
155
292
159
154
276
187
156
131
18
303
58
405
300
33
302
62
439
98
319
69
116
220
178
72
363
145
418
5
166
245
245
321
220
88
189
154
324
175
68
237
413
18
285
398
189
267
186
301
225
251
287
332
165
310
188
246
262
154
240
179
94
176
144
364
104
256
359
345
91
157
286
164
147
282
104
331
276
328
149
555
25
268
416
126
341
479
318
461
505
175
497
273
175
51
117
263
43
463
297
83
282
285
203
40
189
311
479
202
358
100
376
259
174
169
185
150
50
112
278
424
253
302
255
478
107
132
191
70
310
185
422
285
172
397
585
174
416
378
179
334
365
143
349
229
403
230
301
390
385
130
300
309
395
289
270
322
317
193
245
42
555
170
207
532
327
94
334
309
13
305
471
157
515
210
302
402
168
5
11
169
473
15
658
411
77
611
467
44
339
402
211
264
29
202
90
202
577
450
123
188
400
188
24
183
162
655
401
128
209
251
405
201
223
373
315
121
133
123
68
470
107
389
501
8
450
217
470
77
155
212
469
391
406
353
370
255
410
328
513
51
223
438
351
227
385
249
562
329
166
233
470
55
494
389
481
484
318
395
202
305
367
188
602
263
213
557
166
207
454
78
206
232
627
73
558
601
76
503
285
577
311
213
63
303
140
641
104
204
512
566
62
407
550
251
206
184
226
273
186
451
202
38
453
524
22
108
368
157
16
178
111
859
67
200
848
355
150
363
286
542
345
89
541
105
298
530
493
265
76
443
415
62
215
242
684
71
374
597
311
260
597
240
441
551
425
404
527
313
212
469
589
211
430
395
170
50
495
102
267
176
79
262
560
595
698
515
558
313
765
251
322
763
97
167
297
50
269
255
755
202
693
391
84
664
211
144
335
718
135
104
697
574
22
222
267
343
208
348
256
246
257
533
219
134
511
524
110
66
168
280
919
342
317
217
223
587
218
498
289
497
256
176
417
62
641
66
262
86
375
191
172
42
638
126
450
613
142
390
329
133
722
333
603
694
499
607
572
478
369
419
461
330
193
354
327
176
406
752
118
589
714
597
442
46
561
451
715
309
260
487
208
248
367
203
196
351
951
171
782
545
140
858
442
205
855
328
284
479
712
157
206
439
430
154
271
421
451
131
169
329
367
194
712
331
142
158
342
307
923
439
900
196
424
408
173
644
369
645
439
494
313
478
242
218
243
290
291
806
242
407
809
325
327
495
193
785
449
642
727
656
633
583
608
430
503
499
417
447
790
719
603
710
540
517
620
419
314
1040
296
924
485
962
450
420
409
367
603
545
576
469
346
325
489
785
362
986
308
558
702
613
349
865
523
435
793
467
700
507
543
368
445
733
493
615
564
560
501
422
1115
1016
963
1016
462
1063
451
1037
542
508
573
529
890
596
999
662
858
602
807
785
660
542
449
443
979
456
859
696
555
807
636
514
627
544
561
527
525
506
1040
1020
1099
952
549
689
939
628
853
701
653
644
893
792
589
600
955
1040
770
757
756
735
950
627
887
630
714
790
845
1076
828
689
783
959
701
818
779
901
1083
811
1072
763
741
912
912
860
1141
841
972
851
938
