5 0.06
10 0.08
15 0.06
20 0.06
25 0.12
30 0.06
35 0.08
40 0.12
45 0.14
50 0.06
55 0.06
60 0.08
65 0.12
70 0.14
75 0.08
80 0.06
85 0.12
90 0.08
95 0.12
100 0.14
105 0.06
110 0.1
115 0.08
120 0.22
125 0.12
130 0.12
135 0.14
140 0.12
145 0.1
150 0.14
155 0.12
160 0.18
165 0.12
170 0.14
175 0.28
180 0.02
185 0.12
190 0.04
195 0.16
200 0.08
205 0.1
210 0.1
215 0.2
220 0.08
225 0.1
230 0.1
235 0.14
240 0.12
245 0.1
250 0.18
255 0.14
260 0.16
265 0.08
270 0.08
275 0.04
280 0.1
285 0.16
290 0.08
295 0.14
300 0.12
305 0.08
310 0.12
315 0.1
320 0.16
325 0.18
330 0.1
335 0.12
340 0.14
345 0.1
350 0.1
355 0.04
360 0.06
365 0.16
370 0.12
375 0.06
380 0.12
385 0.06
390 0.16
395 0.06
400 0.12
405 0.14
410 0.16
415 0.1
420 0.1
425 0.1
430 0.12
435 0.08
440 0.1
445 0.06
450 0.2
455 0.1
460 0.2
465 0.14
470 0.04
475 0.12
480 0.1
485 0.12
490 0.1
495 0.1
30608 89.04
5 0.06
10 0.06
15 0.1
20 0.1
25 0.14
30 0.06
35 0.08
40 0.08
45 0.12
50 0.06
55 0.06
60 0.06
65 0.14
70 0.08
75 0.1
80 0.1
85 0.14
90 0.12
95 0.1
100 0.14
105 0.12
110 0.06
115 0.12
120 0.16
125 0.08
130 0.08
135 0.08
140 0.16
145 0.18
150 0.12
155 0.2
160 0.2
165 0.14
170 0.12
175 0.1
180 0.16
185 0.1
190 0.08
195 0.08
200 0.2
205 0.1
210 0.06
215 0.08
220 0.1
225 0.08
230 0.14
235 0.12
240 0.1
245 0.1
250 0.14
255 0.06
260 0.12
265 0.12
270 0.24
275 0.04
280 0.1
285 0.18
290 0.16
295 0.06
300 0.06
305 0.1
310 0.1
315 0.12
320 0.16
325 0.06
330 0.1
335 0.1
340 0.08
345 0.16
350 0.14
355 0.24
360 0.1
365 0.08
370 0.08
375 0.16
380 0.12
385 0.06
390 0.24
395 0.16
400 0.06
405 0.1
410 0.14
415 0.08
420 0.2
425 0.06
430 0.14
435 0.14
440 0.14
445 0.14
450 0.08
455 0.02
460 0.12
465 0.12
470 0.16
475 0.14
480 0.08
485 0.12
490 0.02
495 0.22
16082 88.76
5 0.06
10 0.1
15 0.06
20 0.1
25 0.14
30 0.06
35 0.06
40 0.08
45 0.16
50 0.06
55 0.06
60 0.06
65 0.14
70 0.06
75 0.06
80 0.08
85 0.16
90 0.12
95 0.06
100 0.14
105 0.1
110 0.16
115 0.14
120 0.18
125 0.12
130 0.1
135 0.12
140 0.14
145 0.1
150 0.1
155 0.16
160 0.26
165 0.08
170 0.08
175 0.12
180 0.06
185 0.12
190 0.04
195 0.16
200 0.14
205 0.1
210 0.14
215 0.08
220 0.14
225 0.16
230 0.08
235 0.12
240 0.16
245 0.04
250 0.2
255 0.12
260 0.14
265 0.08
270 0.1
275 0.1
280 0.14
285 0.1
290 0.1
295 0.12
300 0.1
305 0.06
310 0.16
315 0.22
320 0.2
325 0.12
330 0.12
335 0.1
340 0.1
345 0.04
350 0.08
355 0.22
360 0.1
365 0.06
370 0.06
375 0.06
380 0.08
385 0.14
390 0.16
395 0.14
400 0.18
405 0.12
410 0.1
415 0.08
420 0.12
425 0.12
430 0.08
435 0.04
440 0.16
445 0.14
450 0.06
455 0.1
460 0
465 0.18
470 0.16
475 0.12
480 0.08
485 0.12
490 0.04
495 0.22
10941 88.94
5 0.06
10 0.08
15 0.1
20 0.06
25 0.14
30 0.06
35 0.08
40 0.08
45 0.12
50 0.06
55 0.08
60 0.08
65 0.12
70 0.1
75 0.08
80 0.1
85 0.14
90 0.14
95 0.14
100 0.18
105 0.08
110 0.08
115 0.06
120 0.14
125 0.1
130 0.1
135 0.08
140 0.26
145 0.1
150 0.2
155 0.08
160 0.2
165 0.22
170 0.18
175 0.2
180 0
185 0.12
190 0.06
195 0.08
200 0.08
205 0.06
210 0.06
215 0.12
220 0.12
225 0.18
230 0.08
235 0.18
240 0.2
245 0.1
250 0.26
255 0.16
260 0.14
265 0.1
270 0.08
275 0.1
280 0.06
285 0.14
290 0.08
295 0.14
300 0.08
305 0.06
310 0.14
315 0.18
320 0.12
325 0.14
330 0.1
335 0.14
340 0.1
345 0.06
350 0.14
355 0.16
360 0.18
365 0.06
370 0.14
375 0.1
380 0.14
385 0.12
390 0.08
395 0.16
400 0.12
405 0.16
410 0.14
415 0.12
420 0.14
425 0.04
430 0.18
435 0.12
440 0.06
445 0.16
450 0.06
455 0.06
460 0.12
465 0.12
470 0.14
475 0.2
480 0.12
485 0.18
490 0.12
495 0.14
12225 88.32
5 0.06
10 0.08
15 0.06
20 0.06
25 0.14
30 0.08
35 0.08
40 0.06
45 0.12
50 0.06
55 0.06
60 0.08
65 0.14
70 0.1
75 0.08
80 0.1
85 0.18
90 0.08
95 0.06
100 0.14
105 0.14
110 0.1
115 0.08
120 0.14
125 0.12
130 0.08
135 0.12
140 0.2
145 0.14
150 0.14
155 0.14
160 0.2
165 0.14
170 0.1
175 0.12
180 0.16
185 0.1
190 0.06
195 0.18
200 0.1
205 0.12
210 0.12
215 0.16
220 0.12
225 0.14
230 0.1
235 0.08
240 0.14
245 0.12
250 0.14
255 0.18
260 0.12
265 0.18
270 0.1
275 0.2
280 0.12
285 0.04
290 0.2
295 0.1
300 0.18
305 0.12
310 0.12
315 0.06
320 0.1
325 0.14
330 0.24
335 0.14
340 0.12
345 0.12
350 0.1
355 0.18
360 0.16
365 0.06
370 0.18
375 0.16
380 0.12
385 0.08
390 0.08
395 0.06
400 0.04
405 0.18
410 0.2
415 0.12
420 0.08
425 0.1
430 0.14
435 0.08
440 0.26
445 0.04
450 0.22
455 0.12
460 0.08
465 0.1
470 0.1
475 0.02
480 0.08
485 0.2
490 0.08
495 0.16
10281 88.22
5 0.08
10 0.08
15 0.08
20 0.06
25 0.12
30 0.06
35 0.08
40 0.12
45 0.14
50 0.06
55 0.06
60 0.08
65 0.12
70 0.1
75 0.06
80 0.08
85 0.18
90 0.06
95 0.08
100 0.16
105 0.1
110 0.16
115 0.12
120 0.12
125 0.14
130 0.1
135 0.12
140 0.2
145 0.12
150 0.16
155 0.08
160 0.18
165 0.1
170 0.18
175 0.16
180 0.16
185 0.06
190 0.14
195 0.26
200 0.04
205 0.1
210 0.12
215 0.14
220 0.14
225 0.06
230 0.14
235 0.06
240 0.14
245 0.1
250 0.12
255 0.14
260 0.18
265 0.1
270 0.02
275 0.18
280 0.18
285 0.14
290 0.16
295 0.12
300 0.06
305 0.16
310 0.08
315 0.16
320 0.02
325 0.14
330 0.12
335 0.06
340 0.16
345 0.18
350 0.1
355 0.24
360 0.14
365 0.04
370 0.1
375 0.1
380 0.1
385 0.04
390 0.12
395 0.08
400 0.12
405 0.14
410 0.02
415 0.18
420 0.14
425 0.18
430 0.2
435 0.06
440 0.18
445 0.1
450 0.06
455 0.04
460 0.04
465 0.14
470 0.1
475 0.12
480 0.02
485 0.14
490 0.04
495 0.04
13654 88.84
5 0.06
10 0.1
15 0.1
20 0.1
25 0.14
30 0.08
35 0.08
40 0.06
45 0.12
50 0.12
55 0.06
60 0.06
65 0.16
70 0.1
75 0.1
80 0.12
85 0.14
90 0.1
95 0.16
100 0.18
105 0.14
110 0.08
115 0.1
120 0.16
125 0.06
130 0.14
135 0.12
140 0.16
145 0.08
150 0.14
155 0.18
160 0.24
165 0.12
170 0.2
175 0.2
180 0.18
185 0.08
190 0.2
195 0.18
200 0.12
205 0.16
210 0.04
215 0.1
220 0.06
225 0.14
230 0.14
235 0.16
240 0.18
245 0.14
250 0.2
255 0.24
260 0.04
265 0.24
270 0.08
275 0.18
280 0.16
285 0.2
290 0.06
295 0.06
300 0.16
305 0.12
310 0.06
315 0.14
320 0.12
325 0.14
330 0.12
335 0.2
340 0.18
345 0.12
350 0.12
355 0.12
360 0.14
365 0.08
370 0.06
375 0.06
380 0.14
385 0.08
390 0.1
395 0.1
400 0.16
405 0.1
410 0.08
415 0.22
420 0.1
425 0.1
430 0.12
435 0.08
440 0.14
445 0.24
450 0.12
455 0.1
460 0.02
465 0.12
470 0.22
475 0.1
480 0.06
485 0.14
490 0.1
495 0.08
9985 87.64
5 0.06
10 0.1
15 0.06
20 0.06
25 0.18
30 0.06
35 0.12
40 0.08
45 0.2
50 0.06
55 0.12
60 0.06
65 0.14
70 0.12
75 0.06
80 0.12
85 0.16
90 0.16
95 0.08
100 0.14
105 0.12
110 0.14
115 0.16
120 0.2
125 0.14
130 0.22
135 0.2
140 0.16
145 0.16
150 0.2
155 0.16
160 0.22
165 0.12
170 0.22
175 0.16
180 0.02
185 0.24
190 0.12
195 0.16
200 0.12
205 0.06
210 0.14
215 0.2
220 0.12
225 0.12
230 0.12
235 0.16
240 0.18
245 0.1
250 0.18
255 0.14
260 0.1
265 0.26
270 0.12
275 0.04
280 0.16
285 0.14
290 0.06
295 0.18
300 0.14
305 0.08
310 0.08
315 0.12
320 0.16
325 0.08
330 0.18
335 0.16
340 0.18
345 0.18
350 0.08
355 0.1
360 0.1
365 0.12
370 0.12
375 0.08
380 0.2
385 0.08
390 0.06
395 0.16
400 0.08
405 0.1
410 0.16
415 0.12
420 0.16
425 0.18
430 0.08
435 0.12
440 0.12
445 0.22
450 0.06
455 0.16
460 0.08
465 0.16
470 0.08
475 0.1
480 0.16
485 0.04
490 0.1
495 0.12
9985 87.18
5 0.06
10 0.08
15 0.08
20 0.08
25 0.12
30 0.06
35 0.06
40 0.06
45 0.12
50 0.06
55 0.06
60 0.08
65 0.2
70 0.06
75 0.06
80 0.06
85 0.14
90 0.1
95 0.14
100 0.2
105 0.06
110 0.08
115 0.06
120 0.14
125 0.12
130 0.08
135 0.12
140 0.2
145 0.1
150 0.12
155 0.08
160 0.14
165 0.12
170 0.26
175 0.2
180 0.12
185 0.12
190 0.08
195 0.14
200 0.02
205 0.16
210 0.04
215 0.12
220 0.14
225 0.18
230 0.16
235 0.12
240 0.14
245 0.04
250 0.14
255 0.24
260 0.2
265 0.1
270 0.02
275 0.12
280 0.12
285 0.02
290 0.1
295 0.12
300 0.14
305 0.18
310 0.18
315 0.06
320 0.12
325 0.12
330 0.16
335 0.12
340 0.28
345 0.12
350 0.1
355 0.06
360 0.04
365 0.08
370 0.16
375 0.1
380 0.04
385 0.1
390 0.14
395 0.04
400 0.08
405 0.1
410 0.16
415 0.1
420 0.22
425 0.16
430 0.04
435 0.08
440 0.06
445 0.16
450 0.12
455 0.18
460 0.08
465 0.1
470 0.16
475 0.1
480 0.08
485 0.08
490 0.04
495 0.12
11612 88.92
5 0.06
10 0.08
15 0.08
20 0.08
25 0.12
30 0.08
35 0.08
40 0.06
45 0.12
50 0.06
55 0.12
60 0.1
65 0.12
70 0.08
75 0.08
80 0.06
85 0.2
90 0.1
95 0.06
100 0.18
105 0.08
110 0.08
115 0.16
120 0.14
125 0.12
130 0.08
135 0.1
140 0.2
145 0.12
150 0.18
155 0.1
160 0.22
165 0.12
170 0.1
175 0.18
180 0.14
185 0.12
190 0.1
195 0.08
200 0.16
205 0.12
210 0.12
215 0.08
220 0.06
225 0.12
230 0.1
235 0.2
240 0.08
245 0.12
250 0.06
255 0.16
260 0.08
265 0.2
270 0.16
275 0.2
280 0.18
285 0.14
290 0.04
295 0.08
300 0.08
305 0.14
310 0.12
315 0.04
320 0.1
325 0.08
330 0.12
335 0.06
340 0.14
345 0.12
350 0.24
355 0.16
360 0.1
365 0.14
370 0.14
375 0.14
380 0.1
385 0.04
390 0.08
395 0.08
400 0.08
405 0.1
410 0.1
415 0.06
420 0.16
425 0.08
430 0.2
435 0.12
440 0.2
445 0.12
450 0.12
455 0.02
460 0.06
465 0.1
470 0.06
475 0.12
480 0.06
485 0.1
490 0.04
495 0.12
8194 88.96
5 0.06
10 0.06
15 0.06
20 0.06
25 0.16
30 0.08
35 0.06
40 0.08
45 0.12
50 0.1
55 0.06
60 0.06
65 0.12
70 0.06
75 0.08
80 0.08
85 0.14
90 0.08
95 0.06
100 0.12
105 0.06
110 0.1
115 0.08
120 0.12
125 0.08
130 0.06
135 0.14
140 0.2
145 0.08
150 0.1
155 0.1
160 0.16
165 0.16
170 0.1
175 0.16
180 0.12
185 0.04
190 0.1
195 0.14
200 0.08
205 0.1
210 0.06
215 0.14
220 0.1
225 0.14
230 0.12
235 0.08
240 0.12
245 0.12
250 0.16
255 0.2
260 0.12
265 0.08
270 0.14
275 0.06
280 0.16
285 0.12
290 0.14
295 0.06
300 0.04
305 0.2
310 0.08
315 0.12
320 0.08
325 0.12
330 0.1
335 0.2
340 0.12
345 0.04
350 0.12
355 0.1
360 0.08
365 0.14
370 0.18
375 0.1
380 0.1
385 0.1
390 0.14
395 0.18
400 0.12
405 0.1
410 0.08
415 0.12
420 0.2
425 0.2
430 0.08
435 0.16
440 0.08
445 0.1
450 0.14
455 0.14
460 0.04
465 0.16
470 0.2
475 0.2
480 0.12
485 0.08
490 0.14
495 0.1
19706 89
5 0.08
10 0.08
15 0.08
20 0.06
25 0.12
30 0.08
35 0.08
40 0.1
45 0.14
50 0.08
55 0.06
60 0.08
65 0.2
70 0.1
75 0.06
80 0.08
85 0.14
90 0.08
95 0.12
100 0.12
105 0.1
110 0.16
115 0.12
120 0.18
125 0.08
130 0.14
135 0.08
140 0.18
145 0.16
150 0.22
155 0.16
160 0.18
165 0.06
170 0.12
175 0.08
180 0.1
185 0.18
190 0.12
195 0.08
200 0.12
205 0.14
210 0.1
215 0.06
220 0.06
225 0.18
230 0.28
235 0.12
240 0.12
245 0.12
250 0.08
255 0.12
260 0.08
265 0.08
270 0.2
275 0.14
280 0.2
285 0.06
290 0.12
295 0.08
300 0.1
305 0.2
310 0.22
315 0.12
320 0.22
325 0.1
330 0.16
335 0.12
340 0.08
345 0.18
350 0.16
355 0.1
360 0.02
365 0.08
370 0.08
375 0.1
380 0.06
385 0.22
390 0.08
395 0.16
400 0.26
405 0.16
410 0.04
415 0.12
420 0.06
425 0.24
430 0.16
435 0.14
440 0.16
445 0.06
450 0.12
455 0.06
460 0.1
465 0.04
470 0.14
475 0.12
480 0.02
485 0.1
490 0.16
495 0.14
47138 88.14
5 0.06
10 0.06
15 0.06
20 0.1
25 0.12
30 0.06
35 0.06
40 0.06
45 0.14
50 0.08
55 0.1
60 0.06
65 0.14
70 0.08
75 0.08
80 0.06
85 0.12
90 0.06
95 0.06
100 0.16
105 0.08
110 0.06
115 0.08
120 0.18
125 0.1
130 0.08
135 0.18
140 0.18
145 0.14
150 0.08
155 0.12
160 0.2
165 0.12
170 0.16
175 0.12
180 0.08
185 0.18
190 0.06
195 0.12
200 0.1
205 0.08
210 0.1
215 0.18
220 0.14
225 0.12
230 0.1
235 0.12
240 0.1
245 0.14
250 0.08
255 0.16
260 0.08
265 0.1
270 0.14
275 0.08
280 0.1
285 0.06
290 0.16
295 0.24
300 0.16
305 0.08
310 0.18
315 0.14
320 0.16
325 0.08
330 0.04
335 0.22
340 0.06
345 0.14
350 0.04
355 0.16
360 0.08
365 0.06
370 0.14
375 0.2
380 0.18
385 0.12
390 0.1
395 0.16
400 0.1
405 0.16
410 0.08
415 0.08
420 0.12
425 0.14
430 0.02
435 0.12
440 0.1
445 0.14
450 0.1
455 0.12
460 0.2
465 0.1
470 0.08
475 0.1
480 0.14
485 0.14
490 0.12
495 0.08
18153 88.84
5 0.06
10 0.06
15 0.06
20 0.08
25 0.14
30 0.08
35 0.08
40 0.06
45 0.14
50 0.06
55 0.08
60 0.08
65 0.18
70 0.06
75 0.06
80 0.08
85 0.16
90 0.08
95 0.1
100 0.16
105 0.08
110 0.1
115 0.08
120 0.16
125 0.1
130 0.24
135 0.06
140 0.16
145 0.06
150 0.16
155 0.1
160 0.26
165 0.2
170 0.18
175 0.14
180 0.12
185 0.12
190 0.16
195 0.06
200 0.06
205 0.12
210 0.2
215 0.06
220 0.06
225 0.02
230 0.14
235 0.08
240 0.2
245 0.26
250 0.16
255 0.12
260 0.18
265 0.14
270 0.14
275 0.16
280 0.12
285 0.1
290 0.12
295 0.04
300 0.1
305 0.08
310 0.1
315 0.06
320 0.16
325 0.16
330 0.16
335 0.08
340 0.16
345 0.18
350 0.06
355 0.16
360 0.2
365 0.06
370 0.08
375 0.04
380 0.1
385 0.16
390 0.16
395 0.08
400 0.2
405 0.1
410 0.2
415 0.08
420 0.14
425 0.1
430 0.06
435 0.12
440 0.14
445 0.12
450 0.04
455 0.04
460 0.04
465 0.18
470 0.12
475 0.1
480 0.22
485 0.14
490 0.24
495 0.06
11251 88.34
5 0.06
10 0.08
15 0.06
20 0.1
25 0.12
30 0.06
35 0.06
40 0.08
45 0.12
50 0.06
55 0.1
60 0.08
65 0.12
70 0.08
75 0.08
80 0.08
85 0.14
90 0.08
95 0.06
100 0.16
105 0.1
110 0.08
115 0.08
120 0.18
125 0.08
130 0.12
135 0.1
140 0.18
145 0.1
150 0.08
155 0.18
160 0.18
165 0.14
170 0.12
175 0.14
180 0.06
185 0.12
190 0.14
195 0.02
200 0.1
205 0.04
210 0.14
215 0.12
220 0.12
225 0.08
230 0.16
235 0.16
240 0.08
245 0.12
250 0.18
255 0.12
260 0.08
265 0.1
270 0.14
275 0.08
280 0.06
285 0.04
290 0.06
295 0.16
300 0.16
305 0.08
310 0.14
315 0.08
320 0.06
325 0.12
330 0.12
335 0.12
340 0.18
345 0.02
350 0.16
355 0.1
360 0.06
365 0.12
370 0.04
375 0.02
380 0.16
385 0.1
390 0.06
395 0.16
400 0.1
405 0.1
410 0.14
415 0.12
420 0.14
425 0.08
430 0.18
435 0.1
440 0.04
445 0.06
450 0.16
455 0.1
460 0.1
465 0.1
470 0.02
475 0.18
480 0.14
485 0.12
490 0.1
495 0.12
7368 89.62
