5
5
5
5
6
6
8
5
8
5
19
5
23
7
5
5
7
9
7
8
5
8
5
14
9
6
5
5
5
61
8
8
6
5
5
22
27
5
5
17
7
8
16
14
69
10
23
23
30
10
5
16
5
94
6
16
20
13
5
5
17
5
24
5
9
7
5
5
6
5
8
5
5
12
9
14
14
5
8
12
23
25
26
6
14
5
21
5
37
5
40
9
7
5
48
5
29
7
8
14
23
82
5
7
20
12
5
6
5
7
64
5
26
8
5
5
86
16
25
5
5
13
5
29
8
5
198
14
9
18
22
35
5
5
5
7
6
13
17
8
174
13
109
5
8
5
13
5
11
31
5
5
29
15
16
5
15
17
47
44
34
7
13
8
8
9
6
138
57
59
7
87
19
133
83
141
24
41
12
13
5
53
5
6
7
42
8
5
6
11
27
13
6
9
6
5
5
6
207
8
145
10
8
23
46
26
6
23
160
5
5
5
5
6
5
15
11
25
24
157
9
10
131
10
13
61
6
36
26
12
5
69
32
84
5
5
9
35
120
13
5
42
56
5
5
63
101
6
69
9
14
5
9
34
36
487
19
9
116
24
18
464
41
32
23
13
5
169
9
12
11
11
8
10
108
31
8
163
5
39
5
63
78
249
5
19
5
309
5
9
15
12
47
5
11
5
9
6
33
19
5
7
5
7
5
360
9
12
7
195
5
7
8
5
13
9
16
147
81
46
5
31
10
30
5
8
8
24
14
5
5
6
21
5
35
5
73
6
8
8
5
5
6
6
5
5
8
5
9
7
8
5
8
8
8
5
5
5
5
5
9
5
5
12
24
13
19
24
9
18
5
54
5
21
7
9
5
13
5
9
6
50
9
5
5
11
28
12
14
23
29
5
10
5
23
10
5
44
5
80
76
5
16
5
62
85
5
82
5
8
8
5
23
10
6
16
5
7
32
5
5
5
5
5
5
5
9
8
1127
5
940
5
823
478
5
7
15
5
9
5
31
9
5
5
5
5
6
7
5
23
7
5
8
5
18
5
52
38
7
6
5
18
8
9
26
9
5
7
9
9
6
20
14
5
24
5
38
9
5
8
87
6
5
33
6
27
14
5
14
16
26
64
19
11
5
46
6
8
18
5
193
32
5
76
5
62
21
10
9
10
5
15
20
17
15
8
104
70
12
124
7
127
5
23
12
177
17
15
5
157
9
7
37
6
60
7
5
6
5
8
8
5
10
17
5
7
21
5
16
186
8
16
36
8
37
5
6
11
5
14
9
5
6
5
9
32
61
81
46
25
10
46
12
17
12
282
75
264
5
6
25
9
92
275
43
27
6
18
47
22
16
27
260
13
9
40
45
149
5
45
8
81
5
33
12
5
17
9
5
5
5
8
6
5
26
5
15
41
6
16
23
38
6
12
27
5
17
12
21
49
69
38
32
29
58
220
57
7
74
304
71
5
44
17
5
14
14
37
5
5
619
6
14
589
302
165
26
73
12
9
14
9
47
11
52
10
14
35
76
23
80
32
30
5
5
5
46
9
11
91
9
7
116
7
17
5
5
33
158
5
6
100
8
130
12
103
11
9
13
18
35
5
12
9
5
5
16
53
5
45
35
55
5
25
5
98
6
9
37
8
75
242
25
161
94
57
110
22
10
13
36
7
9
38
73
35
301
14
14
15
19
177
27
6
30
190
38
108
9
11
50
21
5
43
5
34
7
10
262
10
236
25
102
9
5
30
136
5
17
5
5
55
28
5
247
195
8
5
7
8
19
8
391
21
28
9
25
5
223
61
5
11
5
10
32
5
23
31
8
5
43
14
18
40
6
8
17
81
6
19
8
10
54
15
8
6
12
8
47
25
39
61
131
16
63
5
18
5
47
8
41
1032
966
5
165
54
794
9
16
226
44
5
12
19
17
31
13
33
5
49
5
7
9
5
32
54
34
8
12
68
7
66
7
52
5
148
64
5
626
5
11
25
19
29
128
39
15
6
6
53
11
5
154
18
99
6
341
5
342
29
27
5
16
21
266
10
5
159
53
660
78
172
52
659
48
5
12
8
462
8
338
173
5
308
7
13
6
22
296
5
144
8
267
9
205
5
5
7
5
20
5
108
5
100
157
5
11
5
13
8
5
5
9
5
456
242
5
5
5
10
427
17
8
5
9
5
42
5
6
11
5
5
61
5
28
5
5
5
5
5
5
16
21
5
10
48
55
25
63
75
78
804
426
294
1273
973
461
376
266
628
610
241
2543
2490
2036
1972
758
710
690
657
5
5
10
20
5
24
9
6
8
6
8
6
5
5
9
9
5
5
5
5
6
5
5
5
5
5
5
5
5
14
6
5
9
5
6
5
28
5
19
25
45
5
5
12
14
73
5
25
5
20
12
9
17
7
9
48
5
12
8
7
5
7
7
6
88
13
5
5
5
5
21
5
5
39
14
8
23
5
5
12
9
6
22
13
86
54
48
18
5
6
40
100
56
104
5
17
20
5
6
7
9
5
5
5
8
7
5
21
5
20
8
25
10
115
20
10
12
18
5
254
6
29
5
10
20
5
31
24
29
283
8
192
9
7
9
6
12
19
13
161
125
5
5
5
6
47
6
7
199
5
5
16
22
5
52
8
5
9
194
18
14
12
19
44
27
5
133
6
72
54
5
65
472
5
10
13
301
6
23
5
89
6
20
75
30
53
97
11
7
10
14
12
16
5
21
87
98
73
13
5
12
99
53
5
29
6
7
15
5
17
6
9
9
6
6
6
57
17
21
30
28
23
29
32
13
663
66
526
37
18
22
9
62
5
70
102
113
5
39
14
9
7
13
105
208
6
117
83
40
5
9
6
6
5
56
25
83
9
5
5
8
8
5
114
7
93
9
189
6
5
631
91
6
14
37
8
79
13
149
9
6
5
5
8
207
5
8
5
7
5
9
5
364
251
216
210
5
6
5
25
279
33
198
17
9
49
42
463
9
376
18
293
81
14
7
17
24
5
8
153
6
7
116
48
50
474
451
5
444
8
288
5
18
5
31
5
57
20
5
134
81
5
5
47
5
100
101
8
5
109
8
5
116
5
5
8
610
6
204
5
5
5
5
5
5
5
5
5
8
5
5
7
5
5
5
5
12
6
5
8
30
5
5
5
12
6
56
6
5
8
26
13
6
12
5
8
7
61
7
11
5
5
1615
5
14
12
1250
21
564
48
30
5
23
10
9
12
36
9
32
14
9
5
8
8
28
92
19
6
5
29
111
26
35
60
5
8
119
8
20
5
70
8
8
30
81
672
41
9
48
71
23
56
9
516
9
423
39
71
44
66
219
57
101
6
5
5
166
6
5
15
5
7
8
45
9
33
5
18
8
5
7
6
12
32
8
8
7
28
99
18
14
122
5
6
36
8
20
30
14
5
402
9
7
9
5
13
103
336
332
19
225
5
46
59
28
70
6
17
50
8
209
74
55
48
54
117
25
9
141
185
76
9
54
23
28
15
50
18
37
64
5
32
82
31
166
144
7
9
13
5
6
6
64
15
6
445
6
12
5
63
5
12
9
9
5
5
7
62
257
11
166
6
26
25
39
5
8
34
5
114
6
102
6
5
51
49
323
6
8
34
162
5
8
5
83
24
21
63
58
15
7
22
6
28
25
8
16
86
62
15
27
62
49
11
5
9
20
11
15
16
6
50
9
5
73
64
13
19
5
5
14
105
176
5
10
5
9
148
17
27
16
44
30
6
50
18
104
71
60
23
32
27
5
59
12
8
7
5
22
115
116
25
188
14
47
19
8
302
5
12
255
30
244
9
8
36
5
27
17
43
25
24
224
27
846
26
540
21
220
6
13
19
50
219
60
273
12
13
51
15
18
5
5
59
8
5
6
9
7
31
14
6
244
24
48
31
8
7
10
38
17
5
138
425
5
16
17
690
21
590
103
5
5
82
10
65
6
8
9
40
25
5
28
7
12
109
15
9
65
5
24
13
47
188
49
128
104
283
62
15
153
50
14
418
31
5
20
5
221
12
207
22
217
36
14
24
9
12
7
5
180
93
149
97
8
160
11
5
225
224
261
204
190
399
7
14
392
29
49
21
8
36
146
11
5
33
14
14
20
20
8
5
39
16
14
388
13
330
35
44
6
14
40
5
13
11
176
6
5
27
308
6
65
8
32
17
44
33
6
129
132
6
9
79
21
67
39
20
64
113
12
13
12
74
115
15
9
101
11
22
6
382
13
102
176
17
9
9
181
40
35
47
536
5
406
184
154
14
5
12
79
469
10
365
25
267
9
1052
48
6
26
252
12
170
597
5
82
413
5
9
10
228
8
87
5
125
46
19
6
631
36
138
36
6
5
8
53
5
37
119
76
32
80
133
61
3595
3597
227
3468
210
2563
2492
98
2140
2101
2096
677
1772
560
1744
562
1656
150
1634
241
1562
126
1261
146
916
802
490
336
1140
247
1128
586
1047
519
628
278
255
215
796
718
618
270
442
1211
223
1000
516
441
396
1561
1522
889
630
392
364
304
790
772
549
526
1520
947
720
393
1370
910
788
1393
1300
1034
1030
934
2530
2339
1903
5
5
5
8
5
19
5
5
5
17
5
6
34
7
5
5
69
5
5
5
5
8
6
5
7
5
6
5
8
5
6
5
5
6
8
5
8
8
5
5
14
5
19
5
6
8
17
12
11
5
10
8
41
10
5
9
12
5
5
30
68
5
8
73
5
5
6
8
16
5
5
5
8
5
5
5
9
6
5
25
30
9
23
16
15
5
14
31
24
201
12
57
5
36
5
71
101
91
8
91
16
14
8
26
112
5
24
8
71
5
5
52
5
9
6
148
142
5
5
35
134
19
14
14
17
10
11
31
52
27
66
45
15
13
18
9
13
32
129
67
6
90
28
128
71
14
5
12
6
34
5
74
54
18
8
9
7
15
5
7
90
6
30
5
14
43
47
22
9
22
68
17
5
13
6
18
16
36
5
11
34
8
442
14
13
430
249
120
330
42
93
45
31
17
5
20
5
261
10
8
12
12
36
61
14
7
10
6
9
14
7
37
54
48
8
14
25
9
15
5
28
194
37
49
5
5
5
133
25
110
118
5
5
11
5
12
9
5
88
6
5
5
6
70
5
207
11
6
5
108
6
6
29
15
16
47
26
5
14
5
42
6
32
7
5
10
8
561
6
543
452
12
100
92
22
5
50
5
49
49
5
143
8
128
13
6
6
5
9
5
6
24
5
25
24
5
5
7
6
9
72
53
30
107
5
244
14
5
199
5
461
750
39
575
28
500
451
368
32
203
29
163
18
8
133
5
6
12
83
16
5
5
8
13
5
5
5
5
5
6
5
9
5
5
26
5
19
5
7
10
12
26
5
26
5
5
5
9
9
74
28
24
5
24
5
115
5
8
19
36
5
5
6
63
9
37
16
5
23
5
10
22
43
17
7
1250
9
332
12
110
56
59
5
9
217
20
207
12
44
27
5
27
197
9
7
5
5
21
14
8
5
32
5
7
6
5
49
110
77
6
114
5
5
5
8
5
5
136
52
94
6
5
303
5
23
9
27
16
6
84
16
44
35
19
42
6
42
28
28
43
39
5
8
6
7
12
8
5
25
17
15
16
14
6
6
28
14
17
12
17
275
55
23
11
12
152
84
12
25
12
79
17
9
290
92
17
6
39
71
57
65
28
83
18
105
80
11
23
8
8
8
10
29
25
7
14
72
5
8
5
5
9
6
6
5
5
15
206
8
5
29
5
10
5
11
9
13
10
16
47
29
27
33
6
20
14
5
17
8
6
83
5
116
5
6
79
10
5
77
5
20
7
31
5
8
41
168
5
9
8
52
16
347
82
12
12
17
76
5
15
32
75
11
5
5
5
6
6
254
5
105
9
39
5
13
13
53
18
50
5
6
10
19
22
15
502
19
56
21
496
27
409
6
26
215
53
455
104
58
108
75
140
262
69
14
412
10
74
14
10
87
115
48
9
6
89
16
5
26
10
9
223
8
202
5
125
50
8
179
5
166
12
5
12
5
20
15
18
5
16
8
15
8
12
223
95
11
9
25
7
31
21
5
6
8
74
5
24
5
339
5
1968
81
28
8
57
1293
127
6
66
946
5
5
5
35
571
14
19
19
5
13
14
5
8
7
69
11
29
20
15
11
14
67
5
22
20
33
26
10
31
17
6
10
16
135
15
5
18
5
10
7
5
30
11
18
11
9
23
31
5
20
25
5
15
7
20
8
216
5
5
8
5
5
269
9
262
224
9
5
15
16
5
5
30
280
24
110
42
36
7
5
5
21
28
5
5
5
14
29
30
304
255
27
172
6
30
9
5
12
9
17
5
9
6
5
94
6
5
15
18
23
5
5
5
37
12
5
64
56
12
20
13
7
17
38
30
61
9
5
14
6
11
7
69
64
94
134
99
22
155
5
253
32
17
5
23
202
19
16
190
6
5
6
64
10
25
13
19
66
12
60
8
51
45
36
5
5
91
24
91
90
24
33
18
30
24
9
15
5
19
33
52
5
50
5
6
5
9
5
17
1661
1640
15
5
20
330
42
28
39
5
8
34
6
9
1589
65
37
10
81
17
68
167
19
14
5
34
82
5
46
76
65
9
5
37
6
38
16
21
18
134
5
140
7
145
5
83
5
313
107
20
5
85
5
12
22
28
5
7
5
5
7
5
9
348
16
6
23
5
5
46
19
26
27
10
6
16
71
26
60
9
10
14
27
18
94
37
13
40
11
9
8
5
13
5
9
74
12
18
5
84
12
11
5
39
41
18
7
54
5
63
195
78
1988
1499
1343
835
140
300
317
661
555
370
1523
1368
1250
1200
1192
1034
919
851
5
5
5
5
5
7
5
24
5
10
26
5
5
9
68
5
5
5
6
8
9
5
5
5
9
5
13
6
5
5
19
20
14
10
5
14
17
37
25
13
18
16
7
11
79
52
56
7
24
94
25
31
55
38
27
63
83
5
19
72
5
5
5
12
69
169
73
177
172
43
5
58
22
5
11
18
18
15
51
231
25
205
96
55
19
58
63
160
23
72
29
39
169
12
17
18
9
141
5
31
11
18
21
20
12
12
6
319
78
138
5
28
6
32
12
27
146
18
5
5
18
30
5
20
266
25
15
151
13
12
90
22
11
16
16
22
12
127
17
64
7
127
115
9
123
10
27
5
23
25
12
42
102
7
159
30
129
8
92
9
57
177
62
19
5
19
5
32
9
9
155
5
369
9
5
5
5
9
7
5
13
5
375
24
341
14
5
42
7
18
8
5
37
5
5
77
5
9
5
5
5
6
26
6
6
46
8
5
5
5
5
5
5
5
5
8
6
7
5
6
5
12
8
7
6
25
9
5
5
5
5
14
12
12
17
32
7
5
8
7
5
6
6
5
5
5
5
5
5
5
6
7
5
5
26
5
10
9
9
25
9
9
6
5
66
24
31
11
25
29
12
23
13
8
71
22
37
22
77
9
5
53
16
5
18
49
5
8
106
6
7
52
84
6
5
12
11
12
15
8
146
168
5
5
20
8
55
5
46
5
99
14
76
20
50
9
5
9
70
5
120
6
13
42
212
123
15
15
5
22
25
5
5
94
5
18
27
5
5
5
7
6
8
5
14
7
5
10
5
22
8
31
12
20
5
10
6
8
30
24
36
5
26
9
25
8
5
34
8
10
15
11
9
9
11
28
5
6
5
7
22
25
27
19
5
28
44
5
8
25
70
19
5
13
7
44
9
5
9
197
5
11
5
7
9
148
13
8
8
43
8
246
10
6
6
21
9
22
60
6
27
11
5
42
13
61
17
40
5
33
5
31
41
24
5
6
6
8
5
90
411
137
10
23
5
118
7
23
113
21
17
21
21
11
6
21
14
6
12
33
5
6
5
7
31
130
7
88
11
5
9
99
5
103
14
5
12
16
218
18
31
297
33
795
45
718
610
9
6
138
8
65
23
21
7
7
91
659
54
656
58
101
8
9
227
37
9
16
7
9
401
9
65
366
45
19
76
5
91
67
5
5
7
9
447
5
11
6
307
15
134
13
71
30
32
5
43
13
9
65
311
5
20
5
10
48
5
6
6
5
6
28
391
5
336
9
13
78
13
9
328
245
5
102
5
627
18
5
361
21
5
5
41
21
41
5
33
7
58
53
61
12
24
15
15
62
10
50
22
8
40
5
14
80
18
24
27
42
34
37
64
55
6
392
12
6
31
14
70
7
21
19
41
171
125
16
36
6
1328
9
5
12
195
180
43
18
6
114
55
232
131
70
85
15
9
120
17
11
19
105
27
8
5
233
98
5
18
175
31
23
13
33
27
5
6
8
6
8
19
189
8
157
1511
18
1481
6
1247
16
60
495
5
8
9
14
340
9
116
49
520
8
16
22
14
14
5
433
8
145
8
32
8
5
8
414
5
150
896
90
14
75
781
84
742
178
590
6
28
444
23
124
120
67
6
8
30
12
540
8
216
97
5
11
5
54
15
5
48
398
5
286
136
102
43
12
5
21
14
5
8
16
78
16
6
11
8
8
45
8
5
49
5
6
5
38
5
5
623
12
1545
14
1183
6
182
5
9
13
41
448
5
34
5
5
46
5
6
18
111
6
9
39
609
23
235
17
50
5
477
9
70
65
165
88
5
7
82
375
6
6
9
21
9
7
12
74
166
39
44
35
48
26
9
22
116
14
493
72
12
26
5
11
117
89
342
128
331
124
6
124
16
74
5
56
137
12
138
273
5
5
5
284
5
8
38
19
104
13
5
5
5
366
103
8
5
6
5
815
5
484
18
25
463
7
146
9
10
24
294
843
88
5
756
229
278
71
481
462
900
872
9
639
331
123
13
5
12
19
15
337
84
13
13
86
8
8
32
65
8
145
7
10
5
5
29
32
31
5
16
7
51
5
56
8
5
5
6
564
5
500
494
309
130
5
5
254
6
16
19
5
30
17
26
138
12
126
26
7
10
16
25
72
62
31
5
434
23
14
383
20
98
54
34
238
158
1359
587
457
805
234
156
150
385
896
512
503
1734
1403
432
834
782
778
542
468
363
298
2028
1575
1457
1279
1117
606
1193
1131
1135
962
717
2195
1133
3510
3155
3097
2970
2709
2504
2000
1784
1754
1551
1485
1461
1414
5
5
9
9
17
25
5
6
5
5
9
5
5
11
17
5
6
8
10
5
11
32
5
37
9
6
6
16
5
7
31
29
5
5
5
8
20
8
16
13
27
67
5
103
81
5
5
124
5
7
5
5
5
11
8
15
6
5
9
13
5
25
5
5
10
5
18
8
9
22
31
8
5
79
73
76
62
5
8
5
6
8
6
6
5
5
5
5
5
5
5
5
19
5
27
5
5
6
6
12
11
26
11
16
5
8
6
5
5
12
5
5
22
22
35
6
13
5
18
5
5
5
8
7
5
5
5
5
7
5
8
7
5
7
30
11
35
6
8
7
11
5
43
22
10
5
21
5
7
8
6
68
5
11
31
5
104
9
8
5
50
21
5
9
24
17
35
5
19
12
40
9
31
36
10
63
20
51
12
79
73
5
43
5
5
88
7
132
226
29
13
5
5
8
7
14
14
25
6
12
7
11
40
18
5
67
19
12
12
5
37
8
5
5
39
5
5
6
8
15
14
9
13
30
65
5
73
5
96
5
80
14
70
17
9
11
6
28
15
7
37
70
5
5
5
7
8
5
128
196
5
195
5
5
11
5
8
8
5
227
6
5
16
14
15
5
16
30
5
41
28
28
5
57
42
6
16
22
6
8
26
17
9
5
45
6
6
5
19
13
9
9
21
5
23
42
32
34
61
42
5
5
5
5
12
99
9
9
6
38
47
5
5
7
6
5
378
113
5
6
8
8
5
5
503
5
9
5
11
5
5
7
11
10
17
6
196
7
6
9
5
18
5
5
32
5
5
9
5
58
5
9
5
18
5
5
64
29
12
32
33
5
7
5
5
5
5
6
5
5
8
5
9
5
5
6
5
5
16
21
5
7
9
8
5
5
5
7
5
6
24
5
31
5
5
5
9
5
5
5
9
5
5
5
8
8
5
5
5
6
5
6
6
5
22
15
11
36
15
15
5
9
20
7
33
1167
6
1089
14
14
23
5
26
29
6
58
37
13
37
7
96
12
16
15
16
7
11
13
17
47
15
15
60
20
9
5
10
9
51
13
8
22
7
9
29
6
5
8
5
27
5
5
40
9
12
28
48
15
31
9
37
159
57
43
18
5
5
5
33
5
13
5
26
13
33
18
166
17
6
25
12
11
17
9
8
10
26
12
81
82
9
5
21
8
14
7
208
9
70
6
76
5
9
79
1665
6
5
18
15
18
27
9
26
8
23
5
5
70
8
17
46
14
38
17
14
112
10
94
1788
25
11
23
1757
21
1689
93
12
42
1551
39
14
64
5
29
22
27
20
82
21
13
71
13
12
5
5
48
23
23
120
17
61
102
31
397
11
102
5
306
25
335
77
184
6
27
18
23
5
5
74
1648
14
11
92
5
281
1517
9
1367
245
205
170
23
30
47
137
178
36
121
162
21
133
310
325
8
57
283
5
1043
628
476
5
1530
9
115
13
5
1431
5
731
8
711
709
349
6
5
6
615
10
17
5
5
5
5
30
7
521
340
5
5
5
405
6
10
15
23
23
221
104
5
528
22
266
73
11
56
425
6
5
277
6
5
9
166
76
5
6
64
19
765
674
515
16
20
64
27
687
343
7
673
55
16
558
103
5
467
9
9
23
5
146
8
138
96
6
97
51
84
5
11
91
17
19
23
21
41
24
5
5
11
649
39
5
19
9
17
37
7
47
7
21
109
8
8
863
10
11
27
13
13
20
8
235
15
16
26
152
25
148
49
49
5
13
5
116
5
14
25
35
5
281
8
237
5
5
42
5
91
18
27
76
6
27
6
5
5
8
37
6
24
517
17
515
55
47
114
13
6
487
485
6
29
463
216
14
114
19
16
15
5
181
14
27
60
75
5
21
8
21
5
13
46
34
25
130
41
8
147
12
24
26
45
51
6
82
122
128
5
6
26
6
13
24
55
146
5
144
187
190
29
1293
281
1289
166
1190
14
909
7
896
404
6
397
81
361
17
9
10
19
315
9
63
34
29
5
251
82
7
5
8
5
486
6
279
7
8
7
9
284
274
6
103
141
113
5
5
5
8
6
399
16
22
291
28
104
5
17
14
8
17
40
6
17
6
35
27
6
5
48
6
5
27
13
5
5
7
5
6
5
95
5
5
119
24
5
5
16
5
5
6
11
12
13
19
6
24
9
13
6
5
6
165
5
5
59
6
5
5
8
170
5
12
12
155
103
5
7
1637
1472
34
1198
24
1059
1000
112
981
81
982
755
663
680
378
437
415
419
407
1458
1326
1274
1126
866
974
425
783
233
618
167
386
222
1179
1068
517
5
5
6
5
5
10
13
5
5
5
5
5
5
5
5
5
12
16
5
5
5
6
18
23
7
5
9
23
5
10
5
6
16
17
15
57
33
11
27
21
8
5
54
62
98
16
75
5
14
25
5
21
43
15
16
21
5
21
7
18
9
8
22
5
17
8
7
6
5
8
18
5
8
6
5
5
17
10
5
234
5
10
5
42
30
11
17
215
102
12
5
11
24
120
5
6
5
7
18
5
13
5
37
9
5
5
6
5
5
5
5
11
5
18
11
5
16
5
5
30
9
9
16
15
10
59
10
10
5
27
18
39
24
5
60
5
12
11
15
10
58
6
5
6
5
57
28
9
5
5
8
7
5
21
10
593
8
6
328
12
214
42
62
6
205
7
43
10
5
8
5
5
5
25
77
81
8
10
5
15
8
5
7
8
8
8
9
5
141
9
5
5
131
6
6
6
5
6
23
5
5
5
38
44
5
51
17
5
5
5
12
24
17
27
7
19
10
8
70
5
54
7
22
81
40
11
6
19
13
73
25
27
7
15
6
40
5
146
59
9
9
9
20
9
5
10
6
20
5
12
5
9
14
56
41
67
94
5
7
9
9
219
16
44
8
20
13
215
14
186
19
40
20
7
8
5
42
75
6
48
81
12
8
9
7
8
5
107
58
59
6
10
9
8
16
16
9
6
26
5
120
5
5
8
13
5
116
8
8
9
5
7
201
47
5
7
6
16
5
9
8
26
5
5
5
6
5
5
9
19
6
5
33
7
6
5
5
5
19
9
5
6
8
6
12
8
52
25
25
16
9
503
9
39
12
377
5
311
6
18
13
119
64
7
5
5
19
40
5
7
5
57
11
140
17
120
8
75
15
7
5
74
5
8
5
9
113
5
20
5
10
5
21
5
46
5
32
5
234
12
5
11
9
5
16
9
9
5
20
44
98
9
5
51
24
5
87
8
5
13
9
13
12
5
114
98
5
8
7
31
5
5
16
8
5
9
115
33
145
5
6
5
18
19
30
8
210
6
10
39
8
11
25
10
5
28
11
69
60
18
9
6
5
19
106
5
5
15
42
98
36
25
18
14
5
28
8
49
5
44
160
61
151
30
20
14
15
96
86
12
44
9
122
5
5
37
16
11
9
33
95
20
29
8
6
10
9
71
5
6
142
95
45
11
106
20
10
14
65
24
65
33
5
12
5
145
304
166
8
102
6
22
12
47
135
5
6
8
6
57
16
6
58
224
8
112
19
43
26
122
39
16
20
78
19
12
20
6
230
125
38
13
12
20
5
5
103
8
49
5
204
187
152
379
257
143
157
144
8
5
465
443
9
421
19
14
20
21
50
5
79
7
208
52
61
73
49
19
20
163
128
14
6
5
347
343
60
583
48
317
17
22
8
5
38
725
238
332
26
233
28
25
31
138
9
260
18
13
8
10
162
17
5
5
13
6
60
17
5
13
65
20
71
282
59
259
181
5
5
48
313
39
5
289
27
6
5
297
286
124
5
8
12
7
87
10
279
10
282
822
7
794
641
12
559
21
5
367
17
302
57
50
18
5
192
17
147
76
37
47
382
300
81
12
92
5
14
5
24
8
13
108
8
37
25
778
526
138
526
58
6
522
11
497
8
38
11
38
20
19
6
9
49
20
60
21
10
23
244
94
141
5
14
9
6
13
11
5
14
1633
1582
135
1438
13
525
145
5
74
61
18
147
537
300
153
132
30
6
13
7
53
97
5
34
5
10
7
5
58
11
16
419
22
128
5
82
854
11
20
10
5
614
472
9
496
5
5
11
19
477
58
14
364
54
220
58
14
57
448
46
205
166
51
93
109
1312
16
918
33
94
57
9
299
122
15
143
5
899
5
109
144
5
6
5
508
194
6
202
10
206
603
79
5
826
6
250
87
29
10
23
153
224
59
39
21
100
12
1377
1332
5
7
5
12
5
21
59
5
304
5
6
5
52
8
117
36
69
14
218
129
33
89
15
5
17
60
25
6
6
8
44
13
27
12
7
232
5
235
77
5
78
5
303
8
13
6
5
402
5
5
295
75
5
146
12
5
30
6
82
5
40
1761
1677
69
1574
6
1568
5
21
61
1149
190
5
9
9
72
7
161
25
145
869
92
401
68
22
71
17
43
13
5
69
22
140
57
60
36
62
74
306
1408
524
1406
461
1399
277
1350
254
847
89
846
572
206
1167
157
731
704
132
1119
1094
1014
943
656
569
567
359
227
193
1308
1241
972
965
812
817
645
548
1294
618
1346
1320
1142
1044
913
871
705
453
636
532
462
1244
1143
1087
853
5
9
5
8
5
5
8
5
8
5
7
22
10
15
17
17
49
9
10
17
5
8
5
11
6
6
5
6
5
18
7
48
5
6
5
8
52
12
65
5
5
5
5
5
8
5
5
7
5
5
5
5
5
5
5
5
5
6
5
5
21
5
24
5
8
9
16
7
22
5
9
5
7
5
5
5
9
5
5
5
29
5
10
5
6
5
12
30
5
9
5
5
5
81
5
7
15
8
5
5
15
5
6
5
5
30
5
32
12
7
8
9
7
8
29
7
7
83
89
5
5
5
100
9
6
5
5
5
12
8
24
5
10
7
9
5
16
5
7
20
49
6
29
5
8
6
12
22
46
27
9
23
31
5
59
139
38
13
5
27
23
5
12
56
16
31
38
5
64
63
5
90
5
5
141
23
29
6
21
125
21
22
22
43
6
48
156
29
30
51
66
35
55
138
17
15
83
23
5
36
9
71
38
9
5
9
7
5
115
6
65
8
292
269
5
17
9
5
6
5
38
5
27
360
5
8
330
15
342
346
5
5
6
15
13
5
364
10
289
12
23
19
18
38
6
26
14
12
30
8
6
6
5
7
661
60
466
92
5
10
88
27
15
307
23
12
21
24
17
5
18
6
69
5
40
6
76
9
80
15
17
18
44
76
9
72
8
47
16
9
62
9
6
117
76
38
114
6
8
128
18
141
181
18
5
875
164
19
51
12
13
7
5
461
43
423
50
5
68
5
23
12
139
20
44
31
376
5
333
27
284
15
77
5
10
17
22
12
21
17
5
41
13
21
8
5
180
8
158
61
25
146
5
8
7
9
20
5
390
35
346
34
18
7
269
40
222
40
5
56
6
9
248
6
5
72
8
568
6
428
218
499
355
355
302
15
12
12
15
529
44
151
5
37
59
29
19
5
434
70
5
9
311
5
228
221
42
8
40
5
10
15
6
10
74
10
45
17
38
148
32
46
5
5
30
15
7
7
8
12
5
9
5
706
399
128
273
342
1216
107
761
145
750
144
689
6
691
124
8
36
114
13
366
138
22
102
26
9
206
17
39
42
8
8
9
5
7
95
15
806
22
703
374
178
16
42
10
160
44
22
67
8
24
216
105
19
8
48
5
25
71
25
296
5
65
35
19
159
969
45
961
542
430
18
307
406
262
133
11
321
54
120
52
211
6
138
206
5
160
140
70
110
47
6
32
68
28
22
67
14
403
49
5
43
29
278
62
6
35
5
287
20
43
5
20
9
28
6
5
5
32
8
49
67
40
14
12
37
27
5
26
122
5
111
8
14
93
70
34
54
5
12
8
5
6
7
6
55
5
5
5
206
14
6
12
8
146
8
11
13
9
6
5
6
23
291
5
67
240
5
5
5
81
112
5
73
8
13
521
14
6
306
22
386
6
306
31
5
27
24
230
20
10
14
66
259
138
78
137
101
94
6
8
5
393
22
34
132
6
6
10
55
84
125
7
8
202
6
18
159
9
39
32
5
44
5
5
12
11
5
17
5
18
12
9
27
5
20
7
6
6
5
39
5
17
6
16
17
21
6
9
71
20
71
1675
23
6
59
15
10
15
6
22
18
159
34
16
13
156
9
39
6
6
55
5
1188
110
1163
93
537
326
5
11
15
5
330
259
5
237
52
12
132
10
341
12
16
10
111
15
5
5
6
30
9
5
17
11
18
12
46
33
6
9
39
49
357
50
6
72
97
14
8
49
9
41
7
9
9
323
128
75
5
312
6
6
9
6
27
24
27
7
35
11
16
166
8
5
5
28
6
43
194
11
6
130
5
5
125
26
5
5
5
15
190
16
13
34
189
14
156
43
15
41
177
6
5
5
15
8
5
70
76
119
7
17
14
10
22
206
176
17
36
237
8
163
54
174
22
8
8
5
39
14
5
83
156
14
17
15
134
18
83
5
7
12
9
8
5
5
85
27
144
5
5
374
5
16
17
304
24
24
295
430
14
5
5
7
8
36
10
5
5
17
14
25
8
5
39
85
6
5
5
350
9
289
67
6
8
8
1073
1027
8
854
13
731
522
5
15
5
31
548
5
5
5
194
8
154
536
53
17
5
6
92
5
25
6
14
14
5
19
33
38
5
5
11
17
5
9
5
13
5
5
5
10
6
11
16
18
19
5
40
8
5
7
7
25
38
663
589
30
483
380
384
65
314
246
212
834
824
807
287
795
129
550
462
242
93
891
790
780
1209
979
659
439
360
280
2255
1944
1699
1682
1672
1564
1560
1521
1282
880
820
508
2530
2210
2121
1555
1060
3166
2952
2950
2818
2550
2519
2511
5
5
5
8
25
13
25
7
13
36
5
9
9
54
5
34
8
67
5
9
14
5
16
5
5
9
5
5
5
5
5
5
11
16
5
9
5
5
8
10
5
5
8
7
36
5
7
8
5
8
12
5
22
15
8
15
7
15
27
12
5
5
14
9
31
11
17
36
69
83
13
35
7
22
85
6
9
34
11
5
5
5
8
83
5
9
90
5
145
71
98
16
82
6
16
55
178
5
159
34
5
10
7
10
52
33
11
7
49
11
55
9
209
14
6
159
18
9
8
5
85
23
25
49
235
12
6
12
17
16
65
22
9
16
131
272
6
43
16
27
133
58
11
37
64
28
48
10
149
52
22
5
26
21
5
20
30
5
20
5
12
11
39
29
5
19
18
5
6
23
48
7
5
14
5
13
22
5
61
23
6
5
9
6
40
87
23
39
25
56
16
9
12
27
10
13
5
20
35
15
40
9
282
60
205
5
5
5
10
5
17
5
9
6
239
5
234
112
5
5
5
5
5
10
498
13
47
9
10
7
39
5
5
6
605
5
17
9
17
5
554
174
13
5
9
10
5
7
5
40
5
9
5
5
10
7
13
9
9
8
6
5
9
14
5
8
5
5
15
5
5
75
34
43
5
9
5
5
8
5
11
7
5
14
5
14
21
6
24
5
13
58
5
52
17
5
5
54
12
6
15
13
9
5
5
13
38
42
51
13
8
9
16
24
16
148
15
63
94
9
76
23
6
33
5
12
22
14
5
167
6
154
14
37
10
20
36
9
51
48
9
10
5
5
13
12
22
63
6
121
5
5
5
24
19
6
175
44
45
155
6
173
41
18
18
7
7
21
13
13
56
17
6
60
14
5
9
8
338
6
40
15
247
10
15
17
35
6
58
5
47
17
77
81
368
126
5
18
13
6
22
8
5
24
8
5
43
21
164
195
145
7
6
80
126
9
9
6
123
6
250
69
220
8
5
13
8
66
9
29
38
32
8
15
236
17
46
33
6
10
6
8
18
17
12
24
14
40
53
22
39
5
91
23
62
5
18
22
5
7
59
382
6
264
5
212
175
5
121
18
23
86
24
18
33
37
27
40
6
34
439
24
325
9
7
6
8
5
72
13
8
27
6
9
894
6
19
18
20
13
11
9
28
30
38
52
72
38
31
25
46
11
51
6
107
7
82
8
82
39
13
139
6
13
14
137
13
123
47
13
203
186
186
8
5
22
5
9
23
15
30
202
5
218
5
21
15
112
5
29
26
29
19
5
133
5
5
6
259
5
386
5
299
173
24
19
5
5
21
5
37
7
5
20
5
7
8
206
8
5
270
5
14
5
6
5
150
6
247
142
5
5
5
410
182
128
5
9
5
5
6
5
49
9
5
47
8
5
14
5
7
9
39
8
9
11
5
6
7
22
5
5
7
9
14
5
94
19
36
5
6
5
13
5
10
10
16
8
5
9
16
5
6
67
75
389
5
5
10
43
24
5
720
5
480
12
15
16
91
23
9
5
16
11
5
5
8
16
6
27
24
5
9
17
28
28
6
10
16
5
5
6
6
5
6
9
28
19
10
17
6
48
13
5
5
8
5
5
9
8
8
5
71
26
5
5
7
7
5
5
7
8
5
5
5
5
5
23
19
8
14
13
5
24
8
8
6
6
9
66
42
5
22
9
9
74
31
421
249
5
78
7
5
9
5
115
5
813
6
452
424
5
18
5
5
5
9
1053
16
816
5
5
10
19
9
751
30
16
15
59
10
272
9
58
31
68
7
5
8
43
5
38
5
23
5
5
7
45
118
12
76
17
5
1762
1679
18
29
1628
100
6
36
5
21
5
20
5
1372
8
971
5
915
646
5
594
6
583
422
5
5
113
6
8
7
8
450
5
363
5
58
5
5
12
40
18
5
376
375
5
223
14
5
11
5
5
5
5
28
5
10
27
14
22
11
15
8
6
6
14
42
7
8
30
55
25
5
6
7
42
5
18
125
9
155
5
162
5
89
43
14
6
5
8
31
32
6
6
117
7
18
7
9
10
6
5
10
5
28
28
5
9
6
13
117
5
473
25
6
36
334
9
10
33
16
157
52
46
5
5
5
90
12
5
110
60
116
17
5
8
17
7
6
24
6
5
5
44
9
9
5
5
14
5
9
7
8
5
24
5
25
8
119
18
17
25
231
5
94
7
5
81
6
5
9
156
6
5
11
6
14
15
15
25
25
32
5
5
399
342
265
89
70
167
430
94
253
414
384
224
214
500
452
4657
4434
4263
3638
3302
3210
2810
2701
2350
5
5
5
7
5
5
6
5
6
8
6
9
5
5
10
16
19
22
27
5
26
15
5
14
27
5
20
5
16
5
16
9
12
34
5
10
29
6
5
5
5
13
15
85
7
72
5
61
44
5
72
37
13
7
12
5
14
7
45
5
27
5
18
9
129
81
6
7
132
52
9
44
9
55
30
67
38
133
29
20
7
5
28
33
5
9
58
18
13
9
28
9
56
5
6
27
8
9
10
9
26
5
5
7
8
7
13
8
5
30
5
9
5
5
5
5
5
5
9
6
424
5
5
5
5
5
5
8
5
5
7
5
5
5
5
5
10
5
6
20
19
5
7
8
5
5
5
11
5
14
17
29
16
19
5
5
5
5
5
5
6
5
14
22
5
24
5
5
5
15
9
41
5
37
6
5
11
5
78
5
10
86
19
60
17
40
17
12
27
12
5
24
17
21
72
24
6
10
26
56
44
12
9
14
8
82
5
13
5
11
102
96
67
134
19
8
55
13
9
5
9
16
9
5
5
6
11
6
62
15
18
242
36
238
8
8
45
66
8
9
5
10
5
19
20
5
110
106
37
103
155
37
5
72
5
66
5
18
26
24
5
8
5
42
7
9
14
7
33
146
239
5
11
9
24
14
161
7
7
15
35
5
19
19
25
193
5
5
13
13
19
132
6
86
90
541
23
508
16
24
452
17
23
38
12
38
96
8
5
374
5
53
123
19
9
58
24
58
5
337
5
9
190
8
320
5
73
8
237
5
31
101
75
379
5
15
5
5
5
136
79
5
26
10
8
14
6
28
29
21
558
37
5
12
8
13
27
5
20
8
13
28
37
5
44
6
18
8
8
5
50
9
5
5
5
85
6
13
419
5
5
6
19
6
13
7
22
304
24
54
10
13
40
7
39
26
8
5
8
482
415
5
7
363
94
93
6
399
16
24
5
13
16
107
5
46
55
56
259
5
203
11
205
18
97
44
22
33
116
14
9
28
5
80
22
17
5
73
36
15
15
8
6
55
23
47
9
14
30
45
51
5
10
8
41
62
14
53
11
30
235
143
12
18
108
16
6
10
31
5
78
5
7
152
21
5
19
5
36
9
5
202
5
5
80
13
13
18
14
17
6
5
18
13
57
10
23
13
17
7
11
5
26
22
9
25
32
5
913
8
8
9
105
19
15
12
934
5
26
5
608
6
42
10
105
23
108
357
5
89
14
5
9
5
9
8
8
5
210
5
197
20
13
307
6
252
22
254
33
242
9
27
32
5
9
10
5
159
18
15
23
26
9
5
5
15
9
10
9
8
10
31
146
8
17
56
6
26
5
5
60
18
5
21
5
47
5
35
5
59
12
21
15
45
7
10
8
5
5
17
9
5
34
7
12
528
7
336
8
321
63
5
5
471
7
5
8
5
5
1433
5
16
5
1071
36
24
5
37
45
5
41
21
19
17
9
924
6
571
571
1139
5
6
5
71
117
30
11
116
17
13
992
942
5
9
5
15
8
6
11
13
174
20
26
661
6
191
12
84
10
9
5
64
11
531
8
136
26
31
8
30
76
11
5
117
66
913
7
71
5
69
8
27
16
35
23
6
177
6
27
78
34
16
288
251
196
26
137
5
126
39
225
27
33
9
15
134
15
29
108
5
28
5
231
15
52
446
17
381
5
5
60
384
17
17
10
228
5
217
298
263
528
15
20
16
6
9
7
6
349
142
205
53
14
5
197
135
304
6
70
140
216
9
5
7
5
9
13
5
52
17
24
10
21
34
52
15
18
30
8
218
85
36
5
9
5
21
93
18
32
104
23
10
310
5
43
120
5
5
40
5
169
5
135
8
7
16
37
44
8
19
186
6
16
8
5
9
9
8
170
71
45
5
71
9
41
6
27
27
54
5
21
5
1325
1047
5
574
136
9
7
230
33
6
167
47
90
5
12
9
9
44
13
13
204
12
10
18
168
6
6
31
12
17
9
44
12
8
214
38
8
45
12
6
5
8
33
35
96
8
17
462
32
364
5
102
130
21
270
45
75
10
138
17
41
6
55
11
357
241
109
13
38
254
6
69
5
8
14
6
112
48
328
38
47
6
36
304
84
32
109
6
5
53
64
5
7
96
469
6
56
271
109
12
19
66
119
40
64
8
5
122
54
6
29
8
15
7
5
5
5
7
353
255
150
5
233
9
58
14
416
5
5
8
5
5
481
5
45
227
301
472
301
235
213
349
124
634
621
610
262
653
1585
1199
946
654
591
281
1580
910
906
849
403
276
2265
2242
1706
1409
1087
987
830
628
5
5
5
5
12
9
9
5
7
27
5
5
21
19
10
5
6
9
13
5
12
5
45
26
12
5
15
7
9
5
5
5
5
125
6
6
12
17
5
5
11
74
18
27
5
33
5
5
7
7
62
23
28
8
32
13
6
6
19
23
8
30
23
5
20
9
8
83
29
32
5
5
7
55
12
14
9
5
5
13
35
5
5
127
5
5
8
5
6
19
5
20
89
40
8
15
30
5
28
6
41
5
9
6
7
5
228
5
39
47
5
446
104
446
17
368
23
14
7
17
17
5
7
49
5
5
5
5
5
5
5
7
5
7
5
5
5
17
5
20
13
5
12
6
5
5
8
6
6
5
64
5
6
5
16
6
5
5
5
23
5
18
5
29
9
23
17
8
11
72
5
50
13
5
19
70
5
5
184
129
17
59
5
10
6
81
5
19
5
5
44
5
35
8
5
71
16
16
5
25
135
28
9
25
224
40
14
14
18
17
25
235
30
102
7
86
6
62
38
5
8
12
7
14
5
5
9
6
304
6
14
41
18
58
5
18
29
5
36
8
30
334
14
9
20
75
34
5
6
5
6
16
5
5
5
7
66
8
10
9
30
5
8
49
7
59
5
8
9
58
14
9
5
6
6
9
27
5
5
133
110
5
9
5
13
150
18
23
12
8
22
36
7
5
15
10
5
70
9
39
33
15
206
22
10
5
5
63
72
5
74
6
8
17
6
22
7
17
6
5
5
7
8
5
5
6
12
5
17
8
9
5
5
5
25
5
13
9
5
41
5
5
5
5
6
5
5
8
14
6
5
14
6
5
5
5
10
5
5
7
6
61
15
10
9
534
33
197
8
15
22
9
5
32
5
44
5
5
5
5
10
5
15
5
5
10
8
5
6
5
5
5
32
7
7
5
8
5
5
74
10
5
9
5
8
5
8
5
5
12
5
27
5
35
5
5
8
5
5
12
23
5
9
5
9
6
16
5
5
5
5
7
8
5
5
19
6
5
14
5
6
5
6
12
5
47
16
24
19
9
66
43
77
36
72
5
5
8
7
13
5
8
8
5
9
5
5
5
5
6
6
15
5
15
5
5
11
6
29
9
6
9
18
11
9
27
15
15
18
43
23
5
12
8
20
21
7
10
7
17
95
12
5
34
123
12
8
88
5
26
5
148
147
118
138
174
140
13
6
8
6
5
9
5
5
5
9
8
5
193
188
5
6
5
127
27
5
9
5
7
5
5
7
5
5
5
8
7
14
8
292
8
292
29
261
32
264
136
17
5
5
5
5
8
5
5
5
5
5
7
5
5
5
5
7
5
432
8
10
6
16
5
6
7
416
10
17
85
10
5
13
36
8
8
5
5
12
5
7
11
19
6
19
6
30
33
5
21
5
29
9
7
75
53
6
50
8
9
5
6
8
5
6
36
97
23
6
12
52
5
5
16
26
6
21
10
44
97
22
22
48
100
38
18
9
12
8
9
9
12
6
24
31
12
55
44
41
40
5
57
30
17
36
9
9
7
94
63
90
5
70
6
5
104
24
25
5
22
8
16
76
5
6
48
8
8
251
5
279
5
5
9
6
5
5
5
7
14
6
5
18
13
5
10
5
6
13
5
5
23
44
8
28
6
5
60
22
5
31
118
5
101
15
13
17
7
9
5
12
8
21
5
7
10
9
19
23
5
12
6
6
5
5
5
5
6
12
19
10
6
22
22
11
33
20
5
20
6
7
130
66
597
24
17
87
35
15
16
333
5
46
6
24
37
32
6
46
12
136
66
101
325
264
68
145
63
81
15
9
151
36
122
16
103
42
5
86
16
49
23
11
18
117
28
8
8
5
9
120
5
5
55
364
110
12
19
61
14
15
6
28
10
9
29
312
8
108
25
77
213
110
214
68
50
6
184
5
36
5
81
5
85
12
12
287
6
278
17
6
6
6
339
11
59
323
8
42
5
8
8
5
45
453
60
7
215
27
84
16
17
21
28
15
307
35
19
13
27
28
18
5
43
43
15
11
173
16
14
45
17
17
5
12
24
74
12
165
19
116
5
6
15
20
89
5
15
6
7
5
39
7
6
9
5
8
5
18
5
27
5
9
5
6
334
15
20
21
5
12
19
5
5
6
8
5
13
24
5
5
8
14
5
7
24
5
5
6
5
5
5
5
9
5
6
22
35
22
5
8
5
8
39
13
21
29
5
5
6
12
21
36
31
5
5
47
29
8
7
5
5
44
5
5
13
14
8
27
5
39
5
8
128
114
16
128
144
130
196
171
175
5
5
9
9
8
5
8
5
15
5
27
5
6
5
24
6
15
12
5
5
6
14
15
13
27
60
5
9
26
5
9
5
9
29
10
15
5
27
5
40
8
15
24
66
22
57
7
60
40
36
5
29
5
190
7
5
38
7
5
9
139
5
5
54
93
8
9
5
169
141
11
5
5
27
5
7
146
25
18
17
311
5
5
29
24
8
35
5
225
8
76
5
5
290
283
6
205
19
122
10
5
36
13
39
7
35
8
39
61
9
5
5
13
12
62
260
182
181
133
112
9
9
9
8
6
13
6
9
5
15
10
8
16
5
5
5
139
7
8
9
8
6
15
8
5
5
5
5
10
19
5
24
10
6
5
5
358
5
340
253
30
8
65
5
6
63
5
496
5
377
74
9
349
14
181
6
164
17
26
14
5
81
28
32
9
5
18
27
5
6
13
16
19
19
5
9
9
5
5
5
5
7
6
5
5
23
23
5
19
6
5
6
8
5
5
9
39
8
34
13
8
59
5
10
102
5
9
21
9
9
147
8
6
157
18
52
6
5
60
16
5
8
15
5
16
7
31
8
5
7
5
7
218
5
5
184
6
5
1040
6
5
1000
10
18
5
7
13
15
9
45
20
14
12
12
15
5
26
41
9
947
6
22
5
15
933
6
52
5
30
53
5
64
37
28
21
8
157
69
5
5
54
20
191
9
7
22
41
20
160
5
178
5
56
6
5
70
14
19
5
38
7
166
5
8
214
69
6
22
27
19
7
5
6
9
11
304
54
245
25
5
59
6
35
15
5
9
48
43
5
9
5
108
362
64
12
19
19
14
32
8
246
15
18
8
20
23
31
8
249
9
7
5
381
162
194
25
5
19
123
9
24
8
50
5
6
13
143
6
6
47
51
8
6
58
9
69
41
38
408
46
6
70
47
53
24
6
350
5
231
17
9
14
9
12
10
16
62
6
6
154
62
168
20
269
184
143
34
21
36
138
217
118
6
90
62
79
6
5
5
5
139
5
5
9
5
5
17
5
14
6
11
14
5
50
5
478
343
17
5
6
5
5
52
5
238
47
9
6
20
62
26
25
67
19
49
772
6
540
50
55
26
42
9
8
5
6
74
57
442
8
334
116
5
12
40
5
6
5
6
23
6
27
13
10
6
20
42
41
56
8
5
7
11
33
5
5
73
46
9
43
42
9
5
1949
111
1760
5
1683
5
9
5
12
7
8
8
11
11
16
21
10
5
1152
8
7
16
5
5
7
20
6
25
8
5
6
15
14
19
14
9
5
12
67
15
5
11
86
18
5
9
7
33
8
15
9
813
799
5
14
5
716
7
14
10
11
13
11
5
13
9
35
5
5
34
5
9
46
8
38
9
257
9
8
12
5
47
6
7
14
21
5
113
16
11
8
5
6
5
38
6
46
7
8
5
6
2478
5
6
13
5
9
12
7
1455
5
24
1301
5
5
5
1247
5
465
5
63
9
13
13
224
6
32
200
6
12
34
25
16
63
57
52
6
44
8
13
248
16
6
16
8
12
6
5
7
53
57
33
7
5
17
66
61
73
6
130
133
49
63
5
73
209
146
128
831
17
87
806
5
45
176
16
6
35
5
22
31
5
815
5
67
51
272
181
835
120
5
43
5
26
6
5
9
5
33
5
25
5
14
5
8
2913
5
17
6
72
28
24
24
12
103
7
43
49
117
15
11
8
9
75
8
2628
5
85
93
8
14
357
341
14
9
158
51
38
133
652
5
5
549
521
19
5
18
13
17
8
22
7
43
548
24
1819
1794
9
13
1484
28
1445
1430
5
497
2511
461
14
5
1207
5
16
307
6
25
14
5
36
220
10
29
59
20
5
1257
996
32
12
150
174
170
29
5
88
24
176
10
9
17
6
184
57
184
15
177
23
105
69
28
14
9
11
17
134
16
36
5
87
5
5
127
5
6
126
5
13
32
18
5
2575
2437
5
5
106
5
103
11
74
16
68
27
2412
2111
11
107
20
53
8
2122
41
5
52
1778
10
28
1756
223
88
637
8
58
27
12
36
32
23
5
6
15
168
61
9
57
5
16
22
68
18
230
9
107
5
11
33
5
73
108
27
6
128
15
116
67
6
58
16
9
87
38
21
30
5
208
12
120
1922
1429
1354
1348
5
5
19
6
22
1159
9
1094
932
230
198
49
104
716
657
327
71
90
464
386
237
134
478
180
689
141
436
395
249
195
619
556
343
557
359
341
613
1779
1777
1657
1638
1485
1251
1088
550
1413
1357
1184
1113
1057
1026
935
714
6666
6583
6352
6167
5987
5800
5467
5071
4771
4546
4274
4211
4169
4095
3741
5
5
8
8
22
5
25
5
5
15
12
20
5
8
20
5
11
38
5
8
19
31
22
5
5
5
9
6
5
8
26
86
22
112
5
5
7
9
22
14
9
12
8
10
29
85
5
60
7
5
5
5
8
6
154
5
220
9
5
6
9
5
11
22
18
36
5
13
10
18
6
8
10
34
20
6
9
17
116
5
38
23
19
374
9
333
8
117
259
63
52
339
9
5
19
10
38
27
137
126
12
12
5
49
21
11
7
27
9
169
30
5
93
132
12
18
9
123
8
112
13
12
15
15
37
8
37
53
44
5
13
7
10
453
9
10
30
37
179
6
82
5
16
7
49
600
12
306
14
7
209
79
5
64
173
60
96
109
46
104
8
6
37
10
6
147
16
26
36
25
42
12
12
14
16
336
111
6
137
401
75
6
200
53
10
72
19
556
468
16
111
33
17
51
40
12
29
8
30
43
101
84
138
137
5
21
401
377
5
591
326
154
5
226
17
7
179
587
158
313
129
18
17
320
11
16
39
6
314
58
173
13
8
20
116
5
320
85
301
263
6
19
19
9
114
24
25
9
18
8
478
110
5
5
16
130
27
9
15
313
5
95
6
107
5
6
40
71
8
168
6
5
63
10
45
14
50
7
58
7
6
8
157
44
7
57
5
413
5
6
5
5
12
273
5
5
11
5
13
8
17
7
9
6
53
51
20
26
31
38
1174
1141
30
45
6
712
16
517
1080
45
167
1053
25
69
5
20
12
28
26
10
6
23
7
789
550
5
76
5
263
242
5
5
170
120
10
7
27
132
634
406
5
350
12
7
5
5
12
5
28
17
6
5
5
13
8
571
313
11
9
8
10
6
1152
24
1154
5
10
20
7
10
40
17
40
24
53
1070
8
985
6
6
988
19
969
29
33
14
15
961
662
64
440
43
8
13
5
47
6
8
89
167
96
14
98
5
176
114
6
6
1024
110
987
39
30
1096
55
988
691
16
23
6
5
8
11
28
14
51
6
1181
43
1129
1090
26
7
6
202
17
95
6
54
1079
50
106
1068
1072
11
15
53
5
62
110
8
10
33
20
8
5
50
8
27
5
8
37
7
23
6
27
9
11
1073
14
14
6
5
28
1053
102
105
15
12
42
6
12
5
12
7
16
22
58
54
8
54
9
112
5
14
707
73
27
10
710
24
24
1753
687
1427
1424
5
34
617
5
39
1200
19
39
5
7
1198
77
90
641
888
8
25
20
492
6
9
9
13
8
423
45
62
19
54
13
26
42
13
135
6
9
10
46
8
33
155
44
17
163
105
14
11
884
40
365
294
20
239
15
58
5
60
8
145
5
19
853
8
713
99
633
108
5
73
8
72
7
19
25
5
40
421
7
499
10
5
430
486
18
492
299
40
31
482
309
352
180
339
7
322
1850
164
1181
5
1076
1065
810
5
570
798
554
485
8
753
5
496
328
15
382
33
300
18
40
267
5
143
19
58
101
13
23
107
28
5
8
5
7
26
51
332
32
8
12
294
80
1839
1810
29
1518
15
5
1378
47
14
8
14
1367
140
1282
5
10
5
19
14
5
5
25
76
5
1303
954
59
5
16
6
927
14
919
21
6
14
5
5
5
897
9
522
269
11
242
23
21
46
37
1794
1770
5
1568
15
5
108
11
32
233
1579
19
20
199
7
57
38
1002
58
979
11
178
1243
23
14
403
1135
1060
191
12
99
69
22
12
55
14
6
20
7
464
24
973
18
593
34
486
24
325
34
21
511
172
32
68
462
410
50
66
60
15
25
82
60
8
28
5
5
8
24
8
16
79
173
34
157
100
9
5
132
6
6
337
9
42
13
18
9
6
30
20
23
22
23
44
364
329
5
8
6
5
248
5
5
8
7
8
49
452
42
278
7
160
6
12
162
19
5
6
15
18
5
45
27
5
9
7
5
5
5
8
9
5
5
5
521
499
203
5
5
6
16
17
5
23
586
491
9
8
6
113
21
57
7
9
18
5
9
5
11
6
5
9
15
5
5
5
6
5
18
26
23
5
30
12
5
51
7
16
5
31
948
8
626
106
8
40
11
5
6
9
6
132
42
5
6
12
6
16
26
6
29
28
8
1702
27
1474
5
59
31
5
26
6
158
27
8
5
5
9
6
5
19
1376
5
5
27
1131
18
848
12
18
17
5
8
11
5
5
5
377
80
323
787
769
209
2306
2240
2098
2090
2080
2021
1543
3513
1447
3474
1313
2965
1247
2499
543
2383
2246
2047
1015
958
615
590
468
458
401
225
3322
2468
2410
1713
1638
1123
3653
3645
3331
3283
3184
3158
3094
2668
2491
2433
1995
1954
1958
1948
1846
1837
1702
1477
1048
959
5
5
5
5
9
5
5
5
15
8
17
15
5
9
9
11
7
17
7
5
6
5
5
5
8
5
6
9
23
6
9
5
7
5
6
5
39
5
11
19
5
14
5
7
6
8
5
9
5
14
5
20
6
21
5
38
7
5
8
5
5
5
5
5
18
9
5
24
11
15
9
5
8
35
5
77
8
74
5
169
30
5
8
5
18
14
5
7
7
38
8
15
11
78
13
20
27
62
31
83
5
84
5
9
5
159
5
305
238
5
8
9
18
8
206
176
36
5
270
8
5
5
5
5
5
5
5
22
5
42
32
26
5
57
9
5
6
5
5
77
19
23
9
15
6
8
17
56
33
20
8
41
14
42
7
85
60
13
8
163
10
6
83
11
11
6
44
42
19
30
35
30
17
5
6
8
9
5
55
72
5
5
50
5
5
6
22
116
81
8
6
14
5
5
19
28
14
18
57
7
13
64
5
6
22
201
12
5
16
6
52
14
6
191
33
221
6
37
63
5
149
7
44
83
154
5
60
9
6
10
6
11
121
12
6
5
5
13
10
5
15
133
23
24
35
131
16
46
16
9
8
25
7
8
13
9
5
7
6
5
10
25
150
9
12
9
39
5
245
319
254
15
6
5
17
5
25
6
31
55
5
22
103
68
5
6
5
8
667
5
516
8
495
164
5
146
8
7
5
6
14
5
18
13
5
5
6
5
6
16
5
18
23
9
26
8
6
5
51
9
5
5
5
5
5
5
5
5
28
5
32
5
22
30
9
47
6
5
7
7
29
6
33
14
185
46
7
97
7
16
5
6
10
7
112
5
12
7
12
22
12
5
807
12
6
8
727
11
5
6
5
23
419
27
44
50
20
5
16
19
10
5
28
29
407
19
5
12
5
21
32
6
54
20
40
9
59
5
8
318
5
48
9
20
27
204
9
199
8
23
5
5
6
9
7
122
6
332
24
251
12
12
11
197
7
40
25
47
6
6
16
9
5
5
10
5
9
27
5
5
28
8
277
5
6
89
20
6
5
5
6
340
5
293
16
6
14
9
266
20
5
19
9
14
23
6
7
6
50
164
5
84
28
87
5
89
9
18
13
5
5
28
5
12
5
76
6
45
14
6
18
13
30
5
33
5
5
13
6
21
16
6
30
9
27
5
32
41
19
166
22
8
8
12
141
25
30
8
5
14
5
35
5
7
16
15
5
5
8
5
34
7
5
599
5
442
7
9
5
5
5
7
7
5
5
5
5
5
8
5
960
5
813
5
9
612
386
9
5
6
5
5
5
14
5
6
10
7
11
6
48
9
8
10
63
14
18
14
17
79
7
6
41
5
48
28
25
6
23
108
30
107
6
9
39
17
9
22
95
148
7
29
127
66
8
127
5
45
128
7
11
154
20
11
5
204
18
6
11
9
20
89
34
27
12
5
27
12
39
114
58
9
9
7
27
14
24
41
5
12
26
126
53
6
116
53
6
29
6
6
115
23
21
14
11
51
174
58
154
96
14
102
14
7
6
218
11
5
29
83
6
12
250
11
37
53
193
11
22
162
6
18
12
441
11
8
63
6
32
17
38
5
37
35
134
41
62
18
6
144
25
30
6
13
45
5
30
103
37
261
18
208
26
11
6
26
14
12
28
7
40
235
6
46
5
168
22
55
138
14
95
18
6
75
13
6
22
376
169
14
55
11
375
11
121
15
66
387
300
13
14
28
400
132
14
67
457
452
456
340
17
101
24
5
18
6
205
16
8
16
34
25
862
124
744
448
447
303
6
133
5
24
20
21
21
34
9
352
8
211
5
22
9
5
185
56
6
688
13
530
695
468
409
236
10
15
5
5
202
5
15
15
13
19
11
220
13
8
9
921
495
12
9
8
10
6
17
6
503
360
32
334
114
25
5
42
323
5
22
11
75
6
198
22
7
121
6
18
9
6
112
173
14
23
12
17
146
7
6
148
83
55
80
6
7
30
14
27
19
116
11
114
9
144
6
169
7
8
20
7
5
24
95
26
9
5
29
244
60
24
12
199
9
33
8
14
55
20
62
27
831
1073
5
28
715
277
80
43
76
5
7
6
5
12
5
17
13
54
13
5
216
28
30
5
687
682
16
12
51
72
52
1341
63
1225
80
913
340
66
322
76
323
206
137
141
124
1140
1123
979
553
525
487
305
353
971
941
1658
832
1410
778
1270
762
927
706
881
473
406
266
315
1724
1399
1478
1196
1337
735
1232
554
1056
1618
1046
1432
773
1136
694
909
858
1740
676
1344
456
454
278
371
403
394
371
352
1999
1799
1515
1213
5
5
5
12
5
19
22
5
9
5
5
5
6
5
6
14
5
27
5
5
7
16
5
5
22
13
12
6
32
14
43
16
8
64
7
83
62
5
5
5
5
5
13
9
123
28
40
5
5
9
9
5
8
11
5
15
6
9
7
31
10
12
5
25
5
226
5
5
5
18
6
85
49
5
6
6
7
70
9
5
8
5
7
8
5
5
14
49
5
5
5
5
5
12
7
5
9
5
5
17
13
5
28
8
5
5
9
6
8
5
5
5
6
5
5
8
6
11
16
24
8
12
8
17
5
5
5
10
5
17
6
5
42
5
40
6
6
14
6
19
8
51
34
274
6
261
5
45
73
55
6
6
16
5
12
6
19
5
14
8
94
5
64
8
41
40
5
25
36
215
122
42
5
36
8
37
5
7
22
11
16
207
5
5
6
7
18
6
6
5
234
5
20
110
10
5
15
5
240
32
5
20
5
36
44
5
241
9
236
7
87
12
6
118
95
6
127
34
9
5
6
5
45
5
27
6
221
5
9
6
11
30
11
21
15
35
20
23
25
8
22
44
41
17
16
51
50
76
5
70
29
24
15
5
10
8
21
5
6
111
37
5
6
13
142
12
80
8
36
189
63
12
194
18
5
26
8
218
120
5
20
5
6
8
6
251
8
5
5
6
5
5
6
16
5
10
5
40
5
128
5
5
24
14
5
5
6
106
65
5
85
60
13
22
19
33
36
7
17
27
107
5
6
9
5
44
5
6
9
163
7
51
5
31
5
5
9
5
6
5
5
11
5
18
12
5
5
10
15
13
7
39
9
5
5
5
5
8
9
22
5
6
5
46
26
35
5
7
8
21
373
20
371
7
293
17
9
16
12
5
12
18
27
72
5
5
12
5
12
6
5
23
26
18
37
5
5
5
63
62
5
24
8
5
6
744
65
729
32
639
19
12
17
503
60
397
83
41
91
40
13
315
73
186
16
391
76
5
65
68
199
5
8
5
196
10
5
17
6
18
23
5
13
18
21
32
57
7
5
61
5
276
252
9
5
423
109
66
55
5
79
10
6
29
46
5
13
92
302
37
227
5
131
123
5
80
113
6
44
143
464
392
172
37
12
7
10
361
87
364
24
30
6
8
99
7
6
5
9
26
6
80
133
20
18
36
9
73
24
187
20
157
59
257
32
19
14
74
14
15
54
43
12
160
155
8
7
103
19
309
5
183
8
243
52
158
5
20
11
20
28
24
39
35
9
261
12
240
5
51
455
314
8
6
24
15
274
30
26
5
6
5
33
122
33
5
259
5
8
1180
1098
5
757
308
9
12
8
47
5
24
270
19
23
6
9
29
5
8
56
12
20
5
18
23
36
9
417
19
5
7
19
33
15
20
22
5
32
6
6
18
9
159
35
5
10
767
143
14
69
49
9
13
40
30
33
9
11
44
7
56
71
9
787
33
167
771
92
811
559
33
189
51
50
9
5
18
61
25
27
571
246
31
12
43
6
12
21
52
174
17
46
9
9
45
30
829
16
138
674
10
555
131
110
6
105
9
8
5
5
12
22
138
143
195
288
11
9
22
5
5
5
5
5
8
9
5
8
5
8
5
5
5
5
5
5
5
5
1317
5
5
5
1298
9
1106
31
5
5
12
5
1127
5
6
42
12
755
14
15
18
691
25
605
6
433
12
82
26
31
38
22
18
86
24
33
23
23
17
42
40
38
24
9
22
96
35
17
48
11
12
5
69
13
7
126
6
5
96
18
7
32
7
51
151
195
5
6
5
17
7
26
5
28
6
66
16
5
8
8
5
7
5
5
92
9
9
6
38
8
12
13
35
5
22
5
30
6
284
8
31
153
22
141
25
7
10
8
120
5
306
156
13
5
5
25
5
9
5
5
5
5
6
5
5
9
460
317
5
5
5
5
5
8
7
7
5
5
5
7
6
5
512
420
164
5
9
6
6
477
164
5
1475
11
7
1406
5
5
181
9
11
1366
1262
5
24
1010
86
5
95
5
5
27
21
14
7
968
24
479
5
9
16
412
58
17
116
39
5
5
30
5
34
13
5
78
32
13
5
92
6
78
5
87
70
5
105
5
6
6
23
5
8
132
6
5
11
20
82
10
46
9
8
61
9
5
46
6
216
27
24
5
12
6
7
23
36
19
27
60
58
257
202
68
2199
1513
1395
949
883
831
812
294
366
2859
2701
2666
2648
2540
2402
2389
1983
1515
1444
1156
1048
715
665
620
540
372
2190
1546
1110
830
2686
2636
2370
2056
2049
1867
1863
1797
1748
1725
4362
4326
4008
3649
3613
2774
2624
2500
2488
2312
2023
5
8
14
19
20
18
29
10
12
21
18
40
9
5
9
10
11
9
22
21
16
84
40
5
7
5
5
5
5
5
5
5
5
5
11
5
5
9
42
5
6
5
12
9
18
5
6
5
10
9
84
16
72
23
19
17
37
64
7
50
5
16
61
9
11
8
6
32
5
98
17
5
6
5
30
8
9
144
5
5
5
5
8
14
5
22
7
9
8
5
5
5
6
7
8
5
5
5
9
5
12
9
35
9
16
6
8
20
10
5
9
8
22
5
27
5
25
29
15
22
6
26
5
9
5
5
5
5
5
6
5
5
5
5
174
5
11
5
5
24
14
9
21
27
32
26
59
33
9
5
65
5
8
5
85
10
8
8
12
18
14
37
13
9
6
5
5
7
7
8
5
7
5
5
6
10
19
9
12
27
22
16
17
5
27
43
5
8
9
9
9
44
9
28
14
87
19
24
17
22
6
82
39
8
5
5
5
312
307
241
5
236
5
5
5
9
9
6
148
5
8
5
11
5
5
212
9
7
5
7
6
5
14
5
6
5
9
35
6
466
5
356
62
13
13
5
19
5
14
5
11
17
32
18
10
35
57
7
5
52
16
21
7
146
30
89
5
8
12
10
16
26
7
36
28
13
28
53
7
5
17
14
5
5
74
14
40
20
149
5
5
61
111
5
79
139
40
24
6
18
19
7
5
5
31
44
5
102
24
191
13
148
30
32
5
7
5
5
212
7
47
5
6
29
6
5
48
5
32
8
5
22
5
10
70
8
8
12
5
14
5
37
5
15
140
6
91
29
5
24
8
7
5
5
12
14
117
18
5
73
13
18
18
11
22
29
6
24
55
44
90
35
5
36
77
60
35
5
5
6
5
6
37
30
5
5
5
7
61
5
20
5
18
5
9
21
7
5
7
46
5
113
5
9
122
5
95
16
66
11
21
29
9
5
5
5
8
9
9
5
5
13
6
6
22
6
27
17
40
6
650
37
6
36
530
32
6
41
18
112
17
27
8
5
42
100
5
8
7
5
5
12
5
57
5
50
52
67
5
91
9
127
11
99
197
9
115
9
5
15
5
6
9
239
6
18
27
5
176
47
10
5
6
36
7
30
10
11
41
8
11
25
25
6
97
49
45
8
36
5
10
9
92
5
8
297
5
150
16
23
166
23
9
10
15
15
1461
17
1324
1270
5
394
41
13
193
6
28
31
137
14
5
25
444
203
25
71
20
5
25
16
17
11
8
208
25
120
84
21
5
38
50
30
5
7
9
21
73
5
18
5
42
22
43
34
5
32
64
8
9
72
9
130
228
8
63
252
6
83
5
120
9
29
6
5
31
6
12
17
241
26
170
22
36
8
11
5
74
16
15
5
5
12
5
5
5
59
136
8
127
461
6
422
9
189
169
5
68
5
5
10
563
315
26
402
5
30
18
23
5
198
16
179
49
43
24
6
12
5
17
6
10
43
20
24
522
5
409
102
51
100
32
5
50
10
14
22
43
23
315
5
264
52
921
56
718
663
392
107
21
650
591
16
29
343
119
7
5
67
54
62
27
70
75
60
75
46
5
14
167
14
40
22
7
9
5
6
5
5
34
237
9
221
17
6
16
7
145
5
102
6
13
34
660
390
5
5
185
339
519
84
8
5
5
27
16
5
50
14
268
15
11
15
71
13
6
18
17
39
25
15
7
7
6
21
13
13
6
13
7
9
50
66
7
884
739
763
8
45
14
6
57
21
756
30
29
9
24
13
36
781
29
633
6
1127
49
993
10
912
169
822
10
743
8
46
737
5
6
875
84
64
20
724
30
6
602
70
72
647
409
53
6
5
29
5
73
34
30
11
21
8
6
21
5
37
38
213
5
132
26
8
45
5
137
7
41
5
14
5
20
1219
1189
821
9
701
39
560
691
440
17
306
23
26
232
686
24
459
10
78
48
38
121
14
585
375
74
11
37
5
13
30
9
53
688
18
22
893
11
297
63
605
390
5
127
9
20
233
163
97
11
5
190
6
5
6
12
226
9
37
12
241
43
5
5
14
8
20
9
7
7
408
7
12
625
310
231
271
121
228
72
9
14
8
12
13
8
37
12
5
24
19
474
22
36
70
5
259
6
5
224
5
5
7
8
21
5
107
2685
5
2460
2217
2108
601
2010
134
60
2014
1676
1665
1448
1319
1273
1198
927
249
160
101
486
446
363
133
148
759
672
686
530
651
456
602
418
1247
845
1459
1456
1405
1392
817
2471
2204
1263
1157
783
2980
2829
2777
2738
2677
1984
1908
1855
1803
1759
1758
1645
1512
1493
1478
1417
1292
1216
1036
