5 8.2
10 17
15 9.6
20 6.2
25 5
30 4.8
35 4
40 2
45 1.4
50 1
55 2
60 0.6
65 0.6
70 0.6
75 0.4
80 0.4
85 0.2
90 0.2
95 0.2
100 0.2
105 0.2
110 0.6
115 0
120 0
125 0.2
130 0
135 0.6
140 0.2
145 0.2
150 0.2
155 0.4
160 0.2
165 0
170 0.4
175 0.2
180 0.2
185 0
190 0
195 0.2
200 0
205 0.2
210 0.2
215 0
220 0
225 0
230 0.4
235 0
240 0.4
245 0.2
250 0.2
255 0
260 0
265 0
270 0.4
275 0
280 0.2
285 0
290 0
295 0.4
300 0
305 0
310 0
315 0.2
320 0
325 0
330 0.2
335 0
340 0.2
345 0
350 0
355 0
360 0
365 0.4
370 0
375 0
380 0.2
385 0.2
390 0
395 0.2
400 0
405 0
410 0
415 0.2
420 0.2
425 0
430 0.4
435 0.4
440 0.4
445 0
450 0.2
455 0.8
460 0.6
465 0.4
470 0.2
475 0
480 0.2
485 0.4
490 0.4
495 0.8
2457 21.8
5 2
10 5.4
15 2
20 3.6
25 2.8
30 2.4
35 3.4
40 1.2
45 2.2
50 1.2
55 1
60 0.8
65 0.8
70 1.4
75 1.2
80 1.2
85 0.6
90 1
95 0.6
100 0.6
105 0.6
110 0.4
115 1.2
120 1
125 1
130 1.4
135 0
140 1.8
145 1.6
150 0.4
155 1.4
160 0.4
165 1
170 0
175 0.6
180 0.4
185 0.2
190 0.4
195 0.2
200 0.4
205 0.2
210 0.2
215 0.2
220 0.2
225 0.8
230 0.4
235 0.6
240 1
245 0.4
250 1.6
255 0.2
260 0.8
265 1
270 0.2
275 0.6
280 0.4
285 0.6
290 1.2
295 1.6
300 1
305 1.6
310 1.6
315 1.2
320 0.8
325 0.2
330 0.4
335 0.6
340 0.2
345 0.2
350 0
355 0.2
360 0.2
365 0
370 0.6
375 0.4
380 0.4
385 0.2
390 0.2
395 0.4
400 0.4
405 1
410 0.6
415 1.2
420 0.8
425 0.8
430 0.2
435 0
440 0.2
445 0.2
450 0
455 0.2
460 0
465 0
470 0
475 0
480 0
485 0
490 0
495 0.2
1569 21.8
5 3
10 8.8
15 4.8
20 4.4
25 3.6
30 3.8
35 3
40 2.4
45 2.8
50 2.4
55 1.4
60 3.6
65 3
70 3.2
75 2.8
80 1.6
85 1.6
90 1.2
95 0.4
100 1.2
105 0.4
110 0.8
115 1.6
120 0.8
125 0
130 1.2
135 0.6
140 0.8
145 0.8
150 1
155 1
160 0.6
165 1.4
170 1.2
175 1.6
180 1
185 1
190 0.4
195 0.6
200 0.4
205 0.2
210 1.4
215 0.6
220 0.4
225 0.2
230 0.2
235 0
240 0
245 0.2
250 0.4
255 0.4
260 0.4
265 0.2
270 0
275 0.2
280 0
285 0.2
290 0.4
295 0
300 0.2
305 0.2
310 0.8
315 0.6
320 0.2
325 0.6
330 0
335 0.4
340 1.2
345 1.4
350 0.2
355 0
360 0.2
365 0.6
370 0
375 0.2
380 0
385 0.4
390 0.2
395 0
400 0.2
405 0.2
410 0.4
415 0
420 0.2
425 0.2
430 0.4
435 0.2
440 0.8
445 0.4
450 0.2
455 0.4
460 0.2
465 0
470 0
475 0.4
480 0.2
485 0
490 0.4
495 0.2
638 6
5 2.4
10 6
15 5.6
20 6.2
25 3
30 3.6
35 3.2
40 2.4
45 3.8
50 2.2
55 1.8
60 2
65 1.4
70 1.4
75 1
80 1.2
85 0.4
90 0.8
95 1.6
100 1.6
105 0.8
110 1.6
115 0.8
120 0.4
125 0.6
130 1.2
135 1.2
140 2
145 1
150 0.8
155 0.8
160 0.6
165 1
170 0
175 0.2
180 1
185 0.6
190 0.2
195 0.2
200 0.2
205 0.2
210 0
215 0
220 0.2
225 0.4
230 0.4
235 0.2
240 0.2
245 0
250 0
255 0
260 0
265 0
270 0.4
275 0.4
280 0
285 0
290 0.2
295 0.2
300 0
305 0.2
310 0.2
315 0.6
320 0
325 0.2
330 0.2
335 0.2
340 0.6
345 0.2
350 0.4
355 0
360 0
365 0.2
370 0.2
375 0.6
380 0.4
385 0.4
390 0.2
395 1
400 0.8
405 0.4
410 0.6
415 0.4
420 0.2
425 0.6
430 0
435 0.2
440 0
445 0.6
450 0.2
455 0
460 0.4
465 0.4
470 0.2
475 0.2
480 0.6
485 0.2
490 0.6
495 0.8
1009 17.2
5 1.4
10 9.6
15 8.8
20 4.8
25 6.2
30 3.8
35 3.6
40 4
45 3
50 2.4
55 2.4
60 2.2
65 1.8
70 2.2
75 0.6
80 0.6
85 0.4
90 0.4
95 0.4
100 0.6
105 0
110 1
115 0.8
120 0.4
125 0.4
130 0
135 0
140 0
145 0
150 0.2
155 0
160 0
165 0.2
170 0
175 0.2
180 0
185 0
190 0.4
195 0.2
200 0.2
205 0.8
210 0.6
215 0.4
220 0.4
225 0.4
230 0.2
235 0.2
240 0.6
245 0.4
250 0.4
255 0.4
260 0
265 0
270 0.2
275 0.2
280 0
285 0.2
290 0
295 0
300 0
305 0
310 0
315 0.2
320 0.2
325 0
330 0
335 0
340 0.2
345 0
350 0.2
355 0.4
360 0
365 0.2
370 0
375 0
380 0.8
385 0.2
390 0.6
395 0
400 0.6
405 0.6
410 0.4
415 0.8
420 0.2
425 0
430 0.6
435 0
440 0.2
445 0.2
450 0.2
455 0.2
460 0.4
465 0.2
470 0.4
475 0.4
480 0.4
485 0
490 0.4
495 0
1261 22.2
5 3
10 9
15 5.2
20 5.2
25 5.6
30 4.6
35 3
40 3.8
45 2.4
50 2.8
55 2
60 2.4
65 2
70 1.8
75 2.8
80 2.6
85 2.8
90 1.8
95 3.6
100 3.2
105 0.8
110 2.2
115 2
120 2.2
125 0.8
130 2.4
135 1.4
140 1.4
145 1
150 1
155 0.6
160 0.6
165 0.4
170 1
175 0.4
180 0.2
185 0.2
190 0
195 0.2
200 0.6
205 0.2
210 0.2
215 0.2
220 0.4
225 0
230 0
235 0.2
240 0.2
245 0.2
250 0
255 0
260 0
265 0
270 0
275 0
280 0
285 0
290 0
295 0
300 0
305 0
310 0
315 0
320 0
325 0
330 0
335 0
340 0
345 0
350 0
355 0
360 0.2
365 0
370 0
375 0
380 0.2
385 0
390 0
395 0
400 0
405 0
410 0
415 0.2
420 0
425 0.2
430 0.2
435 0
440 0
445 0.2
450 0.4
455 0.8
460 1.2
465 0.2
470 0.4
475 0
480 0.2
485 0.2
490 0.2
495 0.2
584 4.4
5 4.8
10 10.6
15 7.4
20 7.6
25 4.4
30 5.2
35 4.2
40 3.6
45 5
50 3.4
55 2.6
60 1.4
65 1.6
70 1.6
75 1.8
80 1.8
85 2.4
90 1.2
95 1.2
100 1
105 1
110 0.8
115 0.8
120 0.2
125 0.6
130 0.6
135 0.6
140 0
145 0.8
150 0.4
155 0
160 0.6
165 0.4
170 0
175 1
180 0.4
185 0.4
190 0.2
195 1.2
200 0.6
205 0.6
210 1
215 0.4
220 0
225 0.2
230 0.4
235 0.2
240 0.8
245 1
250 0.8
255 0
260 0.2
265 0.4
270 0.2
275 1
280 0.4
285 0.4
290 0.2
295 0
300 0.6
305 0.4
310 0.4
315 0
320 0
325 0.4
330 0
335 0.4
340 0.2
345 0.2
350 0.2
355 0.4
360 0.4
365 0.2
370 0.4
375 0.4
380 1
385 0.6
390 0.2
395 0.2
400 0.4
405 0.2
410 0.2
415 0
420 0.4
425 0.2
430 0.2
435 0
440 0
445 0
450 0
455 0
460 0
465 0
470 0
475 0.2
480 0
485 0
490 0
495 0
470 0
5 3
10 4.6
15 2.6
20 2.8
25 1.8
30 3
35 1.8
40 2.4
45 2.8
50 1.2
55 1.4
60 1.4
65 0.8
70 1.8
75 0.8
80 2.2
85 1
90 1.2
95 1
100 1.2
105 0
110 0.8
115 0.2
120 1
125 0.4
130 1
135 0.2
140 0.8
145 0.6
150 1
155 0.6
160 0.8
165 0.4
170 1.2
175 0.6
180 1
185 1
190 1.4
195 1.2
200 1
205 1
210 1
215 0.4
220 0.2
225 0.8
230 0.6
235 0.8
240 0.6
245 0
250 0.8
255 0.2
260 0.4
265 0.4
270 0.4
275 0.4
280 0.2
285 0.2
290 0.4
295 0
300 0.6
305 0.2
310 1
315 0.4
320 0
325 0.2
330 0
335 0.2
340 0.4
345 0.6
350 0.4
355 0.6
360 0.6
365 1
370 0.6
375 0.6
380 0.8
385 0.8
390 0.6
395 0.4
400 0.4
405 0.4
410 1
415 0.8
420 0.8
425 0.6
430 0.8
435 1.2
440 1.4
445 0.6
450 0.2
455 0.2
460 0
465 0.2
470 0
475 0.2
480 0.6
485 0
490 0
495 0
1098 17.8
5 1
10 6.2
15 7.2
20 6.6
25 6
30 3.2
35 3.6
40 3.8
45 2
50 1.2
55 1
60 1.2
65 0.4
70 0.4
75 1.4
80 0.4
85 0.4
90 0.8
95 0.6
100 0.6
105 1.2
110 0.8
115 1
120 0.4
125 1.2
130 1.6
135 1.2
140 1.8
145 0.4
150 0
155 0.4
160 0.4
165 0.6
170 1.2
175 0.6
180 0.8
185 0.2
190 0.4
195 0
200 0.6
205 0
210 0.4
215 0
220 0.2
225 0.2
230 0
235 0
240 0.2
245 0.2
250 0.2
255 0
260 0
265 0.6
270 1.2
275 0.4
280 0.6
285 0.8
290 0.4
295 0.4
300 0.6
305 0.6
310 0.6
315 0.6
320 0.2
325 0.2
330 0.2
335 0.2
340 0.4
345 0.2
350 0
355 0.2
360 0.6
365 0
370 0
375 0
380 0.2
385 0.2
390 0.2
395 1
400 0
405 0.4
410 0.2
415 0.6
420 0.6
425 0.4
430 0.4
435 0.2
440 0.4
445 0.6
450 0
455 0.4
460 0.2
465 0.2
470 0
475 0.4
480 0.2
485 0.4
490 0.2
495 0
1420 19.4
5 1.6
10 7.4
15 8.6
20 4.8
25 5.4
30 2.6
35 5.8
40 2.6
45 3.6
50 4
55 2.4
60 1.8
65 1.6
70 1.6
75 0.8
80 1
85 1
90 1
95 0.6
100 0.2
105 0.6
110 0.8
115 0.6
120 0.6
125 1.2
130 1.4
135 1.2
140 0.8
145 0.6
150 0.4
155 0.8
160 1.4
165 0.8
170 0.8
175 0.6
180 0.6
185 0.2
190 0.2
195 0.8
200 0
205 0.6
210 1.2
215 0.6
220 0.4
225 0
230 0.2
235 0.4
240 0
245 0
250 0
255 0.2
260 0
265 0
270 0
275 0.2
280 0
285 0
290 0
295 0
300 0
305 0.2
310 0
315 0
320 0
325 0
330 0.2
335 0
340 0
345 0
350 0.2
355 0.2
360 0
365 0
370 0.2
375 0
380 0
385 0
390 0
395 0
400 0.2
405 0
410 0
415 0
420 0
425 0.2
430 0
435 0
440 0.2
445 0
450 0
455 0
460 0
465 0.2
470 0
475 0
480 0
485 0
490 0
495 0.2
2165 21.4
5 1
10 8.2
15 9.4
20 6.2
25 7.6
30 4
35 2.6
40 2.4
45 3.2
50 1.2
55 0.8
60 2.4
65 1.4
70 1
75 0.8
80 1
85 1.8
90 1.2
95 2
100 1.2
105 1.6
110 1
115 1.2
120 1.2
125 0.8
130 0.8
135 0.4
140 0.6
145 1
150 0.4
155 0
160 0.6
165 0.8
170 0.8
175 1.6
180 1
185 1.2
190 1
195 1.2
200 0.4
205 1.2
210 0
215 0.6
220 1
225 0.4
230 0.4
235 1
240 0.2
245 0.4
250 0
255 0.4
260 0.2
265 0.4
270 0.4
275 0.2
280 0
285 0.2
290 0
295 0
300 0
305 0.4
310 0.2
315 0.2
320 0
325 0
330 0
335 0.2
340 0
345 0
350 0
355 0.2
360 0
365 0.2
370 0
375 0.4
380 0
385 0
390 0.2
395 0.2
400 0.2
405 0
410 0.2
415 0.2
420 0
425 0
430 0.2
435 0
440 0
445 0
450 0.2
455 0.2
460 0.2
465 0
470 0.4
475 0.2
480 0
485 0
490 0.4
495 0.2
1247 11.2
5 1.6
10 7.6
15 7.4
20 9
25 5.2
30 5.4
35 3.4
40 2.8
45 2.4
50 2.4
55 2.4
60 1.6
65 1.2
70 1.2
75 1
80 0.8
85 1
90 0.4
95 1
100 0.8
105 1
110 1
115 1.6
120 0.2
125 1
130 0.6
135 0.4
140 0.6
145 0.4
150 0.6
155 0.4
160 0.8
165 1
170 1
175 0.2
180 1.2
185 1.8
190 0.8
195 1
200 1.2
205 0.4
210 0.8
215 0.8
220 0.4
225 0.4
230 0.4
235 0.2
240 0.2
245 0
250 0
255 0
260 0
265 0.2
270 0
275 0
280 0
285 0.2
290 0
295 0
300 0
305 0
310 0.2
315 0
320 0
325 0
330 0
335 0.2
340 0
345 0
350 0
355 0
360 0.2
365 0
370 0
375 0.2
380 0
385 0
390 0
395 0
400 0.4
405 0
410 0.2
415 0
420 0
425 0
430 0.2
435 0
440 0
445 0
450 0
455 0.2
460 0.4
465 0
470 0.4
475 0.2
480 0
485 0
490 0.2
495 0.2
1839 17.4
5 1
10 8
15 9
20 6.6
25 6.2
30 2.8
35 3
40 2.4
45 2.4
50 2
55 2.4
60 1.4
65 1.6
70 1
75 0.8
80 1
85 1
90 1
95 1
100 0.8
105 1
110 1.6
115 1.4
120 1
125 1.4
130 1.2
135 1
140 0.8
145 1
150 0.6
155 0.4
160 0.4
165 1
170 0.4
175 0.4
180 0.4
185 0.8
190 0
195 0.4
200 0.6
205 0.2
210 0.4
215 0.8
220 0.8
225 0.2
230 0.4
235 0.8
240 1.8
245 0.4
250 0.6
255 0.2
260 0.4
265 0.2
270 0.4
275 0.4
280 0.2
285 0
290 0
295 0
300 0.2
305 0
310 0
315 0.2
320 0
325 0
330 0
335 0.2
340 0
345 0
350 0.2
355 0
360 0.2
365 0
370 0.2
375 0
380 0
385 0
390 0.2
395 0
400 0
405 0
410 0.2
415 0
420 0
425 0
430 0.2
435 0
440 0
445 0
450 0.2
455 0
460 0.2
465 0
470 0
475 0
480 0.2
485 0
490 0
495 0
1870 18.2
5 1.8
10 5.8
15 9.2
20 5.6
25 6.2
30 7.2
35 3
40 4.2
45 4
50 2
55 1
60 2.2
65 0.8
70 1.6
75 0.6
80 0.6
85 1
90 0.8
95 1.4
100 0.6
105 0.2
110 0.8
115 0.8
120 0.4
125 0.6
130 1
135 1.2
140 0.8
145 0.4
150 1.4
155 0
160 1
165 0.8
170 1.4
175 1
180 1.2
185 0.6
190 1.2
195 0.6
200 0.4
205 0.8
210 0.4
215 0.4
220 0.2
225 0
230 0.6
235 0.6
240 0.2
245 0
250 0
255 0.2
260 0
265 0.2
270 0
275 0
280 0
285 0.4
290 0
295 0
300 0
305 0
310 0.2
315 0.2
320 0.2
325 0
330 0
335 0.4
340 0.2
345 0
350 0.2
355 0
360 0
365 0
370 0.2
375 0
380 0
385 0
390 0
395 0.2
400 0
405 0
410 0
415 0
420 0.2
425 0
430 0
435 0
440 0
445 0.2
450 0
455 0
460 0.2
465 0
470 0
475 0.2
480 0.2
485 0
490 0
495 0
1738 17.8
5 1
10 6.6
15 5.6
20 4.6
25 6.8
30 4.2
35 3.2
40 2.2
45 2.6
50 2.4
55 2.2
60 1.2
65 2
70 1.6
75 0.8
80 0.8
85 1.4
90 1.8
95 2.4
100 1.8
105 2.8
110 2
115 0.6
120 0.8
125 0.8
130 1
135 1.6
140 2.2
145 0.8
150 0.6
155 0.6
160 0.2
165 0.8
170 0.4
175 0.4
180 0.4
185 0.8
190 1.2
195 0.4
200 0.6
205 0.4
210 0.4
215 1.2
220 1.2
225 0.6
230 1
235 0.8
240 0.8
245 0.6
250 0.6
255 0.8
260 0.2
265 0.4
270 0.2
275 0.8
280 0
285 0.8
290 1.2
295 1
300 2.2
305 1.6
310 0.8
315 1.4
320 0.6
325 1.2
330 0.6
335 1
340 0.8
345 0.6
350 0
355 0.2
360 0.2
365 0.2
370 0.2
375 0
380 0
385 0
390 0.4
395 0
400 0
405 0.2
410 0.2
415 0.2
420 0
425 0.2
430 0
435 0
440 0
445 0
450 0
455 0
460 0
465 0
470 0
475 0
480 0
485 0
490 0
495 0
424 0
