5
7
12
5
16
17
5
29
28
6
27
11
9
18
43
5
12
47
9
18
22
8
27
61
5
18
5
7
23
10
27
22
5
12
29
37
17
6
45
5
14
22
37
5
12
59
10
31
5
9
8
15
39
5
58
6
11
85
5
17
8
49
7
53
5
20
62
5
27
31
12
5
35
5
8
19
5
16
22
5
12
8
45
5
56
12
5
9
25
13
27
5
13
7
75
22
31
5
23
5
42
33
63
6
20
26
5
18
19
5
38
7
35
34
21
5
51
224
49
50
11
230
6
18
9
26
76
5
7
5
11
18
32
5
22
39
23
5
53
27
5
150
20
24
56
5
9
8
71
13
19
24
33
5
6
18
124
6
10
21
55
6
12
51
5
81
7
8
63
6
9
12
172
5
18
96
5
6
25
134
19
25
13
5
17
11
16
23
33
6
16
18
5
59
17
7
5
23
9
15
6
20
60
7
24
29
5
37
7
5
94
6
10
11
10
20
24
5
6
25
44
6
11
32
14
101
5
12
49
17
5
45
15
18
8
74
23
9
62
5
64
12
9
81
19
5
9
15
8
5
19
5
183
9
25
6
8
39
5
14
48
22
5
15
7
209
5
23
16
8
32
16
25
38
6
10
22
42
12
39
17
5
28
20
11
24
39
5
12
44
26
5
29
52
54
5
15
5
10
19
13
6
88
11
6
16
55
5
15
11
6
95
16
108
16
27
6
9
13
5
12
16
14
84
5
14
63
5
9
75
5
5
5
15
9
171
13
64
8
5
14
15
6
12
201
20
8
19
5
12
141
5
17
14
25
6
112
18
5
25
5
10
28
6
12
5
13
6
41
19
9
41
7
67
5
11
16
74
5
14
9
7
22
21
8
5
10
96
93
7
12
229
5
60
14
5
34
13
19
9
20
5
226
15
104
24
5
234
13
83
9
5
16
245
20
12
254
5
24
115
7
20
90
6
39
16
6
12
5
8
17
20
6
65
26
72
13
30
45
34
329
296
350
458
86
272
102
537
314
123
399
305
432
191
470
333
505
228
235
203
455
393
473
631
606
226
584
493
543
258
539
526
404
688
574
378
561
533
626
802
630
900
885
703
1038
863
428
719
787
806
571
772
774
855
837
998
1218
1430
1165
944
5
5
5
11
5
15
11
24
10
5
14
25
23
6
17
30
5
22
12
9
16
21
6
11
24
8
10
22
21
5
16
7
34
17
6
23
5
20
5
13
22
5
11
15
14
23
5
11
19
5
25
10
6
27
21
5
10
26
16
22
5
30
14
30
42
6
18
6
13
36
19
5
62
6
14
59
5
9
58
17
5
9
30
22
34
5
12
6
8
32
25
12
6
24
31
12
19
5
14
5
16
5
31
23
6
26
9
41
31
6
43
14
6
12
13
5
19
9
21
6
11
13
36
20
5
46
14
5
19
8
5
16
19
6
25
12
5
18
6
21
10
9
37
5
17
40
6
14
5
7
56
14
19
5
27
5
31
8
37
7
46
5
14
47
5
14
9
17
5
13
8
20
11
25
6
17
19
10
25
5
21
5
29
5
40
17
45
21
5
57
18
5
24
13
38
9
17
46
6
7
14
85
5
6
11
42
56
13
26
17
5
26
9
35
6
66
9
9
6
11
17
16
5
24
15
16
115
5
12
18
8
101
9
113
12
34
6
18
8
35
8
13
21
25
7
28
5
9
10
143
13
5
17
5
7
9
59
18
75
5
88
16
6
75
9
6
17
44
11
17
129
5
13
7
12
31
23
8
5
40
20
6
50
25
7
55
5
15
77
5
16
16
33
23
59
5
21
79
6
11
22
89
6
19
5
13
16
5
9
33
13
31
5
9
334
19
5
65
19
142
24
10
138
5
15
142
5
73
13
5
11
18
122
12
92
5
16
67
10
21
5
15
90
27
167
34
86
5
16
60
10
24
30
52
77
5
218
5
68
12
71
5
68
15
11
25
5
16
23
26
6
29
444
6
11
12
8
16
484
15
290
5
22
10
25
5
15
290
5
17
36
18
12
54
5
70
23
5
9
33
29
14
6
40
25
46
5
9
31
13
97
5
24
511
18
5
10
21
38
6
29
9
46
30
12
5
36
17
6
7
43
5
14
29
6
24
27
23
5
32
5
12
9
423
14
18
72
5
21
38
16
5
11
60
5
14
16
25
5
19
65
6
9
6
97
7
19
70
11
32
5
6
22
18
41
6
91
24
5
18
35
41
86
143
58
107
163
81
85
134
208
353
204
157
192
177
287
326
752
333
5
7
13
5
20
5
7
9
30
19
5
12
17
28
5
22
6
32
5
19
6
21
29
6
22
41
14
5
9
14
15
5
24
42
6
21
12
5
71
5
50
14
10
39
6
14
19
32
5
9
62
22
8
5
31
7
14
27
28
6
30
5
26
7
16
83
8
5
175
5
7
12
5
40
9
80
99
10
10
5
19
134
14
26
76
5
15
19
162
5
23
73
5
123
57
17
100
5
8
24
13
62
17
5
213
14
6
18
92
29
5
87
187
19
5
17
5
12
32
5
24
45
6
9
55
5
81
13
21
5
7
21
13
5
13
78
9
20
87
6
11
30
240
5
322
8
17
26
27
7
144
18
364
13
21
59
5
333
128
8
27
5
308
13
268
71
6
13
16
18
11
49
25
15
5
140
9
135
17
74
6
25
308
7
20
5
77
16
23
5
20
5
35
30
102
9
20
5
18
26
6
21
39
9
15
186
6
22
432
7
6
11
15
89
7
22
152
5
12
22
6
8
26
85
15
5
284
9
5
21
9
108
6
515
15
6
17
11
6
11
16
27
16
5
465
12
9
5
17
14
338
24
6
188
32
7
524
7
23
20
6
11
29
5
504
22
6
10
28
15
49
5
87
5
204
9
36
70
19
556
5
29
11
6
39
16
5
12
16
104
6
99
9
22
13
17
5
25
27
15
45
5
9
15
21
5
11
24
23
5
19
62
10
21
15
6
13
5
87
5
15
27
30
6
22
6
19
720
10
5
24
49
5
18
24
5
126
6
60
119
5
11
54
5
11
30
5
14
409
15
9
5
5
18
30
6
101
10
9
5
38
16
5
392
15
40
364
7
19
68
5
84
19
16
5
35
33
6
8
12
242
5
8
31
10
6
17
35
8
14
18
9
20
72
5
29
230
5
49
5
56
6
11
13
6
267
6
9
20
90
24
5
11
236
22
16
6
27
947
13
5
18
251
9
23
193
5
13
20
49
5
30
721
6
11
690
17
12
20
27
700
41
39
41
185
173
50
164
994
868
415
962
354
411
107
404
226
241
231
997
542
394
405
415
369
353
485
468
446
1138
432
545
1124
430
369
437
691
394
1099
991
941
478
373
876
314
499
1245
914
890
519
903
1075
602
1339
1105
801
1443
826
1680
1746
5
5
9
16
5
12
8
16
5
10
16
5
19
16
15
27
21
6
36
10
7
29
16
9
28
7
9
37
5
11
5
15
44
58
5
66
6
62
14
62
5
11
73
6
19
30
18
5
10
21
36
7
26
13
40
16
26
36
5
17
52
48
24
9
5
15
21
22
6
141
14
5
31
26
12
75
6
7
15
44
21
6
12
18
8
17
24
6
8
60
16
5
9
15
15
55
5
6
68
8
5
34
12
5
18
34
7
17
29
6
23
12
37
17
5
8
13
5
81
5
14
88
10
23
5
23
15
5
15
133
5
21
5
38
14
5
11
5
131
21
25
31
6
16
92
9
109
21
10
39
27
5
20
148
6
12
41
5
13
8
17
34
5
12
34
7
68
19
10
5
53
16
15
61
5
59
5
24
9
5
96
14
5
80
13
16
6
21
10
5
45
15
194
11
5
15
58
30
7
18
5
15
7
19
73
7
90
5
12
10
7
139
71
5
10
13
12
26
5
18
17
313
128
14
5
283
24
5
27
28
5
282
11
69
48
7
241
6
25
12
23
214
5
11
33
21
5
9
16
64
7
5
38
16
5
17
84
6
272
5
10
5
34
7
14
5
13
19
5
9
5
12
64
38
47
6
18
24
7
24
30
10
5
16
173
12
9
17
42
5
39
5
101
8
96
5
9
19
5
60
13
83
5
18
63
133
5
18
5
7
53
12
5
146
11
5
12
5
17
51
8
5
37
200
5
13
5
18
41
24
5
9
99
14
20
5
60
11
15
5
176
14
20
15
5
45
26
5
138
24
6
22
248
140
5
28
8
22
5
13
301
5
44
14
9
39
189
5
13
7
152
20
183
5
88
8
6
13
90
5
55
20
66
6
26
9
5
16
90
15
22
76
30
5
84
9
117
18
35
5
632
20
5
880
23
190
29
8
5
33
16
41
9
65
5
12
8
16
359
11
64
5
15
16
308
10
23
168
5
15
30
69
5
126
5
14
15
7
19
533
6
8
16
17
13
6
23
29
27
11
5
469
490
13
5
19
48
15
70
17
50
22
960
336
61
46
64
99
115
96
596
987
323
848
170
640
648
623
176
414
315
679
337
604
382
386
544
656
781
279
1273
589
739
750
766
545
1373
1467
800
1022
5
6
9
15
5
14
5
17
5
9
34
5
13
34
6
47
9
14
55
5
15
27
15
5
10
21
61
7
5
12
28
5
27
6
7
87
14
5
95
12
8
48
6
18
6
7
6
16
17
6
9
22
9
13
20
18
55
25
5
13
19
41
9
25
10
11
14
5
138
5
30
9
31
5
9
23
14
29
5
16
6
19
11
5
128
7
18
7
20
7
5
16
5
8
13
20
5
13
27
6
21
11
26
5
14
8
25
6
33
10
5
14
6
13
14
5
20
11
5
18
5
10
5
19
15
7
5
22
12
5
14
34
9
18
39
22
12
5
31
5
20
5
27
6
8
9
5
13
26
5
19
10
6
27
37
11
24
45
15
8
5
24
5
17
45
6
23
12
5
52
18
5
20
13
15
39
6
21
31
5
18
9
24
5
16
11
5
19
5
18
22
5
16
8
24
20
6
26
14
11
5
22
5
9
24
16
15
30
5
17
37
5
13
43
6
12
22
78
27
5
23
63
5
25
43
5
9
41
77
5
20
12
6
19
49
13
5
11
27
5
17
12
47
17
5
10
107
6
14
103
136
5
14
8
58
107
14
6
73
13
14
5
48
11
21
5
77
17
27
5
29
13
7
14
9
12
20
50
7
178
8
5
66
13
5
14
185
5
16
190
18
111
5
6
23
13
8
11
34
5
16
37
14
24
32
12
36
52
15
9
26
19
27
5
19
5
9
24
56
6
16
11
88
6
11
63
19
8
15
22
64
6
11
6
43
15
86
25
5
81
23
25
5
13
228
6
19
8
102
25
7
27
78
17
5
119
6
28
9
13
27
5
32
6
18
19
8
22
29
11
23
195
19
36
5
22
39
24
30
5
10
19
5
17
9
45
29
5
9
29
43
14
15
6
44
25
16
5
19
67
17
27
5
12
12
5
30
65
5
43
11
258
10
28
27
5
13
34
87
5
20
6
10
38
15
5
46
11
37
5
13
8
24
16
59
12
5
207
20
7
27
5
30
7
11
18
6
41
5
19
50
6
18
9
25
9
30
62
33
67
16
5
58
20
6
15
67
20
6
9
71
19
10
6
26
27
9
25
13
40
5
8
24
25
14
26
47
29
13
125
19
39
56
169
212
193
798
556
975
954
5
12
5
18
5
23
9
5
30
5
17
16
13
20
5
12
22
26
7
18
5
13
26
9
18
6
26
58
6
11
12
5
50
9
18
17
74
5
13
18
75
5
12
6
21
5
8
18
5
20
39
9
24
42
19
34
8
29
16
11
21
5
35
44
15
10
22
18
53
5
56
25
5
62
8
40
6
72
8
55
10
11
56
5
17
13
63
17
20
65
105
13
5
52
8
29
6
12
5
18
17
26
23
5
59
5
22
5
119
9
42
15
137
5
19
7
5
25
54
65
131
62
15
20
5
9
13
36
16
6
8
119
12
16
120
5
25
21
5
7
50
57
12
5
29
14
13
121
5
19
37
5
9
60
9
25
149
36
5
16
42
9
19
35
5
11
261
15
37
5
19
209
8
21
8
29
5
7
231
9
9
13
5
16
103
252
5
11
15
66
5
12
22
124
18
32
13
92
6
12
140
6
18
56
5
12
128
7
20
354
5
6
68
317
11
5
16
171
5
98
297
99
16
5
8
31
8
158
21
5
14
5
18
49
10
12
6
15
124
6
24
217
7
26
70
5
69
13
5
21
343
21
5
5
28
201
13
9
5
17
45
9
22
67
5
14
27
9
88
21
39
9
5
28
44
6
27
310
25
5
16
335
5
11
21
7
22
5
137
15
23
5
529
17
5
11
280
5
58
18
5
66
24
210
5
14
7
18
20
34
6
27
37
5
17
22
5
69
7
16
178
18
8
432
27
16
146
5
16
408
5
65
463
16
5
134
12
6
22
28
9
27
554
5
477
18
177
433
26
172
6
8
623
22
9
42
27
10
40
23
14
52
5
28
5
10
54
6
14
448
6
8
20
257
6
29
215
9
23
549
6
27
6
473
20
22
36
15
28
16
5
8
107
9
10
50
5
14
54
17
6
20
6
163
26
259
5
14
5
21
10
27
5
17
5
36
10
11
35
6
19
33
8
15
22
10
5
15
27
52
30
9
6
13
18
15
21
5
10
432
10
18
653
16
519
21
5
16
41
6
21
437
8
5
10
15
61
5
23
5
16
882
5
39
5
12
9
9
110
21
174
28
51
96
44
201
60
964
442
255
176
196
198
550
770
295
725
627
315
935
824
332
620
1073
430
1102
505
867
854
470
7
5
12
10
11
5
21
5
13
5
27
7
21
8
34
5
39
10
5
11
20
10
5
56
13
6
8
69
5
13
75
6
10
49
26
21
7
5
12
21
5
14
103
8
5
40
13
28
12
5
13
5
42
12
5
69
31
20
37
5
9
36
10
6
7
39
5
12
16
63
5
10
60
15
125
5
15
74
21
5
9
95
11
5
10
18
5
15
107
10
8
19
6
158
20
9
25
5
12
178
5
12
17
6
12
8
18
6
6
8
281
14
6
14
5
24
5
32
22
8
38
18
35
5
19
41
6
9
5
16
46
5
11
13
60
5
18
62
21
5
10
16
74
5
12
16
5
20
18
23
5
18
5
21
7
23
18
31
27
35
18
5
43
28
52
5
58
5
62
14
42
20
55
5
9
14
17
5
20
8
6
98
11
9
38
18
5
23
9
89
5
13
56
21
28
5
19
22
5
29
6
33
13
39
5
17
12
15
5
151
23
7
66
28
5
14
10
90
6
12
99
16
31
14
5
37
6
23
21
35
17
5
24
5
24
50
5
12
11
13
16
6
61
17
70
19
99
5
18
245
5
30
12
26
202
117
5
15
70
5
28
13
11
24
19
37
9
16
5
14
21
112
5
116
6
11
11
19
5
9
21
138
6
16
33
5
245
10
5
15
48
11
6
9
59
5
18
24
6
10
22
32
12
5
276
14
5
16
9
91
6
39
6
13
9
9
36
19
5
207
10
11
5
53
17
5
17
373
8
26
6
10
11
31
5
20
6
10
19
28
5
9
5
16
77
11
22
339
5
25
39
5
8
22
322
30
5
56
19
8
5
61
29
12
6
72
9
5
36
5
19
7
23
10
70
5
16
59
14
5
5
14
22
19
9
83
14
5
11
93
15
47
15
160
19
165
5
17
116
7
20
33
5
12
29
5
20
188
7
24
57
5
33
6
38
15
5
24
17
76
5
9
18
5
16
27
41
5
5
32
40
27
5
80
7
18
6
22
10
252
28
8
96
5
23
25
5
11
18
33
6
18
23
6
10
9
12
6
5
17
21
5
5
8
5
290
5
11
17
5
8
14
6
12
5
22
6
5
9
35
11
11
18
39
5
12
39
43
12
49
21
30
57
38
81
54
98
1300
1013
840
5
5
5
9
10
5
18
15
5
7
15
23
5
27
16
19
5
35
14
19
27
5
16
34
18
5
24
6
6
15
5
27
9
22
31
8
41
13
5
11
16
5
16
23
5
10
5
8
19
8
24
10
24
12
30
15
5
20
11
20
13
27
22
5
31
7
5
28
13
6
39
17
7
18
41
5
23
7
28
9
12
5
20
5
5
9
13
5
18
6
14
5
17
5
15
6
18
5
20
23
11
9
5
14
11
19
6
17
5
24
21
9
24
6
43
35
5
9
9
56
9
15
49
10
6
13
68
5
17
20
28
9
24
5
7
17
6
21
11
6
16
6
25
7
17
34
26
5
11
16
32
5
37
6
24
13
5
7
26
20
8
16
6
12
11
9
17
24
5
11
14
5
18
14
30
21
5
8
15
23
13
21
28
5
42
18
6
21
5
15
23
6
43
5
43
54
6
12
18
9
5
28
6
77
52
7
5
12
53
5
54
5
19
68
5
14
6
13
17
86
12
5
13
96
7
5
50
55
5
14
107
22
5
72
8
17
5
13
20
35
11
65
16
5
13
41
18
118
5
17
15
47
5
21
36
7
5
26
138
12
5
10
7
21
188
25
50
5
234
7
5
65
13
6
196
11
168
5
20
9
231
6
13
8
24
5
16
6
33
10
19
5
12
23
22
9
24
43
5
31
204
5
24
46
5
5
13
15
5
24
47
11
5
317
143
5
7
73
9
12
92
9
5
8
120
5
121
5
10
247
13
13
5
12
13
18
139
41
133
20
5
26
12
14
6
33
9
38
5
20
31
5
25
37
15
39
5
17
8
32
5
7
17
11
83
5
16
12
6
20
17
33
17
15
9
22
61
5
13
6
47
38
12
17
5
5
250
6
10
128
6
152
15
6
90
5
286
25
6
56
160
25
5
74
15
10
38
21
12
179
5
7
6
12
200
5
15
292
6
11
19
23
5
85
30
6
9
34
12
5
368
6
237
5
11
9
15
231
10
5
73
13
174
5
61
19
24
18
85
27
69
387
425
187
104
302
167
315
442
209
357
150
283
176
348
784
516
722
217
228
457
226
394
432
556
291
291
423
921
678
686
852
587
501
580
807
1026
664
403
849
585
1030
907
746
568
687
759
1196
681
1103
5
6
13
7
19
9
6
13
14
5
20
9
5
26
29
12
6
21
35
18
38
6
18
24
35
5
21
35
7
16
16
6
12
5
14
52
21
57
5
48
17
6
25
13
26
6
19
9
35
21
25
83
6
5
7
33
17
33
16
27
8
13
5
19
13
40
24
5
11
15
5
38
9
7
25
67
5
17
21
71
5
28
11
32
22
5
169
6
18
26
23
40
8
6
13
14
77
18
6
52
82
9
5
22
5
16
25
5
21
25
8
73
5
16
48
84
13
197
5
9
141
12
6
69
17
111
211
107
5
40
6
88
12
5
7
17
41
16
104
15
52
25
227
7
12
5
183
8
81
5
131
23
5
10
33
5
9
17
20
5
10
30
20
18
21
12
5
16
11
16
20
5
8
6
36
13
20
5
342
77
10
5
41
20
5
64
9
19
5
23
8
17
8
6
26
92
5
19
9
5
17
9
5
19
12
41
32
13
11
5
16
24
5
17
33
11
5
22
13
92
9
21
15
265
26
78
6
12
491
22
80
8
5
83
19
5
14
18
21
5
156
5
10
49
12
40
5
16
133
16
12
55
5
16
6
19
10
5
80
256
5
5
43
7
257
35
5
174
76
5
76
8
15
5
202
9
200
6
12
15
136
19
230
6
116
11
6
11
17
5
18
6
24
12
28
127
18
307
18
7
5
12
25
5
361
6
5
11
60
9
6
19
65
22
14
70
5
18
14
26
399
12
5
45
5
25
377
8
11
403
14
18
5
5
19
112
6
25
57
6
9
5
15
391
5
14
27
16
250
5
21
9
29
5
34
9
6
9
26
17
5
32
19
6
24
32
5
7
40
18
6
16
429
6
10
38
406
9
19
15
19
34
5
25
30
5
65
17
5
9
21
122
17
5
49
8
22
53
7
21
596
25
6
11
131
13
6
442
6
208
111
15
5
14
178
130
5
15
117
5
24
187
30
319
13
5
57
27
6
22
45
7
22
39
44
48
317
57
69
640
430
74
83
232
697
368
92
131
121
567
787
477
612
462
193
144
169
167
158
343
179
775
858
800
692
848
758
434
402
273
458
287
895
882
943
772
986
1262
1187
673
652
546
385
1152
814
607
511
685
559
1275
1060
857
1047
953
745
1392
1162
1910
1257
1200
5
6
13
13
5
16
5
5
17
11
5
13
18
11
5
22
14
6
44
17
5
12
14
5
19
24
16
33
5
6
14
20
9
5
27
15
29
12
21
60
11
5
21
22
6
33
19
11
5
28
16
18
10
14
68
5
24
86
5
11
38
16
5
40
14
8
21
6
11
69
13
5
45
17
16
5
39
5
21
29
10
27
5
53
17
14
79
7
75
19
12
12
5
66
20
6
25
99
19
5
72
14
77
11
6
14
22
75
6
15
24
30
5
15
214
5
27
81
6
24
239
40
60
9
13
6
15
12
22
21
20
6
38
5
29
46
8
22
40
8
6
14
34
7
5
19
55
14
55
25
5
30
29
5
6
21
75
9
95
8
52
9
5
13
6
17
63
102
7
22
12
26
5
133
18
20
73
13
5
22
79
16
23
5
57
5
38
38
12
9
73
5
15
15
54
20
24
13
9
111
5
14
5
12
40
8
18
40
40
5
12
16
47
5
63
5
22
6
9
14
16
5
270
42
20
9
256
25
5
6
15
64
5
18
5
11
12
121
6
16
129
11
6
14
73
17
12
5
20
25
248
8
5
20
14
208
5
13
7
18
38
6
10
16
6
14
14
313
5
23
5
72
8
79
5
12
222
5
49
5
17
5
260
9
11
5
100
16
5
516
22
210
9
12
113
20
5
444
12
281
5
9
21
163
5
31
142
22
7
225
12
46
5
14
19
52
11
54
18
5
421
24
517
35
5
23
26
14
37
6
13
27
26
13
36
5
15
27
6
12
5
17
122
6
12
59
17
12
5
13
28
8
5
20
76
14
5
25
14
14
6
23
55
5
18
110
5
14
322
7
8
44
76
5
13
15
6
23
6
15
6
25
21
8
85
5
19
14
532
6
11
12
37
16
6
10
10
103
5
12
133
13
25
6
11
225
5
21
41
5
27
9
29
35
5
16
6
34
5
11
560
19
12
5
12
8
18
120
130
27
59
99
299
108
88
391
292
76
960
627
575
202
283
233
1006
338
266
239
212
184
331
430
304
218
464
231
248
354
443
343
753
734
448
929
403
433
891
467
546
434
516
586
1121
384
954
1126
598
652
605
748
1172
609
1261
712
780
771
760
707
1075
996
1349
849
688
1514
1128
1156
1049
1447
1922
1534
5
9
6
15
16
5
16
6
9
10
18
5
30
8
17
27
5
22
24
6
10
47
13
49
46
8
16
47
21
5
12
31
26
5
59
6
30
20
5
41
15
24
30
5
8
10
34
16
6
8
41
13
5
75
16
65
22
6
11
70
25
6
20
91
5
9
86
24
5
21
36
26
22
40
105
9
24
5
12
20
5
126
25
43
5
9
17
13
114
5
13
54
49
78
6
20
5
9
71
19
6
8
48
6
55
20
6
39
22
30
37
5
8
13
17
55
25
33
5
11
24
58
5
10
20
8
15
35
6
13
25
136
5
18
12
5
53
21
5
50
6
22
28
5
48
7
6
35
12
15
5
66
22
9
23
73
5
126
12
10
5
78
20
43
6
13
10
52
16
5
57
26
6
8
18
13
26
5
124
9
21
8
51
5
6
8
67
6
12
9
40
9
76
53
6
12
60
14
207
17
24
5
96
368
21
13
114
5
13
16
23
6
14
5
63
114
5
11
38
11
19
5
9
5
14
22
5
6
143
15
13
73
5
20
154
19
5
25
78
108
10
5
15
17
21
5
56
20
82
26
5
9
14
42
5
9
13
12
18
19
51
5
148
5
20
8
189
26
8
341
385
80
7
6
87
12
8
19
23
119
5
221
23
5
27
134
19
6
8
240
13
25
5
46
22
5
234
42
20
181
478
23
5
27
56
22
5
10
27
24
5
19
5
27
24
172
124
9
5
84
16
42
12
5
56
8
131
6
14
7
580
18
5
40
7
135
6
9
146
22
5
14
59
13
6
261
18
19
41
5
27
12
5
16
296
8
33
128
5
280
5
10
19
47
16
5
11
43
16
63
5
13
8
45
18
5
30
9
17
6
21
23
7
6
16
5
14
11
22
478
5
15
27
5
11
147
18
17
36
6
27
10
41
73
14
5
25
52
20
5
139
9
23
507
6
20
26
36
5
9
32
17
11
5
22
169
9
18
33
6
42
5
13
15
28
6
26
12
57
6
8
13
41
5
211
7
5
73
40
117
134
68
86
281
104
1022
866
122
679
144
202
160
780
120
159
739
149
637
808
221
190
923
197
700
822
1069
365
1038
533
991
630
926
868
591
1109
1025
1060
1051
959
554
1362
1290
1328
637
1150
841
1276
1376
965
947
5
5
6
9
12
5
13
20
5
25
9
16
7
21
6
5
10
6
21
5
16
25
5
20
24
5
33
6
19
14
5
32
21
20
7
18
6
27
23
11
6
23
35
23
41
5
39
27
5
8
5
17
10
5
43
8
48
5
11
66
16
5
131
80
14
76
5
20
47
26
26
5
55
8
86
126
5
5
21
118
10
5
53
26
8
5
15
172
13
6
140
15
5
146
11
125
29
50
5
49
8
34
5
20
29
5
7
26
19
27
5
23
7
28
35
9
9
56
6
5
89
11
12
6
19
12
5
21
100
5
21
284
26
108
20
76
5
5
33
6
34
5
5
11
48
5
16
6
47
10
50
6
7
17
56
5
18
7
23
43
5
28
84
10
6
105
18
6
9
201
22
16
331
6
11
5
9
179
25
28
5
230
7
17
5
12
21
6
29
16
5
49
22
8
57
28
199
5
157
5
52
18
7
5
71
9
16
38
6
9
79
24
6
19
11
121
6
17
222
17
5
219
26
5
10
25
226
115
5
18
67
6
9
75
5
45
19
8
38
20
6
24
145
5
504
5
60
13
24
19
5
380
18
7
22
37
12
6
252
9
18
18
19
5
157
6
17
222
5
32
22
10
11
5
35
17
5
40
25
8
48
5
29
560
5
40
10
355
44
6
12
19
493
6
18
14
21
5
616
159
58
6
13
5
9
42
5
31
15
5
21
42
27
61
11
14
203
5
512
16
5
9
21
5
68
7
243
5
470
11
35
17
5
9
25
46
31
26
5
37
29
6
5
67
14
5
12
21
8
6
70
14
5
16
6
22
62
13
10
6
15
11
247
5
12
60
22
18
26
5
16
12
90
6
25
89
10
50
5
10
19
117
30
31
5
7
23
36
32
32
5
6
7
145
6
149
14
5
12
13
16
7
158
23
9
24
27
178
5
17
69
6
6
781
8
9
42
46
229
133
264
170
156
167
260
107
144
108
689
306
683
194
318
322
983
976
230
268
271
227
337
241
304
958
713
438
223
232
400
409
711
315
459
283
335
365
496
425
400
402
505
519
404
393
675
477
446
452
965
1083
480
916
583
494
439
501
452
677
669
1370
1124
1100
675
707
577
711
750
865
704
1485
820
1682
1630
1604
1515
1496
1499
1257
1247
2382
6
7
12
5
21
6
23
13
25
26
12
29
6
23
26
6
9
18
5
10
28
17
51
5
10
12
26
9
17
24
5
79
18
6
8
23
7
85
23
5
29
42
78
13
10
32
85
6
11
60
6
22
5
10
37
17
17
5
16
42
5
9
39
24
5
13
75
8
25
19
7
158
7
5
14
6
84
12
5
75
17
9
5
16
26
39
5
14
6
11
142
6
17
6
27
26
6
10
12
8
15
44
10
11
5
19
137
6
9
15
69
13
5
19
62
17
105
5
8
144
13
5
16
8
15
23
6
5
14
19
13
6
307
11
9
16
31
16
25
13
5
46
6
14
14
19
31
5
21
36
9
16
20
40
5
10
230
6
7
7
199
17
5
29
22
6
10
5
79
24
76
11
16
22
5
27
34
9
5
39
32
19
409
9
9
5
14
14
5
16
70
21
5
275
345
6
11
10
325
6
81
19
5
24
264
11
20
60
5
86
17
6
14
6
8
450
12
16
44
5
21
14
5
351
140
14
24
6
76
6
16
74
16
5
27
7
19
5
7
73
13
5
218
5
10
181
14
5
11
519
19
5
83
18
17
70
22
67
5
85
24
32
23
11
5
18
168
140
33
24
6
11
48
6
12
15
52
6
20
139
7
30
7
224
13
12
262
172
14
90
5
89
12
24
45
5
6
22
41
22
5
28
41
5
18
10
47
8
25
15
664
44
9
27
6
90
11
20
5
16
73
18
5
18
24
21
5
40
32
9
20
318
5
13
14
306
33
457
5
86
9
691
133
9
6
15
41
6
17
17
96
11
24
54
5
31
198
5
25
175
11
18
136
22
8
6
83
13
5
15
57
5
24
138
5
11
15
10
11
5
19
43
5
9
21
5
371
6
16
60
6
21
79
6
14
649
18
430
45
8
22
14
65
6
30
344
7
17
113
6
32
5
493
14
18
5
24
16
5
13
276
14
55
6
17
46
24
6
10
26
13
67
17
47
21
18
51
26
38
27
221
33
65
496
213
90
385
106
592
569
961
488
297
97
370
393
126
516
935
211
236
539
144
224
285
1145
1111
809
461
210
393
212
511
843
727
572
234
513
395
408
1182
1019
965
597
790
716
695
1258
1333
987
820
1102
1030
998
2204
2170
1994
1948
1753
2344
5
5
11
19
5
26
5
14
5
32
5
9
33
14
5
11
20
42
5
14
15
6
61
20
6
25
53
5
7
30
16
22
23
14
32
6
17
8
14
5
19
48
61
12
5
22
15
9
122
86
15
71
5
21
91
5
11
19
123
5
26
23
6
27
5
13
19
49
5
81
13
8
119
18
5
91
189
5
50
6
9
49
5
14
6
8
27
5
12
75
16
5
12
48
8
5
17
58
5
21
6
131
5
138
5
65
6
10
42
14
5
9
190
281
161
12
131
13
17
147
5
19
6
21
126
21
5
13
28
114
5
20
9
39
32
9
10
26
5
13
17
31
9
20
39
5
14
14
5
30
53
5
28
79
5
12
226
9
5
70
399
5
13
46
5
18
25
16
5
10
13
42
15
25
5
377
5
30
10
22
5
19
38
7
18
6
26
6
30
31
7
16
5
12
64
21
61
5
10
19
87
13
5
85
71
14
122
16
18
5
80
5
91
22
124
5
12
29
17
21
21
15
58
5
56
11
6
10
31
5
14
6
16
84
5
19
163
20
31
47
12
13
494
5
18
37
7
5
18
547
18
9
42
5
15
46
20
6
7
40
16
214
5
14
6
18
6
77
18
7
555
17
5
9
26
60
5
10
19
8
22
37
22
5
27
33
7
5
31
213
5
14
18
9
26
62
8
474
10
5
15
298
386
23
248
8
5
367
277
18
260
20
5
9
22
231
14
35
6
7
40
5
17
44
21
36
8
27
5
270
68
5
23
8
19
32
5
10
13
12
27
5
17
213
25
21
186
5
7
28
50
12
6
13
66
22
5
117
20
5
229
8
29
19
5
327
22
20
265
51
5
21
14
285
5
58
5
7
12
5
127
14
5
79
11
280
5
10
27
31
9
15
33
39
6
11
17
13
26
6
18
10
8
21
61
5
5
13
51
5
17
5
81
12
24
19
15
86
21
70
80
195
91
67
127
134
206
146
168
120
423
270
244
182
331
212
248
213
230
239
286
784
643
721
547
447
401
655
735
291
407
853
823
772
399
854
553
333
668
352
324
335
368
911
739
557
370
378
736
761
572
426
473
805
432
831
904
552
756
944
905
516
751
1151
664
1033
605
1061
1058
1366
1519
1435
1319
868
1237
1258
898
2060
1831
1734
5
8
5
17
8
16
21
5
11
7
5
17
13
16
5
20
8
5
14
5
15
38
20
49
51
10
15
22
5
58
10
10
12
68
24
5
17
42
24
8
40
27
5
9
36
8
25
21
6
10
49
8
16
27
8
43
72
13
5
87
16
83
5
24
9
15
30
13
6
96
5
17
12
17
150
5
6
7
32
12
6
18
60
5
23
14
67
20
24
71
5
61
66
5
9
15
5
21
7
35
41
7
5
14
30
15
20
5
197
12
45
6
22
14
18
55
5
61
5
9
91
15
5
96
8
229
5
13
62
6
12
17
6
63
15
78
6
17
8
114
15
91
20
5
276
5
16
13
17
7
23
6
7
138
15
144
6
8
34
17
17
214
19
45
14
5
22
7
18
15
5
14
26
20
5
9
5
16
8
5
13
9
5
10
20
9
15
9
317
6
14
11
8
14
21
21
17
27
5
18
35
8
42
18
6
46
29
5
30
17
39
8
22
5
16
32
12
20
38
5
26
27
25
8
29
5
66
94
5
63
59
35
5
7
19
5
11
14
29
17
25
5
10
18
32
6
12
25
8
25
5
31
12
22
6
61
11
9
9
21
8
6
10
6
10
16
14
24
12
36
15
5
20
22
11
36
14
5
31
15
37
8
21
44
27
5
12
5
31
6
34
26
6
10
11
68
5
12
17
703
17
154
11
44
73
7
6
24
23
12
33
15
5
45
18
15
5
41
23
7
12
44
34
9
29
7
16
46
12
21
5
58
5
32
6
52
5
10
11
50
5
9
10
23
13
14
26
5
18
17
5
7
24
9
12
23
30
8
25
26
12
35
9
5
38
8
46
22
7
24
8
6
35
12
6
15
20
5
9
5
20
28
16
26
5
36
13
9
19
6
16
7
13
18
5
5
26
9
30
5
5
16
5
21
5
27
31
5
39
13
9
5
17
11
5
19
9
5
9
29
5
33
16
5
24
6
7
11
5
20
15
27
19
5
5
9
29
20
15
6
14
9
31
36
5
7
40
25
12
35
6
9
65
14
21
5
17
7
48
29
5
29
53
98
9
5
16
71
5
27
8
29
5
112
30
62
15
5
16
114
9
14
149
22
5
117
9
15
6
60
12
19
14
25
30
165
58
51
201
197
