5
6
10
22
28
31
34
6
38
40
39
30
63
68
65
45
26
55
21
40
82
65
74
45
95
53
49
15
51
93
93
18
64
132
6
59
138
132
58
119
32
41
62
132
117
135
131
5
117
193
51
192
96
139
97
56
206
92
94
36
92
84
70
87
233
70
237
238
252
249
28
19
91
83
260
20
256
251
274
93
32
24
297
283
288
70
276
271
283
271
287
289
168
293
270
282
265
250
27
14
242
117
307
243
309
222
316
269
391
25
394
14
334
322
401
313
6
316
318
455
379
452
440
449
302
453
281
169
275
163
9
407
407
474
410
476
479
191
481
383
495
379
492
299
491
301
28
494
517
13
519
9
327
406
413
319
406
290
294
547
549
545
552
549
553
292
273
376
336
564
328
65
560
334
81
324
572
484
471
333
328
313
275
593
279
596
483
112
293
275
610
611
507
606
472
469
298
449
289
256
680
255
669
405
673
409
398
495
401
496
402
494
493
485
283
417
274
276
228
723
724
623
725
616
729
617
416
734
420
723
460
365
736
453
732
457
450
434
653
649
382
633
384
632
333
324
765
443
757
759
892
749
657
660
591
593
461
653
442
637
639
604
587
589
799
590
795
798
801
808
863
862
821
610
611
603
512
601
500
605
848
596
596
512
568
509
549
492
496
500
748
873
749
870
874
877
958
882
960
535
963
528
522
970
974
794
783
619
620
616
997
591
996
578
566
1006
568
1007
822
1006
820
1006
824
1003
827
1003
822
997
817
993
818
791
783
786
786
792
760
759
1156
763
1151
765
1153
768
1146
1147
1245
1247
1160
794
1171
794
1174
789
1160
1105
793
1095
790
1098
779
782
1296
781
1299
1156
1300
1148
1297
1129
1129
1132
1122
1122
1115
1125
1332
1127
1335
1335
1335
1340
1344
846
841
1353
1356
1360
1364
1368
1213
1371
1196
1170
1151
1387
1162
1155
1154
1416
1414
1412
1420
1419
1414
1322
1418
1321
1421
1323
1424
1425
1427
1332
1431
1244
1245
1228
1586
1234
1590
1236
1592
1223
1593
1232
1598
1231
1602
1218
1600
1208
1604
1179
1598
1178
1598
1597
1513
1578
1517
1580
1520
1590
1512
1592
1510
1586
1509
1513
1515
1597
1515
1600
1512
1601
1516
1602
1518
1605
1521
1505
1509
1516
1266
1263
1259
1693
1640
1654
1644
1629
1633
1547
1637
1542
1544
1551
1645
1644
1635
1628
1320
1571
1323
1326
1322
1696
1590
1595
1702
1706
1676
1646
1719
1635
1722
1623
1718
1612
1716
1616
1612
1782
1780
1391
1782
1400
1633
1396
1601
1583
1674
1583
1658
1661
1698
1531
1700
1496
1500
1486
1478
1844
1846
1449
1850
1454
1856
1458
1860
1460
1433
1433
1876
1501
1449
1775
1777
1857
1454
1852
1462
1456
1907
1908
1770
1875
1772
1874
1478
1873
1934
2042
1927
2037
1929
2039
2037
1896
2031
1890
1893
1860
1890
1862
1893
1866
1864
1902
1905
2070
1907
2073
1908
2077
2075
1896
1892
1905
1883
1902
1899
2017
2021
1899
2021
1903
2013
2118
2010
2009
1959
2005
1961
1948
2142
2133
1955
2128
1959
2129
1956
1959
1974
1961
1959
2181
1970
2178
1970
1958
1960
1960
1964
2176
1989
1990
2019
1992
2028
1994
2032
2032
2044
2010
2009
2007
2003
2009
2005
2012
2008
2015
2066
2017
2066
2024
2069
2027
2071
2028
2021
2256
2017
2255
2249
2047
2050
2084
2086
2033
2087
2036
2091
2040
2041
2217
2045
2198
2164
2145
2060
2152
2064
2117
2067
2118
2064
2101
2142
2105
2142
2141
2184
2185
2073
2188
2071
2147
2072
2150
2072
2153
2155
2140
2154
2095
2220
2073
2224
2101
2228
2093
2087
2094
2099
2061
2102
2039
2108
2037
2111
2035
2102
2039
2095
2090
2229
2092
2233
2095
2237
2220
2226
2216
2219
2225
2225
2202
2206
2207
2211
2353
2207
2357
2208
2354
2202
2355
2205
2358
2209
2351
2205
2353
2208
2354
2353
2362
2366
2368
2367
2381
2213
2212
2215
2256
2198
2257
2391
2255
2393
2410
2385
2402
2389
2403
2401
2227
2230
2283
2230
2282
2285
2417
2420
2423
2422
2426
2422
2422
2417
2285
2420
2289
2414
2282
2285
2424
2353
2426
2357
2417
2359
2417
2358
2404
2361
2405
2361
2406
2364
2406
2353
2355
2360
2361
2354
2438
2438
2441
2442
2442
2441
2445
2444
2448
2440
2437
2438
2434
2434
2836
2839
2835
2835
2822
2669
2824
2668
2823
2672
2827
2665
2826
2666
2828
2665
2830
2666
2830
2666
2832
2666
2835
2669
2839
2663
2837
2656
2833
2657
2830
2661
2828
2660
2828
2664
2820
2664
2822
2664
2811
2665
2812
2658
2814
2662
2818
2665
2812
2665
2812
2668
2813
2671
2816
2672
2811
2671
2801
2672
2795
2668
2799
2672
2801
2666
2798
2665
2802
2667
2802
2671
2793
2673
2788
2668
2792
2666
2790
2794
2794
2796
2788
2790
2794
2791
2787
2785
2786
2780
2776
2780
2781
2785
2783
3212
2786
3214
2786
3217
2789
3218
2783
3198
2784
3199
2788
3200
2784
3181
2784
3181
3185
3186
3183
3182
3186
3189
3182
3182
3185
3183
3160
3155
3158
3155
3152
3151
3153
3155
3155
3158
3154
3155
3156
3159
3156
3159
3161
3161
3165
3168
3171
3169
3167
3171
3172
3176
3177
3180
3181
3182
3182
3185
3173
3170
3173
3176
3174
3160
3164
3168
3158
3162
3166
3151
3155
3158
3161
3161
3161
3148
3152
3147
3148
3150
3154
3155
3155
3159
3162
3165
3164
3165
3158
4543
4492
8
5
15
16
5
22
27
26
18
21
27
5
29
15
39
21
10
51
72
30
61
87
6
79
52
83
44
17
88
36
12
76
32
64
29
30
65
30
51
32
15
162
164
137
167
169
141
170
140
155
143
144
204
5
5
210
171
206
218
180
221
223
190
224
190
201
243
245
242
242
45
225
225
229
280
232
265
41
38
271
30
264
281
263
281
265
279
268
261
287
261
265
293
254
296
258
366
257
362
259
263
53
375
7
379
383
305
336
398
341
398
343
332
137
332
97
85
403
404
93
310
312
314
423
426
362
416
356
360
60
357
132
131
341
330
347
268
256
240
506
227
512
511
499
515
515
512
549
502
444
375
572
334
573
250
572
96
426
225
75
264
590
266
543
265
583
586
583
462
554
465
257
596
260
581
606
583
573
285
282
247
288
593
597
299
611
652
655
689
270
692
552
530
691
288
693
284
282
690
693
695
574
566
706
559
710
561
714
558
712
557
716
560
720
557
559
310
309
770
305
758
308
759
764
572
758
569
760
760
585
426
421
395
755
363
759
749
719
803
801
807
776
761
738
740
828
698
652
643
648
643
625
563
532
453
960
961
963
799
791
794
905
698
701
979
699
983
799
985
797
920
780
919
784
921
720
722
1018
1021
733
1022
733
1017
733
1021
733
1019
739
1025
743
1028
740
1032
737
1034
1038
1035
1038
871
1042
873
1040
873
871
843
1056
836
1060
835
1058
833
1062
830
1064
828
1067
1069
1060
848
1077
1078
1080
1201
843
871
1080
1086
853
856
1108
1090
1097
1092
1100
883
1107
886
891
1104
892
1108
1111
1115
898
1255
1206
1253
1209
1213
1139
1139
922
1137
1141
1168
1172
952
1174
954
1154
953
951
1246
1238
1159
1161
1329
1159
1301
1180
974
981
976
1261
980
1255
1257
1256
1237
1201
1234
1205
1211
1202
1005
1219
1008
1223
1012
1211
1006
1215
988
1207
987
1210
1213
1267
1215
1213
1216
1379
1344
1236
1240
1027
1022
1405
1364
1406
1410
1414
1261
1256
1219
1398
1400
1396
1182
1398
1138
1402
1140
1400
1069
1402
1401
1106
1400
1341
1404
1329
1328
1342
1267
1412
1102
1413
1343
1345
1342
1159
1337
1135
1346
1546
1345
1549
1553
1554
1549
1470
1540
1474
1471
1469
1649
1642
1385
1389
1391
1482
1399
1476
1401
1480
1483
1486
1493
1684
1497
1673
1650
1649
1617
1621
1619
1452
1454
1528
1457
1525
1523
1676
1676
1471
1674
1475
1475
1654
1477
1656
1551
1652
1547
1653
1546
1688
1546
1686
1680
1507
1504
1559
1560
1683
1564
1687
1685
1889
1688
1892
1894
1718
1720
1724
1905
1502
1502
1608
1568
1594
1570
1491
1572
1494
1492
1574
1484
1575
1486
1490
1959
1789
1592
1968
1784
1971
1604
1977
1981
1668
1612
1658
1615
1645
1622
1648
1615
1652
1616
1656
1620
1623
1961
1838
1963
1828
1819
1680
1974
1684
1975
2052
1693
2051
1690
1686
1671
1691
1677
1673
1861
1864
2010
2007
1710
1865
1997
1723
1998
1727
1999
1731
1710
1735
1728
2133
2123
1895
2117
1883
1872
1739
1857
1739
1849
1740
1742
2146
1859
2150
1834
2150
2150
1767
2154
1763
2158
1765
2158
1761
1763
1763
1850
1850
2192
1841
1841
1847
1841
1836
1801
2216
1804
2208
2212
1869
2213
1867
1867
2218
1861
2213
1864
2216
1868
2218
1867
2210
1866
2211
1857
2215
2204
1905
2212
1907
1909
1906
1908
1894
1884
1898
1878
1901
2245
1905
2249
1905
2257
2260
1922
2260
1924
1928
1928
1932
2285
2386
2278
2389
2281
2389
2285
2391
2288
2394
2282
2388
2284
2370
2288
2362
2282
2361
2283
2364
2279
2356
2282
2358
2279
2362
2275
2361
2275
2364
2270
2365
2274
2366
2274
2362
2277
2366
2279
2368
2280
2357
2278
2356
2280
2360
2276
2364
2279
2361
2277
2350
2275
2351
2277
2341
2273
2343
2271
2346
2272
2348
2276
2338
2275
2338
2274
2341
2267
2345
2264
2348
2267
2352
2259
2355
2260
2346
2262
2345
2265
2336
2267
2339
2266
2336
2268
2335
2268
2334
2272
2331
2269
2332
2273
2330
2277
2333
2272
2334
2273
2336
2262
2335
2262
2313
2253
2257
2261
2265
2267
2248
2246
2247
2252
2252
2652
2381
2653
2378
2646
2361
2646
2364
2639
2363
2629
2367
2618
2364
2616
2362
2618
2363
2615
2360
2602
2350
2600
2349
2604
2353
2600
2352
2600
2356
2598
2357
2602
2351
2604
2354
2604
2356
2607
2608
2612
2612
2616
2620
2618
2615
2571
2570
2573
2559
2560
2557
2553
2548
2533
2537
2531
2531
2534
2536
2521
2512
2509
2497
2499
2503
2504
2508
2686
2963
2686
2964
2689
2966
2688
2969
2680
2969
2672
2954
2671
2958
2961
2960
2961
2964
2966
2966
2970
2966
2969
2972
2972
2974
2975
2965
2958
2957
2956
2958
2962
2963
2958
2959
2963
2964
2957
2950
2953
2949
2953
2957
2956
2960
3142
2958
3141
2961
3143
2949
3144
2940
3147
2942
3147
2938
3149
2938
3150
2942
3154
2942
3149
2945
3153
2949
3157
2953
3150
2955
3150
2958
3153
2959
3152
2961
3154
2957
3154
2961
3152
2959
3154
2955
3157
2952
3153
2951
3156
2951
3160
2955
3163
2956
3165
3168
3171
3175
3179
3183
3184
3179
3176
3179
3173
3176
3177
3181
3180
3178
3181
3185
3186
3188
3190
3193
3191
3192
3186
3187
3188
3192
3196
3195
3197
3199
3198
3198
3200
3201
3205
3209
3213
3209
3212
3215
3217
3221
3219
3223
3218
3213
3211
3215
3217
3215
5
5
10
6
5
22
25
30
33
49
50
57
61
64
5
46
45
28
78
48
51
23
36
9
58
105
110
100
50
104
29
27
126
85
129
130
120
146
146
147
143
123
15
155
126
76
194
165
194
191
196
34
190
33
191
197
174
235
201
167
219
190
177
6
8
185
183
210
193
214
194
208
62
219
295
222
121
279
313
284
86
287
76
331
11
331
334
267
20
86
21
38
14
285
335
339
5
370
260
247
6
243
221
357
208
351
329
330
347
322
349
218
406
210
405
343
398
341
210
299
212
376
465
391
18
425
400
368
399
502
11
505
492
495
252
495
215
218
393
507
538
364
542
364
414
489
411
5
18
377
545
548
37
36
546
38
399
592
355
356
541
606
545
312
547
316
299
465
595
463
463
487
577
670
672
675
593
672
594
612
613
529
546
519
302
520
621
515
499
450
544
511
548
505
646
647
651
658
574
645
577
640
580
572
577
575
732
720
563
718
566
734
468
580
740
572
590
624
579
576
584
575
635
629
589
593
775
633
759
633
770
879
758
878
878
658
886
659
641
778
903
781
903
778
903
903
554
553
782
547
920
685
693
491
701
700
936
694
940
934
480
471
690
588
968
586
969
559
968
964
722
724
969
726
962
960
542
502
987
954
991
995
703
758
661
756
735
736
1105
661
1100
1103
985
982
656
980
656
638
621
752
754
1057
758
755
1106
762
1079
766
766
850
766
853
769
854
1097
841
1100
844
1149
1152
795
1155
868
802
805
1166
809
1167
1169
880
1240
1182
1237
1186
1241
1188
1189
1193
1200
915
911
1267
1258
1259
867
866
797
1229
1223
951
939
939
895
935
1213
895
899
1218
897
1262
897
1263
1207
1254
1197
1258
1196
1199
1263
972
1267
1265
1259
1267
1238
945
1230
1229
1008
1234
1228
1246
999
1247
1248
1255
1106
1252
1070
1256
1057
1259
1000
1263
1038
1501
1049
1503
1506
1353
1350
1028
1354
1348
1297
1017
1289
1016
1361
1010
1364
1084
1365
1544
1365
1547
1369
1551
1367
1555
1366
1554
1548
1553
1125
1547
1120
1552
1121
1549
1122
1553
1113
1557
1107
1561
1089
1563
1091
1566
1388
1388
1388
1439
1390
1437
1440
1606
1607
1609
1190
1608
1191
1468
1471
1620
1474
1616
1617
1619
1617
1452
1455
1453
1457
1464
1240
1241
1518
1519
1652
1655
1251
1656
1253
1660
1666
1542
1716
1539
1718
1273
1271
1730
1734
1706
1738
1710
1739
1714
1741
1708
1741
1707
1743
1711
1747
1713
1818
1758
1818
1761
1813
1764
1818
1772
1744
1777
1781
1749
1789
1752
1791
1754
1784
1760
1789
1762
1793
1793
1794
1796
1658
1799
1661
1656
1660
1420
1421
1815
1808
1818
1816
1820
1680
1823
1684
1683
1938
1825
1935
1824
1827
1850
1851
1702
1854
1847
1708
1842
1846
1847
1852
1869
1865
1733
1869
1734
1869
1733
1737
2011
2014
1881
2015
1878
1891
1882
1889
1758
1869
1759
1863
1762
1752
2037
2041
1908
2045
1911
1912
1775
1898
1777
1899
1762
1902
1931
1902
1934
1895
1938
1939
2073
1943
2075
2075
1921
1785
1921
1785
1925
1970
1925
1963
1967
2107
2099
1795
2102
1797
1791
1945
1790
1949
1992
1949
1993
1943
1981
2106
1981
2099
2094
1995
2097
2094
2094
2082
2073
2025
2065
2027
2069
2030
2064
2064
2057
2029
2047
2020
2018
2017
2070
2071
2073
1919
1921
2045
1925
2042
2043
2096
2043
2094
2047
2090
2104
2079
2107
2111
1955
1954
1954
2119
1958
2119
1958
1956
1954
1961
2123
2118
2114
1971
2116
1974
2108
1971
2103
2136
2107
2139
2091
2142
2084
2146
2087
2150
2082
2153
2074
2154
2075
2148
2152
2329
2329
2090
2088
2088
2090
2244
2355
2245
2354
2246
2344
2342
2209
2094
2210
2085
2345
2268
2349
2345
2348
2279
2280
2251
2251
2251
2380
2252
2370
2249
2358
2360
2364
2361
2325
2363
2329
2333
2334
2339
2284
2340
2288
2344
2291
2287
2355
2293
2359
2297
2362
2299
2365
2303
2366
2306
2362
2305
2366
2308
2369
2369
2372
2468
2385
2470
2388
2467
2389
2460
2392
2464
2393
2463
2394
2467
2397
2465
2392
2468
2393
2472
2392
2464
2389
2458
2390
2457
2460
2467
2452
2419
2426
2426
2416
2417
2423
2427
2429
2432
2419
2425
2477
2420
2478
2482
2490
2491
2481
2484
2484
2858
2482
2859
2484
2861
2479
2856
2482
2855
2484
2858
2480
2861
2483
2860
2861
2860
2606
2860
2610
2864
2608
2868
2611
2863
2611
2860
2607
2864
2600
2858
2603
2860
2606
2862
2610
2849
2613
2851
2617
2852
2620
2847
2623
2848
2623
2852
2617
2844
2619
2844
2621
2845
2621
2833
2625
2825
2617
2829
2608
2831
2612
2825
2612
2828
3145
2831
3147
2829
3105
2828
3083
2823
3071
2827
3055
2816
3034
2818
3033
2815
3016
2812
2992
2808
2994
2808
2982
2805
2966
2809
2953
2809
2945
2809
2949
2811
2812
2817
2820
2814
2814
2809
2993
2823
2834
2835
2835
2836
2836
2840
2835
2807
2804
2805
3060
3056
3018
3006
2977
2981
2981
2985
2982
2978
2972
2972
2958
2941
2940
2911
2901
2900
3268
3257
3261
3262
3264
3267
3255
3257
3257
3259
3263
3258
3261
3265
3267
3261
3263
3264
3268
3272
3342
3273
3255
3274
3272
3263
3267
3269
3272
3276
3280
3277
3276
3275
3277
3273
3274
3277
3280
3276
3280
3283
3277
3270
3266
3248
3250
3254
3256
3260
3255
3259
3261
3264
3267
3269
3270
3269
3731
5
5
13
12
14
22
25
27
5
34
46
46
45
35
36
37
44
27
14
64
76
65
64
74
6
76
78
106
115
90
117
82
107
111
114
97
91
6
101
89
84
165
78
15
72
5
141
53
56
123
182
109
183
67
182
68
221
63
218
219
228
198
200
56
193
242
245
58
245
48
203
203
238
206
230
209
212
214
286
289
297
293
300
225
303
229
307
333
241
319
5
314
327
14
326
356
334
350
331
335
349
325
350
326
349
330
306
323
294
273
332
76
334
371
43
368
371
320
307
54
305
38
17
367
363
420
352
422
356
422
420
333
428
342
345
377
24
18
490
449
392
184
456
398
98
402
402
384
379
26
383
497
466
478
468
5
472
98
472
471
556
559
385
477
388
122
560
489
563
493
566
495
565
569
576
580
465
576
465
469
440
469
440
439
525
601
444
596
441
539
409
409
597
564
551
525
586
559
558
528
562
531
524
444
525
447
442
577
581
621
585
624
619
537
541
465
543
463
467
611
615
693
605
690
693
651
612
655
611
690
665
693
667
624
671
624
667
628
628
680
711
711
536
708
524
636
518
638
497
641
710
634
708
712
579
493
582
491
659
495
660
656
861
853
497
835
501
503
745
759
749
734
797
799
694
800
695
699
874
792
877
804
888
890
815
887
816
820
736
817
722
726
803
806
910
806
912
797
908
912
838
839
827
1031
1031
819
1025
815
939
811
943
813
814
598
1014
575
966
964
957
816
961
818
818
572
822
565
890
999
821
824
816
902
811
882
885
820
923
921
1054
927
1052
936
1123
1028
931
934
1049
1050
1032
1036
1038
952
952
959
1084
963
1087
967
1087
1048
1089
1035
1093
1026
992
940
996
937
994
995
996
991
1194
992
996
1192
1169
969
1164
1168
1163
1075
1164
1074
1166
1073
1077
1040
1062
1043
1047
1013
1184
1180
1082
1158
1084
1149
1088
1090
1089
1094
1033
1096
1021
1154
1017
1133
1136
1081
1133
1075
1074
1112
1110
1072
1140
1078
1129
1285
1089
1273
1093
1097
1286
1172
1168
1325
1149
1327
1151
1327
1313
1186
1186
1336
1166
1339
1343
1179
1177
1195
1344
1199
1187
1362
1365
1369
1210
1188
1205
1177
1195
1170
1228
1174
1232
1227
1226
1409
1402
1187
1236
1309
1243
1289
1245
1290
1429
1294
1429
1433
1228
1434
1232
1194
1271
1197
1267
1268
1327
1331
1481
1324
1484
1487
1490
1475
1479
1231
1483
1224
1222
1304
1304
1507
1510
1354
1358
1375
1322
1371
1320
1527
1324
1529
1321
1529
1319
1532
1317
1528
1406
1403
1405
1405
1403
1551
1412
1321
1412
1310
1411
1310
1363
1300
1367
1364
1585
1587
1611
1610
1447
1614
1446
1380
1427
1382
1430
1380
1383
1642
1390
1394
1381
1644
1384
1648
1663
1664
1374
1378
1665
1403
1496
1677
1498
1681
1497
1680
1495
1488
1482
1699
1725
1727
1712
1499
1712
1499
1705
1500
1704
1497
1492
1491
1745
1492
1749
1731
1747
1735
1503
1735
1760
1660
1958
1740
1945
1739
1940
1741
1785
1740
1786
1925
1779
1896
1755
1865
1754
1867
1752
1755
1755
1715
1719
1812
1816
1886
1816
1881
1885
1766
1878
1767
1771
1743
1756
1746
1747
1845
1746
1849
1851
1877
1856
1781
1826
1784
1820
1787
1773
1790
1760
1743
1764
1705
1805
1696
1807
1774
1809
1774
1811
1774
1811
1754
1805
1744
1809
1733
1808
1735
1812
1736
1814
1728
1816
1729
1818
1733
1816
1737
1819
1955
1820
1959
1817
1960
1816
1964
1819
1951
1815
1950
1814
1954
1818
1955
1822
1947
1826
1947
1818
1951
1815
1955
1809
1948
1809
1951
1812
1950
1816
1951
1954
1958
1965
1962
1920
1958
1900
1942
1877
1944
1864
1939
1854
1935
1857
1938
1941
1934
1934
2035
1938
2039
1934
2039
1938
2038
1938
2041
1936
2042
1938
2040
1940
2044
1943
2026
1931
2024
1929
2021
2022
2021
2017
2004
2001
2004
2003
2454
2006
2457
2007
2456
2010
2459
2003
2462
2000
2462
2001
2466
2000
2468
2004
2460
2008
2461
2463
2466
2470
2471
2453
2457
2460
2464
2458
2456
2459
2462
2462
2451
2453
2455
2457
2458
2458
2457
2461
2461
2462
2466
2468
2472
2472
2473
2470
2473
2474
2478
2482
2484
2486
2473
2477
2475
2470
2469
2470
2470
2474
2477
2475
2477
2477
2477
2478
2482
2486
2490
2489
2493
2497
2500
2501
2505
2503
2504
2505
2507
2506
2507
2511
2505
2508
2512
2516
2520
2524
2525
2529
2524
2523
2519
2520
2520
2514
2517
2517
2516
2518
2521
2523
2526
2529
2533
2525
2523
2519
2519
2523
2527
2530
2532
2520
2522
2517
3053
3047
3038
3029
3033
3032
3028
3030
3034
3033
3035
3038
3038
3039
3028
3025
3025
3029
3008
3002
3004
3005
3009
3013
3011
3008
3012
3002
3006
3009
3013
3015
3019
3019
3020
3022
3022
3018
3019
3023
3027
3031
3026
3025
3028
3032
3036
3029
3024
3017
3018
3014
3001
3005
3004
3004
2998
2996
2983
2984
2985
2986
2988
2980
2978
2981
2985
2981
2983
2985
2986
2987
2989
2987
2991
2986
2984
2986
2986
2990
2994
2998
3002
2989
2988
2992
2991
2990
2985
2979
3973
3965
3960
3911
3913
3890
3881
3830
3833
3731
3688
3659
3626
3596
3588
3592
3596
3585
3569
5448
5436
5401
5405
5405
5409
5407
5391
5389
5390
5388
5384
5379
5353
5317
5280
5245
5235
5236
5234
5222
5226
5194
5193
5195
5197
5198
5195
5172
5156
5
10
15
11
22
6
33
18
42
29
46
36
42
44
65
60
76
77
81
59
6
80
96
18
101
94
104
91
92
103
120
133
136
131
129
88
110
74
74
136
120
16
176
133
172
172
190
194
180
196
180
196
168
130
123
215
217
174
220
173
205
225
205
229
229
37
205
216
220
243
247
251
242
225
222
221
100
269
89
5
276
231
274
268
282
272
285
57
286
27
6
46
268
305
271
273
274
312
274
310
36
32
330
11
334
33
329
331
332
346
45
5
35
5
29
7
381
355
373
357
370
361
305
359
256
250
352
252
335
303
233
438
113
438
435
129
120
58
59
24
13
21
237
81
5
80
466
349
452
350
438
327
440
308
418
414
5
405
8
5
271
264
408
249
245
241
590
589
511
590
512
249
510
231
510
231
448
225
451
525
445
516
436
516
631
516
635
427
639
412
526
396
530
533
669
535
662
689
620
693
412
697
387
678
362
669
665
571
365
562
369
670
567
674
571
647
729
726
592
589
746
745
734
608
736
610
611
613
604
605
715
776
715
449
699
453
442
810
445
806
802
706
804
810
807
811
648
813
645
800
884
799
803
483
799
478
453
665
827
810
670
825
674
820
815
929
830
929
820
932
819
905
820
905
908
564
526
897
917
896
912
851
731
540
724
521
994
524
524
734
510
738
510
511
567
569
973
976
972
917
921
950
954
592
929
962
932
950
954
1078
578
1081
561
554
561
1036
1034
1036
1029
1036
1032
1036
814
1046
1039
1012
1042
1005
1009
1007
1044
1011
1009
1073
1049
1077
1167
1058
1164
1035
1168
1050
1036
1044
1045
870
1033
831
1040
1040
1097
1043
1099
1100
1100
700
696
1063
1068
1072
1068
1047
1046
895
892
1139
1137
1158
1142
1161
1137
1161
1164
1083
1167
1087
1153
1242
1052
936
1105
936
1104
1106
1107
1080
1093
1197
1088
1197
1091
1093
1097
1306
1216
1309
1206
1312
1316
1214
1320
1214
1323
1210
1324
1202
1313
1190
1192
1199
1175
1201
1176
1167
1167
1169
1346
1339
1173
1339
1343
1346
1350
1418
1419
1240
1341
1108
1302
1101
1374
1091
1376
1096
1377
1092
1379
1268
1377
1262
1264
1334
1268
1309
1163
1563
1410
1566
1396
1290
1383
1293
1577
1290
1583
1393
1399
1588
1403
1592
1592
1309
1592
1310
1454
1310
1458
1300
1462
1415
1459
1409
1305
1413
1245
1315
1201
1316
1422
1317
1424
1366
1320
1362
1309
1366
1308
1309
1514
1515
1510
1666
1666
1392
1390
1390
1669
1387
1388
1538
1385
1539
1528
1395
1527
1529
1532
1387
1539
1380
1537
1380
1422
1370
1419
1415
1524
1522
1744
1747
1391
1748
1390
1387
1755
1743
1739
1732
1609
1573
1613
1582
1584
1583
1584
1759
1586
1763
1589
1765
1764
1603
1769
1606
1771
1774
1765
1624
1771
1620
1768
1623
1771
1767
1701
1772
1691
1775
1694
1778
1785
1699
1789
1703
1788
1703
1792
1700
1795
1703
1799
1707
1795
1710
1714
1749
1751
1751
1573
1550
1818
1816
1819
1823
1608
1777
1606
1775
1574
1767
1572
1764
1840
1758
1632
1848
1632
1854
1627
1855
1624
1857
1860
1865
1711
1714
1712
1634
1618
1804
1722
1719
1819
1710
1823
1710
1698
1687
1689
1714
1688
1718
1706
1938
1713
1931
1714
1922
1928
1723
1923
1727
1926
1726
1928
1726
1928
1742
1928
1743
1932
1742
1932
1738
1935
1739
1936
1926
1924
1927
1922
1923
1968
1927
1972
1928
1976
1932
1977
1934
1972
1938
1970
1940
1972
1941
1973
1934
1977
1926
1974
1926
1976
1929
1980
1928
1983
1918
1976
1915
1977
1907
1980
1974
1916
1968
1920
1969
1970
1965
1957
1941
2067
2068
2068
2065
2458
2064
2454
2445
1997
2449
1999
2003
1991
2003
1986
2096
1972
2096
1974
2100
2100
2031
2490
2036
2040
2009
2022
2008
2005
2144
2148
2020
2155
2527
2159
2530
2157
2530
2157
2528
2510
2511
2513
2088
2516
2089
2086
2090
2097
2204
2206
2210
2558
2545
2545
2130
2546
2130
2549
2549
2552
2363
2363
2569
2278
2267
2266
2269
2267
2264
2264
2268
2422
2270
2420
2270
2423
2272
2415
2275
2415
2419
2639
2633
2637
2303
2637
2300
2303
2460
2309
2458
2458
2324
2463
2328
2462
2326
2461
2328
2463
2331
2333
2340
2346
2717
2350
2721
2353
2723
2357
2723
2360
2711
2512
2711
2513
2713
2517
2716
2521
2707
2519
2711
2523
2712
2523
2704
2526
2703
2530
2703
2534
2705
2532
2709
2525
2712
2526
2713
2527
2717
2516
2704
2514
2696
2518
2676
2513
2679
2515
2683
2500
2680
2500
2665
2504
2665
2508
2669
2511
2662
2513
2658
2517
2660
2521
2644
2523
2635
2515
2632
2633
2620
2594
2587
2590
2593
2592
2596
2585
2582
2575
2578
2577
2577
2882
2873
3537
3535
3539
3540
3536
3537
3539
3542
3539
3538
3542
3541
3532
3441
3534
3432
3517
3431
3510
3411
3514
3411
3509
3368
3507
3304
3504
3271
3507
3270
3509
3262
3501
3261
3495
3265
3499
3264
3501
3243
3500
3238
3499
3232
3499
3200
3499
3198
3501
3195
3497
3199
3497
3202
3484
3205
3485
3193
3487
3161
3484
3159
3485
3488
3491
3494
3497
3500
3498
3489
3492
3496
3498
3488
3492
3488
3492
3485
3484
3488
3489
3483
3487
3489
3490
3492
3485
3480
3463
3467
3469
3464
3464
3465
3467
3470
3470
3472
3473
3473
3474
3478
3479
3477
3472
3468
3465
3464
3461
3463
3451
3452
3451
3454
3447
3450
3453
3452
3454
3443
5
5
18
14
25
18
8
36
35
18
6
40
62
16
56
13
60
74
50
31
34
18
10
40
90
63
63
27
91
119
115
99
115
102
31
149
14
153
89
140
143
94
146
51
135
45
43
191
89
177
36
28
13
60
178
138
178
54
41
195
187
53
205
18
205
220
213
200
143
6
185
158
284
16
307
18
234
230
130
227
44
26
336
13
339
238
283
228
274
270
220
103
188
266
145
113
111
31
207
96
31
274
278
56
104
14
13
242
34
121
6
119
300
56
300
17
297
345
52
336
324
457
460
319
452
326
15
47
14
8
16
133
8
15
500
7
501
505
106
354
352
5
32
356
23
534
536
558
536
151
357
135
585
520
128
502
361
118
361
108
601
370
601
608
375
603
383
604
387
388
144
387
133
390
118
399
122
395
385
538
396
533
392
534
391
534
383
515
367
513
367
516
366
515
361
739
355
736
359
731
673
716
669
720
671
643
647
643
626
642
626
405
619
396
388
746
729
667
664
663
784
777
781
647
637
741
592
578
734
582
704
640
638
706
709
580
712
522
448
709
713
730
721
505
716
464
693
452
485
697
701
704
940
706
941
945
685
671
675
930
917
962
920
960
960
929
965
972
935
970
930
968
927
968
929
933
915
919
600
985
984
1002
1003
612
1006
1010
955
623
953
622
954
956
1052
902
1054
898
900
1047
1066
1047
907
1053
1051
900
1051
904
900
1084
888
1092
875
1083
944
883
945
866
865
1106
1046
1048
874
1046
874
876
908
898
966
898
959
1139
965
1141
963
1084
955
1086
954
776
923
944
926
912
909
1109
910
1112
1114
807
793
909
794
872
873
873
1216
978
1220
1223
1228
988
1226
899
1166
1166
1242
870
872
839
1257
1265
836
1261
830
1034
864
1037
868
861
1223
861
1227
1227
1293
1297
1296
876
1365
1333
1308
1336
1333
1319
1328
1321
1330
1321
1330
1323
1333
1327
1325
1318
1329
1333
1304
1337
1288
1339
1291
1292
1294
1164
1157
1360
1362
1362
1351
1170
1353
1180
1361
1180
1371
1182
1375
1184
1180
1227
1229
1231
1351
1220
1352
1344
1209
1342
1204
1344
1202
1196
1200
1553
1552
1556
1184
1192
1573
1196
1570
1199
1572
1200
1575
1195
1297
1191
1300
1195
1302
1291
1415
1504
1418
1508
1216
1496
1198
1312
1191
1316
1194
1307
1304
1448
1452
1204
1456
1203
1459
1201
1659
1536
1655
1540
1335
1538
1330
1319
1553
1675
1678
1624
1685
1677
1626
1577
1578
1685
1583
1580
1347
1574
1350
1572
1346
1334
1659
1656
1704
1658
1705
1586
1709
1590
1594
1598
1681
1594
1678
1597
1682
1593
1389
1687
1690
1754
1694
1751
1749
1748
1407
1406
1763
1664
1757
1660
1755
1664
1753
1668
1746
1669
1747
1673
1751
1755
1746
1754
1693
1758
1683
1762
1668
1752
1670
1755
1663
1755
1663
1750
1667
1754
1671
1756
1673
1748
1668
1726
1672
1729
1655
1729
1731
1852
1735
1852
1730
1856
1858
1732
1848
1736
1849
1732
1853
1736
1852
1730
1729
1821
1708
1824
1711
1713
1876
1712
1879
1879
1757
1875
1761
1721
1755
1714
1742
1718
1861
1722
1864
1855
1903
1854
1902
1899
1902
1749
1746
1747
1753
1757
1751
1753
1937
1758
1939
1759
1759
1758
1762
2263
2266
2262
2264
2272
1746
2276
1750
2275
1752
2283
2002
2280
2007
2008
2001
2283
2003
2287
1997
2290
2294
2294
2295
2323
2327
2332
2037
2323
2326
2046
2330
2046
2333
2048
2050
2049
2056
2361
2342
2347
2366
2347
2369
2344
2372
2372
2375
2356
2097
2092
2096
2401
2095
2405
2409
2415
2006
2418
2010
2416
2010
2425
2003
2429
2007
2426
2430
2016
2146
2146
2144
2143
2444
2448
2443
2046
2441
2442
2443
2064
2455
2456
2461
2465
2203
2464
2204
2462
2208
2466
2204
2468
2208
2471
2192
2464
2194
2465
2198
2466
2199
2464
2182
2465
2175
2468
2178
2471
2177
2468
2180
2468
2169
2172
2482
2492
2493
2497
2503
2506
2509
2513
2517
2520
2524
2528
2531
2535
2529
2532
2538
2539
2543
2546
2543
2547
2550
2549
2553
2550
2550
2542
2546
2545
2548
2552
2553
2557
2549
2550
2571
2552
2566
2556
2568
2557
2571
2560
2571
2564
2563
2552
2561
2548
2554
2551
2557
2561
2559
2555
2558
2566
2572
2576
2570
2572
2577
2561
2580
2561
2563
2564
2549
2568
2547
2569
2538
2571
2522
2575
2525
2529
2532
2537
2934
2538
2937
2542
2934
2938
2941
2538
2945
2540
2952
2952
2628
2630
2634
2724
2586
2725
2588
2725
2587
2986
2990
2995
2669
2671
2682
2688
3019
2689
3023
2688
3021
2690
3025
2691
3021
2694
3020
3024
3024
3029
3030
2821
2822
3044
2829
3047
2830
3049
3053
3057
3061
3063
2863
3057
2865
3059
2864
3063
2857
3067
2859
3070
2853
3067
2857
3071
2861
3074
2864
3071
2868
3073
2872
3076
2873
2876
2891
2883
2887
2889
2893
2895
2897
2898
2901
2904
2907
2901
2902
2902
3179
2907
3183
2911
3182
2914
3180
2916
3182
2920
3183
2924
3187
2927
3190
2929
3191
2930
3191
2930
3183
3185
3186
3188
3192
2994
3179
2991
3173
2995
3170
2996
3165
2999
3168
2995
3172
2993
3176
2997
3177
2999
3169
3173
3174
3173
3172
3169
3167
3170
3172
3172
3175
3178
3180
3182
3185
3189
3188
3189
3188
3188
3187
3190
3194
3195
3187
3190
3192
3195
3196
3195
3192
3194
3195
3199
3201
3205
3203
3206
3205
3209
3203
3205
5
6
21
26
18
29
22
26
37
21
11
21
32
49
53
68
11
59
54
78
83
53
76
99
119
111
109
122
109
91
13
136
137
131
134
130
134
113
144
117
111
161
46
160
161
169
172
178
177
181
179
157
180
150
182
139
170
171
171
172
209
212
220
196
217
29
203
199
203
201
204
203
189
199
243
199
246
143
250
262
230
5
221
152
224
85
228
71
287
257
70
347
5
251
262
70
258
45
266
269
273
272
6
327
231
308
223
77
313
349
72
66
322
295
261
380
379
256
16
385
389
249
394
394
394
387
386
403
5
395
392
331
414
293
290
496
236
163
494
458
169
451
170
454
311
451
179
455
54
454
539
456
336
453
468
410
535
409
348
530
347
496
537
500
483
504
466
503
438
506
248
498
460
498
452
435
541
416
543
380
546
470
545
471
545
473
532
470
549
520
549
515
541
578
545
581
322
583
285
277
503
498
534
499
606
281
587
260
505
596
509
501
518
505
522
615
515
618
613
643
645
521
511
531
499
508
501
624
547
549
635
528
685
507
646
536
505
698
495
537
488
645
647
626
373
357
730
732
580
644
375
742
372
543
738
527
519
528
840
531
840
654
844
646
627
846
628
850
773
848
777
557
778
551
641
864
638
642
626
608
581
494
577
579
622
591
832
579
833
835
923
838
924
924
734
927
681
578
564
660
862
663
658
880
965
573
965
576
968
673
975
979
728
717
1165
700
1169
989
1173
988
935
1177
936
931
966
957
731
733
944
948
746
749
746
760
752
754
734
692
735
695
730
691
725
990
1273
982
980
745
978
734
981
736
1108
737
1103
732
1107
1314
1109
1317
1110
1319
1014
1323
1326
1026
1327
1027
1331
1031
1035
1346
1050
1348
1054
1345
1056
1349
1343
1381
1346
1384
1377
1193
1079
1083
1383
1090
1346
1093
1345
1335
1104
1101
1335
1107
1337
1111
1339
1231
1338
1232
1417
1233
1421
1123
1421
1123
1124
1127
1429
1262
1242
1247
1248
1156
1471
1160
1474
1458
1475
1461
1175
1481
1179
1475
1479
1273
1274
1189
1269
1185
1187
1191
1194
1197
1199
1199
1206
1529
1533
1156
1532
1121
1527
1519
1104
1519
1523
1486
1467
1361
1469
1362
1462
1358
1463
1362
1464
1471
1369
1462
1362
1465
1362
1452
1358
1456
1359
1458
1358
1448
1359
1450
1362
1444
1365
1445
1360
1443
1360
1446
1364
1449
1363
1449
1355
1450
1353
1448
1356
1335
1333
1369
1373
1472
1344
1345
1338
1337
1340
1401
1336
1402
1320
1403
1321
1407
1323
1408
1312
1409
1407
1411
1415
1542
1412
1539
1406
1542
1537
1541
1547
1359
1548
1360
1549
1363
1367
1368
1370
1857
1567
1564
1566
1469
1472
1474
1469
1769
1471
1475
1481
1485
1486
1490
1493
1496
1496
1931
1499
1923
1495
1926
1496
1930
1500
1933
1503
1935
1505
1937
1917
1918
1918
2077
1833
1530
1837
1532
1834
1536
1944
1540
1946
1943
1719
1940
1723
1862
1727
1866
1730
1866
1858
1741
1865
1744
1741
1744
1885
1884
1757
1879
1755
1883
1755
1886
1758
1890
1752
1894
1752
1892
1749
1895
1752
1893
1752
1892
1748
1895
1752
1898
1902
1763
1682
1681
1685
1919
1923
1772
1926
1773
1929
1770
1925
1768
1929
1770
1930
1771
1929
1762
1930
1765
1922
1761
1925
1765
1917
1760
1919
1753
1911
1750
1914
1912
1910
1911
1909
1910
2348
1912
2345
1910
2344
1910
2335
1912
2334
1914
2334
1915
2333
1915
2337
1914
2341
1916
2340
2336
2333
2336
2332
2332
2332
2332
2336
2336
2340
2347
2344
2348
2348
2339
2352
2332
2327
2365
2350
2348
2354
2357
2365
2367
2065
2368
2069
2372
2072
2363
2065
2352
2051
2354
2049
2349
2052
2351
2056
2351
2058
2327
2059
2330
2325
2329
2330
2334
2088
2456
2093
2427
2095
2402
2400
2110
2370
2373
2408
2380
2409
2413
2412
2139
2138
2146
2414
2147
2414
2418
2419
2423
2425
2430
2180
2425
2179
2424
2427
2423
2426
2429
2433
2436
2438
2442
2441
2445
2446
2445
2447
2447
2451
2450
2445
2446
2442
2438
2437
2439
2439
2435
2435
2438
2442
2445
2445
2446
2446
2450
2453
2454
2453
2455
2452
2452
2452
2436
2429
2437
2440
2444
2447
2451
2449
2451
2445
2449
2449
2451
2993
2975
2978
2973
2977
2783
2976
2781
2979
2756
2974
2746
2971
2737
2962
2729
2957
2722
2956
2710
2930
2708
2932
2700
2936
2692
2928
2690
2932
2688
2933
2683
2935
2667
2935
2657
2934
2661
2929
2663
2927
2667
2931
2662
2930
2661
2922
2638
2926
2641
2930
2644
2925
2639
2923
2620
2925
2914
2916
2920
2914
2908
2904
2901
2902
2903
2903
2905
2906
2897
2886
2889
2874
2878
2880
2878
2865
2867
2859
2863
2854
2855
2856
2852
2848
2846
2834
2836
2833
2828
2829
2816
2820
2819
2810
3499
3502
3506
3510
3511
3509
3513
3513
3516
3520
3524
3526
3666
3528
3639
3528
3628
3519
3591
3513
3470
3517
3462
3520
3459
3523
3436
3523
3382
3527
3368
3531
3368
3534
3357
3538
3305
3530
3526
3527
3529
3530
3533
3536
3530
3529
3530
3534
3538
3540
3539
3536
3534
3538
3542
3543
3547
3546
3550
3553
3553
3556
3558
3562
3565
3569
3572
3575
3577
3580
3584
3586
3576
3580
3582
3582
3586
3586
3588
3592
3592
3590
3593
3594
3582
3585
3589
3585
3584
3588
3589
3575
3578
3574
3577
3578
3582
3585
3589
3586
3589
3589
3556
5
5
12
11
21
27
9
39
35
53
48
50
48
57
61
62
64
21
77
17
99
82
94
25
77
58
81
94
84
133
116
66
91
97
78
80
74
35
48
82
116
116
128
62
121
74
40
63
36
35
116
114
138
34
193
150
195
148
235
231
171
134
7
5
193
257
162
256
284
107
266
68
270
62
275
12
17
52
281
286
17
285
178
285
169
284
168
281
285
355
152
179
146
380
308
381
159
153
294
155
292
295
298
413
417
49
407
38
411
399
397
335
404
318
268
466
122
470
98
472
93
266
272
250
443
250
432
237
436
432
508
434
510
254
514
518
461
472
463
122
115
278
107
275
84
236
536
213
530
502
515
118
531
122
607
500
519
472
506
503
505
270
406
263
283
263
653
651
652
582
580
205
197
581
630
580
630
583
630
634
290
635
275
234
702
705
605
709
706
618
620
658
662
260
664
262
727
672
728
653
732
641
730
645
734
647
640
781
672
750
669
759
540
757
680
754
675
676
693
677
697
698
702
687
684
688
682
689
685
692
693
794
796
799
709
807
711
813
714
816
716
813
715
815
713
819
717
650
705
652
834
580
836
503
838
591
840
842
951
735
848
842
961
965
744
967
742
954
741
742
848
966
843
750
845
842
569
838
762
839
765
836
767
833
834
774
837
834
930
931
1026
927
1029
1029
801
805
806
806
892
995
845
823
1065
826
1062
826
1066
823
1066
1063
1059
839
1049
1049
1045
910
858
1052
861
1028
1023
1105
1022
1099
1002
1102
942
1100
944
1102
936
962
940
952
1028
935
1032
1022
919
1140
971
1144
973
1143
1148
1124
1152
1125
956
1117
958
1166
1074
1168
1171
1082
1140
984
1089
1153
1068
1067
972
1069
965
917
1210
913
1054
1180
1058
1057
1020
1021
1008
1083
945
1073
1078
1066
1220
1224
962
1227
959
1074
948
1078
923
1074
1078
1073
1093
1169
1092
1163
1089
960
1092
961
1096
1096
1104
1095
1102
1106
1194
1110
1189
1193
1195
1320
969
1128
1326
1130
1329
1133
1332
1135
1139
1344
1144
1147
1142
1118
1068
1252
1252
1156
1254
1153
1254
1148
1256
1151
1253
1150
1257
1147
1244
1227
1149
1219
1221
1426
1430
1255
1427
1246
1247
1258
1245
1259
1259
1228
1263
1230
1456
1224
1460
1218
1463
1269
1454
1273
1274
1288
1288
1555
1291
1566
1288
1278
1649
1273
1646
1322
1627
1617
1330
1620
1334
1610
1337
1340
1339
1621
1604
1548
1598
1547
1541
1644
1544
1647
1545
1338
1789
1391
1796
1797
1792
1688
1410
1410
1369
1367
1365
1602
1600
1604
1411
1409
1435
1407
1426
1387
1423
1390
1392
1629
1629
1633
1758
1757
1480
1645
1484
1648
1652
1652
1656
1477
1481
1438
1485
1436
1435
1517
1438
1517
1466
1519
1449
1444
1693
1448
1492
1455
1458
1498
1712
1537
1715
1539
1536
1540
1866
1513
1514
1549
1552
1748
1548
1746
1550
1747
1749
1882
1752
1880
1883
1542
1882
1534
1879
1583
1886
1580
1890
1581
1888
1573
1574
1573
1901
1805
1799
1807
1593
1593
2114
1815
2117
1816
2120
1818
2124
1818
2119
1819
2121
1823
2122
2126
1948
2125
1948
1939
1939
1942
2142
1861
2146
1864
1867
1866
1871
1968
1875
1957
1878
1961
1960
2194
1963
1965
2191
2193
2181
1912
2162
1906
1899
1903
1997
2001
1998
2003
2188
1997
2184
2184
2012
1946
1943
1947
2030
2216
2210
1972
2214
1976
2218
1978
2212
1979
1982
1986
1991
1993
1994
2092
2096
2243
2093
2240
2096
2243
2232
2027
2033
2239
2036
2241
2038
2236
2040
2239
2043
2240
2041
2239
2044
2242
2048
2246
2040
2242
2041
2244
2045
2239
2239
2239
2225
2188
2213
2190
2213
2188
2191
2519
2193
2512
2515
2095
2096
2089
2219
2103
2225
2107
2229
2110
2232
2236
2236
2241
2240
2139
2296
2299
2301
2267
2270
2269
2171
2275
2173
2279
2172
2280
2170
2279
2173
2279
2170
2171
2178
2183
2665
2187
2669
2189
2671
2193
2669
2186
2668
2326
2329
2322
2571
2571
2547
2329
2702
2329
2332
2713
2577
2569
2547
2357
2551
2358
2362
2478
2555
2468
2453
2547
2456
2459
2430
2437
2435
2412
2416
2420
2420
2423
2427
2829
2428
2833
2427
2426
2407
2412
2496
2414
2495
2498
2495
2850
2506
2857
2510
2855
2503
2856
2505
2859
2508
2501
2506
2506
2494
2497
2498
2497
2497
2906
2898
2750
2893
2743
2896
2733
2887
2736
2873
2736
2869
2739
2873
2742
2872
2741
2875
2743
2870
2745
2868
2749
2861
2752
2746
2747
2744
2744
2720
2725
2710
2709
2690
2623
2696
2627
2700
2687
2676
2680
2684
2672
2930
2920
2922
2925
2922
2926
2930
2928
2926
2924
2899
2900
2901
2904
2904
2899
2901
2895
2897
2901
2905
2909
2898
2900
2887
2890
2890
2880
2877
2878
2871
2869
2867
2869
2859
2852
2849
2842
2846
3471
3470
3470
3456
3457
3453
3453
3457
3449
3450
3451
3455
3457
3460
3464
3467
3467
3471
3468
3472
3474
3467
3470
3471
3470
3474
3475
3469
3473
3475
3479
3478
3475
3473
3474
3472
3471
3458
3459
3461
3450
3451
3435
3438
3442
3444
3448
3449
3445
3447
3451
3447
3444
3446
3445
3446
3450
3453
3457
3452
3453
3457
3457
3460
3460
3458
3455
3457
3454
3458
3457
3461
3456
3454
3452
3449
3451
3454
3452
3454
3456
3460
3449
3453
3451
3455
3458
3460
3452
3448
3452
3456
3440
3444
3447
3446
3450
3454
3458
3462
3461
3456
3460
6
9
9
14
12
17
33
17
21
26
23
54
17
68
30
72
84
75
81
77
98
85
12
86
51
104
97
106
98
27
99
17
103
140
128
120
134
137
169
157
136
122
133
119
135
129
132
199
135
139
196
152
186
135
227
226
210
219
216
195
73
204
247
205
203
209
189
250
224
172
216
154
142
142
264
120
115
51
224
219
266
280
270
293
283
284
266
272
270
268
263
266
257
303
5
263
269
371
269
371
248
233
282
191
284
188
289
177
5
282
284
31
286
33
263
382
241
384
17
380
5
221
385
392
285
272
212
36
32
241
24
23
481
475
391
448
376
274
368
267
368
252
255
46
239
33
285
538
477
478
199
130
543
538
540
64
63
66
282
554
280
258
444
251
256
413
409
238
407
226
404
366
651
640
637
562
564
222
206
362
341
324
325
671
673
306
631
663
634
665
669
276
633
731
632
680
636
650
637
647
639
679
647
717
651
720
652
721
654
720
650
662
665
724
661
765
769
734
813
740
742
683
673
742
670
745
662
748
842
730
825
772
826
775
815
819
791
821
806
796
796
902
798
906
905
907
833
836
833
836
829
800
931
934
849
937
852
848
802
850
803
805
808
773
565
544
846
835
791
887
793
886
884
577
792
574
777
769
857
583
861
575
579
780
885
1045
926
930
915
908
887
881
808
943
886
885
853
620
939
612
929
1063
931
890
878
878
887
863
1090
862
972
977
888
980
881
784
1115
995
1116
1000
796
1004
764
1006
764
765
952
940
1121
1124
1024
951
1027
1152
958
782
964
789
769
1159
965
1160
1055
949
1057
1052
1185
1058
1051
1049
1052
1204
986
951
1228
947
1218
1220
1067
1071
1222
1225
958
1227
933
1227
896
896
1245
1244
1097
842
1088
846
1092
850
1098
1260
1098
1264
1099
1267
1267
1267
1270
1289
1270
1293
1295
1193
1128
1188
1130
1131
1292
1296
1293
1330
1480
1476
1306
1479
1307
1311
1226
1310
1200
1204
1488
1196
1492
1490
1490
1481
1230
1480
1234
1212
1408
1045
1411
1047
1400
1498
1235
1488
1415
1488
1418
1419
1261
1495
1496
1468
1276
1276
1501
1501
1320
1316
1287
1288
1458
1459
1458
1299
1506
1503
1348
1541
1349
1342
1547
1549
1325
1550
1327
1550
1329
1332
1530
1530
1343
1343
1547
1721
1357
1721
1716
1727
1568
1720
1569
1570
1382
1386
1583
1386
1586
1457
1572
1458
1397
1442
1399
1605
1398
1608
1594
1604
1595
1604
1596
1463
1591
1457
1583
1453
1426
1627
1426
1427
1635
1420
1626
1671
1630
1673
1628
1676
1678
1573
1680
1575
1684
1558
1561
1558
1697
1559
1698
1562
1699
1562
1698
1552
1699
1551
1692
1535
1684
1537
1688
1504
1685
1506
1689
1497
1688
1496
1495
1499
1503
1505
1504
1500
1498
1504
1743
1745
1749
1747
1749
1750
1754
1750
1752
1753
1920
1754
1910
1756
1900
1750
1899
1754
1899
1753
1899
1749
1901
1749
1890
1752
1880
1756
1880
1755
1864
1758
1852
1757
1846
1761
1845
1837
1620
1838
1840
1899
1897
1789
1904
1793
1792
1784
1782
1877
1782
1888
1936
1891
2168
1895
2162
1891
2162
1809
2161
1806
2164
1802
1967
1782
1971
1913
1975
1888
1976
1888
2191
1886
2195
1871
2189
1815
2191
1815
1818
1890
1892
1883
1844
1876
1827
1879
1827
1876
1830
1880
1883
2091
2094
2096
1916
1903
1847
1843
1847
1914
2121
1865
2113
1868
1873
2121
1873
2123
2121
2135
2124
2138
2127
2131
2135
2130
1982
1976
1986
1980
1968
1982
1985
2161
2164
2154
2168
2151
2172
2142
2144
1989
2147
1986
1980
2009
1982
2001
1982
1996
2000
2005
2212
2203
2190
2196
2151
2197
2229
2153
2153
2149
2148
2557
2225
2560
2226
2227
2572
2226
2230
2090
2233
2093
2090
2190
2187
2184
2610
2267
2197
2269
2186
2260
2170
2173
2141
2646
2280
2654
2286
2277
2155
2275
2210
2278
2190
2191
2284
2195
2278
2199
2278
2267
2270
2270
2274
2270
2276
2279
2282
2285
2287
2286
2290
2286
2284
2288
2461
2292
2460
2293
2461
2294
2459
2296
2462
2464
2468
2810
2456
2808
2459
2807
2458
2808
2453
2812
2457
2810
2453
2812
2456
2809
2456
2811
2456
2812
2460
2814
2462
2818
2460
2820
2463
2824
2466
2820
2467
2824
2465
2819
2467
2816
2467
2820
2466
2824
2468
2821
2452
2822
2445
2826
2449
2829
2450
2830
2448
2829
2452
2832
2451
2831
2454
2833
2837
2837
2839
2843
2846
2849
2839
2825
2829
2833
2837
2837
2833
2832
2834
2835
2832
2830
2827
2828
2831
2835
2837
2841
2844
2848
2852
2852
2856
2855
2846
2850
2853
3103
2856
3008
2858
2872
2862
2817
2859
2803
2852
2777
2855
2660
2845
2848
2850
2852
2856
2857
2856
2711
2860
2862
2858
2862
2860
2864
2862
2865
2864
2859
2861
2858
2854
2856
2859
2860
2863
2854
2858
2853
2856
2858
2855
2849
2852
2850
2845
2849
2847
2831
2834
3354
3357
3360
3356
3360
3363
3367
3369
3370
3357
3349
3353
3356
3359
3353
3352
3356
3358
3360
3364
3356
3348
3349
3333
3329
3328
3328
3323
3321
3324
3313
3316
3320
3323
3324
3326
3328
3319
3315
3317
3319
3315
3316
3316
3314
3315
3313
3314
3315
3317
3309
3312
3314
3318
3320
3323
3321
3323
3326
3330
3331
3332
3335
3338
3340
3340
3337
3340
3333
3323
3325
3328
3331
3332
3332
3336
3337
3339
3342
3338
3340
3341
3344
3348
3352
3355
3353
3357
3358
5
5
12
10
9
26
30
34
31
27
28
48
31
56
34
30
64
68
15
44
8
56
5
53
77
66
69
72
70
97
56
88
108
87
86
15
84
89
74
74
73
51
55
29
103
182
140
171
120
159
113
107
83
108
203
110
230
214
239
162
245
248
137
251
67
126
43
19
37
269
247
271
228
232
184
49
286
178
290
294
183
177
30
174
176
326
330
315
285
297
75
151
18
331
19
301
298
339
334
256
256
253
400
184
380
372
168
171
362
361
339
336
16
375
195
195
390
88
12
399
5
401
366
222
369
224
219
421
425
409
423
34
413
233
397
215
396
387
195
207
392
208
191
171
163
429
159
413
398
6
482
6
470
185
140
484
517
486
519
490
516
516
465
519
462
452
529
456
482
486
548
495
552
498
555
486
558
490
506
492
508
473
509
446
569
400
569
487
565
478
524
583
423
586
590
662
589
649
652
553
547
548
528
612
547
615
539
612
536
547
517
497
699
702
484
375
637
350
640
717
643
702
699
698
698
651
692
640
687
641
643
793
780
711
780
713
713
779
713
781
715
719
592
715
595
705
596
589
699
682
682
434
762
436
766
764
737
767
733
705
724
707
711
849
468
845
850
804
837
488
997
440
999
431
1000
848
1002
1002
692
1000
696
1004
696
680
866
681
855
850
897
708
894
702
670
1085
714
694
690
1085
1084
918
917
691
650
654
917
1093
919
1096
1133
1099
1137
1089
1091
663
1094
662
629
635
620
620
603
997
675
1183
659
613
1008
1008
1193
1195
626
674
991
672
987
987
991
1221
994
1214
1206
1191
1184
677
1185
1179
1026
1024
1252
1183
1247
700
1250
1074
1217
1077
1194
1169
1166
1183
1046
1062
1050
1096
1050
1097
935
1057
1105
1058
1106
1060
1105
1101
1108
1103
960
1102
930
912
1076
1068
1341
1071
1138
1347
1124
1339
1131
1330
1135
1265
1339
1251
1336
1338
1342
1156
1344
1344
1346
1166
1348
1352
1188
1356
1153
1177
1157
1180
1201
1182
1172
1176
1181
1407
1168
1409
1166
1412
1164
1416
1165
1157
1216
1220
1160
1232
1163
1227
1158
1230
1162
1225
1222
1209
1179
1154
1322
1157
1326
1235
1295
1227
1231
1231
1219
1218
1209
1210
1210
1207
1205
1204
1207
1208
1209
1587
1590
1247
1215
1216
1190
1231
1214
1645
1202
1649
1653
1518
1214
1512
1211
1190
1187
1678
1528
1526
1626
1528
1533
1632
1531
1634
1531
1638
1639
1539
1624
1543
1612
1542
1615
1615
1521
1517
1515
1728
1720
1711
1742
1717
1586
1717
1586
1705
1710
1593
1712
1596
1716
1583
1583
1790
1586
1585
1582
1700
1700
1746
1748
1591
1750
1594
1597
1823
1756
1826
1757
1720
1761
1708
1765
1710
1706
1628
1860
1630
1861
1629
1850
1426
1844
1843
1739
1843
1743
1744
1748
1832
1859
1834
1829
1832
1828
1845
1825
1826
1828
1791
1755
1905
1743
1902
1905
1724
1905
1727
1730
1856
1729
1864
1856
1846
1938
1940
1756
1940
1760
1764
1944
1870
1860
1865
1869
1835
1854
1829
1802
1832
1804
1979
1807
1980
1983
1983
1889
1990
1887
1883
1871
1879
1844
1840
1851
1853
2026
2003
2003
1898
1900
1874
1904
1868
1907
1870
1906
1854
1858
1861
2045
2045
2076
2047
2080
2083
1878
2084
1879
1886
2091
1887
2081
2071
2076
1897
2057
1901
2055
1903
2044
1899
2047
1902
1903
1999
1905
2002
1899
2005
2008
2067
2074
2086
2086
2090
2090
2040
2093
2042
2097
2043
2033
2014
2201
2125
2198
2202
2127
2204
2207
2233
2045
2211
2040
2216
2215
2041
2211
2037
2215
2033
2212
2209
2211
2208
2215
2199
2219
2203
2189
2189
2186
2265
2204
2117
2206
2207
2187
2211
2189
2213
2196
2219
2211
2203
2205
2209
2096
2139
2220
2130
2215
2219
2307
2191
2311
2311
2236
2311
2237
2235
2148
2227
2150
2151
2154
2140
2244
2242
2350
2354
2351
2251
2274
2278
2267
2290
2262
2262
2392
2377
2375
2324
2378
2328
2381
2328
2319
2393
2325
2392
2329
2396
2333
2397
2334
2396
2329
2384
2327
2379
2329
2376
2332
2379
2335
2382
2334
2381
2338
2384
2341
2383
2332
2387
2336
2387
2340
2381
2341
2383
2340
2386
2338
2380
2384
2406
2387
2409
2386
2413
2379
2417
2381
2402
2384
2388
2388
2392
2392
2393
2384
2397
2399
2403
2562
2565
2569
2573
2577
2575
2577
2570
2573
2577
2581
2583
2581
2582
2585
2580
2583
2584
2583
2583
2584
3003
3005
3002
2998
2994
2988
2986
2986
2984
2988
2988
2988
2980
2984
2980
2983
2985
2971
2970
2970
2974
2975
2959
2948
2945
2935
2939
2937
2937
2940
2931
2926
2929
3514
3517
3518
3519
3520
3520
3521
3518
3518
3521
3524
3526
3527
3531
3534
3537
3539
3541
3538
3542
3531
3523
3508
3507
3510
3511
3511
3509
3508
3511
3515
3509
3512
3511
3510
3513
3516
3520
3517
3516
3514
3514
3518
3520
3516
3515
3516
3505
3506
3510
3514
3514
3518
3522
3525
3523
3525
3526
3519
3345
3523
3341
3521
3345
3524
3346
3523
3338
3523
3339
3522
3341
3523
3342
3527
3339
3517
3338
3506
3341
3509
3344
3498
3346
3498
3346
3499
3336
3495
3333
3499
3336
3500
3336
3503
3340
3504
3321
3506
3508
3506
3506
3507
3510
3512
3511
3510
3513
3513
3513
3515
3516
3503
3504
3500
3504
3498
3498
3495
3498
3498
3491
3485
3489
3492
3494
3498
3499
3503
3500
3487
3491
3495
4421
4302
4247
4191
4046
3996
3998
8
5
5
18
6
11
6
29
20
27
15
19
35
33
36
61
46
70
48
14
59
67
57
82
87
82
83
73
66
67
32
100
102
102
97
95
77
75
76
117
122
120
140
124
140
132
81
143
143
66
146
28
135
135
41
8
19
217
212
18
157
152
161
165
27
9
165
176
233
212
179
213
25
288
287
95
290
91
72
194
296
193
310
48
314
158
92
52
302
309
312
298
46
17
14
231
294
47
41
27
363
341
345
205
31
322
366
370
185
334
338
348
379
352
383
344
52
300
304
406
407
217
27
188
186
420
417
422
435
204
334
445
447
344
481
346
459
315
446
450
137
85
511
78
498
70
500
53
500
355
75
360
43
336
36
314
314
314
512
292
512
289
515
276
514
276
505
243
230
647
568
644
570
646
534
648
517
630
520
522
252
525
240
208
606
594
537
595
541
210
542
549
210
205
656
690
660
629
664
669
621
625
711
601
682
679
718
691
692
694
626
689
690
703
706
698
756
694
760
758
760
757
722
725
674
676
769
678
671
735
730
722
701
703
702
697
700
774
778
711
772
714
711
832
781
836
781
833
779
776
778
787
780
780
785
780
807
787
807
785
813
777
815
763
817
767
821
765
821
768
813
766
817
770
820
814
766
818
703
787
697
585
830
830
956
951
534
955
531
519
859
866
964
869
847
872
839
840
604
575
883
851
882
850
884
835
885
821
887
822
889
820
887
891
1010
895
987
976
1064
1068
908
908
841
909
838
992
837
995
834
997
998
1005
1007
832
994
822
971
811
789
784
1039
1017
1003
984
998
988
1001
988
984
813
800
1007
782
1011
785
1010
1004
1026
1007
1033
1032
1006
1010
811
1036
803
1031
795
1039
798
1139
1139
1049
1143
1051
1055
1055
1056
1056
1158
1060
1158
1057
1160
840
1067
838
841
1176
1180
1177
1100
1102
1105
1094
1336
1339
1116
1341
1110
1101
1105
1113
1102
1111
1108
1102
1103
1124
1102
1127
1101
1097
1100
1103
1100
1101
1424
1289
1428
1288
1427
1287
1288
1182
1439
1183
1436
1437
1262
1435
1263
1264
1298
1300
1148
1447
1301
1304
1225
1290
1225
1181
1470
1232
1176
1232
1169
1236
1173
1327
1329
1187
1240
1242
1511
1246
1500
1235
1504
1504
1508
1395
1391
1369
1338
1523
1523
1527
1273
1522
1271
1416
1265
1418
1420
1265
1258
1279
1261
1262
1266
1555
1558
1559
1270
1409
1404
1463
1458
1439
1281
1437
1283
1435
1282
1445
1607
1449
1444
1448
1375
1306
1374
1306
1309
1644
1309
1647
1646
1496
1498
1501
1495
1413
1499
1404
1405
1355
1686
1509
1690
1510
1674
1430
1680
1431
1683
1431
1680
1687
1689
1544
1693
1542
1538
1578
1541
1581
1545
1583
1586
1466
1432
1465
1431
1566
1448
1444
1741
1582
1745
1585
1741
1585
1740
1739
1740
1605
1758
1658
1662
1664
1619
1665
1622
1669
1622
1610
1604
1680
1686
1690
1805
1807
1808
1812
1644
1815
1648
1650
1653
1833
1663
1836
1667
1839
1666
1838
1669
1838
1665
1836
1665
1839
1659
1825
1663
1824
1663
1825
1667
1820
1824
2172
1826
2171
2173
2172
2154
1819
2157
1821
2157
1818
1822
1720
1825
1718
1717
1877
1719
1881
1878
1879
2199
2203
2202
2209
1877
2213
1864
2210
1865
1867
1928
1928
1884
1933
1879
1937
1880
1941
1880
1944
1876
1944
1875
1947
1868
1951
1868
1955
1869
1959
1854
1854
1857
1981
1984
1983
1986
2319
1989
2311
1990
2312
1991
2313
1991
2314
1995
2317
1999
2315
2001
2319
2004
2322
2006
2323
2006
2325
2008
2326
2012
2323
2013
2327
2013
2325
2016
2323
2012
2315
2015
2312
2013
2309
2015
2311
2019
2315
2019
2319
2023
2321
2012
2317
2016
2306
2019
2303
2020
2303
2023
2301
2021
2303
2302
2298
2293
2290
2294
2291
2293
2297
2298
2302
2305
2307
2310
2314
2311
2311
2315
2312
2312
2315
2319
2316
2320
2316
2313
2316
2319
2316
2315
2316
2311
2310
2300
2303
2307
2310
2313
2317
2318
2321
2324
2327
2331
2335
2334
2337
2338
2339
2342
2338
2331
2332
2335
2338
2333
2324
2327
2331
2327
2330
2332
2330
2754
2648
3183
2868
3174
2837
3165
2820
3154
2809
3145
2807
3148
2807
3145
2792
3147
2776
3148
2766
3152
2747
3150
2688
3148
2682
3151
2681
3140
3144
3147
3136
3137
3133
3114
3108
3096
3089
3090
3090
3081
3070
3074
3067
3064
3048
3039
3042
3043
3045
3012
3011
3010
3008
3002
3001
3004
3007
3011
3008
3005
3007
3006
3005
2969
2968
2970
2972
2964
2949
2950
2940
2927
2917
3454
3458
3452
3445
3428
3430
3429
3428
3432
3422
3425
3418
3418
3422
3421
3425
3414
3406
3409
3408
3402
3388
3385
3389
3392
3389
3393
3396
3400
3395
3394
3396
3387
3386
3388
3391
3393
3393
3394
3394
3396
3397
3388
3390
3387
3379
3383
3384
3385
3366
3363
3363
3365
3355
3358
3353
3348
3351
3335
3324
3309
3296
3280
3277
3272
3838
3827
3826
3821
3821
3825
3809
3809
3799
3800
3801
3789
3787
3789
3791
3784
3782
3785
3777
3777
3775
3779
3766
3768
3771
3775
3770
3768
3766
3747
3750
3751
3754
3757
3759
3756
3760
3764
3765
3767
3767
3762
3758
3755
3756
3750
3742
3737
3685
3688
3685
3688
3692
3695
3680
3682
3677
3679
3678
3681
3685
3674
3676
3664
3668
3665
3669
3673
3673
3670
3673
3675
3653
4066
4067
4065
4058
4035
4031
3948
5
5
18
15
33
23
32
46
41
52
45
24
63
54
54
44
56
39
21
23
19
97
39
62
33
49
101
52
31
14
127
11
124
27
45
125
26
137
14
135
18
134
146
149
27
86
155
65
44
50
5
29
152
37
35
7
32
222
25
179
12
5
178
174
5
219
187
219
241
179
177
152
11
30
60
31
37
227
32
95
313
98
293
92
262
325
300
329
302
92
300
299
107
104
104
311
101
315
64
47
313
316
376
44
325
6
307
396
399
402
326
22
328
331
26
333
18
336
5
439
441
423
436
434
210
435
170
167
374
449
164
449
117
23
394
397
252
241
530
530
146
134
413
542
417
543
540
495
66
64
541
540
507
540
69
544
544
538
535
539
547
531
609
546
601
601
218
553
600
221
568
207
626
313
631
627
602
595
612
591
616
595
663
424
665
680
608
683
632
688
478
637
473
698
656
482
659
480
480
715
467
728
432
346
737
336
731
725
755
746
762
741
764
762
295
298
381
380
773
775
762
761
752
735
786
788
349
744
352
352
817
773
821
429
415
417
813
781
813
531
787
789
423
517
399
505
402
803
796
407
857
442
787
839
790
843
794
832
796
829
798
817
794
802
786
802
784
799
767
790
769
782
770
768
766
762
967
791
969
786
969
788
964
787
787
977
783
981
776
772
805
1024
787
1022
781
1025
1003
1026
1003
1017
789
1019
1021
1017
1020
1028
1022
1031
1035
1039
823
1036
822
819
822
1067
829
1064
833
1068
836
1057
1055
1086
1090
1114
1096
1109
1099
1112
1100
1097
1091
1091
1097
901
903
1134
904
1120
1123
1188
905
1186
909
914
1178
913
917
921
1151
919
1153
1155
1123
1218
1124
1209
1119
1200
1178
1201
1179
1200
1182
1208
1176
1177
1168
977
974
1162
1162
1233
1237
1241
1195
1238
1007
1244
1244
1251
1018
1254
1018
1255
1259
1242
1234
1238
1238
1336
1246
1241
1286
1228
1280
1283
1262
1263
1264
1453
1447
1276
1454
1452
1443
1268
1272
1326
1273
1327
1271
1319
1408
1315
1302
1239
1234
1434
1334
1434
1322
1432
1322
1435
1324
1324
1327
1445
1364
1186
1280
1449
1274
1448
1273
1360
1458
1363
1461
1216
1214
1215
1476
1479
1430
1473
1434
1476
1435
1471
1439
1472
1439
1442
1439
1345
1347
1432
1436
1437
1453
1466
1456
1468
1373
1437
1373
1425
1381
1379
1544
1548
1325
1485
1311
1489
1315
1491
1317
1490
1491
1404
1390
1579
1384
1582
1334
1504
1327
1502
1398
1338
1402
1401
1384
1611
1614
1337
1618
1332
1332
1400
1402
1384
1551
1380
1553
1557
1644
1557
1558
1657
1559
1554
1662
1557
1660
1555
1652
1558
1654
1562
1556
1560
1560
1566
1446
1439
1681
1682
1681
1681
1691
1719
1687
1852
1689
1849
1680
1849
1484
1845
1848
2040
1753
2043
1753
1743
1709
1746
1712
1716
1874
1878
2069
1882
2073
1764
2064
1763
2066
1765
1767
1771
1755
1773
1738
1742
1745
1786
1746
1788
1741
1782
1745
1781
1739
1785
1735
1731
1732
1966
1968
1806
1807
1809
1990
1811
1990
1997
1819
1999
1821
1986
1825
1984
1829
1988
1829
1992
1833
1987
1836
1991
1838
1991
1830
1993
1829
1990
1832
1991
1835
1994
1839
1996
1838
1998
1830
2002
1828
1998
1832
2001
2004
1853
2293
1854
2295
1851
2208
1851
2197
1841
2136
1843
2115
1999
1851
1995
1999
2057
2059
1863
2063
1866
1870
2092
2066
1833
2069
1829
2042
1833
2039
2035
1956
1959
2053
2113
2109
1919
1919
2056
1922
2057
1923
2056
2050
1963
1967
2133
1926
2136
1927
2139
2136
2142
1961
1963
1965
2093
2092
2094
1964
2092
2173
2173
1982
2176
1984
2175
1987
1989
2106
1989
2110
2113
2114
2113
2134
2114
2137
2112
2123
2094
2213
2092
2214
2217
2034
2099
2026
2095
2225
2099
2228
2231
2228
2232
2237
2173
2177
2251
2178
2252
2181
2251
2255
2213
2254
2214
2216
2208
2198
2158
2201
2158
2281
2157
2284
2285
2245
2249
2165
2157
2158
2235
2263
2236
2239
2327
2285
2330
2276
2325
2279
2282
2278
2281
2255
2256
2258
2359
2259
2363
2364
2368
2367
2319
2368
2321
2323
2381
2297
2301
2298
2302
2341
2298
2343
2343
2344
2350
2415
2418
2422
2429
2334
2375
2436
2441
2445
2448
2447
2447
2450
2454
2459
2465
2464
2467
2464
2468
2470
2472
2445
2475
2461
2464
2468
2466
2470
2470
2474
2517
2519
2523
2524
2519
2523
2976
2526
2977
2527
2960
2527
2930
2931
2931
2934
2928
2930
2930
2907
2900
2890
2878
2867
2871
2875
3134
2874
3138
2847
3127
2826
3127
2824
3126
2822
3126
2814
3130
2818
3133
2777
3127
2776
3131
2767
3126
2740
3130
2735
3128
2735
3132
2731
3136
2733
3137
2733
3139
2734
3143
2738
3147
2741
3150
2743
3154
2747
3158
2732
3162
2733
3164
2722
3156
3154
3147
3137
3122
3124
3128
3132
3135
3138
3141
3143
3140
3144
3144
3148
3145
3149
3141
3140
3138
3142
3145
3148
3150
3150
3139
3142
3146
3148
3146
3145
3149
3145
3148
3148
3149
3151
3147
3149
3149
3151
3143
3135
3134
3137
3140
3143
3147
3149
3150
3154
3157
3158
3157
3161
3159
3158
3135
3130
3115
3110
3109
3107
3111
3115
3119
3315
3123
3306
3127
3286
3130
3283
3132
3282
3134
3270
3132
3265
3135
3259
3131
3262
3128
3264
3125
3257
3128
3260
3130
3234
3123
3238
3124
3192
3124
3192
3192
3175
3176
3167
3151
3928
3898
3827
3780
3783
3741
5
5
13
6
10
8
27
32
19
24
40
47
8
63
27
65
66
25
85
92
85
20
74
80
76
42
33
58
92
33
123
130
110
78
101
99
56
158
6
144
69
64
170
152
179
146
183
79
181
79
18
56
16
150
64
227
144
230
144
80
242
68
68
68
202
251
255
80
259
82
68
5
49
55
36
271
202
267
190
268
166
286
147
5
320
73
327
65
309
336
310
335
313
136
13
109
343
333
308
333
299
121
299
380
6
381
61
359
392
358
357
348
359
378
357
364
360
368
321
371
162
358
318
340
329
445
446
343
336
298
342
71
469
337
54
50
51
12
492
60
62
361
488
5
39
257
212
202
386
387
206
201
580
582
578
581
577
106
576
585
581
592
580
594
583
587
591
592
598
236
602
221
215
636
604
213
646
213
191
658
651
177
653
177
175
673
638
666
663
661
678
668
677
658
680
682
689
677
680
579
480
448
693
435
692
432
429
392
626
617
729
731
718
721
629
631
741
610
745
610
748
747
776
751
778
758
782
631
786
631
787
584
833
572
830
519
831
832
509
834
512
803
517
831
517
859
487
484
873
880
874
868
864
864
863
879
857
876
858
875
876
879
869
880
883
519
884
889
894
538
892
538
895
529
882
530
530
534
887
893
936
878
877
880
972
970
885
963
884
981
969
973
977
993
981
996
998
1009
1011
616
1013
612
606
1004
1024
998
1023
1000
1025
995
1029
997
1029
1024
1052
1025
1055
1058
1047
1062
1044
1048
1032
1036
1076
1036
1069
1072
1061
1107
1032
1111
1033
1029
1059
1028
1060
1064
1089
1064
1099
1063
1097
1147
1097
1095
1127
1083
1087
1123
1091
1114
1102
1098
1167
1101
1168
1143
1171
1114
1150
1153
1155
1171
1162
1170
1164
1165
1164
1246
1243
1148
1152
1186
1148
1189
1151
1190
1177
1118
1177
1066
1176
1067
1213
1071
1024
1212
1021
1204
1202
1198
1204
1199
1299
1203
1300
993
1296
992
1212
979
1204
1199
1193
1188
1177
1179
1255
1183
1258
1178
1260
1180
1251
1182
1254
1184
1257
1187
1259
1190
1262
1191
1262
1188
1264
1258
1262
1272
1276
1118
1263
1255
1428
1429
1433
1620
1434
1611
1596
1409
1412
1280
1282
1456
1276
1459
1280
1455
1456
1462
1464
1461
1464
1467
1463
1466
1330
1468
1331
1469
1329
1329
1347
1333
1350
1354
1355
1347
1354
1357
1543
1358
1359
1357
1360
1365
1567
1363
1564
1366
1562
1369
1564
1372
1565
1375
1555
1375
1559
1375
1557
1376
1559
1377
1554
1377
1555
1376
1555
1370
1559
1374
1560
1369
1371
1365
1370
1486
1489
1495
1498
1500
1669
1503
1663
1506
1667
1475
1671
1478
1661
1664
1633
1668
1628
1624
1628
1688
1637
1690
1625
1693
1628
1513
1629
1504
1489
1486
1714
1488
1718
1651
1720
1643
1717
1646
1650
1649
1522
1526
1661
1514
1657
1521
1659
1525
1657
1662
1655
1653
1647
1649
1653
1651
1677
1645
1680
1636
1670
1639
1654
1641
1627
1631
1612
1627
1601
1625
1629
1633
1636
1637
1640
1644
1649
1653
1655
1657
1898
1893
1893
1864
1857
1859
1858
1864
1866
1860
1863
1857
1851
1854
1855
1854
1848
1846
1834
1838
1842
1830
1825
1817
1815
1813
1813
2286
1812
2238
2227
2129
1831
2134
1834
2138
2129
2115
2114
2113
2078
2076
2077
2080
2069
2069
2066
2059
2056
2060
2062
2066
2052
2044
2047
2031
2025
2032
2036
2034
2031
2029
2024
2010
2013
2439
2443
2383
2329
2296
2253
2243
2231
2230
2222
2225
2219
2189
2187
2179
2614
2156
2595
2599
2601
2603
2606
2604
2603
2599
2595
2596
2600
2600
2592
2594
2593
2595
2599
2601
2601
2604
2598
2600
2601
2600
2600
2601
2599
2600
2603
2604
2603
2604
2606
2607
2611
2610
2610
2605
2607
2611
2615
2618
2620
2620
2624
2627
2631
2634
2634
2637
2637
2639
2641
2644
2647
2651
2654
2655
2659
2662
2665
2666
2668
2670
2674
2678
2678
2682
2678
2681
2676
2680
2684
2688
2690
2689
2693
2696
2696
2684
2685
2686
2688
2691
2693
2693
2696
2697
2690
2683
2681
2684
2688
3090
2692
3094
2690
3097
2692
3099
2696
3089
2699
3090
2700
3092
2704
3095
2706
3097
2710
3098
2713
3101
2716
3104
2720
3102
2722
3104
2726
3104
2724
3103
2727
3101
2726
3100
2726
3097
2726
3096
2730
3093
2733
3088
2735
3092
2738
3096
2739
3097
2733
3100
2737
3100
2740
3102
2744
3093
2748
3097
2743
3101
2743
3102
2743
3095
3099
3103
3107
3107
3110
3093
3097
3100
3101
3105
3105
3102
3105
3107
3109
3112
3115
3112
3115
3118
3119
3113
3114
3118
3120
3118
3117
3121
3115
3102
3103
3105
3108
3111
3108
3109
3111
3108
3109
3112
3116
3116
3117
3121
3125
3118
3121
3114
3117
3120
3118
3120
3122
3126
3126
3126
3130
3130
3127
3131
3132
3135
3139
3139
3139
3139
3140
3141
3139
3138
3123
3127
3128
3128
3132
3136
3140
5860
5863
5860
5864
5868
5839
5813
5805
5793
5795
5796
5798
5802
5805
5808
5811
5815
5813
5816
5820
5818
5817
5796
5796
5799
5798
5801
5804
5808
5805
5802
5801
5805
5803
5805
5805
5805
5793
5795
5792
5793
5793
5795
5794
5797
5800
5793
5795
5797
5796
5800
5804
5808
5810
5806
5805
5800
5793
5793
5794
5793
5797
5793
5795
5799
5803
5803
5805
5809
5810
5812
5816
5820
5819
5813
5802
5805
5808
5812
5799
5796
5794
5798
5802
5799
5797
5798
5787
5785
5786
5788
5783
5785
5
5
5
16
20
15
18
9
18
10
6
15
50
6
47
9
17
22
58
11
75
7
5
18
22
107
19
97
27
37
33
103
37
23
113
13
118
12
120
127
122
130
147
131
141
148
143
135
107
151
158
159
164
162
206
213
202
212
194
214
181
228
219
232
239
178
154
29
156
233
136
227
136
166
52
161
236
134
123
130
110
239
79
219
120
201
180
5
10
181
272
28
191
179
192
183
133
179
25
5
361
363
366
370
361
354
276
78
316
66
291
280
294
263
288
229
289
41
177
278
173
102
149
148
419
414
472
63
422
464
490
63
492
449
494
420
71
414
414
159
79
109
466
5
430
474
417
467
541
239
504
229
200
104
463
430
107
141
122
119
449
591
438
595
119
596
129
541
420
427
426
561
627
630
637
444
635
431
636
432
433
507
424
511
484
495
618
494
483
467
684
656
685
658
662
522
650
526
497
493
500
494
497
721
503
503
683
479
684
529
688
528
524
526
719
708
539
537
538
537
735
540
729
722
545
512
746
749
733
563
740
743
747
571
751
570
565
766
847
747
746
815
856
853
589
551
546
605
869
585
582
587
773
885
751
886
724
886
588
890
578
610
581
728
579
568
711
567
693
568
523
636
526
641
531
616
530
529
882
883
612
613
965
607
979
597
982
591
984
600
979
575
980
559
960
559
960
958
737
961
624
962
612
966
614
961
604
964
571
962
568
963
959
958
1018
960
1017
1021
1022
803
1152
785
1149
786
725
721
672
1053
716
1054
695
678
671
669
672
661
1192
675
1193
1197
1076
1071
1052
1207
1057
1201
700
1201
1205
1202
1080
1084
1088
1074
1099
1078
1100
1220
1100
1217
1217
1219
1225
1105
1219
1102
1091
1255
1092
1240
1239
1244
1234
1246
1238
1248
1241
1244
1235
1267
1180
1271
1268
1150
1259
1152
1261
1155
1264
1206
1262
1205
1204
1208
1217
1221
1171
1223
1175
1173
1301
1173
1300
1171
1303
1294
1248
1355
1245
1358
1249
1346
1253
1332
1332
1208
1209
1331
1213
1331
1217
1321
1315
1279
1283
1287
1241
1244
1251
1340
1251
1333
1334
1321
1337
1322
1325
1328
1334
1282
1329
1281
1321
1273
1263
1430
1267
1420
1423
1420
1388
1390
1345
1348
1277
1348
1279
1282
1437
1263
1436
1435
1416
1434
1414
1411
1369
1414
1369
1371
1285
1285
1457
1287
1458
1448
1434
1438
1392
1436
1391
1383
1303
1306
1475
1299
1479
1467
1471
1474
1309
1475
1291
1473
1267
1475
1271
1273
1339
1342
1345
1509
1512
1515
1513
1518
1509
1522
1309
1526
1302
1525
1275
1274
1392
1396
1392
1512
1546
1515
1549
1518
1552
1552
1555
1520
1524
1417
1526
1406
1410
1575
1413
1578
1576
1573
1578
1568
1571
1557
1543
1561
1561
1557
1563
1454
1444
1613
1616
1567
1615
1571
1575
1572
1467
1575
1470
1579
1473
1577
1571
1574
1568
1653
1570
1657
1570
1660
1568
1659
1662
1659
1663
1660
1680
1644
1649
1685
1650
1688
1649
1686
1647
1689
1649
1693
1643
1691
1644
1695
1647
1698
1643
1700
1645
1701
1649
1699
1651
1701
1654
1703
1658
1706
1649
1706
1645
1712
1649
1711
1644
1715
1648
1715
1650
1718
1648
1720
1718
1720
1663
1720
1667
1724
1670
1727
1671
1730
1673
1673
1685
1680
1683
1686
1774
1776
1780
1780
1776
1780
1767
1756
1755
1748
1750
1751
1751
2162
2166
1868
2168
1859
2170
1851
2171
1848
2174
1833
2178
1836
2162
1821
2157
1815
2155
1812
2159
1810
2161
1814
2157
1818
2161
2160
2158
2142
2144
2145
2149
2151
2153
2156
2152
2154
2158
2160
2161
2156
1942
2157
1943
2159
1943
2159
1946
2156
1943
2159
1942
2158
1938
2162
2159
2150
2151
2148
2149
2145
2148
2142
2146
2142
2144
2148
2150
2146
2139
2134
2127
2128
2132
2120
2120
2119
2119
2109
2110
2113
2117
2113
2117
2117
2107
2106
2102
2628
2628
2626
2612
2616
2620
2617
2620
2581
2583
2587
2586
2588
2577
2572
2573
2575
2578
2572
2562
2565
2548
2523
2525
2529
2529
2507
2499
2496
2491
2495
2492
2493
2485
2488
2487
2456
2456
2448
2452
2452
2443
2443
2443
2439
2436
2438
2436
2431
2432
2434
2436
2439
2431
2424
2946
2427
2946
2429
2950
2432
2950
2421
2953
2425
2955
2426
2939
2430
2943
2434
2947
2421
2944
2425
2947
2945
2942
2945
2948
2951
2953
2957
2958
2962
2958
2962
2962
2959
2961
2965
2969
2966
2968
2971
2975
2977
2978
2974
2977
2977
2979
2980
2982
2980
2984
2984
2986
2990
2994
2992
2990
2989
2992
2996
2997
3001
2999
2996
2999
3001
2994
2998
2983
2986
2983
2981
2983
2985
2980
2979
2979
2983
2987
2988
2992
2995
2998
2999
2999
3001
3002
3002
3001
3004
2996
2999
2979
2979
2978
2982
2982
2978
2976
2977
2977
2969
2966
2966
2964
2968
2970
2974
2967
2971
2973
2974
2974
2978
2981
2985
2989
2986
2986
2989
2990
2994
2997
3000
3002
3005
3008
3012
3010
3014
3018
3019
3012
2996
3592
3595
3597
3598
3590
3590
3594
3595
3587
3585
3584
3561
3560
3562
3563
3562
3561
3561
3556
3558
3557
3555
3553
3551
3551
3554
3551
3531
3532
3535
3536
3520
3521
3525
3503
3504
3505
3503
3507
3505
3507
3509
3502
3496
3494
3498
3502
3503
3506
3509
3503
3503
3506
3504
3494
3490
3481
3472
3473
3477
3476
3471
3460
3452
3442
3443
3446
3447
3450
3453
3450
3452
3450
3441
3443
3445
6
6
8
6
22
19
31
35
29
29
33
39
42
57
17
53
56
79
5
58
90
33
91
37
76
100
43
46
116
98
117
61
117
109
121
20
79
19
78
151
153
159
148
160
33
162
170
44
164
22
73
21
178
172
156
162
87
156
76
197
166
194
142
217
145
218
216
128
155
157
214
146
203
186
53
27
271
198
199
150
143
254
24
248
300
51
286
38
291
16
20
170
172
80
171
25
316
7
317
183
311
328
324
44
38
285
338
24
335
382
59
386
10
391
14
393
397
5
397
421
401
400
394
396
398
398
395
436
391
404
403
403
43
425
407
408
392
392
44
8
422
324
328
462
425
464
445
440
444
443
429
489
402
493
459
497
460
383
501
383
387
76
512
376
370
490
228
529
495
540
499
503
113
189
565
169
566
410
567
403
553
551
207
146
591
390
596
392
597
393
347
597
680
601
684
603
685
686
590
524
591
626
697
699
627
661
667
405
652
407
656
678
569
681
666
685
670
686
690
740
690
600
745
602
726
601
603
601
467
456
715
717
720
799
461
778
773
635
742
634
637
765
769
767
745
795
727
491
486
785
476
739
795
799
802
803
504
797
507
505
502
843
707
843
698
989
742
703
705
690
726
685
536
686
507
505
917
918
919
900
904
714
533
912
718
896
708
551
713
913
716
912
719
899
718
885
722
878
880
958
882
962
963
826
813
1008
1008
756
1012
758
754
755
1146
793
1139
765
765
764
761
762
744
1175
740
716
1180
783
691
731
733
1080
1185
1070
1070
1076
1079
1174
1077
1123
1119
761
765
1231
762
1216
1106
1104
1104
1121
1114
1117
1114
1117
1116
1120
1114
789
1130
1130
1110
1118
1128
1122
1127
1121
1131
1125
1135
1137
856
853
1189
847
1162
1070
1335
1161
1334
1160
1163
1163
1236
1160
1239
1241
1169
1248
1173
909
1169
898
1170
895
896
1217
1220
1184
1223
1177
1214
1153
1218
1152
1221
1154
1140
1135
1135
1240
1138
1244
1140
1236
1240
1230
1241
1222
1244
1246
1224
1237
1356
1241
1360
1357
1363
1179
1362
1118
1104
1264
1094
1264
1259
1284
1258
1276
1261
1278
1389
1278
1386
1282
1389
1106
1391
1083
1395
1395
1299
1398
1303
1400
1302
1399
1298
1398
1296
1401
1297
1293
1297
1340
1342
1325
1428
1317
1426
1409
1410
1334
1417
1338
1418
1342
1422
1341
1340
1345
1348
1438
1350
1441
1351
1442
1351
1435
1355
1432
1354
1434
1358
1434
1354
1429
1357
1358
1409
1413
1415
1417
1782
1424
1776
1780
1783
1483
1486
1411
1415
1441
1421
1445
1417
1421
1411
1455
1412
1447
1416
1447
1419
1415
1428
1422
1423
1418
1407
1406
1396
1686
1444
1690
1694
1693
1691
1596
1600
1904
1600
1904
1904
1485
1481
1711
1699
1623
1626
1483
1486
1476
1474
1724
1726
2015
1494
2013
1492
2015
1485
1496
1496
1675
1498
1678
1500
1674
1673
1676
1669
1673
1675
1998
1678
1995
1669
1992
1996
2000
1804
1804
1800
2097
2100
2111
2105
2036
2103
2040
2044
2111
2051
2110
2053
2104
2050
2051
2039
2116
2042
2116
2045
2120
2041
2121
2042
2123
2044
2125
2047
2129
2044
2133
2040
2131
2027
2125
2128
1819
2134
1823
1827
1833
1832
2066
1834
2068
2068
2068
2062
2083
2063
2081
2083
2059
2065
2061
2025
2063
2021
2064
1994
2065
1974
2069
1962
1934
2079
1936
1921
1923
1926
1921
2106
2101
2071
2095
2071
2068
1898
1948
2029
1951
2020
1947
1947
1948
2311
2312
2312
2137
2140
2144
2148
1979
2145
2146
2149
1994
2145
1996
2147
1997
1999
1997
2002
2108
2006
2101
2105
2456
2020
2447
2022
2020
2021
2118
2122
2116
2215
2082
2220
2072
2076
2491
2064
2491
2491
2237
2473
2241
2244
2248
2249
2082
2081
2073
2084
2072
2090
2502
2092
2506
2088
2506
2510
2509
2513
2512
2294
2509
2297
2528
2298
2525
2298
2528
2130
2526
2530
2541
2534
2527
2529
2527
2336
2528
2339
2341
2345
2349
2356
2349
2593
2347
2594
2350
2597
2353
2599
2354
2593
2592
2599
2596
2372
2603
2373
2376
2374
2611
2634
2638
2618
2645
2621
2642
2612
2643
2602
2603
2601
2609
2596
2592
2596
2600
2692
2607
2693
2607
2696
2601
2700
2594
2702
2586
2697
2589
2694
2591
2692
2591
2693
2578
2693
2570
2688
2574
2683
2577
2684
2570
2682
2683
2686
2691
2693
2602
2610
2609
2612
2613
2613
2617
2619
2621
2625
2620
2615
2620
2616
2621
2620
2620
2624
2623
2808
2597
2810
2599
2803
2602
2793
2599
2795
2601
2795
2602
2795
2603
2799
2604
2801
2607
2804
2611
2808
2607
2805
2786
2785
2789
2791
2789
2792
2793
2789
2786
2782
2784
2786
2790
2784
2787
2775
2767
2768
2772
2767
2767
2817
2769
2820
2772
2823
2775
2827
2778
2812
2773
2800
2771
2791
2772
2787
2775
2789
2773
2786
2775
2785
2777
2787
2781
2788
2782
2792
2783
2794
2796
3459
3460
3457
3455
3459
3463
3464
3468
3472
3475
3478
3473
3477
3479
3478
3480
3480
3483
3479
3481
3477
3481
3485
3485
3486
3488
3489
3489
3493
3497
3501
3505
3509
3512
3505
3507
3509
3508
3507
3493
3497
3496
3500
3496
3497
3492
3490
3492
3491
3495
3485
3489
3488
3489
3484
3488
3492
3496
3500
3501
3501
3503
3504
3502
3506
3499
3502
3501
3503
3504
3508
3512
3511
3515
3514
3504
3498
3501
3501
3502
3503
3503
3505
3505
3507
3509
3499
3500
3503
3505
