23
40
48
59
62
66
67
73
80
81
84
88
92
93
103
104
108
111
120
125
129
129
133
138
139
144
145
151
151
158
158
165
167
169
172
173
178
187
185
191
194
198
198
204
204
211
212
217
220
222
228
238
238
243
249
250
254
259
260
263
268
271
277
275
279
284
288
285
298
297
308
309
316
319
323
323
329
329
333
331
337
335
341
348
350
358
361
365
374
373
378
377
384
379
395
395
402
403
406
409
413
417
417
421
427
427
435
439
440
443
447
450
451
454
456
465
466
470
478
482
482
488
486
494
498
510
514
511
515
521
521
529
533
537
532
541
536
540
556
557
552
564
568
557
567
571
583
575
579
583
587
604
620
620
624
632
636
637
641
645
652
656
660
668
672
675
679
685
689
697
703
703
707
711
715
719
723
727
731
747
735
751
767
771
799
803
819
823
841
845
849
853
11
15
6
10
26
6
30
6
10
18
18
22
9
13
5
9
5
9
5
13
21
18
5
23
10
6
10
41
10
5
5
9
9
62
33
66
79
14
83
18
87
6
91
95
22
28
32
5
21
26
18
5
9
13
29
36
154
41
45
169
61
8
14
80
5
9
1347
1351
5
1355
9
1360
11
217
230
237
39
14
14
8
253
257
261
38
34
5
35
15
5
51
10
5
9
13
5
9
5
9
5
9
13
5
17
9
25
29
5
9
5
9
5
9
5
9
13
17
5
9
5
5
17
25
29
33
37
41
5
5
47
51
16
24
28
5
9
5
9
5
5
14
21
5
9
5
9
5
5
9
11
5
9
5
9
5
5
9
28
32
35
36
42
5
9
5
9
13
17
21
25
29
33
39
12
16
5
9
5
9
5
5
12
17
7
11
5
9
13
17
8
20
6
26
10
39
5
5
19
30
5
13
17
20
21
6
5
9
29
31
35
9
5
13
11
5
9
5
9
5
9
5
9
5
9
13
17
21
5
9
13
5
5
9
6
19
33
23
17
37
29
5
9
13
17
5
9
5
9
13
5
9
5
9
5
8
17
12
5
9
5
9
5
9
13
5
9
5
9
5
9
5
5
15
22
23
27
31
5
9
5
9
5
13
9
13
5
9
5
9
5
8
9
20
26
32
36
5
9
5
9
5
5
9
26
33
5
6
41
14
23
40
48
59
62
66
67
73
80
81
84
88
92
93
103
104
108
111
114
120
125
128
133
135
138
143
148
152
154
159
165
170
169
176
178
185
190
190
195
198
201
206
207
211
215
217
221
225
225
230
241
245
247
251
251
261
261
267
272
273
277
291
293
295
302
306
310
317
314
318
323
328
332
330
336
340
336
347
351
352
355
358
362
365
369
369
371
374
382
383
386
387
395
399
408
408
412
412
416
420
425
429
433
440
445
447
451
451
461
465
469
469
474
480
482
484
490
488
495
499
506
505
509
514
514
521
529
533
543
547
555
559
558
571
575
579
583
587
605
611
617
621
626
625
630
658
662
705
709
722
726
763
767
771
867
871
5
18
5
26
12
12
19
8
5
1081
49
53
1094
36
43
71
29
27
39
34
38
97
74
35
53
12
5
93
70
98
74
98
8
71
29
9
13
125
41
138
38
5
5
48
13
185
15
96
19
179
35
183
182
186
16
190
194
198
187
123
192
5
187
12
14
16
236
57
240
61
7
65
11
161
224
165
8
14
17
187
16
20
29
33
48
52
303
56
309
313
67
5
80
12
89
379
343
386
390
8
12
16
23
436
6
30
10
7
11
15
25
45
49
5
7
9
11
5
9
13
17
5
9
6
9
13
13
22
19
23
35
27
45
49
5
9
9
13
5
9
5
9
5
9
5
9
5
9
5
9
5
9
13
5
9
5
9
5
5
9
11
15
21
14
25
32
36
5
41
35
52
22
24
28
32
5
9
5
9
13
17
21
25
5
9
5
9
5
9
13
5
9
5
5
9
16
12
19
39
5
9
5
9
5
9
5
9
5
12
13
17
5
9
5
9
5
9
5
9
5
9
13
5
5
15
16
5
9
5
9
5
9
5
9
13
5
17
9
5
9
5
9
13
5
9
5
9
5
9
5
9
5
9
5
9
6
10
14
5
9
5
9
13
5
9
13
5
9
17
13
17
5
9
5
9
5
9
5
9
5
9
14
18
29
22
36
8
12
21
25
5
9
5
9
5
12
17
21
5
9
5
9
7
11
5
9
5
9
13
17
5
9
5
9
13
5
9
5
9
5
9
9
13
5
9
5
9
13
5
9
13
17
5
9
13
5
9
13
17
5
9
5
9
5
23
40
48
59
62
66
67
75
83
90
92
101
103
105
113
113
122
132
136
140
144
149
149
156
159
165
165
170
173
177
182
189
194
198
208
209
213
214
220
225
229
235
236
239
243
244
252
253
257
260
264
276
278
281
283
285
287
289
299
293
303
309
313
315
317
326
325
332
334
333
338
337
348
341
352
357
348
352
361
356
368
374
376
371
383
387
375
379
398
403
407
414
417
422
424
427
433
436
439
444
431
435
453
459
442
463
466
471
475
479
485
489
491
496
480
487
511
514
518
520
524
526
528
540
552
557
558
544
566
550
554
558
583
562
591
566
570
574
578
628
632
641
645
646
650
671
675
690
694
695
700
700
705
714
732
736
740
744
759
763
770
774
781
785
804
808
822
826
856
860
877
881
885
907
911
915
993
997
5
9
5
9
8
1048
11
1058
19
25
56
5
46
68
72
5
59
26
30
5
9
13
107
41
5
6
9
6
12
16
12
22
14
8
14
26
47
5
54
16
5
5
14
15
18
22
5
8
9
12
16
5
11
6
18
14
18
33
37
9
13
6
10
5
5
12
5
10
19
5
25
36
19
33
23
45
5
28
57
34
25
5
9
5
9
5
5
9
12
16
5
9
5
15
9
19
5
9
5
9
13
17
5
9
5
9
5
12
13
17
5
9
1814
5
9
1819
5
9
5
9
13
5
5
9
9
17
5
9
5
9
5
9
2058
2062
1008
1012
1016
5
9
5
9
12
21
16
25
5
5
9
10
5
9
5
5
9
9
5
9
5
9
7
13
11
5
9
13
5
9
7
11
5
9
13
12
16
16
20
20
5
9
5
13
9
17
5
5
9
12
5
9
13
5
9
5
9
5
9
13
17
5
9
5
9
5
9
18
22
17
21
25
5
9
5
9
5
9
5
9
5
9
5
9
5
9
5
9
5
9
5
9
5
9
26
26
30
5
5
9
11
5
9
13
5
9
5
5
9
5
11
10
14
5
9
5
5
15
11
19
24
23
28
32
36
5
9
5
9
6
10
5
9
5
9
13
5
24
9
17
5
21
9
5
5
10
9
5
9
13
17
21
5
9
13
17
21
25
5
9
13
17
9
8
13
12
23
27
16
31
20
5
9
5
9
5
9
13
5
9
5
13
9
13
20
23
40
48
59
62
66
67
75
83
90
92
101
103
105
113
113
122
130
132
136
137
141
143
147
149
156
162
162
166
167
171
179
179
188
199
201
205
209
212
216
220
223
232
235
240
243
247
248
252
258
263
263
266
274
278
280
284
284
290
294
295
299
300
310
311
316
318
323
328
333
343
345
350
352
356
357
362
363
369
367
371
377
375
379
387
390
396
400
401
405
413
421
420
425
426
433
434
437
444
445
449
455
462
464
468
468
479
483
491
495
498
500
501
509
534
538
542
546
547
551
565
568
569
574
593
614
618
622
626
633
630
637
634
643
674
678
682
693
697
716
720
723
727
731
737
744
748
752
759
773
776
780
780
5
9
5
26
5
29
13
5
5
9
1060
15
1064
22
31
9
35
13
20
40
10
48
14
21
70
31
35
87
5
43
47
1150
102
31
114
35
7
12
126
1179
130
136
140
1192
50
62
56
66
135
142
76
5
5
9
9
92
96
5
9
118
5
9
5
5
9
9
13
6
20
24
28
32
23
36
12
44
36
18
43
49
57
63
67
5
9
5
81
9
8
12
92
18
38
45
5
37
7
16
28
5
26
33
17
132
21
139
5
9
5
9
5
9
5
9
5
9
5
9
13
5
9
5
9
13
17
21
25
29
33
5
37
13
49
53
57
61
65
69
73
77
81
85
89
5
9
5
9
5
9
5
9
5
9
13
17
5
9
5
17
24
28
5
9
9
13
6
5
10
9
5
9
5
9
5
5
9
23
27
35
5
5
9
10
5
9
5
9
5
9
5
9
5
9
5
12
13
17
5
9
5
9
6
10
5
9
5
9
17
24
34
5
9
5
9
5
9
5
9
5
9
5
9
5
9
5
9
5
9
5
9
13
5
9
5
9
5
9
5
9
5
9
5
9
5
12
18
26
30
5
9
6
10
14
18
22
5
9
5
9
5
9
8
5
25
29
21
19
26
37
5
9
5
9
5
5
9
10
14
5
8
9
12
5
5
9
9
13
5
9
5
9
13
7
11
5
9
5
9
5
9
5
9
5
9
13
17
21
5
5
9
37
47
51
55
46
15
19
22
26
18
30
22
34
26
5
9
13
17
21
25
29
33
37
41
45
7
7
11
8
11
12
5
9
5
9
5
9
23
40
48
59
62
66
67
73
78
81
88
89
96
100
107
106
111
114
120
121
129
129
135
133
142
144
148
154
155
158
162
166
170
171
174
179
179
186
189
192
198
200
204
208
206
214
220
221
225
231
234
242
246
248
250
253
257
263
264
268
271
272
275
281
284
288
290
295
299
303
307
311
313
317
313
317
323
322
331
335
333
350
352
356
357
363
367
375
379
379
385
388
392
392
400
403
407
414
418
421
425
426
430
432
440
445
450
454
459
463
469
473
478
482
486
490
490
494
506
507
511
511
523
523
527
527
536
540
543
569
573
573
581
585
605
609
613
617
621
625
629
633
637
641
645
657
661
651
665
669
660
667
671
686
679
683
687
691
695
699
703
707
711
715
719
723
776
780
886
890
5
6
5
10
13
17
13
17
34
38
42
7
5
11
10
14
5
9
13
19
5
9
13
17
5
9
5
13
9
5
9
13
17
9
13
5
9
8
16
20
5
9
13
5
9
20
5
9
7
11
15
19
23
27
31
35
5
9
5
9
5
5
16
5
21
28
19
6
10
5
9
13
5
9
8
12
5
9
5
5
9
23
36
5
9
5
9
5
5
9
25
29
33
5
9
5
5
9
9
5
5
9
11
12
15
18
27
10
14
43
47
61
26
30
5
9
1991
1995
5
9
5
5
9
13
9
5
5
9
11
13
5
9
13
17
21
25
5
12
5
14
11
18
5
9
5
9
9
13
26
30
34
12
16
41
5
23
51
17
35
21
25
86
90
9
13
17
5
9
13
5
9
5
9
14
16
17
21
9
13
5
9
5
9
5
16
9
20
13
24
5
9
5
13
19
23
28
32
24
28
5
9
5
9
13
17
21
25
8
12
29
44
5
9
60
13
64
68
24
28
74
35
86
67
5
9
100
84
104
108
112
5
9
5
9
7
11
5
9
13
5
9
6
13
7
11
28
36
5
25
8
12
19
46
7
11
83
87
5
9
13
17
5
12
16
20
5
9
7
11
15
19
5
9
5
9
5
9
5
9
5
9
5
9
5
9
5
9
5
9
5
9
13
17
21
5
9
5
9
13
5
10
17
26
5
9
5
9
13
17
21
25
29
5
9
13
17
5
9
5
9
5
9
5
9
9
13
17
21
25
29
23
40
48
59
62
66
67
73
78
81
89
90
100
101
105
104
115
128
128
133
135
140
144
147
152
154
160
164
164
179
182
185
196
197
201
201
207
210
212
220
225
227
231
236
237
245
245
249
254
253
258
260
264
267
269
276
279
283
282
286
291
291
297
296
308
314
316
320
318
325
331
337
339
347
352
351
355
367
375
376
380
384
385
390
392
394
396
404
405
410
416
414
422
423
427
431
432
438
439
448
448
453
458
465
465
470
481
485
487
487
492
495
494
502
506
516
524
528
537
532
541
545
538
542
552
547
558
551
564
574
578
578
572
586
576
591
594
582
598
600
589
603
612
607
616
620
630
633
634
637
624
645
652
659
663
667
671
676
680
676
680
684
688
692
696
700
723
727
729
733
739
744
750
754
771
775
779
813
817
823
827
831
835
861
865
871
875
883
887
887
891
895
5
5
9
13
19
24
12
8
41
45
14
49
36
15
19
39
36
29
56
63
40
46
74
56
5
5
9
9
5
9
13
17
5
5
9
9
5
9
5
9
5
9
5
9
8
12
16
5
9
5
9
1322
233
237
5
9
13
5
10
14
6
18
31
13
36
35
6
10
36
48
52
39
6
56
7
11
15
5
20
9
27
39
5
9
5
9
5
9
5
9
13
17
5
21
25
13
5
9
5
9
5
9
13
5
9
13
17
21
25
29
33
37
41
9
13
52
56
5
60
5
67
76
26
22
87
91
11
103
15
110
16
114
120
5
9
131
39
135
139
143
147
151
155
159
163
167
171
5
9
5
5
9
14
13
17
36
40
44
5
9
5
9
5
9
9
13
5
9
5
8
17
12
21
5
31
9
5
9
5
9
7
11
7
11
15
19
23
27
5
9
5
9
13
5
9
5
8
14
25
5
5
9
9
5
9
22
25
29
33
5
37
12
5
9
5
9
5
9
5
5
9
17
21
25
12
35
23
5
9
5
8
9
12
5
9
5
7
14
26
5
9
5
9
13
9
17
13
5
9
5
9
13
5
9
5
9
5
9
13
5
9
9
13
17
5
9
5
11
13
17
5
5
16
20
5
9
5
9
13
9
13
17
17
5
9
13
17
5
9
5
9
6
10
7
11
14
5
9
13
5
9
5
5
5
9
7
24
33
23
40
48
59
62
66
67
73
80
81
84
88
92
101
106
105
115
115
122
123
133
133
143
145
149
160
161
168
167
172
176
180
182
190
191
199
198
202
206
210
214
218
218
225
231
232
237
241
244
246
250
257
259
263
266
269
271
274
282
281
289
288
294
293
300
297
306
310
313
319
320
324
327
328
332
336
338
342
340
347
344
354
355
359
363
363
368
376
379
389
394
398
405
409
411
414
415
419
423
427
430
432
441
441
445
449
458
464
467
468
472
476
478
480
486
490
493
496
497
505
506
515
516
519
524
527
538
542
551
555
563
567
597
596
601
606
610
614
621
625
650
654
669
673
694
698
705
707
717
723
726
730
790
794
798
802
806
5
9
13
17
5
9
5
5
9
9
5
9
5
5
9
13
12
18
12
22
22
20
6
30
14
18
1130
1134
5
14
10
18
14
18
22
5
9
5
9
13
5
9
13
20
24
5
13
17
53
57
27
27
8
31
38
20
24
5
9
13
7
11
17
9
5
13
9
33
20
37
28
5
32
13
17
50
9
13
5
33
9
32
36
23
40
6
50
72
58
29
36
125
5
9
5
9
5
9
5
9
13
6
10
5
9
5
5
13
9
13
17
21
5
9
5
9
5
5
9
11
15
19
5
9
5
9
5
12
16
20
5
9
5
9
13
5
21
9
25
13
6
5
9
21
9
13
64
68
5
9
5
9
13
5
9
5
9
13
5
17
21
12
5
9
5
9
5
15
9
5
9
5
9
5
9
6
10
14
18
5
9
13
5
9
13
5
5
10
9
13
17
5
9
5
9
16
13
17
5
9
13
17
21
5
9
13
5
9
13
5
9
5
9
13
17
21
5
9
13
31
35
19
39
23
43
5
48
9
52
7
14
8
5
12
9
90
94
98
5
5
9
9
15
19
23
27
31
35
39
5
9
5
9
5
9
5
9
5
9
5
9
5
9
5
6
18
10
21
14
27
18
31
35
5
9
5
9
5
9
5
9
5
9
6
10
14
5
9
5
5
9
9
13
5
5
9
13
5
9
5
9
5
9
5
9
13
17
21
5
9
13
7
21
8
12
23
5
9
5
9
13
17
5
9
5
9
5
9
5
16
20
24
5
9
13
17
5
9
13
17
21
25
29
23
40
48
59
62
66
67
75
83
90
92
101
103
105
113
113
122
132
136
140
144
149
149
156
159
165
165
170
173
175
185
189
191
201
200
212
217
217
223
226
229
231
235
235
250
257
265
270
271
274
279
279
283
282
290
295
294
299
301
305
309
314
320
321
323
330
334
331
340
335
344
349
355
353
364
357
369
375
373
381
383
387
391
396
403
403
407
410
411
415
422
419
430
430
438
437
442
446
450
454
458
465
472
475
478
479
484
484
489
489
493
503
506
512
524
523
528
532
536
536
541
548
552
549
553
557
561
565
583
569
573
577
594
583
587
591
595
599
624
628
629
613
617
621
625
629
633
665
637
669
671
648
652
656
660
664
668
672
708
712
716
693
697
701
738
705
746
709
765
772
772
776
776
780
784
753
757
761
765
769
773
777
824
786
790
794
798
802
806
810
863
814
870
874
878
882
909
913
917
921
925
929
933
937
941
945
949
953
957
965
969
973
977
981
5
9
5
7
14
12
22
25
24
28
5
26
10
57
44
21
25
29
1096
1100
1108
21
26
25
9
32
5
82
9
6
9
35
12
21
22
20
115
90
125
94
54
58
70
25
31
24
15
201
16
29
63
16
38
22
25
29
29
238
82
99
16
66
96
135
28
32
67
149
113
120
22
41
93
35
5
56
6
19
10
22
165
17
30
214
180
36
40
44
48
52
5
56
9
5
64
68
9
72
76
80
84
88
92
6
96
100
10
1538
1542
5
9
1572
1576
509
513
5
9
5
9
5
9
13
5
9
5
9
13
6
10
2078
2082
5
886
899
5
23
12
16
5
2142
7
15
19
2156
22
5
9
5
5
9
10
5
9
5
5
9
9
5
9
13
5
10
5
9
6
10
23
32
5
9
5
9
5
9
5
9
13
10
14
18
21
22
29
2558
2562
1441
1445
428
432
5
9
5
9
13
17
21
25
29
33
5
9
5
9
5
9
13
17
21
25
29
5
12
45
49
5
9
7
11
14
18
20
24
28
32
36
8
40
5
9
20
57
61
65
69
73
5
9
5
9
5
6
9
10
13
5
9
5
9
5
9
5
9
8
12
5
9
3265
2266
2270
2274
958
962
966
970
974
978
982
986
5
9
5
9
5
9
5
9
13
5
9
7
11
5
9
5
9
5
23
40
48
59
62
66
67
73
80
81
84
88
92
93
103
104
108
111
120
125
135
134
139
141
154
162
163
169
170
177
181
181
189
198
201
212
212
217
219
227
227
232
237
237
242
247
251
251
257
255
264
260
272
278
279
286
289
296
296
300
306
310
314
320
322
327
331
333
335
336
343
347
351
347
357
362
361
366
370
379
379
378
382
390
394
399
398
407
410
414
420
424
426
433
440
441
450
450
458
465
465
469
471
472
476
478
482
481
493
502
504
508
512
514
516
524
530
536
531
542
546
546
557
559
564
570
574
576
570
574
584
590
593
597
601
610
605
628
632
652
657
661
664
665
683
686
687
690
706
710
714
722
727
726
733
739
743
747
759
761
768
768
773
800
804
813
817
825
829
848
852
868
872
876
882
886
890
894
898
902
906
910
914
925
918
929
922
926
930
934
938
942
946
5
9
5
9
6
10
5
9
5
1048
12
5
16
1071
35
16
42
24
46
33
9
5
15
9
6
8
15
14
43
98
11
19
43
13
5
17
9
13
46
50
17
143
9
8
35
40
16
44
18
22
26
6
63
67
12
71
42
53
51
85
60
20
24
88
169
5
9
13
17
21
5
9
13
19
17
25
50
33
37
43
47
36
43
61
10
17
86
5
9
13
9
13
17
21
25
29
33
37
41
45
17
21
28
5
5
16
45
5
30
34
43
47
31
43
5
9
74
78
5
9
5
9
5
9
5
9
13
5
9
5
9
5
9
5
8
12
13
5
9
5
9
5
9
5
9
13
17
5
9
14
25
29
5
5
9
9
2192
867
5
871
5
11
9
5
9
9
13
5
9
5
9
5
9
13
5
9
5
9
9
13
5
9
5
9
5
17
21
25
29
33
21
25
38
8
56
18
26
6
32
10
18
96
25
29
116
11
15
127
6
7
18
5
78
11
35
36
40
44
48
6
10
14
18
22
26
30
34
5
9
13
5
12
9
19
25
29
5
9
13
5
9
13
5
9
5
9
5
9
8
12
5
5
15
16
5
5
11
17
8
12
20
16
5
9
5
9
5
9
5
9
5
9
5
9
5
5
9
12
13
16
5
9
5
9
5
9
5
9
13
17
5
9
21
25
29
9
33
37
13
5
9
13
5
9
13
5
9
23
40
48
59
62
66
67
73
80
81
84
88
92
93
103
104
108
111
114
120
125
128
133
135
138
145
148
151
152
160
162
166
166
174
173
178
186
190
195
195
199
208
208
212
213
217
222
229
230
234
238
242
249
251
255
256
262
266
273
276
276
284
292
296
297
301
305
312
313
317
325
329
333
333
343
345
349
350
354
364
365
368
372
375
379
386
390
394
399
405
406
412
416
421
425
429
430
433
435
444
439
449
453
455
464
468
471
475
481
482
486
486
494
495
498
502
509
512
513
516
525
526
529
530
535
539
543
571
575
587
591
613
617
623
627
631
639
643
644
650
656
654
660
664
680
680
684
684
697
701
710
714
743
747
765
769
5
12
5
9
13
27
17
20
24
37
5
5
41
46
13
5
59
8
6
5
23
11
13
7
11
43
47
98
51
6
7
11
128
17
5
31
6
17
10
21
88
92
120
97
53
38
5
9
127
6
20
28
23
27
31
35
111
117
61
42
61
5
52
108
80
5
15
9
130
22
7
26
15
23
60
7
5
51
15
10
20
129
133
75
79
83
87
172
9
16
5
9
203
207
7
11
12
16
5
20
9
13
5
5
9
11
13
5
17
12
29
33
37
5
6
10
17
7
11
68
5
72
9
76
23
30
34
103
107
5
9
13
5
9
13
5
9
5
9
5
9
5
9
13
5
9
5
9
5
9
7
11
5
9
5
16
17
21
5
9
27
31
35
39
43
47
5
6
12
10
63
67
7
71
13
10
5
5
30
9
101
21
109
55
5
9
28
32
138
36
142
146
73
5
9
5
9
5
9
5
9
5
9
5
9
13
7
11
5
5
9
10
14
5
9
5
9
7
11
5
9
13
17
21
5
9
13
5
9
5
13
10
14
19
18
5
9
5
13
13
5
35
39
13
43
23
30
34
50
54
47
51
55
5
9
106
110
5
9
5
9
5
9
5
9
5
9
5
9
5
9
5
6
9
10
5
9
5
9
5
9
5
5
5
9
5
9
25
20
24
28
55
5
9
5
22
25
29
5
9
5
9
5
9
13
5
9
5
9
5
9
5
9
5
9
13
9
16
34
5
38
9
13
42
49
27
31
41
5
9
13
17
5
9
13
17
21
5
9
25
13
29
17
5
23
40
48
59
62
66
67
73
80
81
84
88
92
93
103
104
108
111
114
120
125
129
135
134
139
146
153
160
163
167
171
178
179
183
184
186
190
190
196
198
202
203
208
213
217
217
226
226
230
239
242
243
247
256
259
261
266
270
275
272
281
281
280
290
292
297
297
297
303
308
309
313
315
317
318
323
327
331
334
335
338
342
343
352
349
356
360
364
364
370
373
377
375
381
383
388
392
387
399
399
403
405
410
409
414
421
422
425
431
430
435
438
439
443
446
447
456
456
461
469
471
475
481
493
492
497
504
508
512
516
520
525
529
529
533
537
540
544
551
554
558
565
569
593
597
601
654
658
676
681
680
693
697
701
705
705
713
717
730
734
780
784
788
792
5
9
5
7
10
9
15
17
21
35
6
36
47
42
51
51
59
13
32
17
21
7
47
11
6
10
27
22
26
5
9
5
5
9
12
11
14
5
10
15
79
15
35
11
32
15
29
6
10
38
42
36
76
40
40
82
44
128
178
132
88
5
9
257
185
189
193
5
9
5
9
5
9
5
9
5
15
19
23
27
8
12
5
9
5
9
5
9
5
9
5
9
13
17
21
25
5
9
5
9
5
5
9
9
5
9
5
9
13
17
21
5
9
5
9
13
5
9
13
5
9
5
9
5
5
9
10
5
9
13
5
9
8
12
16
20
5
9
5
9
5
9
16
15
19
23
27
5
9
5
9
5
9
5
9
5
11
14
18
7
5
12
5
9
27
28
32
7
5
12
16
22
25
5
9
5
5
9
18
22
26
31
5
9
5
9
13
12
6
18
10
32
36
40
5
9
5
9
5
9
5
9
5
9
5
9
5
9
5
9
5
9
5
9
5
9
5
9
13
5
9
5
9
5
9
5
9
5
5
9
5
13
9
21
12
9
22
15
45
5
9
5
5
9
13
14
18
5
9
5
9
5
9
5
5
9
18
22
5
13
9
17
40
5
9
5
5
9
9
7
11
5
9
8
12
5
9
5
9
5
9
8
12
5
9
5
9
10
15
14
9
13
26
30
17
21
7
25
35
45
36
5
9
5
9
5
9
13
17
5
9
13
5
9
5
9
5
9
6
10
5
9
5
9
5
13
9
13
5
9
5
13
10
5
14
13
23
40
48
59
62
66
67
73
78
81
88
89
96
100
107
109
116
116
125
138
141
145
147
154
157
159
164
168
169
178
180
182
184
189
192
198
200
207
207
213
219
224
228
232
236
236
243
250
252
257
264
272
276
281
282
288
290
295
300
308
312
314
318
324
327
329
331
336
339
345
347
352
351
357
361
366
370
372
379
380
390
390
398
401
402
406
408
412
416
413
426
425
429
433
433
439
437
443
441
450
453
462
466
466
473
479
481
484
486
489
490
495
499
499
503
503
507
511
512
519
530
523
537
537
541
541
549
554
547
558
555
582
586
642
646
650
660
663
667
678
682
686
693
697
700
704
708
712
716
724
726
730
727
736
738
742
764
768
772
789
793
797
801
805
5
5
9
14
1035
21
5
9
13
6
5
13
15
21
27
31
72
35
6
5
15
6
22
21
18
32
22
24
36
28
5
43
11
48
15
19
33
27
31
102
35
132
7
98
131
6
10
29
5
9
46
50
114
120
5
9
10
183
25
191
47
51
38
204
208
48
230
189
5
9
5
9
13
5
9
9
13
5
9
13
5
9
5
9
8
12
5
9
13
17
21
5
9
28
32
36
40
44
48
52
56
60
5
9
13
17
5
9
13
5
9
5
13
12
5
9
5
9
5
9
13
5
5
10
9
5
9
5
5
9
14
18
5
24
10
5
9
7
13
15
8
7
12
11
39
43
15
9
13
32
27
31
5
8
9
5
9
27
33
5
9
5
9
7
11
15
19
6
10
5
9
13
5
9
5
9
5
9
5
9
5
9
5
9
5
9
5
9
5
5
9
9
6
10
5
9
13
5
9
5
9
5
9
5
9
5
9
5
12
15
19
22
16
20
5
9
13
5
9
13
5
9
13
17
5
9
5
9
6
10
5
5
9
9
5
5
15
5
21
12
29
20
5
9
8
14
12
42
38
40
5
9
5
9
5
9
5
9
5
9
5
9
5
9
5
9
9
13
20
24
28
5
9
7
11
5
9
5
9
5
9
5
9
13
5
9
5
9
5
5
9
9
5
9
5
9
5
9
5
9
5
9
5
9
5
9
5
9
5
9
5
9
5
9
17
5
9
13
5
9
5
9
14
7
18
23
11
27
11
6
22
26
22
32
33
37
22
26
44
48
61
65
76
78
80
88
93
92
97
100
102
107
109
116
121
124
125
134
143
144
149
151
158
162
163
167
172
176
176
180
181
188
188
192
192
200
201
209
212
213
225
225
231
235
242
244
246
250
253
258
261
264
268
275
274
279
280
284
291
295
297
301
302
305
309
309
313
317
320
321
324
325
330
332
334
338
338
342
349
356
352
360
361
360
370
364
374
376
381
381
386
390
394
398
398
405
402
406
418
416
423
420
424
439
443
435
439
451
443
463
464
468
468
474
478
478
483
483
487
491
497
504
508
515
519
525
529
532
536
534
538
547
551
559
563
565
569
573
579
577
597
603
607
609
608
615
612
616
622
630
646
650
659
663
683
687
691
783
787
791
795
799
813
817
5
9
15
20
19
24
28
5
6
9
10
7
9
19
13
5
5
6
9
19
5
9
31
17
6
35
10
23
42
54
53
61
65
5
69
29
13
40
15
22
5
14
9
5
9
8
31
6
40
5
9
20
13
24
29
51
17
17
23
30
31
34
81
98
88
109
55
87
126
104
112
101
105
5
8
9
12
101
107
111
5
9
276
5
280
15
5
20
24
9
5
9
5
9
5
9
5
9
5
5
12
19
5
9
5
9
5
9
5
9
13
17
21
25
29
33
37
41
45
49
53
8
12
57
63
67
23
73
86
90
53
5
9
5
9
5
9
13
17
5
5
9
13
5
9
13
17
5
9
5
9
13
17
5
9
5
9
5
9
13
5
19
9
5
9
5
9
5
9
5
9
7
11
5
9
13
17
6
11
9
22
16
25
29
33
37
40
5
9
13
17
80
84
88
5
9
5
9
5
9
16
20
34
5
9
13
5
5
9
18
24
28
5
9
5
9
13
5
9
11
18
35
39
5
9
5
9
13
5
9
5
9
5
9
5
9
5
9
12
17
16
21
5
9
5
9
5
9
5
9
13
17
5
9
13
9
13
5
9
8
12
5
9
5
9
5
9
5
9
5
9
5
9
5
9
13
17
21
5
5
7
12
19
26
30
39
39
42
46
5
50
52
16
71
75
79
83
87
91
95
99
103
109
117
23
121
27
125
129
133
137
5
9
5
9
5
9
5
9
5
9
5
9
5
5
9
11
5
9
5
9
13
22
26
44
48
61
65
76
78
80
88
93
94
100
99
104
109
112
116
121
123
127
134
141
143
148
149
153
159
160
165
164
171
172
176
179
187
189
193
193
196
199
205
207
211
216
219
220
224
224
228
237
239
244
251
252
257
261
264
265
274
278
280
283
285
287
291
295
299
304
308
309
317
315
323
329
334
343
345
349
355
357
361
361
367
374
378
380
384
384
391
392
395
399
410
410
417
416
420
424
431
431
435
439
446
450
454
466
470
476
479
483
483
487
491
495
499
504
509
524
527
528
531
542
546
543
550
547
551
555
559
569
572
579
583
597
591
605
595
611
620
613
617
621
625
629
633
637
662
641
669
653
657
661
665
671
675
679
683
687
691
726
699
730
740
744
715
748
719
752
723
756
727
760
731
735
739
743
747
751
755
759
805
763
809
767
825
833
787
844
802
806
810
814
868
818
872
822
826
878
830
834
838
842
904
846
908
850
861
868
872
876
940
880
884
888
892
896
900
904
908
912
916
920
924
928
1007
932
1014
936
940
944
5
21
9
25
957
961
17
966
22
41
971
5
47
34
58
57
6
13
65
69
1008
29
1012
1016
41
45
11
11
51
22
51
55
82
17
7
39
71
101
80
105
28
60
44
64
68
12
72
158
18
125
77
81
73
141
9
13
17
1158
1162
1166
9
1170
15
1181
1185
1189
1193
1197
1201
6
1205
1209
1213
1217
1221
1225
1229
1233
1237
1241
1245
1249
1253
1257
1261
1265
1269
1273
1277
1281
1285
1289
1293
1297
1301
1305
1309
1313
1317
1321
1325
1329
1333
1337
1341
1345
1349
1353
1357
1361
1365
1369
1373
1377
1381
1385
1389
1393
1397
1401
1405
1409
1413
1417
1421
1425
1429
1433
1437
1441
1445
1449
1453
1457
1461
1465
1469
1473
1477
1481
1485
1489
1493
1497
1501
1505
1509
1513
1517
1521
1525
1529
1533
1537
1541
1545
1549
1553
1557
1561
1565
1569
1573
1577
1581
1585
1589
1593
1597
1601
1605
1609
1613
1617
1621
1625
1629
1633
1637
1641
1645
1649
1653
1657
1661
1665
1669
1673
1677
1681
1685
1689
1693
1697
1701
1705
1709
1713
1717
1721
1725
1729
1733
1737
1741
1745
1749
1753
1757
1761
1765
1769
1773
1777
1781
1785
1789
1793
1797
1801
1805
1809
1813
1817
1821
1825
1829
1833
1837
1841
1845
1849
1853
1857
1861
1865
1869
1873
1877
2145
1881
1888
1894
1898
2168
1902
1906
1910
1914
1918
1922
1926
1930
1934
1938
1942
1946
1950
1954
1958
1962
1966
1970
1974
1978
1982
1986
1990
1994
22
26
44
48
61
65
76
78
80
88
91
95
95
106
106
115
119
125
130
132
137
141
148
149
156
158
161
164
165
170
175
174
182
182
187
187
193
192
198
200
208
213
215
219
221
225
228
231
234
238
239
244
240
245
252
258
263
265
268
270
282
284
288
288
292
294
299
304
308
312
316
316
323
323
327
331
333
340
342
346
348
364
367
371
378
383
382
390
397
399
403
403
407
413
415
417
425
427
427
431
440
440
444
442
451
451
455
456
462
466
466
470
474
483
487
489
491
495
500
504
517
518
522
522
526
533
537
537
542
551
555
559
563
567
572
571
576
575
579
583
587
591
611
615
619
631
635
651
664
668
672
676
680
684
688
684
688
692
696
716
720
783
787
5
9
5
9
13
17
5
5
9
6
11
10
18
22
5
8
9
12
5
16
20
1083
5
1087
16
11
22
21
44
25
5
9
5
5
9
19
13
17
5
33
13
14
6
38
18
22
31
28
28
9
45
15
71
75
5
8
81
50
14
54
21
30
47
6
13
56
121
124
9
7
5
27
7
10
14
8
151
13
35
39
35
43
57
73
77
58
62
25
29
5
14
20
24
5
9
13
360
5
9
13
17
5
9
5
9
13
17
26
30
13
17
47
21
51
55
59
63
5
9
5
9
5
15
21
25
29
30
41
48
52
56
60
5
9
5
12
5
21
9
5
9
13
17
5
9
5
9
13
5
9
5
9
5
9
5
9
9
13
17
5
21
9
27
7
17
54
5
5
9
11
13
5
12
17
21
5
9
7
11
5
9
13
5
21
9
25
5
9
5
9
13
5
9
13
17
21
25
29
33
37
8
15
56
5
9
5
7
9
11
13
17
21
25
29
5
9
5
9
21
18
25
29
22
5
9
5
9
13
17
5
9
5
9
5
9
5
9
7
11
15
19
5
9
5
9
5
9
5
14
18
5
12
33
37
5
9
13
5
9
6
10
5
9
5
9
13
17
21
25
29
5
33
39
43
47
5
51
9
35
63
42
15
19
49
23
27
35
5
72
47
105
7
59
5
124
40
27
132
136
28
40
37
47
42
74
78
169
86
124
90
128
132
221
225
6
10
14
5
9
13
5
9
6
10
14
18
5
9
13
17
5
9
13
9
5
13
9
