44
46
69
70
73
77
79
86
93
100
102
106
111
114
119
129
130
134
138
146
151
152
156
157
165
171
176
176
180
179
184
194
196
201
205
212
213
218
221
228
229
236
239
243
247
251
253
252
259
264
266
271
273
279
285
289
290
294
294
298
300
306
303
312
317
319
321
324
327
334
339
344
339
343
355
347
359
361
358
371
380
375
389
392
383
391
404
410
414
415
418
415
436
441
445
448
451
457
465
466
474
474
478
481
489
495
499
503
509
513
517
521
525
23
12
27
16
39
545
5
13
567
571
11
579
19
9
34
20
32
37
39
70
615
619
36
58
40
633
97
101
643
5
647
73
657
662
12
16
673
23
178
97
33
123
696
47
206
65
137
30
141
46
86
233
52
53
61
36
43
12
47
266
189
193
46
278
204
32
5
103
218
107
5
48
9
78
826
128
833
139
842
143
147
97
315
6
319
353
13
77
81
875
883
881
379
383
902
17
396
26
412
334
925
338
932
933
7
315
322
47
963
34
971
5
9
91
95
383
99
81
85
89
361
93
365
409
1019
413
1023
1027
105
109
5
113
9
360
155
34
368
41
372
1068
1076
1080
495
499
5
9
8
12
5
9
1140
619
623
80
7
84
5
11
5
8
12
17
9
5
9
20
13
17
34
6
10
50
82
22
26
33
39
45
6
10
32
21
20
24
24
48
6
10
37
64
81
8
121
20
24
86
136
140
26
144
148
28
152
1350
1354
163
67
35
74
40
177
65
48
184
70
188
164
194
6
181
10
14
216
82
86
111
90
119
146
150
5
9
13
5
9
5
6
9
10
1501
1504
5
9
1518
848
13
852
1533
901
17
21
219
25
920
5
9
1574
244
50
10
17
1599
1606
553
557
61
65
5
9
70
10
22
29
33
1666
1670
757
761
1689
1693
5
9
5
9
5
7
22
28
5
9
13
5
5
13
11
19
1802
1806
1205
16
37
55
1218
7
670
12
14
680
6
22
10
68
41
45
49
5
6
10
13
14
87
98
92
102
96
5
7
5
20
9
5
31
9
33
37
1941
1159
5
1165
280
284
5
9
11
41
18
32
53
25
29
49
53
45
49
58
62
2377
2381
1868
1872
1288
1292
708
712
3093
3097
3101
3105
3109
3113
3117
3121
3125
3129
2612
2616
1725
1729
3528
3532
3536
3039
3043
3047
2079
2083
2087
44
46
69
70
73
77
79
86
93
100
102
106
111
114
119
129
130
134
138
144
146
148
151
155
157
161
162
166
169
173
182
185
186
189
197
201
200
208
208
213
215
218
219
223
228
232
234
238
240
247
246
253
254
258
259
263
268
268
272
273
276
284
284
289
295
299
300
306
308
316
319
320
323
329
334
336
340
347
344
351
351
357
365
368
365
373
377
381
376
387
388
393
396
403
407
412
414
416
418
420
427
431
435
436
444
443
449
452
451
456
463
464
463
470
479
481
483
486
490
491
494
495
498
502
508
506
522
5
526
17
5
7
539
7
15
20
15
553
565
563
567
571
5
586
8
20
9
12
13
613
32
36
6
10
14
29
631
33
5
40
44
661
24
25
29
666
33
44
39
43
699
690
16
711
69
27
719
63
49
39
43
62
49
53
752
26
12
753
92
774
780
36
7
58
57
11
128
19
107
25
85
118
163
31
90
175
59
6
187
10
6
859
10
258
76
80
272
86
189
94
98
42
102
47
11
17
15
21
27
940
34
944
16
45
22
49
47
62
69
61
73
77
81
85
311
93
315
97
101
452
456
5
9
13
1046
1050
7
18
22
16
29
13
34
1085
18
32
1089
1093
9
1097
13
1101
28
5
132
9
140
5
8
9
6
12
5
9
13
19
30
23
34
44
5
9
1246
590
5
594
9
598
6
602
606
14
610
18
614
618
622
5
25
47
640
51
644
22
59
63
655
659
69
663
64
667
72
57
679
683
62
66
70
111
103
707
711
98
715
719
723
727
1414
5
734
738
742
5
28
9
765
769
1462
12
1472
585
1479
6
798
14
602
810
1501
814
1506
54
51
55
48
52
1001
1005
34
1543
496
859
500
863
79
11
871
875
66
879
883
31
887
5
112
19
6
19
5
6
922
31
37
41
28
47
48
41
10
63
67
56
19
11
36
5
991
995
27
89
24
29
70
104
74
49
1028
1032
89
164
93
38
94
167
1053
171
1057
98
62
1063
1067
1778
1071
1081
1791
1799
930
134
934
1101
1105
1109
1824
1113
1828
1117
726
1121
1125
730
141
141
1135
1139
1143
248
1147
1151
1155
1159
1163
1167
1171
1175
1179
1183
1187
1191
1195
1199
1203
1207
1211
1215
1219
1223
1227
1231
1235
1239
380
384
388
392
2037
2041
1522
465
474
1542
1044
1048
2425
2429
983
987
2717
2721
2111
2115
44
46
69
70
73
77
79
86
93
100
102
106
111
114
119
131
132
144
151
151
157
159
170
173
180
181
186
189
192
194
197
199
202
207
208
211
215
216
220
224
227
231
231
239
239
244
249
249
253
256
260
263
268
269
276
280
283
287
290
294
296
300
307
313
320
323
327
330
337
339
343
344
348
351
354
356
359
360
370
372
378
381
384
384
391
394
399
402
404
409
412
416
417
422
426
429
435
435
447
450
460
463
465
467
476
484
483
488
501
505
5
6
9
7
13
11
17
5
530
5
539
9
8
12
24
8
5
6
9
10
569
573
52
582
17
60
594
15
602
5
24
613
69
73
22
8
29
68
34
20
645
27
5
34
32
38
36
21
128
25
29
5
9
66
84
702
80
706
5
105
139
22
143
6
10
14
9
8
13
12
757
761
5
765
220
224
21
26
26
5
31
7
11
69
57
61
17
21
30
94
43
41
102
842
844
846
848
53
262
268
864
66
166
170
875
175
9
130
13
134
897
904
147
5
5
16
24
26
23
27
52
56
993
997
1001
1008
499
1012
503
1016
1020
9
1034
1041
1050
29
1056
20
24
5
13
9
18
21
29
1105
35
1109
24
1115
28
111
1119
14
18
578
582
133
55
5
12
16
96
6
101
10
6
10
93
181
124
186
104
108
57
148
113
6
153
5
11
9
15
13
19
17
5
21
9
5
5
9
5
30
17
10
14
38
27
42
46
5
5
9
9
13
5
9
5
7
9
17
8
12
8
12
41
45
49
1398
8
1408
1412
771
29
10
779
240
1438
246
23
5
378
30
31
386
26
326
30
46
330
8
8
12
16
9
20
13
87
11
31
5
19
9
21
76
81
28
117
36
66
44
5
9
87
91
95
99
5
9
10
15
14
18
19
5
9
5
5
12
16
7
11
5
9
5
9
13
5
9
5
5
9
19
5
24
31
14
14
18
45
49
26
30
5
48
12
52
5
9
5
9
5
24
29
33
12
16
49
53
5
9
5
5
9
6
13
10
14
23
11
17
22
17
14
53
5
9
54
5
73
41
17
77
89
41
46
91
23
95
27
99
103
9
6
114
14
18
28
126
130
23
137
35
5
47
51
55
6
61
10
61
5
22
9
6
82
20
35
23
31
27
35
31
39
110
70
90
123
127
44
46
69
70
73
77
79
86
93
100
102
106
111
111
118
128
131
134
135
141
143
145
155
161
164
169
175
177
181
181
185
191
192
201
203
204
210
214
217
218
228
232
239
240
244
245
251
254
257
262
265
270
274
281
283
287
288
291
295
298
300
306
315
313
324
324
331
334
336
340
342
346
350
354
354
360
363
364
369
368
375
378
384
384
393
393
397
397
407
415
419
423
425
427
431
436
437
440
447
444
453
452
455
456
459
463
470
467
471
481
477
490
497
499
491
495
510
499
6
6
10
12
5
530
9
16
542
20
533
537
554
559
561
563
567
574
575
6
5
9
588
21
582
7
586
590
46
618
602
623
628
58
60
81
85
648
9
657
33
26
37
7
15
686
690
5
87
704
93
192
25
197
11
201
15
6
10
207
13
5
216
26
27
6
36
10
6
10
35
780
39
133
137
6
47
51
12
5
9
5
836
269
16
842
170
250
176
43
865
869
147
151
9
8
12
161
24
892
896
900
151
155
159
5
341
13
5
9
947
951
955
959
963
967
974
971
321
325
994
998
1002
310
314
5
5
12
17
16
20
21
25
29
33
1065
1079
1083
5
457
464
20
5
9
6
10
5
1179
9
1185
1189
8
20
10
1213
1217
10
1220
28
32
8
30
5
9
48
13
9
17
13
1265
43
21
25
77
8
32
1286
13
93
567
63
574
33
42
37
5
9
6
62
10
67
66
30
34
8
81
8
5
91
23
33
27
42
22
46
13
18
49
50
217
56
223
1430
1434
115
5
9
32
36
48
44
52
146
52
150
56
44
48
52
5
73
5
185
90
30
86
29
30
49
34
114
118
122
63
126
130
288
135
292
139
143
147
151
5
155
159
12
163
167
171
175
179
183
187
380
191
195
199
8
12
16
1680
1684
1686
1690
867
22
878
27
1176
1180
463
467
5
5
9
11
30
23
27
42
40
7
5
44
9
51
13
62
38
81
24
85
33
96
100
104
5
110
12
118
16
123
26
13
140
22
41
29
150
34
38
165
5
55
176
11
180
89
5
9
5
9
6
10
5
243
11
19
23
35
175
5
22
191
195
33
9
199
34
70
209
24
60
64
2138
2142
2146
2150
2154
527
531
2356
2360
1423
1427
547
551
555
2420
2424
1834
1838
1340
1344
2687
2691
2695
2005
2009
1171
1175
44
46
69
70
73
77
79
86
93
100
102
106
111
111
118
130
132
136
140
144
147
153
152
158
161
165
169
171
176
180
189
191
196
209
223
225
229
232
236
238
244
246
249
250
255
256
261
262
266
268
271
276
276
285
285
290
294
297
301
302
306
308
312
316
320
323
327
334
333
338
339
343
344
350
352
360
364
365
369
371
376
375
380
382
382
388
389
398
405
409
410
414
417
422
421
429
429
435
439
441
443
451
451
453
460
462
459
467
466
477
483
487
489
498
506
8
5
7
13
7
5
14
9
25
5
9
551
10
555
28
19
37
6
576
12
580
6
78
10
592
596
7
86
622
5
20
630
37
634
41
111
49
650
5
6
53
47
669
673
17
21
133
9
10
5
108
52
29
707
5
28
9
19
23
57
148
198
96
68
100
5
64
9
71
787
791
5
795
799
13
223
8
12
5
9
828
832
261
25
265
263
267
271
5
9
5
9
15
19
23
33
35
38
37
41
5
12
13
17
21
25
29
5
36
16
994
11
1007
1011
1015
22
279
283
6
32
17
5
1042
12
1046
1055
17
21
202
206
9
210
13
1089
1093
5
561
114
568
8
17
5
9
14
5
24
18
26
8
30
12
27
31
50
54
20
24
5
9
68
72
5
1220
1225
12
244
248
6
10
31
14
35
18
5
9
24
28
5
9
13
5
17
9
5
7
11
18
6
13
13
17
5
9
1349
1351
1353
1355
812
538
548
832
10
836
20
8
23
41
45
49
34
55
38
45
1435
43
56
49
15
901
19
911
15
915
19
5
23
308
100
22
15
113
1511
25
1515
1517
916
863
920
388
18
396
5
9
373
34
42
9
13
17
5
21
9
934
5
9
13
5
5
9
13
5
9
1648
1652
1656
5
1664
8
12
23
40
44
48
50
52
54
7
11
63
5
13
10
7
14
5
9
5
22
8
10
13
7
687
11
8
15
12
62
66
28
47
32
7
11
5
9
5
9
5
11
18
25
22
26
1975
1979
299
303
5
9
5
9
5
9
13
17
27
31
18
36
40
11
44
33
19
49
23
5
9
68
5
26
30
20
13
27
17
31
35
5
9
51
5
127
5
52
14
6
7
20
29
15
84
26
10
5
18
18
8
12
5
9
78
18
22
5
9
243
247
253
61
25
35
78
268
44
46
69
70
73
77
79
86
93
100
102
106
111
114
119
129
130
134
138
144
146
148
151
155
157
161
162
169
169
176
182
184
186
191
195
197
203
205
210
211
217
218
221
224
230
231
234
240
243
251
253
257
259
266
270
274
277
284
290
289
294
293
301
308
312
313
322
324
328
329
335
339
341
345
347
351
355
357
362
361
365
366
371
378
380
390
395
394
399
403
405
412
416
421
421
425
435
439
443
447
451
454
455
459
469
470
474
484
484
488
492
496
5
6
519
16
515
531
13
15
38
20
13
11
15
76
5
44
106
48
110
607
45
126
54
65
89
71
64
65
656
648
135
140
669
45
143
151
51
101
157
154
19
104
38
123
173
201
195
207
209
227
745
231
227
237
241
5
247
10
224
262
20
269
35
800
277
281
812
146
292
150
154
158
272
276
854
856
5
860
864
10
128
287
138
29
374
393
345
351
55
59
345
419
424
352
358
362
83
7
11
951
955
959
418
427
422
8
454
7
16
15
437
22
26
479
1020
5
1024
16
443
447
5
9
399
13
9
8
14
22
5
9
5
5
5
13
13
24
26
33
8
1147
15
1160
308
312
40
51
10
6
17
21
20
76
31
9
16
20
31
54
110
39
37
113
68
43
163
74
51
168
56
85
60
8
12
113
739
5
9
12
13
17
773
779
5
1350
1354
8
1361
5
20
641
11
27
813
7
16
661
84
27
88
841
35
30
34
124
10
14
8
12
130
6
10
14
18
5
9
5
6
9
10
1537
1541
775
779
9
783
18
21
192
198
32
36
13
19
1601
1605
55
488
492
1630
11
5
9
834
838
5
9
55
17
5
6
9
10
7
11
76
80
5
8
17
12
10
29
14
7
5
11
9
9
13
1821
7
1828
5
836
9
32
21
862
866
34
22
303
26
307
28
32
5
5
5
10
17
5
7
9
11
9
17
13
23
12
122
16
126
20
151
9
16
158
162
147
84
151
157
132
5
136
5
12
9
24
28
45
49
53
2064
2068
5
1440
6
10
1450
558
562
14
18
32
5
5
9
9
13
17
21
25
29
8
19
45
49
5
9
5
9
5
9
5
9
13
17
21
5
9
5
9
5
2371
2375
1779
1783
1787
907
911
915
3056
3060
3064
3068
2346
2350
1514
1518
3285
3289
2533
2537
2541
1894
1898
44
46
69
70
73
77
79
86
93
100
102
106
111
114
119
131
132
138
147
146
152
153
157
156
161
162
166
170
179
179
185
188
192
196
193
203
198
207
209
213
218
225
228
230
236
240
243
248
252
256
262
264
268
271
275
276
289
291
295
295
301
303
305
309
312
313
322
326
326
331
333
338
340
351
355
355
358
368
372
380
382
384
386
397
398
402
402
408
409
412
413
421
425
432
435
439
445
448
452
456
470
472
476
478
482
494
494
501
501
509
517
519
6
531
532
16
540
37
7
18
23
15
57
33
5
569
13
15
582
586
53
592
10
602
609
16
41
28
27
102
74
24
28
11
32
36
5
9
20
94
35
29
90
36
21
98
80
39
43
59
94
25
5
9
5
9
26
30
5
55
75
79
16
6
10
118
122
31
5
9
47
143
147
151
63
6
216
10
220
7
83
12
127
20
131
32
860
864
868
5
9
879
5
13
17
28
21
27
44
926
930
934
945
949
252
270
385
277
469
389
473
38
42
46
50
1012
5
9
1026
107
111
32
377
33
381
52
50
61
65
69
11
33
37
28
5
9
40
44
48
5
9
5
1149
9
1162
12
22
7
13
35
19
39
43
23
490
5
494
20
22
28
5
34
36
17
40
6
39
10
43
5
9
68
5
9
74
78
16
20
5
580
12
16
65
69
788
781
792
796
214
218
5
9
5
9
13
5
1360
9
13
6
17
10
1376
1380
37
1384
35
12
1390
9
1395
52
56
62
5
13
14
80
47
6
90
23
74
20
32
82
1466
5
49
150
5
77
5
5
34
20
24
18
1520
125
54
1526
103
136
107
42
46
77
8
53
12
57
709
19
716
166
72
55
59
63
639
67
645
649
198
185
189
273
277
5
9
13
17
7
11
6
10
1678
1682
1686
1067
1071
546
5
550
11
7
5
11
5
9
28
9
13
17
44
21
48
25
29
33
39
5
9
85
89
7
13
5
21
9
109
12
35
127
131
34
6
48
9
14
156
160
59
164
34
5
20
14
5
69
6
10
77
103
16
17
5
39
11
43
54
41
49
48
11
15
59
98
102
129
5
9
2096
2100
2104
1054
1061
328
332
338
2152
933
937
373
377
2264
2268
1671
1675
1120
1124
1128
529
533
537
541
2318
549
2322
1803
1807
565
572
1249
576
580
1253
586
1264
44
46
69
70
73
77
79
86
93
100
102
106
111
114
119
129
130
134
138
146
151
152
157
159
165
171
175
183
182
189
190
195
194
199
200
209
211
214
217
221
222
229
228
235
238
240
245
251
251
256
260
265
270
275
276
282
285
292
293
296
297
303
306
307
310
317
321
321
325
327
329
335
337
339
344
346
350
354
359
364
363
371
375
379
383
389
390
394
398
408
409
410
417
422
427
433
437
455
458
462
462
468
472
481
482
486
486
490
497
498
501
502
505
509
509
513
8
521
525
522
19
533
537
32
17
8
25
47
19
33
5
40
29
66
51
40
7
10
63
67
5
9
84
8
12
32
42
7
82
43
112
116
20
11
80
8
23
13
85
33
147
691
52
699
56
20
57
67
27
58
67
72
168
175
22
32
39
90
26
10
57
37
54
73
15
5
6
6
5
54
13
15
817
32
823
5
119
273
277
281
262
31
289
270
274
280
287
9
5
9
100
23
151
899
31
159
910
319
914
8
12
930
934
277
13
17
174
304
308
294
90
97
107
111
5
9
7
11
5
9
517
5
9
5
9
5
5
12
20
5
9
11
5
14
9
19
14
24
39
43
47
51
55
8
12
16
15
78
19
82
86
90
94
5
9
100
104
108
112
116
5
11
128
132
1281
139
1293
143
6
1302
12
9
1315
1316
33
40
1329
35
343
15
12
23
10
23
1357
1361
5
27
43
230
1384
43
26
30
408
34
17
42
13
267
55
92
16
96
53
28
31
817
37
70
42
5
77
1478
81
335
28
851
346
351
350
358
1511
11
91
369
373
10
14
18
201
210
36
214
144
220
51
55
15
11
19
65
443
25
448
452
47
267
19
54
467
26
221
474
225
478
484
137
488
492
496
504
299
515
109
26
120
33
124
8
534
538
542
549
32
17
1727
1736
1111
34
50
54
1124
149
153
5
57
15
374
5
288
9
292
13
17
66
630
635
639
15
643
86
26
651
7
11
19
23
671
152
359
156
39
540
43
544
379
50
383
58
62
716
720
70
724
728
1199
136
88
226
1218
230
1222
153
384
157
388
165
169
1955
173
1225
492
184
188
1240
192
584
591
204
208
212
216
548
2070
2074
1187
1191
671
675
768
772
776
869
2375
2379
2383
1657
1661
1665
1063
1067
2721
2725
2203
2207
2211
2215
1641
1645
44
46
69
70
73
77
79
86
93
100
102
106
111
114
119
131
132
138
147
150
152
155
161
162
170
174
181
187
192
195
200
204
207
207
212
215
216
222
227
227
235
239
244
245
248
255
256
259
263
270
272
274
277
291
295
301
303
308
314
315
318
321
323
328
331
335
336
340
344
347
351
351
357
360
364
364
371
375
376
383
386
387
393
395
399
401
403
409
417
421
423
427
430
440
444
448
452
456
458
463
464
468
471
475
482
486
5
5
9
9
6
9
13
538
545
17
21
5
49
7
13
575
5
21
587
592
597
87
17
34
38
111
42
51
6
53
10
7
60
25
29
65
67
661
665
669
39
27
679
31
5
6
9
12
73
8
21
15
16
148
20
7
11
744
17
30
34
25
242
29
182
248
71
187
191
195
201
201
203
207
799
18
212
23
27
134
138
34
827
242
33
7
38
843
848
849
852
859
860
349
864
353
5
302
879
11
883
887
354
36
898
40
905
5
377
90
924
928
932
106
35
5
944
5
12
955
13
17
21
25
977
242
248
60
64
1013
467
6
13
13
5
17
24
28
25
27
6
48
5
52
518
7
11
5
69
49
42
557
25
97
28
34
40
5
6
9
10
50
14
29
6
24
28
19
33
51
32
31
490
51
494
498
108
112
82
5
86
9
13
20
21
6
30
35
8
12
551
558
14
71
75
22
37
5
57
13
5
9
5
9
1357
1361
250
254
5
9
5
9
5
9
5
13
11
7
11
1459
1463
26
939
943
1476
412
1480
6
983
51
989
55
49
440
27
1008
511
6
76
521
14
30
97
34
21
547
19
1564
1044
51
1048
502
506
61
5
39
66
47
16
1617
27
7
36
111
19
30
34
1655
5
21
9
24
26
28
1679
13
35
39
5
9
51
31
5
5
9
13
19
26
49
9
53
35
1767
7
43
18
47
22
9
27
31
43
36
21
43
19
26
11
17
31
22
1831
40
27
14
32
1847
145
5
55
10
108
112
116
1283
120
1287
124
779
783
1904
1908
791
8
259
266
99
24
28
172
287
179
183
5
53
6
10
14
33
9
5
225
17
19
23
246
504
508
5
9
5
7
9
11
5
11
15
16
5
9
5
9
5
5
14
23
31
5
9
9
13
5
9
15
27
34
30
34
38
9
2654
2658
1556
1560
44
46
69
70
73
77
79
86
90
93
97
100
101
111
114
119
126
130
134
138
145
149
149
153
160
169
171
178
178
184
183
194
195
208
209
222
225
226
230
239
242
245
248
249
252
256
259
263
271
277
279
285
285
289
296
301
305
306
311
315
315
325
326
331
331
335
337
343
346
349
356
357
361
365
369
371
377
385
385
390
391
396
398
402
403
407
413
420
423
427
427
434
431
435
438
439
442
443
447
456
448
460
463
467
473
474
478
478
482
486
493
497
501
504
5
9
516
520
17
21
533
542
543
33
18
5
12
5
18
13
22
17
47
51
6
13
60
599
599
604
53
76
7
615
5
69
10
48
25
6
101
84
6
20
8
5
84
27
25
124
20
9
129
145
14
152
26
13
709
713
17
22
26
5
9
6
5
10
748
26
14
755
18
22
45
26
53
268
14
278
34
26
258
799
262
31
809
816
92
60
285
64
839
8
847
860
25
19
53
23
331
59
331
335
16
353
12
16
147
913
916
140
923
922
35
929
39
232
27
944
394
202
77
81
256
220
56
264
106
5
9
292
296
452
16
20
141
27
6
10
21
5
25
88
133
95
21
16
25
24
5
9
1078
17
1082
534
538
1097
1103
5
13
1120
142
146
580
584
588
592
596
600
604
1169
1176
617
211
621
215
5
9
640
476
28
647
651
492
659
5
663
14
66
70
5
8
1266
12
1270
93
12
16
5
11
5
9
15
22
27
31
5
9
13
5
9
13
5
128
5
11
10
5
1407
5
1411
9
886
890
8
12
11
15
44
5
48
52
142
30
148
9
1471
13
1475
80
44
27
6
34
10
38
72
42
76
1509
201
1513
206
210
672
12
27
5
31
11
39
6
13
43
11
32
33
6
10
727
37
180
184
50
62
38
42
5
5
18
5
9
32
47
51
9
13
5
1718
1722
1179
1183
1190
29
462
466
6
10
44
12
48
55
17
21
25
5
9
13
5
5
11
15
18
7
11
16
7
20
18
37
41
51
18
22
5
9
5
9
5
9
13
20
30
5
9
11
17
21
5
6
33
1986
37
24
25
48
29
14
36
98
22
5
26
35
39
21
44
26
14
2051
2055
22
6
2065
10
36
40
18
22
1116
1120
462
5
9
9
13
487
17
166
170
174
508
512
41
516
128
49
64
151
44
46
69
70
73
77
79
86
93
100
102
106
111
114
119
129
130
134
138
144
146
148
151
155
157
161
162
166
169
173
182
185
186
189
192
196
200
204
208
209
214
214
221
222
227
231
231
236
241
247
246
251
255
256
259
267
268
270
273
280
281
287
286
295
296
300
303
309
312
319
321
325
330
334
337
341
344
345
348
349
357
358
361
365
368
369
373
376
378
380
385
384
390
390
394
397
398
402
404
417
418
425
429
426
430
435
440
444
444
454
458
463
462
469
470
476
482
483
489
488
493
506
510
7
7
11
522
524
5
13
18
22
550
10
560
14
42
5
9
5
8
78
21
87
59
97
36
30
9
51
119
17
634
59
20
41
31
45
53
31
46
43
672
76
18
80
22
9
695
17
181
161
6
185
14
196
5
9
5
80
12
84
30
5
755
760
36
9
18
148
15
8
6
63
35
43
36
11
40
15
37
815
821
833
72
72
74
326
330
6
859
863
11
255
272
276
5
890
9
897
5
9
13
175
179
183
187
191
5
9
5
5
9
10
5
9
1080
1084
20
24
5
28
16
24
20
12
18
22
29
5
5
16
10
21
1159
19
1163
14
18
343
73
7
5
353
15
93
20
49
24
15
53
19
26
25
69
9
13
5
45
49
17
5
62
9
20
24
66
70
24
1298
32
36
1310
1314
7
11
56
692
9
35
82
715
36
55
12
16
14
76
19
28
1408
1410
6
51
43
111
60
1435
6
1439
73
17
138
49
5
71
62
1477
31
1481
27
5
38
9
157
46
161
198
935
939
73
255
182
92
261
266
90
139
5
171
10
175
14
18
129
5
9
5
216
221
11
6
10
5
231
9
230
37
5
41
5
11
5
29
29
12
84
16
88
29
92
5
9
13
5
5
17
5
9
25
10
20
5
33
5
9
13
41
17
21
8
8
12
16
24
60
5
9
5
5
9
9
7
11
5
9
5
9
5
9
6
10
30
30
12
29
23
17
30
21
7
9
17
17
21
5
72
35
9
43
5
8
14
7
33
16
15
35
34
59
43
8
63
98
102
74
106
31
80
5
94
9
99
5
9
117
9
13
5
131
56
60
140
25
5
31
12
45
16
19
23
27
8
12
199
16
5
11
27
31
17
17
38
26
46
14
42
54
58
397
44
46
69
70
73
77
79
86
93
100
102
106
111
114
119
129
130
134
138
144
146
148
151
155
157
161
162
165
166
173
176
180
185
185
197
198
197
203
212
212
217
217
222
222
226
227
231
233
230
240
241
238
249
255
258
259
262
266
268
270
274
278
286
289
292
299
304
309
317
317
321
321
330
334
336
341
345
346
351
352
355
356
360
366
372
372
377
378
381
380
385
390
394
399
399
404
403
405
412
412
425
429
431
442
444
448
445
449
459
464
463
463
467
471
467
477
481
478
482
494
486
502
504
506
512
517
12
10
531
8
14
27
13
6
10
564
29
18
5
579
24
12
16
12
6
19
602
76
606
610
614
16
33
39
636
642
5
646
65
16
662
9
13
668
674
682
146
6
86
5
160
58
116
67
28
33
6
66
128
14
72
7
76
28
752
70
23
60
67
199
5
790
148
794
152
208
55
89
59
816
95
823
135
5
830
9
836
264
58
847
285
865
289
151
155
143
884
889
315
7
11
907
914
139
296
924
146
151
308
155
159
429
436
43
47
39
43
970
269
273
999
1003
59
229
63
236
240
401
1032
405
1036
1040
504
508
5
9
463
5
5
9
13
571
5
9
8
5
16
9
1138
1142
377
5
381
9
6
18
20
8
24
12
9
13
5
9
9
6
10
17
28
21
15
27
19
6
14
17
22
21
29
48
1282
5
70
1290
17
1297
83
563
1312
722
5
726
9
6
30
17
36
40
608
612
41
91
45
95
9
99
13
103
5
5
12
9
16
20
24
5
9
5
9
5
9
5
7
11
16
1501
20
1505
1509
1004
1513
5
6
9
10
1538
1542
24
28
35
5
9
16
1580
54
1589
58
62
89
1602
1026
93
1030
384
41
5
45
14
13
405
22
26
6
421
101
1673
984
988
131
59
135
63
1712
1719
5
73
8
17
21
25
8
12
30
1756
5
799
9
807
5
5
9
5
214
9
25
220
29
224
33
238
5
9
6
10
258
262
41
45
277
24
5
29
9
15
224
40
229
233
8
12
6
1904
5
9
1916
1929
1061
1065
48
52
5
7
16
22
26
22
26
5
9
13
5
9
6
10
14
5
9
5
5
13
9
5
9
13
17
21
5
9
27
31
35
39
49
56
60
31
64
68
72
76
80
84
88
92
96
100
2489
2493
834
838
44
46
69
70
73
77
79
86
93
100
102
106
111
111
120
130
137
140
145
147
151
158
161
165
168
171
172
182
181
189
191
194
198
204
206
208
212
217
218
223
225
227
231
232
237
240
244
246
248
256
258
260
266
269
270
275
279
282
287
290
297
294
301
304
305
308
316
315
320
324
325
328
330
334
341
343
347
349
352
356
357
360
367
374
373
383
385
387
394
399
406
413
414
420
431
431
438
439
442
445
447
453
452
457
461
465
469
473
474
476
483
488
487
492
493
498
502
5
9
9
13
16
529
20
26
533
5
15
9
19
552
9
26
60
571
575
49
21
5
23
5
599
13
39
65
617
629
19
17
77
53
89
44
6
12
12
677
6
17
685
25
38
23
702
198
706
202
206
718
216
722
726
5
5
10
119
22
22
27
26
30
38
153
214
777
5
9
233
226
191
195
238
33
251
814
263
272
212
216
174
845
130
18
852
857
196
200
151
215
309
292
227
7
14
18
247
251
30
5
34
38
265
269
16
101
273
329
284
335
288
292
966
299
970
303
393
315
397
319
5
323
28
136
10
17
5
37
1027
1031
5
1035
440
137
32
447
143
30
197
36
98
102
21
426
29
33
438
5
5
9
9
453
19
60
9
37
27
1145
48
52
1152
639
56
643
60
647
64
503
507
7
14
519
133
523
5
103
149
109
544
5
548
552
125
556
129
11
136
14
5
18
151
43
9
36
13
42
29
80
606
610
614
618
71
36
40
1331
762
5
766
10
1347
1351
850
1361
1365
5
6
5
877
34
27
42
50
39
303
8
12
28
32
317
37
41
327
45
79
9
5
57
14
13
74
78
1470
1474
8
12
960
5
11
975
17
35
41
5
43
930
373
18
377
47
23
5
59
12
60
5
9
1640
151
155
5
6
13
13
20
1679
26
1687
36
1691
5
1699
9
208
212
1715
1719
228
1723
979
232
5
49
9
8
246
253
257
33
5
268
6
10
1028
51
291
1799
296
1803
300
36
304
1228
308
312
316
320
324
330
5
9
5
13
18
27
46
50
5
9
16
5
13
11
15
55
411
59
415
17
419
423
57
14
431
5
9
5
82
61
65
96
70
100
33
74
5
5
14
91
98
102
25
109
35
113
26
42
48
131
138
142
74
146
180
184
209
213
2412
2416
1834
1838
44
46
69
70
73
77
79
86
90
93
98
100
106
108
111
112
119
125
141
143
147
151
152
155
157
162
163
168
169
175
173
180
181
185
195
199
200
208
212
215
219
225
224
230
235
241
248
250
254
255
260
261
265
267
271
272
276
277
281
289
291
292
298
298
302
303
306
311
315
319
322
323
329
331
335
337
339
348
352
353
356
359
364
366
372
378
384
385
390
390
394
398
399
402
407
411
418
423
422
427
429
433
436
440
442
446
453
453
458
460
463
467
468
479
483
487
491
495
497
501
505
508
512
5
14
8
13
530
534
6
10
17
8
15
5
17
13
5
33
31
29
33
6
42
67
18
77
17
81
80
27
36
114
6
10
104
644
5
651
6
9
663
119
139
144
35
40
124
44
53
148
55
57
65
7
8
70
75
40
24
196
737
29
97
99
26
30
27
31
768
63
18
5
50
784
13
36
122
801
806
216
25
35
24
33
31
110
51
114
200
862
864
138
218
289
293
193
889
40
8
44
5
29
62
67
13
28
46
339
18
34
25
21
219
230
463
39
473
318
477
322
326
482
330
486
493
13
497
17
501
505
509
270
5
9
347
351
5
9
17
13
428
5
9
5
9
5
11
19
1160
362
23
1168
18
472
6
478
46
50
11
13
20
504
38
29
39
39
53
87
14
51
19
23
64
124
29
129
34
80
80
84
111
51
95
99
111
67
22
72
5
9
36
42
29
150
55
154
14
18
126
25
29
230
65
234
41
73
239
243
247
5
9
13
8
17
215
5
27
37
41
5
9
49
49
42
9
30
11
59
33
66
70
74
78
103
58
86
109
56
103
117
107
121
62
7
11
137
10
91
84
17
97
91
7
104
1562
110
1566
114
15
27
773
5
20
781
30
34
17
21
5
45
47
51
46
20
175
437
179
5
848
5
7
6
24
10
14
878
5
13
895
16
9
26
28
22
34
32
41
56
47
60
937
136
7
19
11
25
158
222
78
82
87
7
88
92
153
26
115
180
5
9
13
5
9
5
5
12
16
12
16
17
21
1923
1927
1430
9
1434
13
5
11
15
15
19
6
10
1476
60
5
9
5
9
13
8
12
16
20
5
24
28
2081
2085
2089
1416
1420
869
873
877
881
885
140
144
2565
1101
1105
600
604
608
612
616
620
44
46
69
70
73
77
79
86
93
100
102
106
111
114
119
131
132
139
144
152
155
159
163
170
174
177
182
186
187
191
195
199
200
204
206
211
215
217
221
224
230
232
238
241
246
245
252
254
264
267
271
271
275
279
283
283
291
292
297
300
301
306
308
311
312
321
322
329
329
333
334
341
345
347
353
358
361
362
365
371
369
375
371
387
394
398
407
414
416
422
426
426
435
442
449
457
456
460
462
469
469
473
473
482
486
498
507
5
514
16
6
22
533
10
37
542
6
550
16
20
51
8
571
34
13
34
17
591
591
604
607
17
72
115
5
114
9
83
8
94
14
15
19
673
677
29
56
136
149
141
76
700
8
22
27
711
163
210
81
78
87
222
102
223
227
746
232
53
61
67
6
9
13
172
98
799
40
804
226
201
818
822
6
67
249
17
75
7
11
5
20
861
27
213
24
32
221
29
225
48
229
121
56
125
61
5
10
137
76
141
919
159
86
90
165
94
98
19
23
27
31
190
968
972
200
222
226
216
5
9
1002
367
376
380
505
26
32
1032
8
21
12
25
27
31
414
38
426
430
434
438
5
16
455
462
1108
466
470
1115
1121
87
503
5
489
26
500
32
528
24
117
28
32
5
9
13
1177
9
20
1183
16
5
13
20
5
9
445
13
449
35
21
1229
25
29
465
35
39
28
43
32
61
65
57
61
1276
65
1280
581
10
585
11
592
19
1308
624
609
46
642
45
49
138
60
150
37
154
41
45
158
87
40
91
46
701
102
705
108
810
112
86
200
8
11
99
742
746
750
31
756
27
6
132
40
14
48
38
42
784
211
75
182
6
10
806
193
5
110
80
308
830
25
149
838
139
101
333
337
68
17
5
355
9
194
21
17
27
375
379
56
52
67
216
69
19
20
413
91
34
95
952
956
1108
1112
64
966
68
98
975
102
15
983
107
991
6
5
18
128
43
28
28
32
144
148
1030
20
495
20
24
5
57
9
74
44
523
5
32
9
36
86
90
1796
1800
1127
1131
1135
1142
13
1146
17
1150
1154
1158
446
450
457
280
284
285
1903
1907
1226
1230
121
125
1388
339
343
347
351
355
359
363
367
371
375
379
383
727
389
2027
2030
1365
2034
1369
1373
1065
1377
1069
1383
762
397
766
401
2281
2285
949
953
2534
2538
1568
1572
721
725
