5
5
5
9
18
5
8
8
9
9
5
53
49
45
27
71
28
35
16
16
15
49
20
50
53
5
5
48
26
16
41
6
44
10
12
14
13
55
9
13
19
64
53
52
5
70
122
16
13
10
30
135
57
105
31
37
92
20
69
45
82
41
13
36
88
140
15
91
39
88
94
69
148
44
149
134
11
83
124
39
103
28
79
7
31
58
8
122
20
110
119
58
21
11
20
61
73
37
195
5
5
123
162
110
9
143
130
6
133
113
72
306
123
300
293
19
72
290
80
270
7
7
64
8
48
260
91
239
172
28
19
162
103
111
41
59
119
30
63
71
304
81
11
273
277
261
64
5
265
236
49
223
131
26
32
5
145
38
134
136
30
131
5
21
139
101
33
57
40
14
28
327
28
24
6
141
13
5
5
37
5
9
16
56
15
14
6
6
6
5
24
5
49
395
362
14
5
364
67
364
359
265
25
264
8
58
214
47
6
50
12
128
34
12
13
102
6
21
103
61
14
60
22
38
8
20
78
5
7
5
118
104
9
55
44
48
30
19
30
21
8
5
5
5
6
5
8
15
58
8
394
35
73
336
65
59
40
49
17
15
27
18
17
40
6
5
18
30
17
51
24
5
66
48
5
19
373
8
6
30
83
339
29
5
22
48
22
23
355
351
5
339
55
333
5
324
239
239
238
8
10
239
12
18
27
13
225
5
202
5
77
41
5
1015
1005
5
6
6
24
10
1026
5
993
975
5
40
980
5
5
5
27
964
5
960
39
5
83
970
6
14
976
83
835
823
5
814
798
30
60
792
777
5
22
751
751
60
69
12
98
66
14
102
52
41
770
46
113
116
32
43
82
11
129
11
9
78
23
5
53
5
9
30
18
8
95
845
5
28
22
104
131
102
8
94
94
16
5
5
9
5
854
6
9
16
5
864
867
247
5
13
885
6
15
870
863
27
248
23
233
25
110
810
5
11
35
9
5
130
5
129
20
120
35
17
85
6
49
861
54
13
43
38
20
33
24
13
5
33
5
7
5
12
5
62
22
42
11
10
5
29
33
7
34
963
8
43
46
33
45
5
967
10
21
952
49
59
57
49
31
13
9
67
43
38
23
6
60
6
991
88
79
8
27
51
29
6
9
9
25
1000
8
999
943
175
943
944
183
879
1594
879
1566
197
201
133
127
78
81
21
25
18
16
40
5
32
22
15
1629
50
1461
120
46
49
958
870
5
139
20
13
1439
75
1421
33
1264
5
42
100
110
37
94
87
71
62
8
61
1304
68
72
1257
1196
66
75
1185
57
969
1162
30
35
874
29
917
91
827
906
72
71
777
67
91
874
75
67
151
78
59
6
839
835
125
825
125
45
5
820
465
832
147
13
401
832
808
772
156
5
148
44
710
607
36
53
549
482
47
328
39
24
57
5
15
51
8
6
38
302
12
54
10
5
12
338
126
321
30
5
298
300
291
172
17
28
5
152
6
160
127
10
126
39
101
36
5
10
83
971
53
963
5
6
707
9
578
695
18
36
5
908
665
909
567
8
62
13
27
914
880
881
857
7
827
8
453
380
838
834
93
833
340
333
23
19
21
319
9
314
20
256
852
681
674
215
55
5
38
29
876
842
840
41
31
162
847
28
838
32
41
43
46
25
49
26
44
267
9
42
35
881
5
216
59
202
170
48
121
57
6
116
36
907
40
22
5
856
8
855
829
720
65
676
94
43
5
14
190
27
144
682
96
73
11
12
8
697
19
23
569
16
692
581
548
26
528
456
456
13
459
393
5
273
267
227
243
229
165
144
124
61
90
202
13
179
9
8
44
12
102
5
14
74
1042
132
32
133
971
884
854
142
802
125
790
766
131
69
111
270
780
118
181
780
774
754
730
138
727
165
121
2951
709
2945
925
922
919
145
2897
823
2739
823
2738
821
728
682
835
684
673
660
838
661
837
639
2772
2744
2730
803
756
682
653
2746
648
623
604
593
626
2743
2707
2634
2638
2639
637
2634
2600
637
2588
620
621
624
616
655
611
2619
2621
636
2616
581
514
491
491
654
628
626
494
578
2639
481
478
2593
485
417
406
403
2605
2574
608
2582
2565
2556
614
2508
611
2491
2492
614
2495
585
2493
2480
593
2477
2447
2433
2434
2431
2403
2396
2379
2280
2267
2250
2238
2238
2207
2205
2199
2178
2180
695
2183
661
2180
2155
2109
2063
2061
2042
2040
2015
2003
1997
1975
1960
1955
1944
1948
1924
1869
1813
1804
1796
1797
1792
1774
1764
1765
1715
1714
1717
1700
1672
1667
1657
1661
1616
1594
1567
1569
1569
1547
1528
1505
1498
1480
1427
1431
1422
1341
1341
1318
1304
1307
1218
1215
1217
1209
1208
1162
1153
1100
1068
1071
1064
1037
964
934
5
5
5
5
5
23
14
16
18
11
12
5
8
34
5
5
13
18
9
27
16
24
79
5
80
81
23
58
26
57
5
26
41
8
12
74
51
121
9
79
90
93
17
10
47
11
13
15
7
18
23
10
66
10
21
5
19
20
82
5
21
5
5
6
10
16
13
9
25
6
5
10
6
8
5
29
22
10
10
6
45
14
15
16
6
5
39
49
17
43
34
6
29
5
51
11
66
35
5
53
24
29
5
5
9
15
111
8
19
95
74
12
31
7
5
5
12
5
45
6
17
5
12
22
40
11
5
43
14
13
245
11
9
37
12
5
42
35
31
26
43
25
6
18
28
239
25
11
22
6
23
5
19
11
14
15
268
274
5
15
20
5
5
266
9
6
267
17
121
101
7
45
10
8
256
244
244
236
263
12
248
238
241
21
37
12
26
9
29
219
243
5
15
221
6
29
9
32
35
10
5
265
5
256
9
244
226
20
33
21
32
128
46
10
6
166
22
6
5
10
8
6
18
44
5
43
261
263
22
204
23
226
209
194
5
196
202
82
67
7
59
52
16
24
275
204
33
168
6
5
153
152
5
136
27
48
383
333
166
78
5
339
142
67
89
45
36
175
366
337
323
316
52
53
12
41
328
15
86
312
15
258
27
241
242
12
7
181
167
123
5
164
93
6
93
7
142
11
47
52
40
5
28
9
27
25
13
13
7
12
52
24
153
117
20
114
9
60
28
79
5
42
11
73
8
5
14
117
69
65
69
73
11
136
8
8
132
130
40
12
113
5
17
5
5
8
10
5
8
5
7
5
8
8
7
5
5
8
9
7
8
16
5
5
15
5
47
12
470
52
5
30
8
31
12
38
13
8
41
10
14
38
15
15
59
5
9
29
537
76
5
54
22
45
457
372
5
372
5
87
52
172
42
186
172
48
109
180
134
5
129
125
5
5
9
82
169
6
151
5
38
5
76
73
44
78
41
154
6
974
97
42
11
56
5
46
20
47
29
6
24
5
30
22
197
1023
5
22
246
245
259
249
38
260
247
5
251
32
252
249
5
67
10
47
35
36
29
22
10
73
266
44
21
6
301
13
304
281
255
54
57
326
295
5
271
9
257
5
221
6
302
221
277
135
5
5
28
199
112
21
170
98
21
36
81
11
82
75
65
58
14
40
29
63
7
11
176
124
8
5
89
68
125
62
1338
44
73
1307
13
1161
66
1162
55
5
13
25
5
1171
115
1150
11
1120
10
1100
135
17
79
5
79
236
17
1125
239
6
322
144
9
105
101
1154
19
1150
44
90
32
21
361
15
7
5
13
377
8
18
284
1204
233
86
1179
1171
73
69
69
235
34
15
25
241
22
242
10
13
25
127
116
71
50
11
50
105
1252
106
62
11
118
72
44
15
1249
5
1249
48
1188
14
29
21
175
156
1202
1192
150
146
70
7
1212
71
1194
1186
5
1158
40
88
1157
6
1133
25
1132
1128
1110
1076
15
1055
6
9
99
15
1043
5
1005
219
85
21
24
975
21
202
5
137
5
38
63
39
26
14
5
7
65
32
5
23
21
8
1036
834
42
987
38
977
28
34
91
14
34
6
49
979
11
949
20
14
939
51
152
42
154
6
947
138
5
930
25
914
58
915
946
914
887
782
33
24
25
723
692
21
20
28
584
18
16
42
17
41
9
20
8
68
48
12
636
543
5
541
5
64
42
5
44
562
20
8
18
76
56
55
55
596
41
28
46
47
50
23
26
44
20
5
24
69
650
616
28
8
7
13
10
15
54
130
618
602
5
41
586
588
27
5
5
588
575
31
571
527
753
704
685
494
681
479
234
32
244
677
22
176
59
16
65
588
41
60
522
62
520
516
498
614
497
50
622
475
614
443
41
5
46
426
7
425
61
398
378
364
5
306
513
82
257
193
22
87
59
69
163
57
58
118
50
102
90
528
499
413
401
398
392
370
352
334
313
303
307
297
284
275
275
271
166
330
330
332
267
257
254
251
239
243
244
214
1939
1881
1876
1874
1848
1835
1815
1723
1727
1705
1684
1668
1668
1666
1655
1645
1641
1623
1616
1619
1594
1592
1593
1520
1484
1477
1475
1384
1383
1380
1353
1340
1336
1314
1316
1242
1232
1225
1171
1166
1170
1167
1133
1117
1106
1076
1032
1008
945
931
923
878
874
865
866
836
4156
4128
4129
4097
4094
4082
4063
3991
3981
3878
3835
3805
3751
3733
3701
3686
3668
3616
3597
3574
3555
3538
3537
3521
3520
3454
3352
3340
3326
3328
3326
3309
3304
3299
3294
3295
3233
3191
3185
3175
3136
3126
3128
3103
3062
2999
2956
2924
2851
2823
2792
2776
2757
2756
2734
2711
2707
2634
2609
2589
2584
2558
2543
2498
2477
2471
2426
2426
2428
2336
2321
2296
2256
2247
2238
2234
5
5
5
5
13
9
15
18
10
52
33
7
5
7
15
8
17
13
40
18
14
8
55
17
41
74
5
18
5
11
34
25
5
5
15
6
8
15
34
55
5
24
60
48
96
26
66
30
12
6
21
16
67
84
5
69
23
7
65
8
58
6
51
17
16
17
49
7
72
5
7
5
5
5
5
168
5
5
92
94
87
91
7
12
5
9
8
5
11
29
5
8
5
6
8
5
6
13
15
36
5
84
41
60
23
27
15
5
7
9
10
5
5
7
8
5
11
5
20
9
25
27
5
19
8
6
15
13
5
21
7
6
9
12
5
5
83
6
15
53
21
25
18
25
9
5
23
5
5
5
5
5
6
67
5
7
5
18
14
14
14
5
14
7
10
7
5
8
32
5
41
29
46
5
40
14
33
18
6
6
15
5
8
107
795
736
704
17
5
12
19
13
32
31
683
27
582
573
5
12
5
566
13
23
578
576
25
570
568
15
498
20
7
296
6
5
11
8
146
181
7
81
21
89
156
144
169
549
506
145
494
111
490
68
78
498
459
144
15
169
412
116
15
34
122
428
124
415
158
157
158
57
17
427
158
13
155
168
429
150
9
136
50
133
6
118
142
355
124
13
120
9
88
113
8
110
77
368
371
8
366
10
75
340
70
43
6
21
8
11
5
349
368
406
287
333
177
23
6
179
253
61
42
200
15
22
5
12
166
158
73
310
57
32
29
12
8
47
11
29
22
16
222
33
166
140
20
41
153
19
65
327
37
134
57
116
299
29
5
125
5
310
266
201
5
201
7
182
143
132
15
16
7
18
5
140
127
51
42
128
107
229
233
9
205
206
169
13
173
55
159
26
51
9
16
166
38
60
42
175
146
64
88
20
19
184
5
6
8
5
12
7
222
191
215
9
212
39
142
5
50
51
226
184
53
178
155
127
120
127
161
1358
46
53
143
24
94
5
84
5
51
201
12
21
17
26
21
1374
5
11
6
5
207
46
188
230
227
188
195
182
15
20
157
139
128
93
203
1398
77
14
21
39
1390
36
104
44
31
6
41
121
40
122
76
1390
14
64
60
8
1404
1357
9
1323
88
48
89
5
1329
11
1329
1285
73
31
1284
19
1266
1185
1138
1136
1127
155
1096
17
33
16
1117
1105
178
5
40
167
8
42
162
157
16
5
1144
165
118
46
5
34
467
1154
5
1155
1117
432
11
16
430
18
426
426
5
421
393
1133
385
1090
316
79
275
62
274
1087
236
1065
71
241
1072
70
5
42
9
6
10
1091
7
271
1101
251
240
5
1011
242
970
26
10
49
36
976
46
973
50
954
16
948
10
16
293
232
28
193
179
185
40
162
58
25
63
54
5
987
69
218
209
40
172
39
147
151
9
40
14
11
137
26
5
103
107
968
5
111
927
43
926
12
54
927
23
109
5
21
48
94
899
5
78
817
7
799
65
800
801
20
5
781
9
782
786
778
779
130
759
121
723
93
5
733
109
5
712
59
63
25
59
62
5
50
39
9
144
40
755
737
710
5
372
5
7
11
21
722
703
690
860
848
834
27
18
7
708
711
22
719
833
721
11
6
724
685
856
860
661
858
853
661
665
856
5
672
5
794
92
664
789
778
1097
5
109
616
618
785
36
140
9
91
808
11
815
52
641
627
45
623
814
1024
971
7
7
5
56
9
601
44
646
646
946
598
581
952
585
640
837
47
53
922
28
6
847
32
763
29
663
762
665
766
644
507
481
950
616
85
911
11
857
61
643
27
851
33
649
804
629
604
754
604
49
7
592
107
100
844
93
8
14
6
15
787
6
14
780
864
777
866
145
20
801
129
6
32
798
731
728
811
726
730
123
74
74
809
705
503
699
766
672
103
74
682
832
677
103
681
673
99
586
579
533
486
445
776
448
724
152
107
848
784
783
699
780
811
809
743
803
454
867
787
459
497
495
854
740
472
320
515
871
395
838
700
818
353
491
355
780
723
479
808
783
346
732
717
497
466
722
715
716
473
717
910
889
462
827
437
749
2254
425
2241
417
2243
414
405
2245
400
771
2256
355
2255
2232
783
773
770
739
2250
2148
662
2159
524
2139
866
759
2119
2103
2090
758
845
845
864
817
847
776
779
613
867
586
526
844
2144
800
752
849
2145
827
750
738
721
715
828
792
679
724
672
679
695
2131
683
2069
2056
2021
2013
1995
1992
723
1965
725
1955
1880
692
681
1780
675
1770
671
1750
1698
661
658
1683
1685
1672
1674
1630
1614
1550
1528
1525
1492
1494
1492
1474
1464
1419
1415
1388
1375
1331
1330
1311
1282
1264
1245
1193
1152
1114
1111
1099
1090
1060
1051
1053
1054
1054
1030
939
926
921
876
880
854
857
5
5
5
5
5
7
8
5
6
5
6
8
10
5
24
64
5
28
18
15
19
7
5
5
67
38
5
36
8
39
5
100
7
23
13
14
9
22
111
54
40
6
5
15
5
13
73
29
93
6
20
5
111
99
17
11
56
10
8
93
33
115
260
224
42
71
100
20
65
52
173
27
11
222
13
172
219
143
28
5
71
216
65
6
213
214
5
8
10
42
244
18
233
24
204
12
205
246
5
5
18
260
10
5
256
11
205
245
6
177
16
53
31
293
14
202
174
96
94
75
5
56
21
229
23
9
202
5
6
335
8
5
201
21
354
353
16
216
144
20
347
5
330
328
36
35
55
64
27
14
61
76
65
81
59
51
49
37
54
371
426
5
17
14
428
15
386
380
5
346
7
30
424
24
420
19
396
5
16
9
455
44
39
432
42
428
40
377
38
337
310
12
53
66
309
212
12
423
369
63
353
62
28
9
98
101
71
106
89
52
78
53
5
380
60
25
72
97
46
19
87
68
5
14
60
17
52
7
39
497
99
322
85
434
324
190
5
197
6
189
10
606
596
467
82
5
5
5
7
30
27
23
98
9
5
495
98
492
97
14
5
5
584
19
575
464
5
569
10
34
581
22
558
560
13
564
44
14
49
499
550
71
31
559
5
557
546
51
54
14
556
11
116
524
7
494
564
558
321
489
499
5
420
27
5
77
417
37
414
404
51
13
44
23
5
29
378
19
371
6
365
7
361
158
143
5
115
13
116
220
5
26
14
5
135
114
602
22
91
64
18
244
600
5
13
197
163
128
121
16
625
622
626
514
5
34
197
5
177
157
515
134
509
103
145
148
109
113
86
48
157
23
91
160
25
774
758
122
165
159
756
104
561
555
96
9
547
537
6
475
92
87
55
49
5
43
20
8
506
509
501
481
107
430
8
218
186
157
155
149
224
147
461
438
441
37
439
440
435
146
46
8
79
121
456
452
77
57
70
29
10
154
477
144
5
475
121
451
98
453
88
5
15
148
125
121
468
157
472
118
127
35
121
155
76
9
436
154
422
111
425
91
427
436
14
11
81
446
40
414
408
5
31
384
24
374
363
336
239
332
5
328
236
233
95
281
98
276
6
5
246
236
99
218
45
287
220
9
158
101
99
110
311
112
66
56
67
44
596
12
599
6
508
16
368
1263
7
84
10
71
314
1209
7
1187
12
7
330
29
270
156
149
153
139
47
144
23
1232
37
1212
1084
1075
38
30
114
1069
102
913
19
15
31
92
8
34
28
34
135
5
129
102
6
48
49
5
17
154
5
14
160
86
29
12
85
171
6
5
47
1022
52
11
77
34
81
5
125
604
35
69
1024
9
1011
934
608
938
8
922
196
5
7
12
191
36
789
189
727
206
664
183
12
652
190
89
144
19
622
420
45
150
422
126
423
12
708
89
370
35
701
151
640
640
96
115
619
261
5
250
69
639
89
5
88
5
54
10
92
39
623
12
608
599
20
5
5
18
283
620
9
283
621
257
619
249
159
611
6
5
617
8
621
609
10
16
609
31
574
16
8
589
592
5
64
6
67
68
579
21
244
22
189
598
47
192
574
531
161
60
526
103
83
513
34
6
500
13
26
50
37
40
39
516
486
485
57
64
68
61
1064
1043
162
503
67
24
1061
112
486
114
479
54
93
5
110
30
5
75
73
498
73
492
9
446
5
9
447
433
17
429
431
103
13
1103
36
39
37
25
24
2045
2042
6
19
6
52
27
14
14
9
80
78
2013
53
52
513
1156
1160
1138
1131
32
1073
1073
51
2048
1083
1086
2052
2045
2036
1047
1986
539
527
1058
505
1970
1974
1933
158
1920
1069
113
1068
527
524
992
1896
1900
1889
137
1886
541
1889
1868
1822
510
505
1811
476
1010
448
1831
1834
973
1788
352
295
946
282
1809
1796
1793
1781
1784
965
1765
1757
1755
1751
966
1743
961
959
340
1756
1760
1722
1716
1715
1693
960
1684
951
936
933
1688
904
1681
394
1692
373
1662
911
379
1653
1655
1650
1639
377
1584
912
1583
883
813
1575
1580
1571
1567
833
1549
1542
1523
843
1523
841
1507
845
1500
798
1485
764
1441
746
1426
728
1422
725
1429
733
1308
725
730
726
1327
1327
682
1319
684
685
2283
646
2255
2214
2208
1308
2182
1306
2125
1243
1210
2094
2081
2072
1209
2018
1989
1966
1956
1184
1144
1120
1083
1976
1087
1975
1965
1926
1869
1078
1840
1072
1819
1084
1085
1840
1018
1843
1843
1815
988
1818
977
1805
976
1789
948
888
891
1793
846
1757
845
843
1773
820
1777
1775
1751
1732
1686
1683
907
871
1685
1659
1654
1564
1535
1538
1513
1495
1419
1411
1408
1375
1346
1309
1288
1276
1274
1257
1226
1204
1193
1196
1102
1069
1062
1054
1040
1040
1012
1001
980
969
5
5
8
5
6
5
6
13
42
11
6
5
16
24
13
68
11
68
26
32
24
37
40
18
15
13
5
9
5
51
50
17
20
25
24
34
7
10
29
10
45
30
39
13
39
43
63
18
5
15
154
5
121
91
66
79
63
8
9
8
117
9
31
10
97
80
135
58
26
6
28
22
41
24
5
30
140
67
13
18
19
9
5
81
76
76
56
46
8
29
26
29
18
63
46
17
41
44
7
9
54
13
51
13
6
9
49
251
6
5
5
52
26
46
9
16
71
49
221
56
43
77
39
5
44
69
5
31
75
41
33
6
28
20
20
103
31
464
5
27
11
23
32
36
17
8
17
14
11
62
5
38
488
57
490
484
483
58
398
36
66
45
401
11
45
18
5
91
67
14
71
102
32
20
6
383
10
16
50
47
40
48
52
340
49
45
49
49
41
56
26
58
47
61
5
62
174
5
5
68
5
10
178
348
168
335
335
174
5
171
180
95
23
54
21
111
8
7
152
61
7
714
10
36
711
37
32
708
627
33
7
87
43
59
41
19
46
16
8
22
102
6
104
23
38
6
94
72
75
41
22
67
61
15
30
37
27
5
8
6
5
8
26
25
556
76
527
514
493
27
26
489
485
5
5
60
27
15
19
5
16
469
8
59
131
16
129
6
83
41
10
12
35
8
26
532
5
534
521
406
36
24
409
8
333
291
268
16
245
242
218
178
145
1004
13
5
5
1001
10
42
894
6
179
148
167
167
64
149
5
27
904
893
90
877
630
175
865
112
22
29
254
14
1050
26
26
61
53
5
150
6
12
149
1057
684
685
165
179
15
152
123
5
93
73
77
7
5
8
5
74
25
10
59
33
708
6
6
212
213
1071
1025
176
720
25
58
727
705
705
695
1031
37
81
308
704
55
286
255
257
210
190
183
180
187
161
5
162
210
162
1106
40
1112
12
160
1112
498
1097
32
1078
7
30
1094
14
103
218
1099
979
26
51
867
225
856
208
860
844
864
834
91
752
51
51
754
44
889
765
867
848
49
845
627
843
805
189
23
776
46
728
34
15
12
680
799
51
35
806
29
31
330
6
8
697
317
701
622
593
530
522
25
597
65
278
152
605
100
22
727
6
80
60
8
63
697
586
64
590
116
714
890
600
706
109
85
561
76
528
726
527
649
68
927
516
25
78
9
28
524
656
435
656
76
604
607
444
406
158
607
407
99
88
398
159
190
408
161
19
149
152
20
119
1034
608
996
572
571
377
574
974
971
169
1634
968
967
1633
961
1526
6
530
193
957
949
511
46
13
1547
522
1539
528
1523
507
587
1507
594
1472
1475
151
16
390
15
586
132
107
1010
997
1361
28
1249
505
923
917
411
903
135
1259
77
499
324
478
32
1265
1203
374
9
500
371
8
56
1195
304
20
188
1201
496
156
106
403
98
17
1003
16
1217
460
8
431
427
1225
1165
414
1148
1128
1074
682
1050
952
259
1006
479
242
930
201
933
202
899
42
127
111
7
5
106
902
20
148
50
521
5
478
252
903
907
879
1078
806
1025
1015
300
809
302
297
11
773
279
1011
27
716
314
234
149
30
241
1041
662
995
255
244
27
335
548
28
53
1018
989
273
357
984
950
570
326
58
30
544
37
65
258
225
217
989
985
144
515
41
510
508
155
468
43
452
1002
167
164
26
58
971
25
968
181
48
130
408
982
125
121
28
106
1063
40
1059
1028
875
833
108
837
94
825
51
818
778
756
5
747
1116
738
1110
724
711
709
1122
93
78
1097
73
1103
728
700
1118
1101
1059
14
5
1070
703
1072
702
1072
649
617
599
1042
1043
477
425
618
374
325
1054
326
323
1035
384
30
1046
1045
644
1056
645
314
147
174
169
154
84
1045
1044
672
1048
1025
672
642
1028
642
563
563
985
990
604
993
314
573
562
565
543
487
1009
470
245
971
468
472
969
332
329
1154
331
473
446
970
431
1163
1148
350
984
275
983
1082
264
1068
987
1008
469
437
1010
994
998
994
424
957
847
934
406
938
889
390
852
383
830
1043
362
782
930
909
891
767
902
757
898
903
834
822
808
775
804
752
924
898
873
755
871
757
793
760
758
752
715
848
701
681
824
821
642
794
631
783
625
799
540
782
626
781
555
557
787
793
781
560
737
551
715
672
644
645
607
595
2127
2089
2090
2029
1984
1983
1823
1827
1819
1819
1762
1739
1732
1735
1703
1612
1510
1385
1254
1240
1220
1210
1214
1028
1214
793
1221
1224
1205
1178
1150
1108
1473
1079
1453
1060
1472
1028
1454
1023
1455
980
1459
954
1455
1448
961
1446
1421
1415
1409
936
1417
1406
929
923
1398
1398
910
1317
1244
1243
1152
1137
1108
1111
1103
1105
1106
1093
1083
1067
1071
1059
1057
1048
1047
1011
1290
1262
1200
1169
5
5
5
16
13
10
11
11
40
14
17
44
5
33
12
5
18
5
10
34
78
17
69
75
51
75
54
57
29
59
105
14
7
85
24
16
9
8
45
8
48
11
94
155
177
136
169
161
5
156
155
24
5
5
5
131
54
36
46
23
5
125
131
10
9
15
6
12
69
5
5
71
81
236
51
50
22
16
9
253
5
5
253
6
253
18
17
225
196
5
200
42
203
5
14
210
212
71
52
19
201
182
175
22
137
5
65
33
113
64
5
69
67
233
13
6
197
195
73
32
5
29
164
6
144
265
35
42
226
155
5
287
245
13
42
27
9
9
76
83
75
44
220
12
9
225
95
24
6
6
232
200
191
182
104
5
80
71
319
274
5
79
244
61
244
223
295
276
5
7
237
219
225
9
101
7
82
226
7
240
21
237
230
200
33
197
161
199
125
126
171
5
104
173
184
6
173
172
152
161
134
139
87
24
18
116
17
68
155
14
180
141
138
77
5
71
20
33
5
177
9
146
136
14
136
139
9
13
23
228
28
207
130
6
185
15
170
5
141
30
135
31
14
147
13
46
23
12
17
19
23
21
44
5
14
16
10
192
819
5
5
16
77
208
21
12
202
17
791
735
6
7
14
5
36
208
13
168
8
12
173
773
27
23
42
162
752
59
46
42
46
17
53
57
8
52
31
51
9
73
16
64
70
20
46
8
5
239
242
5
195
195
172
15
15
5
113
106
31
105
838
91
80
66
776
14
732
5
5
725
39
33
33
720
21
25
24
20
30
21
21
500
88
6
5
62
5
18
44
9
26
9
102
31
91
24
80
50
8
42
42
556
512
5
11
16
445
812
815
789
947
735
897
76
36
51
27
5
53
8
24
916
19
918
35
125
46
111
18
82
808
35
792
6
7
5
51
787
732
36
485
180
716
17
719
9
501
200
695
201
5
41
940
511
5
508
486
23
9
229
463
5
735
710
700
5
5
696
20
198
598
25
7
27
13
16
7
90
612
5
573
5
495
522
461
477
389
260
461
368
449
370
35
401
385
12
329
289
239
382
211
207
318
12
324
192
187
176
279
129
87
14
80
218
188
354
142
124
43
358
360
104
32
51
136
38
40
7
20
365
11
368
5
366
166
5
120
120
66
387
5
63
392
355
351
202
293
76
206
9
211
5
83
170
85
225
160
89
25
9
18
163
1276
6
8
1128
347
312
267
5
5
268
5
6
1103
244
955
34
155
712
28
28
6
28
88
233
693
8
282
410
13
275
260
21
17
277
217
653
159
25
142
44
14
10
15
129
52
357
34
100
959
630
21
44
9
5
36
346
5
992
74
651
298
636
5
999
51
961
518
5
137
265
265
953
264
264
965
245
5
249
5
231
44
43
987
959
159
580
928
65
7
916
5
13
577
42
581
509
39
6
187
386
17
112
270
42
269
72
91
79
53
14
7
7
11
284
269
79
116
117
83
30
14
77
31
13
6
7
279
40
39
87
254
25
286
256
257
71
218
31
220
35
14
19
227
208
78
16
210
5
44
5
1112
50
37
190
48
50
184
51
68
5
1140
1063
181
1043
22
1021
542
26
533
44
484
101
93
13
56
502
28
63
492
1039
228
1042
211
1013
176
482
453
16
427
194
435
15
6
136
175
8
34
457
56
202
6
9
184
75
185
66
61
59
1102
212
214
1108
185
36
119
83
964
28
949
30
917
98
40
31
16
8
268
257
165
14
11
247
128
129
890
895
108
13
68
755
35
710
676
5
667
53
8
49
637
515
306
519
511
14
508
283
24
247
208
431
190
137
443
117
119
81
6
8
53
31
426
35
344
9
307
338
55
56
296
242
138
111
102
9
5
36
5
88
67
109
508
482
13
5
488
819
782
13
23
19
40
478
467
787
5
779
362
322
475
305
227
801
793
230
206
752
666
662
205
643
95
564
492
482
100
122
96
455
460
450
394
372
554
350
487
490
495
489
443
429
403
341
315
306
262
208
432
412
360
364
276
265
3670
3665
3632
3614
3612
3594
3584
3506
3481
3475
3472
3408
3374
3368
3360
3254
3230
3201
3194
3192
3166
3168
3156
3160
3160
3157
3142
3142
3069
3061
3044
3039
3020
3009
3000
2985
2929
2906
2903
2901
2899
2898
2875
2879
2863
2867
2842
2838
2842
2836
2805
2741
2738
2733
2723
2725
2666
2667
2647
2651
2642
2611
2589
2556
2559
2556
2515
2505
2493
2494
2482
2458
2400
2379
2341
2248
2245
2200
2182
2167
2163
2158
2111
2105
2083
2001
1921
1924
1913
1883
1882
1824
1778
1772
1776
1739
1734
1727
1721
1714
1661
1653
1642
1633
1596
1568
1572
1512
1467
1471
1461
1374
1373
1374
1334
1329
1269
1225
1197
1186
1189
1192
1138
1140
1129
1131
5
5
7
8
6
5
12
12
9
5
7
5
6
5
5
8
7
7
11
5
5
6
26
29
22
18
6
6
9
6
36
22
45
41
26
9
5
50
52
12
5
8
28
5
5
9
6
21
15
16
11
25
28
14
33
20
34
29
52
9
26
5
10
11
18
7
202
30
176
49
44
5
9
46
5
20
5
7
8
9
86
159
70
118
70
68
85
12
18
122
250
8
19
8
133
44
42
5
9
6
28
13
36
132
106
5
68
9
5
5
5
8
5
134
125
8
129
6
86
5
15
75
19
52
9
9
8
370
28
5
49
39
10
384
50
34
381
50
53
53
26
77
31
402
83
356
64
80
33
55
346
316
5
5
9
24
50
13
54
43
102
25
77
29
99
142
242
60
9
5
122
6
12
16
49
5
6
25
55
6
5
8
16
161
6
47
51
268
11
155
66
134
40
128
23
259
245
5
49
43
159
139
136
8
138
246
244
130
6
67
115
22
9
48
87
23
8
64
7
269
12
9
5
5
52
12
100
276
78
5
81
57
14
18
16
66
5
5
14
20
136
5
185
52
5
62
197
40
197
66
200
60
148
47
205
6
151
212
139
20
14
59
15
232
6
211
52
25
39
174
18
158
5
5
5
36
125
38
102
92
21
20
71
19
7
46
47
38
50
50
5
52
32
34
36
25
15
28
20
570
15
542
20
17
12
14
280
33
9
285
48
36
270
55
269
6
10
274
261
236
70
240
13
237
5
8
237
155
159
8
8
5
610
9
14
29
21
326
24
636
6
180
6
184
21
32
357
706
23
26
709
5
33
719
171
369
343
17
185
65
54
17
198
5
17
19
33
5
199
5
188
187
19
788
397
29
36
40
199
329
195
5
6
46
202
206
340
55
53
220
197
832
830
192
6
178
144
823
77
5
821
58
17
6
20
874
9
826
797
790
794
791
778
771
92
244
80
772
218
21
135
32
61
9
6
36
256
107
31
22
792
725
5
10
12
6
16
6
739
5
15
755
795
760
5
728
8
19
36
22
45
722
198
30
189
805
196
169
6
790
157
22
67
115
159
684
673
167
45
14
5
820
176
18
107
692
185
839
241
657
790
209
54
184
140
656
658
40
29
127
818
37
212
217
31
200
53
817
44
64
8
55
52
51
55
46
51
9
856
235
27
55
5
234
31
254
749
8
123
714
685
5
601
209
105
89
31
61
590
27
36
14
42
62
10
7
59
33
21
16
845
176
5
522
5
17
514
938
464
941
930
463
109
73
287
65
267
260
6
14
2069
259
7
883
13
12
14
478
9
464
911
301
2042
12
2038
66
56
332
11
8
2010
16
1956
5
6
1894
1892
5
1859
5
1866
1863
565
1783
9
340
1023
405
6
13
346
1693
319
1626
91
317
1599
25
1064
15
14
365
302
306
28
246
948
5
318
10
316
313
47
1662
968
1653
972
527
333
531
316
976
80
70
53
932
27
1690
343
1648
8
296
288
330
324
121
317
1653
5
67
562
70
6
9
1621
1569
72
25
583
568
39
573
1579
556
329
533
45
13
1572
5
5
1518
1424
23
417
1357
577
5
16
21
541
1328
53
17
12
389
12
9
438
1282
415
566
413
421
1145
1149
1009
6
8
973
82
434
985
5
407
993
434
1294
432
420
410
432
5
380
417
1291
358
11
252
7
246
47
14
46
440
423
405
717
41
54
1099
1101
376
92
430
372
743
346
738
1125
730
720
116
7
660
358
121
1134
5
1130
1111
1093
120
1085
1084
400
141
12
5
402
58
1047
1053
729
715
1035
665
410
383
387
666
195
194
15
90
6
402
195
1536
449
1515
1471
1466
5
459
1425
224
209
266
111
1109
83
454
1117
448
100
431
1138
260
1092
222
122
1086
1087
95
222
1072
200
1055
176
1024
1027
1018
989
177
950
147
861
139
130
863
144
856
824
142
146
778
782
1552
158
160
594
597
792
1559
1370
429
1319
809
774
760
734
1312
452
445
368
346
1295
340
274
1141
262
1103
1037
959
957
928
773
921
877
775
854
715
711
671
638
582
582
542
489
407
397
376
1078
1064
383
985
379
380
997
986
978
907
952
923
850
923
941
934
893
874
869
841
809
870
766
832
736
739
770
769
719
714
681
720
708
700
709
718
665
664
657
651
638
644
646
624
586
582
580
740
702
683
633
2756
2743
2732
2696
2686
2656
2635
2626
2627
2597
2591
2584
2575
2561
2514
2496
2479
2434
2438
2403
2336
2291
2261
2248
2237
2223
2139
2100
2072
2073
2067
2069
2025
1963
1955
1920
1924
1883
1884
1884
1887
1817
1811
1811
1788
1768
1753
1704
1668
1663
1662
1666
1662
1638
1633
1635
1636
1613
1550
1552
1550
1510
1513
1517
1517
1430
1406
1379
1368
1367
1328
1326
1328
1323
1299
1274
5
5
8
6
5
13
7
9
5
38
6
22
5
7
8
5
11
25
19
15
5
35
18
5
20
10
9
12
37
45
10
24
19
37
43
5
20
5
5
72
5
17
23
84
8
5
79
12
73
10
89
93
7
9
27
62
63
59
46
19
18
113
74
105
36
81
31
92
232
191
35
197
53
18
49
6
10
218
70
219
5
152
55
42
44
34
81
222
34
6
94
7
30
44
100
16
52
99
38
24
12
59
5
92
12
7
85
90
74
191
68
10
5
14
186
23
46
17
20
80
50
6
44
45
132
21
110
89
84
13
5
9
158
121
15
148
148
99
91
76
12
19
30
22
54
154
54
38
54
54
56
33
15
34
21
191
19
160
36
32
166
20
143
5
139
139
129
7
105
79
25
71
48
15
5
8
7
404
5
6
585
12
27
338
427
11
314
280
233
361
237
357
42
283
229
10
135
447
133
98
57
73
5
62
263
379
235
215
125
71
33
60
12
351
47
15
11
65
104
51
31
18
112
64
6
21
151
5
23
147
5
140
124
5
27
103
58
5
5
10
5
6
70
14
5
11
7
56
48
6
10
8
52
24
5
51
17
16
35
13
12
12
21
6
334
856
774
734
8
5
718
6
682
22
9
15
648
9
600
554
359
556
10
12
82
332
19
239
20
6
5
589
5
230
225
35
8
226
218
7
177
579
6
182
582
5
5
570
168
13
116
17
7
5
101
49
606
603
5
6
571
571
565
29
12
21
12
162
149
25
30
559
12
29
6
499
103
5
499
490
28
5
5
159
515
11
51
48
5
5
61
344
62
540
498
474
358
8
375
180
427
56
423
5
5
379
378
17
365
217
6
189
5
12
12
363
6
364
466
195
352
435
115
329
319
417
267
9
413
267
380
268
271
78
269
29
402
229
147
114
237
7
411
391
31
106
92
19
40
11
5
44
407
28
371
16
346
344
338
252
19
211
177
175
81
117
38
35
10
28
7
13
57
6
7
54
14
20
27
74
12
6
78
76
49
5
6
45
41
966
926
46
896
377
875
20
828
380
291
9
266
213
800
84
11
52
49
803
125
61
110
17
10
35
5
5
6
13
5
835
45
816
22
10
18
19
5
29
23
15
16
30
7
776
48
742
19
30
5
697
27
20
668
6
5
6
9
46
5
32
24
912
5
903
5
7
5
16
888
26
8
31
5
35
907
9
889
865
12
10
17
18
18
9
6
18
14
28
5
909
893
885
5
5
63
9
75
902
867
67
7
6
5
840
65
5
47
845
789
27
780
9
778
6
8
5
18
24
9
798
783
8
779
128
6
102
89
12
89
714
20
19
6
680
28
26
26
50
5
6
16
50
6
19
715
25
48
74
84
13
53
35
13
47
30
11
34
5
10
784
14
5
65
6
27
789
32
30
794
5
32
808
36
806
48
779
91
80
783
35
8
65
1721
29
75
25
1716
1608
1511
87
1475
1466
1432
8
24
91
77
11
6
1291
191
100
41
10
5
1289
5
188
1255
1253
7
1251
17
1240
1194
103
98
96
1209
75
27
75
1214
1162
1078
1077
1077
8
38
115
1097
5
1076
48
1058
1027
1023
38
268
262
32
242
209
144
49
1020
5
18
21
75
20
8
357
9
1047
20
1041
5
372
7
357
1034
357
899
13
11
838
814
5
6
803
33
8
5
371
354
5
12
355
285
5
286
848
270
573
278
1217
1120
488
1109
5
1029
31
1028
815
263
266
240
1039
806
6
775
8
10
5
768
231
227
426
25
760
428
421
401
399
1091
780
778
8
664
270
5
179
14
1117
583
1091
494
1080
461
413
27
1071
456
423
425
1052
1053
20
1006
5
977
27
7
937
939
450
15
407
416
17
420
272
255
910
23
245
27
411
923
23
247
916
357
908
62
202
862
344
141
117
60
340
852
340
85
312
859
269
155
831
822
101
823
757
698
127
683
674
669
632
555
537
477
472
425
402
400
370
280
359
350
325
287
621
270
243
626
402
252
364
250
2079
1988
323
292
1864
276
1841
1823
252
1808
1741
1741
721
719
1493
709
1495
712
1474
657
1455
1443
1342
1335
1255
1179
1170
686
1097
1081
1078
1074
1051
696
1030
700
1018
1018
976
915
902
732
901
867
836
807
741
709
803
555
717
721
689
689
685
665
650
642
635
597
599
603
573
2759
2755
2738
2717
2718
2714
2649
2648
2637
2641
2618
2621
2612
2613
2609
2585
2573
2569
2476
2476
2452
2429
2393
2393
2384
2343
2291
2292
2268
2270
2252
2238
2214
2199
2181
2178
2138
2129
2108
2112
2075
2061
2044
2044
2036
2021
1990
1989
1957
1821
1803
1717
1707
1687
1685
1681
1656
1658
1628
1620
1621
1605
1601
1584
1559
1533
1477
1475
1456
1437
1416
1404
1401
1361
1360
5
5
5
5
5
8
5
5
5
5
5
5
9
5
26
22
5
26
43
7
24
19
5
12
15
18
26
22
7
30
5
5
5
37
11
82
23
83
35
5
7
9
134
5
101
38
7
36
96
9
5
31
44
38
88
15
49
84
76
43
76
41
12
103
12
69
27
59
60
69
40
15
66
5
12
19
5
38
7
5
20
60
12
50
33
8
12
82
10
78
38
9
39
31
74
19
22
6
5
9
32
61
5
25
5
5
6
8
5
9
5
5
47
7
50
8
7
5
6
5
8
6
8
5
8
5
5
5
5
5
5
7
5
12
8
14
8
7
15
16
6
25
15
20
32
38
38
40
17
24
49
29
61
9
29
7
30
55
44
55
5
9
50
47
67
12
5
21
15
25
10
5
5
55
15
20
9
5
21
9
8
5
10
6
5
95
9
17
5
8
15
5
22
7
11
6
96
101
81
67
70
8
11
78
5
5
94
13
97
40
99
6
101
100
18
69
53
23
24
42
104
5
792
10
797
804
8
780
5
28
5
16
122
776
5
29
6
7
33
125
651
11
5
653
38
55
42
10
28
26
123
59
653
649
29
73
36
26
40
22
41
15
68
691
20
18
180
685
630
47
54
196
633
7
595
586
199
572
265
272
475
445
207
206
388
151
14
13
104
97
231
221
105
13
5
198
202
58
5
6
27
255
237
14
188
24
108
166
98
55
195
98
196
176
88
92
178
63
177
184
172
6
110
333
532
500
157
431
5
16
136
137
26
26
416
112
15
116
19
5
437
14
317
275
40
185
11
170
225
122
462
80
424
69
398
25
394
21
36
106
243
5
35
239
224
80
54
46
31
35
20
26
101
38
9
194
157
48
5
5
134
40
8
16
73
95
8
20
9
5
75
53
35
8
98
16
11
44
5
5
505
5
19
9
5
511
5
14
375
479
7
356
436
347
337
5
46
15
336
429
5
5
414
365
5
407
5
404
184
393
308
16
111
314
26
26
30
56
326
5
65
324
23
191
7
397
17
379
321
40
14
6
11
5
223
216
800
794
220
204
14
23
24
141
26
144
814
801
772
131
15
5
116
107
27
86
22
86
91
24
44
94
89
771
637
55
628
61
580
579
542
24
14
553
26
521
18
505
5
117
40
106
89
67
92
42
10
32
40
551
460
456
44
7
37
47
6
467
466
14
611
417
5
369
17
340
15
163
13
167
10
20
145
34
112
12
103
15
16
103
347
107
12
354
340
344
21
7
219
1322
75
214
1261
1245
1200
1108
5
48
944
216
871
218
12
8
786
672
643
31
23
581
17
512
252
219
222
294
343
237
323
219
232
16
21
210
175
200
129
218
171
5
125
185
103
48
80
41
41
199
891
6
10
847
842
45
34
131
836
814
18
148
352
64
48
211
195
843
151
174
58
797
161
39
805
21
357
767
145
364
713
723
714
19
18
1052
693
674
81
403
322
149
646
619
14
10
591
1061
40
579
349
533
1017
326
521
513
187
489
308
176
494
173
465
461
102
93
5
73
49
258
232
353
48
303
304
245
283
279
86
469
428
274
407
258
366
359
358
1132
327
1123
242
322
215
297
1087
204
1080
295
272
269
202
160
43
250
157
109
244
87
59
86
102
19
83
73
30
62
5
26
1166
69
6
260
127
252
285
27
292
12
28
274
240
1201
1204
25
92
23
47
17
45
1236
1208
81
80
11
24
1209
312
5
1223
15
6
1190
342
5
348
1206
347
360
336
6
336
312
9
19
15
43
24
371
22
1263
1229
564
1233
46
569
344
11
511
350
335
1241
327
495
333
14
24
67
5
1197
9
5
207
1197
1133
533
356
7
319
5
7
6
561
556
5
1552
563
5
486
1539
1536
454
543
8
423
398
1558
459
5
441
1226
1567
445
449
1236
1578
1230
421
421
1574
1234
399
366
73
1587
374
62
371
1592
372
1575
373
304
1574
1260
425
381
1261
357
328
334
1272
1198
338
1106
321
1566
306
304
1555
1527
1524
1522
316
1467
1465
302
272
1406
1155
1157
1139
575
284
1114
397
579
1107
321
322
308
1117
312
1386
1096
1026
1386
325
265
620
613
1026
1383
1341
1324
1091
606
608
598
557
1098
489
1009
462
1013
1076
1063
395
928
1328
900
895
418
1318
410
899
1322
1299
1303
1068
1302
1057
868
1057
1315
1064
1276
1072
1260
1079
1055
1027
1026
1267
989
1230
1196
926
912
888
988
957
831
868
810
850
760
765
860
706
683
813
1244
1228
788
1183
1179
724
684
1188
652
582
1161
1161
586
572
607
1169
1087
1091
1091
1050
779
736
1045
1021
740
950
734
689
685
946
661
874
650
826
644
813
784
772
751
734
717
680
2073
2013
1940
1862
1790
1603
1570
1528
1217
5
5
5
5
5
5
5
6
9
8
5
5
15
26
22
36
5
26
20
5
6
63
48
28
18
21
59
68
65
35
66
20
86
105
109
95
9
37
62
101
6
29
72
18
41
36
12
29
75
104
9
52
7
54
5
115
28
6
9
5
24
27
17
6
34
8
15
19
23
178
11
152
121
6
125
7
14
129
15
9
5
125
20
20
5
42
23
23
6
75
202
27
193
8
35
13
75
26
33
178
117
38
72
66
23
36
5
71
8
41
44
59
24
48
54
5
144
27
44
259
141
5
6
177
8
177
6
95
5
185
22
98
61
19
42
60
12
18
31
59
8
40
23
13
7
128
13
130
97
8
239
97
218
6
208
213
25
26
5
9
17
225
6
218
222
122
6
118
7
64
66
5
5
9
547
25
20
33
78
19
11
9
35
112
78
579
9
56
591
38
522
20
420
52
12
46
10
15
540
410
85
45
27
79
256
13
9
92
94
59
449
68
5
71
257
446
9
47
6
43
270
28
56
470
59
45
134
464
72
54
42
20
252
134
13
32
65
267
211
85
15
675
666
230
670
234
76
9
5
66
14
8
6
83
251
45
222
286
8
50
10
691
288
235
235
100
70
60
6
25
52
268
14
256
86
111
248
232
244
46
113
225
98
231
104
72
45
86
12
94
143
92
7
110
648
276
117
111
5
10
178
6
121
175
111
109
175
854
856
179
781
173
785
778
118
89
96
424
71
409
786
61
783
58
11
781
208
52
178
34
77
142
796
82
77
804
5
52
804
9
5
5
338
9
340
61
192
37
150
138
120
11
323
20
101
324
10
5
13
9
115
376
352
18
344
51
357
15
333
231
74
364
183
47
950
34
163
113
58
389
168
6
958
131
388
330
101
5
5
930
74
344
13
939
864
10
173
97
166
73
53
837
374
54
325
974
682
13
68
5
5
660
343
335
333
331
228
690
33
684
681
581
12
585
53
335
331
293
247
280
592
581
82
35
585
586
576
312
238
238
77
63
216
220
5
200
161
164
608
511
466
62
423
416
8
381
189
177
170
43
384
383
181
334
1199
1195
1154
129
155
5
146
144
20
1173
137
1155
286
1154
92
30
70
25
65
246
252
75
514
14
73
26
47
45
217
456
381
334
51
81
319
6
61
6
1237
405
135
13
257
1237
1180
483
14
37
478
127
137
284
8
30
1169
8
243
15
7
5
10
23
8
1202
477
467
1194
442
6
6
936
1176
908
1162
9
913
12
896
1138
833
5
775
415
751
5
403
752
750
11
738
730
1145
29
725
1113
698
5
5
1118
424
5
368
27
12
9
6
21
565
720
355
27
11
708
1170
10
1164
12
34
722
610
1185
1180
10
5
462
1194
432
67
1111
1108
86
72
774
448
87
1119
84
417
80
398
389
80
48
332
15
338
5
1152
317
1135
1084
824
322
520
210
332
510
1090
511
509
25
1098
1088
220
7
1071
519
1075
521
381
1062
97
70
5
73
1080
57
7
6
408
6
408
344
1004
324
276
327
129
51
6
577
562
48
562
265
28
8
1019
885
998
1027
1011
895
26
21
397
1030
306
908
1020
908
277
1050
801
800
277
1043
381
982
362
287
752
116
1057
280
1009
1003
288
289
1013
290
1014
1016
1017
1018
1031
6
976
1007
172
96
970
218
790
77
9
989
984
168
964
970
957
952
918
923
883
344
5
783
92
750
31
33
722
6
20
620
821
938
604
670
642
592
574
565
560
410
5
562
410
396
29
398
533
500
605
606
308
603
203
604
102
533
502
17
556
95
46
381
22
340
17
327
573
572
309
574
25
636
554
556
113
532
534
603
49
490
597
37
179
21
22
180
28
179
578
344
319
6
9
70
283
278
597
5
603
592
667
553
7
657
505
628
7
608
7
595
589
533
493
510
5
654
5
344
658
5
484
5
22
395
1285
1225
605
1169
405
9
1152
393
12
316
400
397
1572
373
1563
1414
640
308
1162
336
642
242
649
1177
325
655
1115
1061
657
646
1059
264
141
292
655
257
201
943
832
141
643
724
670
604
604
581
598
555
602
609
645
1540
1535
1533
616
1526
659
617
1498
1451
1501
1445
1481
1432
659
1384
659
1450
642
654
1382
631
599
491
478
605
444
582
580
1385
575
567
343
1391
1395
1387
1386
1453
351
1387
1359
1385
1316
1383
1283
1370
1329
1322
1244
1225
444
1219
1213
1228
1186
1111
1209
1207
1104
1122
1126
474
1120
1123
1111
1100
1110
1051
471
453
1041
1027
1120
926
1105
917
1095
889
884
793
1104
1061
785
761
1056
747
750
869
1062
746
858
802
805
723
796
1067
1015
1008
994
748
749
736
684
642
643
1007
567
1004
962
950
932
927
919
914
827
831
833
798
801
782
749
713
709
688
670
5
6
5
9
9
5
21
8
6
18
9
6
9
15
44
19
14
9
5
50
19
5
5
43
28
5
5
5
28
16
30
14
5
42
5
54
41
55
7
48
55
18
42
33
5
41
93
48
5
6
9
32
12
13
6
5
36
8
8
41
5
75
24
22
11
24
21
5
31
7
75
19
58
6
56
31
59
10
33
5
8
62
5
30
88
69
19
10
18
83
8
46
5
7
20
5
11
5
13
63
6
12
12
5
7
13
17
11
20
5
5
174
55
100
109
423
427
400
5
6
8
7
97
84
27
7
5
13
8
19
37
136
123
41
5
61
111
6
19
18
9
117
109
16
20
17
5
70
46
69
50
5
38
489
474
16
47
20
23
379
70
5
44
471
16
83
56
394
55
379
464
78
469
88
10
351
35
39
76
32
58
64
119
14
5
151
43
152
496
93
508
7
5
289
8
9
245
145
5
136
24
254
203
5
109
199
88
65
16
97
9
6
207
198
32
5
30
9
8
53
117
27
32
47
8
34
14
135
112
184
110
103
151
106
112
9
77
38
5
34
83
25
169
158
5
8
13
686
8
119
16
97
8
34
24
34
21
14
17
28
14
51
23
9
18
9
120
52
114
25
6
30
19
789
5
6
148
29
146
96
48
17
45
165
18
6
62
37
6
791
76
36
24
103
12
21
82
62
49
5
18
22
6
80
108
106
5
28
85
27
12
12
113
11
8
6
879
816
23
776
737
5
731
7
39
23
24
18
119
131
7
61
134
758
25
134
101
41
24
43
784
24
10
764
90
18
21
755
747
28
12
5
25
5
6
17
5
7
631
46
96
100
13
5
15
9
62
25
56
21
24
614
424
142
89
7
37
9
36
621
48
595
56
28
5
21
14
14
7
42
19
473
17
467
14
13
21
10
25
493
126
476
469
470
453
17
449
132
29
424
408
91
385
42
672
673
664
10
70
370
671
58
12
101
49
363
106
293
96
5
28
700
164
7
14
5
318
6
719
718
716
26
697
337
9
701
26
658
13
605
608
229
237
16
212
627
359
351
12
338
314
587
220
299
179
6
566
132
12
124
107
272
31
588
570
16
14
258
581
541
9
268
546
271
524
454
277
408
217
213
371
194
7
69
196
61
40
171
8
21
8
397
142
128
168
172
138
163
6
59
5
61
449
431
40
54
6
381
9
14
6
376
373
881
27
841
186
152
39
118
609
43
87
612
73
32
77
43
20
74
71
49
28
28
535
428
575
6
20
396
16
18
5
44
16
563
565
34
6
569
6
19
58
39
111
21
581
9
634
5
575
102
103
7
7
606
9
7
572
5
485
433
314
153
316
44
302
164
229
25
532
536
187
511
136
109
157
113
116
89
484
78
162
452
144
451
120
127
5
436
127
356
5
356
97
5
338
34
337
337
136
14
333
320
5
248
54
7
10
25
6
752
5
269
757
17
232
763
15
13
768
770
227
5
8
5
771
714
17
712
249
5
14
8
5
228
6
7
734
704
704
675
623
593
35
595
6
686
688
13
11
5
15
224
127
427
22
616
25
27
5
617
482
54
469
505
462
439
393
522
781
11
511
11
5
502
8
478
17
41
417
25
421
6
500
407
457
63
7
5
422
422
426
36
400
878
76
7
1041
9
886
1003
847
91
50
295
5
245
5
460
1034
1033
806
683
12
13
33
1055
1048
20
819
705
471
706
475
394
352
26
1071
1068
6
607
26
90
610
579
465
463
338
12
884
5
849
19
825
823
113
827
1098
815
405
400
391
46
18
362
1103
14
1092
16
58
1102
859
378
1110
6
307
1110
71
12
16
6
1101
1072
889
1038
1023
432
1000
5
853
822
806
11
800
5
786
440
384
54
358
24
232
20
219
447
19
92
11
1073
834
33
27
1074
34
21
844
875
476
879
35
829
47
742
721
493
268
5
174
128
22
874
71
13
1033
119
1022
811
508
123
478
133
132
830
107
1042
488
1040
479
1007
417
810
966
941
133
815
945
828
794
145
786
784
383
358
956
344
836
791
791
812
346
783
349
681
332
776
656
331
753
576
440
406
397
354
375
283
869
848
326
286
943
228
229
877
945
839
946
340
337
284
968
285
844
842
843
827
809
979
712
986
639
634
988
589
967
958
910
604
608
578
516
914
454
888
688
672
679
609
473
600
467
449
565
433
532
436
463
438
965
925
870
858
808
776
743
713
861
649
852
651
843
644
843
621
756
620
618
543
767
547
771
529
769
658
603
565
561
552
1194
1194
1155
1101
1099
1096
988
971
973
977
963
937
915
893
844
840
826
824
770
709
707
709
5
5
5
5
5
5
8
9
9
5
12
5
25
5
5
9
12
5
17
5
8
5
8
18
5
8
7
5
5
14
9
15
42
40
37
40
7
29
17
23
55
7
61
27
8
47
10
5
46
25
5
5
5
24
20
18
5
6
18
19
35
22
5
33
25
27
35
32
16
12
27
24
20
5
6
10
5
13
54
41
45
5
30
5
6
27
8
5
5
5
18
10
24
6
16
8
18
13
24
23
22
28
5
25
55
21
9
20
79
91
18
53
74
24
27
47
76
5
81
21
60
72
42
31
44
31
29
111
48
78
6
82
5
60
23
21
64
16
5
64
7
12
5
17
62
112
5
196
13
14
128
20
22
7
15
132
107
7
10
47
62
61
69
61
50
9
238
49
82
50
23
63
49
79
5
24
53
90
68
56
27
40
13
8
92
285
55
77
68
81
54
50
91
59
73
86
92
23
68
295
37
34
60
38
42
313
21
368
312
302
26
54
124
23
25
66
114
61
18
43
35
18
43
145
46
25
241
275
275
451
35
271
70
16
402
58
274
18
67
7
75
26
76
38
235
455
39
19
73
45
444
435
37
23
225
21
22
219
12
91
208
10
5
121
448
21
448
8
399
12
366
109
351
229
5
143
8
81
81
84
512
66
5
5
16
371
59
17
483
150
314
5
336
315
8
271
69
32
28
19
255
75
28
30
86
36
5
92
151
45
33
118
24
144
489
490
96
40
85
496
15
461
34
197
742
39
35
312
26
99
102
19
41
58
5
302
102
199
11
798
174
103
5
140
13
799
770
123
774
59
725
19
534
719
717
526
5
589
675
581
5
9
684
562
564
8
633
23
16
184
618
113
34
109
6
15
103
601
599
124
547
487
97
483
30
95
481
64
477
590
63
412
649
58
44
17
46
616
654
438
188
20
16
27
444
448
616
443
178
437
426
28
342
147
105
342
108
80
72
622
360
41
7
608
47
5
11
13
632
19
509
6
35
11
494
496
497
656
635
494
69
644
500
613
463
614
403
88
89
849
8
100
40
816
44
177
642
38
645
663
50
612
5
550
26
551
40
6
481
136
682
12
9
53
142
146
674
347
323
49
43
31
6
338
549
260
140
9
561
151
559
157
540
90
254
65
55
541
104
122
561
118
565
101
34
5
30
113
798
113
802
792
789
599
769
761
347
5
76
98
49
702
600
5
23
708
19
6
128
42
98
73
632
995
71
618
614
995
77
79
588
82
985
535
529
531
5
115
686
22
523
695
683
1019
665
1022
1015
1003
90
546
529
14
533
680
1025
932
82
693
921
82
695
41
7
575
8
693
586
905
890
5
827
10
700
609
5
640
641
752
622
110
750
12
629
16
624
12
628
626
772
167
740
9
695
1080
699
65
1071
1020
645
1013
647
684
624
687
66
592
52
10
1041
1015
788
1016
76
238
485
727
5
1027
197
725
111
70
41
79
59
5
848
525
1068
1064
65
1068
862
764
15
766
1081
773
566
877
5
1095
1097
138
1087
110
29
1052
1034
5
1009
8
150
983
987
546
110
827
54
824
5
818
562
558
5
32
89
1024
1026
823
10
591
982
800
5
778
685
785
998
21
604
795
789
743
12
743
596
676
740
136
535
403
52
732
30
685
1035
651
644
637
639
1071
627
1053
1058
1061
1039
15
17
712
7
694
677
1058
43
1081
9
1072
391
362
1086
335
1074
1075
1027
1079
1051
13
1045
734
1042
1029
5
357
1033
957
341
309
976
313
771
7
766
763
741
729
1108
990
331
977
322
961
27
952
550
725
771
659
630
307
311
764
767
269
533
567
530
1003
755
753
176
105
745
590
292
246
1003
93
87
995
933
768
911
604
832
600
517
790
771
99
775
486
1174
765
405
1175
1144
299
740
875
240
711
170
678
1165
1133
435
1060
898
844
809
971
319
281
267
251
244
248
736
290
283
842
834
798
1022
770
695
880
757
745
859
701
825
703
595
684
673
1033
659
651
1041
649
552
1006
959
652
947
944
802
760
757
951
707
697
912
687
387
871
858
856
839
831
735
819
736
823
713
771
696
702
740
667
707
707
654
634
713
605
708
469
644
466
653
631
607
575
571
1028
1022
692
1019
1024
1014
695
685
679
666
573
649
552
639
684
1039
687
693
562
644
925
648
650
654
942
1001
993
649
651
998
639
642
840
965
641
963
1020
645
643
643
1034
1021
994
1025
776
1028
963
958
959
951
934
912
822
825
827
1050
861
831
837
823
791
778
782
785
775
3875
3870
3864
3778
3694
3496
3372
3368
3366
3326
3319
3255
3232
3235
3137
3141
3116
3088
3072
3023
3025
3000
2942
2904
2883
2781
2753
2724
2713
2669
2639
2637
2605
2592
2260
2258
2259
2192
5
5
5
5
5
8
5
5
9
8
5
14
11
7
13
5
31
20
5
6
5
45
59
19
34
28
30
65
23
16
33
11
57
9
47
79
13
18
8
9
42
23
123
37
17
33
50
122
23
9
128
57
59
114
136
121
22
115
64
51
6
7
86
85
5
70
69
53
8
20
45
25
83
12
52
31
84
111
61
98
32
65
236
218
219
83
45
143
87
188
175
9
133
5
80
170
17
140
136
85
123
86
114
113
110
6
5
5
101
239
116
5
5
93
125
125
131
29
16
9
144
75
127
64
154
22
157
77
77
47
67
22
66
6
68
20
67
206
6
64
68
66
42
39
32
212
212
8
185
187
146
5
6
8
232
9
231
198
9
164
161
39
43
22
5
10
273
275
165
202
5
17
126
119
95
93
102
21
24
98
20
8
6
5
6
5
9
9
154
146
24
5
27
10
27
17
16
109
50
5
81
69
27
52
26
24
11
27
625
5
619
8
585
753
581
580
580
553
18
555
5
5
248
9
549
5
535
6
25
525
20
12
5
254
5
214
12
11
62
218
9
63
211
574
435
429
5
192
401
84
113
170
361
18
349
9
126
58
359
7
752
709
84
19
83
82
16
220
45
24
391
28
356
238
205
35
200
720
720
720
170
718
387
122
27
153
19
149
165
46
689
680
424
665
666
141
669
66
37
19
75
51
381
16
678
170
682
678
5
174
155
231
125
130
384
111
136
125
705
704
113
47
150
701
80
27
9
108
100
33
53
198
676
678
44
456
458
420
15
402
619
218
226
585
395
562
558
115
65
10
141
72
9
426
6
426
24
83
86
589
352
88
13
603
5
139
112
378
94
585
20
70
46
304
389
589
389
49
9
5
514
403
31
28
424
42
11
339
28
257
259
353
341
325
447
198
168
8
8
5
13
170
270
120
53
262
120
5
269
102
188
65
407
475
400
13
387
385
375
494
201
23
158
398
125
356
473
474
91
93
140
8
6
23
359
23
332
331
166
511
5
289
465
445
6
71
5
6
19
78
281
206
43
193
6
178
177
21
159
44
32
6
66
206
43
186
33
541
425
426
66
14
398
5
398
7
358
9
262
74
69
18
69
351
37
44
26
42
346
22
570
11
6
567
6
5
5
6
31
533
330
6
42
515
37
190
406
148
9
5
17
89
9
29
435
40
378
8
171
157
131
124
102
5
56
5
5
88
5
5
15
557
295
8
5
16
12
5
304
32
36
5
14
16
15
18
5
23
12
303
236
34
187
37
6
173
37
5
6
192
6
184
180
43
166
157
52
49
38
17
39
165
152
23
121
20
5
14
121
78
8
82
73
37
5
75
72
1697
8
52
1696
40
1674
1649
1620
46
6
5
1632
1575
62
1557
184
153
1559
14
1572
16
1580
1583
27
1515
6
1490
1465
5
1407
9
1365
12
7
5
1382
811
5
6
805
1396
766
11
6
1371
5
784
5
783
14
5
1364
66
34
787
5
712
34
13
718
20
1368
5
45
10
8
743
9
1370
734
31
5
693
54
54
9
9
696
45
32
11
37
19
23
668
659
21
94
639
64
31
608
64
10
20
9
13
13
16
6
18
17
40
1490
12
1498
628
27
19
642
5
5
5
645
46
1536
1528
637
1456
1450
1413
5
33
175
175
5
31
16
15
11
1454
13
160
1404
255
154
67
686
60
10
56
42
36
7
38
16
64
1420
12
288
104
48
7
33
38
17
29
6
5
24
42
764
27
690
5
29
640
6
528
528
5
9
303
515
1492
1451
281
1459
35
508
28
29
27
1467
6
123
521
5
530
5
5
8
11
1488
26
1285
516
1241
131
117
5
1196
10
1186
8
521
517
501
5
71
510
19
41
1202
23
1197
316
84
49
311
283
38
546
289
1166
266
97
64
48
71
46
1163
27
1166
285
245
234
27
12
220
216
1170
552
553
212
126
9
14
10
537
1191
1171
1108
6
1095
27
1086
27
517
1025
257
239
207
528
186
81
1050
1005
524
474
1009
462
976
450
934
452
936
925
450
815
452
425
800
419
764
734
385
734
365
342
262
750
211
203
760
188
387
368
374
370
374
195
376
368
372
784
782
781
782
734
339
342
717
322
313
724
274
404
397
720
319
310
304
294
294
741
447
744
447
432
749
411
757
519
419
754
495
408
348
352
395
747
735
730
710
708
711
661
569
562
559
560
532
491
473
454
436
3784
3758
3748
3736
3662
3628
3616
3576
3477
3333
3330
3323
3255
3151
3137
3115
3077
3062
3041
3045
2801
2762
2759
2759
2690
2689
2691
2615
2585
2537
2483
2466
2444
2434
2395
2327
2302
2268
2253
2137
2044
2032
1896
1878
1820
1809
1804
1441
1352
1330
1300
1254
1191
1163
1109
1100
5
5
6
5
5
5
9
5
16
11
19
5
7
41
14
9
29
26
8
6
16
20
5
5
48
6
5
12
9
16
24
21
33
21
20
5
6
8
57
10
44
14
9
18
19
8
27
75
75
5
54
9
25
62
89
51
86
49
5
49
9
36
9
5
14
5
80
5
22
9
62
59
34
7
105
131
94
17
93
68
112
38
33
31
20
10
26
100
108
5
10
5
28
62
9
129
63
48
93
28
75
136
38
127
40
122
8
123
48
5
11
98
34
36
63
149
59
123
111
75
11
123
15
114
106
5
76
109
43
5
71
59
85
45
19
34
35
15
16
5
31
16
49
320
153
294
73
9
5
9
27
10
9
46
33
95
18
50
19
27
5
24
27
8
15
263
266
8
237
222
5
209
5
10
9
37
206
40
19
204
113
5
95
5
72
5
266
23
228
226
430
6
39
411
46
32
8
75
54
62
22
21
24
43
446
66
442
28
56
445
425
403
379
26
28
379
375
77
101
147
117
114
88
400
107
64
370
109
105
5
366
97
354
13
37
67
33
31
157
55
80
26
18
30
66
22
345
13
223
39
108
358
361
170
360
85
360
88
341
43
94
152
7
8
48
46
51
52
33
8
19
16
372
376
8
9
5
379
9
330
333
317
9
320
6
134
123
5
9
5
84
75
353
6
6
64
366
630
8
76
627
377
71
371
220
34
377
84
308
44
303
82
62
243
12
659
209
18
665
227
38
25
464
41
26
410
389
24
36
397
380
666
650
5
49
392
85
291
267
210
407
160
25
91
112
95
329
46
68
21
326
322
49
292
448
253
439
251
192
445
137
6
76
10
16
248
123
207
118
190
194
96
94
91
782
58
14
191
181
501
9
6
190
184
13
790
519
8
6
525
523
515
811
504
41
507
807
17
807
5
499
799
25
16
8
235
69
219
5
6
37
27
228
819
10
794
5
8
11
537
10
544
809
85
551
551
532
10
5
7
5
6
846
24
777
8
5
772
756
565
23
123
747
563
567
77
572
5
556
523
218
514
173
562
492
7
544
21
535
484
47
482
443
795
524
206
455
801
528
802
29
444
740
25
512
79
77
739
58
75
721
518
192
77
5
466
30
6
57
476
182
180
68
447
450
58
418
367
14
359
186
18
20
784
6
555
7
555
785
13
565
69
58
108
392
793
267
265
365
22
43
41
330
14
821
821
342
57
791
43
728
716
710
78
528
5
65
39
379
360
170
537
114
173
533
136
481
82
449
31
414
20
8
27
161
42
341
46
13
38
450
736
13
601
559
5
44
541
8
481
36
556
559
39
6
416
447
413
321
17
14
317
304
437
288
26
423
421
416
247
42
388
190
374
102
61
57
373
604
54
596
58
6
391
562
392
554
311
14
8
541
20
324
141
429
62
415
402
333
53
301
140
344
273
256
66
60
320
271
309
240
284
261
82
251
245
62
98
227
225
642
80
623
11
16
566
139
126
157
128
155
7
261
5
225
105
586
85
94
86
8
139
14
138
5
134
105
29
5
47
35
9
138
619
138
5
629
563
518
5
424
40
255
1033
7
5
18
269
454
408
243
229
464
5
12
34
390
460
392
246
233
230
222
210
382
6
366
191
25
50
116
375
5
250
344
260
244
331
277
5
14
267
265
250
35
196
153
143
243
27
132
56
9
237
238
36
5
312
52
298
21
47
16
10
254
43
11
100
36
27
252
26
147
8
5
158
8
146
56
9
18
5
17
59
37
8
6
5
5
36
12
5
22
6
6
5
205
201
5
184
168
2313
9
161
53
5
56
7
2328
30
2273
6
5
2276
7
2276
2255
2252
15
2254
10
46
6
45
30
5
22
9
5
15
2268
2271
25
2166
5
50
24
8
12
5
5
141
2169
129
124
2178
604
606
8
5
23
16
49
2182
633
501
2183
2096
44
2060
2044
35
26
68
2050
49
61
2008
428
430
50
412
407
2027
2019
383
273
256
119
2034
255
1989
216
1993
209
728
1989
193
149
1997
1988
1903
753
1852
722
726
183
1858
620
177
159
162
1877
1845
1843
1734
1714
1715
1708
1657
1608
1572
1535
1532
1512
1499
1500
1488
1462
1457
692
2032
1471
1456
1392
1353
704
2049
2048
1290
642
633
606
2048
2045
2045
613
2000
521
1989
477
412
1884
1314
1287
422
1866
1869
1296
1871
424
427
1861
1296
1807
1743
1287
1620
1221
1189
1187
1630
1183
1632
1155
1561
1063
1548
1058
1526
1509
1496
1490
1483
1455
1427
1096
1319
1071
1287
1285
1233
1214
1208
1080
1143
1145
1076
1098
1024
1020
1081
1024
975
1011
1015
955
896
1013
1024
1027
1030
965
817
965
951
782
790
710
962
920
674
888
667
795
786
770
756
749
711
5
5
8
5
5
9
7
8
5
6
6
36
38
5
24
28
22
59
8
52
45
20
48
28
29
5
13
16
28
6
5
13
5
7
78
18
11
6
27
20
87
10
105
5
25
11
98
28
92
66
13
6
17
27
37
104
102
92
101
96
59
45
11
13
94
15
58
19
6
100
15
44
16
34
30
23
54
5
105
118
109
19
8
13
5
9
13
5
135
7
22
5
122
5
135
35
6
7
15
32
125
143
125
17
146
146
13
142
45
143
142
54
88
75
83
64
96
41
87
96
74
77
56
388
55
313
109
124
110
293
118
23
24
29
53
133
54
58
236
111
66
140
93
350
55
303
109
44
198
176
83
22
9
59
5
6
5
301
78
100
264
247
224
249
9
103
224
98
180
175
165
244
100
71
35
34
165
28
264
118
253
122
257
112
112
110
13
182
102
104
186
302
111
5
193
121
146
114
95
5
12
327
26
248
23
24
277
6
144
277
57
120
18
262
23
130
172
23
48
5
214
284
261
222
261
193
5
10
187
113
131
259
5
60
267
6
60
259
239
9
208
18
769
210
206
133
6
5
205
9
203
202
31
23
203
174
141
134
176
180
46
146
37
104
44
10
23
31
100
9
28
28
5
7
42
16
253
169
173
252
159
159
6
156
262
267
6
159
37
935
282
5
45
6
20
26
25
59
41
12
65
68
973
69
954
61
33
11
20
23
25
253
178
5
153
935
9
118
5
52
941
34
922
6
64
890
25
879
7
820
15
798
783
86
784
5
111
6
74
78
79
5
10
31
42
16
1041
22
117
5
1034
6
1023
132
5
44
998
10
38
15
21
903
5
129
883
797
112
729
124
625
121
622
5
16
964
5
7
965
955
8
20
23
965
112
963
962
38
904
37
9
915
917
17
16
17
9
21
5
14
947
951
906
8
668
67
901
20
847
783
656
710
611
14
25
689
611
664
606
658
239
587
36
539
527
5
643
493
644
644
5
492
156
642
489
641
247
633
624
36
628
5
590
564
518
5
37
46
239
572
140
458
5
11
139
542
445
410
25
96
377
22
28
582
538
21
543
522
97
518
93
514
89
337
329
120
67
48
538
492
309
296
477
316
304
489
492
95
453
451
443
34
433
7
280
282
50
258
148
133
438
424
6
6
144
71
9
350
154
354
278
43
89
1134
1134
62
1051
27
1044
382
1025
131
61
363
107
393
310
79
1031
271
249
17
390
6
389
250
383
232
353
7
58
231
43
319
307
181
275
201
272
43
153
127
1118
59
54
222
177
128
34
90
99
94
14
6
60
161
61
41
42
17
161
77
710
713
50
32
56
58
52
31
268
171
21
56
138
9
28
6
748
734
99
9
29
63
113
70
101
68
52
10
19
49
12
26
7
6
9
5
7
792
7
5
6
5
5
1062
1063
13
31
1059
5
998
5
6
19
8
5
28
855
33
968
9
795
799
945
807
5
21
783
50
785
780
27
20
976
20
896
5
16
808
33
5
6
800
801
112
104
9
153
97
29
8
72
10
21
825
780
5
786
612
28
913
117
577
31
5
87
31
895
75
557
148
84
149
57
48
9
555
49
50
897
883
17
57
11
559
6
515
502
20
466
174
433
157
861
119
145
126
11
10
5
9
5
14
466
8
420
396
372
127
7
315
116
293
358
359
178
352
133
117
343
292
201
227
97
54
966
42
46
10
959
5
54
61
9
26
95
10
7
7
35
37
88
5
65
286
1000
270
980
17
26
14
16
31
8
249
971
250
968
254
318
931
258
898
974
9
234
39
28
148
322
57
208
18
931
216
116
65
930
857
38
231
923
231
5
16
72
68
160
34
108
22
940
79
118
10
772
100
730
733
31
957
714
715
947
660
939
664
48
610
93
121
79
604
45
25
935
558
937
40
490
41
476
459
959
443
961
394
384
154
374
139
368
132
349
335
613
313
317
580
306
563
568
1011
967
952
579
896
872
571
848
578
841
229
197
200
186
860
861
564
845
568
499
856
2765
503
491
2754
482
2699
482
449
467
420
414
455
398
272
904
439
904
345
877
337
329
302
871
301
804
802
775
747
747
713
698
680
675
669
649
653
657
656
653
638
636
2838
613
2831
2735
615
2705
2653
628
575
2653
569
2647
567
2649
551
2622
504
495
486
486
479
2608
484
2586
2587
471
2556
2521
2464
2346
2340
2320
2277
2279
2220
2214
2185
2083
2078
2082
2061
2045
2046
2040
1994
1998
1988
1989
1948
1942
1941
1938
1869
1854
1841
1793
1728
1715
1679
1672
1575
1552
1533
1533
1530
1514
1509
1501
1430
1418
1351
1282
1275
1271
1245
1233
1169
1136
1062
1060
1013
910
911
915
884
834
