11
15
16
21
25
27
29
33
37
41
45
57
49
55
59
69
72
76
79
83
84
88
90
94
106
110
122
126
139
143
146
150
151
155
157
161
160
164
169
168
177
175
188
193
197
198
202
209
213
217
221
224
228
229
235
237
239
241
250
254
255
259
260
264
266
270
272
274
280
282
286
287
291
292
296
304
308
315
319
325
329
332
336
340
342
346
348
352
355
359
360
364
368
372
375
376
380
384
386
386
390
393
394
392
399
403
402
407
411
410
415
420
418
424
425
430
428
434
436
435
448
452
456
458
462
468
472
476
489
493
500
504
512
516
525
529
581
585
591
595
601
605
610
614
617
621
625
647
651
654
658
659
663
666
670
705
709
910
914
5
9
5
9
5
9
13
17
5
9
5
9
5
9
13
5
9
5
9
5
9
13
17
21
25
5
35
19
41
23
16
27
31
35
39
5
9
5
5
8
16
20
21
23
27
5
9
5
9
5
9
13
5
9
5
9
7
13
17
22
5
9
5
9
5
9
13
5
9
5
9
5
11
16
20
5
9
5
9
5
9
5
9
5
9
5
9
5
9
13
17
21
25
5
9
5
9
5
9
19
17
21
10
14
32
18
5
11
15
19
23
27
5
9
5
9
5
9
5
9
5
9
13
5
9
13
5
5
13
21
26
30
23
31
35
45
5
9
5
9
5
9
9
13
17
21
25
29
5
9
5
9
5
9
5
5
9
19
23
25
29
33
5
9
5
9
5
9
5
9
7
11
12
16
5
9
5
9
5
9
5
9
5
9
5
9
5
9
13
16
20
34
38
7
11
49
53
5
10
14
16
5
9
5
9
5
9
13
17
21
25
29
5
9
5
9
5
9
7
5
16
9
22
29
5
9
5
9
7
11
5
9
5
9
7
11
5
9
5
9
5
9
5
10
14
16
20
24
5
9
13
17
5
9
5
9
13
5
9
5
9
5
9
5
9
5
9
5
9
5
9
5
9
5
9
13
17
5
9
5
9
13
17
5
9
5
9
13
17
21
25
5
31
12
16
41
45
20
5
9
13
17
21
25
29
33
5
9
13
17
5
8
12
16
18
19
23
27
31
5
9
5
9
5
20
24
27
31
5
9
5
9
7
11
12
16
5
9
13
5
9
11
15
16
20
24
28
32
45
49
62
66
75
79
80
84
87
91
92
96
100
104
136
140
142
146
147
151
154
158
164
168
170
174
189
193
194
198
202
206
207
211
212
216
220
224
226
230
235
239
243
247
264
268
270
272
277
278
283
284
288
293
297
302
306
309
310
316
317
321
323
325
330
331
336
341
340
346
346
351
351
357
357
361
363
363
364
370
375
374
378
380
385
385
380
390
393
397
398
400
404
406
410
411
415
418
422
426
430
438
442
446
450
454
466
458
477
481
486
485
489
501
493
513
504
517
521
509
513
517
521
525
529
533
537
541
545
549
574
553
563
593
567
594
599
600
603
603
578
608
612
613
587
617
621
593
623
597
606
610
640
645
614
654
656
654
660
661
669
671
673
676
680
684
688
692
702
696
710
707
732
736
742
746
754
758
5
9
5
9
13
5
15
5
17
9
23
5
9
13
17
21
25
7
11
15
19
23
27
31
35
39
43
47
51
55
7
11
66
70
74
11
15
85
89
93
97
101
105
109
113
5
9
5
9
5
9
5
9
9
13
5
9
5
9
7
11
15
5
9
13
5
14
18
22
5
9
5
9
13
22
18
22
8
12
16
9
13
29
33
37
9
13
17
5
9
5
9
5
9
13
5
9
5
9
5
14
19
7
11
30
5
9
5
9
5
9
5
9
13
5
9
13
17
21
25
29
33
37
41
5
9
13
17
9
13
17
21
5
9
5
9
13
17
21
5
9
13
9
13
24
9
13
37
41
7
11
5
9
5
16
14
24
5
10
14
18
5
9
5
9
13
17
21
25
29
33
37
41
5
9
5
9
5
9
5
9
5
9
5
14
17
21
5
9
7
11
12
18
22
26
30
34
38
42
46
5
9
5
11
12
16
5
9
13
5
9
9
13
17
5
9
5
9
5
9
13
17
21
5
9
5
9
5
9
5
9
5
9
5
9
13
5
9
5
11
13
17
5
9
5
9
5
8
5
16
18
18
22
5
9
5
9
13
17
21
7
11
5
19
23
26
27
44
48
49
52
60
5
13
17
69
73
73
20
77
31
35
91
39
45
49
106
17
21
68
72
26
140
90
94
49
98
5
9
6
10
14
9
13
14
18
5
9
13
17
21
25
29
5
9
11
15
16
20
45
49
53
62
66
70
75
74
80
81
86
87
91
92
100
100
104
106
108
112
116
139
143
144
148
149
154
157
158
160
162
163
167
168
172
173
180
181
185
184
188
188
193
197
198
198
202
206
203
207
213
218
213
222
223
224
229
233
232
236
231
239
243
244
245
248
249
253
258
255
251
262
264
264
269
270
265
266
270
280
271
281
287
289
291
295
284
299
300
300
306
310
299
314
318
322
328
332
332
336
340
330
334
351
338
358
359
363
367
367
373
376
380
381
385
387
389
393
397
400
399
401
406
407
418
422
426
433
437
444
448
452
456
461
465
467
469
478
483
487
487
494
498
502
502
508
511
515
592
596
598
602
608
612
623
627
630
634
669
673
712
716
720
746
750
5
9
13
5
9
13
5
9
5
9
5
11
5
12
17
11
12
16
5
9
13
17
21
5
9
15
19
14
29
33
29
39
43
40
49
53
51
57
26
5
79
83
14
87
43
91
95
99
103
9
13
118
122
126
130
134
138
153
157
25
31
168
172
176
16
20
197
201
205
209
213
217
5
9
5
11
15
16
5
9
5
9
5
9
5
9
5
9
5
9
5
9
6
15
10
13
5
24
11
5
13
35
9
21
25
9
13
5
9
5
9
13
5
11
14
5
23
16
5
9
5
9
5
9
13
5
9
8
12
5
9
13
5
11
14
18
5
9
5
9
13
17
5
9
8
12
20
5
9
7
11
5
9
13
17
5
9
5
9
5
9
5
9
5
9
5
9
5
9
5
9
5
9
5
19
28
32
36
46
50
18
23
7
11
16
20
24
28
32
36
5
9
5
16
20
9
26
13
5
9
5
13
17
20
21
5
9
5
9
6
10
5
11
15
19
21
15
19
5
9
5
20
24
30
5
9
13
17
5
9
7
11
5
9
5
9
5
9
5
9
13
17
5
9
13
17
23
27
13
22
42
46
50
54
58
62
66
70
74
78
82
86
90
94
98
102
5
9
13
5
9
5
9
5
9
5
9
5
9
5
9
5
9
5
19
23
20
12
16
33
5
9
5
9
5
9
6
10
5
9
13
5
9
13
17
11
15
28
34
38
26
42
46
5
9
5
9
5
9
5
9
13
5
9
5
9
5
9
5
9
5
11
15
16
20
45
49
53
57
62
61
74
75
79
80
76
81
85
87
91
92
96
93
97
101
97
105
111
115
108
119
122
126
135
139
151
155
156
160
161
165
166
170
171
176
180
180
182
184
185
189
193
194
197
201
203
203
205
205
209
214
217
218
219
224
228
229
228
233
234
238
241
245
243
247
251
258
255
267
271
275
279
280
284
287
291
292
296
301
300
311
310
315
317
321
325
333
337
338
349
353
357
360
364
369
373
374
379
383
385
392
396
397
401
404
408
411
415
427
431
434
438
442
450
454
458
458
465
469
468
473
475
477
485
489
490
494
503
507
511
522
526
529
533
547
551
579
583
585
589
591
595
629
633
644
648
652
674
678
5
9
13
5
14
21
7
5
25
13
22
5
9
5
9
5
9
5
9
5
9
5
9
5
9
5
9
9
13
5
9
5
9
5
14
19
23
5
9
5
9
12
16
24
28
5
9
5
9
5
9
5
9
6
10
5
9
5
9
5
9
5
9
9
13
8
12
5
9
5
9
5
9
13
5
9
5
9
5
9
13
5
9
5
9
5
9
5
9
5
9
5
9
13
17
5
9
11
15
20
5
9
5
9
13
5
9
13
17
14
18
32
24
43
5
9
5
9
13
17
5
9
5
9
6
10
5
9
5
9
5
9
13
5
9
5
9
13
17
5
14
5
18
22
24
21
25
5
9
5
9
5
10
5
19
13
29
5
5
9
18
22
25
5
11
12
16
5
9
5
9
5
9
5
9
13
5
9
5
9
5
9
5
9
5
6
10
18
8
26
29
19
33
26
30
5
9
13
17
5
9
5
11
19
23
24
28
5
9
5
9
5
9
5
9
5
9
7
11
15
17
26
5
9
5
9
5
9
5
9
5
9
5
9
5
9
5
9
5
9
13
5
9
6
10
14
5
9
5
9
5
9
13
5
9
5
9
13
5
9
13
17
21
5
9
5
9
5
9
5
9
13
5
9
5
9
5
9
5
9
5
9
13
5
9
7
11
12
17
23
5
9
5
9
5
6
10
19
23
28
32
32
17
37
22
22
26
30
5
9
13
5
9
13
5
9
13
5
9
5
16
20
26
5
13
5
9
18
22
5
9
5
9
5
9
13
17
5
9
5
9
13
11
15
16
20
45
49
53
57
62
66
75
79
80
84
87
88
92
96
100
100
100
103
107
111
115
129
133
140
144
148
150
155
159
157
162
163
165
169
169
174
176
180
184
184
192
192
196
195
200
204
208
208
214
215
219
218
222
226
232
236
233
237
243
247
250
251
255
257
260
262
265
267
270
274
273
277
277
279
286
286
290
292
294
298
296
300
306
304
313
317
319
320
323
319
330
334
335
339
342
346
347
351
351
371
375
379
383
383
390
392
394
397
394
401
412
416
427
431
434
438
440
444
448
451
455
457
461
462
467
468
471
472
476
484
488
490
492
504
508
515
519
521
523
529
562
566
571
575
595
599
616
620
621
625
629
633
637
644
648
652
656
666
670
711
715
5
9
5
11
5
16
9
25
29
20
38
34
5
9
13
5
9
5
9
5
12
16
20
20
5
9
5
9
5
9
5
9
5
9
13
17
5
9
5
9
5
9
13
5
9
9
13
20
5
9
5
9
5
9
13
5
15
16
20
24
5
9
5
9
5
9
5
9
13
17
23
27
13
36
5
27
9
35
12
16
51
55
59
5
9
5
9
10
14
15
23
27
29
5
9
5
9
5
9
5
9
13
5
9
13
5
9
5
9
6
10
14
18
5
9
5
9
13
5
9
5
9
5
9
5
9
5
20
24
25
29
33
5
9
5
9
13
5
9
5
9
5
9
5
9
13
5
9
5
9
13
5
9
5
9
13
17
5
9
8
12
5
9
5
9
5
9
8
12
5
9
5
9
5
9
5
11
14
18
5
9
5
9
13
17
21
25
9
13
5
9
5
9
13
5
9
5
18
5
26
11
31
5
9
5
7
5
16
5
9
25
27
31
9
13
17
5
9
5
9
5
9
13
17
5
9
5
9
6
9
20
19
23
21
5
9
5
9
5
9
5
9
5
9
5
9
5
9
5
9
5
9
13
17
21
25
29
33
5
9
5
9
5
9
13
17
5
9
5
11
16
20
5
9
5
9
5
9
5
9
13
5
9
5
9
5
9
13
17
7
11
5
9
5
9
5
9
5
9
8
11
15
19
5
9
5
9
5
9
13
17
5
9
8
12
5
9
5
9
7
7
11
18
5
9
5
9
5
9
15
19
26
30
5
9
13
17
46
50
69
73
77
87
91
98
102
107
106
115
120
124
124
125
129
130
134
137
138
142
146
151
150
156
160
160
163
173
177
179
181
184
184
189
192
189
197
203
199
207
208
211
211
215
223
223
229
233
225
238
229
239
243
235
247
251
240
258
246
262
263
263
268
272
274
260
278
280
281
268
283
287
290
291
279
296
300
301
305
306
310
315
319
319
325
329
334
338
339
343
347
351
356
360
364
368
369
373
382
386
387
391
397
401
409
413
415
417
423
425
429
435
439
443
447
458
462
475
479
486
490
504
508
510
514
518
518
524
531
535
539
542
546
614
618
633
637
640
644
645
649
673
677
681
685
701
705
709
713
716
720
860
864
990
994
998
5
9
5
9
5
9
5
5
9
29
33
5
42
9
50
5
11
12
16
5
9
8
12
5
9
13
5
9
13
5
9
13
17
5
9
15
16
20
24
5
11
15
12
16
5
9
13
17
21
25
29
33
37
41
45
49
53
57
61
65
69
73
81
85
21
25
27
31
5
15
16
20
24
6
10
8
12
5
9
5
9
7
11
15
19
10
14
35
9
17
21
52
7
23
28
13
67
71
75
5
9
5
9
5
9
5
9
5
9
5
9
5
9
13
5
9
13
5
5
10
18
11
21
25
5
9
5
9
20
24
19
30
30
5
9
9
13
13
17
27
23
12
16
20
24
28
32
5
9
13
5
9
5
9
14
18
25
22
32
5
9
5
9
5
9
13
22
18
22
5
9
5
9
5
9
5
9
5
9
5
9
7
10
14
18
18
22
26
5
9
5
9
8
12
5
11
15
20
24
5
9
13
5
9
7
11
5
9
13
17
5
9
5
9
5
9
5
9
5
9
5
9
13
5
9
13
17
5
9
9
13
5
11
18
22
22
26
32
31
36
17
21
25
8
22
25
29
5
9
13
17
5
9
13
17
21
25
29
33
37
41
45
51
55
12
67
71
75
34
5
9
9
13
17
5
9
11
15
20
24
8
12
12
16
27
20
5
9
5
9
21
5
19
23
31
35
16
20
24
5
7
11
16
5
9
5
9
5
9
5
9
5
9
5
9
15
19
13
17
5
9
10
14
24
5
9
13
5
9
5
9
5
9
13
5
9
5
16
20
21
13
17
46
50
54
58
62
69
66
80
84
87
82
91
90
94
103
98
104
114
118
118
119
123
126
130
133
137
140
144
147
148
159
163
166
172
171
176
180
177
181
187
194
191
198
202
203
196
208
208
218
217
222
224
224
225
230
234
235
236
239
238
242
247
252
248
256
258
260
260
268
272
272
274
276
276
281
282
286
287
292
294
296
301
302
307
309
313
318
322
323
327
328
332
333
337
343
347
350
354
356
358
365
366
369
369
372
381
381
385
383
388
389
397
397
401
401
406
405
411
409
413
415
417
416
421
426
423
431
429
435
436
438
442
442
441
447
448
453
454
449
458
460
456
466
460
474
468
478
473
483
477
481
485
489
493
497
516
501
524
528
512
516
520
541
524
528
532
536
598
602
605
606
614
617
634
638
673
677
687
691
715
719
728
732
867
871
5
9
5
9
9
13
8
12
24
5
9
5
9
9
13
5
9
5
9
5
9
5
9
6
10
5
9
7
5
12
16
17
20
17
24
28
5
11
16
20
5
9
9
11
15
20
5
9
5
9
8
16
20
16
24
36
5
9
46
5
9
5
9
5
9
5
9
13
17
21
5
9
13
17
21
25
7
11
36
40
44
48
5
13
17
14
18
5
9
5
10
14
16
12
5
18
19
22
16
5
9
12
16
17
21
25
5
9
13
17
5
11
21
25
32
29
39
5
9
5
9
5
9
5
9
5
9
5
9
7
11
15
5
9
5
9
5
9
5
9
5
9
5
9
5
9
5
9
5
9
7
11
12
16
10
14
12
16
5
9
5
9
7
10
14
23
20
24
14
24
39
43
47
13
17
63
67
5
9
13
17
5
9
13
17
21
25
29
33
37
41
45
5
9
5
9
5
9
5
9
5
9
5
9
5
9
5
9
5
9
5
9
5
9
5
9
5
9
13
5
9
5
9
5
11
15
15
23
29
33
37
13
17
51
55
59
63
5
9
13
5
9
5
9
5
9
13
17
21
5
9
5
9
5
9
5
9
5
9
5
9
13
5
9
5
9
5
19
24
28
5
9
5
9
5
9
5
9
5
11
15
12
16
20
24
28
5
9
5
9
5
15
19
27
5
9
5
9
5
9
5
9
13
5
9
13
17
21
25
29
5
9
5
13
17
46
50
54
69
73
77
87
91
98
102
107
106
112
120
124
125
130
130
134
136
137
138
142
144
149
151
153
159
160
164
165
170
172
176
176
177
182
184
188
189
190
193
195
199
211
215
223
227
232
231
237
240
244
244
251
255
257
261
263
265
268
273
271
275
278
280
280
286
285
287
290
291
291
289
295
300
307
303
311
317
318
327
331
332
336
343
347
350
351
355
359
361
361
365
367
369
372
371
376
374
380
382
386
389
393
399
403
413
417
418
423
423
427
428
429
432
435
436
441
445
447
449
450
453
456
460
457
463
461
464
470
470
477
481
492
496
496
500
502
504
508
512
529
533
536
540
542
546
550
554
558
558
568
572
569
573
577
581
585
589
593
597
621
625
630
634
638
642
655
659
681
685
894
898
921
925
5
9
5
9
5
9
5
9
13
14
5
28
21
32
16
31
35
45
8
12
5
9
7
11
5
14
18
22
5
9
8
12
5
9
5
9
5
9
5
9
5
9
13
7
11
15
5
9
7
11
12
11
15
23
9
13
5
9
7
11
12
17
21
23
25
29
33
37
41
45
51
55
16
61
5
27
5
23
9
88
13
95
99
5
9
19
13
21
26
25
124
24
38
35
139
143
147
151
5
9
5
9
5
9
5
9
5
9
5
9
5
9
13
5
9
13
5
9
5
9
5
9
5
9
5
9
5
9
5
9
5
9
5
9
5
9
5
9
5
9
5
9
5
15
5
9
22
7
36
23
42
46
12
16
5
21
28
32
5
9
6
10
5
9
5
9
5
9
5
9
5
9
5
9
5
9
5
9
13
5
9
13
17
5
9
5
9
5
9
5
9
5
9
5
9
5
9
6
9
20
6
16
10
24
5
9
5
9
5
9
9
13
17
5
9
5
9
13
5
9
5
14
21
5
30
5
16
44
48
21
5
9
5
9
5
9
5
9
5
9
13
17
5
9
13
17
5
9
5
9
13
5
9
13
17
5
9
5
9
5
9
5
5
16
17
6
22
16
32
5
24
9
45
49
53
6
10
14
5
9
5
9
13
16
5
9
5
9
7
11
5
9
5
9
5
9
5
9
13
17
5
9
13
17
18
22
37
41
45
49
53
57
5
9
5
9
5
9
5
9
5
9
13
17
46
50
69
73
87
91
95
98
99
107
111
112
115
120
119
125
130
130
128
135
137
138
141
142
147
151
155
160
164
170
174
174
178
183
187
195
203
207
213
217
222
221
227
230
231
235
237
240
242
247
251
251
255
258
259
263
261
264
266
269
273
274
274
279
276
279
286
290
290
293
297
299
301
298
307
309
309
313
324
317
334
338
339
343
346
350
342
346
350
361
366
370
371
371
365
377
376
382
383
387
387
388
392
380
395
399
414
418
431
435
436
440
440
453
457
460
464
466
470
471
477
477
481
481
493
497
501
507
511
512
518
522
536
540
550
554
569
573
575
577
585
588
592
596
600
604
613
617
618
624
628
632
638
642
679
683
696
700
717
721
874
878
928
932
989
993
5
9
13
5
9
15
16
20
7
11
5
9
5
9
5
9
13
17
21
25
29
5
9
13
5
9
5
9
13
20
24
24
28
5
15
19
20
5
9
5
9
5
9
5
14
19
23
27
5
9
13
17
21
25
29
33
37
41
5
9
5
9
13
17
21
25
29
33
37
5
11
13
17
5
13
5
18
11
29
33
37
41
45
5
13
17
24
5
9
7
11
5
9
5
9
13
5
9
5
9
6
10
5
9
5
9
5
9
5
9
5
9
5
9
5
9
5
9
5
9
13
5
9
5
9
5
9
5
9
13
5
9
8
12
5
13
17
21
21
5
9
5
9
5
9
5
9
5
9
13
17
21
5
9
5
9
5
9
7
11
5
9
5
9
5
9
5
9
5
9
13
16
17
5
9
5
9
13
5
9
5
9
5
9
5
9
25
29
25
29
35
33
12
39
23
5
9
5
9
5
9
5
9
13
5
9
13
17
21
25
29
33
5
9
5
9
5
9
5
9
13
5
9
13
5
9
5
9
5
9
5
9
5
12
16
21
9
13
5
9
5
9
13
5
9
13
7
5
24
18
22
26
30
34
5
9
5
9
5
9
5
9
5
9
6
10
5
9
5
9
13
17
21
25
5
9
5
6
10
16
21
22
21
5
9
5
9
5
9
5
9
5
9
13
9
13
27
17
9
13
5
9
5
9
13
7
11
5
9
13
17
26
30
16
20
5
9
5
9
15
19
21
25
5
9
13
5
9
5
9
13
5
13
17
46
50
69
73
87
91
98
102
107
106
112
116
120
124
125
129
130
136
137
141
140
142
151
155
160
164
169
173
179
183
184
188
189
193
196
200
206
210
215
219
228
232
232
238
242
244
248
249
254
254
258
259
260
263
267
271
275
277
281
285
289
292
296
300
304
307
308
314
316
318
321
319
325
326
333
331
341
350
354
355
359
363
366
367
371
376
373
373
381
391
395
396
400
402
404
409
413
412
415
419
419
426
430
429
433
437
440
444
445
449
447
456
453
460
460
461
468
472
470
473
472
476
483
485
482
490
491
494
500
492
504
505
500
504
508
512
516
520
537
524
542
546
532
551
536
554
560
564
565
568
573
558
562
566
627
631
645
649
653
699
703
706
707
715
718
719
718
725
750
754
758
916
920
5
11
12
16
5
9
13
17
21
25
5
11
15
19
23
5
9
5
9
13
5
9
13
16
5
11
15
14
18
5
11
15
16
5
9
5
5
13
9
17
21
5
9
5
9
25
24
28
32
36
5
9
5
9
5
9
5
9
5
9
13
17
5
9
5
9
5
9
5
9
13
17
21
5
9
5
9
13
16
20
5
9
13
17
5
9
5
9
5
9
13
17
9
13
14
19
23
25
29
33
37
5
9
13
7
11
15
5
9
13
17
21
25
29
33
37
41
45
49
5
9
5
11
15
18
5
9
5
10
14
16
25
18
22
7
11
5
9
5
9
13
17
5
9
5
9
5
9
6
10
20
24
23
28
24
34
28
35
5
9
5
9
5
9
5
9
5
9
5
9
13
17
5
9
5
10
14
21
5
9
5
9
5
9
5
9
5
9
8
12
16
20
5
9
13
5
9
5
9
5
9
5
9
13
5
9
13
5
9
5
9
5
9
5
9
13
5
9
5
9
5
9
5
14
15
19
6
7
5
17
21
22
5
9
5
9
8
12
16
20
5
9
7
11
12
25
29
20
29
32
36
45
49
5
9
13
8
12
5
9
5
9
5
9
5
9
5
9
5
9
5
9
13
5
9
5
9
6
10
5
9
5
9
8
12
16
5
13
17
23
27
31
36
35
39
43
47
53
57
12
16
5
9
5
9
5
9
5
9
5
15
19
20
5
9
5
17
22
26
30
34
38
42
46
50
13
17
21
46
50
69
73
87
91
98
102
107
111
120
124
125
130
130
134
136
137
137
142
144
149
151
155
160
164
165
169
172
176
177
184
187
188
189
191
211
215
219
221
224
225
231
229
232
237
237
243
247
247
249
253
251
259
263
267
269
273
274
279
279
283
285
287
291
290
292
294
298
302
303
304
307
310
311
317
321
322
333
337
340
344
345
349
350
355
359
360
364
366
368
371
375
376
384
385
388
389
395
394
399
399
401
402
409
413
414
418
422
422
426
428
432
430
434
442
446
456
460
462
466
470
514
518
523
527
530
534
539
543
548
547
559
562
565
568
576
580
584
588
592
596
600
604
612
616
622
626
651
655
675
679
701
705
719
723
733
737
741
776
780
1032
1036
5
9
5
9
13
5
9
5
9
5
9
5
9
13
5
9
5
10
5
16
23
20
5
9
5
9
5
9
5
9
6
9
15
5
16
24
17
21
35
25
6
31
10
16
20
5
9
13
17
5
9
5
9
5
9
5
9
5
9
5
9
13
5
9
5
9
13
5
9
5
9
5
9
6
10
14
18
5
9
8
12
20
5
9
5
9
5
9
5
9
5
9
5
9
13
5
10
14
16
20
5
9
22
26
32
5
9
5
9
5
9
5
9
5
5
15
9
19
24
10
14
35
39
43
47
51
5
9
13
5
9
5
9
5
9
5
9
5
9
5
9
5
9
5
9
5
9
5
9
5
9
5
11
15
16
19
23
27
31
35
43
47
16
20
5
9
5
9
5
9
13
5
9
5
9
5
11
13
17
5
15
21
25
29
5
9
13
9
13
5
9
5
9
5
9
5
16
20
21
7
32
21
25
34
29
41
5
9
5
9
5
9
5
9
13
17
21
5
9
5
9
13
5
9
5
9
5
9
13
5
9
13
17
21
5
9
5
9
13
5
9
5
9
5
9
5
9
5
9
5
9
13
16
5
9
5
9
13
5
9
5
9
13
17
5
9
5
9
5
9
5
9
13
17
5
9
13
17
5
9
13
5
9
5
9
13
17
21
27
31
13
42
13
17
33
5
9
13
17
21
25
5
9
5
9
5
9
13
17
5
9
13
5
9
5
9
5
9
5
9
5
9
5
9
5
9
7
11
12
15
19
28
5
9
13
17
46
50
69
73
87
91
98
102
107
111
120
124
125
130
130
134
136
137
142
146
145
151
151
155
160
164
165
172
176
177
181
185
189
190
194
198
205
209
214
218
223
227
233
231
239
237
243
244
246
251
254
260
264
265
266
271
270
265
275
280
279
281
288
290
292
295
293
299
300
301
306
303
304
310
311
311
315
315
319
323
338
342
344
348
348
359
363
364
368
369
373
374
379
382
383
385
390
394
398
402
406
405
410
412
416
420
422
431
435
437
441
442
446
450
453
457
465
469
472
476
495
499
525
529
538
542
546
550
555
554
560
564
568
572
576
584
593
597
595
615
619
632
636
651
655
659
663
670
674
677
681
686
685
693
696
715
719
730
734
738
771
775
779
783
787
791
1016
1020
5
9
5
8
12
16
5
9
11
5
20
21
5
19
25
29
16
22
26
40
5
48
9
40
56
59
5
78
9
15
19
92
27
105
5
11
118
5
9
5
9
5
9
5
9
5
9
13
5
9
13
17
21
25
29
7
11
5
9
5
9
5
9
5
9
13
17
5
13
30
11
34
24
38
5
9
5
9
9
20
21
25
5
9
15
13
17
5
9
5
9
18
22
16
28
27
5
14
18
19
23
5
9
5
9
5
9
13
5
14
17
21
5
9
13
5
9
13
7
10
14
18
22
5
9
5
9
13
17
21
25
29
33
37
41
5
9
5
9
5
9
13
5
9
13
17
21
25
29
33
37
41
45
49
53
63
67
20
73
77
31
81
5
9
5
9
5
9
5
9
9
13
5
9
5
9
13
17
21
25
29
33
5
9
5
9
5
9
13
5
9
5
9
22
25
29
5
9
9
13
5
9
5
9
5
9
5
9
6
10
5
11
17
21
20
29
36
40
23
27
31
5
9
5
9
5
9
13
5
11
13
17
5
9
5
9
5
9
5
9
5
9
13
17
5
9
5
9
5
9
13
17
21
5
5
9
17
21
27
31
5
9
13
5
10
14
16
6
10
14
5
9
13
5
9
5
9
5
9
5
9
5
9
5
9
13
5
9
7
11
5
9
5
15
19
20
5
9
13
17
21
25
29
33
37
41
45
49
53
17
71
23
75
12
16
5
9
5
9
5
9
5
9
5
9
13
5
9
5
9
13
17
21
25
29
33
37
46
50
69
73
87
91
98
102
107
111
115
120
119
125
128
129
130
130
137
134
141
142
143
145
148
151
155
160
164
165
169
172
176
177
181
185
189
190
194
210
214
218
222
226
228
232
234
238
241
245
248
252
258
262
266
270
271
275
276
280
282
284
288
290
293
295
299
300
305
308
309
315
318
322
330
334
335
343
346
349
350
351
356
360
360
364
365
368
373
371
378
378
383
387
386
390
392
396
396
400
403
401
407
412
412
419
423
423
426
429
440
444
447
451
448
452
462
456
468
468
473
478
482
485
489
498
502
504
506
512
538
542
549
553
561
565
566
570
576
580
592
596
629
633
647
651
1016
1020
1024
1028
5
9
5
9
5
9
5
11
14
18
5
10
14
18
22
32
36
20
40
30
51
5
14
70
74
5
9
9
13
16
20
5
9
5
9
13
5
9
13
17
21
25
29
35
13
17
6
10
14
5
9
5
9
13
5
9
5
9
5
9
8
5
16
21
23
5
9
29
15
33
14
9
42
11
15
30
29
5
47
51
28
55
65
69
47
56
85
89
93
5
9
13
5
9
5
9
9
13
16
21
25
29
5
9
5
9
5
9
8
12
5
9
7
11
5
9
13
5
9
13
17
5
9
5
9
5
9
5
7
11
16
20
5
9
5
9
5
9
5
9
5
9
5
9
5
9
13
17
21
25
5
12
16
24
5
9
5
9
5
9
5
9
5
9
5
9
5
9
13
17
21
25
29
40
44
21
25
29
5
9
7
11
15
5
9
5
11
13
17
21
5
9
5
9
5
5
9
20
13
26
28
5
9
13
17
5
9
5
9
5
9
5
9
5
7
11
16
20
24
28
34
38
14
47
30
34
5
9
5
9
5
9
5
9
5
9
13
5
9
5
9
5
9
5
9
13
5
9
5
9
5
9
8
5
14
18
16
20
27
31
35
39
6
10
14
5
9
5
9
13
5
9
20
17
21
25
29
33
37
41
45
49
53
8
12
64
72
76
26
80
84
88
92
96
100
104
108
112
116
120
124
128
132
136
140
144
148
152
156
160
164
168
172
176
180
184
188
192
196
200
204
208
212
216
220
224
228
232
236
240
244
248
252
256
260
264
268
272
276
280
284
288
292
13
17
46
50
69
73
87
91
98
102
107
106
112
120
124
125
130
130
134
136
137
141
142
146
151
150
156
160
160
163
165
170
166
172
170
177
177
182
184
184
188
182
189
190
194
194
196
198
200
205
202
210
214
218
219
220
223
221
227
230
231
236
240
241
242
245
246
245
250
252
257
256
258
267
271
278
282
283
287
286
290
294
300
301
301
306
310
312
314
316
318
320
323
322
324
327
326
334
338
340
346
344
345
349
354
355
353
355
364
357
369
373
365
374
378
380
384
388
392
395
399
403
407
416
420
422
426
428
432
437
436
442
449
449
453
454
458
459
463
467
471
473
477
496
500
513
517
518
522
525
529
530
534
539
543
566
570
573
577
581
585
611
615
670
674
679
683
687
694
698
731
735
5
9
5
9
11
15
15
20
13
17
37
5
9
5
9
15
19
14
25
29
25
33
37
41
45
49
53
57
61
65
69
73
77
83
87
12
6
93
23
5
16
108
5
17
43
47
20
31
35
8
155
12
160
164
168
172
176
7
5
187
191
19
195
20
199
8
12
5
9
8
12
5
7
11
16
5
9
13
5
9
5
9
17
5
14
9
21
25
5
9
5
9
6
10
14
5
9
5
9
5
9
5
9
13
5
6
11
10
13
17
8
12
8
12
5
9
5
9
13
17
5
9
7
11
5
16
20
24
28
5
11
5
16
9
23
5
9
5
9
5
9
5
9
5
9
5
9
13
5
9
8
12
16
5
9
5
9
5
9
5
9
5
9
5
9
5
9
5
9
13
5
9
5
9
5
9
5
9
5
9
5
9
5
5
14
9
19
20
25
29
5
9
5
9
9
13
5
9
5
9
5
9
13
17
21
25
29
33
5
9
13
5
9
5
9
5
9
8
12
18
12
5
23
21
25
29
33
5
9
13
5
9
5
9
5
9
5
9
5
9
5
9
5
9
13
5
9
5
9
5
9
10
14
15
19
5
11
5
12
9
20
24
28
32
5
9
13
5
9
5
9
5
9
5
9
5
9
8
12
5
9
5
9
5
9
5
9
5
9
5
9
5
11
15
20
19
5
9
13
16
6
19
25
29
33
5
9
13
16
17
5
9
13
17
21
13
17
37
21
49
53
19
23
5
9
5
9
5
13
17
46
50
69
73
87
91
98
102
107
106
112
120
124
125
130
130
134
136
137
137
142
146
149
151
151
155
160
159
165
169
168
172
172
175
177
182
178
185
187
189
190
194
198
198
204
208
212
217
221
229
233
238
242
245
249
250
254
256
260
264
267
268
272
275
277
282
281
283
287
287
290
291
298
297
302
304
305
309
311
315
316
320
321
329
334
337
338
342
347
347
350
349
354
355
360
361
364
362
367
371
372
376
380
384
387
391
392
396
398
402
406
409
413
418
417
426
428
430
431
431
441
447
446
451
453
457
462
466
471
475
479
483
487
487
498
504
502
507
516
520
520
525
529
531
533
530
538
540
546
544
545
550
549
560
553
559
582
586
595
599
603
608
612
618
622
751
755
5
8
12
16
16
5
9
5
9
9
13
5
10
14
19
5
9
13
17
5
9
13
17
21
25
5
16
5
25
9
32
17
21
29
25
6
10
5
9
5
9
5
9
5
8
12
16
5
9
5
9
5
9
5
9
26
30
25
8
18
44
5
9
5
9
5
9
13
17
21
5
9
5
9
13
5
9
13
7
11
6
10
14
18
22
26
30
5
9
5
5
11
11
21
22
5
9
5
9
13
17
5
9
13
17
5
9
7
6
15
10
16
14
23
27
7
11
5
9
5
9
13
8
12
5
9
5
9
13
17
21
25
5
9
13
5
9
13
5
9
5
9
5
9
5
9
13
5
9
5
9
5
9
5
9
5
9
5
9
5
9
5
9
7
5
20
24
28
16
32
30
36
40
5
9
13
5
9
5
9
13
5
9
5
9
5
9
9
13
5
9
5
9
5
9
5
9
5
9
13
17
5
9
16
33
22
20
5
9
5
9
5
9
5
9
5
9
5
9
5
9
5
9
5
9
5
9
5
20
24
28
5
11
16
20
5
9
5
9
13
17
5
9
5
9
13
17
21
25
29
33
37
41
45
8
12
56
5
9
5
9
5
9
11
15
25
19
5
9
5
9
6
7
20
21
25
5
16
20
21
5
9
5
9
5
9
5
9
5
9
13
5
9
5
9
13
17
5
9
13
17
5
9
8
12
16
20
5
9
5
11
5
16
9
24
5
9
13
5
10
14
19
5
9
5
9
5
9
5
13
19
