5 4
10 29.2
15 25.8
20 23.8
25 6.2
30 5.8
35 3
40 1.2
45 0.6
50 0.2
55 0.2
60 0
65 0
70 0
75 0
80 0
85 0
90 0
95 0
100 0
105 0
110 0
115 0
120 0
125 0
130 0
135 0
140 0
145 0
150 0
155 0
160 0
165 0
170 0
175 0
180 0
185 0
190 0
195 0
200 0
205 0
210 0
215 0
220 0
225 0
230 0
235 0
240 0
245 0
250 0
255 0
260 0
265 0
270 0
275 0
280 0
285 0
290 0
295 0
300 0
305 0
310 0
315 0
320 0
325 0
330 0
335 0
340 0
345 0
350 0
355 0
360 0
365 0
370 0
375 0
380 0
385 0
390 0
395 0
400 0
405 0
410 0
415 0
420 0
425 0
430 0
435 0
440 0
445 0
450 0
455 0
460 0
465 0
470 0
475 0
480 0
485 0
490 0
495 0
50 0
5 4.6
10 25.6
15 25.6
20 26.6
25 7.4
30 4.8
35 3.4
40 0.8
45 0.6
50 0.6
55 0
60 0
65 0
70 0
75 0
80 0
85 0
90 0
95 0
100 0
105 0
110 0
115 0
120 0
125 0
130 0
135 0
140 0
145 0
150 0
155 0
160 0
165 0
170 0
175 0
180 0
185 0
190 0
195 0
200 0
205 0
210 0
215 0
220 0
225 0
230 0
235 0
240 0
245 0
250 0
255 0
260 0
265 0
270 0
275 0
280 0
285 0
290 0
295 0
300 0
305 0
310 0
315 0
320 0
325 0
330 0
335 0
340 0
345 0
350 0
355 0
360 0
365 0
370 0
375 0
380 0
385 0
390 0
395 0
400 0
405 0
410 0
415 0
420 0
425 0
430 0
435 0
440 0
445 0
450 0
455 0
460 0
465 0
470 0
475 0
480 0
485 0
490 0
495 0
47 0
5 5.8
10 23.4
15 24.8
20 27.8
25 6.8
30 3.6
35 4.2
40 1.6
45 1
50 0.6
55 0.4
60 0
65 0
70 0
75 0
80 0
85 0
90 0
95 0
100 0
105 0
110 0
115 0
120 0
125 0
130 0
135 0
140 0
145 0
150 0
155 0
160 0
165 0
170 0
175 0
180 0
185 0
190 0
195 0
200 0
205 0
210 0
215 0
220 0
225 0
230 0
235 0
240 0
245 0
250 0
255 0
260 0
265 0
270 0
275 0
280 0
285 0
290 0
295 0
300 0
305 0
310 0
315 0
320 0
325 0
330 0
335 0
340 0
345 0
350 0
355 0
360 0
365 0
370 0
375 0
380 0
385 0
390 0
395 0
400 0
405 0
410 0
415 0
420 0
425 0
430 0
435 0
440 0
445 0
450 0
455 0
460 0
465 0
470 0
475 0
480 0
485 0
490 0
495 0
51 0
5 4.4
10 22.6
15 28.8
20 24
25 9
30 4.6
35 3.4
40 2
45 0.4
50 0.6
55 0.2
60 0
65 0
70 0
75 0
80 0
85 0
90 0
95 0
100 0
105 0
110 0
115 0
120 0
125 0
130 0
135 0
140 0
145 0
150 0
155 0
160 0
165 0
170 0
175 0
180 0
185 0
190 0
195 0
200 0
205 0
210 0
215 0
220 0
225 0
230 0
235 0
240 0
245 0
250 0
255 0
260 0
265 0
270 0
275 0
280 0
285 0
290 0
295 0
300 0
305 0
310 0
315 0
320 0
325 0
330 0
335 0
340 0
345 0
350 0
355 0
360 0
365 0
370 0
375 0
380 0
385 0
390 0
395 0
400 0
405 0
410 0
415 0
420 0
425 0
430 0
435 0
440 0
445 0
450 0
455 0
460 0
465 0
470 0
475 0
480 0
485 0
490 0
495 0
50 0
5 4.8
10 27.2
15 26.2
20 28.6
25 5.8
30 3
35 2.6
40 0.8
45 0.6
50 0.4
55 0
60 0
65 0
70 0
75 0
80 0
85 0
90 0
95 0
100 0
105 0
110 0
115 0
120 0
125 0
130 0
135 0
140 0
145 0
150 0
155 0
160 0
165 0
170 0
175 0
180 0
185 0
190 0
195 0
200 0
205 0
210 0
215 0
220 0
225 0
230 0
235 0
240 0
245 0
250 0
255 0
260 0
265 0
270 0
275 0
280 0
285 0
290 0
295 0
300 0
305 0
310 0
315 0
320 0
325 0
330 0
335 0
340 0
345 0
350 0
355 0
360 0
365 0
370 0
375 0
380 0
385 0
390 0
395 0
400 0
405 0
410 0
415 0
420 0
425 0
430 0
435 0
440 0
445 0
450 0
455 0
460 0
465 0
470 0
475 0
480 0
485 0
490 0
495 0
48 0
5 5
10 23.6
15 27.2
20 27
25 7
30 5
35 3.2
40 0.8
45 0.4
50 0.2
55 0.4
60 0
65 0
70 0
75 0.2
80 0
85 0
90 0
95 0
100 0
105 0
110 0
115 0
120 0
125 0
130 0
135 0
140 0
145 0
150 0
155 0
160 0
165 0
170 0
175 0
180 0
185 0
190 0
195 0
200 0
205 0
210 0
215 0
220 0
225 0
230 0
235 0
240 0
245 0
250 0
255 0
260 0
265 0
270 0
275 0
280 0
285 0
290 0
295 0
300 0
305 0
310 0
315 0
320 0
325 0
330 0
335 0
340 0
345 0
350 0
355 0
360 0
365 0
370 0
375 0
380 0
385 0
390 0
395 0
400 0
405 0
410 0
415 0
420 0
425 0
430 0
435 0
440 0
445 0
450 0
455 0
460 0
465 0
470 0
475 0
480 0
485 0
490 0
495 0
70 0
5 5.4
10 27.4
15 24.8
20 25.8
25 5.8
30 4
35 3
40 2
45 0.2
50 1.2
55 0
60 0
65 0.4
70 0
75 0
80 0
85 0
90 0
95 0
100 0
105 0
110 0
115 0
120 0
125 0
130 0
135 0
140 0
145 0
150 0
155 0
160 0
165 0
170 0
175 0
180 0
185 0
190 0
195 0
200 0
205 0
210 0
215 0
220 0
225 0
230 0
235 0
240 0
245 0
250 0
255 0
260 0
265 0
270 0
275 0
280 0
285 0
290 0
295 0
300 0
305 0
310 0
315 0
320 0
325 0
330 0
335 0
340 0
345 0
350 0
355 0
360 0
365 0
370 0
375 0
380 0
385 0
390 0
395 0
400 0
405 0
410 0
415 0
420 0
425 0
430 0
435 0
440 0
445 0
450 0
455 0
460 0
465 0
470 0
475 0
480 0
485 0
490 0
495 0
60 0
5 4
10 23
15 30.6
20 25.6
25 7.4
30 3.8
35 3.2
40 0.8
45 1
50 0.4
55 0
60 0
65 0.2
70 0
75 0
80 0
85 0
90 0
95 0
100 0
105 0
110 0
115 0
120 0
125 0
130 0
135 0
140 0
145 0
150 0
155 0
160 0
165 0
170 0
175 0
180 0
185 0
190 0
195 0
200 0
205 0
210 0
215 0
220 0
225 0
230 0
235 0
240 0
245 0
250 0
255 0
260 0
265 0
270 0
275 0
280 0
285 0
290 0
295 0
300 0
305 0
310 0
315 0
320 0
325 0
330 0
335 0
340 0
345 0
350 0
355 0
360 0
365 0
370 0
375 0
380 0
385 0
390 0
395 0
400 0
405 0
410 0
415 0
420 0
425 0
430 0
435 0
440 0
445 0
450 0
455 0
460 0
465 0
470 0
475 0
480 0
485 0
490 0
495 0
63 0
5 5
10 25.4
15 26.4
20 26.2
25 6.8
30 2.8
35 3.4
40 1.8
45 1
50 0.4
55 0.2
60 0.2
65 0.2
70 0
75 0.2
80 0
85 0
90 0
95 0
100 0
105 0
110 0
115 0
120 0
125 0
130 0
135 0
140 0
145 0
150 0
155 0
160 0
165 0
170 0
175 0
180 0
185 0
190 0
195 0
200 0
205 0
210 0
215 0
220 0
225 0
230 0
235 0
240 0
245 0
250 0
255 0
260 0
265 0
270 0
275 0
280 0
285 0
290 0
295 0
300 0
305 0
310 0
315 0
320 0
325 0
330 0
335 0
340 0
345 0
350 0
355 0
360 0
365 0
370 0
375 0
380 0
385 0
390 0
395 0
400 0
405 0
410 0
415 0
420 0
425 0
430 0
435 0
440 0
445 0
450 0
455 0
460 0
465 0
470 0
475 0
480 0
485 0
490 0
495 0
70 0
5 5.6
10 25.4
15 23.8
20 25.6
25 7.4
30 4.8
35 3
40 1.8
45 1
50 0.8
55 0.6
60 0
65 0.2
70 0
75 0
80 0
85 0
90 0
95 0
100 0
105 0
110 0
115 0
120 0
125 0
130 0
135 0
140 0
145 0
150 0
155 0
160 0
165 0
170 0
175 0
180 0
185 0
190 0
195 0
200 0
205 0
210 0
215 0
220 0
225 0
230 0
235 0
240 0
245 0
250 0
255 0
260 0
265 0
270 0
275 0
280 0
285 0
290 0
295 0
300 0
305 0
310 0
315 0
320 0
325 0
330 0
335 0
340 0
345 0
350 0
355 0
360 0
365 0
370 0
375 0
380 0
385 0
390 0
395 0
400 0
405 0
410 0
415 0
420 0
425 0
430 0
435 0
440 0
445 0
450 0
455 0
460 0
465 0
470 0
475 0
480 0
485 0
490 0
495 0
61 0
5 4.8
10 25.6
15 28.2
20 26.2
25 6.8
30 2.8
35 3
40 0.8
45 0.6
50 0.4
55 0.4
60 0
65 0.4
70 0
75 0
80 0
85 0
90 0
95 0
100 0
105 0
110 0
115 0
120 0
125 0
130 0
135 0
140 0
145 0
150 0
155 0
160 0
165 0
170 0
175 0
180 0
185 0
190 0
195 0
200 0
205 0
210 0
215 0
220 0
225 0
230 0
235 0
240 0
245 0
250 0
255 0
260 0
265 0
270 0
275 0
280 0
285 0
290 0
295 0
300 0
305 0
310 0
315 0
320 0
325 0
330 0
335 0
340 0
345 0
350 0
355 0
360 0
365 0
370 0
375 0
380 0
385 0
390 0
395 0
400 0
405 0
410 0
415 0
420 0
425 0
430 0
435 0
440 0
445 0
450 0
455 0
460 0
465 0
470 0
475 0
480 0
485 0
490 0
495 0
62 0
5 5
10 26.8
15 26.2
20 24.8
25 5.4
30 5.6
35 2.6
40 2
45 0.6
50 0.4
55 0.2
60 0.2
65 0.2
70 0
75 0
80 0
85 0
90 0
95 0
100 0
105 0
110 0
115 0
120 0
125 0
130 0
135 0
140 0
145 0
150 0
155 0
160 0
165 0
170 0
175 0
180 0
185 0
190 0
195 0
200 0
205 0
210 0
215 0
220 0
225 0
230 0
235 0
240 0
245 0
250 0
255 0
260 0
265 0
270 0
275 0
280 0
285 0
290 0
295 0
300 0
305 0
310 0
315 0
320 0
325 0
330 0
335 0
340 0
345 0
350 0
355 0
360 0
365 0
370 0
375 0
380 0
385 0
390 0
395 0
400 0
405 0
410 0
415 0
420 0
425 0
430 0
435 0
440 0
445 0
450 0
455 0
460 0
465 0
470 0
475 0
480 0
485 0
490 0
495 0
64 0
5 6
10 26.2
15 28
20 24
25 6.4
30 3.8
35 2.4
40 1.8
45 0.6
50 0.2
55 0.2
60 0.2
65 0
70 0.2
75 0
80 0
85 0
90 0
95 0
100 0
105 0
110 0
115 0
120 0
125 0
130 0
135 0
140 0
145 0
150 0
155 0
160 0
165 0
170 0
175 0
180 0
185 0
190 0
195 0
200 0
205 0
210 0
215 0
220 0
225 0
230 0
235 0
240 0
245 0
250 0
255 0
260 0
265 0
270 0
275 0
280 0
285 0
290 0
295 0
300 0
305 0
310 0
315 0
320 0
325 0
330 0
335 0
340 0
345 0
350 0
355 0
360 0
365 0
370 0
375 0
380 0
385 0
390 0
395 0
400 0
405 0
410 0
415 0
420 0
425 0
430 0
435 0
440 0
445 0
450 0
455 0
460 0
465 0
470 0
475 0
480 0
485 0
490 0
495 0
68 0
5 4
10 24.2
15 26
20 28.8
25 7
30 2.6
35 4.6
40 1.4
45 0.6
50 0.4
55 0.2
60 0.2
65 0
70 0
75 0
80 0
85 0
90 0
95 0
100 0
105 0
110 0
115 0
120 0
125 0
130 0
135 0
140 0
145 0
150 0
155 0
160 0
165 0
170 0
175 0
180 0
185 0
190 0
195 0
200 0
205 0
210 0
215 0
220 0
225 0
230 0
235 0
240 0
245 0
250 0
255 0
260 0
265 0
270 0
275 0
280 0
285 0
290 0
295 0
300 0
305 0
310 0
315 0
320 0
325 0
330 0
335 0
340 0
345 0
350 0
355 0
360 0
365 0
370 0
375 0
380 0
385 0
390 0
395 0
400 0
405 0
410 0
415 0
420 0
425 0
430 0
435 0
440 0
445 0
450 0
455 0
460 0
465 0
470 0
475 0
480 0
485 0
490 0
495 0
55 0
5 5.8
10 25.8
15 25
20 26.4
25 6.4
30 5.4
35 3.2
40 1
45 0.4
50 0.4
55 0.2
60 0
65 0
70 0
75 0
80 0
85 0
90 0
95 0
100 0
105 0
110 0
115 0
120 0
125 0
130 0
135 0
140 0
145 0
150 0
155 0
160 0
165 0
170 0
175 0
180 0
185 0
190 0
195 0
200 0
205 0
210 0
215 0
220 0
225 0
230 0
235 0
240 0
245 0
250 0
255 0
260 0
265 0
270 0
275 0
280 0
285 0
290 0
295 0
300 0
305 0
310 0
315 0
320 0
325 0
330 0
335 0
340 0
345 0
350 0
355 0
360 0
365 0
370 0
375 0
380 0
385 0
390 0
395 0
400 0
405 0
410 0
415 0
420 0
425 0
430 0
435 0
440 0
445 0
450 0
455 0
460 0
465 0
470 0
475 0
480 0
485 0
490 0
495 0
52 0
