5
5
5
5
5
8
15
5
5
5
10
5
6
7
7
8
5
10
5
8
5
5
5
8
5
6
5
24
5
6
15
5
15
5
5
26
87
6
69
8
5
5
7
5
5
8
86
5
5
5
5
8
6
5
9
5
6
5
16
11
9
15
5
31
5
5
5
9
5
5
5
6
8
9
17
5
5
6
18
9
8
8
39
5
5
5
5
5
9
10
5
6
9
16
6
6
21
19
15
5
5
17
5
9
5
5
21
5
53
6
5
14
10
5
6
7
8
31
6
5
5
6
9
35
5
12
26
10
43
12
13
13
40
22
45
7
5
57
23
6
19
8
17
13
10
24
23
28
5
74
5
29
9
13
17
19
134
43
44
86
137
28
68
120
15
76
9
36
57
11
69
7
16
6
5
124
22
90
5
13
68
37
12
12
16
5
26
18
5
16
120
5
95
29
7
5
33
211
16
111
211
16
194
56
59
84
47
27
75
9
9
25
117
23
5
20
16
6
15
26
118
8
5
103
5
99
8
23
33
62
19
19
65
28
7
23
8
5
9
7
43
36
43
87
45
5
29
90
52
86
27
71
9
8
214
280
8
12
9
8
12
7
263
168
6
93
6
5
106
29
8
11
84
103
6
39
5
322
9
47
6
11
57
339
141
8
325
5
10
121
5
11
14
7
11
5
110
17
36
11
18
127
6
237
12
14
200
5
13
17
15
167
221
157
5
9
71
49
223
10
17
10
5
23
100
80
5
43
5
6
18
75
108
5
18
266
5
11
68
18
15
6
173
9
44
27
37
44
18
177
47
55
19
5
9
14
9
6
297
5
15
57
267
29
18
35
21
35
12
29
52
6
60
13
14
7
8
37
6
8
260
22
20
212
5
5
9
7
14
8
11
170
72
45
135
6
10
239
123
126
14
34
121
5
15
5
16
35
6
60
13
5
5
85
44
44
218
6
5
7
156
31
9
72
11
84
14
90
40
7
55
117
230
35
76
42
42
97
54
119
98
237
90
44
108
75
129
115
607
227
595
204
562
192
285
539
136
274
365
100
189
315
91
128
293
125
367
297
369
200
204
156
452
384
278
592
559
507
287
216
279
282
264
254
546
441
365
337
999
925
790
747
946
688
868
646
623
580
614
483
5
5
5
5
10
14
5
5
5
5
14
5
5
5
5
7
13
5
21
10
5
11
13
5
6
35
9
5
23
5
13
6
45
9
17
34
6
27
7
5
10
21
19
6
10
5
9
9
15
14
11
14
17
5
17
35
42
7
113
9
54
111
24
89
10
103
5
6
58
108
33
81
45
5
62
5
14
39
8
21
6
34
17
35
29
153
8
18
24
32
8
13
9
191
5
119
6
5
12
9
124
35
94
28
9
124
10
31
7
123
29
21
54
109
12
5
88
131
9
77
5
116
56
12
5
173
226
37
176
29
20
200
69
11
134
11
36
89
30
74
48
121
14
66
37
25
75
5
8
13
5
229
5
8
199
41
236
5
5
20
14
307
5
212
7
11
9
5
5
5
19
36
17
230
10
7
102
52
8
5
13
14
5
379
22
15
15
27
335
19
35
5
65
12
307
31
5
22
17
75
14
79
11
10
307
5
161
118
5
8
99
54
6
42
88
281
70
189
241
9
146
5
19
74
5
63
69
17
5
6
56
115
5
13
152
181
5
34
57
6
39
157
22
5
39
8
5
9
130
5
141
6
6
5
133
11
6
5
13
142
14
13
5
76
12
23
109
25
7
23
49
6
138
19
7
158
122
9
48
11
15
15
328
33
499
246
25
444
63
24
423
77
9
425
84
33
11
235
30
78
73
5
241
202
27
21
19
231
64
5
27
104
23
37
18
214
124
26
298
18
251
16
144
274
5
238
37
5
234
23
11
105
29
157
41
9
5
74
5
87
20
71
12
5
95
65
94
5
64
80
97
14
16
27
16
57
27
9
8
6
14
5
16
9
25
377
48
16
8
40
13
39
52
167
598
135
8
397
76
393
5
77
5
128
50
114
139
83
9
9
44
6
95
6
298
57
163
43
155
26
5
141
119
5
5
116
122
116
41
220
87
70
141
124
46
96
91
79
71
243
489
153
75
116
125
471
369
386
298
129
490
163
367
467
107
317
470
94
98
167
134
167
132
132
118
541
458
494
458
456
494
455
243
430
418
136
309
163
196
176
203
396
199
810
537
528
734
368
383
727
250
286
660
951
655
950
640
811
618
543
569
371
568
409
357
797
712
516
448
442
423
1234
990
924
832
814
616
604
592
536
5
5
5
5
6
5
5
5
5
6
5
5
7
11
6
9
9
16
8
7
9
6
7
9
11
7
5
5
7
5
14
5
8
5
12
33
28
38
5
8
32
14
5
8
12
5
52
39
20
11
6
47
9
23
5
24
9
18
9
5
21
32
5
41
41
5
80
6
5
6
39
7
6
24
37
23
5
5
5
82
43
5
8
69
5
9
5
23
5
105
11
8
5
13
9
5
11
5
9
6
49
8
5
5
13
9
27
21
5
18
15
6
6
6
33
18
30
33
12
9
5
15
27
37
32
9
13
35
5
5
8
199
51
20
9
5
22
29
5
5
22
12
8
109
23
5
38
5
6
8
14
59
14
8
13
12
45
9
12
19
8
17
5
5
59
6
6
12
6
5
85
7
44
11
5
94
24
5
20
5
59
115
5
48
113
8
116
6
5
7
40
22
19
90
5
6
15
344
12
17
32
63
9
15
21
19
39
57
26
12
6
36
27
33
30
18
5
216
30
75
48
70
34
7
14
88
22
86
23
41
16
187
5
163
81
21
95
33
6
22
43
139
15
17
130
71
93
113
23
5
104
151
5
80
30
9
7
6
444
9
8
16
445
5
6
28
31
26
14
9
6
344
6
137
7
265
7
226
14
46
300
327
200
5
56
20
24
233
14
21
6
32
5
10
28
187
30
16
6
14
23
13
17
300
5
19
7
241
16
414
28
35
11
35
26
97
33
236
28
71
64
5
6
16
33
359
18
104
104
8
39
9
76
10
40
8
30
27
9
43
6
9
8
31
26
30
110
24
5
128
7
5
5
43
9
11
6
44
11
7
8
84
5
8
8
8
34
8
5
142
96
25
59
11
73
13
202
5
88
26
13
6
387
44
148
387
8
11
334
14
8
26
327
11
30
70
153
5
65
8
28
242
75
9
13
6
19
366
223
21
327
100
14
99
96
57
48
25
33
167
46
66
412
159
43
410
57
407
37
339
233
138
110
342
49
375
336
116
347
327
631
305
330
547
304
283
502
150
221
440
118
158
392
108
151
105
341
124
280
116
209
126
155
125
124
112
185
121
445
148
344
137
140
666
323
770
382
738
303
562
232
547
523
499
477
326
330
300
281
219
368
478
336
479
340
462
277
421
309
305
5
5
5
8
10
5
5
7
5
6
5
5
16
22
6
14
8
8
15
8
48
8
11
5
11
10
12
6
15
10
5
8
5
11
35
6
5
5
51
70
5
5
12
12
76
6
6
14
28
5
74
32
5
9
11
8
20
16
6
18
20
28
11
21
29
15
29
20
5
60
9
11
8
5
56
18
5
56
14
6
36
9
57
63
53
9
8
11
5
12
41
5
5
107
96
5
91
13
35
5
63
5
19
8
22
8
14
10
9
18
81
6
8
7
8
5
29
13
5
30
8
13
5
5
5
33
5
7
19
5
8
5
12
13
9
5
9
8
54
9
9
5
55
90
5
16
7
269
100
9
123
242
9
5
115
5
119
225
5
6
220
307
8
5
288
5
18
8
6
26
289
32
5
19
7
14
13
5
23
15
20
250
26
8
43
172
5
106
5
24
5
25
10
7
5
171
35
12
95
8
5
42
17
5
13
6
6
68
69
15
6
45
29
5
6
7
71
21
40
27
7
89
38
59
45
96
20
9
19
7
23
5
9
5
11
5
13
25
7
477
17
373
14
8
364
13
44
10
10
5
17
5
9
23
6
14
80
22
27
31
20
334
50
23
54
220
51
58
37
36
138
11
17
101
17
20
26
6
26
29
8
9
9
94
220
5
15
8
10
128
5
5
5
48
14
8
28
5
128
5
5
6
5
11
9
5
22
11
7
5
30
8
16
6
6
5
5
31
43
5
23
143
47
15
12
14
8
5
23
14
7
42
6
23
6
10
13
16
25
50
29
77
35
5
8
43
343
534
65
15
439
8
49
5
421
87
13
19
19
205
14
9
194
7
5
5
60
10
8
8
31
42
6
7
16
6
5
18
21
97
7
23
5
10
5
5
19
19
11
8
5
11
6
6
5
85
33
58
9
9
6
6
38
31
8
5
14
10
79
10
55
6
16
17
9
144
5
76
19
5
5
113
9
72
6
5
88
91
6
43
5
85
16
21
16
5
5
21
35
13
5
39
129
48
34
118
54
60
63
116
106
123
417
87
372
214
207
830
746
748
707
510
481
273
298
239
218
204
637
595
516
502
445
321
305
269
419
392
382
374
1011
947
563
556
312
256
1051
1031
1002
984
963
843
776
698
626
611
583
581
545
461
5
5
6
5
6
5
5
5
8
8
14
5
5
5
19
5
5
5
5
6
16
9
11
6
18
6
13
26
31
5
5
5
35
6
8
59
8
24
10
16
5
12
5
15
5
5
5
18
5
10
13
17
43
9
9
5
8
7
16
7
55
6
8
34
5
15
5
7
5
11
15
14
21
5
9
5
13
5
26
9
9
5
7
12
12
5
12
5
23
6
74
18
16
27
5
5
14
6
8
6
16
9
5
15
17
5
5
43
19
14
14
5
13
5
5
53
21
39
5
12
27
15
12
25
25
13
5
8
5
18
7
10
22
39
23
10
28
16
11
28
31
58
9
113
12
6
53
6
6
9
6
6
50
20
6
80
5
12
17
20
7
22
10
10
90
8
67
5
9
73
39
20
6
47
261
15
167
5
57
5
27
73
167
6
36
55
63
14
26
20
19
18
21
280
19
9
20
8
42
184
5
8
8
9
10
9
43
8
190
24
87
176
29
13
80
90
7
6
9
176
9
131
37
6
87
18
95
7
21
120
71
5
6
19
23
5
6
5
99
260
6
28
233
22
8
208
40
18
201
68
162
70
135
78
26
107
24
142
5
5
20
62
14
220
30
30
172
17
96
5
446
5
6
8
304
30
291
67
5
124
82
46
63
6
176
5
225
56
66
25
197
30
27
5
19
25
28
5
30
40
329
285
5
76
119
223
5
49
135
16
9
20
268
57
5
7
98
20
320
35
59
5
10
311
10
264
43
8
6
23
23
37
7
5
47
10
33
49
5
32
255
7
5
5
5
132
40
54
30
10
611
5
37
43
57
68
20
18
9
47
40
75
370
44
6
9
121
184
13
7
637
480
365
467
59
44
10
8
9
15
16
141
20
14
6
5
369
13
655
23
253
143
56
141
6
15
14
84
62
70
458
102
381
439
119
37
382
281
69
297
253
41
437
219
233
345
198
226
277
186
79
246
180
407
392
89
137
377
165
475
438
152
363
110
330
112
228
232
199
150
117
149
423
259
139
572
416
239
527
238
130
512
209
304
468
163
194
241
406
169
287
273
256
209
348
209
212
786
762
700
696
573
566
503
495
315
272
301
409
389
335
305
772
763
767
763
562
490
849
804
628
620
1065
926
905
877
814
790
745
504
5
5
5
5
9
7
5
6
6
5
10
8
25
5
5
11
8
20
25
15
13
5
7
32
25
8
48
14
5
28
6
5
16
5
9
9
12
61
26
6
16
5
20
5
22
18
5
15
33
5
17
5
5
9
36
5
49
10
6
30
5
7
23
8
6
19
8
5
9
9
7
5
5
93
12
8
24
15
6
5
8
12
33
12
77
15
72
104
15
41
5
5
118
6
110
5
8
55
5
5
103
27
12
5
29
9
154
18
5
5
18
24
5
53
8
5
27
5
46
8
15
8
8
14
13
5
229
5
5
225
5
248
7
14
12
11
5
23
233
205
5
15
10
9
9
95
5
12
5
17
12
12
7
23
9
25
5
5
5
33
25
57
46
5
7
23
31
64
139
58
5
7
168
5
98
17
8
44
153
10
22
37
5
5
5
9
5
8
10
9
66
52
36
11
5
23
31
5
100
45
42
40
22
54
14
16
5
8
19
5
6
9
15
21
7
165
6
8
124
43
7
268
21
5
163
6
21
5
136
15
7
35
6
5
154
34
5
5
120
30
6
9
32
17
8
26
5
55
5
5
45
38
71
5
14
9
66
11
173
9
17
8
98
5
238
73
261
49
5
250
175
17
16
5
76
5
218
87
117
261
55
8
245
38
5
5
5
11
113
13
12
5
224
13
90
37
139
69
72
14
5
14
35
5
6
72
216
11
8
203
35
8
42
27
136
14
47
73
91
16
16
25
6
8
95
6
10
37
8
8
25
7
70
9
102
45
110
5
42
51
109
12
6
5
43
112
9
21
5
5
5
12
28
18
22
6
31
47
196
12
159
11
20
34
14
42
15
5
19
18
8
5
29
40
6
6
15
56
43
23
666
38
562
35
39
31
61
19
6
63
79
101
36
77
47
59
172
18
203
161
10
35
5
8
65
8
5
229
221
5
93
19
7
169
5
418
5
16
235
7
252
50
169
211
150
148
264
44
49
45
30
49
36
169
48
603
526
57
462
198
121
255
355
173
92
250
157
244
192
146
366
157
329
286
157
293
254
264
494
127
172
199
105
132
120
375
332
175
286
256
390
354
484
343
459
281
428
231
996
919
690
668
664
646
568
488
449
481
397
419
385
380
1004
964
918
771
678
606
610
509
5
5
5
5
5
5
5
5
5
6
5
12
5
5
14
5
5
5
11
5
5
6
6
16
45
6
18
48
20
13
5
27
5
5
6
16
13
5
30
5
6
8
14
6
5
5
5
69
35
68
24
19
5
41
54
5
5
5
5
9
53
44
12
30
19
5
19
111
19
5
129
23
11
5
115
78
5
56
20
11
18
9
35
37
7
23
29
17
26
79
115
87
25
147
5
10
27
35
61
68
6
23
145
189
26
6
26
89
54
133
31
14
5
36
146
40
37
17
5
13
39
32
81
79
123
76
35
9
81
5
15
5
28
99
6
9
40
68
9
46
9
84
221
224
53
5
23
47
5
205
21
9
5
100
31
211
8
38
14
81
13
11
5
48
18
5
21
114
65
88
6
5
12
5
19
48
6
62
122
28
13
179
13
8
54
9
52
14
24
17
148
209
222
159
5
207
23
163
183
65
175
6
43
350
11
7
5
292
142
264
5
5
5
36
8
18
21
5
5
189
8
19
176
168
256
14
8
235
10
62
22
143
13
7
71
18
11
5
167
5
147
20
54
67
24
14
9
5
5
5
161
5
5
140
366
5
51
350
7
351
5
5
5
5
5
316
7
5
9
359
5
7
5
8
201
9
16
5
38
15
11
43
24
6
46
5
5
9
8
302
5
23
260
5
5
46
196
6
195
9
37
163
54
81
5
5
9
8
8
5
8
5
7
6
7
5
8
7
17
10
8
14
23
6
5
5
25
11
5
15
5
12
19
35
12
13
5
5
39
24
8
5
43
5
7
46
5
12
5
5
10
11
6
9
44
556
639
36
5
529
11
497
530
21
25
11
18
10
5
22
24
438
5
7
9
7
356
535
382
5
483
8
149
356
128
6
65
35
64
60
9
370
272
11
5
301
5
31
12
237
23
222
33
12
17
225
208
33
676
95
180
585
204
5
6
11
43
13
11
154
24
545
87
29
536
5
7
6
128
5
24
86
77
14
34
18
20
20
103
42
35
151
49
107
551
42
512
694
127
358
252
553
142
241
43
298
190
299
226
100
72
74
82
149
127
122
209
136
464
841
772
689
687
592
400
300
976
934
877
393
989
932
934
936
907
527
500
504
472
411
942
902
733
382
1097
982
885
663
433
416
5
5
5
5
5
5
8
11
5
5
5
5
34
5
9
16
29
13
15
5
36
7
6
5
8
6
37
13
6
5
5
66
6
6
5
56
10
6
7
37
11
9
87
17
6
8
7
69
5
9
7
20
11
8
58
8
30
15
8
41
6
34
6
31
7
39
39
40
5
45
28
6
5
9
25
12
8
5
57
61
7
60
66
9
5
60
15
10
137
17
5
62
28
6
49
9
8
47
6
5
5
7
44
9
5
71
56
15
5
5
14
29
9
12
85
69
37
5
5
68
9
77
53
75
75
14
51
15
5
91
46
41
8
9
18
7
9
30
52
5
30
149
6
27
131
5
12
9
5
23
11
57
8
148
7
51
6
16
5
21
18
24
15
7
5
29
7
11
76
5
9
92
8
5
11
9
111
69
6
5
83
294
10
70
7
5
14
23
9
17
227
5
10
6
5
5
115
261
26
101
20
6
31
10
32
33
29
55
5
13
325
8
33
244
173
8
238
138
12
136
12
6
15
304
21
55
130
9
14
40
119
72
11
31
11
5
13
5
11
5
83
5
5
9
8
6
464
9
74
5
409
18
236
5
9
428
9
20
374
189
11
370
52
5
330
28
253
23
141
49
5
72
20
9
67
23
98
13
20
14
80
278
9
12
5
145
40
8
150
288
12
6
116
52
242
11
21
13
31
25
13
16
15
26
19
20
5
13
83
107
22
5
245
17
164
8
150
123
153
5
52
104
82
24
5
13
8
168
289
11
136
6
62
27
52
15
7
68
148
290
6
92
224
102
10
186
7
105
146
6
5
51
9
130
177
33
54
167
19
116
5
57
62
11
11
22
5
15
36
13
20
35
12
29
15
148
39
325
396
99
122
54
19
6
7
9
325
39
78
161
12
317
32
50
71
612
5
13
31
15
35
6
127
48
221
14
44
5
109
15
22
15
39
8
31
64
432
15
830
20
828
83
184
633
311
239
633
310
232
618
248
219
81
229
69
618
162
475
178
554
321
486
206
463
167
307
448
171
228
362
142
123
329
307
325
204
353
274
96
352
332
111
267
124
215
205
401
420
200
327
414
311
400
357
262
403
375
647
165
417
165
244
569
244
557
172
333
330
312
862
778
779
679
550
425
471
474
348
708
468
5
5
5
5
5
5
6
5
7
5
17
5
5
5
30
11
21
6
5
20
11
14
9
5
5
12
22
26
6
22
17
6
19
5
36
13
13
29
14
32
5
5
15
6
35
5
6
33
16
29
20
58
14
12
5
26
7
5
26
36
20
8
24
5
8
5
5
5
8
5
25
13
59
9
7
8
30
6
12
134
30
123
12
23
6
9
5
25
16
24
8
22
35
33
24
5
36
5
5
5
52
7
12
6
5
5
5
5
5
6
5
5
5
5
8
5
7
5
7
11
12
5
15
5
16
8
12
6
12
5
7
10
57
5
5
17
5
6
5
19
20
8
6
126
5
36
5
116
5
64
50
15
5
5
7
5
8
5
32
8
5
88
5
8
10
12
6
9
17
7
5
13
85
9
26
11
12
372
5
8
15
41
5
8
8
23
7
27
5
34
36
5
6
33
6
9
8
314
5
8
310
162
43
35
5
6
11
5
24
7
5
5
6
5
5
7
6
5
12
25
10
9
19
38
16
14
14
270
5
5
76
5
20
36
9
25
5
31
21
52
7
11
8
27
5
99
82
20
16
36
16
50
28
8
5
22
16
6
6
7
47
12
42
33
8
45
9
9
5
10
42
86
10
5
9
89
63
7
66
43
53
5
6
5
12
5
6
5
17
8
9
5
8
354
13
9
5
26
5
5
12
15
10
9
10
13
76
17
58
57
10
7
5
42
5
65
24
17
5
42
15
75
5
5
17
5
5
22
9
66
21
6
5
10
17
9
21
19
5
5
10
8
5
9
62
34
5
5
36
127
38
8
5
254
13
16
9
6
12
6
15
13
5
14
194
20
12
5
5
10
147
5
9
22
6
19
14
24
9
20
23
7
26
5
34
9
17
23
5
46
55
128
7
63
62
56
5
9
38
5
9
5
6
101
9
6
19
5
10
23
13
8
12
31
14
36
9
72
143
18
5
19
71
14
248
6
5
5
131
5
23
9
9
62
6
11
115
18
8
153
39
13
6
47
14
25
70
6
83
73
18
5
181
60
43
90
43
26
48
76
90
91
202
70
151
62
77
56
100
83
383
374
360
193
207
204
445
169
172
1065
882
1002
875
999
785
969
671
943
618
665
502
603
479
602
449
565
401
398
344
271
5
5
5
5
9
8
5
5
5
5
5
12
5
5
20
16
25
5
9
9
14
31
12
5
16
5
5
35
6
46
7
5
40
6
15
53
5
47
8
52
5
12
5
30
5
9
22
9
10
14
8
72
14
7
80
19
13
5
5
30
54
7
5
5
65
8
12
15
11
5
6
7
72
5
23
11
147
144
25
84
5
18
8
5
32
10
5
8
33
5
6
23
6
9
6
9
12
8
5
69
6
5
145
9
6
11
54
16
12
5
11
212
24
68
24
16
17
8
23
20
5
7
85
160
15
146
5
111
239
32
14
5
7
14
9
75
9
8
7
5
18
5
12
5
5
5
30
12
5
22
17
8
18
30
37
30
9
5
5
42
43
29
8
93
5
83
46
5
28
133
5
15
5
5
7
5
5
7
94
7
47
5
12
5
326
5
11
7
298
71
30
46
5
5
10
8
173
5
13
88
8
19
9
5
21
5
12
27
5
91
9
8
6
90
13
52
46
5
6
5
9
37
5
5
6
14
8
5
18
12
15
267
18
136
6
50
12
13
10
6
22
35
38
16
23
12
11
24
12
11
19
31
58
20
33
12
5
6
5
42
5
33
99
23
19
19
28
13
13
5
8
9
6
5
5
16
9
41
5
6
5
6
9
48
5
23
5
14
13
61
5
26
17
48
80
5
41
6
7
7
61
23
120
7
87
88
6
21
82
57
12
27
5
145
16
7
65
5
337
22
15
340
55
17
312
48
87
280
28
126
71
149
5
23
31
8
64
51
5
31
5
14
53
32
5
9
5
5
9
7
5
37
5
12
5
47
35
44
39
5
5
234
9
5
236
5
7
126
42
6
16
52
118
8
5
44
5
5
36
22
5
11
26
8
5
18
6
105
10
27
32
9
5
19
42
41
5
13
486
26
488
5
84
24
11
5
5
5
16
72
12
12
5
13
308
6
278
12
274
11
5
8
260
19
26
67
227
34
5
73
77
198
61
12
36
73
25
23
122
49
39
11
64
16
5
5
38
38
41
105
260
56
234
477
203
410
206
303
120
304
725
296
586
286
500
408
205
355
120
85
562
528
518
498
430
355
304
568
287
541
238
508
197
465
578
372
367
309
668
492
541
577
519
519
357
588
562
467
1928
1850
5
5
5
5
9
5
5
5
5
5
5
11
5
5
14
5
9
8
6
5
5
12
6
6
12
10
8
18
15
29
5
29
8
32
38
12
7
17
47
5
6
58
5
29
5
65
23
23
5
65
77
5
18
27
31
12
17
45
21
5
25
59
62
6
47
10
5
103
34
40
75
23
27
5
36
30
8
49
97
32
6
34
8
6
10
8
63
100
9
5
6
80
12
5
22
32
29
14
5
51
21
93
5
77
89
6
5
114
5
9
187
37
9
6
162
29
155
5
125
5
122
6
63
11
8
5
22
9
14
11
29
52
35
11
11
5
16
89
87
13
5
182
12
5
182
14
27
112
6
83
9
16
38
5
19
7
235
13
9
10
18
6
6
25
5
23
276
12
35
8
51
40
5
257
25
38
5
205
9
11
23
17
174
153
6
5
117
7
62
12
79
14
11
17
308
26
14
238
5
24
8
5
36
78
13
59
5
5
19
8
65
290
258
9
88
12
65
8
89
44
11
262
120
26
29
20
9
22
5
41
90
244
58
40
125
125
7
29
59
7
98
58
5
11
8
76
9
9
82
9
53
94
12
5
9
37
51
6
23
5
485
38
245
5
22
214
5
19
14
83
260
84
6
436
5
23
5
5
6
35
12
14
390
15
288
163
7
26
265
84
160
191
9
9
6
18
403
137
41
9
583
85
10
22
26
5
31
27
26
30
41
89
22
87
37
8
26
6
24
123
7
46
11
133
209
48
6
43
5
122
83
56
552
12
187
16
27
5
22
19
55
5
17
5
46
29
5
21
7
646
560
5
463
8
41
14
425
61
37
8
5
29
13
28
8
15
9
19
69
9
9
7
8
13
320
93
131
6
5
9
15
63
5
27
25
24
54
9
190
706
229
611
5
19
566
7
188
5
535
131
5
9
39
134
300
87
299
126
171
33
40
40
129
91
406
175
92
346
124
137
267
618
174
455
54
122
438
829
417
462
641
176
406
408
601
173
354
371
595
265
189
578
246
341
126
236
208
106
99
408
357
346
345
570
143
465
463
636
171
348
249
225
225
165
390
333
949
876
851
731
451
384
263
243
1008
939
777
712
524
346
730
622
603
587
554
447
1039
827
802
1101
741
1044
1025
1027
1028
1029
1001
955
730
674
5
5
5
5
6
5
5
12
9
9
12
7
28
5
5
5
8
5
16
5
7
15
6
5
7
5
5
6
5
7
8
22
5
5
5
7
29
5
5
19
9
6
20
9
8
5
9
5
13
13
68
20
5
5
9
49
5
10
5
6
9
5
23
34
9
9
23
36
5
25
8
43
5
18
9
8
7
5
13
9
22
34
17
7
14
5
5
5
22
46
7
16
5
9
16
5
19
10
13
5
9
17
17
9
5
21
12
40
9
16
25
16
37
93
5
13
16
11
42
13
8
31
9
5
72
8
5
5
7
9
5
8
5
9
154
100
21
8
213
5
14
44
33
116
5
5
84
69
9
22
13
21
84
12
49
8
19
16
12
11
19
5
23
50
14
6
43
49
28
8
5
7
33
255
62
9
25
9
13
35
8
44
12
169
32
16
5
5
53
23
36
9
6
7
8
75
9
18
15
14
12
22
13
17
24
5
21
6
39
5
5
9
71
6
53
28
13
5
43
33
56
8
14
5
9
5
19
21
41
6
10
8
10
8
40
35
24
29
62
13
16
110
19
41
41
40
13
5
48
13
6
9
6
428
6
371
52
14
318
5
50
262
63
5
12
446
7
401
5
5
5
5
13
12
17
11
5
6
42
6
8
8
6
10
20
9
13
35
9
22
54
248
28
5
22
7
12
7
14
51
54
55
49
5
82
14
8
12
5
111
58
29
44
192
12
129
13
9
14
7
20
79
6
32
49
59
5
72
94
13
59
51
8
30
78
6
57
35
34
5
5
27
35
30
32
8
9
38
9
106
560
10
499
299
10
54
16
5
7
65
440
177
18
140
15
74
23
36
30
9
8
43
113
20
13
94
133
36
63
20
10
8
26
19
57
122
8
34
150
44
8
11
27
93
14
60
9
165
92
114
55
10
183
44
69
185
191
50
5
5
84
18
8
140
9
105
111
57
183
9
10
6
40
51
21
14
30
13
29
131
34
65
7
96
11
5
5
6
8
5
151
193
21
5
23
13
5
5
5
134
80
5
102
70
13
18
17
284
48
40
287
690
94
564
63
283
87
164
109
138
86
244
132
120
425
105
420
98
233
204
143
117
354
167
160
161
494
484
483
745
287
565
518
489
238
686
557
534
505
398
5
5
5
9
5
5
10
5
8
12
9
5
21
5
5
5
5
9
5
11
5
5
17
5
5
7
5
8
5
8
16
5
24
5
5
29
8
5
5
7
5
8
11
5
6
17
5
5
24
5
5
6
32
5
7
23
5
5
31
19
5
5
8
48
7
12
5
31
12
37
22
22
9
15
5
9
11
12
91
9
5
5
61
8
10
18
6
11
5
13
12
8
30
10
44
97
33
17
96
41
8
35
8
5
9
38
50
5
5
105
7
5
7
5
12
5
5
77
6
9
5
18
29
67
43
23
5
43
141
29
5
5
5
8
7
102
5
9
17
5
5
7
10
15
19
5
14
7
9
46
26
150
214
5
119
5
19
5
5
54
9
9
7
69
44
19
10
5
28
13
5
5
5
5
62
5
5
5
7
8
9
6
15
9
23
14
8
14
31
10
24
29
38
5
25
13
28
8
19
49
46
162
30
17
7
39
15
8
11
55
16
8
12
14
20
324
18
15
5
295
13
13
267
39
96
5
199
37
5
6
40
95
5
6
16
13
9
54
24
5
9
83
5
128
19
12
66
11
9
52
29
5
32
16
82
50
36
35
43
5
7
416
5
45
358
5
155
238
247
5
109
5
5
12
8
6
5
6
5
97
6
131
9
5
27
13
15
5
99
5
9
7
101
20
16
35
34
9
33
40
22
31
17
5
141
56
16
5
124
21
228
17
5
143
6
19
69
10
41
111
253
10
5
234
9
22
9
217
9
9
9
5
6
5
451
407
5
8
5
5
13
11
7
274
5
5
15
8
5
19
13
81
8
5
13
9
5
14
7
5
9
6
5
5
26
7
20
5
9
5
9
9
14
16
10
392
6
336
98
6
28
230
14
5
6
9
5
38
11
6
21
5
5
18
59
5
9
9
5
10
5
9
331
21
17
9
277
20
8
11
173
83
111
5
76
41
110
20
23
71
14
51
21
25
24
13
11
134
5
18
83
6
49
57
47
8
35
776
12
17
203
766
123
51
106
74
21
15
16
32
114
778
95
727
35
63
652
196
476
140
313
59
103
49
73
158
144
219
222
135
130
231
219
108
389
279
276
791
743
589
710
626
555
455
459
375
621
429
421
418
321
1707
1677
1566
1439
1372
1138
1135
1065
1064
5
5
5
7
8
5
5
5
5
9
5
8
6
5
5
8
10
6
12
14
5
8
14
5
5
28
5
5
14
9
5
5
5
29
19
5
48
5
5
8
24
5
5
5
6
5
14
5
20
17
5
24
5
5
24
5
20
15
33
6
8
5
8
6
13
27
6
13
8
21
17
12
17
31
5
5
5
5
43
5
16
9
14
16
5
10
5
25
11
44
32
58
19
5
67
5
21
6
9
80
16
5
55
10
79
55
5
106
157
51
121
55
13
14
5
5
5
8
35
74
5
35
89
9
55
5
47
5
62
36
20
31
266
5
5
5
79
5
5
236
23
5
202
5
6
13
100
7
9
5
103
11
15
5
83
5
18
212
48
6
16
5
8
84
5
5
13
133
27
80
116
36
6
17
51
12
15
5
15
31
28
81
11
18
64
61
36
202
40
5
54
148
20
146
73
5
122
67
10
84
13
17
5
9
34
19
47
55
5
17
18
9
63
5
6
7
13
9
12
310
5
24
140
28
53
10
55
5
51
74
14
289
27
76
103
11
40
28
73
6
5
5
5
78
30
30
5
28
30
45
5
121
68
8
29
5
7
29
128
5
29
131
5
374
14
22
14
9
84
62
5
203
44
147
5
26
40
9
208
134
48
10
29
6
14
44
5
7
47
8
5
7
15
184
16
5
22
256
11
10
76
59
9
31
184
5
37
51
5
6
16
282
77
18
286
5
5
25
271
74
6
12
272
6
92
18
23
252
44
23
130
41
30
8
9
5
200
8
5
12
14
5
38
5
9
648
5
286
605
8
5
546
5
15
273
527
20
487
5
5
14
6
8
5
13
254
282
119
23
11
38
359
50
34
9
64
10
155
25
18
8
479
18
6
119
296
6
12
238
152
92
169
11
122
19
24
12
322
27
13
255
338
453
57
253
252
48
151
18
59
15
13
24
266
97
5
33
66
29
48
35
328
6
5
5
224
264
235
24
46
5
126
20
135
117
41
684
73
22
41
523
70
501
192
76
81
418
68
122
37
382
72
315
76
80
227
93
141
330
135
205
67
123
124
117
813
777
704
632
208
611
141
561
472
471
379
687
443
166
585
303
525
387
303
261
691
642
428
688
480
1277
1274
1139
1061
908
839
825
809
771
715
5
5
6
5
5
5
19
5
26
16
12
5
5
7
28
47
7
22
5
24
58
30
9
19
44
45
5
19
10
5
7
8
5
5
53
5
9
85
9
5
85
21
71
10
9
83
34
22
8
13
6
50
7
19
5
32
20
20
13
13
65
38
34
20
8
5
22
59
7
13
6
43
5
76
38
13
5
14
5
9
73
7
32
72
9
8
14
55
5
63
5
22
10
31
31
5
14
22
8
12
10
41
6
26
54
8
5
58
36
10
5
25
115
36
5
99
7
6
6
11
9
14
11
5
18
5
71
16
25
188
19
46
61
5
5
15
9
6
32
5
8
120
47
6
5
8
23
131
7
17
5
8
9
14
30
54
8
17
54
7
17
23
10
16
5
13
9
9
5
12
11
54
52
5
60
5
5
8
134
43
13
48
5
19
7
22
76
5
5
87
8
11
5
6
5
27
35
5
28
5
5
8
19
13
25
5
5
5
20
8
5
5
43
5
8
5
5
22
5
5
5
5
66
32
5
9
8
13
9
40
23
5
8
5
5
5
10
384
9
46
5
300
47
277
233
59
6
5
183
47
185
5
48
16
30
44
9
5
10
12
5
43
40
32
26
21
8
10
8
54
55
5
24
5
44
5
49
9
5
6
9
7
5
14
5
5
5
12
13
5
20
5
15
117
46
6
8
26
5
6
35
8
9
9
37
9
21
5
86
6
12
12
34
63
5
8
13
7
8
15
64
5
5
9
5
7
9
18
12
17
5
6
19
21
12
208
5
11
46
15
36
19
17
27
5
16
24
9
35
14
231
19
63
33
120
5
5
5
6
113
6
8
104
200
5
5
7
32
9
5
14
18
5
9
5
178
5
6
86
76
6
5
8
17
16
5
30
5
22
16
165
5
8
9
35
31
30
8
33
5
5
12
47
87
14
50
16
20
65
5
16
56
5
7
6
5
6
28
8
12
12
95
5
14
9
45
55
33
26
14
5
7
20
26
6
15
9
9
9
57
6
125
17
17
65
109
28
62
30
33
35
12
5
8
9
12
21
17
5
22
5
26
6
9
21
24
173
28
93
48
40
164
54
937
65
713
44
606
601
525
137
421
462
79
387
439
358
367
89
317
75
284
266
478
477
301
250
241
201
132
