5
5
18
5
27
32
5
34
8
16
9
9
5
13
8
17
13
5
7
20
5
29
10
15
9
20
9
58
49
12
5
15
16
19
6
5
29
5
16
5
5
28
8
21
5
14
5
8
32
12
31
12
33
29
87
5
94
24
7
97
181
169
97
80
110
80
5
6
36
40
5
37
41
37
5
35
5
20
198
6
11
114
16
17
90
5
8
5
11
5
32
5
19
8
6
118
31
6
13
5
120
67
6
5
72
49
19
32
5
22
5
37
16
72
36
57
58
38
71
5
69
39
70
24
5
28
5
45
5
70
5
99
46
91
5
77
67
27
26
5
19
5
28
18
5
23
7
10
21
68
219
204
168
128
100
100
87
103
48
84
110
84
79
18
70
62
62
9
5
35
6
163
5
73
115
5
117
9
76
58
10
53
40
24
41
25
6
50
16
11
11
13
5
7
8
5
6
10
5
20
5
9
5
408
401
400
5
12
365
5
27
373
5
19
8
310
297
18
6
10
5
298
294
245
230
219
16
205
5
15
5
26
5
181
171
11
179
5
172
18
23
5
6
12
6
176
19
15
31
171
161
57
114
50
8
5
9
217
5
87
19
143
12
12
5
5
27
50
29
56
5
67
5
5
29
27
22
5
84
7
45
12
5
15
85
86
95
83
5
19
90
83
13
5
18
5
100
5
234
251
5
256
21
147
26
145
131
125
5
7
17
11
76
41
11
41
40
36
20
13
5
8
25
7
65
26
224
109
111
18
19
17
5
126
9
65
98
11
5
115
6
113
7
74
11
6
13
20
5
25
6
10
14
208
205
10
150
15
6
130
6
16
111
118
5
16
19
6
5
22
5
31
15
110
103
36
5
19
21
48
5
32
8
529
530
33
32
15
5
32
7
35
9
530
73
6
64
34
10
21
535
17
29
6
16
95
5
41
25
9
36
529
5
25
22
20
38
12
5
557
5
44
506
490
52
33
495
17
486
12
8
16
8
465
463
23
423
5
14
20
428
5
217
5
217
6
212
22
428
5
338
18
327
327
27
154
103
214
68
334
42
275
245
217
78
34
83
39
16
29
18
39
5
7
258
41
40
186
5
23
151
27
5
143
137
39
125
85
8
84
26
86
90
70
34
59
10
62
10
78
9
47
5
84
51
5
13
6
15
19
100
49
10
8
8
33
8
29
5
59
32
148
5
5
20
27
24
18
156
40
153
5
21
5
12
9
171
7
24
6
12
12
6
75
5
29
8
17
5
22
6
43
57
34
70
32
31
243
15
233
186
619
599
107
14
110
12
14
12
8
569
7
126
128
564
568
16
569
18
5
20
5
561
5
140
563
40
6
84
55
20
571
5
539
68
28
13
13
182
174
19
23
35
17
39
602
604
588
147
519
64
228
5
525
505
378
199
18
11
352
302
23
32
15
15
17
19
239
243
143
40
40
156
123
17
113
47
115
46
311
310
304
268
130
51
5
16
66
266
161
98
174
172
98
17
90
175
174
17
174
99
5
12
110
90
17
55
48
5
6
119
6
47
44
121
5
15
128
99
18
102
21
5
100
95
21
475
5
103
478
23
5
26
25
446
307
468
276
420
420
12
362
194
49
5
31
5
30
5
35
123
111
142
117
417
102
372
374
494
5
373
343
433
440
411
88
436
403
24
371
360
19
311
87
5
15
5
331
326
277
424
379
129
291
217
39
139
31
400
5
15
394
23
383
5
377
70
5
56
37
45
38
40
65
5
45
34
37
153
420
5
139
119
33
32
83
16
31
66
41
16
38
5
62
9
54
5
90
7
13
5
107
12
13
5
96
90
21
78
468
439
13
417
5
378
24
370
36
18
13
7
78
395
294
254
221
757
109
5
9
205
128
5
122
47
765
755
756
12
45
746
5
708
23
690
153
132
165
35
28
5
515
6
521
99
5
23
20
114
55
52
40
24
22
19
9
130
114
5
17
73
5
16
240
5
566
359
319
14
254
218
231
5
141
182
184
15
16
126
5
33
5
147
105
33
5
98
24
19
5
7
68
259
263
130
249
5
82
65
150
235
221
142
140
25
131
22
24
258
260
124
86
81
79
162
129
129
81
87
193
6
175
96
163
36
6
58
25
82
21
148
37
130
119
118
160
82
48
147
139
220
185
185
793
173
1151
1150
770
137
135
1136
116
774
1113
1077
1057
782
1071
1051
783
683
670
1055
678
591
1041
554
1002
976
563
937
862
559
809
772
564
735
715
564
511
512
687
504
472
626
543
513
457
475
476
461
399
393
353
459
337
3694
1209
788
746
5
6
15
5
8
5
29
9
14
30
5
14
6
19
5
44
5
9
5
69
19
100
5
29
15
13
24
5
27
9
5
14
5
11
7
17
15
5
16
5
20
5
8
20
5
5
31
7
9
52
44
7
12
7
17
5
15
13
17
5
9
15
5
13
20
5
53
15
37
16
20
5
24
5
13
5
14
15
6
5
5
114
5
65
16
24
5
29
12
5
90
9
28
51
5
31
44
50
6
46
21
21
87
15
63
79
9
39
5
8
10
8
79
54
28
52
27
14
54
5
53
5
128
125
52
58
5
48
105
5
54
109
5
94
38
6
28
5
93
67
5
9
7
15
76
5
21
10
16
5
40
5
17
8
29
8
58
34
20
9
16
8
24
7
5
6
9
5
16
23
5
6
9
13
5
8
5
5
20
29
32
6
5
5
5
5
9
6
11
6
10
10
15
33
28
32
11
5
16
5
48
12
6
60
5
23
25
24
23
22
8
25
24
19
17
12
44
6
35
14
27
19
26
14
178
112
57
65
43
52
40
80
66
78
52
55
17
40
18
16
102
5
55
8
28
22
15
15
90
6
5
20
20
13
79
15
46
31
95
68
34
55
35
24
20
6
136
128
5
98
6
20
177
137
12
140
24
21
103
8
15
8
152
122
146
116
6
9
62
19
13
29
5
21
14
145
12
12
6
45
6
5
21
29
5
5
39
24
18
5
5
9
5
5
5
5
10
5
16
5
5
9
5
5
5
5
6
5
6
8
16
18
5
9
5
10
14
6
14
19
22
5
34
5
18
8
15
9
33
8
48
9
7
1167
6
13
64
5
1175
5
9
1080
55
5
1091
29
40
5
15
5
1093
1064
1023
997
22
1000
31
36
17
32
25
38
40
22
34
24
16
1033
984
26
5
27
13
20
5
998
990
40
30
254
226
18
147
145
7
1000
952
149
159
6
141
22
6
24
86
10
26
127
5
30
988
981
29
113
96
90
93
92
16
101
5
97
25
50
165
108
61
97
1040
101
58
50
16
14
1042
1013
70
944
925
35
876
879
16
5
8
13
9
860
847
853
65
45
841
839
17
35
5
8
26
798
774
13
5
27
15
14
12
33
23
5
34
5
34
26
5
9
803
736
20
304
5
5
36
8
21
18
30
14
177
34
16
24
26
19
44
5
802
7
5
5
24
7
793
797
12
788
22
5
802
793
36
30
5
37
34
5
811
754
37
5
756
6
755
50
702
26
6
78
5
56
81
658
656
643
38
69
50
42
44
398
68
5
418
417
37
397
14
17
5
368
23
367
75
368
235
239
85
365
5
22
372
15
238
193
378
189
39
34
26
19
5
5
223
168
163
149
396
153
144
72
348
283
29
17
5
80
16
33
380
5
11
28
376
5
21
27
5
359
10
5
27
9
352
9
44
6
5
16
15
25
12
37
14
294
26
26
5
306
9
105
14
19
5
68
17
318
211
170
59
169
125
99
36
11
44
48
119
7
184
56
103
22
13
19
20
100
58
14
22
41
25
24
14
19
15
224
212
212
188
17
5
101
9
12
13
24
5
10
39
5
134
7
75
100
33
40
72
69
69
66
36
6
23
14
28
26
23
30
50
40
53
5
43
33
17
18
86
136
5
26
5
93
5
5
7
201
5
148
138
27
31
12
5
190
173
6
8
175
5
13
18
19
11
16
5
133
91
13
74
18
5
18
5
24
29
97
5
88
75
56
79
6
8
88
7
6
85
7
16
71
56
13
5
54
9
55
38
17
52
14
50
5
5
25
8
5
10
14
5
79
8
16
23
5
8
32
42
5
321
293
297
136
133
297
15
6
21
16
16
305
228
14
230
30
5
13
5
238
5
6
5
9
8
42
5
5
8
28
6
34
10
5
25
5
31
6
8
8
9
7
12
11
5
18
5
5
385
5
351
246
22
27
5
21
140
5
15
128
18
21
5
11
5
156
135
33
36
95
76
20
65
60
10
5
12
5
6
5
5
37
5
5
48
5
14
6
20
17
69
5
26
63
47
5
38
88
5
94
43
60
50
41
28
5
9
21
19
13
7
19
49
5
5
6
21
18
16
18
131
27
32
5
8
5
47
5
10
88
5
5
2284
5
5
20
5
9
21
5
16
20
8
9
18
5
5
20
20
28
31
17
78
5
56
41
20
17
49
37
46
47
42
22
15
5
19
7
26
27
5
9
2343
5
133
5
132
26
17
5
22
6
67
8
13
30
22
88
2232
2074
164
80
200
171
185
1723
1047
882
95
872
207
194
172
100
162
462
155
148
151
141
143
142
5
5
6
8
5
5
5
23
9
25
7
6
20
5
51
30
13
22
8
11
42
50
54
41
5
60
5
5
9
5
5
13
6
16
20
24
20
10
22
18
7
6
5
8
5
5
8
8
13
5
5
6
9
5
14
6
7
6
8
16
7
24
27
16
5
13
5
18
25
5
17
18
5
23
23
16
21
28
5
24
26
14
8
6
5
5
6
10
18
5
20
5
12
10
21
22
21
9
28
19
23
28
5
19
5
36
50
5
31
32
5
22
18
63
30
53
16
5
59
6
40
6
5
23
21
60
49
44
35
37
143
38
6
73
66
67
39
79
75
49
28
56
5
132
5
46
9
56
6
58
19
56
20
8
107
5
248
113
79
5
48
60
53
53
22
5
67
29
18
5
26
16
5
6
16
76
26
5
61
15
16
15
5
15
5
13
7
17
19
5
360
353
5
14
356
20
311
28
291
30
296
5
18
274
246
7
5
235
5
14
5
13
5
36
256
236
310
43
35
11
6
278
205
280
207
266
263
35
267
217
295
261
18
5
263
8
191
150
15
50
255
8
51
246
11
96
5
267
9
36
6
41
325
10
5
29
171
147
94
6
60
6
86
5
84
134
21
277
5
21
89
42
260
61
13
190
14
14
47
5
30
26
85
28
189
93
434
373
57
5
206
185
16
187
22
116
32
34
335
5
84
57
306
125
47
17
43
5
77
34
323
5
18
5
6
48
204
207
207
31
19
162
34
5
14
31
156
91
36
95
19
41
41
99
21
68
17
12
38
20
5
93
85
35
19
5
12
81
73
38
52
40
422
382
214
34
5
32
107
32
114
195
176
145
18
128
6
5
37
33
31
16
148
149
5
149
5
28
144
26
5
42
5
19
5
132
14
28
5
39
28
132
132
5
16
9
17
11
22
29
25
359
349
24
5
15
19
49
5
275
44
252
20
11
119
5
22
120
121
45
33
27
18
5
11
308
5
69
5
231
220
21
215
18
5
202
204
17
207
34
182
77
5
213
5
67
163
28
25
16
35
8
5
35
9
76
7
198
195
44
18
29
142
16
5
24
5
144
5
88
16
47
5
31
21
34
15
74
66
39
43
44
21
5
585
121
5
172
145
116
92
396
167
74
126
58
57
104
75
6
16
8
175
5
178
6
122
78
55
34
196
150
117
138
65
5
121
67
36
61
26
48
109
9
70
5
28
66
43
38
36
38
16
20
71
5
26
74
14
25
21
132
6
41
6
20
5
43
5
75
6
27
5
73
6
28
70
127
79
16
5
9
26
6
7
23
5
52
134
118
21
16
13
5
5
96
7
40
35
6
30
131
131
59
11
12
7
61
33
20
17
19
7
5
136
5
9
38
12
72
66
69
5
42
43
44
75
5
86
79
8
85
25
38
5
45
47
460
5
71
67
35
71
226
213
116
111
502
86
255
259
234
30
5
198
190
93
90
13
92
190
83
240
6
183
241
98
83
142
25
81
5
5
78
6
76
24
44
45
15
191
71
53
71
20
58
6
42
9
45
221
31
12
16
19
5
241
236
205
126
132
121
188
5
11
5
16
194
154
127
113
64
97
29
18
5
81
6
24
20
305
282
14
6
15
23
5
310
5
192
72
50
54
162
72
61
46
85
163
56
47
5
25
6
153
5
28
6
7
22
21
17
123
18
33
12
136
5
26
24
8
49
17
82
69
559
5
19
5
39
12
31
17
11
12
139
5
17
522
54
5
13
46
46
506
49
511
491
464
19
475
459
17
425
5
432
39
25
5
5
451
9
424
31
26
13
5
39
5
438
438
436
10
10
429
9
403
38
73
10
321
303
14
254
16
249
30
27
34
13
16
20
266
127
417
6
133
5
29
125
126
5
55
14
446
18
22
21
42
150
5
13
144
18
5
5
15
17
42
6
115
11
14
19
110
5
100
336
324
25
328
15
8
31
20
9
18
6
32
7
38
15
26
166
5
6
155
99
19
78
765
6
14
17
25
791
790
19
20
798
798
37
743
685
47
686
364
624
45
39
63
64
24
68
654
642
80
25
5
77
7
626
5
85
611
16
15
34
587
5
588
19
561
37
543
167
5
556
34
527
57
27
5
511
452
57
5
220
173
17
461
450
28
218
151
444
5
261
304
47
47
215
215
637
640
5
26
636
121
535
135
5
56
101
118
21
23
51
45
102
30
5
121
118
16
5
104
5
111
113
5
9
99
93
29
70
624
28
569
398
349
298
289
289
277
280
244
506
140
415
402
397
380
356
335
258
205
149
139
136
5
12
18
5
7
5
12
14
6
13
6
21
5
5
10
5
10
5
26
5
9
5
40
5
39
5
16
8
65
32
5
68
7
18
60
26
44
70
5
5
44
8
74
39
8
8
5
13
9
27
5
19
5
15
5
46
8
61
13
5
7
5
28
5
37
6
39
5
41
12
5
105
90
5
70
91
12
81
5
40
72
37
5
121
5
10
5
5
20
11
5
8
5
7
5
13
5
21
24
28
9
33
9
6
5
16
8
20
6
7
15
5
218
31
17
18
15
5
12
5
15
5
22
5
8
8
6
5
13
6
18
7
5
9
5
20
7
7
15
8
34
5
46
5
23
5
49
6
25
38
6
8
22
13
30
5
5
42
37
50
81
6
28
16
87
13
79
23
5
11
16
5
16
114
97
91
77
71
62
37
40
45
46
36
48
56
35
29
5
44
45
13
20
12
27
12
177
108
55
39
252
5
53
235
8
68
66
244
47
5
70
74
188
20
5
13
18
5
176
168
95
13
47
18
31
34
14
5
21
6
54
18
11
5
8
101
20
23
17
8
42
10
26
20
31
17
15
6
14
5
16
10
5
16
451
412
360
11
5
362
8
354
281
16
9
5
257
241
215
8
5
180
6
9
182
5
116
24
43
33
10
15
5
33
6
46
47
35
5
33
25
36
23
5
34
6
68
44
52
5
55
76
5
19
15
66
34
54
36
5
42
17
9
64
39
5
9
18
6
48
5
15
33
24
7
12
5
13
5
206
149
27
35
13
6
83
7
15
8
44
5
5
5
5
5
6
5
14
9
21
25
5
37
5
14
9
27
61
5
23
11
34
5
63
5
71
5
5
18
18
16
24
13
99
6
10
64
30
35
10
40
12
46
5
6
7
135
136
5
16
142
8
5
33
116
24
5
17
5
28
32
67
37
11
5
16
6
10
7
15
10
5
5
1577
1571
1568
1569
1567
5
11
5
14
5
5
25
6
30
5
33
1600
1601
9
1566
14
6
5
12
19
6
1533
9
17
22
1451
5
31
5
13
9
1455
26
6
26
5
25
26
24
5
5
30
48
5
21
24
19
54
7
5
13
22
5
92
11
14
5
52
27
21
20
28
8
90
84
9
13
152
5
5
5
16
5
119
98
1635
1628
189
1530
21
5
95
96
18
100
46
1522
1459
1409
57
1371
111
5
26
14
5
24
6
77
7
90
11
54
1358
1216
59
27
5
1179
6
53
1161
1150
296
1117
39
24
5
53
51
7
316
301
1141
5
59
1105
6
50
5
31
5
305
5
22
280
74
40
1152
300
5
18
266
116
117
118
30
1189
1172
24
1150
77
51
39
21
24
27
41
87
226
215
9
1214
1199
360
357
5
1165
339
248
6
184
13
106
54
320
5
1180
1073
23
5
39
35
352
339
107
53
349
320
65
296
104
101
310
85
5
89
85
99
305
6
257
13
257
88
250
55
48
212
22
72
51
212
5
5
168
160
167
5
164
79
36
208
5
187
178
10
197
110
186
18
193
197
101
525
87
11
458
427
23
320
186
6
9
1216
1189
331
211
168
42
120
68
26
22
31
5
322
9
1225
256
225
5
129
5
113
18
44
22
1222
1215
5
1206
6
16
1207
1190
1168
13
1159
14
5
18
7
1151
1115
28
1100
24
5
33
7
1106
1104
12
1080
710
24
23
16
628
628
22
1061
5
577
6
573
32
20
23
8
19
5
48
5
109
34
24
86
67
50
71
28
82
68
71
75
24
39
114
83
28
118
23
6
10
9
696
690
11
5
16
16
18
42
18
684
661
110
649
81
22
12
14
5
22
541
5
1223
508
12
5
418
8
1191
421
5
9
13
1199
1196
425
9
5
33
38
13
1178
1174
461
1173
44
14
17
17
6
429
1178
1154
11
316
6
11
293
1100
205
5
1030
1021
201
18
216
197
33
1045
1030
1011
48
997
53
931
126
9
5
73
103
5
26
88
1016
990
15
943
917
23
98
5
923
42
141
125
26
34
32
23
974
976
60
976
75
5
965
77
20
19
5
41
5
982
983
960
99
48
27
33
5
968
91
32
962
959
50
6
9
20
7
958
893
48
778
778
40
734
1114
719
36
37
75
9
8
6
715
671
1108
6
1083
1074
15
5
1073
5
19
1018
986
965
31
5
14
5
974
11
69
66
9
986
6
77
5
13
959
927
36
919
102
919
36
899
758
759
46
669
903
668
871
847
647
555
534
122
849
829
548
796
773
764
522
109
88
508
501
713
494
714
697
461
167
159
150
465
385
690
349
269
264
540
237
183
497
422
418
637
416
406
382
533
339
335
425
317
319
369
304
268
327
249
322
366
776
774
692
586
459
5
5
15
24
5
30
40
23
5
25
5
5
25
53
5
35
26
60
40
74
5
57
54
34
24
46
12
5
29
5
54
36
13
7
17
61
39
28
16
5
5
7
16
9
5
118
5
19
116
94
89
25
32
39
25
41
6
41
44
41
5
11
12
5
17
5
5
9
8
62
40
5
16
9
32
38
28
10
36
8
47
10
20
14
5
32
5
35
177
179
5
14
9
130
111
21
91
18
81
23
35
31
15
12
27
5
5
5
70
66
109
5
18
124
120
21
5
115
102
23
6
114
45
13
5
7
5
11
19
5
67
73
73
16
24
24
12
25
29
66
5
28
71
19
55
5
42
25
34
5
5
14
6
36
627
5
239
5
18
230
621
234
6
13
9
535
5
209
122
12
92
518
323
5
12
315
5
102
5
5
8
9
5
16
9
5
5
9
6
15
5
16
6
18
10
18
5
24
5
17
29
22
15
28
7
35
5
14
8
19
5
5
6
13
5
16
9
23
25
10
8
15
10
35
8
22
8
29
18
5
29
5
32
24
5
19
26
50
5
7
22
5
30
75
5
5
67
17
6
14
16
5
7
35
5
97
9
39
59
24
29
5
6
33
8
17
12
5
32
6
18
5
21
25
71
5
39
62
6
11
52
54
8
6
5
131
35
36
32
31
15
6
11
5
12
13
5
11
9
16
7
11
5
15
13
22
25
9
5
5
8
13
5
5
18
5
23
5
13
5
20
5
14
7
17
5
25
7
8
5
14
5
18
24
5
29
5
37
8
23
5
22
29
21
9
22
5
26
21
41
5
47
10
52
38
52
6
17
13
14
28
5
5
43
86
135
10
7
23
136
126
83
120
131
49
129
9
24
5
8
24
9
18
23
5
36
39
19
18
24
24
39
6
132
90
7
15
9
25
36
40
35
83
5
46
34
275
5
18
19
6
176
7
39
6
32
5
22
5
204
206
18
26
16
165
160
82
71
22
7
26
45
5
37
6
6
14
18
5
7
7
37
8
10
52
5
50
6
11
61
60
50
5
68
5
73
32
17
5
17
9
38
5
23
21
5
54
5
283
37
35
152
145
18
120
69
69
51
133
101
25
47
35
39
9
7
6
15
5
129
9
27
102
33
5
236
5
18
35
36
5
210
44
129
45
41
19
9
19
9
49
8
133
46
68
5
9
9
8
23
18
22
53
6
22
10
20
5
29
5
179
127
39
21
115
110
31
28
9
134
65
37
5
43
31
29
120
174
168
17
93
57
90
125
37
9
115
83
90
79
124
126
15
17
5
15
9
138
116
118
58
113
5
24
83
5
14
6
41
5
197
98
5
25
26
40
9
311
266
49
207
16
5
21
58
195
16
5
55
37
204
5
22
8
52
7
75
32
62
79
6
69
50
14
54
37
56
25
13
29
22
17
62
59
9
63
23
5
109
5
131
6
46
9
44
6
15
7
6
63
9
27
60
44
32
9
55
14
30
5
23
31
14
36
6
12
5
31
19
5
28
6
30
26
281
257
14
8
5
242
5
35
240
42
236
80
26
141
52
115
15
14
58
13
61
24
65
38
5
34
8
28
142
5
43
5
12
5
80
8
154
79
30
70
141
140
69
23
12
28
20
8
14
139
138
22
121
98
85
13
35
7
5
40
5
132
16
67
5
5
31
31
26
41
39
326
37
177
173
337
6
339
300
22
306
307
15
310
37
199
5
207
5
210
168
14
18
15
186
179
243
170
50
5
178
179
25
21
14
175
5
9
5
9
193
10
26
163
57
145
123
6
156
129
64
91
91
81
36
71
118
119
68
92
18
8
80
16
42
5
44
18
43
47
18
9
14
108
7
115
99
22
5
80
32
5
88
6
19
9
94
77
25
5
35
20
22
5
91
94
91
44
5
100
65
35
52
44
78
25
83
72
117
6
11
5
27
8
142
5
140
13
15
14
15
132
8
5
5
38
32
32
164
123
115
5
124
85
14
62
6
30
51
76
30
130
5
31
12
15
6
142
34
21
47
7
75
66
7
55
12
56
5
5
102
5
101
109
116
92
89
36
100
5
64
36
110
5
5
35
7
19
35
19
18
9
23
8
66
25
445
366
424
318
6
317
37
5
458
415
309
17
5
19
435
19
34
12
8
5
378
8
21
16
856
7
75
48
310
8
5
156
5
52
92
5
53
8
92
6
28
13
5
27
5
876
831
10
5
820
797
771
769
757
22
676
591
137
584
581
482
105
484
180
412
149
136
392
130
121
211
192
161
155
111
221
190
172
135
359
8
5
14
6
21
5
26
6
5
11
5
18
7
14
9
19
5
9
5
13
28
5
5
24
13
8
19
6
24
5
5
10
14
18
64
88
38
5
11
16
5
23
12
22
5
31
39
33
133
14
59
114
32
5
74
51
21
61
5
27
5
15
31
78
5
117
40
133
47
5
58
5
69
8
53
31
40
58
34
25
40
5
56
26
39
5
18
5
72
10
77
23
5
11
5
37
8
95
44
5
315
320
323
238
26
237
244
36
238
5
202
8
15
26
6
33
5
65
37
29
40
6
217
9
17
20
5
212
204
20
5
155
125
126
62
14
5
21
5
347
247
63
211
56
203
167
147
23
12
12
140
114
17
15
5
39
23
10
39
24
173
154
162
63
94
64
5
146
188
176
15
11
7
17
5
191
25
5
12
192
5
145
195
10
5
175
133
5
46
5
12
8
16
5
9
279
5
280
5
15
17
7
277
18
25
5
5
248
5
41
5
238
210
20
13
5
22
5
19
8
8
47
7
31
5
261
5
111
44
271
259
22
10
24
30
5
281
36
35
28
46
31
256
6
8
242
32
24
16
49
28
5
47
6
12
45
219
7
21
5
10
138
121
38
5
14
38
5
109
112
9
5
103
68
24
38
621
5
584
562
73
556
66
5
59
574
5
502
54
5
10
91
77
54
146
522
151
14
10
523
418
75
420
162
82
61
76
432
401
19
5
21
21
15
399
19
27
398
84
11
5
404
385
43
381
112
13
5
20
5
104
104
202
178
10
12
154
144
11
98
99
29
448
429
399
13
22
5
9
18
5
8
123
85
46
392
5
14
344
190
161
77
102
72
73
156
75
48
23
34
14
17
80
18
175
166
19
21
5
40
44
435
28
413
5
14
411
372
217
336
637
603
170
526
21
323
302
146
541
507
453
17
364
370
352
14
5
284
258
200
18
204
208
351
39
6
208
16
330
170
89
5
85
345
312
11
270
85
240
222
47
202
23
13
5
193
182
110
205
5
14
5
197
153
325
133
86
31
16
258
5
147
5
97
387
322
23
97
74
35
5
18
6
48
93
5
80
366
80
71
38
96
19
74
72
74
237
221
72
32
5
51
8
85
36
23
373
5
382
383
37
355
5
295
233
20
225
191
50
14
9
64
18
133
66
5
13
20
88
52
60
141
12
7
22
7
122
33
6
8
134
12
24
14
5
18
5
324
316
6
240
20
15
5
9
234
219
318
209
188
149
130
35
37
12
71
53
61
55
5
368
366
364
33
66
31
14
30
21
342
329
109
252
248
47
243
76
203
164
41
17
167
160
23
117
106
163
56
522
397
170
50
5
322
227
23
12
59
202
157
15
5
20
1515
5
30
1491
145
143
1207
136
53
52
30
115
115
1187
80
5
992
976
15
972
43
919
50
56
5
544
51
710
616
553
532
110
78
71
15
85
55
97
32
26
33
46
5
18
520
9
19
628
5
15
584
497
497
10
444
207
195
10
5
10
169
6
383
9
508
306
6
459
101
211
100
21
11
437
429
5
400
9
21
387
5
18
9
355
327
565
6
337
5
17
345
19
5
591
514
40
5
14
449
5
53
355
5
437
5
363
335
34
38
12
345
5
324
45
316
56
5
5
20
250
240
222
19
208
21
196
200
12
153
147
108
125
22
15
116
112
116
10
500
487
133
403
26
25
134
29
411
5
6
9
8
397
9
16
344
5
75
6
46
5
23
39
40
5
67
39
18
49
15
69
5
44
34
20
173
172
8
140
13
72
14
21
28
5
5
37
8
32
29
29
79
12
6
1023
8
1048
1045
14
981
965
25
967
35
958
923
963
819
5
7
822
769
22
5
27
9
776
714
27
718
62
5
51
24
5
28
26
19
21
5
18
27
9
743
6
9
702
630
18
576
23
5
490
21
5
15
503
5
474
474
21
410
23
5
17
425
312
290
220
5
12
5
12
8
24
5
25
136
105
47
6
18
9
25
11
965
904
480
890
42
5
15
486
7
468
5
414
790
688
392
685
29
23
683
5
55
5
13
696
5
44
671
50
444
445
325
422
38
31
5
54
5
20
26
16
21
169
5
449
165
323
99
5
105
22
56
36
22
368
335
108
275
265
108
39
24
40
219
149
29
133
369
320
27
306
30
281
35
11
244
182
30
96
62
37
102
276
226
205
209
201
169
103
1345
1341
1322
1302
1282
1225
1212
1137
1081
1071
1062
1061
1049
1008
975
944
885
859
861
836
831
803
800
755
746
713
1033
660
645
580
899
574
506
698
493
496
703
498
505
478
614
415
415
419
460
5
13
5
19
10
16
13
15
20
5
31
13
5
5
12
24
46
5
64
49
22
5
54
37
67
17
5
35
5
54
9
71
5
51
5
47
27
36
38
42
56
36
5
11
6
17
25
12
60
5
7
8
16
9
69
130
103
14
5
79
5
66
44
18
6
24
8
5
64
68
29
11
44
5
5
27
5
21
29
5
36
7
39
8
87
9
5
12
8
18
5
87
64
14
29
5
26
5
17
37
5
6
24
5
18
16
26
19
8
60
10
58
55
5
40
44
58
43
24
36
72
28
8
23
39
12
5
22
106
22
14
5
5
40
36
23
24
7
37
135
42
19
5
28
43
38
29
143
5
90
88
66
35
42
32
5
54
25
94
5
92
86
38
66
27
5
17
5
59
5
87
40
156
122
90
89
21
13
16
44
5
45
33
21
13
5
32
16
142
15
132
71
5
32
36
137
118
72
112
5
66
39
39
77
80
76
5
77
5
441
5
95
292
5
5
97
95
74
96
24
20
5
34
59
7
5
23
123
107
226
36
34
179
240
207
35
6
178
14
232
5
194
174
88
18
12
6
40
21
243
245
37
213
185
13
125
32
14
89
5
21
14
5
24
5
26
24
5
25
25
114
101
21
9
5
17
5
9
131
132
135
111
386
386
387
23
361
5
22
5
17
18
156
158
28
22
378
15
141
315
21
5
138
86
298
8
282
278
196
18
136
5
13
96
97
5
229
99
20
7
29
5
17
228
5
27
176
5
181
15
5
9
203
197
200
182
47
9
25
13
24
27
44
6
26
9
5
40
41
39
43
52
29
45
20
244
236
14
6
19
9
26
21
24
13
29
29
16
5
62
284
5
159
273
147
87
239
218
12
5
132
131
111
131
97
50
33
19
11
146
12
5
40
7
141
112
59
16
7
99
32
14
27
15
642
5
617
21
12
5
39
254
178
33
114
583
5
15
47
29
27
32
5
41
40
621
5
472
9
17
392
44
359
32
15
221
5
25
24
166
24
23
5
5
12
49
36
24
6
7
30
5
5
306
9
209
198
13
196
277
191
74
50
14
16
295
57
213
30
32
38
35
216
5
58
30
55
6
10
5
60
78
8
12
52
47
267
162
53
19
16
21
5
163
166
11
164
16
5
139
13
5
30
8
31
117
116
33
5
74
47
16
5
7
166
46
5
30
40
7
152
41
126
5
69
33
42
30
5
8
27
8
23
12
25
5
5
32
5
13
65
14
9
414
8
9
5
395
5
14
8
326
8
330
326
5
17
22
5
343
195
35
40
19
37
19
21
208
9
11
5
9
14
29
5
33
203
13
44
31
11
8
23
18
217
5
194
123
12
5
7
23
5
20
63
5
1641
5
56
1542
14
5
5
80
6
1550
5
8
1545
5
1480
5
1464
1428
19
1376
24
5
1343
1347
36
1314
5
1298
18
5
56
44
44
43
27
51
5
54
34
23
22
1334
7
1318
1301
67
1289
9
5
76
5
38
32
30
11
33
56
5
56
51
58
29
41
48
5
115
6
11
74
74
20
53
139
5
13
70
53
63
54
1285
1285
47
21
51
5
17
9
29
5
5
24
29
212
43
71
5
69
1333
6
69
6
1171
1053
20
36
36
17
45
5
30
32
133
36
42
114
65
5
65
49
19
13
5
29
5
57
41
42
24
94
21
16
5
47
5
22
1107
5
6
7
1688
1629
155
839
761
13
736
1552
1535
88
5
76
38
37
29
41
1477
36
10
50
5
41
5
63
7
5
32
23
5
57
29
86
45
48
10
9
170
150
5
1560
126
73
5
1547
1528
38
5
21
5
1508
1493
11
1483
16
28
5
29
5
5
9
65
64
1531
1432
1410
19
1415
1411
83
26
28
84
12
244
79
67
246
184
1414
188
79
72
69
1414
1379
11
1318
5
1293
1245
208
1248
5
24
7
1252
1256
228
1231
363
203
1234
7
1179
182
1167
251
253
245
19
219
200
182
1190
1190
1144
188
188
112
86
51
48
24
12
61
5
209
5
19
212
72
66
129
39
14
123
5
120
110
34
12
17
108
25
1262
1263
43
33
21
49
5
32
8
28
57
29
14
31
1312
1283
22
41
6
12
1294
5
1282
1264
1234
22
5
12
1245
5
27
27
1224
5
1230
1175
32
1127
1072
54
927
923
906
905
904
887
873
788
767
767
738
734
657
546
522
480
464
428
824
336
340
339
843
295
299
289
836
227
780
751
832
680
216
204
670
659
791
663
654
767
582
733
656
533
653
620
500
562
461
442
424
371
292
299
282
322
289
1316
1304
1201
1033
963
817
685
549
486
2031
1915
1875
1620
1624
1435
1417
1369
1363
1100
989
782
769
697
674
5
7
9
8
7
6
5
8
5
20
16
22
9
20
15
10
25
20
28
5
5
38
50
48
14
16
5
15
52
5
35
23
5
7
17
9
49
6
109
93
46
38
5
26
63
59
6
72
37
6
73
59
26
27
6
11
9
14
193
5
17
6
17
10
32
208
5
151
186
174
13
6
185
173
24
81
56
85
26
5
18
19
44
15
119
209
126
53
92
5
122
83
118
109
67
87
72
49
48
24
5
166
83
5
6
173
168
95
21
11
42
42
30
21
55
13
72
34
75
5
21
32
5
45
204
184
82
70
21
87
88
62
7
85
89
54
13
97
100
75
81
75
245
5
19
5
30
165
146
8
109
21
5
5
96
5
26
8
51
33
79
38
12
8
19
9
101
58
8
5
65
5
27
520
509
528
493
10
434
412
25
458
456
384
415
399
14
392
18
42
36
26
23
5
20
5
39
9
30
24
438
432
314
5
9
5
18
9
5
324
5
45
323
24
5
100
5
40
104
8
33
5
58
5
51
77
73
24
41
30
37
34
14
10
5
21
22
57
12
19
5
785
736
6
51
10
56
57
15
39
5
21
18
5
669
669
66
57
683
7
21
687
624
107
5
6
19
20
20
16
63
18
589
573
12
524
19
11
478
459
447
441
12
435
5
16
399
400
366
26
355
292
288
279
247
255
255
19
24
24
27
220
8
21
5
12
235
5
14
20
5
10
17
199
5
178
117
5
75
9
21
6
10
78
5
72
41
421
9
979
5
984
18
18
432
16
19
18
8
1008
8
5
442
9
961
425
426
352
44
6
25
369
234
39
172
109
89
64
176
31
5
13
168
5
15
81
40
37
5
971
50
5
11
12
5
20
7
976
7
35
16
38
21
5
1002
7
194
188
109
16
6
12
949
877
5
18
121
113
29
102
61
105
9
48
13
64
6
54
67
5
15
11
28
25
32
34
5
9
13
5
23
5
34
38
7
6
7
5
13
1019
889
10
5
824
8
614
432
363
299
20
301
256
615
588
5
208
596
6
560
189
179
22
155
36
5
5
170
9
585
508
16
490
171
166
56
161
13
499
456
44
5
442
337
33
23
7
44
5
25
31
331
308
24
269
98
182
83
5
96
55
204
17
117
47
26
7
57
28
219
215
224
5
181
13
169
197
99
5
16
185
176
19
157
5
171
173
111
17
9
7
9
149
94
159
227
166
95
37
5
48
164
5
348
54
56
35
13
20
318
6
29
6
16
32
14
24
8
343
7
159
5
12
120
19
16
355
5
120
9
120
353
275
155
16
95
49
5
213
9
121
124
19
14
19
103
5
17
8
16
5
5
51
120
66
37
57
61
54
52
5
15
7
57
5
6
339
337
12
14
17
17
8
234
187
180
37
176
164
164
11
5
17
5
171
25
5
15
5
185
9
12
200
5
5
9
16
5
7
9
5
8
12
5
9
10
5
16
13
9
10
5
16
5
11
5
16
5
772
14
5
5
13
5
754
621
589
569
477
38
5
6
5
306
7
33
12
254
5
212
180
83
139
89
114
5
127
22
25
5
15
15
20
9
23
81
5
40
85
119
5
45
21
44
103
73
5
5
31
5
20
84
5
9
35
9
9
5
17
9
86
65
94
6
95
6
10
13
21
113
5
154
6
111
16
22
5
11
8
20
117
5
97
104
56
15
44
69
26
31
5
5
37
16
53
39
5
19
17
11
29
5
68
26
60
5
18
6
234
18
238
234
5
17
5
173
214
212
179
22
122
26
52
32
9
18
5
8
14
42
5
86
42
77
21
22
10
63
26
96
81
74
110
5
14
91
39
90
73
20
48
312
314
58
310
25
24
296
7
17
15
67
196
114
29
5
301
10
5
21
6
5
25
23
29
5
5
308
5
70
22
301
295
15
288
39
46
5
5
288
8
56
31
5
13
31
6
22
16
18
8
84
7
36
15
16
133
5
98
8
118
5
283
5
64
288
30
5
290
272
9
11
5
222
183
27
179
5
182
8
78
5
54
5
62
198
122
48
76
65
42
28
20
100
96
74
9
108
7
109
53
72
53
94
71
14
22
125
6
22
7
10
8
45
5
120
97
21
20
32
154
145
40
140
62
56
13
48
51
25
54
30
33
5
150
5
25
29
118
12
17
106
102
16
32
5
31
19
18
136
25
54
5
22
17
5
167
5
23
6
46
11
5
17
32
11
108
53
56
38
433
437
150
429
432
381
128
378
355
359
354
358
358
356
355
355
343
338
319
274
222
209
210
192
195
147
147
673
532
442
439
5
5
16
15
22
14
15
32
5
9
34
5
11
5
20
6
23
15
15
23
5
32
5
6
15
5
16
5
25
13
5
22
5
20
20
50
37
32
40
5
14
5
17
21
94
81
35
66
48
6
53
5
35
5
16
6
35
5
88
20
11
5
8
29
32
30
5
121
53
12
5
17
12
15
14
45
5
16
17
5
14
5
19
14
9
25
22
5
26
6
12
5
17
9
10
5
20
7
24
5
17
5
36
6
9
5
13
10
11
5
27
17
23
5
7
5
11
15
5
19
14
5
7
12
5
20
5
10
5
12
12
7
20
16
21
9
5
27
13
7
5
18
5
7
16
22
22
15
6
18
5
26
7
17
5
14
9
6
25
5
8
50
54
13
5
5
14
39
5
13
31
33
6
16
5
20
5
37
9
14
51
5
41
33
121
51
10
27
15
5
33
9
6
18
5
120
5
6
11
7
5
109
26
5
11
9
66
5
29
21
5
28
35
7
5
5
12
9
18
5
28
31
5
46
5
21
26
14
59
25
18
45
12
29
33
5
45
12
79
5
24
30
14
5
26
54
29
5
148
5
13
154
27
25
6
19
20
27
20
21
193
49
11
48
40
23
5
76
5
55
18
84
16
5
166
134
84
6
69
7
73
131
13
51
32
142
35
84
19
25
107
5
11
77
33
51
190
32
5
180
5
14
5
208
212
18
168
8
10
6
9
8
20
17
22
20
56
5
40
34
69
18
24
77
12
11
6
355
5
7
9
8
358
13
369
5
23
298
31
5
16
7
17
40
44
46
24
36
338
5
23
331
17
5
7
340
318
302
28
95
258
71
38
15
5
68
50
5
27
26
77
73
11
10
7
47
46
21
21
5
48
15
20
38
5
55
41
12
40
14
26
6
5
5
6
22
5
31
13
5
16
9
5
14
11
10
11
19
12
10
5
5
20
5
37
26
15
21
17
9
22
5
16
5
28
5
16
5
37
21
21
13
34
11
31
28
6
12
29
17
5
9
33
10
39
5
5
15
24
5
15
20
19
7
34
72
5
12
5
14
5
21
23
25
8
9
65
7
24
44
11
13
14
75
17
59
9
18
5
27
18
5
99
5
5
5
889
8
15
5
905
5
907
30
889
39
10
24
884
5
736
36
40
5
34
32
32
13
590
550
42
107
60
47
40
20
15
9
569
522
47
358
76
67
313
47
42
251
37
43
35
25
233
78
47
168
15
170
200
106
16
203
135
63
30
5
52
54
13
17
32
5
8
42
158
73
22
8
16
20
8
8
5
16
5
13
9
29
5
33
14
11
13
6
17
44
40
41
36
27
26
24
48
5
29
9
40
16
26
6
17
9
53
6
25
5
5
23
30
59
38
42
7
5
12
6
16
5
5
9
101
46
92
30
26
101
8
139
30
131
44
5
32
5
19
38
150
146
13
11
80
70
20
5
69
6
23
29
16
20
35
6
9
5
45
12
5
12
11
5
64
63
112
68
32
61
62
81
61
58
5
23
5
86
18
28
16
18
20
5
218
181
20
5
23
24
22
24
22
35
5
34
213
5
6
9
46
35
7
7
179
5
187
20
6
16
5
121
8
124
116
77
27
125
5
9
17
5
26
15
18
5
40
9
47
89
6
15
5
23
11
111
101
31
8
5
22
5
6
94
8
5
223
5
11
7
16
8
176
6
11
5
182
5
25
39
5
19
186
179
52
6
167
5
33
72
27
11
90
5
57
21
57
5
30
30
9
56
52
53
115
101
137
53
5
152
6
119
8
94
85
45
6
13
39
30
5
7
133
5
135
22
6
22
16
11
5
36
83
5
49
43
5
49
37
29
37
17
45
16
46
5
9
41
5
23
49
7
20
24
5
5
7
7
5
9
5
12
8
6
14
5
26
5
157
5
152
5
13
5
152
5
6
145
14
102
5
228
173
22
171
62
5
36
5
39
83
33
23
24
28
44
91
41
14
18
12
102
70
183
49
39
103
75
5
7
39
36
102
23
33
60
27
23
16
123
47
206
184
167
96
21
11
10
15
89
8
93
62
132
5
7
23
5
8
107
97
5
12
293
141
78
15
33
5
94
9
5
95
18
5
267
206
90
13
5
215
5
13
212
16
8
53
5
10
9
5
67
146
6
40
105
19
11
111
5
89
39
38
118
23
5
8
118
53
39
6
19
8
22
5
16
5
5
38
41
18
9
21
5
5
5
5
9
15
5
11
8
18
7
7
13
116
21
25
6
29
5
5
13
13
19
56
43
222
204
204
198
168
163
5
6
7
13
7
20
6
25
6
5
8
5
12
5
25
30
6
13
5
18
7
40
5
36
24
22
6
5
27
79
5
83
73
17
75
19
76
11
32
26
5
23
9
15
89
5
79
8
61
6
5
5
23
5
85
86
36
6
22
5
5
91
53
52
33
38
17
80
56
5
89
20
79
70
30
42
28
20
5
28
8
121
5
105
5
9
5
61
50
5
74
11
5
7
37
38
10
5
220
8
210
28
5
126
8
131
124
37
211
103
57
36
5
143
12
33
37
152
24
21
18
142
27
5
15
32
33
31
25
92
66
41
20
20
5
5
7
24
60
12
33
5
18
5
30
7
14
5
33
5
132
132
133
127
441
6
17
452
5
318
85
31
35
26
23
5
30
27
348
5
13
322
32
6
18
5
286
9
424
394
224
5
21
189
531
186
25
25
417
449
36
16
28
239
14
78
75
34
53
24
5
57
269
5
43
271
56
15
5
96
8
28
25
299
5
9
7
297
269
252
27
5
50
24
5
217
44
5
9
220
17
5
8
58
27
5
225
5
6
17
5
19
21
118
122
43
119
267
266
49
264
88
83
24
67
71
63
293
57
45
31
56
61
63
123
5
281
6
32
266
144
6
12
140
278
262
6
240
8
34
25
25
140
5
33
135
30
5
85
87
45
57
26
52
9
98
7
7
5
69
6
60
86
5
158
46
33
7
314
115
5
93
69
17
21
12
13
16
5
24
7
72
32
14
6
22
5
31
27
23
11
5
19
15
10
13
60
5
33
60
36
5
16
5
18
7
19
5
27
8
444
8
11
16
5
25
5
9
205
202
12
15
5
21
5
37
5
227
5
229
58
17
24
232
5
5
15
141
102
5
12
113
95
22
27
5
8
5
287
5
295
16
5
19
16
15
18
40
7
12
5
755
755
5
8
28
792
794
47
785
731
16
666
19
660
72
662
50
657
31
637
5
11
15
20
18
634
6
11
5
627
5
624
617
568
5
536
526
12
5
8
463
7
21
6
427
7
42
17
5
449
9
42
374
373
236
13
5
8
7
17
5
24
11
233
179
169
73
24
5
19
18
11
5
19
57
5
114
44
57
34
90
42
5
10
5
8
5
12
15
5
15
8
23
5
27
30
24
15
6
18
16
45
5
6
25
15
5
9
11
5
15
5
5
5
6
10
16
20
5
28
19
29
5
31
5
27
5
25
71
5
19
30
5
78
9
19
6
13
93
94
22
79
30
5
34
27
17
83
51
29
9
5
39
5
69
45
48
5
57
5
71
55
28
5
16
15
17
24
31
5
67
22
19
5
53
6
66
14
20
5
9
8
17
9
43
5
15
6
25
23
18
9
63
63
51
33
166
5
10
5
27
29
62
5
139
137
34
35
49
5
129
55
77
5
36
43
5
131
6
16
136
30
5
15
6
5
25
7
27
31
101
5
15
5
16
16
112
6
91
91
27
7
25
23
55
5
16
22
5
225
198
11
14
12
15
5
53
6
127
122
29
89
76
59
30
16
27
28
5
41
43
27
47
5
70
5
5
12
23
5
7
30
8
97
9
12
5
8
5
35
25
25
137
129
37
9
9
66
21
5
10
13
5
8
5
5
5
5
5
7
15
20
18
5
17
21
36
52
6
23
8
17
41
5
6
5
10
17
20
20
13
5
36
5
5
5
5
17
5
16
8
6
8
31
5
6
14
6
11
9
14
33
5
9
12
5
20
9
22
21
10
13
114
15
135
5
134
68
6
66
44
18
48
62
5
25
18
155
151
19
97
45
6
104
5
24
26
5
36
6
65
61
16
35
26
8
168
14
153
148
75
38
64
5
39
5
13
5
18
6
22
65
46
31
13
7
21
5
60
6
39
6
38
5
12
7
51
5
57
22
16
5
17
5
10
5
18
16
21
28
5
5
7
22
5
7
31
5
9
5
5
12
5
20
6
11
9
14
23
6
19
5
17
5
15
5
25
8
23
16
14
48
5
6
11
5
13
14
19
10
9
17
27
5
47
17
60
5
13
7
33
9
28
5
30
5
17
44
5
29
31
5
6
5
5
9
26
11
31
12
6
17
8
22
8
5
16
8
5
8
9
5
11
14
8
18
33
5
8
7
16
13
15
18
23
34
5408
5368
5342
5225
5155
5134
5131
5090
5077
5056
5026
5014
5018
5003
4900
4868
4850
4811
4800
4679
4630
4633
4428
4374
4351
4227
4226
4221
4192
4122
3876
3873
3834
3829
3817
3799
3718
3601
3566
3447
3425
3428
3398
3370
3180
3128
3077
3062
3022
2968
2939
2792
2671
2555
2557
2506
2417
2378
2239
2239
2224
2142
2096
5
5
5
13
5
18
10
5
6
5
5
12
17
10
6
5
6
8
5
12
5
25
7
22
6
36
36
19
6
24
5
18
41
13
6
34
57
5
65
5
55
5
84
77
13
68
16
69
52
56
26
22
32
5
10
25
35
39
106
88
75
17
74
57
74
11
36
5
82
41
33
21
212
209
32
5
258
233
26
39
26
66
64
212
160
41
41
23
27
5
17
47
26
5
13
17
24
16
43
20
109
100
43
21
20
9
133
5
72
8
17
5
14
5
21
27
5
17
5
27
30
36
5
22
52
16
48
64
6
60
159
21
43
5
7
31
149
141
63
6
130
5
5
12
17
24
5
6
61
11
16
5
114
133
105
21
5
26
5
131
122
19
18
16
5
9
5
33
5
82
7
169
64
55
16
5
5
25
5
172
168
19
166
161
23
159
51
39
42
44
20
17
21
25
16
34
16
6
18
49
53
5
8
184
184
12
188
5
24
158
5
339
28
275
17
5
291
185
40
77
11
5
16
51
198
155
69
48
45
50
8
174
9
103
6
16
5
143
124
20
117
104
18
96
79
5
14
6
15
5
6
98
29
71
9
5
77
9
20
6
12
79
44
15
48
51
32
29
7
6
17
5
14
13
13
6
9
285
5
164
6
7
9
150
147
5
14
137
5
24
5
20
49
6
26
5
50
8
17
5
59
9
1182
9
28
1099
1078
19
16
45
5
39
5
29
12
18
5
9
1076
5
1082
10
5
1081
1057
936
935
918
5
11
6
931
925
10
21
880
5
20
5
810
17
5
777
8
24
710
682
5
16
11
5
8
697
693
22
5
16
8
695
28
702
5
18
694
704
698
16
6
17
5
7
684
680
36
28
41
5
10
13
18
5
16
42
5
17
21
5
30
8
36
41
45
61
14
5
773
5
69
68
771
23
47
32
790
97
5
769
729
19
707
13
115
116
13
5
6
25
724
5
14
680
671
25
5
15
11
694
5
32
697
679
5
671
52
36
49
7
16
22
12
5
38
5
9
53
52
25
52
270
258
35
6
232
210
18
207
5
22
146
144
124
768
352
104
311
52
27
134
5
18
294
231
122
139
6
65
21
129
119
389
43
152
399
231
43
7
62
29
5
25
135
5
71
23
13
14
5
13
5
6
147
150
233
12
5
17
8
240
80
226
33
5
200
22
25
27
37
24
41
28
35
26
197
196
21
68
13
5
198
183
171
23
165
105
75
68
68
25
68
29
24
81
28
31
7
58
216
217
5
9
9
188
180
23
26
22
8
364
319
27
23
15
29
338
107
43
33
33
37
13
41
241
146
134
6
11
7
14
279
5
146
262
17
5
29
5
230
107
156
160
6
10
584
509
148
468
58
43
42
130
133
472
378
5
96
226
35
33
24
28
234
10
259
235
221
120
123
236
40
104
156
182
136
139
40
23
11
72
13
130
68
33
32
12
29
66
9
15
5
55
9
232
192
11
190
199
116
66
6
72
44
38
17
21
53
40
41
34
5
17
21
50
18
7
22
21
5
8
32
46
42
21
5
391
323
185
5
9
328
5
29
5
16
6
276
260
43
139
5
14
150
5
16
5
33
7
158
158
21
73
263
62
13
5
260
5
36
28
50
26
277
263
22
160
42
13
118
5
121
93
16
97
76
56
60
6
70
57
52
57
23
59
32
5
69
72
73
69
22
21
29
5
152
78
141
15
5
89
83
22
62
40
5
156
127
17
13
6
19
150
5
143
133
12
17
16
146
5
26
26
14
12
312
5
171
14
5
5
126
341
125
42
43
88
6
27
31
90
5
41
5
48
7
78
33
5
18
27
19
21
7
415
5
33
5
5
402
325
27
307
275
5
125
9
6
16
5
132
6
51
5
15
5
20
6
226
5
352
313
218
174
170
5
135
82
15
17
22
25
15
15
16
5
29
5
21
5
27
36
20
18
40
9
5
54
8
21
10
5
20
5
5
15
14
25
5
12
20
5
9
18
8
22
5
47
41
5
16
14
5
26
5
17
5
9
20
7
26
24
35
55
5
18
29
30
5
12
9
26
5
29
5
13
5
11
9
21
8
20
22
5
6
31
6
14
22
14
44
5
11
5
16
5
65
66
21
13
19
7
9
212
5
213
6
167
160
158
22
133
1418
1395
26
1349
1297
129
1259
58
1243
1224
143
1085
1088
157
151
147
147
1072
1072
1076
140
992
990
152
140
144
927
871
777
766
727
649
617
617
485
480
428
419
321
318
295
299
289
269
1064
1049
1051
1029
921
917
894
863
838
838
654
636
626
625
572
528
474
5
12
15
21
13
5
38
16
15
21
18
66
7
28
5
32
5
92
9
100
77
19
9
95
39
7
12
15
9
18
25
23
30
9
20
23
7
5
12
5
5
15
17
5
13
8
5
15
5
23
5
26
5
55
8
6
17
5
76
5
5
5
12
7
17
18
21
5
14
6
17
6
9
8
18
15
16
7
23
13
20
5
7
5
11
5
15
16
15
5
21
15
5
19
23
17
5
18
8
5
21
32
5
12
24
5
35
25
49
7
55
47
54
25
5
11
8
6
16
5
39
7
35
11
39
5
79
36
28
5
66
5
17
30
24
74
5
75
8
14
5
60
5
21
58
5
35
38
45
63
6
12
6
46
5
54
55
5
87
44
89
5
57
108
11
24
5
113
9
5
31
12
39
115
5
6
57
184
174
104
127
71
101
77
56
81
5
86
34
20
5
90
8
7
5
97
5
84
22
88
21
18
147
38
5
20
163
153
43
26
5
8
12
51
29
38
9
56
5
5
173
7
180
5
15
129
91
58
27
6
26
5
28
28
159
38
5
6
11
8
43
5
41
5
46
6
48
55
32
39
171
45
5
12
147
147
59
112
92
73
33
5
65
28
14
23
99
5
83
32
5
9
20
13
23
21
82
22
30
5
101
5
554
535
36
10
19
5
26
27
539
444
189
6
11
49
405
8
412
5
14
393
5
9
5
16
5
8
9
352
314
9
12
9
117
68
6
5
35
101
5
20
5
38
5
43
14
18
12
28
34
35
80
70
19
6
28
30
67
20
13
5
49
9
139
86
10
61
5
45
156
159
11
70
5
14
49
19
18
9
10
20
16
22
6
8
212
6
41
5
28
36
22
32
18
21
12
72
14
5
274
5
37
256
52
241
154
5
19
17
169
125
26
149
55
127
64
24
9
180
5
5
8
13
5
23
38
216
181
40
121
55
86
23
218
5
85
5
65
22
26
191
130
5
93
243
5
5
11
8
19
5
237
65
11
5
8
5
5
5
12
6
18
5
9
15
6
13
5
15
5
39
5
41
17
25
5
30
23
40
21
37
5
38
5
5
5
5
23
30
5
13
20
5
45
5
13
27
30
7
64
31
69
64
5
53
30
31
14
19
83
34
91
5
67
22
42
44
9
5
5
13
5
17
5
24
8
5
12
9
5
6
712
9
13
22
31
27
5
23
5
20
5
769
5
10
750
728
22
5
12
9
720
5
98
703
47
5
712
5
20
27
710
5
685
16
663
48
627
6
559
529
70
5
72
7
83
77
23
77
31
27
29
566
548
124
126
107
115
486
473
23
15
5
39
14
492
11
5
456
445
449
74
66
52
470
5
61
44
20
24
20
16
477
16
472
70
75
5
250
205
255
240
62
22
19
22
44
81
66
49
526
471
275
6
10
5
484
488
20
93
294
280
25
254
234
50
37
5
14
233
213
523
57
47
270
5
97
384
9
208
367
555
531
14
179
168
15
79
314
49
223
5
280
171
147
38
36
6
25
33
164
104
90
56
54
53
23
68
53
43
43
19
99
5
5
13
5
17
6
11
18
14
22
5
11
8
5
14
10
8
747
699
7
714
715
65
60
66
5
20
5
42
740
17
16
5
19
50
16
740
15
5
31
6
25
47
28
5
764
690
5
22
695
696
165
637
590
5
52
18
5
569
5
42
558
5
535
63
515
495
183
41
49
5
462
448
70
17
5
9
440
437
33
431
424
426
240
358
97
52
6
244
10
354
350
314
257
256
161
305
309
310
27
304
260
16
190
175
152
265
144
28
6
38
36
220
157
129
23
133
22
26
89
42
128
33
11
194
5
49
187
168
21
22
382
362
16
362
29
95
67
31
373
13
10
25
5
38
401
397
99
331
53
333
41
22
28
12
5
9
355
32
5
13
355
349
56
296
244
24
83
86
252
28
247
12
250
23
218
209
123
6
10
209
184
11
188
150
20
5
16
5
23
7
36
13
37
43
15
16
5
37
5
22
5
9
37
5
38
39
216
41
5
12
16
21
9
240
20
27
6
48
52
236
1274
6
1274
1230
231
1122
46
246
5
217
1009
187
147
62
997
963
64
64
134
105
922
20
111
5
106
96
897
894
13
53
5
8
17
5
58
8
873
63
21
5
883
792
23
759
5
12
413
17
5
324
285
23
181
147
1455
81
1457
1454
94
1430
1348
1329
64
1282
177
1234
1235
114
1145
1055
118
1028
932
747
831
821
811
729
534
535
808
466
397
812
294
222
743
213
753
692
674
597
534
566
447
450
418
421
371
332
349
295
236
259
246
5
5
10
10
19
5
18
30
30
12
19
43
17
27
22
6
7
12
11
6
5
5
13
17
6
21
5
11
7
13
9
29
16
14
15
6
5
7
24
5
31
6
6
81
52
51
43
58
6
18
25
5
23
26
7
37
32
79
53
47
50
11
11
5
24
5
27
21
5
44
6
108
119
5
16
22
89
5
5
5
10
7
16
7
5
184
264
5
266
15
261
100
254
168
11
5
5
16
6
23
5
24
26
21
21
15
179
21
5
21
5
27
185
5
13
21
5
23
16
212
5
8
37
24
191
5
20
174
24
10
166
5
139
39
5
135
125
19
5
20
16
53
51
55
54
133
53
8
54
49
5
27
54
19
72
5
72
5
10
18
5
34
6
5
81
5
71
64
215
219
5
156
157
24
5
29
8
34
22
9
152
9
5
121
113
97
28
96
39
40
18
18
5
46
26
5
9
19
17
22
8
15
8
20
7
5
245
5
14
5
199
202
26
32
178
89
57
53
28
46
22
43
5
28
15
23
5
33
26
5
22
36
7
373
6
48
25
5
30
248
5
251
27
21
5
67
6
36
41
12
36
19
34
108
13
54
50
48
38
90
26
6
109
5
36
5
20
8
173
175
18
5
47
5
38
5
44
165
43
5
150
152
152
46
5
26
5
105
32
166
87
5
58
54
72
29
199
177
44
178
11
149
5
24
155
89
81
124
26
171
117
51
65
99
61
143
141
5
285
155
20
5
30
47
5
190
48
195
52
10
13
189
179
19
153
75
5
67
103
5
32
6
8
86
82
40
6
51
7
16
46
31
5
159
37
128
31
103
80
84
5
19
95
92
99
62
64
108
103
59
58
45
66
34
40
81
5
133
130
5
13
111
105
111
25
5
103
45
5
23
5
9
52
5
42
50
22
5
9
46
41
53
85
5
53
16
24
5
17
5
39
132
11
5
64
12
16
24
5
52
50
13
20
5
13
13
6
187
6
18
5
33
5
78
53
34
36
207
5
48
43
16
13
164
5
38
38
27
124
5
13
85
45
5
34
35
13
13
50
12
58
51
161
26
953
5
16
883
871
5
38
24
40
871
857
31
817
36
5
802
6
35
800
45
38
53
17
48
804
779
46
8
6
6
64
5
125
85
38
764
5
764
91
22
5
61
6
62
5
189
7
25
5
178
179
48
29
14
187
20
161
66
18
41
79
20
772
74
6
10
5
753
756
36
92
5
247
749
5
31
13
5
8
30
5
19
70
20
46
60
9
790
778
12
17
16
15
5
20
20
5
804
5
800
35
32
22
773
764
20
71
6
73
14
70
30
753
736
68
5
747
9
21
24
5
55
5
29
11
42
37
64
39
38
12
21
128
83
79
5
41
5
9
826
9
798
40
757
36
24
53
109
5
45
44
8
11
5
15
9
107
99
783
5
748
12
17
12
80
758
744
44
707
17
42
55
41
522
433
32
16
73
59
230
446
434
33
152
98
36
23
5
36
5
7
63
5
111
41
19
24
11
19
5
17
29
38
5
47
5
16
5
44
44
44
53
24
564
5
28
538
5
509
132
30
15
56
8
487
490
489
35
77
5
78
36
21
32
512
457
464
468
15
5
9
9
45
5
29
480
6
444
446
86
344
20
27
19
340
217
220
18
24
5
224
35
10
5
15
5
30
7
23
24
158
250
220
41
161
120
59
43
19
18
11
5
16
5
1962
9
48
1827
89
15
5
64
10
1804
5
116
1799
243
5
5
22
21
22
21
182
8
6
181
181
20
191
150
19
15
7
5
314
301
26
295
178
181
13
164
237
241
55
5
38
9
257
75
5
13
78
5
20
7
43
8
74
9
5
59
8
48
91
93
11
73
2017
1729
15
1715
55
47
17
9
9
26
5
1614
1598
164
96
130
16
1616
5
18
5
8
89
5
22
135
90
22
5
1628
7
29
59
39
23
5
1643
1646
24
23
1640
1557
13
1466
10
1291
1142
981
925
40
65
31
216
5
26
91
934
6
27
256
15
5
35
5
246
5
11
114
17
8
10
29
16
27
17
5
9
22
16
20
32
25
5
7
16
9
5
5
19
59
61
65
7
38
27
10
5
6
260
54
53
27
182
18
19
40
36
5
67
5
19
27
14
31
503
6
5
45
5
31
8
9
44
493
477
479
5
17
441
363
26
317
30
5
25
7
325
30
304
100
204
116
117
93
157
122
118
187
191
999
163
166
164
873
155
161
882
884
846
843
779
748
630
620
572
570
567
560
563
503
477
440
353
290
261
525
404
2351
2323
2221
1489
1427
1267
1139
861
734
5
5
8
12
14
12
5
30
35
5
17
9
39
10
16
5
7
18
24
5
35
5
5
12
5
19
19
17
17
50
30
37
34
26
16
5
14
23
5
26
9
77
7
11
5
56
5
29
28
24
34
5
5
7
5
5
18
6
22
6
5
19
17
19
14
21
5
58
5
63
37
70
37
7
5
6
5
9
5
5
6
5
8
5
5
5
5
8
15
5
9
7
12
5
16
5
23
9
7
5
14
5
7
9
5
5
7
7
16
8
10
5
15
13
6
8
12
5
21
7
5
8
22
5
25
19
26
5
40
34
33
6
5
5
21
5
67
29
33
5
5
42
27
29
5
42
37
113
8
5
97
63
5
79
5
95
28
105
5
16
5
103
76
20
46
6
33
7
23
22
5
10
7
5
36
27
32
36
223
6
5
210
164
15
167
6
12
9
20
18
138
29
34
17
22
6
8
19
5
36
5
6
21
9
17
5
5
5
5
5
5
7
6
6
11
19
5
21
5
5
33
5
6
5
6
5
19
8
5
14
8
26
5
5
46
27
22
6
14
5
5
14
22
5
7
8
9
20
7
23
27
14
23
6
5
15
20
5
8
5
9
15
5
11
9
23
5
34
7
32
5
8
18
11
19
12
14
5
20
74
30
729
5
63
732
741
5
73
5
16
9
18
5
728
8
29
5
13
22
5
752
5
36
5
8
15
720
624
33
11
5
623
49
625
14
626
19
616
9
5
5
616
30
34
17
5
625
562
13
554
41
495
37
499
479
41
30
5
5
44
404
5
13
51
5
21
28
6
390
376
71
9
5
69
69
105
48
6
11
5
113
64
379
360
24
6
20
10
318
278
12
272
251
39
228
29
21
11
221
210
15
20
11
75
191
119
25
116
22
90
5
41
42
8
25
171
20
5
32
39
15
5
89
6
20
26
15
5
102
8
63
83
67
70
5
46
6
62
5
5
35
18
44
9
5
11
18
5
64
49
9
5
12
331
334
322
288
6
265
155
15
6
8
151
5
21
113
5
5
7
22
7
29
26
30
13
70
5
51
9
504
5
41
5
19
25
19
14
20
22
5
6
7
16
19
8
8
17
5
9
5
17
5
38
8
15
20
44
40
9
5
12
8
25
6
268
258
576
19
24
25
5
596
505
25
199
166
509
9
23
469
6
9
63
33
489
6
7
488
5
19
5
16
35
23
466
362
9
29
20
9
18
5
378
342
9
5
327
324
68
50
331
17
315
5
17
47
5
98
6
317
272
38
18
21
5
34
9
229
189
82
16
21
5
20
12
5
186
134
104
74
163
167
11
5
162
5
61
139
22
36
23
25
80
5
61
303
5
149
307
5
13
9
9
324
6
6
36
23
25
5
37
7
16
16
229
9
63
8
43
5
16
9
25
399
379
5
5
24
5
391
397
5
12
364
549
510
367
20
348
334
510
11
5
9
510
508
326
322
14
318
19
504
486
18
447
330
378
5
19
284
325
288
5
373
16
5
22
15
348
5
27
350
371
6
298
287
26
17
5
305
296
9
284
22
226
143
350
351
10
113
111
55
326
36
31
5
14
10
280
14
117
60
549
21
14
81
5
242
6
76
233
239
202
479
178
251
225
172
432
178
138
39
108
409
12
5
8
59
34
173
139
331
317
99
247
133
115
19
83
72
70
72
716
5
712
709
667
264
149
5
152
53
103
12
5
671
661
125
56
25
125
7
612
74
223
182
14
14
627
623
165
11
5
167
163
345
345
14
310
157
267
572
563
169
66
272
575
5
20
546
17
509
208
6
202
87
514
482
201
142
100
42
404
384
371
31
360
170
173
44
165
81
150
94
388
83
91
369
49
113
45
390
365
85
116
5
109
325
327
307
90
155
11
5
9
120
85
47
42
499
474
97
434
6
73
5
45
451
46
36
382
86
76
61
66
5
56
68
66
67
133
53
5
276
98
22
84
71
71
59
280
5
75
75
23
297
227
214
56
182
11
43
5
178
172
241
130
48
35
6
27
5
42
22
111
120
5
655
655
82
570
18
5
6
8
92
21
26
5
7
5
12
609
5
648
591
554
19
13
552
516
38
517
29
49
53
30
5
5
25
42
35
40
66
43
38
70
41
99
32
592
565
149
494
93
97
516
74
74
530
497
500
437
437
439
426
394
338
308
297
298
273
225
171
174
943
908
859
831
832
823
822
706
699
697
691
599
595
597
585
509
442
396
347
351
315
303
978
972
941
929
926
916
874
863
811
786
777
727
724
670
650
654
598
511
498
496
434
417
5
5
6
9
6
13
5
21
6
11
20
25
5
28
8
7
23
5
30
7
11
5
40
6
9
31
32
24
6
35
12
16
5
7
5
14
8
5
19
15
5
15
9
9
22
5
36
8
11
5
13
6
13
7
16
6
5
21
26
17
32
15
22
29
5
53
39
62
62
5
5
18
5
30
7
21
13
5
30
6
37
5
12
15
5
10
5
15
7
5
7
14
5
10
5
5
18
9
194
160
17
28
5
15
5
24
15
33
5
57
59
183
148
148
46
11
101
78
28
8
5
87
75
13
18
15
16
11
115
8
15
20
5
34
23
102
101
13
97
19
5
31
5
114
10
103
37
101
89
72
94
5
46
100
88
85
110
73
24
5
28
9
79
5
45
28
23
30
30
5
9
36
75
5
82
50
17
5
9
30
8
104
5
94
74
9
14
5
24
27
5
93
6
12
8
7
31
5
30
8
36
5
17
6
51
5
25
6
17
6
9
5
8
5
9
19
5
7
19
7
24
14
38
17
6
6
5
8
9
9
5
5
5
9
5
15
20
5
5
11
16
5
10
15
18
30
17
30
25
36
28
11
5
5
19
8
13
11
65
6
5
23
27
5
5
13
8
37
10
10
5
18
5
14
22
5
42
5
41
18
5
6
15
23
5
9
5
41
5
5
11
15
21
5
25
15
9
12
15
5
5
5
6
20
5
26
20
12
8
5
5
15
6
18
9
8
70
6
9
63
5
92
5
60
39
23
26
5
25
37
5
47
47
30
24
87
47
34
22
28
44
5
90
36
40
5
132
6
116
15
24
19
31
5
16
23
172
6
25
18
22
19
8
5
5
8
14
7
23
5
5
7
5
12
16
5
20
21
6
5
11
5
17
8
23
11
25
26
5
5
5
311
6
317
297
13
283
5
5
13
5
29
226
209
20
212
23
70
63
42
61
8
38
5
31
20
12
5
21
41
15
813
775
5
5
732
18
5
573
513
18
33
5
7
19
5
34
6
515
476
12
5
275
273
29
9
5
186
9
25
5
21
5
13
11
9
7
17
6
13
5
20
22
18
5
149
89
68
6
58
6
92
5
96
93
19
10
5
40
5
7
51
46
34
30
5
5
7
12
7
17
6
5
7
29
11
26
38
6
6
38
14
24
19
5
32
35
37
38
47
18
29
31
55
20
46
37
8
65
5
62
42
90
138
5
48
105
21
45
35
14
5
105
106
31
98
16
81
42
28
12
150
5
150
17
5
144
82
78
5
26
9
138
5
247
131
173
158
20
24
5
12
155
132
62
5
62
6
18
5
60
5
13
12
29
34
5
28
5
5
9
13
5
10
5
364
6
352
14
18
5
294
23
19
5
14
6
10
11
17
15
64
9
8
16
26
25
28
6
10
9
23
5
5
28
6
64
57
22
5
12
18
15
8
5
43
85
85
425
275
13
41
36
20
27
5
38
5
96
5
5
15
18
125
76
16
5
39
114
109
81
10
6
228
216
5
210
15
5
213
5
6
13
202
171
39
36
48
39
5
5
157
6
40
143
30
85
33
5
85
71
46
41
21
75
75
63
75
56
12
15
16
105
107
15
96
30
89
5
137
98
90
105
5
35
19
37
5
7
22
5
31
8
57
44
25
31
15
15
98
94
21
5
26
8
36
5
103
95
95
26
59
29
31
132
5
117
72
88
42
630
634
36
617
36
6
22
24
545
30
514
511
72
37
139
5
17
15
504
124
95
22
28
16
484
473
85
467
5
10
5
27
16
441
16
408
375
24
1874
1742
34
371
5
334
1700
1567
24
1330
1288
21
1183
1039
38
826
266
666
49
224
154
52
198
6
154
145
20
230
163
95
26
180
164
89
159
29
47
24
23
5
24
5
39
11
41
176
140
133
61
59
251
132
121
5
11
5
30
92
45
51
221
161
54
151
40
161
162
19
52
80
84
156
68
53
33
52
175
46
161
5
23
157
144
329
148
6
9
155
139
138
211
139
119
141
139
50
50
11
5
248
7
123
190
140
196
17
59
129
5
190
108
34
102
103
128
103
83
66
21
10
15
5
54
6
90
88
54
80
74
39
54
25
5
780
7
760
761
32
751
28
15
5
752
5
755
112
755
85
89
73
754
5
86
648
18
605
130
587
554
516
496
134
542
538
414
403
118
405
43
397
360
43
11
369
297
73
8
5
54
26
32
5
6
10
6
18
5
7
351
335
333
335
251
262
244
234
251
240
148
130
187
111
157
108
737
708
668
641
643
633
611
603
574
563
533
501
497
456
424
331
289
292
