5 4.2
10 11.6
15 11
20 7.4
25 8
30 9.2
35 6.2
40 7.2
45 8
50 4.4
55 7.2
60 6
65 5.8
70 1.6
75 0.6
80 0.4
85 0
90 0
95 0.2
100 0.2
105 0
110 0.2
115 0.2
120 0.2
125 0
130 0.2
135 0
140 0
145 0
150 0
155 0
160 0
165 0
170 0
175 0
180 0
185 0
190 0
195 0
200 0
205 0
210 0
215 0
220 0
225 0
230 0
235 0
240 0
245 0
250 0
255 0
260 0
265 0
270 0
275 0
280 0
285 0
290 0
295 0
300 0
305 0
310 0
315 0
320 0
325 0
330 0
335 0
340 0
345 0
350 0
355 0
360 0
365 0
370 0
375 0
380 0
385 0
390 0
395 0
400 0
405 0
410 0
415 0
420 0
425 0
430 0
435 0
440 0
445 0
450 0
455 0
460 0
465 0
470 0
475 0
480 0
485 0
490 0
495 0
125 0
5 3.8
10 8.4
15 9
20 9.4
25 10.4
30 6.2
35 8.4
40 6.4
45 8.2
50 8.8
55 5.8
60 4.6
65 7.2
70 2.6
75 0.2
80 0.2
85 0
90 0
95 0.2
100 0
105 0
110 0
115 0
120 0
125 0
130 0.2
135 0
140 0
145 0
150 0
155 0
160 0
165 0
170 0
175 0
180 0
185 0
190 0
195 0
200 0
205 0
210 0
215 0
220 0
225 0
230 0
235 0
240 0
245 0
250 0
255 0
260 0
265 0
270 0
275 0
280 0
285 0
290 0
295 0
300 0
305 0
310 0
315 0
320 0
325 0
330 0
335 0
340 0
345 0
350 0
355 0
360 0
365 0
370 0
375 0
380 0
385 0
390 0
395 0
400 0
405 0
410 0
415 0
420 0
425 0
430 0
435 0
440 0
445 0
450 0
455 0
460 0
465 0
470 0
475 0
480 0
485 0
490 0
495 0
125 0
5 5.4
10 7.4
15 8.2
20 11
25 8.2
30 8.6
35 6.4
40 8.2
45 6.8
50 7.6
55 6.8
60 6.4
65 6.2
70 0.8
75 0.6
80 0
85 0
90 1
95 0.2
100 0.2
105 0
110 0
115 0
120 0
125 0
130 0
135 0
140 0
145 0
150 0
155 0
160 0
165 0
170 0
175 0
180 0
185 0
190 0
195 0
200 0
205 0
210 0
215 0
220 0
225 0
230 0
235 0
240 0
245 0
250 0
255 0
260 0
265 0
270 0
275 0
280 0
285 0
290 0
295 0
300 0
305 0
310 0
315 0
320 0
325 0
330 0
335 0
340 0
345 0
350 0
355 0
360 0
365 0
370 0
375 0
380 0
385 0
390 0
395 0
400 0
405 0
410 0
415 0
420 0
425 0
430 0
435 0
440 0
445 0
450 0
455 0
460 0
465 0
470 0
475 0
480 0
485 0
490 0
495 0
96 0
