4
7
6
11
8
10
4
5
8
17
19
9
23
23
5
21
20
10
28
28
20
26
26
12
14
21
31
9
20
45
30
7
27
26
30
43
14
52
9
26
19
28
18
23
59
29
29
42
63
29
41
9
65
10
23
64
53
13
20
78
44
59
7
30
36
65
54
36
47
36
41
40
62
27
33
63
8
54
14
58
42
10
40
5
56
99
9
32
82
46
33
29
84
113
45
23
42
61
48
27
16
45
4
33
72
18
69
51
90
51
37
56
32
50
21
47
66
14
90
23
83
85
18
42
64
10
26
78
19
57
48
25
21
86
54
81
7
55
151
19
45
27
28
17
132
29
66
27
113
49
124
81
41
35
86
101
54
73
37
79
83
55
51
59
79
129
87
91
104
40
96
57
83
41
76
141
113
114
24
50
53
16
54
84
47
155
107
97
68
153
136
15
46
43
73
192
47
70
64
37
72
45
81
95
14
67
39
90
5
6
100
89
51
18
83
119
86
28
69
100
56
8
53
146
113
51
43
69
139
91
87
124
57
160
178
154
65
15
51
44
8
103
88
127
154
107
50
99
182
112
79
62
103
125
25
152
119
78
82
124
105
139
87
19
103
148
130
80
28
133
140
125
55
143
60
96
42
102
135
184
40
57
88
174
23
98
145
38
104
221
163
76
107
4
19
13
125
149
145
58
116
151
54
76
17
169
16
207
50
165
87
241
38
118
116
134
48
188
126
156
13
20
166
149
102
88
151
150
152
175
33
31
98
84
24
63
167
120
109
6
95
88
189
227
23
80
169
83
124
163
50
189
125
35
193
67
63
113
23
146
101
72
59
202
95
248
24
216
293
52
126
197
86
81
156
91
50
21
184
216
205
58
175
77
193
100
99
150
47
96
43
213
131
44
62
120
148
142
116
117
60
58
168
122
181
143
34
176
40
210
162
228
32
65
180
89
242
106
72
184
49
98
68
223
107
257
240
36
38
317
186
87
184
109
96
113
35
106
225
82
186
154
113
137
204
215
201
56
105
65
204
156
79
47
162
192
119
35
95
67
94
185
134
221
155
67
200
185
152
97
281
227
107
216
127
90
95
100
163
295
42
169
266
93
58
137
290
159
98
296
195
60
152
228
148
247
41
75
238
216
52
73
149
174
119
150
255
155
114
244
253
99
206
77
204
177
245
92
59
148
72
187
119
127
274
104
42
212
45
251
75
234
200
262
253
119
149
187
49
326
142
112
162
102
60
290
133
177
97
320
275
11
134
230
214
233
156
142
89
11
88
281
134
24
56
73
115
229
178
290
298
159
136
174
116
124
104
171
40
175
294
69
225
176
68
176
165
188
260
54
201
45
143
202
215
239
20
323
363
163
171
175
139
187
118
175
233
21
256
350
137
263
274
379
156
29
57
240
179
84
143
205
145
169
334
57
115
174
18
116
187
174
289
82
160
218
45
166
158
122
273
221
283
127
222
232
99
162
258
143
304
86
333
51
77
262
146
207
320
227
187
121
188
133
284
308
230
194
265
17
359
57
25
88
432
176
172
118
301
208
49
205
162
209
91
183
376
140
99
55
63
168
199
25
208
233
268
327
140
188
271
241
95
159
298
85
277
167
54
202
30
51
348
79
339
179
132
318
72
160
196
375
35
263
21
248
319
277
344
290
183
87
24
334
159
147
230
456
91
124
18
357
227
211
112
199
270
10
99
403
121
358
247
115
185
245
310
193
217
270
190
68
218
353
153
213
252
132
75
388
216
245
63
183
299
121
114
240
55
264
249
75
264
397
373
357
136
287
50
177
239
335
112
136
359
140
199
146
465
175
72
248
345
138
280
300
228
287
302
282
455
183
128
387
129
154
121
223
359
245
228
235
125
199
199
149
311
147
183
245
252
379
258
224
416
81
153
312
124
238
173
189
123
444
227
94
286
328
331
150
267
203
294
415
318
336
300
494
140
291
404
393
151
212
166
167
165
210
166
505
243
238
188
294
199
179
266
323
218
201
225
180
186
346
257
240
326
190
247
194
353
281
166
359
499
246
253
182
245
258
159
314
189
293
268
398
255
550
196
402
303
245
228
537
326
242
259
242
356
220
200
311
273
271
217
202
237
254
297
220
241
213
342
313
333
266
403
261
292
224
384
234
342
343
247
228
248
562
399
254
353
567
284
285
254
316
396
258
269
324
416
273
377
378
268
577
360
420
506
284
348
282
354
347
340
430
357
367
358
533
399
318
428
361
375
336
526
445
370
351
370
440
525
452
457
405
475
455
473
473
6
6
6
6
15
9
8
7
13
19
15
7
15
7
7
29
29
10
29
12
24
28
10
24
17
29
20
11
32
35
27
37
13
29
47
10
46
16
27
9
16
35
10
26
12
16
7
9
31
29
51
29
18
24
64
14
42
24
32
32
56
28
36
4
53
5
46
26
86
62
30
35
35
73
29
33
38
38
32
33
47
76
15
42
28
32
56
48
45
43
48
30
11
76
13
15
58
16
38
39
45
25
51
52
92
62
32
51
91
87
23
47
40
64
64
46
65
79
95
72
75
63
26
55
61
78
46
54
113
14
50
29
66
82
42
27
63
38
58
67
48
25
59
88
82
70
96
22
17
41
83
68
59
76
38
34
28
95
25
4
140
138
17
101
79
64
78
44
115
63
98
26
86
130
11
15
32
57
14
102
100
44
82
138
108
81
55
114
82
25
19
10
88
102
32
92
96
135
106
137
33
94
61
7
47
62
59
125
29
43
105
183
140
65
58
124
141
75
116
130
121
63
78
130
75
15
13
46
142
111
175
42
154
42
54
140
27
110
96
164
83
21
29
103
19
56
100
64
59
49
13
150
105
190
99
92
110
39
105
138
42
61
39
99
33
146
66
49
212
49
108
103
121
31
184
189
133
145
149
187
117
28
126
47
8
11
77
159
45
139
234
168
97
109
27
32
131
104
80
111
145
31
131
134
47
9
107
136
36
105
6
65
89
215
49
138
97
13
37
194
95
147
75
63
91
95
26
78
59
74
195
146
270
166
81
217
170
172
29
211
200
51
154
175
188
97
46
98
87
152
81
291
192
131
185
164
223
93
38
47
36
45
167
84
80
158
194
42
43
142
141
184
105
141
129
54
239
34
188
70
47
89
58
72
224
37
156
119
97
256
126
123
36
256
229
311
191
207
164
231
97
117
73
182
25
318
180
238
123
164
174
36
198
55
123
39
207
76
23
22
36
24
127
197
213
93
33
146
216
121
157
103
194
63
37
230
165
82
69
246
132
249
105
313
116
130
152
312
166
45
170
256
176
167
270
80
204
103
79
71
224
63
10
34
211
12
125
68
277
158
168
18
52
112
154
107
112
242
185
269
60
115
65
53
110
102
160
223
41
243
53
248
164
51
101
245
179
92
97
80
54
121
132
287
370
6
269
309
176
143
176
260
223
58
106
50
281
218
191
117
73
142
157
93
69
114
193
112
143
28
254
4
43
209
334
13
203
175
73
304
239
110
170
162
81
118
310
154
190
37
77
245
28
76
253
101
49
182
286
214
133
293
104
84
147
128
188
433
37
243
233
340
200
185
229
319
278
122
41
329
138
280
98
22
138
145
152
73
235
264
163
130
309
38
32
63
368
128
76
173
72
82
354
252
129
169
84
369
110
148
137
221
230
83
310
134
138
21
334
196
273
141
299
281
453
203
130
90
392
90
152
67
347
152
266
73
291
332
134
135
47
350
29
187
31
74
55
218
188
100
158
183
121
169
84
228
382
111
159
378
168
189
5
124
41
307
50
271
318
107
116
142
126
194
227
324
287
97
104
61
352
33
180
483
334
172
318
413
201
183
105
406
100
104
294
79
155
253
90
172
337
177
69
243
394
57
159
240
136
115
237
16
118
189
265
158
172
148
427
323
154
171
45
188
104
39
35
67
338
48
376
261
72
146
110
127
211
238
331
334
130
352
159
504
94
350
228
433
226
365
238
390
218
145
114
118
354
79
218
212
148
155
276
286
118
230
235
445
134
160
109
211
271
221
176
379
317
158
203
236
416
176
179
73
74
155
91
218
87
357
197
139
408
120
288
285
103
259
380
166
543
165
398
258
480
238
385
365
333
227
200
139
240
134
203
191
409
147
325
233
152
308
259
128
168
329
247
262
143
327
352
212
226
328
221
258
240
474
132
171
200
141
243
142
370
462
317
561
157
203
219
520
414
289
353
246
422
332
182
337
230
152
175
282
285
345
165
268
428
339
197
281
178
168
178
400
223
244
283
281
220
372
264
209
214
344
203
182
481
278
307
590
251
305
550
220
421
398
279
309
337
209
347
287
320
216
298
211
295
366
233
307
330
410
439
261
276
239
324
227
403
317
377
248
569
307
329
587
230
376
408
289
290
300
412
309
301
315
276
331
361
304
465
285
268
284
427
351
304
403
276
275
556
430
582
313
408
350
322
280
397
321
286
351
342
444
396
300
304
313
425
580
549
442
364
440
402
406
352
331
507
543
384
435
448
392
347
527
365
566
466
494
581
455
498
602
446
486
593
517
4
6
4
5
6
6
5
8
17
12
16
18
22
14
23
5
29
19
9
5
19
17
25
16
26
7
9
39
14
20
20
29
27
24
32
44
30
6
31
23
22
11
22
30
27
42
12
40
4
9
59
56
25
30
40
36
30
37
49
31
47
43
52
42
41
34
72
21
80
40
58
26
44
61
36
72
42
23
51
52
22
68
23
73
18
8
31
51
73
75
26
23
61
63
33
20
45
60
42
6
35
78
65
95
27
64
38
60
42
51
79
70
125
26
15
35
64
34
5
12
13
22
49
113
107
46
108
12
43
85
12
68
109
26
24
32
44
13
78
20
47
96
25
14
81
59
27
95
47
81
138
44
38
68
52
86
110
88
14
69
114
47
127
159
7
44
49
7
51
49
39
94
33
70
60
115
48
124
25
44
155
57
10
13
47
40
53
97
68
80
169
72
20
15
21
134
15
68
28
93
53
62
38
47
126
75
155
10
45
96
119
94
54
87
28
31
149
118
193
60
102
62
90
42
66
143
57
103
44
159
101
18
41
89
51
9
74
60
68
79
49
19
29
103
53
122
80
62
124
70
90
79
82
105
117
112
115
76
58
88
55
103
44
46
42
138
84
136
47
206
9
36
33
101
227
81
55
6
54
136
49
93
22
122
187
88
23
89
56
184
90
127
21
125
83
130
67
104
52
123
6
34
70
93
55
135
65
150
38
114
92
132
84
10
124
96
169
88
50
77
135
94
98
46
46
126
150
6
104
254
260
133
99
114
102
180
134
46
75
54
20
133
46
225
74
231
54
145
137
154
71
105
158
90
100
129
69
89
139
115
173
184
129
121
74
182
84
139
29
141
42
129
192
42
186
96
80
166
87
133
77
153
46
146
33
94
141
225
141
290
21
26
34
168
73
110
91
27
193
167
121
36
287
71
93
254
199
114
205
43
150
31
163
162
126
165
164
110
198
151
150
150
37
164
153
124
62
117
85
143
205
104
211
180
134
246
4
178
114
133
7
47
13
178
248
73
201
123
48
142
4
348
159
132
41
210
187
138
237
80
86
292
85
59
134
89
80
295
207
181
205
252
168
112
48
156
158
162
129
162
52
161
185
163
52
87
180
184
225
222
166
213
139
31
161
179
52
60
304
21
140
67
190
16
62
272
146
67
146
30
67
186
67
13
385
183
77
181
258
134
278
75
83
94
269
84
120
114
175
355
238
168
258
236
38
168
179
71
57
34
101
101
179
6
112
63
191
110
180
216
189
278
72
223
253
201
102
201
236
88
86
328
44
67
268
251
70
20
198
156
109
207
112
123
225
90
426
109
198
102
211
197
275
138
184
144
298
60
99
134
53
336
98
273
228
286
59
44
231
82
132
24
132
96
265
223
239
145
248
44
254
64
176
302
135
292
304
298
68
6
293
171
51
52
101
164
226
186
66
279
79
181
141
260
112
142
249
94
277
239
381
192
235
242
314
9
207
196
141
84
263
88
57
264
53
319
98
52
186
68
171
47
255
41
105
39
194
280
120
317
175
275
113
188
45
196
349
166
90
311
31
259
283
301
61
308
131
127
233
43
159
84
190
53
290
292
434
292
33
145
333
242
240
253
15
309
199
240
128
103
70
75
307
44
153
335
97
223
171
81
99
274
47
96
80
145
176
315
133
191
116
266
143
67
330
249
115
77
69
372
229
329
51
328
347
149
226
138
75
210
149
116
51
180
35
477
80
317
238
389
252
275
129
14
39
314
239
175
231
111
90
101
355
93
136
151
80
280
278
202
149
307
130
123
155
200
153
162
131
227
323
70
364
124
296
143
132
77
183
251
383
92
388
404
189
170
352
74
252
140
200
69
213
92
135
478
343
287
287
399
308
83
109
214
336
179
195
398
91
206
96
128
93
225
321
164
333
184
107
365
175
204
154
105
401
306
287
125
182
247
408
421
160
145
222
345
504
151
259
359
432
315
260
222
209
128
317
220
290
440
247
146
243
370
161
201
201
320
202
173
362
388
377
433
152
244
537
293
170
350
429
200
162
465
181
245
160
167
282
446
297
301
361
233
229
177
240
268
337
223
267
210
191
380
398
203
559
327
396
354
386
396
275
259
331
313
327
457
209
487
217
271
255
409
337
349
224
259
462
395
410
328
375
357
234
390
426
384
310
405
303
489
346
285
289
252
274
366
258
265
439
280
280
399
304
373
403
327
361
520
313
317
398
416
283
319
288
380
352
309
410
423
516
338
339
373
343
364
538
340
349
390
353
514
391
526
492
472
478
459
7
9
9
10
5
6
8
15
8
5
6
19
19
7
17
12
20
24
32
4
35
34
10
32
25
37
30
14
20
30
17
4
22
30
15
34
12
11
24
6
14
34
18
27
46
33
44
61
32
34
41
28
52
23
20
7
59
42
46
76
23
66
62
55
21
28
57
26
26
42
33
36
45
26
15
21
78
56
45
36
67
25
6
42
39
44
25
29
11
15
42
84
71
73
11
82
67
96
33
26
73
75
74
43
122
51
98
31
109
4
44
54
63
76
19
54
10
95
87
124
18
84
42
11
58
53
18
88
54
94
80
113
83
40
73
110
8
71
11
21
47
106
85
50
52
73
137
46
92
117
94
48
125
77
103
52
64
84
86
45
21
50
51
85
41
9
130
110
93
25
55
85
149
25
127
120
140
144
44
94
46
103
27
111
146
20
96
13
122
90
36
75
7
100
132
45
93
162
90
138
59
76
181
30
24
57
132
94
72
111
152
88
56
57
113
45
35
97
62
108
20
51
154
81
31
153
63
165
126
190
70
97
16
195
43
158
72
121
67
45
188
106
50
120
150
61
95
73
35
61
58
42
98
98
65
127
84
169
187
47
57
102
166
133
90
166
101
107
112
79
190
103
91
126
165
15
6
8
202
60
80
142
202
207
172
198
79
144
20
112
120
206
78
67
68
168
54
76
24
94
247
108
91
141
176
94
142
47
53
191
110
137
81
40
17
138
100
30
194
82
138
185
161
165
47
81
99
109
46
183
227
10
42
27
224
124
8
259
219
181
111
182
146
136
215
223
145
136
113
172
93
33
35
126
79
256
226
27
140
157
95
146
93
44
8
136
151
163
60
242
12
140
23
99
132
9
66
42
198
56
208
128
61
134
96
198
157
230
25
226
63
139
55
40
53
243
151
48
263
175
235
161
194
133
42
132
244
63
123
81
233
242
115
310
186
152
94
95
89
141
99
95
191
153
217
32
174
198
182
23
119
11
183
32
122
66
192
123
124
85
63
228
95
173
8
45
161
34
112
274
167
39
208
122
285
180
263
99
101
253
53
321
88
217
115
205
135
197
279
306
154
129
199
209
150
293
29
242
196
130
152
125
240
109
64
225
238
64
188
64
217
60
176
190
244
75
42
193
212
186
178
326
33
219
107
99
79
14
119
309
97
92
263
175
29
144
320
97
161
308
89
327
38
220
148
267
74
210
334
363
134
228
174
212
25
76
320
302
270
111
149
161
55
107
93
208
100
276
99
217
56
183
223
143
132
230
242
50
176
262
336
234
37
55
276
136
43
73
137
161
309
92
319
229
214
179
363
146
76
368
62
282
130
280
188
310
109
244
392
353
22
113
265
141
257
326
137
344
82
174
162
114
57
139
141
202
149
323
25
220
273
214
42
151
257
288
128
108
257
267
230
288
49
132
292
94
167
96
19
215
42
131
252
375
193
220
281
420
77
406
209
101
155
277
308
200
151
238
305
428
80
412
167
271
319
117
382
180
18
338
213
208
115
101
102
118
223
384
52
139
168
208
43
285
191
280
133
289
228
276
348
293
46
30
342
65
61
86
79
165
47
254
287
225
189
402
225
71
265
456
157
132
435
139
341
142
331
225
347
183
266
487
418
183
162
151
54
231
214
366
348
427
166
89
192
162
158
265
159
173
86
218
426
310
72
200
214
304
138
313
403
316
322
267
344
109
72
105
137
208
97
95
297
182
238
229
225
133
402
207
306
177
508
368
479
88
119
394
391
180
172
314
320
188
521
151
255
217
313
416
477
179
186
256
178
169
120
220
211
118
244
486
328
132
249
458
324
156
316
384
277
325
301
181
242
152
165
349
234
281
278
186
356
350
256
228
489
545
385
223
433
167
358
233
304
213
334
571
337
154
508
273
455
177
206
182
228
243
291
206
467
274
338
212
194
453
279
287
281
415
259
261
206
267
256
290
386
314
275
310
567
537
270
301
413
247
216
397
350
473
298
341
305
553
367
481
298
480
230
344
272
299
321
260
281
307
419
298
305
486
348
392
255
542
280
284
440
405
361
348
388
292
345
565
320
270
259
328
346
512
393
337
282
335
511
308
449
518
266
311
336
290
551
311
426
300
385
318
306
374
357
369
577
373
350
360
520
476
335
322
358
543
504
304
321
340
427
521
324
329
419
341
334
341
595
393
391
533
359
514
333
382
437
487
338
355
518
352
356
622
348
357
532
513
384
459
480
500
376
494
550
518
445
412
413
440
562
505
424
442
577
522
436
456
593
499
515
490
509
507
10
12
12
8
16
8
16
11
15
15
5
8
17
25
17
24
22
25
14
13
12
11
26
17
13
27
34
29
29
36
22
38
45
17
15
12
31
33
29
20
44
36
8
42
32
40
19
43
21
20
11
31
9
36
39
46
66
17
34
61
48
61
39
54
37
29
25
29
74
30
80
77
79
25
19
47
25
75
37
72
30
12
31
12
50
30
10
16
6
73
25
28
49
57
65
87
8
63
46
38
46
41
45
17
52
35
84
12
38
94
69
74
86
36
19
12
81
31
60
113
91
110
29
126
20
48
25
55
65
37
88
71
35
52
22
48
88
105
53
75
4
45
79
46
89
37
48
51
51
77
119
71
24
120
33
22
95
90
93
42
149
20
14
151
162
33
28
29
46
52
48
60
83
32
43
34
76
77
67
55
78
118
103
129
93
119
55
52
103
93
47
85
87
89
90
41
48
46
132
129
63
34
55
10
152
60
129
50
101
39
27
194
40
38
22
115
17
58
193
100
60
33
80
118
73
17
93
91
165
84
150
4
134
102
103
165
155
44
10
121
91
32
32
6
138
134
15
96
44
24
64
45
84
16
176
70
78
26
98
155
14
76
165
63
54
57
75
249
93
4
205
40
15
40
48
61
126
134
106
111
84
129
152
50
135
38
201
103
117
130
131
54
15
167
43
103
58
133
38
105
93
52
136
189
118
40
76
123
87
65
111
217
120
83
107
51
102
52
50
53
126
262
225
78
146
59
18
153
78
51
83
83
47
134
93
20
55
149
140
169
72
99
228
154
196
24
145
47
55
85
91
133
60
85
13
96
127
97
163
231
58
65
81
196
73
147
144
63
103
88
50
35
47
88
160
239
17
174
170
106
41
104
54
81
188
62
116
35
197
136
181
142
130
88
55
68
268
98
150
226
43
113
74
16
109
202
88
240
104
177
139
117
166
131
17
100
34
116
240
7
114
80
32
105
198
57
270
196
66
187
153
100
94
50
29
108
97
82
136
148
237
51
235
98
252
61
47
191
139
303
174
122
120
93
110
28
214
161
56
156
12
12
176
258
252
221
94
130
55
145
166
50
81
60
77
78
155
293
59
78
97
132
156
240
55
255
248
88
315
99
103
176
122
139
142
197
51
163
89
63
49
93
207
215
333
56
282
114
129
247
199
89
44
89
57
217
71
266
123
167
199
59
30
86
207
306
187
296
153
92
60
93
199
131
107
285
63
169
293
77
76
133
193
41
185
32
242
25
296
189
105
47
47
238
148
159
379
109
38
152
122
194
117
145
262
21
121
108
303
265
9
279
243
218
154
82
147
132
71
120
301
350
237
219
118
135
12
253
365
4
158
215
135
335
13
204
196
38
220
84
197
185
69
135
92
59
183
217
178
78
328
282
221
402
7
110
44
42
206
213
38
93
56
139
200
165
31
190
127
272
176
288
329
274
85
224
68
77
289
190
141
253
36
353
245
120
213
138
309
50
387
262
225
214
137
81
243
144
251
14
123
140
247
104
186
119
111
211
153
194
430
320
363
45
81
75
57
257
51
274
21
197
43
74
77
44
151
281
255
199
240
311
169
290
339
131
347
37
286
225
48
218
174
201
413
18
34
195
168
135
319
360
330
120
136
233
100
131
50
285
222
67
30
178
301
242
92
246
268
92
212
241
361
477
152
195
120
144
89
97
199
89
62
218
95
134
35
334
157
155
343
234
278
171
49
61
357
389
176
157
339
88
41
189
49
264
179
90
459
243
177
361
229
399
174
147
302
285
84
158
65
272
284
279
57
225
288
357
60
301
499
129
171
310
171
112
189
398
115
74
374
177
98
153
310
187
147
137
271
169
196
137
97
180
229
297
140
99
366
373
245
311
146
395
411
275
190
460
175
275
264
274
104
421
321
136
332
475
210
403
197
156
305
267
166
379
249
338
163
370
299
224
175
451
151
162
298
206
137
200
192
228
136
345
238
254
338
228
417
447
370
391
439
200
162
493
269
332
196
308
293
262
333
443
326
246
367
373
225
308
302
435
270
459
391
382
251
355
241
498
287
220
229
219
350
252
388
211
376
218
407
318
436
417
264
266
388
515
227
409
333
222
368
314
282
408
347
362
240
472
252
416
377
239
533
294
298
241
266
334
257
263
387
419
383
384
429
279
432
347
268
542
429
292
396
365
311
361
378
331
418
296
569
391
297
460
411
451
442
423
321
331
511
402
410
351
487
386
396
423
468
441
393
358
529
385
371
446
371
417
469
378
544
408
394
485
560
473
479
456
5
7
16
7
9
14
22
19
21
21
9
7
6
27
26
30
20
20
25
18
21
26
21
40
33
7
34
33
21
30
14
30
13
22
43
31
14
14
39
7
15
36
34
45
35
30
13
41
29
19
42
40
60
27
40
45
20
11
54
67
55
23
35
31
12
32
56
72
53
14
80
4
16
83
18
43
14
9
18
54
13
23
50
68
52
19
95
24
19
38
27
82
39
36
50
52
44
53
73
39
36
55
100
33
47
38
86
100
57
69
68
44
44
47
103
17
59
24
73
29
45
80
46
59
120
26
36
45
20
57
72
31
5
21
13
39
85
50
12
47
58
7
91
46
30
25
62
64
28
47
72
30
85
51
74
77
9
123
40
69
82
69
8
62
71
31
12
13
118
47
62
90
45
49
44
153
58
28
38
99
101
13
111
53
78
88
57
122
87
105
32
59
63
60
53
21
72
79
18
10
89
89
39
98
102
15
134
122
111
88
40
57
22
52
127
55
25
59
119
29
20
50
136
79
45
97
123
96
122
69
68
66
89
128
166
103
34
124
111
50
33
147
45
101
5
36
69
48
56
21
52
104
37
29
65
56
50
67
95
144
64
135
106
153
95
73
90
90
182
20
59
33
148
73
172
69
178
54
47
129
50
80
80
151
115
140
127
179
64
50
183
165
65
48
161
76
95
58
54
141
28
65
66
58
49
132
83
41
24
97
101
183
137
23
61
139
78
139
8
212
184
212
105
184
64
93
106
21
17
113
111
186
30
156
89
78
34
92
155
152
83
106
208
154
55
129
211
187
101
191
109
170
36
22
45
178
100
18
47
123
101
43
88
163
67
135
74
76
115
24
35
192
26
59
165
53
24
52
194
115
91
23
272
247
228
160
233
81
86
69
10
32
126
169
72
43
67
180
148
73
210
203
73
139
71
247
49
103
211
208
203
135
210
147
87
27
186
66
148
26
38
56
122
173
91
46
133
67
102
97
252
63
80
88
129
14
118
60
209
173
244
80
93
88
332
283
68
195
287
43
63
191
62
141
75
50
51
128
94
161
84
256
245
77
174
132
173
46
46
97
230
191
12
265
209
93
80
210
120
176
231
115
36
298
93
35
123
13
66
141
148
164
54
132
122
262
226
55
286
99
90
132
330
119
252
313
346
101
235
84
28
32
130
145
171
81
183
287
125
42
162
120
101
192
219
284
214
80
39
208
21
301
9
69
179
210
93
72
323
28
176
171
57
246
28
172
125
125
157
127
288
278
166
314
91
226
48
293
125
49
13
394
132
31
287
30
113
48
140
31
142
120
11
206
66
233
78
334
266
202
5
129
22
228
268
319
145
139
99
140
302
269
66
85
89
252
136
87
178
36
20
155
340
184
277
223
133
80
165
50
170
147
305
146
178
200
280
373
60
79
299
151
67
78
416
45
332
92
55
42
146
46
69
97
127
125
262
306
220
44
391
65
15
59
165
183
266
10
335
359
4
327
193
100
322
160
125
204
312
128
116
212
70
203
193
122
157
68
285
218
129
334
44
153
207
218
409
55
176
330
309
211
321
116
237
66
72
359
61
94
185
128
116
97
103
295
276
251
389
81
93
233
179
73
190
56
379
68
404
322
158
324
104
348
138
219
251
110
154
141
235
191
105
203
94
167
232
42
163
182
32
383
46
166
26
249
206
19
384
269
96
162
334
373
150
359
296
112
134
193
102
53
271
150
250
186
104
320
53
43
129
357
273
234
130
232
89
454
108
432
277
164
382
213
389
277
271
187
160
253
166
149
204
121
107
123
216
119
59
292
217
100
420
74
199
255
104
71
182
329
88
413
411
410
141
267
147
173
191
275
115
223
153
290
95
187
287
177
154
368
119
175
466
411
261
126
141
271
367
332
327
413
212
256
195
156
232
147
172
157
168
158
208
139
254
363
346
132
233
202
175
209
233
401
177
436
443
253
288
196
197
325
198
142
277
235
182
153
210
372
505
270
169
448
354
229
291
316
251
252
453
225
169
206
218
325
208
234
283
222
233
274
224
522
359
385
462
374
227
444
242
281
283
271
198
220
238
238
311
267
286
546
294
407
274
398
262
448
364
357
252
251
436
472
251
253
249
244
304
260
566
233
381
308
478
266
283
281
313
257
304
408
388
488
478
373
266
354
322
260
476
330
287
306
406
512
342
340
461
313
284
283
412
384
498
306
325
405
508
349
311
319
353
341
444
346
401
417
332
490
529
370
351
421
455
356
442
513
532
359
468
450
470
452
443
445
461
436
440
447
5
4
6
16
15
19
14
14
22
20
19
12
15
19
5
21
30
19
9
20
37
20
18
23
11
22
33
43
20
14
17
39
50
31
29
8
37
26
11
19
50
41
54
24
7
44
59
53
40
44
35
37
54
24
38
38
30
34
28
40
62
23
42
67
35
7
41
41
66
13
14
92
11
28
25
53
61
6
44
4
52
59
64
89
58
39
34
48
5
40
91
93
85
36
31
35
37
86
38
80
63
84
64
53
83
69
45
103
11
68
50
54
37
11
57
97
67
61
69
44
60
18
45
136
65
35
87
79
71
87
52
97
73
84
75
69
81
138
35
85
43
57
17
37
67
44
73
82
49
100
76
50
74
6
128
37
74
72
23
7
77
76
70
88
52
97
55
25
6
110
79
95
39
78
112
15
20
32
73
58
134
85
23
57
6
107
49
141
11
118
51
128
64
32
77
123
47
30
199
94
78
17
46
111
55
128
37
89
117
125
129
6
27
53
139
25
132
134
57
108
124
98
120
53
91
155
45
11
110
121
87
49
113
86
10
76
159
21
110
64
124
131
104
169
84
68
193
65
83
61
142
66
64
155
90
148
89
137
43
121
56
148
117
61
181
120
76
95
104
178
10
118
169
90
169
19
100
193
98
45
148
151
61
30
18
152
135
64
128
161
18
171
203
74
143
157
30
136
135
140
32
17
161
125
118
198
190
110
44
175
125
29
154
121
86
131
110
201
145
117
35
120
55
81
151
40
228
146
56
84
185
221
194
212
149
145
63
199
115
101
108
174
108
90
205
35
138
188
20
191
131
260
160
184
8
46
198
201
161
142
203
39
52
136
179
192
76
165
86
140
123
193
20
38
151
146
187
174
161
80
114
97
128
134
125
200
173
233
116
198
213
136
151
171
176
148
175
179
117
134
28
80
63
192
45
148
185
215
180
255
311
242
102
79
103
66
116
183
187
203
54
112
155
135
141
52
135
174
199
219
93
56
4
124
120
240
201
9
32
132
150
162
63
176
47
161
104
208
250
202
260
260
166
151
172
226
206
76
228
105
176
5
108
233
34
231
200
5
62
370
209
214
279
123
280
103
87
175
121
132
243
182
203
113
137
148
113
177
258
166
39
48
71
103
279
4
65
88
168
244
208
64
199
171
210
124
246
92
240
100
308
274
202
318
279
218
129
146
118
269
35
288
27
145
36
153
281
289
112
228
400
31
279
239
167
269
145
342
167
148
287
184
236
165
169
175
205
175
31
22
45
228
268
163
102
69
103
95
259
61
264
110
195
275
230
85
181
208
279
174
235
67
253
364
276
331
134
206
242
270
86
316
122
246
69
210
9
17
118
288
336
341
317
285
78
449
157
328
308
23
333
237
180
195
184
216
181
279
34
62
224
244
315
180
278
71
162
88
94
21
317
125
106
238
244
125
296
209
204
92
257
190
216
31
106
310
336
380
390
165
301
224
270
39
35
342
270
95
49
155
63
162
316
327
325
368
316
486
127
150
288
60
210
137
247
164
185
229
81
286
241
97
90
154
275
331
113
94
315
211
149
58
152
57
168
310
296
299
35
294
198
192
430
269
112
243
278
243
400
363
388
317
190
93
143
333
293
70
366
105
81
400
352
362
377
50
364
83
535
137
232
193
4
197
256
213
209
55
95
203
301
334
143
306
133
241
197
370
25
69
175
184
345
327
52
53
204
343
43
233
249
302
490
78
358
225
279
163
335
431
438
139
345
150
108
204
54
412
446
350
84
401
89
135
304
181
356
408
272
221
543
86
260
102
220
235
378
177
221
327
259
246
221
104
294
334
222
367
341
251
96
256
146
288
87
264
236
522
201
235
278
98
357
140
394
218
378
482
122
438
134
466
379
265
184
453
492
360
262
223
140
246
415
329
393
362
279
211
130
183
374
194
184
391
256
298
256
313
194
350
147
274
370
537
394
222
283
232
349
170
370
265
161
500
399
452
387
460
534
227
238
261
265
403
409
368
344
420
245
248
334
415
228
230
253
211
229
366
256
280
305
548
370
305
327
379
254
352
376
301
410
507
268
470
510
475
224
272
272
250
449
379
345
400
266
361
255
376
253
240
278
259
267
316
398
404
478
340
359
273
262
351
384
451
507
546
270
480
474
304
272
360
434
305
421
363
289
288
279
477
339
370
288
367
391
326
346
531
393
427
307
384
441
318
437
414
402
351
372
402
360
407
524
415
325
402
452
419
411
337
384
420
366
347
370
524
361
457
380
412
396
377
392
389
531
483
426
527
464
466
7
7
9
4
15
9
17
16
8
13
14
13
13
25
27
12
23
16
22
15
28
17
28
27
35
24
29
18
47
27
21
14
11
34
42
41
30
36
16
30
33
43
45
36
8
38
35
28
21
25
49
51
40
42
43
25
41
18
44
7
40
12
40
49
14
43
56
67
25
50
68
15
67
25
54
37
83
76
23
28
5
64
53
61
17
59
6
49
65
39
77
52
18
96
17
87
48
53
5
42
14
84
44
48
46
49
85
66
45
27
85
99
63
49
29
12
28
48
95
41
76
29
84
14
88
46
5
78
107
59
21
78
7
12
90
46
113
29
48
117
95
83
56
114
41
110
53
8
65
29
5
26
14
68
48
48
92
37
32
21
90
21
79
12
10
42
27
69
31
54
52
32
93
114
84
53
67
152
51
123
47
52
114
132
53
24
47
17
104
135
36
69
30
98
11
88
50
82
129
63
32
32
53
44
59
88
41
55
60
34
98
89
46
20
54
30
53
22
96
56
107
31
35
109
74
20
103
89
162
66
174
208
87
22
164
73
64
27
48
42
174
103
115
82
43
163
36
108
90
68
52
54
62
69
35
140
140
43
11
20
68
69
51
69
75
56
48
128
61
47
112
46
107
59
56
24
128
57
22
39
46
78
64
51
131
153
55
265
154
158
63
22
119
208
76
106
127
160
150
206
79
10
18
36
183
111
103
163
54
88
58
58
60
39
91
197
179
75
89
110
62
13
29
83
105
106
45
67
145
55
40
101
57
93
150
179
70
119
61
89
65
108
112
134
108
138
133
252
63
70
203
18
176
120
246
166
177
127
220
208
183
177
71
79
122
32
168
182
241
153
122
41
46
45
104
78
96
81
84
215
218
130
69
139
85
74
66
120
162
57
86
101
146
112
185
82
96
116
117
216
84
162
8
114
83
139
175
158
138
66
165
211
172
70
246
45
238
105
306
195
205
104
255
95
164
208
102
128
59
222
149
97
196
38
31
64
96
41
121
9
112
250
220
170
139
107
197
131
155
219
170
75
140
16
160
113
26
58
40
159
120
153
162
223
40
195
199
202
202
197
196
102
295
103
90
144
304
211
140
285
62
129
148
217
104
120
254
186
79
81
90
274
194
22
159
87
152
26
212
151
247
50
159
177
153
122
99
152
198
254
213
79
199
62
186
160
155
174
230
208
52
248
194
242
239
178
266
64
112
171
340
259
251
272
28
23
171
256
46
167
108
108
120
105
81
323
62
64
33
29
76
68
193
52
208
94
235
164
197
302
184
176
99
41
129
251
205
47
263
155
160
190
88
24
100
261
59
213
218
213
184
267
264
268
294
288
42
382
233
102
84
73
89
316
217
289
150
73
232
194
116
202
131
103
42
146
287
135
34
108
31
71
124
113
97
162
102
212
213
246
351
217
124
216
95
5
246
181
48
181
200
312
219
177
83
138
233
118
264
225
229
256
256
272
346
228
97
398
139
318
114
61
346
138
257
225
281
130
248
140
108
4
191
6
226
81
304
29
78
389
91
161
169
23
152
285
83
74
267
247
267
241
157
177
268
199
239
317
238
273
235
187
229
263
130
14
155
436
290
286
312
30
26
273
276
95
276
19
371
30
149
189
180
124
153
409
297
313
224
53
52
252
153
138
284
48
53
357
128
450
182
135
227
60
332
141
107
92
260
296
297
209
194
161
208
210
375
288
54
283
236
294
222
227
163
250
152
433
337
316
149
58
75
44
358
102
217
125
252
80
176
396
333
113
180
103
193
302
173
95
261
260
145
82
311
85
213
342
181
511
379
191
149
85
310
172
333
112
178
339
230
142
395
174
96
213
291
294
264
310
321
277
186
156
209
356
152
346
355
356
401
269
122
234
220
228
192
390
112
163
248
162
160
263
319
332
145
552
355
304
114
233
202
223
171
235
383
168
258
189
294
306
311
394
312
218
197
284
340
375
292
374
230
337
228
148
167
384
212
217
435
301
208
338
400
194
368
277
565
173
236
345
294
211
365
318
265
330
243
351
176
203
348
196
347
360
382
358
326
277
325
384
241
208
225
242
473
239
423
230
370
558
390
350
312
205
226
227
335
392
289
250
337
318
359
279
233
389
366
234
398
391
417
312
488
295
256
245
338
392
514
271
404
354
461
261
412
253
377
330
372
372
266
372
431
513
274
331
289
265
276
276
277
346
529
354
424
379
279
420
442
354
371
522
363
377
301
331
537
339
335
426
516
361
413
347
388
380
440
448
336
361
360
435
446
374
437
448
443
423
5
7
15
11
16
6
10
8
9
9
20
20
21
9
21
12
12
4
19
4
26
20
31
24
7
16
18
26
10
38
15
29
24
26
16
28
22
38
19
12
33
23
7
28
36
40
38
5
18
21
50
39
4
20
8
45
68
49
11
42
12
21
14
11
53
52
32
72
66
46
20
42
69
60
31
11
42
73
49
42
10
17
68
41
33
38
71
6
27
79
46
15
66
13
35
6
42
35
90
26
40
12
75
67
44
25
58
13
5
9
35
99
99
37
91
52
89
56
51
70
46
60
56
90
40
42
39
46
77
66
49
68
50
55
96
67
54
57
18
131
44
49
5
110
61
77
6
84
109
91
63
36
63
38
25
27
38
58
33
127
109
44
90
29
90
101
29
96
83
10
94
52
85
21
142
68
53
45
45
19
31
23
41
88
80
138
69
93
89
9
21
108
41
188
152
80
61
55
76
28
74
118
69
73
99
137
102
86
71
56
100
15
60
81
120
62
31
84
15
191
146
54
25
55
14
114
87
134
110
102
38
144
87
33
19
77
49
27
33
84
121
120
137
195
18
39
204
86
152
80
110
92
63
99
116
25
156
39
117
61
181
20
94
69
101
158
45
87
114
43
54
109
73
15
28
131
125
139
149
176
58
24
35
48
160
53
180
131
159
31
200
120
44
140
79
87
114
6
115
7
134
106
241
151
72
32
76
142
27
92
170
165
73
155
43
92
57
39
61
181
117
145
203
208
128
24
70
137
83
49
155
80
145
50
130
44
133
192
140
100
224
16
109
38
39
57
213
67
240
13
198
78
225
164
166
60
108
86
49
160
172
22
50
181
262
161
114
124
36
139
54
73
140
35
102
29
217
99
153
257
17
42
229
169
69
97
229
177
91
75
185
128
120
103
219
207
22
104
30
72
251
142
53
111
277
169
216
96
270
192
53
298
196
39
15
240
228
221
147
154
42
161
58
213
106
93
83
309
195
222
139
52
124
83
45
114
140
144
65
262
165
81
74
95
203
98
231
49
293
66
142
70
241
77
178
51
225
130
165
256
144
35
138
89
166
240
336
27
184
152
14
331
261
265
199
254
141
269
234
139
137
210
101
49
173
238
122
272
113
368
177
21
177
116
175
31
95
49
151
131
184
321
142
169
102
138
100
300
76
267
6
263
83
161
170
259
84
192
67
79
49
163
217
134
242
356
231
306
53
212
332
14
132
168
257
135
227
296
286
15
68
228
162
325
188
275
104
72
54
367
170
54
122
157
233
16
44
81
52
188
154
355
221
137
118
177
219
152
111
302
318
61
135
49
252
206
201
184
188
108
151
89
133
148
227
19
258
55
257
202
293
316
271
111
376
4
185
223
297
182
319
99
319
76
274
126
208
348
279
57
155
72
273
75
204
84
149
191
281
232
138
107
32
153
372
146
178
17
230
91
270
140
308
30
292
164
7
29
307
244
205
187
180
140
109
114
248
66
313
297
287
212
38
355
278
171
167
341
240
256
83
360
354
160
354
371
320
185
72
270
335
77
69
197
313
132
62
194
161
253
279
330
199
136
169
365
60
181
32
289
157
119
56
365
315
50
102
337
243
47
205
358
286
266
262
100
197
312
166
149
118
203
319
217
267
251
69
316
192
383
111
395
275
353
136
318
211
245
411
404
164
288
124
317
104
17
133
258
127
166
76
248
153
341
122
324
148
341
151
83
196
419
62
219
166
98
39
356
106
153
142
277
331
240
318
266
256
311
308
151
301
104
246
148
95
335
311
117
260
94
149
363
155
100
356
457
211
174
322
297
79
430
468
154
114
130
378
264
202
178
314
375
198
121
269
413
249
166
369
153
110
180
122
132
300
347
253
214
333
173
385
282
267
229
287
327
303
368
115
171
234
291
276
197
308
214
152
419
170
360
162
485
250
174
222
333
414
155
276
528
377
198
185
407
210
270
282
159
329
320
211
241
339
354
327
217
160
278
372
300
371
364
251
246
287
249
260
351
328
210
405
223
279
255
252
437
207
475
204
257
409
237
351
252
239
275
317
462
395
455
275
409
210
287
414
268
362
226
361
339
259
302
347
241
225
422
330
315
344
275
235
248
268
247
438
361
483
431
415
344
275
254
507
319
362
463
269
331
454
294
367
373
317
374
351
439
285
422
376
356
288
436
523
437
335
354
321
415
533
472
365
317
337
406
410
477
422
519
479
366
365
573
515
422
368
500
438
553
455
392
578
553
452
477
464
585
444
577
589
492
492
610
466
607
487
637
615
538
597
544
10
10
9
13
5
17
13
13
7
21
15
15
22
17
5
10
4
23
24
30
11
27
29
37
6
13
11
22
18
15
30
29
23
15
24
32
49
35
41
14
29
62
37
31
21
4
37
37
14
18
19
32
35
26
19
7
24
42
21
44
6
52
33
38
29
45
15
10
22
12
5
20
27
56
90
43
13
52
69
75
21
44
35
62
7
46
9
20
18
33
33
61
20
13
27
30
24
51
35
76
11
50
19
24
15
78
87
56
60
36
5
17
5
60
15
30
53
138
53
49
40
91
66
61
47
18
25
63
21
54
4
83
83
31
78
58
54
42
16
23
53
43
49
82
41
48
30
54
30
21
88
69
8
50
9
74
31
19
16
52
40
47
21
30
111
76
26
61
57
84
38
177
96
106
84
67
29
75
46
8
5
57
102
38
81
47
32
87
86
8
27
45
50
62
104
45
84
24
54
75
61
141
127
6
34
97
61
41
26
52
45
120
73
133
101
55
30
75
123
53
59
21
42
158
195
112
45
30
19
47
113
42
51
121
55
65
50
129
38
95
73
116
5
142
33
9
54
63
52
60
50
89
51
28
110
53
46
44
102
110
72
56
49
69
109
84
144
57
41
30
100
148
47
35
13
93
69
110
51
25
77
94
54
90
52
73
142
72
6
80
109
57
33
138
80
136
165
108
95
41
49
80
69
81
103
20
152
13
71
117
38
152
100
115
173
117
94
16
10
59
30
9
194
95
15
99
59
47
72
135
138
111
112
54
95
106
109
87
24
90
60
39
13
25
64
190
11
193
47
170
22
189
220
136
76
43
92
106
100
120
130
109
58
43
28
199
117
162
103
71
150
163
80
18
68
109
125
209
14
188
44
71
56
127
19
104
151
39
141
10
149
196
149
37
136
116
116
150
54
59
30
58
36
221
57
57
195
242
87
59
231
92
91
35
191
165
263
79
148
92
121
159
95
200
183
87
46
200
71
83
167
45
218
119
149
144
58
15
121
124
44
185
72
68
31
134
91
52
189
155
129
179
249
26
21
103
145
181
187
261
79
98
73
235
47
112
251
121
22
252
43
135
133
120
128
145
308
188
229
176
187
111
221
197
191
59
53
94
139
169
242
27
111
20
85
182
124
208
165
49
59
133
114
99
61
177
107
24
201
32
223
243
123
52
56
285
286
222
141
209
278
55
275
95
71
54
144
51
56
107
176
184
85
4
175
368
74
245
289
221
179
184
278
193
141
172
90
135
83
148
289
84
135
110
134
225
42
106
206
77
254
96
142
78
154
205
119
295
241
87
237
330
80
104
313
258
70
201
334
144
243
228
59
109
27
86
125
126
113
183
291
85
225
395
159
212
253
126
225
337
246
235
190
317
67
152
164
118
97
132
161
342
230
168
128
197
120
8
213
240
54
185
103
167
109
214
46
88
347
289
370
298
391
127
388
110
281
91
75
199
175
296
290
139
169
74
87
6
92
234
114
324
58
396
250
208
23
305
270
147
178
286
351
170
245
103
368
191
184
85
139
220
175
218
332
212
187
103
258
59
268
49
291
161
93
113
183
203
19
319
150
414
409
281
349
225
183
321
160
79
138
168
214
37
318
7
324
200
81
123
112
44
125
223
151
367
47
445
149
244
72
329
332
197
240
325
409
207
284
163
423
246
160
140
179
28
233
265
375
241
238
117
288
95
258
66
348
214
125
177
225
235
75
348
195
464
422
305
282
203
245
207
385
110
192
149
195
93
382
371
136
234
116
149
199
170
339
78
432
79
199
100
377
389
283
223
366
457
277
271
171
408
170
163
291
150
235
298
220
362
201
175
331
395
264
359
399
243
178
457
219
136
210
244
200
130
301
325
153
235
308
188
374
396
193
184
153
205
298
485
198
322
423
327
439
305
419
247
422
197
200
430
139
405
142
409
235
352
374
170
312
293
390
219
337
227
196
239
500
163
224
259
322
219
247
273
438
239
420
390
208
198
237
486
466
374
240
469
407
357
435
471
244
389
433
229
391
306
375
298
384
525
217
210
207
314
215
296
408
467
503
291
488
428
442
471
245
297
244
291
371
375
400
446
404
269
337
465
326
341
305
520
320
515
415
405
275
427
458
463
271
323
427
329
397
486
412
309
391
335
518
282
527
309
325
414
292
375
368
471
457
502
424
401
343
404
345
458
383
350
533
331
439
477
379
422
409
526
359
359
408
372
377
473
359
421
400
375
384
372
531
420
451
397
401
390
492
387
552
418
409
401
485
411
523
425
425
498
511
503
5
8
16
17
5
15
9
20
5
9
23
21
21
8
20
31
10
12
6
16
22
26
18
5
19
11
36
23
29
35
26
26
20
38
22
40
21
8
35
31
9
39
34
38
50
13
27
41
43
48
37
39
21
10
53
45
39
24
17
71
12
45
16
15
45
33
29
32
26
46
47
44
41
34
77
14
45
33
32
39
64
70
52
9
28
22
22
58
77
58
62
39
35
47
18
89
31
77
55
16
7
34
40
73
41
38
53
80
6
10
65
50
15
15
50
4
41
63
50
48
11
31
24
100
16
46
30
99
87
83
75
18
32
4
73
31
55
80
77
13
15
115
92
78
28
35
84
77
90
47
28
79
27
75
100
34
51
13
75
42
11
102
75
49
47
55
67
85
79
87
66
6
95
124
85
56
42
135
41
21
56
58
105
43
21
110
88
92
103
122
12
44
83
94
36
41
7
110
43
135
119
64
53
5
32
55
41
77
12
142
49
69
37
50
149
4
97
9
41
37
111
46
69
64
135
136
78
49
69
146
43
98
81
133
79
129
73
88
152
84
99
132
136
79
103
27
48
90
174
75
60
130
7
16
66
170
51
7
111
117
97
77
67
27
11
68
61
94
75
89
150
53
79
19
95
94
69
65
5
190
91
109
4
45
175
68
177
70
193
152
127
112
26
103
131
64
118
152
127
134
192
163
92
88
87
60
83
139
105
75
107
118
55
7
199
116
97
14
153
39
144
63
205
133
14
68
104
73
42
136
117
43
44
115
43
55
61
112
59
162
214
216
111
119
72
215
64
157
99
31
96
81
147
145
8
111
248
81
11
195
142
136
98
90
180
50
105
15
60
250
127
152
30
183
70
56
150
18
196
27
203
191
53
122
47
121
158
152
80
49
84
132
12
160
39
92
59
112
180
73
191
232
114
151
164
231
142
72
206
76
129
156
142
132
160
52
37
245
175
127
195
98
130
143
116
26
154
75
28
55
72
72
303
67
109
104
231
202
40
97
68
230
61
251
199
101
170
74
136
94
77
195
150
77
133
173
173
245
93
88
232
123
167
123
109
226
53
182
123
160
123
122
180
178
58
79
272
203
28
72
125
231
52
183
126
164
89
42
71
210
58
117
355
113
224
26
274
141
155
85
113
71
157
159
80
142
273
124
225
43
231
266
73
86
137
119
112
216
142
223
119
214
162
200
200
164
199
54
86
161
170
75
95
223
135
201
94
256
82
262
117
123
176
272
96
126
98
226
262
407
88
261
99
298
17
141
211
26
200
135
99
178
43
71
334
309
140
129
43
259
228
210
292
97
176
136
175
198
86
142
82
188
94
134
245
221
7
197
121
218
126
264
220
107
233
145
196
10
313
181
124
275
30
449
165
251
123
324
118
321
254
55
107
142
33
9
48
122
27
15
240
16
225
166
146
187
263
185
384
318
36
191
77
151
292
135
325
208
206
119
251
73
225
228
192
41
162
230
205
35
139
39
269
293
154
83
122
351
32
503
237
89
308
376
181
297
50
45
155
174
301
182
92
57
44
157
154
53
79
105
235
168
251
302
343
227
308
200
191
220
46
438
115
184
312
125
24
157
260
353
138
233
42
308
214
281
35
240
69
51
186
242
347
63
154
301
360
138
40
125
138
548
369
279
336
409
88
168
174
102
272
206
129
59
100
144
108
228
121
174
111
400
271
150
155
199
361
242
284
160
107
218
279
329
184
489
142
316
265
317
258
60
73
335
335
382
243
254
83
414
126
257
101
88
83
318
193
206
403
176
541
210
293
129
383
181
193
244
160
151
243
147
399
146
202
124
184
153
188
315
183
321
204
356
286
302
152
235
116
258
339
246
550
374
311
295
299
362
443
279
392
242
168
243
202
569
436
259
382
364
177
342
194
223
246
186
167
189
181
334
255
152
201
156
365
351
285
315
351
249
477
216
186
171
207
338
324
247
337
287
264
340
314
560
328
197
587
368
218
183
387
467
236
192
349
291
313
377
209
236
472
320
247
389
394
370
225
251
355
377
228
301
344
566
335
238
298
399
222
272
315
369
391
357
314
439
590
273
316
277
437
397
262
393
329
301
256
299
569
293
414
430
429
335
410
297
315
357
379
367
337
294
352
410
326
429
627
275
355
399
287
533
432
296
290
321
390
324
442
351
425
417
390
386
367
350
383
357
560
362
343
597
377
394
401
430
339
416
360
579
364
465
441
421
591
387
367
499
439
577
442
473
412
407
592
404
528
424
449
521
510
436
530
533
446
484
533
536
472
531
4
5
11
9
8
6
16
12
4
13
12
10
16
26
19
23
17
14
29
5
32
4
30
26
31
38
14
13
37
34
16
17
43
29
38
26
33
9
39
35
8
45
33
58
41
16
39
44
31
45
27
40
43
15
45
50
22
37
25
68
43
16
55
37
52
54
26
32
56
14
55
44
42
68
14
81
28
65
59
74
19
40
4
57
32
37
48
58
35
48
29
89
48
30
76
82
65
29
13
16
63
10
66
30
56
52
70
60
28
60
122
16
55
42
53
88
61
14
117
4
84
36
13
30
56
45
85
127
101
39
40
131
10
118
21
46
94
82
31
69
61
43
73
35
142
21
48
72
139
37
84
68
52
55
28
43
120
58
43
42
110
77
14
46
114
35
14
67
183
57
115
59
20
74
160
101
28
119
91
46
65
82
70
184
82
69
89
126
46
117
52
100
59
59
127
71
36
87
52
43
195
56
44
50
171
53
64
55
82
94
27
103
21
36
155
87
136
97
131
78
24
95
231
101
94
111
145
58
84
179
31
104
69
28
102
213
94
26
99
173
17
95
105
102
38
59
159
120
8
160
75
84
42
90
93
66
104
50
127
10
64
234
46
20
164
143
45
55
45
144
121
178
23
159
55
284
126
148
81
19
138
156
125
91
25
131
111
55
94
195
127
118
117
79
98
150
75
34
124
89
153
29
151
132
79
73
168
127
186
46
106
31
118
116
102
40
81
216
32
155
239
77
32
85
186
69
77
91
161
98
148
229
209
181
98
342
196
95
118
128
107
131
108
104
157
50
145
39
193
97
15
47
103
125
46
179
84
166
66
150
77
198
87
146
69
211
117
130
240
131
22
40
149
245
163
206
44
93
132
93
297
136
82
58
53
124
127
243
259
83
151
150
373
153
134
200
131
16
127
249
110
42
163
25
80
59
40
194
63
100
67
198
237
223
110
78
189
192
132
132
193
213
80
296
70
69
114
117
241
220
17
55
161
196
84
55
132
75
174
135
256
319
50
105
351
105
133
167
190
185
179
205
202
91
24
176
257
107
53
165
273
18
22
91
66
252
109
62
202
208
44
122
182
226
154
270
85
213
132
53
48
243
189
125
326
98
117
249
77
136
209
6
190
180
104
67
239
152
33
281
137
83
145
363
360
173
64
230
166
231
219
42
240
38
154
139
230
95
67
67
309
223
119
269
118
42
253
201
84
87
202
121
219
132
53
336
239
285
105
99
274
196
138
28
245
247
203
95
147
146
244
152
43
27
215
16
82
224
322
189
93
164
399
282
205
375
28
32
19
204
193
143
278
276
100
51
191
285
161
117
108
365
296
55
206
141
280
189
16
94
232
177
137
276
101
58
187
275
124
387
290
245
32
115
243
165
78
192
308
236
43
28
209
144
134
62
19
315
195
232
101
423
143
226
94
62
389
139
150
246
265
41
48
126
231
337
136
185
296
243
85
31
412
165
209
331
200
190
222
280
150
51
103
287
302
188
394
270
184
250
106
74
201
295
121
209
283
93
249
291
38
92
6
194
250
119
255
62
62
206
239
309
145
155
37
385
133
440
152
95
92
295
101
302
53
283
183
179
333
313
129
248
254
412
228
4
188
218
220
250
192
120
159
310
85
315
444
316
250
308
156
56
297
136
345
199
187
37
43
118
275
106
277
65
108
303
67
339
273
173
100
243
240
235
151
345
97
120
194
437
198
496
84
132
146
343
70
275
230
309
383
236
139
222
237
289
285
377
242
298
274
242
215
355
165
121
146
349
448
367
302
112
213
352
345
244
105
222
405
168
141
268
301
396
166
359
160
290
258
132
141
282
347
149
530
149
416
192
367
256
189
139
357
205
295
424
251
212
263
192
360
139
335
292
287
308
264
129
137
261
355
194
378
220
301
300
404
483
138
334
262
457
253
272
141
317
145
265
190
248
330
198
478
346
276
377
321
176
261
338
399
455
278
254
193
182
396
220
201
306
190
390
314
345
343
409
305
311
327
285
289
224
313
374
345
422
273
318
315
334
439
275
410
214
239
230
273
488
393
304
246
267
327
405
253
320
346
350
223
223
282
402
344
232
315
294
327
358
306
458
293
288
428
271
509
387
305
305
330
327
283
325
332
260
290
357
375
367
362
304
343
334
311
520
468
457
315
302
397
300
306
318
316
302
333
376
395
378
539
348
299
327
493
313
396
327
425
328
377
365
556
337
370
342
365
356
353
575
417
347
436
363
379
384
366
366
485
375
438
434
442
377
392
437
446
411
426
419
432
447
5
12
13
10
14
4
9
6
25
14
11
5
15
10
7
20
22
24
22
8
37
28
10
34
15
32
26
22
5
13
21
7
21
22
35
7
44
18
35
29
30
29
19
36
45
65
29
27
7
25
8
35
39
27
51
7
13
6
35
28
13
34
54
59
77
24
38
50
63
7
42
8
51
33
31
44
47
57
67
45
47
22
100
52
43
35
51
47
15
17
46
63
14
43
11
82
81
33
59
99
21
18
19
13
34
30
90
120
74
58
30
94
42
34
99
21
27
28
51
86
50
58
14
102
80
95
63
46
40
82
53
28
79
147
42
47
67
50
26
96
26
105
14
39
80
31
72
82
53
52
136
46
36
12
50
6
45
115
31
39
171
73
86
30
61
10
84
22
57
70
143
54
32
96
41
97
97
63
113
123
110
56
56
93
72
86
53
47
180
65
51
75
26
79
142
44
50
17
51
57
124
62
54
67
11
114
159
22
78
70
46
77
51
81
50
14
197
62
50
55
75
75
98
75
61
111
38
37
8
185
92
89
53
138
118
164
115
56
89
114
106
113
31
46
38
101
215
100
99
195
81
157
108
56
59
61
84
107
20
62
39
39
89
64
117
196
201
127
96
88
47
66
99
110
105
82
143
89
120
138
94
10
41
192
141
64
142
123
190
170
50
108
190
140
49
147
99
54
90
42
117
263
76
21
144
54
88
143
199
84
253
144
68
59
73
135
127
63
160
233
158
120
61
82
151
10
182
136
128
189
146
21
179
114
128
145
9
31
135
203
180
186
69
171
235
90
145
65
235
58
124
80
140
90
181
58
146
175
84
71
180
119
309
35
161
138
137
254
146
178
113
64
278
171
95
114
18
68
135
172
91
116
52
251
137
241
235
118
132
174
151
182
194
112
30
70
149
101
86
190
126
33
229
257
73
148
289
177
111
143
295
95
85
226
184
118
190
139
92
98
122
345
235
61
138
56
132
96
201
129
219
304
168
154
224
99
59
155
40
145
73
163
27
235
170
102
139
202
261
197
101
34
208
146
250
183
156
73
102
80
196
122
284
212
157
79
318
286
172
105
343
215
158
114
221
138
83
202
139
153
136
148
295
403
158
46
138
106
124
249
276
166
116
116
252
175
339
80
72
152
39
91
182
143
182
168
148
288
124
286
230
239
308
259
111
9
207
54
16
124
205
309
179
91
91
351
100
244
380
139
170
327
225
133
185
258
114
258
113
179
350
189
175
156
77
22
415
46
253
239
42
160
255
21
225
87
62
111
155
386
119
56
131
178
194
180
133
148
270
252
106
291
115
279
110
167
243
114
292
42
225
8
375
52
45
34
313
127
137
196
141
308
180
146
140
267
153
345
308
296
148
76
240
213
175
74
205
310
361
248
277
91
38
76
81
158
231
159
149
111
203
130
375
227
188
241
221
96
176
305
119
42
155
72
297
167
331
178
140
312
149
171
16
400
106
73
67
258
175
14
135
248
227
188
328
156
187
201
285
406
359
114
339
119
303
407
254
215
130
46
151
208
236
19
24
33
97
213
203
15
211
178
129
160
115
233
435
247
255
197
179
100
237
375
113
94
71
167
350
216
240
31
150
271
203
78
327
93
169
175
321
34
68
248
241
203
160
206
217
303
128
57
469
307
398
168
163
283
315
453
180
267
192
59
269
46
273
69
97
232
148
274
57
162
230
221
199
446
135
211
266
230
104
184
157
214
407
336
93
83
193
208
183
194
82
59
335
258
112
80
291
174
230
154
218
310
183
357
219
267
97
341
242
98
454
279
503
226
311
220
205
390
175
100
271
221
113
199
250
199
280
151
155
161
274
499
190
182
201
219
322
153
163
321
200
190
366
210
134
138
246
216
230
162
203
192
317
283
404
298
148
330
359
265
237
260
322
247
144
254
256
243
500
401
192
525
363
150
255
499
180
323
254
320
266
250
300
238
315
239
197
199
251
203
243
204
381
209
239
189
294
227
273
255
195
402
355
228
310
296
194
337
359
274
265
218
278
204
216
198
310
472
269
542
385
239
559
347
359
251
228
285
284
271
246
217
251
223
244
291
276
270
345
359
311
333
262
230
348
264
489
251
373
286
260
582
303
313
242
337
266
283
581
362
294
277
390
284
263
261
324
289
313
307
272
357
268
356
502
367
293
272
321
591
377
561
305
343
286
297
347
297
524
303
326
346
335
390
350
580
574
382
333
357
341
354
404
583
345
341
521
412
379
574
386
419
390
561
368
372
425
407
559
423
418
566
439
523
494
478
7
4
5
9
8
5
4
14
13
11
16
12
20
22
18
21
18
7
13
18
13
26
19
37
37
33
19
17
17
35
22
31
7
43
23
21
15
30
24
37
46
23
30
24
47
42
37
35
41
13
13
37
26
19
52
57
49
43
40
63
46
56
23
32
26
26
45
60
4
63
11
25
18
29
36
34
59
56
20
85
39
83
37
47
7
62
58
22
73
51
42
32
59
39
64
25
64
53
7
89
39
107
60
93
20
23
13
70
51
26
31
108
22
63
68
33
36
32
18
41
111
9
41
49
37
125
25
39
82
54
93
13
14
73
84
81
29
97
64
46
40
80
115
43
82
102
81
73
55
96
77
47
86
38
109
64
17
100
44
63
44
116
55
48
101
66
72
42
58
65
167
40
72
86
33
24
46
76
44
88
16
93
72
57
138
17
79
114
64
54
153
103
43
11
76
121
90
93
129
44
57
146
100
4
120
78
67
129
137
125
114
80
11
95
57
84
51
93
48
92
98
80
95
220
117
91
77
54
90
31
37
115
88
55
97
77
132
24
8
90
106
92
205
150
21
70
51
149
155
83
129
122
52
18
69
122
95
148
144
145
107
190
118
114
43
77
135
92
164
128
182
117
36
44
67
62
90
91
53
140
72
147
257
153
123
59
78
117
151
72
83
133
63
185
131
157
111
108
61
125
57
41
224
49
27
104
43
161
133
52
186
160
133
199
105
34
135
135
192
9
166
21
160
164
226
47
79
16
110
56
228
217
176
60
11
87
76
87
144
97
140
39
133
306
96
144
146
74
70
154
197
132
168
204
55
150
75
175
158
91
54
88
113
190
90
211
39
56
174
205
146
211
163
139
170
180
236
53
20
123
216
27
199
76
47
49
237
34
113
262
100
201
94
46
236
120
108
28
151
142
39
168
197
291
122
19
154
75
128
76
159
181
223
168
165
197
56
219
93
122
113
236
124
245
129
59
69
262
164
174
133
218
186
112
208
221
97
61
67
280
63
139
153
146
81
163
133
295
121
193
84
305
142
47
271
106
79
311
30
210
40
123
222
173
117
236
58
206
117
196
32
206
107
127
148
143
155
272
270
179
133
4
294
47
56
179
82
106
155
143
303
158
193
55
274
259
83
193
223
125
91
128
337
53
113
129
235
179
330
191
55
130
112
88
117
357
287
226
33
157
18
115
58
76
196
297
242
187
170
225
76
270
86
117
62
265
147
316
105
201
154
310
198
211
79
265
78
194
75
68
86
203
113
293
217
59
204
311
307
106
155
270
134
82
62
364
133
224
143
190
351
102
152
203
174
147
67
330
345
226
57
184
75
138
26
128
239
358
215
222
209
247
73
133
299
147
205
96
321
240
212
129
188
71
255
327
249
242
35
192
112
248
97
54
127
108
236
321
183
157
38
317
357
7
264
327
114
54
14
287
124
154
112
183
212
292
151
175
84
214
172
351
357
49
373
226
87
85
304
120
273
132
232
267
246
251
55
139
318
245
306
132
329
110
79
206
27
260
385
295
146
253
239
124
121
135
93
122
207
91
374
194
32
311
314
401
113
66
352
169
180
145
335
195
192
132
173
88
341
208
237
26
208
397
110
415
299
181
135
281
46
217
146
172
227
101
310
294
296
279
286
177
354
74
189
369
310
127
110
256
285
136
412
245
179
129
294
173
257
366
150
120
133
113
436
230
176
168
363
392
209
124
359
148
109
261
289
232
73
423
144
319
123
234
202
260
104
396
237
320
154
325
102
82
354
134
303
274
339
320
338
127
297
211
358
147
304
116
347
152
180
157
308
299
395
453
268
140
314
167
190
168
165
205
182
172
440
253
171
286
336
452
442
185
403
210
200
390
322
289
350
173
129
362
222
324
331
219
289
295
339
190
385
294
160
187
196
316
212
378
393
390
263
177
193
338
207
205
356
199
218
506
292
355
230
349
206
379
441
209
213
334
362
307
300
356
379
402
217
463
260
187
361
314
222
414
225
370
194
280
235
401
212
381
378
212
211
372
388
349
439
316
329
422
328
244
387
249
537
413
241
393
258
404
258
258
238
399
322
241
251
427
347
318
444
267
398
410
359
365
269
399
373
362
324
416
265
378
373
340
396
408
549
300
319
445
441
370
277
284
353
443
349
395
363
319
410
314
316
389
448
321
415
329
368
323
425
321
572
428
417
412
453
459
363
360
379
385
441
351
412
559
401
358
467
455
385
387
423
372
494
405
536
403
383
459
450
398
449
424
544
424
467
557
444
433
571
581
544
538
5
8
12
8
5
21
21
4
5
10
25
14
18
32
23
8
21
22
25
18
16
20
15
31
25
7
14
20
15
21
28
38
26
14
28
6
28
7
35
11
29
59
8
7
26
17
17
15
31
7
20
63
52
42
25
51
35
6
27
25
40
19
19
66
10
20
40
23
25
11
40
41
49
76
69
63
37
64
42
39
35
49
14
12
85
21
33
53
16
27
54
47
26
43
104
25
27
30
73
76
52
55
83
65
47
13
56
9
91
34
86
45
57
81
20
62
88
43
52
53
101
76
71
63
21
43
37
97
51
42
60
4
24
72
132
29
49
43
60
30
58
23
71
5
29
42
29
61
30
20
12
49
32
39
112
97
55
34
41
43
73
6
93
25
78
53
85
22
81
26
126
62
58
19
130
42
81
93
86
50
95
19
71
58
63
89
49
110
88
47
69
11
169
22
58
12
74
16
89
94
109
55
102
80
33
5
150
49
86
12
85
102
73
86
7
23
125
54
47
81
59
87
32
116
42
108
93
98
18
26
122
175
120
105
90
43
23
102
52
28
6
132
34
126
46
61
90
97
47
45
48
172
142
141
81
59
128
11
41
104
163
47
84
137
29
118
66
100
58
123
42
20
99
28
64
113
62
121
180
45
71
145
91
13
29
170
89
124
163
134
23
156
126
188
73
58
173
56
78
162
110
65
64
111
132
32
98
222
5
198
49
70
32
163
86
44
58
53
167
116
136
57
102
128
26
72
57
65
80
143
145
153
42
76
98
33
200
41
104
155
65
92
181
200
217
37
74
13
164
174
111
144
209
33
15
24
120
220
133
96
99
91
96
79
87
67
92
219
16
105
137
131
88
103
91
155
216
101
116
51
97
39
130
117
193
186
142
202
73
19
42
44
20
241
98
197
123
189
139
238
71
260
189
198
183
47
125
56
182
23
114
81
82
129
39
134
31
181
162
121
44
158
186
67
149
67
88
68
146
265
18
157
134
141
230
139
92
120
32
142
229
177
113
241
65
119
80
211
257
10
55
51
182
83
146
201
279
143
84
216
86
178
253
103
57
82
231
41
170
166
111
51
30
170
178
173
63
42
105
196
191
240
117
109
120
134
268
176
53
105
161
72
107
305
84
144
144
198
50
289
102
85
277
122
57
220
271
238
187
149
44
228
129
66
148
274
302
78
137
56
277
193
34
25
164
218
105
153
78
205
222
191
6
183
140
142
69
158
150
183
241
45
170
100
301
297
173
34
141
143
142
102
164
49
345
132
368
157
160
75
243
288
181
144
48
190
247
166
255
36
204
314
177
258
131
56
51
165
87
132
166
121
138
239
183
15
235
187
104
73
83
153
216
155
293
39
149
208
327
181
33
50
45
55
167
343
103
53
354
195
142
157
134
220
189
321
185
400
92
58
257
262
145
196
186
101
215
54
135
266
295
295
203
172
41
218
31
249
71
90
95
21
119
200
85
20
263
190
265
343
208
203
48
144
5
138
21
62
189
9
193
305
36
36
306
9
162
112
179
293
88
176
222
245
103
247
307
235
68
99
158
422
59
255
156
305
234
331
15
158
350
256
119
306
16
131
293
263
156
28
80
50
270
82
72
141
134
126
318
37
122
133
193
69
37
189
81
52
342
82
177
237
219
126
360
60
116
218
226
66
150
212
267
171
100
124
278
230
227
228
162
276
342
50
211
411
9
331
23
240
59
298
170
47
201
177
57
317
257
76
121
298
168
138
122
92
104
141
224
149
182
392
84
136
250
160
239
97
41
27
400
288
137
86
183
100
35
131
41
205
280
191
259
278
253
194
363
260
124
261
211
407
288
74
147
277
370
170
168
348
332
167
152
348
214
175
341
133
200
195
98
277
133
168
155
297
124
221
438
83
317
230
159
219
110
108
90
395
239
220
178
242
184
325
300
264
175
281
155
141
422
128
161
156
280
303
156
385
369
157
303
306
230
287
386
166
230
150
222
158
205
454
426
339
195
276
197
172
166
193
361
165
177
310
169
147
290
178
173
292
160
320
333
248
174
410
316
298
171
242
382
230
223
367
177
451
313
219
480
190
232
263
199
200
203
186
317
356
261
337
359
198
319
212
197
450
342
324
373
504
294
242
279
456
352
224
412
284
331
452
316
332
369
512
343
390
363
260
251
323
306
451
300
475
314
316
361
523
394
297
284
415
447
362
271
348
282
350
383
434
463
434
306
419
337
309
388
395
429
432
384
315
347
325
483
446
432
388
334
353
360
350
442
348
476
376
406
495
392
398
