5
5
6
8
10
18
21
26
28
11
6
12
22
37
30
24
19
46
39
28
38
53
14
41
55
46
37
13
61
71
24
73
68
67
80
70
70
66
75
31
94
90
70
95
102
101
86
60
101
94
76
98
96
65
94
92
82
115
94
125
114
105
115
112
46
141
33
119
68
97
131
128
104
118
143
145
76
155
158
148
61
170
129
153
146
162
156
99
138
151
146
190
164
153
159
176
154
178
191
89
203
187
160
207
202
195
220
139
191
194
216
206
209
91
224
142
181
215
207
232
211
220
210
214
219
230
210
184
193
242
175
148
162
239
186
218
251
227
226
277
263
265
205
291
280
255
176
253
210
184
262
267
247
290
262
238
273
297
266
288
211
213
259
313
299
310
322
290
318
330
239
342
310
308
273
338
215
317
224
352
309
271
281
309
334
336
319
264
344
338
305
319
358
313
263
302
359
292
333
308
346
350
380
345
385
363
411
303
379
411
353
306
310
353
366
408
359
335
368
407
360
402
386
322
365
380
432
386
423
436
355
412
399
447
378
458
332
423
372
457
367
421
447
475
427
394
413
393
412
414
473
366
381
438
444
411
450
431
423
404
437
413
492
424
515
457
453
439
467
448
445
526
458
430
429
452
514
464
515
491
474
483
538
505
512
441
450
469
514
504
473
541
531
450
570
529
564
495
548
520
560
471
489
580
594
486
514
533
516
536
525
524
544
543
502
583
512
624
506
524
537
556
574
536
555
523
544
589
633
616
534
556
576
592
586
601
581
607
611
550
563
592
616
635
615
644
662
639
659
611
630
613
665
602
584
616
693
674
617
705
611
594
631
621
614
644
614
699
628
639
635
671
658
686
729
683
670
662
667
679
649
706
741
660
689
693
695
726
673
741
694
729
729
753
781
726
748
697
757
722
690
764
722
717
709
744
759
714
761
745
813
740
746
796
750
736
767
758
781
748
754
803
803
795
853
822
791
759
799
785
833
839
790
786
802
799
830
818
828
869
833
808
847
824
854
812
855
822
849
852
857
902
886
848
851
893
852
870
870
897
890
920
904
908
871
897
891
906
957
907
894
945
907
922
916
948
936
974
941
954
948
992
984
949
966
997
979
984
994
979
1022
1008
1034
1019
1018
1021
1042
1056
1048
1087
7
5
8
6
19
20
24
6
23
10
32
36
37
24
22
34
44
6
22
40
12
50
46
54
17
56
61
51
39
23
49
59
48
69
46
69
65
69
59
64
77
82
69
100
88
52
71
79
26
93
99
104
82
117
110
90
110
53
93
120
120
105
117
118
108
102
142
50
76
110
127
116
121
92
122
108
121
150
114
121
149
140
143
91
171
127
172
115
168
186
140
128
149
166
183
72
96
147
183
148
123
187
151
173
87
150
162
193
175
228
121
156
215
194
129
199
234
223
221
237
201
203
190
172
241
240
224
235
258
196
184
228
232
116
219
225
244
245
238
218
178
215
261
267
260
235
292
258
283
218
290
250
253
238
261
315
281
258
182
278
206
203
282
276
226
268
277
302
201
263
281
196
264
296
241
346
279
217
247
308
349
297
339
342
280
329
309
318
363
300
348
367
370
347
305
302
357
358
324
339
355
366
328
340
267
333
363
345
371
352
404
371
395
319
396
366
377
365
374
411
371
384
295
396
307
323
346
386
396
380
385
416
334
365
354
387
394
448
359
336
416
427
452
406
376
449
430
440
470
426
432
410
478
469
404
438
476
396
419
456
449
457
445
486
384
459
460
445
490
458
484
464
502
489
498
444
491
491
423
476
533
505
439
511
501
435
500
476
492
453
506
482
486
467
515
493
558
570
503
546
534
513
533
544
584
555
506
542
566
504
502
555
555
549
544
494
540
554
554
560
517
584
607
552
578
538
588
562
581
566
566
549
544
617
605
576
604
577
567
556
580
560
604
567
581
578
625
663
575
636
615
581
639
650
681
654
603
649
655
604
607
657
645
621
615
599
640
643
659
647
668
668
676
656
687
645
678
656
667
649
632
707
676
677
673
684
646
671
681
702
690
677
676
721
767
738
734
674
671
741
722
698
756
682
741
728
701
744
755
750
740
728
711
775
745
718
748
716
742
727
748
743
739
802
783
763
799
769
787
780
752
753
769
850
757
815
789
773
780
839
825
812
781
839
812
799
792
795
820
807
810
805
803
823
812
883
857
833
825
823
842
859
836
844
928
884
873
844
912
863
873
868
895
877
874
914
878
930
886
904
917
987
907
960
910
929
946
934
966
946
954
959
1040
995
975
981
990
1019
1005
1044
4
9
9
5
4
16
16
13
24
22
15
26
10
28
18
24
7
24
36
46
50
46
47
48
52
57
51
47
52
67
53
53
73
63
80
78
77
46
53
70
62
84
89
37
96
28
81
93
95
101
77
103
112
113
87
108
104
75
96
66
66
74
127
92
111
98
137
77
131
135
124
114
136
131
119
145
103
123
109
129
140
114
156
172
156
161
165
169
171
177
174
150
169
188
119
166
179
173
191
204
140
173
160
181
181
195
132
209
167
198
144
209
209
197
224
216
228
169
238
225
230
204
195
144
159
230
194
219
187
230
229
228
179
243
258
200
241
222
260
214
266
225
248
244
226
261
232
248
281
218
290
245
272
282
286
288
275
165
294
300
289
300
302
259
310
293
276
313
202
331
284
285
249
331
264
313
245
316
326
242
316
349
355
322
368
310
319
332
321
347
273
331
297
318
297
321
317
335
309
324
387
330
354
332
358
380
386
359
372
298
346
360
334
390
410
394
403
414
384
389
416
366
383
409
410
345
431
419
413
436
399
383
437
411
397
365
352
352
378
450
335
435
451
407
421
463
443
494
431
443
428
409
421
373
437
420
427
397
422
435
488
421
394
509
408
459
438
479
489
514
492
475
511
468
497
440
456
414
512
508
505
537
542
494
495
505
520
549
472
480
541
454
562
448
492
558
546
509
476
518
500
509
524
527
528
523
549
497
599
530
553
527
533
514
516
581
523
515
517
514
600
575
550
551
593
615
604
604
591
563
584
604
553
632
531
593
592
600
581
657
661
554
614
555
590
552
588
622
580
626
664
607
608
616
623
623
577
628
580
591
583
622
635
634
645
601
679
664
643
637
662
629
636
714
676
666
661
691
638
712
727
658
659
677
699
662
726
641
649
754
701
706
692
687
697
758
696
690
715
702
684
714
716
756
726
719
723
744
736
747
716
727
785
771
744
791
757
785
735
727
780
773
813
774
759
766
758
764
770
797
780
781
767
766
789
791
795
808
818
815
787
810
781
863
864
796
827
809
850
837
861
825
834
827
830
827
854
831
832
833
844
851
850
873
859
868
923
920
875
863
921
892
885
906
889
890
901
906
929
949
908
960
969
931
932
984
959
941
952
958
997
978
1016
980
992
1038
1051
1064
1084
1111
4
7
11
7
8
5
13
20
23
19
28
25
24
27
4
40
32
31
24
42
33
47
54
46
44
51
10
50
64
53
58
70
72
53
46
63
80
64
76
69
53
87
61
85
97
75
83
98
92
108
60
104
107
86
100
120
86
108
105
125
109
117
114
89
65
129
103
141
105
119
121
129
125
122
59
111
141
153
113
119
154
142
164
152
155
142
152
179
164
157
149
102
174
128
177
183
177
202
168
177
180
192
182
163
183
167
205
174
157
214
206
157
177
228
227
215
224
146
172
129
208
247
231
195
209
220
180
245
219
211
180
247
229
268
246
210
167
258
260
219
191
220
250
282
273
238
270
255
273
267
284
257
227
295
297
251
257
213
282
247
275
271
299
300
291
300
305
291
298
285
262
222
326
292
297
334
340
288
309
317
267
267
329
268
321
373
325
314
297
324
306
361
304
325
322
277
361
388
379
315
297
363
369
324
366
324
365
382
386
363
371
289
328
387
417
364
375
373
402
371
395
353
414
394
378
405
416
383
407
408
374
366
445
409
401
453
434
404
425
439
427
379
433
363
441
493
396
433
391
443
399
455
439
429
472
394
478
490
415
432
470
484
484
442
449
444
492
492
426
480
442
449
535
476
481
483
520
457
500
433
528
475
469
518
510
494
515
514
460
482
561
519
487
561
546
504
515
542
545
486
549
550
600
514
548
488
558
511
563
544
522
565
506
507
588
528
514
583
559
557
590
559
552
590
606
557
540
556
548
578
562
557
566
585
572
615
542
642
621
572
571
615
621
625
591
576
617
678
672
590
632
660
633
696
663
642
660
635
668
650
631
609
642
609
647
642
695
684
617
657
639
700
630
631
652
702
649
665
686
656
691
686
714
664
729
739
672
689
683
743
707
720
682
713
779
723
723
733
715
751
726
753
719
714
742
746
751
783
757
732
731
796
782
728
752
762
799
746
772
772
780
771
788
809
750
771
797
792
766
864
780
780
821
801
814
821
840
790
797
838
830
810
837
842
867
826
807
822
869
849
819
836
824
825
853
854
847
887
861
883
880
921
863
873
896
873
867
874
894
933
930
906
909
905
944
931
942
980
977
943
972
961
976
995
977
1018
1012
1009
1033
1010
1037
1053
1048
1057
1068
1093
1085
1104
1123
1120
5
4
9
4
8
8
7
13
21
27
29
14
20
8
31
32
17
38
23
36
27
42
18
46
46
58
61
62
30
10
67
69
59
58
57
57
74
80
75
85
80
87
57
87
46
80
94
98
86
107
86
105
106
86
116
65
41
92
111
103
89
117
123
111
82
91
89
101
136
122
98
115
146
130
113
110
100
152
132
160
155
124
135
159
149
157
148
164
54
152
157
117
119
173
95
143
176
170
155
178
188
201
177
200
186
204
201
195
159
221
168
217
213
218
210
119
212
163
216
207
234
221
164
233
230
231
211
206
250
221
137
209
216
215
258
228
219
218
264
275
242
275
192
246
259
279
226
280
251
260
279
270
225
240
277
282
192
232
216
250
294
298
265
316
298
313
295
316
307
291
279
334
287
325
303
334
319
241
292
281
308
318
356
332
286
305
350
341
336
330
365
327
259
295
341
331
383
312
333
318
361
388
344
383
360
306
330
402
366
383
396
383
311
385
380
364
298
395
321
343
410
349
381
422
365
417
411
424
374
423
368
359
399
418
404
437
408
443
395
348
414
402
401
415
380
397
430
351
453
453
421
416
373
449
455
387
490
424
447
391
480
430
453
512
467
481
396
403
510
493
475
454
503
405
501
487
515
492
462
461
477
463
488
493
531
537
452
515
505
481
477
468
511
539
506
513
527
560
495
486
516
489
522
555
516
518
550
540
475
595
508
499
565
516
560
537
568
610
502
567
594
611
552
580
564
619
543
550
599
566
603
591
553
633
575
555
593
607
622
569
626
591
562
553
556
622
644
564
623
586
660
589
652
617
570
602
583
628
689
645
651
605
656
603
666
627
703
658
663
647
708
706
683
633
661
653
633
666
696
699
699
643
693
673
664
697
664
714
713
668
678
679
694
738
734
693
747
675
737
735
741
698
732
691
744
719
781
756
738
713
801
703
758
724
754
775
769
767
788
722
746
729
778
777
768
812
748
823
748
791
791
814
760
795
817
783
774
772
832
804
847
842
823
833
878
802
833
826
873
841
871
859
827
845
860
844
849
826
834
882
870
887
885
867
891
879
932
926
869
885
897
875
891
933
899
894
921
910
932
908
940
920
916
971
947
943
929
937
942
991
947
972
967
968
964
972
999
1004
1014
1037
5
11
18
21
23
11
19
28
19
29
35
16
39
22
30
40
31
49
52
40
48
32
18
53
10
46
27
50
43
57
72
70
59
62
81
77
55
81
79
43
94
83
76
87
89
97
93
96
107
99
85
90
86
103
116
100
120
85
71
120
56
138
109
98
109
122
142
110
134
136
93
138
155
143
142
56
131
145
105
127
163
162
113
136
135
124
120
126
179
154
169
180
156
166
173
189
191
195
188
141
212
181
175
116
196
186
161
187
184
198
201
190
221
200
90
159
170
196
213
196
237
240
244
216
194
186
161
216
226
231
225
235
269
257
259
265
203
162
250
253
237
237
262
271
202
218
292
246
238
207
234
252
241
290
309
264
258
282
264
312
277
262
321
295
297
198
337
301
291
277
310
319
247
309
300
322
328
283
321
297
221
295
290
356
327
331
345
282
324
333
315
329
275
352
355
364
283
386
329
258
360
348
297
361
342
370
368
327
353
353
313
324
420
366
362
362
394
351
379
430
381
332
432
395
361
408
419
437
316
413
369
409
383
363
424
416
413
376
445
403
408
453
415
422
464
417
451
359
367
449
386
449
433
432
465
401
475
459
486
405
466
452
479
488
483
419
441
469
458
490
436
442
453
418
494
534
497
414
479
470
516
459
458
544
520
453
458
518
457
521
522
495
513
475
539
512
469
523
543
503
504
561
512
561
559
486
493
545
545
553
565
507
575
552
541
526
516
542
553
527
529
545
570
519
608
546
542
556
518
597
602
605
559
583
642
614
561
587
603
562
655
556
567
609
627
580
640
640
604
611
579
602
627
610
583
657
618
638
605
633
671
643
609
675
660
598
600
639
658
642
622
618
664
641
639
658
677
672
717
685
678
668
665
685
716
692
642
654
660
667
749
720
713
708
726
687
665
698
719
746
676
723
710
720
696
730
769
758
710
731
726
702
754
725
729
741
727
759
751
771
806
759
764
774
799
777
736
825
752
792
788
790
795
766
774
758
787
820
770
789
788
806
808
811
848
834
812
802
806
853
820
839
877
827
854
846
844
815
864
830
842
862
870
856
879
844
882
870
867
868
927
921
872
883
875
877
895
885
914
888
897
936
901
930
939
926
946
922
932
979
943
955
971
960
986
996
1009
1002
1011
1036
5
8
14
15
15
19
20
10
27
17
27
35
30
39
33
41
45
42
29
32
54
25
39
17
24
50
54
39
71
71
74
64
67
74
68
24
69
62
80
65
86
67
88
99
88
103
89
76
77
89
101
106
84
107
110
113
106
115
110
100
108
101
121
118
135
113
133
128
135
100
85
104
151
149
113
157
135
114
93
153
165
143
156
130
157
148
163
115
123
148
144
184
157
170
202
186
203
129
183
180
192
175
198
177
184
185
197
165
207
181
181
196
148
155
176
151
218
229
197
231
238
210
228
213
236
194
233
228
247
251
262
207
240
223
127
270
215
270
258
220
233
267
167
240
161
244
214
271
250
235
224
270
288
285
219
289
253
308
282
211
291
280
302
285
314
292
315
276
311
288
295
290
328
296
326
268
275
218
329
306
341
304
304
256
323
356
300
343
296
341
372
313
311
369
339
360
381
369
386
338
319
323
385
351
355
365
286
365
324
353
338
396
342
358
412
418
336
293
376
392
367
403
411
390
426
427
388
434
376
434
407
342
411
421
369
441
434
399
459
416
422
393
385
351
391
462
389
458
484
462
425
405
433
482
486
476
499
489
425
439
461
496
466
443
471
423
418
508
454
467
421
530
530
442
500
495
515
440
494
514
495
505
471
495
518
533
477
545
533
455
558
519
531
538
474
479
479
533
481
467
593
561
516
565
502
554
561
520
603
595
527
566
562
586
562
528
575
542
514
553
611
522
576
568
632
527
584
643
622
530
601
610
589
623
565
616
550
566
569
640
641
640
636
557
614
583
588
574
589
686
617
606
604
578
656
663
688
645
618
646
622
662
696
639
664
641
673
612
681
633
676
727
661
673
742
714
654
644
719
690
710
667
658
724
667
709
741
672
735
713
670
708
700
718
680
731
698
730
774
698
703
759
727
747
726
744
733
703
721
775
729
764
804
809
766
784
804
793
730
800
771
768
743
749
759
751
794
787
822
797
783
807
792
803
770
783
784
832
809
782
818
818
815
791
878
843
846
850
863
861
828
868
847
822
832
834
840
844
862
857
894
840
857
858
860
921
904
879
886
906
892
913
909
912
928
897
888
896
937
931
953
918
951
959
936
929
945
962
975
978
960
990
995
990
1006
1028
1029
1062
1084
1113
5
6
6
11
10
11
20
6
11
18
15
12
30
21
34
33
30
26
30
38
47
52
11
49
54
53
24
57
34
58
58
26
70
11
69
72
77
65
55
76
66
86
82
69
90
81
82
101
101
107
61
72
113
107
104
94
109
121
110
121
94
122
102
108
105
106
113
96
95
122
135
40
140
109
149
135
131
132
145
132
104
154
108
130
114
112
157
173
132
139
150
164
172
185
193
179
181
129
179
128
160
202
175
192
204
179
208
191
198
196
210
186
211
166
205
223
145
218
237
213
224
234
245
205
250
225
228
216
222
235
219
192
213
140
242
235
133
272
215
254
259
260
234
201
234
219
232
235
245
242
217
256
304
262
240
274
278
317
305
294
308
295
252
284
241
293
234
319
319
326
273
319
277
264
292
285
338
341
313
329
324
303
267
354
368
263
259
331
376
337
347
351
351
265
325
250
349
347
294
374
351
378
324
351
377
301
354
340
358
319
348
352
365
320
366
425
371
310
415
396
408
409
407
422
405
347
354
423
354
433
388
429
398
367
375
382
417
351
461
448
435
415
408
425
365
446
471
385
450
492
419
465
449
452
368
419
373
371
471
398
496
471
475
462
460
449
407
424
440
467
441
419
471
532
488
428
482
503
481
525
538
533
526
448
509
463
522
472
541
497
529
494
539
487
466
526
498
574
542
546
491
524
535
578
487
606
481
564
539
485
537
534
567
573
584
608
527
578
549
574
505
542
560
553
612
562
601
592
628
563
636
582
549
613
549
636
560
608
594
634
579
644
587
569
622
624
673
601
632
648
568
590
673
609
694
608
652
640
587
633
623
675
672
700
610
681
677
644
631
710
638
685
687
719
655
724
681
704
662
735
648
682
663
733
677
739
727
708
669
677
695
777
739
729
683
702
723
730
719
745
722
791
789
772
757
703
746
750
774
740
728
739
718
773
739
805
740
748
801
784
787
778
742
853
801
818
751
755
784
802
795
772
825
852
865
834
854
821
846
797
810
805
836
811
865
865
818
840
827
854
904
818
876
828
835
839
859
902
889
890
870
899
904
921
863
867
897
881
873
873
919
953
883
899
915
945
946
904
934
912
946
956
941
972
992
972
937
941
959
964
977
1007
1018
977
1004
1038
1041
1071
1059
1094
4
8
6
9
12
9
20
23
23
10
29
17
31
33
21
37
32
22
28
26
52
16
22
57
59
53
17
43
57
46
59
73
76
70
28
70
72
81
77
80
78
61
88
98
95
89
100
94
100
99
35
110
105
94
115
81
84
95
94
107
116
108
116
93
89
98
119
76
133
137
15
119
151
113
123
139
128
121
161
142
87
136
127
124
152
170
148
133
153
115
175
170
138
176
182
184
171
186
175
196
150
181
201
117
204
163
208
220
190
206
220
210
228
195
229
213
108
212
190
204
232
201
189
217
199
228
242
191
179
225
220
185
248
232
261
243
253
226
223
235
215
173
272
234
215
257
203
250
193
291
232
243
259
225
235
294
252
298
304
309
270
309
267
269
264
286
313
266
331
321
336
329
314
319
345
310
350
336
348
330
222
274
310
304
350
329
310
270
305
309
361
347
302
308
328
339
374
327
385
346
377
333
310
295
318
355
305
357
339
366
308
415
355
354
377
343
318
399
376
417
415
420
337
426
364
365
365
391
430
320
434
375
460
413
417
456
361
423
450
437
457
367
340
423
398
400
452
422
417
444
418
360
476
421
425
452
449
431
486
405
509
442
468
466
434
387
429
428
397
454
457
481
429
516
470
470
497
455
499
476
533
517
519
441
541
468
448
480
513
549
491
578
513
466
575
473
531
551
554
570
479
489
484
561
498
529
542
578
560
522
524
561
564
585
492
589
508
561
556
539
548
540
522
526
565
535
556
556
629
558
583
576
561
619
597
550
625
565
623
610
560
586
598
663
600
579
615
620
684
670
598
582
583
661
586
589
618
665
662
660
610
683
646
693
609
651
644
632
644
632
623
634
636
653
719
654
711
661
640
716
697
649
707
730
692
668
709
694
752
699
773
740
687
713
670
721
682
763
683
770
742
724
703
706
739
700
725
726
731
786
712
711
728
802
802
736
749
775
809
823
772
807
791
777
784
783
821
757
833
862
776
779
773
764
796
796
783
842
824
782
798
852
800
801
846
881
869
806
842
866
850
853
842
868
834
880
896
831
849
843
869
909
907
929
863
883
908
934
894
877
903
923
908
941
901
900
946
907
948
948
933
939
923
964
943
935
957
987
991
969
992
997
1020
1019
1004
1033
1055
1041
1080
1074
7
10
12
14
11
12
14
14
23
26
21
33
19
29
23
26
45
44
47
29
31
18
46
56
33
46
44
66
57
49
67
71
72
56
77
31
75
86
87
66
82
79
91
96
58
63
90
104
100
98
88
106
104
116
101
91
83
106
93
129
120
125
112
104
124
123
129
132
112
105
106
26
83
147
124
133
90
67
114
148
147
97
176
171
160
152
159
176
177
154
163
180
126
155
127
148
192
193
202
185
192
141
195
206
203
144
189
208
185
169
187
217
212
205
231
206
211
213
207
243
218
208
163
198
214
241
230
242
233
223
241
118
241
143
215
267
235
251
202
189
250
250
212
208
240
276
251
272
308
284
280
277
255
293
301
277
210
229
232
289
254
258
317
236
320
224
302
266
291
316
335
288
236
324
310
319
313
319
273
314
325
354
328
319
341
300
312
338
337
352
296
337
342
262
362
355
344
368
372
303
375
355
333
297
366
396
303
390
283
404
346
390
335
409
374
359
441
338
398
401
386
354
419
333
364
328
376
344
439
427
446
400
416
444
414
394
425
374
415
439
465
440
435
421
403
448
421
408
458
427
424
440
454
460
397
446
409
464
472
491
411
485
509
445
473
485
483
396
481
460
497
413
470
471
455
532
500
473
468
500
420
519
458
484
538
470
502
559
523
533
501
522
520
503
532
475
538
550
491
560
473
529
563
556
534
534
550
543
505
570
518
553
570
581
585
589
579
571
576
559
575
595
535
557
576
549
623
524
555
559
583
626
548
607
548
579
577
610
659
591
637
600
615
600
625
557
620
590
651
570
648
652
618
609
628
601
636
613
668
672
653
679
672
680
693
659
656
661
631
635
683
647
661
637
676
634
656
697
680
726
684
684
679
702
748
677
738
705
699
659
691
667
731
727
718
690
703
755
732
765
756
761
692
741
760
742
786
717
738
722
722
761
715
756
781
740
762
755
753
814
739
778
738
738
812
792
778
756
784
824
790
838
816
829
804
817
813
783
844
821
834
842
813
802
805
835
801
834
827
807
815
879
820
882
861
895
845
876
863
834
837
858
897
854
876
863
893
900
885
871
889
923
877
911
897
891
903
959
941
902
955
944
950
941
929
956
944
940
1008
993
992
975
993
985
1034
1033
1036
1031
1057
1070
7
9
4
8
13
5
18
15
24
11
26
27
31
31
7
26
40
35
15
41
17
30
28
46
56
18
62
41
35
38
68
55
65
68
52
79
61
81
85
59
70
78
68
76
87
99
77
66
102
103
76
75
108
91
99
94
89
100
124
109
120
114
89
113
107
83
136
109
96
141
137
129
147
99
115
108
138
38
134
154
127
128
142
150
144
162
172
153
150
175
183
142
130
171
158
163
129
181
198
193
189
202
176
209
197
155
173
186
209
201
190
200
178
169
189
232
118
174
211
214
207
224
225
228
182
215
197
209
250
234
203
166
199
230
251
266
193
201
175
193
237
201
217
162
263
266
254
233
292
271
272
290
296
270
244
238
270
253
247
289
311
264
262
250
295
321
280
272
284
288
329
257
278
312
272
326
285
329
300
293
308
350
340
297
301
342
317
343
365
353
323
344
296
331
362
312
294
358
263
262
335
319
294
343
381
290
336
315
380
331
373
296
389
323
330
316
386
402
364
411
423
397
376
365
406
375
372
394
397
364
379
363
397
435
378
388
366
423
416
389
418
438
442
453
411
456
429
424
478
475
440
417
364
452
448
458
402
470
443
402
406
427
492
489
407
434
491
437
467
415
472
439
431
439
499
449
536
420
479
488
489
534
481
514
458
488
468
497
489
518
486
480
478
485
529
493
504
466
545
528
516
514
520
523
569
574
531
577
545
549
598
529
525
495
525
583
577
503
576
599
541
569
516
576
539
528
578
584
548
624
536
570
534
533
565
566
555
545
551
589
572
579
660
577
635
588
576
600
602
627
641
621
576
618
592
625
613
628
643
636
627
630
673
694
653
695
658
670
661
721
657
616
681
691
647
682
624
636
658
680
667
669
656
674
646
682
660
712
752
699
723
693
663
710
693
742
708
674
714
693
754
740
719
723
744
728
731
792
793
758
753
716
818
718
784
730
735
742
790
735
833
772
757
743
770
760
808
760
791
764
800
793
789
782
843
814
863
803
821
832
873
791
830
799
832
804
838
898
827
842
853
826
842
853
866
838
859
902
922
875
883
931
850
865
876
866
875
957
909
889
920
907
909
893
917
924
965
928
984
925
913
957
933
995
949
949
960
965
994
965
1037
976
1036
1018
1077
1063
1107
1079
1124
1115
8
10
13
6
15
15
10
13
16
26
32
13
23
39
27
30
42
39
41
51
8
41
36
38
50
47
63
62
61
8
72
53
33
65
62
47
74
77
74
91
87
74
68
94
100
90
96
82
106
95
79
110
74
101
109
112
99
121
121
118
63
122
118
95
127
69
117
121
126
138
101
123
139
120
139
139
146
61
143
157
140
126
156
144
154
119
183
182
169
136
63
191
170
147
191
153
125
179
175
196
162
146
174
188
206
220
198
213
203
172
224
184
219
159
221
217
221
235
189
191
198
224
184
237
233
215
252
186
160
214
252
248
252
219
241
199
254
262
234
181
259
251
248
233
280
216
256
231
274
296
284
259
213
256
318
212
283
257
174
269
296
315
292
264
256
265
307
270
306
267
290
341
288
329
234
326
317
343
315
349
304
355
325
336
350
285
332
323
298
281
322
339
355
365
339
262
274
358
372
375
272
343
338
324
346
360
307
352
342
346
408
395
379
373
301
401
295
396
356
340
376
453
423
404
378
357
404
404
419
371
386
436
382
365
413
395
428
462
408
386
438
451
459
475
412
472
394
428
437
466
465
417
445
451
445
411
376
433
436
496
444
469
402
498
405
409
484
411
477
470
399
465
402
443
464
513
488
493
498
461
486
524
432
432
509
577
484
500
477
525
468
531
490
482
498
565
485
483
568
514
524
520
500
505
543
573
558
597
555
590
554
554
590
534
523
543
579
503
526
592
556
570
593
587
595
560
572
579
524
538
603
581
551
593
569
555
560
610
551
567
594
571
559
631
660
674
589
625
573
587
636
641
645
597
647
606
621
590
605
633
639
625
629
678
694
649
682
674
704
630
668
646
613
688
670
633
643
671
629
686
640
683
684
639
653
698
695
651
688
657
689
671
722
694
682
716
704
778
715
715
752
752
732
704
693
726
706
725
710
708
735
748
799
786
756
809
726
762
749
731
773
773
783
758
778
749
776
795
783
798
755
788
761
761
774
781
804
868
813
797
824
802
797
799
797
804
803
888
832
875
825
900
852
834
818
838
867
833
841
836
869
841
860
937
877
885
868
925
907
930
884
893
903
928
914
979
943
950
969
957
989
956
962
972
1008
991
1010
1023
1015
1033
1019
1043
1046
1060
1059
1080
1088
1101
1109
1144
4
8
7
12
12
4
20
18
20
24
23
11
14
20
26
26
34
36
34
39
19
39
46
53
59
58
16
7
42
58
57
71
63
71
74
68
83
69
68
20
81
52
91
87
49
64
99
81
105
106
76
88
112
111
109
115
114
120
86
123
107
123
97
117
117
135
139
127
140
112
136
131
126
107
100
135
108
138
158
153
69
139
108
66
125
160
144
171
131
167
162
189
174
107
135
160
179
179
170
170
189
196
144
142
209
135
170
161
220
217
188
138
152
206
226
223
185
210
204
240
200
151
144
240
208
210
216
250
230
248
245
265
257
233
212
232
212
261
213
238
263
212
168
264
231
272
245
234
193
174
246
259
269
287
178
266
234
315
269
226
289
267
310
301
263
265
331
304
292
265
343
260
301
272
274
348
343
251
287
295
316
348
303
285
254
354
275
362
320
281
332
348
360
240
328
369
314
381
325
400
325
358
376
348
290
323
351
369
367
387
297
402
347
335
378
296
319
379
379
406
408
351
430
427
375
358
447
362
379
310
392
390
371
427
396
345
381
389
367
398
394
424
354
360
400
423
437
466
471
393
356
455
426
474
439
404
400
462
489
370
495
459
489
476
504
405
475
456
457
413
454
461
483
486
499
515
529
460
451
554
483
471
490
492
467
461
553
468
471
481
488
509
489
514
531
469
568
511
519
536
498
466
495
579
585
501
554
561
557
587
482
544
573
500
575
581
572
606
559
552
552
562
636
566
563
584
585
593
536
598
548
567
591
571
604
617
559
632
625
579
569
556
591
666
614
630
610
643
575
617
623
644
632
692
633
611
621
666
678
688
635
682
673
657
669
659
611
684
658
643
656
671
664
709
680
631
690
683
689
641
708
714
680
694
695
651
709
685
678
700
691
693
745
709
702
696
731
712
718
740
689
798
707
716
759
711
773
760
748
707
757
744
769
773
749
751
758
751
776
756
736
788
771
770
776
815
761
776
768
804
791
794
824
783
865
835
786
841
807
819
827
842
809
810
843
820
852
822
830
822
847
849
862
831
851
885
859
881
894
854
940
854
899
863
865
869
913
875
918
926
898
911
922
904
911
920
965
1009
956
971
956
957
961
1019
1063
1010
1004
1003
1067
1100
1054
1042
1095
1126
1097
1126
1165
1198
1234
1247
6
4
7
15
9
8
5
11
24
21
14
31
19
20
36
35
10
25
41
49
50
53
28
32
42
31
43
59
54
69
64
73
46
77
17
69
52
86
83
81
64
82
67
91
91
100
53
54
93
91
99
98
100
81
108
106
98
120
83
117
110
80
126
96
109
126
108
109
102
121
69
129
109
142
132
157
120
106
120
118
169
166
109
157
117
93
130
159
129
128
153
164
123
166
129
182
169
200
188
157
182
212
180
194
158
221
213
203
169
215
202
224
218
235
218
218
227
222
214
200
204
204
225
248
245
239
210
191
221
210
225
228
172
226
201
221
251
226
264
242
258
289
205
204
222
231
293
231
253
245
210
237
264
237
245
239
259
261
283
300
304
301
317
227
277
252
337
314
288
258
333
304
331
336
341
327
344
320
348
264
241
247
342
350
310
330
299
317
327
341
291
369
307
312
363
301
325
355
340
339
386
339
300
384
346
383
296
336
337
341
321
403
336
339
312
340
363
392
403
368
408
358
340
348
421
395
342
412
416
409
436
450
417
416
426
455
365
463
418
468
420
474
404
451
384
363
393
475
411
419
475
435
420
388
435
492
500
433
400
418
453
464
441
422
428
457
439
478
406
490
441
462
484
419
514
527
449
455
515
460
436
505
524
495
507
451
526
463
519
517
468
516
526
516
555
527
543
508
583
482
590
518
592
572
602
521
532
533
486
591
577
557
520
538
564
533
512
515
617
534
570
584
604
541
520
582
569
603
532
585
617
569
606
604
628
555
564
559
574
619
613
573
613
582
566
583
575
610
664
630
601
664
608
656
670
660
633
704
692
630
708
622
638
646
666
691
617
654
678
656
722
692
695
684
646
639
645
669
685
673
669
691
647
726
652
748
698
682
668
671
725
697
729
681
729
713
718
705
751
799
729
791
730
791
736
721
736
747
760
716
760
733
719
795
719
753
747
760
734
731
751
778
826
750
799
824
782
787
772
800
786
816
792
786
840
776
886
804
876
830
874
810
797
822
829
878
872
859
818
853
824
889
861
855
873
909
865
869
886
918
951
954
893
874
888
907
896
934
906
894
931
957
921
938
976
965
1016
1004
944
959
983
988
1000
1012
1036
1037
1020
1004
1031
1060
1050
1082
1079
1074
1104
1097
1114
1117
1147
1175
6
7
10
15
9
4
7
8
22
17
15
16
20
30
31
13
40
18
28
48
24
10
54
40
36
46
12
64
38
56
33
61
47
60
74
83
82
85
77
90
37
95
94
59
91
86
90
94
72
108
109
110
66
110
103
29
114
108
90
83
81
118
111
117
114
100
109
115
127
126
95
117
124
142
146
103
128
114
129
96
80
151
132
130
119
144
155
145
171
168
157
178
133
178
148
174
124
205
107
195
170
152
204
213
207
175
157
159
225
210
221
205
198
218
127
198
221
144
155
230
228
206
233
236
180
230
202
218
211
168
230
167
235
231
249
260
207
213
256
236
272
204
243
255
238
245
206
242
262
225
243
284
284
297
288
282
235
296
215
325
263
281
240
235
195
255
297
277
333
258
333
321
269
302
356
325
329
245
327
232
243
331
245
298
333
276
282
344
357
333
338
279
235
268
331
353
314
361
340
322
321
311
293
327
323
352
322
342
367
362
339
346
372
403
329
393
378
403
352
411
372
388
410
377
360
341
349
354
368
388
373
438
325
416
430
435
460
462
423
378
410
482
378
439
414
452
434
375
373
371
464
447
439
415
410
492
413
467
426
422
460
433
451
434
473
408
452
421
509
404
468
411
491
492
515
446
433
504
485
447
451
493
431
461
492
468
443
528
549
474
530
457
549
491
521
502
517
464
512
584
536
582
480
465
569
610
565
518
573
511
503
570
537
521
546
600
556
500
556
533
604
527
569
546
512
525
541
540
586
543
614
528
552
594
563
537
564
643
565
622
622
653
559
615
590
585
571
600
572
626
692
565
661
571
666
715
621
646
609
646
595
637
632
651
599
660
683
606
615
708
645
671
617
627
642
657
634
702
628
627
688
657
702
653
692
685
752
645
692
675
664
773
696
730
706
663
663
752
761
696
692
706
699
693
726
755
735
756
708
798
761
725
707
780
728
717
760
766
723
765
810
768
797
841
799
775
746
744
775
768
779
821
816
767
768
789
790
802
839
874
814
806
788
819
837
824
862
839
857
913
830
837
813
871
867
847
853
897
926
852
854
881
862
919
878
914
893
972
879
917
921
903
899
900
961
905
902
925
917
942
973
1011
943
931
943
955
998
968
964
1007
976
1024
993
1028
1002
1037
1055
1067
1088
1102
