5 1.44
10 6.98
15 6.1
20 6.8
25 6.84
30 5.06
35 5.86
40 6.02
45 6.92
50 6.9
55 3.58
60 2.58
65 2.5
70 2.46
75 2.04
80 1.54
85 1.16
90 1.28
95 1.46
100 1.14
105 0.84
110 0.8
115 0.72
120 0.96
125 0.76
130 0.6
135 0.58
140 0.62
145 0.5
150 0.76
155 0.48
160 0.44
165 0.44
170 0.44
175 0.56
180 0.4
185 0.44
190 0.32
195 0.32
200 0.46
205 0.3
210 0.4
215 0.3
220 0.28
225 0.34
230 0.36
235 0.28
240 0.26
245 0.28
250 0.18
255 0.24
260 0.3
265 0.22
270 0.2
275 0.26
280 0.2
285 0.22
290 0.14
295 0.14
300 0.18
305 0.22
310 0.08
315 0.2
320 0.12
325 0.12
330 0.2
335 0.1
340 0.14
345 0.14
350 0.12
355 0.14
360 0.1
365 0.12
370 0.06
375 0.14
380 0.12
385 0.08
390 0.06
395 0.08
400 0.08
405 0.12
410 0.14
415 0.02
420 0.04
425 0.08
430 0.08
435 0.1
440 0
445 0.02
450 0.04
455 0.12
460 0.04
465 0.02
470 0.02
475 0
480 0.1
485 0.06
490 0
495 0.02
1501 1.38
5 1.2
10 5.72
15 7.62
20 6.6
25 5.9
30 4.26
35 5.78
40 6.76
45 6.68
50 6
55 3.1
60 2.36
65 2.84
70 2.06
75 1.94
80 1.7
85 1.44
90 1.46
95 1.28
100 0.98
105 1.06
110 0.84
115 0.92
120 0.9
125 0.66
130 0.54
135 0.72
140 0.56
145 0.56
150 0.5
155 0.44
160 0.58
165 0.46
170 0.42
175 0.34
180 0.36
185 0.42
190 0.46
195 0.32
200 0.38
205 0.16
210 0.34
215 0.32
220 0.16
225 0.26
230 0.24
235 0.22
240 0.28
245 0.2
250 0.12
255 0.2
260 0.18
265 0.26
270 0.2
275 0.14
280 0.16
285 0.22
290 0.18
295 0.14
300 0.1
305 0.12
310 0.18
315 0.2
320 0.06
325 0.16
330 0.08
335 0.12
340 0.22
345 0.06
350 0.08
355 0.12
360 0.1
365 0.06
370 0.14
375 0.08
380 0.16
385 0.06
390 0.1
395 0.06
400 0.14
405 0.1
410 0.14
415 0.02
420 0.1
425 0.1
430 0.18
435 0.04
440 0.06
445 0.06
450 0.06
455 0.12
460 0.1
465 0.06
470 0.06
475 0.04
480 0.1
485 0.08
490 0.04
495 0.1
1871 4.94
5 1.32
10 6.08
15 6.8
20 6.66
25 6.06
30 4.5
35 5.42
40 6.48
45 6.48
50 6.34
55 3.2
60 2.62
65 2.26
70 2.36
75 2.02
80 1.44
85 1.3
90 1.24
95 1.32
100 0.9
105 0.86
110 0.76
115 0.8
120 0.84
125 0.68
130 0.64
135 0.46
140 0.62
145 0.64
150 0.52
155 0.54
160 0.38
165 0.5
170 0.3
175 0.46
180 0.54
185 0.26
190 0.42
195 0.26
200 0.36
205 0.38
210 0.34
215 0.32
220 0.24
225 0.3
230 0.22
235 0.26
240 0.3
245 0.24
250 0.22
255 0.2
260 0.22
265 0.18
270 0.22
275 0.18
280 0.24
285 0.16
290 0.08
295 0.18
300 0.18
305 0.24
310 0.14
315 0.12
320 0.14
325 0.08
330 0.2
335 0.14
340 0.1
345 0.14
350 0.14
355 0.14
360 0.06
365 0.16
370 0.1
375 0.14
380 0.2
385 0.02
390 0.12
395 0.1
400 0.16
405 0.08
410 0.08
415 0.1
420 0.1
425 0.14
430 0.1
435 0.1
440 0.1
445 0.06
450 0.06
455 0.08
460 0.16
465 0.1
470 0.04
475 0.02
480 0.04
485 0.14
490 0.1
495 0.02
2702 5.44
5 1.22
10 6.52
15 5.8
20 6.76
25 6.2
30 4.34
35 5.7
40 6.32
45 6.82
50 5.8
55 3.22
60 3.06
65 2.4
70 2.18
75 1.94
80 1.24
85 1.3
90 1.38
95 1.14
100 0.98
105 0.82
110 0.92
115 0.78
120 0.56
125 0.58
130 0.54
135 0.58
140 0.66
145 0.42
150 0.36
155 0.48
160 0.48
165 0.36
170 0.46
175 0.34
180 0.4
185 0.36
190 0.28
195 0.28
200 0.2
205 0.38
210 0.28
215 0.3
220 0.16
225 0.18
230 0.28
235 0.26
240 0.26
245 0.14
250 0.2
255 0.24
260 0.22
265 0.18
270 0.12
275 0.14
280 0.24
285 0.2
290 0.18
295 0.06
300 0.12
305 0.16
310 0.18
315 0.1
320 0.2
325 0.08
330 0.06
335 0.14
340 0.02
345 0.2
350 0.16
355 0.08
360 0.06
365 0.04
370 0.16
375 0.14
380 0.1
385 0.06
390 0.04
395 0.12
400 0.16
405 0.1
410 0.06
415 0.04
420 0.12
425 0.14
430 0
435 0.08
440 0.08
445 0.08
450 0.1
455 0.04
460 0.04
465 0.06
470 0.12
475 0.06
480 0
485 0.08
490 0.02
495 0.14
3713 8.06
5 1.28
10 6.74
15 6.68
20 6.46
25 6.36
30 4.86
35 6.06
40 6.48
45 6.44
50 6.38
55 3.46
60 2.58
65 2.2
70 2.36
75 2.06
80 1.46
85 1.3
90 0.98
95 1.16
100 1.14
105 0.9
110 0.86
115 0.58
120 0.7
125 0.68
130 0.6
135 0.58
140 0.58
145 0.52
150 0.48
155 0.38
160 0.48
165 0.3
170 0.48
175 0.38
180 0.4
185 0.32
190 0.18
195 0.32
200 0.36
205 0.3
210 0.3
215 0.16
220 0.24
225 0.28
230 0.26
235 0.18
240 0.16
245 0.16
250 0.26
255 0.22
260 0.18
265 0.12
270 0.08
275 0.24
280 0.2
285 0.14
290 0.04
295 0.1
300 0.14
305 0.22
310 0.02
315 0.1
320 0.04
325 0.1
330 0.18
335 0.04
340 0.04
345 0.06
350 0.14
355 0.12
360 0.02
365 0.02
370 0.08
375 0.12
380 0.1
385 0.02
390 0.02
395 0.06
400 0.1
405 0.06
410 0.04
415 0.04
420 0.04
425 0.04
430 0.08
435 0.06
440 0.04
445 0.02
450 0.08
455 0.06
460 0.06
465 0.04
470 0.04
475 0.06
480 0.06
485 0.04
490 0.06
495 0.04
5588 7.16
5 1.4
10 6.82
15 7.34
20 7.22
25 6.7
30 4.06
35 6.4
40 7.08
45 7.52
50 6.38
55 3.12
60 2.56
65 2.9
70 2.38
75 1.82
80 1.4
85 1.62
90 1.18
95 1.34
100 0.9
105 0.86
110 1
115 0.84
120 0.72
125 0.62
130 0.82
135 0.6
140 0.62
145 0.56
150 0.48
155 0.54
160 0.5
165 0.44
170 0.48
175 0.38
180 0.46
185 0.36
190 0.38
195 0.36
200 0.3
205 0.32
210 0.28
215 0.36
220 0.24
225 0.3
230 0.24
235 0.3
240 0.22
245 0.22
250 0.26
255 0.16
260 0.26
265 0.22
270 0.18
275 0.24
280 0.18
285 0.08
290 0.24
295 0.16
300 0.16
305 0.16
310 0.08
315 0.18
320 0.12
325 0.14
330 0.16
335 0.04
340 0.08
345 0.06
350 0.16
355 0.06
360 0.1
365 0.1
370 0.02
375 0.08
380 0.08
385 0.04
390 0.14
395 0.02
400 0.08
405 0
410 0.08
415 0.04
420 0.08
425 0
430 0.04
435 0.04
440 0.04
445 0.06
450 0.02
455 0.02
460 0.04
465 0.04
470 0.02
475 0.04
480 0.02
485 0.06
490 0
495 0.02
1190 1.36
5 1.12
10 4.04
15 4.28
20 3.42
25 4.22
30 2.88
35 4.24
40 4.08
45 3.66
50 4.02
55 2.26
60 1.94
65 1.6
70 1.46
75 1.5
80 0.9
85 0.88
90 0.92
95 0.78
100 0.74
105 0.6
110 0.56
115 0.52
120 0.44
125 0.66
130 0.44
135 0.42
140 0.38
145 0.28
150 0.38
155 0.34
160 0.34
165 0.3
170 0.2
175 0.3
180 0.26
185 0.24
190 0.22
195 0.16
200 0.18
205 0.18
210 0.16
215 0.22
220 0.08
225 0.22
230 0.24
235 0.14
240 0.1
245 0.08
250 0.18
255 0.16
260 0.18
265 0.1
270 0.12
275 0.12
280 0.16
285 0.06
290 0.12
295 0.1
300 0.12
305 0.12
310 0.1
315 0.08
320 0.08
325 0.08
330 0.1
335 0.14
340 0.08
345 0.08
350 0.06
355 0.12
360 0.06
365 0.1
370 0.06
375 0.08
380 0.12
385 0.04
390 0.1
395 0.08
400 0.04
405 0.12
410 0.04
415 0.08
420 0.06
425 0.06
430 0.04
435 0.06
440 0.08
445 0.08
450 0.06
455 0.06
460 0.04
465 0.02
470 0.08
475 0.08
480 0.06
485 0.06
490 0.02
495 0.02
42084 38.16
5 1.2
10 6
15 5.94
20 6.28
25 6.4
30 4.14
35 5.44
40 6
45 5.88
50 6.44
55 3.52
60 2.36
65 2.34
70 2.16
75 2
80 1.5
85 1.16
90 1.48
95 1.1
100 1.2
105 0.92
110 0.92
115 0.84
120 0.78
125 0.66
130 0.58
135 0.62
140 0.62
145 0.62
150 0.44
155 0.4
160 0.6
165 0.32
170 0.38
175 0.48
180 0.3
185 0.34
190 0.24
195 0.4
200 0.3
205 0.26
210 0.4
215 0.14
220 0.3
225 0.32
230 0.26
235 0.28
240 0.12
245 0.22
250 0.18
255 0.32
260 0.16
265 0.18
270 0.14
275 0.18
280 0.22
285 0.22
290 0.16
295 0.16
300 0.12
305 0.16
310 0.2
315 0.12
320 0.12
325 0.1
330 0.16
335 0.1
340 0.06
345 0.2
350 0.08
355 0.1
360 0.08
365 0.1
370 0.16
375 0.06
380 0.14
385 0.06
390 0.06
395 0.14
400 0.04
405 0.1
410 0.06
415 0.08
420 0.14
425 0.04
430 0.04
435 0.04
440 0.06
445 0.14
450 0.04
455 0.04
460 0.06
465 0.02
470 0.1
475 0.04
480 0.06
485 0.08
490 0.04
495 0.08
4578 8.86
5 1.12
10 5.68
15 5.46
20 5.44
25 4.68
30 4.12
35 4.9
40 5.08
45 5.4
50 5
55 3.04
60 2.5
65 2.28
70 1.34
75 1.64
80 1.1
85 1.38
90 1.04
95 0.84
100 0.82
105 0.9
110 0.78
115 0.64
120 0.62
125 0.58
130 0.6
135 0.54
140 0.4
145 0.56
150 0.48
155 0.4
160 0.44
165 0.28
170 0.44
175 0.3
180 0.38
185 0.38
190 0.2
195 0.34
200 0.26
205 0.26
210 0.34
215 0.18
220 0.26
225 0.16
230 0.16
235 0.28
240 0.16
245 0.18
250 0.12
255 0.16
260 0.2
265 0.16
270 0.1
275 0.12
280 0.1
285 0.2
290 0.18
295 0.08
300 0.1
305 0.16
310 0.06
315 0.16
320 0.1
325 0.1
330 0.08
335 0.08
340 0.18
345 0.06
350 0.08
355 0.08
360 0.12
365 0.08
370 0.08
375 0.06
380 0.08
385 0.12
390 0.06
395 0.08
400 0.06
405 0.06
410 0.12
415 0.06
420 0.04
425 0.08
430 0.08
435 0.08
440 0.06
445 0.02
450 0.12
455 0.04
460 0.06
465 0.04
470 0.02
475 0.08
480 0.1
485 0.02
490 0.06
495 0.04
17167 21.06
5 1.22
10 5.8
15 6.1
20 6.34
25 6.6
30 3.9
35 5
40 6.08
45 6.56
50 6.62
55 3.16
60 2.08
65 2.18
70 1.92
75 2.16
80 1.64
85 0.98
90 1.1
95 1.02
100 1.12
105 0.94
110 0.88
115 0.62
120 0.7
125 0.74
130 0.62
135 0.74
140 0.54
145 0.56
150 0.5
155 0.38
160 0.52
165 0.38
170 0.46
175 0.34
180 0.34
185 0.3
190 0.4
195 0.4
200 0.2
205 0.22
210 0.28
215 0.28
220 0.22
225 0.2
230 0.26
235 0.18
240 0.22
245 0.14
250 0.22
255 0.18
260 0.22
265 0.16
270 0.14
275 0.16
280 0.18
285 0.12
290 0.08
295 0.16
300 0.14
305 0.12
310 0.14
315 0.08
320 0.12
325 0.14
330 0.14
335 0.12
340 0.04
345 0.08
350 0.12
355 0.1
360 0.08
365 0.06
370 0.1
375 0.14
380 0.08
385 0.1
390 0.06
395 0.08
400 0.14
405 0.06
410 0.08
415 0.06
420 0.08
425 0.08
430 0.04
435 0.08
440 0.04
445 0.06
450 0.08
455 0.04
460 0.06
465 0.06
470 0.02
475 0.08
480 0.02
485 0.08
490 0.06
495 0.04
11563 10.94
5 1.3
10 7.1
15 6.96
20 6.36
25 6.82
30 4.52
35 6.44
40 6.46
45 6.94
50 6.62
55 3.44
60 2.68
65 2.32
70 2.28
75 2.14
80 1.44
85 1.16
90 0.88
95 1.32
100 1.08
105 1.02
110 0.82
115 0.48
120 1.02
125 0.64
130 0.66
135 0.62
140 0.34
145 0.6
150 0.6
155 0.48
160 0.52
165 0.34
170 0.34
175 0.52
180 0.46
185 0.28
190 0.28
195 0.26
200 0.4
205 0.28
210 0.26
215 0.24
220 0.22
225 0.32
230 0.3
235 0.18
240 0.24
245 0.22
250 0.16
255 0.32
260 0.16
265 0.24
270 0.26
275 0.1
280 0.12
285 0.22
290 0.22
295 0.24
300 0.1
305 0.08
310 0.18
315 0.08
320 0.26
325 0.08
330 0.1
335 0.1
340 0.06
345 0.2
350 0.12
355 0.1
360 0.08
365 0.04
370 0.18
375 0.12
380 0.1
385 0.06
390 0.1
395 0.08
400 0.08
405 0.1
410 0.06
415 0.08
420 0.06
425 0.08
430 0.06
435 0.06
440 0.08
445 0.1
450 0.02
455 0.1
460 0.04
465 0.06
470 0.1
475 0.04
480 0.1
485 0.04
490 0.06
495 0.1
1347 3.12
5 1.32
10 6.84
15 6.7
20 6.08
25 6.44
30 4.32
35 6.28
40 6.5
45 6.52
50 6
55 3.42
60 2.84
65 2.14
70 2.34
75 1.9
80 1.42
85 1.26
90 1.34
95 1.1
100 1.04
105 1.24
110 0.74
115 0.68
120 0.68
125 0.74
130 0.8
135 0.38
140 0.6
145 0.5
150 0.6
155 0.42
160 0.46
165 0.38
170 0.5
175 0.38
180 0.38
185 0.28
190 0.34
195 0.34
200 0.36
205 0.24
210 0.3
215 0.28
220 0.28
225 0.18
230 0.26
235 0.2
240 0.24
245 0.2
250 0.2
255 0.18
260 0.16
265 0.2
270 0.12
275 0.26
280 0.06
285 0.18
290 0.2
295 0.06
300 0.16
305 0.18
310 0.1
315 0.1
320 0.1
325 0.08
330 0.14
335 0.16
340 0.08
345 0.12
350 0.06
355 0.14
360 0.1
365 0.14
370 0.02
375 0.12
380 0.1
385 0.12
390 0.04
395 0.06
400 0.1
405 0.1
410 0.08
415 0.04
420 0.06
425 0.1
430 0.1
435 0.04
440 0.08
445 0.02
450 0.12
455 0.04
460 0.04
465 0.04
470 0.1
475 0.08
480 0.04
485 0.06
490 0
495 0.08
2946 6.16
5 0.96
10 6.16
15 5.94
20 5.36
25 5.76
30 3.92
35 5.44
40 6.34
45 5.48
50 5.14
55 3.4
60 2.4
65 2.12
70 1.98
75 1.66
80 1.16
85 1.18
90 1.08
95 0.86
100 0.88
105 0.66
110 0.76
115 0.64
120 0.6
125 0.6
130 0.52
135 0.54
140 0.52
145 0.36
150 0.44
155 0.34
160 0.54
165 0.36
170 0.3
175 0.36
180 0.34
185 0.34
190 0.26
195 0.22
200 0.24
205 0.22
210 0.32
215 0.24
220 0.14
225 0.2
230 0.22
235 0.24
240 0.14
245 0.16
250 0.12
255 0.2
260 0.24
265 0.12
270 0.08
275 0.12
280 0.2
285 0.16
290 0.12
295 0.2
300 0.06
305 0.14
310 0.22
315 0.08
320 0.12
325 0.1
330 0.12
335 0.2
340 0.12
345 0.08
350 0.12
355 0.06
360 0.18
365 0.16
370 0.08
375 0.1
380 0.1
385 0.08
390 0.14
395 0.18
400 0.06
405 0.1
410 0.06
415 0.1
420 0.14
425 0.16
430 0.1
435 0.04
440 0.06
445 0.1
450 0.12
455 0.1
460 0.08
465 0.04
470 0.08
475 0.12
480 0.1
485 0.1
490 0.02
495 0.1
7397 16.18
5 1.26
10 6.2
15 6.22
20 6.8
25 6.54
30 4.68
35 5.84
40 6.16
45 6.86
50 6.5
55 3.56
60 2.78
65 2.44
70 2.36
75 2.16
80 1.44
85 1.6
90 1.04
95 1.32
100 1.1
105 0.84
110 0.84
115 0.64
120 0.92
125 0.84
130 0.66
135 0.46
140 0.62
145 0.62
150 0.62
155 0.5
160 0.4
165 0.44
170 0.48
175 0.42
180 0.52
185 0.26
190 0.4
195 0.34
200 0.3
205 0.3
210 0.32
215 0.3
220 0.32
225 0.28
230 0.18
235 0.26
240 0.34
245 0.28
250 0.22
255 0.16
260 0.26
265 0.3
270 0.18
275 0.26
280 0.18
285 0.16
290 0.16
295 0.18
300 0.2
305 0.2
310 0.22
315 0.06
320 0.12
325 0.16
330 0.16
335 0.22
340 0.08
345 0.1
350 0.1
355 0.12
360 0.2
365 0.1
370 0.12
375 0.1
380 0.08
385 0.14
390 0.1
395 0.12
400 0.06
405 0.14
410 0.08
415 0.1
420 0.16
425 0.04
430 0.12
435 0.04
440 0.1
445 0.08
450 0.06
455 0.08
460 0
465 0.12
470 0.04
475 0.06
480 0.04
485 0.02
490 0.06
495 0.1
1642 3.18
5 1.16
10 6.72
15 6.36
20 6.68
25 5.96
30 4.24
35 5.82
40 6.28
45 7.04
50 6.04
55 2.98
60 2.74
65 2.34
70 2
75 1.94
80 1.38
85 1.32
90 1.12
95 1.28
100 0.92
105 1.02
110 0.78
115 0.66
120 0.78
125 0.64
130 0.94
135 0.48
140 0.5
145 0.56
150 0.44
155 0.58
160 0.46
165 0.4
170 0.36
175 0.38
180 0.38
185 0.48
190 0.3
195 0.24
200 0.48
205 0.18
210 0.24
215 0.3
220 0.18
225 0.3
230 0.28
235 0.26
240 0.12
245 0.14
250 0.26
255 0.16
260 0.26
265 0.1
270 0.14
275 0.2
280 0.12
285 0.16
290 0.1
295 0.12
300 0.18
305 0.12
310 0.1
315 0.1
320 0.08
325 0.18
330 0.1
335 0.1
340 0.1
345 0.08
350 0.16
355 0.12
360 0.08
365 0.06
370 0.08
375 0.12
380 0.1
385 0.08
390 0.08
395 0.06
400 0.04
405 0.12
410 0.12
415 0.02
420 0.1
425 0.02
430 0.08
435 0.12
440 0.06
445 0.06
450 0.02
455 0.06
460 0.08
465 0.12
470 0.04
475 0.08
480 0
485 0.06
490 0.14
495 0.04
6319 7.74
