5
13
6
6
18
27
27
29
6
42
12
67
15
5
42
15
79
14
15
11
113
39
40
36
34
9
89
14
44
29
10
8
14
117
81
119
75
52
26
71
28
133
29
26
114
186
50
33
58
126
47
232
85
19
81
6
6
217
49
274
86
281
16
18
244
83
68
39
159
232
35
20
73
228
21
22
167
9
281
155
138
130
34
9
371
294
271
62
348
426
14
213
144
29
121
355
217
212
200
245
55
72
77
14
267
17
31
210
26
20
8
18
464
140
52
102
55
20
51
15
50
332
9
10
428
285
365
6
337
16
7
81
200
565
197
604
59
36
318
243
435
335
129
8
381
175
200
263
551
63
48
483
582
511
41
455
438
196
357
514
49
106
317
42
28
481
19
15
258
216
691
53
403
786
645
5
643
608
426
543
334
529
369
371
10
339
7
23
207
147
34
530
18
496
159
128
156
602
288
271
10
261
14
9
9
10
9
28
223
29
872
13
569
690
527
591
532
19
119
426
392
333
29
551
15
822
6
13
569
335
183
298
280
176
237
112
147
5
106
198
78
36
63
90
6
258
218
168
250
95
818
11
805
63
797
10
779
952
616
605
47
490
427
5
351
264
89
34
20
6
1005
702
12
485
443
274
270
6
26
672
672
529
22
442
372
125
321
323
293
155
1180
142
847
83
73
60
814
23
89
34
80
33
786
27
749
59
519
997
349
14
260
1344
622
556
1237
36
17
1245
21
11
12
1238
284
1059
996
919
16
759
116
71
43
329
242
5
321
272
59
1392
5
330
259
12
5
1228
201
1090
667
264
459
154
118
10
1133
880
85
68
175
5
44
17
5
1048
982
899
537
493
5
17
334
548
915
18
838
429
835
433
719
1277
10
1223
718
1140
696
1003
927
6
1039
783
66
13
55
24
38
37
24
735
7
810
48
771
620
812
24
8
475
592
741
538
12
770
583
308
619
207
512
193
492
590
368
134
103
121
98
646
176
1730
95
952
200
960
317
217
535
111
576
104
572
1769
1673
1691
1617
1676
1616
531
1485
638
1452
512
1340
1639
1126
1111
510
356
1258
333
1701
1568
1684
1377
1644
1373
1399
1343
1232
900
1209
1181
880
1159
881
1147
861
440
683
573
1069
273
954
1448
1387
908
1213
448
1113
685
385
944
286
733
725
1198
643
628
920
617
771
567
754
1236
609
924
360
914
331
548
814
709
538
710
508
694
532
755
523
520
602
513
520
462
523
442
428
435
922
819
813
690
621
601
931
498
858
502
835
485
719
665
511
1806
1764
1552
1009
1365
972
1349
968
1292
960
634
1280
1133
1109
1965
1941
984
1551
981
1523
932
1498
736
1384
654
1073
540
996
1902
1904
860
1726
621
1723
1723
2013
1614
1926
1700
1557
1494
1454
1304
1334
1289
1336
1290
1290
1239
1257
782
1256
756
1197
1020
1787
900
1601
661
1543
1476
1371
1368
1219
1208
1102
1106
1146
1027
1101
1012
1077
895
978
756
802
775
2370
751
2288
741
2008
718
1834
1834
1829
2269
1711
2154
1586
2046
1325
1980
1303
1965
1294
1955
1015
1921
952
1850
892
1853
1790
2116
1773
2042
1566
1766
1383
1622
1386
1377
1246
1379
1171
1278
972
1232
933
1075
978
2221
2023
1982
1970
1678
1427
1121
1001
2066
2051
2094
1997
2009
1981
1963
1981
1808
1962
1530
1932
1511
1859
1418
1522
1110
1481
1076
1456
2359
1216
2312
1175
2299
1115
2247
2114
1717
1717
2477
1635
2440
1544
2302
1370
2236
1276
2213
1146
2127
1090
1917
1909
1911
1793
1624
1612
2630
1556
1385
1326
1330
1130
2668
2504
2376
2287
2256
2104
2054
2634
2045
2525
2034
2301
1547
2300
1273
1697
1397
1336
1194
2660
2662
2631
2454
2329
2319
2195
2742
1940
2683
1594
2600
1498
2589
1385
2549
1373
2478
2456
2341
2246
1953
1928
1879
1847
1673
1638
1559
1504
1467
2884
2789
2699
2633
2596
2409
2161
2134
2126
1987
1989
1856
1849
1810
1685
1627
3232
3156
2855
2832
2799
2716
2682
2587
2392
2056
1976
2087
1912
2059
1795
2041
1725
2035
1796
3318
3313
3257
3245
3207
2923
2911
2626
2601
2410
2369
3470
1908
3390
1898
3346
1853
3206
3110
3035
2927
2774
2763
2696
2672
2608
3546
2481
3478
2419
3443
2365
3405
2359
3342
2355
3305
2308
3215
2279
3176
2240
2994
2241
2735
2152
2672
2088
2548
2068
2485
2056
2338
2020
2093
2017
1970
1979
1967
2638
2562
2515
2487
2409
2398
2345
2177
2178
2131
2084
2737
3409
2678
3178
2562
3036
2467
2973
2384
2801
2227
2767
2076
2764
2066
2726
2665
3745
2444
3542
2381
3425
2280
3338
3257
3216
3202
2998
2916
3087
2906
2660
2830
2598
2788
2384
2744
2382
2700
2312
2585
2312
2511
2308
2498
2179
2446
2166
2439
2168
2314
2212
3933
3928
3749
3695
3605
3430
3276
3265
3154
2693
2693
3525
3459
3293
3239
2981
2968
2955
2926
2886
2774
4229
4134
4110
4076
4053
3892
3793
3647
3461
3456
3397
3294
3264
3237
2977
2906
2865
2821
2819
2818
4318
4321
4319
4197
4159
4160
4128
3986
3977
3960
3960
3906
3730
3708
3668
3645
3460
3059
3034
4551
4522
4522
4365
4310
4170
3998
3950
3950
3813
3783
5
8
7
5
5
10
5
5
9
5
5
25
8
19
5
5
5
9
28
26
20
7
56
6
18
12
6
10
6
5
23
6
42
9
42
77
10
11
15
84
31
153
27
14
87
59
98
130
57
51
57
22
24
14
7
77
69
5
197
5
12
72
93
6
253
65
39
238
62
79
7
174
205
47
165
54
14
26
15
37
11
38
34
262
20
6
24
34
209
164
212
43
141
12
5
117
12
25
363
66
131
12
39
43
48
367
28
287
22
93
6
28
273
362
16
151
27
45
57
340
9
7
5
47
49
5
126
12
7
9
9
197
121
17
10
22
502
217
540
7
510
328
454
10
440
435
275
134
53
227
41
471
515
29
385
367
223
201
17
97
68
21
151
199
83
83
42
16
108
400
141
306
33
339
5
12
119
123
25
86
10
11
78
519
14
125
736
450
12
74
648
30
618
609
25
6
383
110
242
48
844
119
15
233
87
14
24
52
8
221
39
5
7
33
258
177
866
7
66
743
124
120
79
44
36
209
693
160
748
451
530
28
338
6
335
544
677
11
6
422
666
655
6
602
41
217
37
26
225
224
164
44
98
9
763
16
432
379
143
287
453
30
372
976
608
983
881
188
732
546
634
66
15
16
57
268
545
483
37
753
399
16
532
262
843
783
339
622
343
589
197
49
188
97
76
570
290
509
1243
674
168
440
162
339
339
23
333
298
57
998
149
101
5
67
354
43
143
989
18
1165
988
987
971
965
924
939
787
924
789
186
241
348
5
645
744
6
723
788
125
36
787
1107
222
1428
1073
26
622
292
244
1400
1023
638
115
538
314
468
799
544
65
235
83
181
488
557
299
472
495
86
29
43
477
240
503
41
408
355
28
232
568
214
447
32
438
417
236
363
495
217
448
198
380
313
225
175
168
259
125
232
1688
91
113
166
1471
143
118
1659
1552
87
1315
84
1317
476
1203
253
1098
66
1032
38
868
854
417
814
851
261
5
845
139
848
113
140
79
110
52
1410
1366
399
384
352
377
339
1633
770
1588
1436
348
1671
274
947
946
180
895
687
836
434
1667
1660
206
1486
355
136
1473
852
1347
693
1123
987
603
783
734
722
1419
710
1343
316
1102
722
728
516
716
407
297
323
1003
999
1133
1699
1468
236
240
1353
1281
1135
1641
1120
1625
968
448
856
1219
838
1216
1064
753
663
941
432
758
424
501
395
419
321
1202
1568
1026
970
969
1062
952
913
742
696
872
674
404
682
382
685
1805
437
365
1788
1587
369
1551
903
1507
889
1437
811
1371
711
1226
654
917
452
899
428
891
1468
591
1388
563
1329
545
1227
535
1204
537
1164
1162
1240
1113
1162
1101
1154
881
1090
631
1025
586
965
503
916
762
832
642
745
535
554
1501
555
1693
1436
1690
1365
1609
1277
1582
1226
1540
1203
1263
1103
1151
1022
969
942
941
906
866
780
769
776
748
754
706
1108
660
1001
934
2225
807
2211
637
2121
602
2001
1948
1844
676
1718
2169
1612
2082
1465
2038
1423
2030
1347
1854
1263
1854
1254
1785
1214
1695
1107
1688
1099
1532
860
1530
1483
1354
902
1130
790
980
774
978
1786
965
1728
1536
1431
2204
2168
1267
1962
1176
1586
866
1249
863
1161
860
1161
847
1057
834
942
838
812
2217
2126
1375
2125
1253
1662
1120
1584
885
1549
862
1456
1460
1853
1403
1842
1218
1629
1150
1408
995
1382
906
1330
1292
1093
1012
907
957
1429
1408
1247
1164
1061
998
1729
1535
1269
1248
2249
1249
2209
1193
1928
1073
1909
1042
1763
1043
1513
1033
1264
1163
1117
1105
1099
1815
1780
1510
1272
1433
1265
1418
1884
1106
1846
1095
1807
1810
2801
1553
2736
1512
2443
1466
2262
1260
2007
1698
1361
1222
1118
1873
1845
1709
2322
1350
2199
2186
2133
1905
1888
1683
1667
2879
1628
2833
1471
2778
1322
2641
1249
2627
1223
2584
2376
2406
2352
2356
2214
2317
1877
2320
1786
2320
1445
2255
1285
2212
2204
2191
2087
2084
2070
1863
1867
1634
1604
3016
1549
2843
1532
2785
1521
2628
1370
2625
2618
2600
2593
2561
2514
2345
2328
2045
2819
1787
2733
1483
2721
2711
1977
2594
1858
2425
1596
2310
1537
2022
1498
1896
1877
1855
1546
1424
2255
2250
2041
2028
1974
1644
2448
2377
2261
2180
2143
2107
2010
1830
1806
1805
1762
1741
1740
2726
2692
2690
2470
2416
2336
2175
2156
1990
1941
1930
3532
3461
3238
2656
2470
2426
2354
2018
1948
1931
3134
2926
2701
2670
3371
3363
3253
3227
3116
3111
2409
2403
2392
2372
2234
3130
2998
2883
2735
3921
2542
3878
2498
3867
2392
3859
2280
3606
2244
3572
2187
3434
3375
3260
3226
3149
3141
3141
3095
3092
3076
3073
2904
2893
2877
2873
2527
2529
2395
2325
2306
4076
3926
3655
3478
3344
3191
2949
2886
2815
2772
2590
2563
2553
2476
4255
4227
4181
4133
3932
3928
3592
3527
3459
3420
3351
3101
2941
2748
2720
2660
4626
4342
4303
3886
3761
3651
3641
3558
3280
3136
3063
2964
6297
6253
6215
6064
6062
5974
5972
5961
5836
5820
5592
5477
5263
5240
5101
4869
6591
6582
6540
6423
6291
6255
6138
6141
6122
5940
5614
5495
5
5
12
6
16
11
5
11
27
35
5
17
28
38
39
5
21
28
22
36
5
14
62
14
25
20
5
78
9
62
40
15
85
32
44
22
14
26
58
5
53
12
38
46
32
64
116
102
5
20
202
141
96
69
144
6
92
5
201
239
252
81
78
156
14
193
133
16
96
17
42
296
9
249
13
160
111
57
19
155
20
276
167
6
35
26
318
13
72
9
91
151
14
125
13
347
381
302
349
83
148
79
154
79
288
5
63
132
338
304
40
149
420
154
124
87
5
89
158
419
187
253
183
29
155
100
320
239
152
90
212
153
11
20
200
6
7
20
6
155
5
5
361
552
256
21
51
164
5
70
644
579
114
253
47
251
515
33
176
135
16
313
120
93
537
81
302
26
5
301
193
647
647
5
337
29
433
66
8
225
311
778
43
617
46
6
573
536
585
536
584
169
59
506
836
45
558
78
8
566
69
421
70
690
14
516
9
6
5
560
5
628
47
705
25
508
52
543
499
21
5
561
141
9
294
411
216
147
218
146
191
63
178
5
141
11
476
115
32
432
39
221
17
147
448
453
13
290
288
31
255
128
234
240
113
180
29
431
1006
29
986
390
300
9
19
27
250
267
55
178
159
868
5
96
65
695
54
14
44
268
599
10
488
443
429
411
580
390
190
77
47
35
316
522
28
496
196
13
44
106
9
95
659
1176
596
1166
585
5
1186
451
439
386
37
313
208
340
6
336
28
307
26
198
22
5
290
198
107
5
9
6
834
65
62
1185
5
1068
170
6
38
237
1004
129
10
1178
116
843
56
45
61
1090
42
1060
21
852
6
1138
1346
855
1221
901
25
16
831
49
1080
672
337
93
199
14
790
1033
1029
5
98
165
15
1321
1298
1223
1263
1155
1150
980
15
113
555
192
968
10
587
20
505
939
484
291
95
1086
295
914
1258
844
218
76
36
15
1255
19
1108
5
925
704
321
115
268
578
225
580
224
388
1271
311
243
1196
225
90
167
130
154
130
98
848
1352
1278
685
757
658
706
525
593
341
206
193
201
152
445
589
1547
552
1531
1489
181
1417
522
1364
516
500
1242
303
1027
869
884
576
877
474
862
412
781
417
751
382
497
500
380
462
1664
339
1625
1807
1548
1540
1211
1368
1152
1231
1134
835
1068
767
979
689
926
685
878
630
474
737
451
634
352
598
334
538
540
547
450
387
335
1105
334
982
1882
964
1824
1756
843
1741
808
1715
754
1686
660
647
1980
512
1693
440
1942
1351
1355
1877
1311
1805
1308
1719
1253
1556
1194
1086
1042
1229
1037
1141
632
1117
589
1036
496
1031
1005
989
997
1662
934
1631
876
1573
751
1315
744
1317
713
1148
714
1111
710
989
1722
969
1677
702
1561
686
1423
586
1302
590
1245
550
1213
548
1115
1823
1075
1563
985
1489
937
1427
930
1417
1182
928
1034
824
1019
603
781
760
655
659
656
800
757
1101
632
866
838
768
746
834
855
792
854
853
733
723
2351
2340
2335
2142
2072
1887
1834
1661
1589
1441
1441
1329
1183
2355
1144
1147
2334
1089
2218
889
1939
1849
1824
1737
1442
2356
1396
2316
1399
2250
1265
2227
1019
2229
973
2149
2030
1968
1945
1983
1892
1909
1811
1763
1788
1741
1790
1444
1783
1320
1782
1220
1739
1193
1537
875
1488
1381
1378
1330
1326
1124
939
2425
2407
2360
2455
2359
2450
2021
2323
1822
2305
1795
2015
1794
2010
1785
1779
1691
1586
1615
1441
1584
1378
1585
1345
1586
1337
1585
1151
1209
1027
1198
1201
1134
1096
1009
2370
2149
2287
2098
2238
2101
2205
2014
2148
1832
2117
1704
1919
1653
1822
1637
1468
1626
1459
1566
1217
1488
1449
1331
1119
1113
2510
2438
2454
2296
2040
2213
2014
2154
1787
1931
1781
1857
1717
1732
1719
1641
1612
1621
1511
1579
1494
1521
1466
1265
1355
1230
1206
2479
2194
2078
2072
1995
1978
1753
2535
1688
2270
1668
2201
1659
2191
1573
2087
1380
2005
1345
1790
1649
1606
1412
1334
1323
2783
2673
2569
2531
2510
2487
2329
2308
2067
2066
2058
2047
2327
1896
2198
1898
2088
1810
2023
1671
2002
1666
1790
1473
1669
1443
1583
2836
2820
2811
2748
2733
2731
2714
2553
2385
2930
2253
2911
2256
2711
2199
2679
2088
2567
2025
2466
1973
2443
1943
2411
1686
2410
1659
2396
2276
2199
2149
2079
1792
1791
1765
1736
3104
3100
2958
2769
2714
2636
2516
2326
2123
2071
2041
2001
1961
1910
1741
1735
3313
3282
3248
3244
3123
3058
3005
2834
2826
2789
2910
2635
2912
2387
2168
2259
2101
2254
2024
2196
1968
2181
2179
2045
1864
3408
3028
3007
3008
2895
2872
2870
2599
2599
2218
2204
2106
3604
3448
3522
3276
3493
3186
3383
3164
3311
3137
3212
3044
3215
2793
3128
2684
3012
2658
2907
2483
2853
2405
2742
2354
2746
2339
2621
2235
2380
2193
2188
2168
2140
2093
2990
2819
2792
2677
2471
2394
2217
3844
3724
3123
3125
3040
3024
2914
4212
2836
3956
2812
3859
2775
3667
2695
3655
2620
3421
3378
3330
3283
3156
3115
2861
2860
2860
2811
4319
4318
4244
4192
3937
3493
3154
3088
2903
2892
2790
2775
4194
4165
3863
3658
3583
3555
3169
3116
3108
3021
2934
5
6
11
10
29
19
22
19
6
14
31
10
16
39
20
43
32
33
71
20
20
34
17
13
129
45
40
30
12
10
104
56
67
90
33
30
18
199
40
14
170
170
190
13
181
102
145
33
9
56
58
6
49
66
38
20
19
6
179
132
231
14
310
66
37
64
25
241
17
116
14
7
226
139
10
5
95
277
77
9
64
6
10
8
48
137
8
91
129
14
6
407
309
70
111
15
21
13
7
68
298
14
347
5
267
26
28
12
12
273
457
30
262
10
7
5
15
18
57
33
38
25
7
137
6
394
9
13
14
20
538
219
112
9
523
5
24
28
515
12
233
39
6
531
617
43
431
134
368
64
200
91
71
95
632
30
44
6
31
153
34
19
7
365
540
480
393
748
24
203
368
182
352
81
9
120
759
120
749
378
282
67
48
5
772
5
262
83
58
60
6
13
770
28
659
801
11
695
654
760
86
666
536
56
532
670
530
29
730
656
158
6
26
38
555
364
44
693
14
359
10
76
20
5
5
641
36
82
24
29
12
11
53
393
652
267
5
13
587
859
668
426
514
283
236
789
653
12
764
25
683
199
9
669
827
590
672
253
622
11
62
12
1120
18
1121
42
1016
13
990
124
908
201
64
920
429
1092
291
451
9
6
233
428
744
133
599
5
226
16
15
5
81
14
24
8
192
975
906
592
715
670
60
520
505
446
17
510
480
16
363
5
467
227
14
5
51
123
6
304
45
8
1059
823
668
11
12
681
454
650
16
9
685
1295
151
394
29
1405
1248
984
1178
52
567
931
874
77
69
452
57
53
24
49
682
33
638
473
525
290
479
1355
1270
383
58
1138
432
1114
20
19
1101
787
1083
982
950
669
575
590
551
526
29
218
502
111
368
352
1391
1354
311
69
177
1181
65
858
274
10
257
12
28
31
1581
33
1572
50
1572
193
39
1364
1063
687
1243
670
302
1357
65
1171
76
1125
70
1257
70
1070
482
439
202
186
443
374
1088
158
1031
113
906
779
293
763
163
133
769
710
1144
683
1097
587
560
1046
544
984
935
499
672
595
162
392
401
306
193
741
692
731
481
678
549
1024
1022
817
1471
638
1364
1243
538
586
1029
768
723
705
596
594
566
428
412
398
568
991
497
931
486
670
312
529
532
384
524
381
490
472
379
1518
1290
1959
1024
1562
1021
1412
1021
1245
1008
1123
926
903
850
742
839
602
814
490
780
419
778
404
749
398
741
741
822
709
522
669
461
1841
1786
1661
1623
1554
2066
1502
2006
1420
1768
1240
1675
1218
1626
1126
1547
1108
1523
1081
1494
1018
1473
980
1449
973
1310
925
1133
964
681
751
645
611
594
2061
2034
1598
2028
1463
2019
1442
1809
1327
1637
1261
1336
1200
1317
1187
1258
1038
913
1186
732
1132
1052
710
714
880
671
881
743
1798
1699
1603
1587
1243
1452
1189
1422
1115
1337
1089
1155
990
941
2411
1060
2306
1047
1991
867
1965
830
1810
1798
1782
1727
1581
1566
1365
1359
1360
1350
1284
1790
1659
1598
2448
2293
1603
1515
2203
913
2067
2058
2321
1519
2230
1359
2158
1088
1891
1063
1060
921
2340
888
2169
1825
1792
1560
1512
1375
2470
1145
2466
2166
2339
1911
2189
1008
2180
1488
2180
1424
2036
1412
1879
1414
1815
1152
1735
1060
1463
1414
1087
1448
1340
1080
2567
1594
2536
1332
1215
2457
1197
2363
2311
2309
2057
2032
1940
1928
1892
1801
1394
1384
1384
1234
1889
1871
1495
1493
1337
1809
1771
1536
1319
1277
2863
2815
2797
2137
2701
1830
2518
1761
2485
1666
2482
1546
2417
1504
2375
1440
2268
2252
2171
2134
2008
1740
1734
1611
1496
1493
2794
2784
2767
2743
2702
2655
2596
2529
2422
2269
2251
2118
2105
1981
1907
1733
1600
1561
2710
2555
3086
2531
2797
2477
2667
2435
2635
2432
2594
2125
2403
2116
2095
2408
2044
2357
1882
2183
1832
2175
1698
2169
1702
2168
1668
2164
1566
1983
1921
1913
1842
1681
1664
3112
2952
2818
2692
2660
2544
2266
2137
2141
2121
2095
2058
3224
1965
3212
1909
3213
1862
2873
1866
2792
1717
2746
1706
2586
2500
2230
2214
2073
1855
1749
1741
3192
3120
3094
3023
2959
2908
2902
2896
2769
2523
2521
2504
2508
3367
2499
3171
2274
2923
2088
2897
2061
2900
2027
2867
2029
2692
1892
2617
1891
2608
1838
2345
1838
2304
2217
2066
3453
3454
3373
3258
3228
3145
3021
2867
2772
2742
2746
2718
2705
2615
2603
2514
2192
2149
3489
3211
3195
2879
2869
2717
2712
2680
2446
3212
2406
3099
2284
2952
2278
2837
2261
2830
2218
2718
2180
2679
2343
2235
2203
2164
2265
3686
3671
3602
3562
3453
3316
3273
3162
2998
2940
2871
2781
2676
2671
4481
4394
4388
4286
4197
4148
4146
4086
3986
3877
3865
3165
3867
3127
3837
2990
3662
3570
2966
3432
3192
3092
3085
4548
4545
4311
4274
4205
4110
4023
4010
4003
3979
3846
3778
3759
3708
3651
3591
3480
3312
3282
3285
3218
3199
3139
4824
4668
4665
4651
4611
4586
4499
4462
4179
3888
3868
3713
3640
3603
3570
3459
5004
4979
4903
4838
4736
4712
4613
4531
4483
4405
4260
4050
4024
4000
3799
3725
3642
3644
6623
6500
6410
5869
5727
5632
5506
5365
5171
5
5
6
5
8
5
7
5
5
5
6
7
10
6
16
22
15
24
24
21
26
8
9
17
20
46
5
12
33
61
69
83
5
48
5
36
26
80
11
108
25
27
35
111
13
127
15
142
130
27
33
55
45
35
113
243
5
60
31
5
33
9
40
6
135
272
44
227
146
17
116
192
26
9
50
229
12
62
10
87
34
67
233
84
85
83
83
18
9
9
403
181
374
12
6
7
339
315
136
319
248
17
201
17
139
304
327
121
23
182
42
131
29
6
248
103
78
229
56
5
69
22
50
232
174
221
62
119
372
544
235
527
449
351
25
309
488
384
180
179
11
248
115
15
332
192
113
170
317
16
370
27
262
265
10
261
379
104
11
523
40
329
77
24
32
337
152
294
177
151
176
289
148
271
14
11
16
125
147
6
92
13
365
5
156
34
13
110
7
26
334
68
281
171
60
6
265
30
15
239
838
242
831
15
203
98
17
9
709
18
526
34
489
837
15
530
607
586
541
700
111
526
12
16
128
493
502
15
383
694
344
34
34
247
199
365
435
207
301
10
961
259
936
128
52
564
496
9
958
934
17
5
773
44
20
269
970
27
804
67
765
775
187
585
963
791
793
725
318
169
589
441
197
636
13
167
321
145
497
683
303
617
200
181
34
78
549
40
6
470
212
458
397
227
1222
16
9
1149
7
454
1128
1150
206
1145
1035
23
1044
1024
1031
1026
838
1001
85
988
681
372
258
95
267
227
105
133
997
1160
955
1073
543
865
491
21
104
500
670
472
378
15
40
713
29
621
21
463
313
372
526
396
371
27
99
1023
357
6
291
1026
215
648
217
1283
217
9
205
1276
158
240
10
300
574
195
94
10
709
100
31
206
429
208
5
227
14
11
170
146
21
1436
80
424
21
860
5
24
1333
416
15
157
5
113
204
584
25
210
139
14
867
1218
394
1081
911
328
817
169
774
699
5
615
48
235
49
12
565
309
669
577
309
578
293
490
257
384
308
350
262
105
64
856
129
767
68
459
487
362
192
265
195
181
218
164
162
886
884
777
1592
776
1518
1509
1429
637
1391
308
1298
256
1189
210
1081
204
1018
180
1002
184
955
187
951
847
862
839
778
797
417
794
381
341
545
897
474
593
470
477
306
326
1865
254
1866
1790
1780
1608
1504
1522
1458
1435
1366
1436
1333
1430
1289
1279
1433
1391
1338
1267
1150
1267
1108
1220
1205
1941
1074
1027
1030
944
957
933
618
791
603
776
575
769
519
671
1016
938
949
789
686
580
678
543
440
535
1567
462
1556
1371
899
1189
809
1192
692
1160
696
1041
1038
2037
1867
873
1855
875
1792
879
865
1751
1728
699
1634
544
1513
2050
1470
1868
1147
1008
1872
993
1829
809
1827
772
1566
675
1358
1912
1320
1905
1322
1902
1279
1509
1202
1275
1142
842
1066
742
1018
673
829
713
901
651
807
639
726
556
658
570
2116
2120
1710
2103
1676
2085
1567
1622
1274
1465
1061
1428
1427
999
1382
1235
934
1016
842
941
892
889
753
757
758
703
1421
1229
966
899
2070
864
2064
764
1754
710
1671
1575
1569
1574
1489
1558
1470
1054
1293
906
1208
1165
1105
1034
834
831
2205
1979
2307
1755
2096
1508
2063
1382
1770
1250
1705
1170
1693
1165
1454
1053
1432
968
1423
878
1392
863
1317
1265
1087
871
2213
2215
2160
1869
1853
2148
1847
2148
1833
2148
1686
2091
1417
2027
1316
2019
1270
1993
927
1973
1939
1871
1826
1680
2037
1564
1899
1417
1757
1101
1677
1027
1619
1587
1381
1252
1130
1815
1778
1702
1702
1321
1322
1068
1424
1304
1271
1241
2715
2548
2514
2280
2162
1997
1993
1954
1875
1740
1667
1658
1584
1302
2787
2582
2551
2514
2413
2319
2291
2132
2056
2052
1953
1911
1546
1432
1341
1311
2126
2102
1961
1884
1869
1859
1622
1502
1490
1492
1493
1463
1414
2409
1391
2384
2349
2248
2134
2001
2919
1975
2886
1854
2794
1835
2786
1716
2730
1703
2200
1680
2151
2045
1911
1840
1796
1790
1547
1507
2969
2932
2829
2806
3135
2725
2524
2638
2419
2495
2357
2334
2348
2246
2327
2211
2285
2139
2257
1913
2246
1869
2244
1777
2171
1630
1905
1883
1863
1829
1744
1699
1631
2804
2616
2616
2555
2519
2453
2222
2135
2055
1975
1943
1943
1758
1753
3354
2921
3258
2749
2989
2742
2901
2707
2693
2464
2682
2436
2643
2407
2570
2400
2306
2382
2206
2283
2146
1976
1940
1975
1897
1940
3224
3116
3096
2972
2948
2950
3440
2945
3388
2931
3211
2902
2974
2837
2926
2824
2930
2785
2780
2621
2714
2603
2651
2112
2465
2081
2228
2031
2032
2028
2036
2012
1990
1983
3688
3497
3474
3447
3292
3147
3115
2590
2583
2586
3661
2545
3491
2333
3467
2116
3367
3367
3352
3072
3057
3060
3042
2964
2959
2948
2893
2834
2826
2612
2587
2568
2550
2363
2334
2255
3779
3769
3647
3602
3457
3392
3269
3186
3003
2809
2775
2777
2769
2634
2458
2916
2920
2858
2757
2566
2539
2430
2419
3158
3153
3088
3091
3089
3072
2829
2813
2744
2622
2572
4598
4403
4308
4248
4063
4039
4004
3896
7149
7037
6977
6951
6955
6795
6767
6403
6208
6145
6122
6014
5905
5770
5696
5
5
8
14
5
14
37
5
37
32
35
6
5
7
47
12
68
15
88
8
58
27
25
9
5
58
15
24
5
24
21
116
10
142
93
93
91
5
41
161
32
9
18
82
129
7
6
115
15
219
42
118
36
35
24
14
143
290
43
17
200
82
33
28
5
5
17
69
198
16
90
8
137
5
56
6
27
386
14
384
108
323
8
72
48
26
347
174
206
272
5
38
5
21
431
279
179
70
175
26
24
95
7
340
111
116
152
485
346
128
267
106
23
108
353
18
224
472
331
69
330
53
5
42
13
139
6
16
214
439
20
303
236
160
219
47
174
74
96
17
154
268
121
240
6
240
174
6
96
9
66
17
145
5
7
313
137
46
26
22
6
51
34
164
17
21
604
524
16
489
523
367
8
19
10
500
452
505
5
19
347
189
51
6
15
36
5
36
21
18
222
32
6
502
27
497
9
679
401
618
36
553
349
390
12
8
329
328
69
15
220
920
924
853
13
5
620
937
621
426
428
628
940
443
434
404
118
13
748
391
12
344
946
294
908
768
259
390
133
363
802
116
139
139
86
76
82
72
335
10
291
34
820
53
820
54
811
21
76
793
486
67
625
101
569
60
48
875
19
352
5
137
5
7
118
195
872
15
31
110
24
31
871
121
310
818
219
691
191
12
90
84
364
165
27
187
346
83
144
443
6
35
380
54
56
18
10
1148
1025
118
10
5
28
7
100
319
400
154
256
22
54
242
309
132
130
33
91
1054
6
880
714
695
95
497
99
468
5
5
13
1012
21
441
21
387
941
309
945
316
12
45
929
31
906
268
880
83
681
63
152
227
1265
197
1100
615
581
33
559
557
1053
459
20
22
6
788
683
16
666
24
617
5
16
6
210
6
27
15
88
872
635
20
532
1392
206
16
17
1100
356
508
152
228
43
158
1540
39
34
30
488
44
1495
782
1434
48
1392
727
610
1381
1270
615
1276
1058
1250
1047
1045
985
895
927
875
926
662
924
413
868
384
872
370
553
287
492
228
490
202
167
385
168
357
565
510
1358
442
1226
500
1167
458
1118
438
941
375
885
368
830
834
783
757
660
654
635
656
547
653
512
523
346
379
312
322
257
1365
1070
1169
848
1035
851
947
829
736
747
374
675
325
647
630
1011
584
671
485
513
1478
1398
596
1394
1354
419
1301
383
1080
366
1066
1056
1050
390
1986
521
1783
507
390
1492
1231
1458
1163
1430
1048
1427
1005
1426
824
1298
675
1290
671
1237
855
1107
700
943
676
648
627
834
617
728
722
626
543
506
711
711
679
644
631
1898
1759
2142
1762
2104
1388
2055
1179
2000
1127
1937
1040
1937
867
1901
828
1872
805
1838
787
1739
1703
645
1608
605
1492
581
1429
575
1344
578
792
567
711
598
2085
1958
1390
1927
1362
1846
1359
1810
1232
1483
1174
1468
1009
1155
900
943
780
929
687
831
820
732
2051
2046
1982
1910
1783
1913
1354
1300
1861
1736
1126
1616
1016
1530
933
1370
901
1311
1088
2230
1081
2091
928
2060
875
1937
788
1925
760
1831
756
1800
1670
1547
1523
1393
1353
1307
2349
1224
2202
1065
2113
1056
2102
902
2048
2022
1981
2318
1945
2306
1920
2303
1807
2184
1794
2110
2099
1781
2050
1882
1707
1805
1622
1687
1614
1617
1567
1601
1541
1467
1516
1449
1419
1413
1208
910
1421
1386
1354
1281
1245
1201
1153
1130
1131
1079
2002
1999
1969
1973
1976
1724
1495
1447
1078
1031
2481
2633
2455
2522
2342
2135
2210
2100
2167
2073
2028
1950
1903
1835
1845
1812
1775
1332
1230
1232
1194
1216
1188
1177
1178
2621
2560
2489
2309
2295
2263
2206
2046
1960
1671
1600
1598
1454
1387
1373
1372
2939
2648
2460
2414
2205
1817
2120
1776
1880
1761
1689
1735
1626
1507
1473
1493
1469
1446
1420
2952
2879
3013
2859
2916
2509
2501
2446
2502
2257
2499
2238
2440
2203
2406
2123
2347
1871
2318
1759
2293
1636
2296
2249
2123
1968
1556
2926
2860
2838
2773
2719
2700
2662
2663
2306
2650
2283
2602
2171
2503
2120
2290
2083
2135
1994
2079
1785
1975
1726
1885
1749
1742
1708
1709
1646
2970
2911
2866
2792
2773
2706
2390
2192
2184
2061
1995
1970
1922
3395
3098
2893
2882
2303
2826
2306
2787
2305
2626
2235
2510
2053
2455
1833
2363
2316
3225
2300
2928
2287
2704
2280
2577
2132
2463
1906
2331
1831
2222
2175
2082
1939
1943
1880
3317
3295
3201
3076
3070
2764
2727
2683
2598
2585
2513
2392
2321
1979
3599
3524
3497
3493
3409
3252
3133
3095
2994
2937
2859
2813
2802
2480
2447
2303
3657
3579
3561
3364
3071
3072
2699
2501
3381
2419
3381
2230
3369
3298
3583
3214
3475
2971
3257
2919
3258
2707
3259
2698
2992
2278
2878
2842
2832
3442
2792
3394
2746
3221
2635
3190
2638
3081
2395
2998
2395
2934
2269
2921
2854
2723
2682
2678
2422
2335
2836
2753
2709
2650
2624
2390
3812
3650
3510
3421
3282
3232
3216
3094
2800
2663
2653
2483
2455
4644
4435
4392
4249
4097
4024
4006
3946
3854
4903
3700
4869
3642
4804
3342
4653
4610
4606
4480
4394
4369
4321
4311
4166
4035
3958
3905
3636
3624
3610
3606
3582
3397
5
5
7
7
8
5
5
8
15
10
23
12
5
31
10
26
9
8
49
9
5
9
6
11
9
25
14
10
71
56
20
18
61
21
47
21
74
9
88
74
45
31
11
100
22
25
80
52
59
38
147
135
76
73
43
10
10
5
67
81
207
76
15
6
58
30
54
270
226
10
53
218
6
63
40
63
16
8
35
9
181
180
17
19
284
280
214
13
130
214
217
206
6
142
227
5
139
31
235
117
229
254
435
212
18
141
9
374
5
314
131
260
404
19
19
15
40
272
357
56
59
71
287
5
176
13
152
360
47
61
191
39
182
127
140
15
346
580
137
46
414
246
53
47
161
364
128
6
94
88
512
630
280
267
14
201
202
395
329
66
24
5
200
31
138
33
57
21
345
342
10
210
408
12
194
28
160
157
86
11
13
104
698
72
304
16
6
634
65
407
272
11
51
8
330
5
401
6
298
52
134
351
100
9
6
507
26
6
9
9
14
469
465
290
40
8
35
508
22
677
13
76
908
763
26
611
5
550
303
15
295
51
42
47
35
492
15
13
309
784
437
50
14
13
302
296
225
277
59
958
251
16
8
188
132
915
526
23
203
9
68
49
136
10
110
171
243
790
15
62
389
17
206
35
1044
323
23
938
15
899
157
116
45
27
256
344
131
237
265
101
7
213
44
423
990
336
46
899
14
850
19
130
57
5
75
807
34
6
28
11
189
65
69
906
34
1171
363
448
14
242
214
1099
22
183
31
1296
53
180
92
209
96
55
179
47
988
33
137
183
60
1225
954
67
8
88
27
958
141
915
141
733
479
5
262
1137
285
14
1143
9
980
934
34
24
285
127
915
32
772
38
700
920
98
171
9
1483
5
197
12
870
66
757
1391
1381
684
670
6
828
822
6
653
102
776
1165
583
657
641
562
387
333
380
14
383
306
244
39
302
17
19
1410
198
1135
16
784
456
372
18
125
339
114
430
322
384
372
388
143
38
323
21
251
6
96
9
80
511
428
432
74
268
63
89
13
71
29
78
21
7
16
12
6
18
879
36
355
937
298
157
325
921
216
804
768
820
698
254
652
157
495
109
399
392
949
355
762
244
437
1003
928
1015
675
470
783
462
770
290
698
189
693
655
642
542
275
536
244
506
340
1861
1648
526
1523
358
1206
321
1168
509
1142
493
890
487
272
379
2061
1976
1575
1212
1088
1177
947
1118
900
1020
746
856
407
844
363
847
1994
773
1871
664
1514
1492
1337
1216
913
1198
666
1165
542
1122
372
1077
951
708
702
474
464
465
375
1176
984
903
1516
866
1405
775
1319
1088
1219
1080
1194
955
1093
951
977
890
662
890
447
863
836
632
1681
620
1680
511
1632
488
1285
1130
1109
1101
1079
681
657
2269
581
2194
506
2176
2128
2125
2329
2072
2312
1703
2301
1702
2270
1610
2046
1560
2000
1410
1990
1368
1323
1940
1303
1914
1087
1916
942
1900
833
1868
800
1792
784
1737
1806
1657
1795
1481
1763
1434
1696
1302
1686
1115
1494
1036
1207
1036
722
898
637
836
809
774
706
1272
675
1195
959
938
850
2196
2069
2062
2016
1983
1933
1875
1819
1768
1644
1630
1511
1488
1452
2152
1403
2125
1282
2013
1040
1831
1006
1735
941
1697
848
1652
786
1620
1389
2183
1329
2183
1047
1872
994
1826
925
1695
883
1453
822
1442
813
1045
2116
2052
1491
2012
1410
1958
1348
1618
1131
1523
1087
975
2584
2504
2103
2078
2058
1845
1649
1521
1342
1304
2424
1103
2329
999
2313
995
2222
2146
2141
1604
1430
2289
2275
2256
2235
2092
1632
1924
1562
1884
1438
1875
1397
1830
1398
1716
1197
1564
1073
1547
1422
1252
1229
1168
1152
1132
1116
2301
2235
1988
1936
1733
1706
1612
1314
1274
2543
1263
2456
2381
2322
2255
2190
2182
1896
1896
2916
1882
2541
1564
2464
2345
1957
1919
1867
1592
1572
1545
1511
1345
2383
2372
2214
2195
1848
1785
1678
1593
1594
1557
3029
2814
2801
2788
2667
2497
2435
3063
2232
2943
2202
2577
2129
2558
2069
2550
1986
2317
1895
2266
1879
2140
1765
2139
1637
2120
1545
2123
2020
2021
1973
1934
1652
2881
2596
2550
2455
2221
2211
1863
1667
3413
3203
3146
2767
2548
2459
2473
2451
2287
2339
2211
2290
2196
2279
2147
2181
2099
2052
2080
2011
1994
1801
1955
1750
1862
3464
3258
3242
3228
2952
2577
2333
2328
2284
2122
1886
3290
3170
2974
2822
2787
2775
2707
2541
2471
2382
2377
2329
2153
2144
2039
2041
3586
3541
3852
3505
3855
3263
3743
3231
3545
3224
3478
3226
3406
2446
3399
2450
2938
2408
2897
2312
2835
2197
2707
2196
2611
2394
3635
2174
3634
3590
3590
3560
3500
3418
3388
3134
3011
2913
2833
2648
2633
2518
2495
2420
2335
2304
2238
4324
4107
3999
3960
3904
3894
3680
3550
3463
3299
3162
2985
2966
2807
2714
2689
2675
4539
4119
4088
3853
3838
3818
3389
3350
3287
2994
2968
4724
4368
4140
4018
3894
3885
3697
3540
3461
3389
3269
3240
3138
3074
3057
3057
5488
5467
5262
5192
5171
4997
4886
4848
4725
4724
4574
4523
4510
4514
4468
4263
4261
4264
4212
3976
3962
3965
3884
5
8
9
5
9
7
16
6
12
9
8
6
20
5
5
11
5
5
29
37
9
5
14
49
5
51
9
16
38
83
115
85
60
6
93
97
138
5
8
6
37
155
76
37
53
95
44
30
25
10
15
12
15
159
176
17
75
16
164
197
238
38
10
11
26
138
5
285
145
41
293
9
215
10
5
9
233
172
26
18
92
8
349
32
228
10
65
9
21
366
197
19
5
354
232
12
235
30
338
219
141
209
54
11
15
281
13
81
292
5
52
63
6
292
258
187
237
388
175
123
20
92
17
410
66
20
40
6
9
42
6
370
58
59
8
76
348
12
271
83
60
5
447
375
438
368
363
307
292
242
155
162
30
76
5
16
8
370
12
6
361
7
298
51
12
7
189
5
72
6
6
102
104
225
108
79
102
131
589
64
506
596
375
272
23
37
5
802
6
758
5
515
11
383
5
643
6
344
11
36
16
88
656
80
632
266
550
18
490
299
138
6
157
15
158
30
108
149
47
15
49
15
742
611
34
596
82
45
541
528
73
371
802
85
528
970
401
823
122
754
629
9
27
18
1013
32
959
1004
231
860
602
175
108
592
132
6
13
81
656
910
895
5
13
30
901
5
421
41
69
1041
962
1112
1014
958
936
933
863
716
641
500
291
5
999
291
272
663
153
160
11
38
5
177
497
11
60
5
466
7
468
5
458
128
437
99
192
64
126
1232
377
1190
1113
30
1077
305
9
12
368
22
401
30
402
20
404
16
321
1100
340
37
1066
11
983
1112
709
84
477
988
20
6
544
41
537
1011
1072
973
1000
48
940
5
313
10
304
901
713
241
507
499
1085
1402
1063
209
439
1325
859
1316
757
429
786
415
697
1154
674
1143
672
1034
569
296
8
6
780
15
649
403
21
23
361
357
985
320
953
147
536
534
348
19
267
115
530
421
956
291
287
102
5
61
763
15
706
1537
659
1488
655
620
944
1445
781
1500
740
1487
1391
102
1620
1179
1593
1411
980
514
1416
1051
1367
981
593
1291
1196
456
421
930
411
1173
997
219
995
1143
973
974
876
965
728
844
432
822
1492
768
733
1487
1490
822
720
658
1506
607
1491
1416
1461
1628
401
308
1100
1003
266
854
1411
1377
1280
267
1280
885
1205
1183
1170
1104
1139
1089
1116
957
1114
861
892
697
1050
858
472
348
1056
690
735
645
539
637
361
468
444
445
371
881
1233
735
1060
705
986
407
651
928
1187
890
1141
1100
890
1099
672
987
470
444
1049
1804
1049
1471
1166
1042
1131
900
1081
883
991
935
1062
822
1049
992
753
1158
1489
868
1464
811
1410
1136
784
597
689
714
671
683
573
661
541
639
1767
801
1727
1707
1111
1681
1111
1631
1042
1568
915
1531
734
1503
722
1461
601
1421
623
1311
1211
1726
1215
1547
1456
1154
1399
1014
1317
940
1064
904
908
952
695
881
879
1505
853
1240
757
1063
683
682
1044
1031
1042
938
851
1671
810
1447
2279
1449
2182
1434
1966
1417
1726
1384
1697
1323
1700
1173
1581
1553
1169
1473
1101
1464
1052
1388
985
1389
859
1334
812
1176
778
1149
1001
1145
846
1148
1125
833
901
856
2006
1971
2069
1749
1957
1718
1695
1511
1599
1433
1367
1469
1329
1453
1332
1278
1148
1282
1120
1276
1093
1512
1039
1497
932
1388
1385
1357
1266
1992
1006
1995
981
1745
1263
1717
1231
1590
1231
1592
1208
1560
1072
1474
993
1434
1430
1205
1183
2045
1173
1904
1008
1840
1753
2436
1699
2371
1514
2355
1514
2344
1454
2162
1178
2046
1168
1937
1144
1865
1847
1690
1633
1458
1375
1234
1181
1109
1096
2444
2046
2044
2013
2008
2609
1953
2542
1873
2474
1847
2396
1813
2377
1773
2241
1593
2166
1597
2138
1586
2081
1490
2081
1440
1995
1405
1958
1936
1828
1705
1640
1609
1521
2140
1340
1919
1337
1898
1295
1503
1267
1376
1267
1377
1225
1343
1478
1456
1402
1375
1654
1606
1503
1260
1996
2535
1924
2530
1780
2479
1739
2458
1713
2416
1709
2370
1509
2283
1949
1920
1550
1473
2018
1872
1835
1803
1804
1790
1727
1649
1639
1828
1612
3082
3058
2995
2954
2945
2926
2651
3061
2594
2996
2543
2973
2545
2960
2417
2818
2252
2525
2082
2491
2078
2465
2021
2293
1714
1955
1620
1817
1589
1762
1591
1596
1551
1540
3131
3114
3034
3014
2936
2886
2695
2651
2499
2464
2462
2337
2328
2263
2184
2148
2074
2050
2033
2004
1940
1812
1677
3011
2919
2862
2783
2740
1988
2743
1904
2713
1892
2621
1854
2585
1799
2277
1789
2279
2280
2093
1796
1785
1782
1779
1750
3630
3545
3463
3441
3442
3405
3385
3307
3261
3019
3490
2852
3441
2707
3380
2590
3303
2350
3275
2313
3240
3110
2860
3216
2860
2943
2814
2878
2768
2723
2689
2510
2420
2514
2418
2415
2252
2360
2205
2177
3003
2953
2621
2592
2549
3267
3263
3227
3198
4132
3923
3605
3599
3569
3395
3221
3123
3039
3014
2941
2857
2798
2788
4110
4059
4022
3968
3804
3649
3623
3614
3492
3480
3354
3214
3205
3033
4456
4430
4423
4416
4336
4330
4198
4194
4163
4111
4066
4049
3989
3752
3693
3562
3329
3309
4975
4965
4937
4675
4679
4677
4624
4550
4466
4235
4230
4158
4066
3791
3787
3631
3482
8
5
5
22
12
24
14
6
18
17
6
6
33
39
26
52
67
29
22
10
12
43
64
21
44
51
5
22
76
51
59
25
25
48
28
103
65
10
6
75
36
13
65
157
137
97
157
5
114
6
208
9
220
15
144
180
22
21
59
183
29
15
103
15
6
12
40
14
5
59
13
6
24
6
22
11
281
163
130
5
6
8
25
46
294
326
5
256
369
222
14
269
6
21
14
262
195
304
294
475
180
276
195
280
17
257
169
5
422
48
22
48
149
269
525
483
435
396
5
473
553
382
171
362
136
356
158
8
337
492
49
15
250
34
38
167
134
542
9
25
604
529
413
148
397
27
189
407
23
20
285
638
261
356
268
81
20
604
596
565
523
481
9
449
149
306
15
388
517
336
249
293
284
31
282
230
15
188
158
295
8
777
365
779
195
769
6
141
399
269
138
266
16
5
597
626
579
611
312
139
23
22
18
822
9
637
7
40
514
50
620
519
611
238
481
694
153
550
154
872
737
661
831
58
767
737
78
75
640
481
586
66
608
24
173
302
41
524
210
587
5
366
254
116
14
42
948
175
908
658
1090
556
1010
776
49
743
727
927
435
929
225
902
1083
805
177
19
548
509
443
41
13
564
155
1050
9
1010
8
5
5
811
901
564
712
530
283
450
275
32
41
279
32
298
546
206
17
494
403
67
11
608
31
45
135
147
90
5
43
11
585
585
10
69
81
565
752
561
5
511
13
95
761
137
555
511
95
15
5
377
8
285
77
248
26
5
93
68
18
54
5
20
8
1173
1176
457
671
495
206
264
1145
1074
410
115
1065
115
24
387
275
17
1128
164
687
120
736
137
31
559
562
5
9
411
281
9
103
6
25
428
303
144
15
125
368
489
33
489
405
370
1016
355
1018
298
146
815
382
5
316
27
17
209
180
256
118
236
45
48
1130
27
916
52
1040
140
733
106
704
363
519
215
365
85
1074
1499
404
1480
1459
411
1418
1210
1138
506
1075
425
959
149
882
824
326
805
730
673
311
657
231
602
540
233
327
228
179
1475
1474
1441
1291
1373
1220
1471
1172
1102
1235
1099
919
1081
296
895
847
698
690
1364
612
1164
521
1156
502
1064
474
1053
431
330
324
910
611
540
1881
1860
482
1802
314
1757
1753
1971
1699
1903
1667
1894
1571
1895
1431
1846
1357
1834
958
1800
953
1563
1400
924
606
608
1269
539
1234
412
1034
832
1364
828
1351
729
1286
690
671
1280
540
1261
535
1249
396
1096
1071
1135
1070
923
1057
659
753
568
1147
1121
1022
479
758
762
496
934
898
784
770
772
658
1926
638
628
1915
1857
1762
1710
1564
1762
1518
1651
1376
1414
1310
1413
1208
1288
1115
1209
1091
590
1089
928
1941
1925
893
881
1853
773
1687
723
1550
694
1237
698
1188
630
979
966
945
936
853
2218
2154
2068
2060
2037
1502
1396
1345
1241
1171
1042
1010
1811
729
1015
1012
934
885
2270
888
2231
863
2154
754
2018
1851
1585
1547
2000
1453
1765
1456
1708
1335
1598
1275
1540
1038
1465
1425
1266
1252
857
2347
2517
2271
2474
2179
2154
2174
2011
2023
1789
1962
1761
1895
1764
1762
1722
1476
1694
1477
1698
1409
1662
1385
1511
1348
1484
1296
1440
1199
1391
1182
1264
1081
1106
1022
1020
2520
2508
2478
2219
2075
2057
1745
1692
1601
1575
1535
1335
1146
1136
2014
1899
1764
1762
1728
1723
1647
1636
1617
2606
1581
2590
1370
2582
1364
2384
1257
1888
1164
1714
1097
1536
1425
1261
1942
1838
2798
1635
2736
1624
2668
1225
1158
2631
2522
2390
2094
1715
1573
1568
1484
1392
1363
1308
1241
2720
2606
2540
2350
2255
2101
1816
1511
1458
1247
1384
2972
2974
2960
2854
2815
2633
2599
2892
2453
2776
2050
2725
2004
2521
1844
2475
1774
2408
1731
2336
1666
2163
2123
2120
1904
2048
1698
1904
1597
1866
1562
1800
1755
1727
1487
2965
2898
3037
2838
2872
2833
2831
2827
2815
2820
2727
2785
2716
2627
2544
2585
2533
2573
2494
2531
2365
2400
2240
2311
2204
2267
2170
2230
2143
2189
2079
2173
2077
2111
2075
1875
1728
1878
1721
1875
1695
1871
1685
1823
1668
1812
1812
1805
1777
1714
1714
1718
1655
1642
2866
2712
2700
2537
2493
2406
2390
2246
3042
2105
2925
1977
2735
1936
2497
1908
2470
1851
2456
2416
2286
2682
2154
2626
1917
2599
1858
2450
1839
2406
1795
2251
2241
2207
2193
2104
2089
3325
2042
3160
1944
3010
2942
3173
2732
3055
2648
3036
2550
2920
2482
2834
2360
2783
1991
2690
2330
2224
2026
1999
1932
3499
3484
3437
3424
3287
3174
3170
3044
2997
2984
2964
2718
2632
2585
3506
2574
3475
2475
3420
2320
3381
2276
3294
2243
3230
2206
3160
2199
3087
2164
2993
2124
2900
2047
2867
2739
2583
2583
2419
2253
2072
3519
3234
3157
3127
2925
2889
2651
2592
2325
2188
3746
3689
3684
3674
3413
3300
3137
2964
2720
2698
2540
2315
3192
3128
3085
3051
2999
2862
2857
2683
2580
2516
2390
3765
3556
3461
3437
3218
3189
3111
3015
3016
2602
2534
4170
4065
3836
3826
3646
3392
3387
3264
3248
2945
2740
2664
2645
4111
3917
3897
3824
3718
3695
3663
3604
3579
3384
3363
3350
3325
3329
5
5
7
6
7
8
5
5
8
11
16
15
17
8
5
14
14
6
9
14
19
17
9
24
6
20
14
6
11
12
14
39
9
28
9
26
13
38
10
6
23
10
5
43
6
152
32
47
14
32
130
129
16
6
44
173
33
13
15
55
41
43
61
18
65
245
236
41
33
76
265
78
84
61
243
92
195
188
10
314
260
115
21
57
47
43
15
45
12
19
22
23
60
202
42
14
236
163
18
65
6
400
299
74
231
416
6
6
85
26
406
50
36
6
5
26
8
29
92
12
84
6
320
12
27
84
106
42
270
11
464
436
381
282
31
153
41
111
6
499
431
18
58
484
203
117
13
445
152
62
93
14
31
65
11
10
18
35
579
571
472
8
372
112
49
503
59
397
528
11
31
497
35
24
68
506
41
25
38
711
505
605
621
378
558
271
27
514
5
534
412
96
443
443
533
66
772
426
454
6
384
681
5
676
49
296
94
259
18
607
284
454
252
438
101
6
103
386
75
65
256
15
445
346
127
898
163
221
86
213
24
580
157
218
485
176
47
17
374
832
290
685
222
671
97
223
35
618
39
7
602
245
346
81
42
8
90
431
69
342
491
296
298
213
180
40
97
37
377
15
921
19
105
6
726
850
657
842
634
670
624
660
52
15
54
5
6
59
14
467
389
663
161
611
52
596
582
468
50
7
73
44
131
438
126
758
582
5
484
693
443
598
541
408
172
225
141
536
10
24
423
21
1187
386
50
425
41
317
45
320
1060
634
1066
965
197
880
199
774
151
765
1340
742
10
138
329
297
138
29
137
25
634
731
721
492
44
461
12
19
8
7
541
635
525
495
313
69
725
1291
52
5
512
47
384
115
396
399
308
377
222
405
194
340
311
14
7
794
162
48
141
909
781
1616
687
605
343
487
1501
332
1405
314
104
243
212
73
150
1411
5
1341
16
1234
195
1702
21
1648
1332
1200
1072
28
34
71
1328
1296
878
1215
876
1162
844
1044
1030
987
1657
874
738
803
687
1660
621
442
1636
396
243
279
239
1648
1118
1473
1117
1243
1072
1218
1045
1176
1040
1045
977
738
653
706
431
455
187
371
1668
334
1512
310
1416
268
1192
222
1188
370
1110
1107
852
1087
683
1040
918
919
910
831
851
790
818
791
1895
763
760
747
533
432
455
357
314
1867
1783
1499
319
1410
1372
751
1694
1335
1676
1521
1414
1402
1352
1387
1320
1279
1154
1213
1145
1015
1121
965
942
949
834
889
528
798
407
724
777
1687
1502
1499
713
1493
446
2032
716
1854
1560
2098
1919
1055
1020
1911
1894
915
1842
805
1637
680
1535
550
1472
505
1458
496
1389
1108
1072
2020
959
1928
961
1780
954
1626
948
774
1591
650
1542
653
1528
1367
1338
973
1255
940
899
817
657
813
624
623
627
1272
1222
1582
1099
1438
1030
1346
921
1137
2229
1051
1030
2108
920
2088
1976
911
1468
852
1414
795
1329
1672
1293
1545
1179
1541
886
1481
841
1247
777
1051
708
781
1049
1739
922
1509
890
1371
697
1152
1044
1357
774
1070
1008
1885
943
1886
853
1881
1733
784
1691
773
1631
764
1620
1558
1532
913
1969
2210
1952
2096
1643
2084
1361
2079
2059
1296
2035
1017
1997
857
1907
1863
1850
1833
1781
1648
1521
1372
1337
954
1253
1155
2175
1035
2126
1005
2107
1959
1445
1921
1297
1771
1293
1774
1290
1757
1130
1664
1076
1445
1423
1425
1170
1146
1456
1293
1020
1707
1382
1342
1207
2494
1143
2472
1133
2387
2333
2249
1517
1326
1217
1166
1170
2723
2715
2628
2629
2476
2159
2127
1518
2071
1241
1974
1880
1857
1456
1424
2690
1413
2642
1317
2611
1298
2550
2336
2119
2116
1894
2050
1819
2032
1755
2011
1336
1973
1231
1819
1805
1725
1677
1512
1211
2941
2899
2761
2726
2544
2340
2158
1959
1823
2952
1771
2942
1763
2918
1495
2914
1380
2847
2811
2591
2430
2431
2382
2341
2237
2197
2141
1981
1760
1976
1438
1907
1406
1879
1680
1557
1473
1414
1824
1411
1737
1623
1515
2358
2188
2934
2160
2926
2056
2803
2033
2725
1829
2615
1791
2494
1582
2457
1569
2456
1545
2316
1524
2296
2212
2162
2103
1947
3137
1883
2956
1817
2881
1794
2881
1678
2853
1675
2483
1585
2482
1576
2192
1564
2088
1958
1828
1713
1702
1700
1669
2738
2642
3318
2394
3295
2391
3195
2325
2946
2282
2906
2172
2815
2173
2683
2002
2672
1880
2628
1853
2527
2333
1839
1937
1912
1758
1760
3397
3211
3130
2996
2967
2848
2794
2777
2735
2345
2115
2013
1905
1847
1848
1847
3005
2887
2769
2702
2469
2352
2177
2171
1937
3510
3182
3154
3123
3096
3085
3220
2819
3093
2781
3052
2778
3044
2664
3021
2634
2781
2570
2528
2365
2527
2369
2375
2360
2375
2314
2373
2210
2352
2134
2325
2320
2127
3269
3266
2897
2695
2629
2558
2440
2338
2515
2467
4017
2415
3949
3902
3746
3734
3693
3660
3584
3547
3455
3290
3142
3122
3110
2966
2845
2787
2490
2712
2710
2676
2630
2585
2580
2515
3611
3607
3546
3453
3423
3225
3141
2824
3598
3571
4672
4557
4460
4413
4226
3994
3954
3881
3852
3210
3212
3181
3129
4726
4723
4634
4572
4496
3928
3888
3700
3627
3579
3569
3433
5
5
9
9
9
9
7
11
13
19
5
6
18
6
36
50
63
5
34
17
18
17
14
28
91
37
16
20
71
20
16
120
70
5
74
35
193
179
32
65
24
97
27
44
18
82
9
59
15
241
218
79
130
247
125
24
31
44
74
113
5
22
156
8
94
13
13
73
7
270
67
127
263
19
28
5
17
24
49
327
254
21
254
59
251
344
310
55
40
14
92
23
22
156
168
11
6
368
14
445
85
12
322
276
26
73
6
300
5
16
216
356
347
5
343
87
310
201
171
179
21
5
14
460
6
194
24
69
385
47
5
408
14
16
5
374
36
27
6
8
359
6
51
8
253
5
229
51
105
5
107
5
52
5
17
7
8
133
318
238
45
6
354
121
18
73
24
5
12
121
26
28
72
39
28
14
139
5
10
34
63
306
16
63
33
43
61
169
108
69
33
38
59
70
20
13
710
72
628
72
76
82
519
8
487
30
424
156
87
341
85
320
5
32
9
13
24
143
7
13
6
21
87
28
94
145
53
10
52
622
569
863
351
5
273
759
735
11
40
271
868
266
6
24
104
229
744
63
178
19
759
155
669
104
59
25
106
105
84
33
32
5
14
94
10
14
6
12
1024
17
847
847
5
803
13
640
583
61
118
98
319
35
186
290
7
5
16
5
14
9
11
5
5
10
7
267
1144
269
956
251
247
823
25
262
25
6
5
244
831
976
693
10
8
12
219
14
22
191
5
191
20
87
28
158
22
1293
16
1292
32
1240
50
1101
38
1042
972
11
598
22
20
237
12
20
14
1087
45
45
99
20
67
1113
13
5
6
5
1323
1217
1367
1135
1157
973
972
900
883
697
974
849
731
653
380
633
566
561
520
486
561
342
43
34
162
147
15
1181
22
1121
589
529
160
18
959
707
69
618
6
596
1616
62
510
1538
116
26
1533
478
323
49
263
148
26
1204
15
985
147
1529
965
500
24
475
1272
851
23
477
465
1347
27
1293
449
23
441
1326
381
1185
307
1161
81
62
181
700
1028
698
950
566
902
460
374
1291
261
1280
924
211
147
910
1130
1376
1185
790
691
1565
301
494
476
569
1134
428
1395
376
1117
950
899
1124
1059
583
324
811
324
717
1284
690
210
646
1256
884
644
1494
362
1386
629
1357
612
1348
590
1257
541
1232
1182
632
1183
593
1170
302
1171
1985
1071
1982
1026
1940
973
1927
949
1764
511
1749
371
1643
1565
969
1569
856
1484
741
1467
492
1405
468
1401
402
1233
2058
1219
1954
1038
1940
1014
1833
976
1643
1590
2097
1525
1974
1495
1368
513
1139
1097
672
662
1825
584
1660
1098
1640
1045
1568
1044
1211
1035
977
900
988
900
976
822
945
819
850
822
669
721
574
536
610
565
1013
866
788
1015
765
936
844
734
653
1097
868
660
832
790
666
603
801
1409
779
1402
769
1237
619
1179
1174
1917
2212
1846
2149
1821
1547
981
1532
976
979
1398
886
1086
894
919
806
833
1856
748
1550
686
1399
1313
1260
1224
1024
983
967
809
775
783
2328
775
2167
1793
1618
1584
1549
1022
947
794
2444
794
2322
2265
2161
2095
843
2055
818
1863
813
1775
806
1680
1389
1368
1361
1240
1097
1091
1027
907
2452
2396
2198
2022
2012
1791
2009
1777
1894
1705
1844
1658
1722
1476
1630
1326
1369
1306
1251
1119
1266
1054
1082
1026
1041
1004
2345
935
2061
2048
1683
1643
1647
1369
1139
1074
2166
1998
1869
1015
1792
1585
1103
1400
1056
1373
1120
1108
1058
1972
1906
1891
1873
1853
1653
1636
2813
1596
2767
1575
2747
1563
2256
1488
2244
1454
2160
1448
2162
1414
2038
1391
1999
1356
1998
1220
1935
1878
1194
1757
1649
1565
1512
1305
1242
2714
2702
2640
2770
2616
2690
2570
2647
2499
2426
2464
2302
2386
1920
2270
1863
2185
1860
2162
1771
2088
1574
2057
1459
1991
1396
1916
1771
1539
1391
1392
1356
1358
1317
2431
2227
2155
2050
2921
1896
2925
1817
2903
1687
2849
1499
2849
2667
2661
2612
3013
2508
3008
2165
3007
2104
2997
1964
2964
1945
2907
1874
2760
1803
2719
1777
2707
2696
1628
2682
2614
1552
2588
1522
2592
2595
2561
2213
2160
2098
2083
1807
1753
1702
1587
3093
2789
2751
2735
2659
2470
2452
2333
2266
2044
2003
1963
1919
1902
1761
1700
1658
3059
3022
2891
2871
2790
2719
2670
2538
2540
2544
2541
2498
2056
2019
1934
1912
1846
1760
3384
3375
3369
3117
3086
2841
2839
2759
2537
2576
2363
2466
2353
2098
2059
2071
1989
2034
1967
2012
1858
1905
1789
1799
2338
2331
2202
1880
1869
3454
3395
3318
3258
2991
2988
2791
2598
2468
2454
3823
3564
3564
3512
3062
3065
3063
2905
2901
2812
2803
2758
2718
2698
2699
2674
2637
2615
2541
2473
2463
2409
2347
3986
3976
3632
3446
3372
3070
2752
2624
2610
2595
4142
4082
4050
3783
3586
3535
3535
3441
3437
3382
3169
3167
3136
2980
2765
4083
4069
3987
3820
3710
3405
3356
3300
5073
4920
4753
4598
4520
4510
4469
4144
3917
3914
3774
3535
3486
4808
4794
4462
4310
4169
4149
4150
4116
4006
3786
3684
3639
3576
5369
5372
5361
5182
5078
5002
4947
4943
4692
4676
4625
4627
4380
4309
4223
8
13
10
16
12
15
13
5
13
13
36
27
42
23
37
24
17
26
22
11
5
23
31
37
5
89
48
6
99
26
34
73
41
9
161
6
27
80
73
28
20
108
76
10
36
12
71
20
12
17
64
151
155
137
240
153
120
306
176
89
120
6
89
143
205
28
106
9
338
97
33
24
329
250
107
6
349
81
179
247
126
131
74
325
417
210
325
217
121
148
29
133
155
57
456
299
295
291
379
56
247
17
132
237
519
311
489
6
16
8
22
254
397
144
349
107
5
57
91
63
6
46
26
232
262
94
63
35
6
423
45
318
9
59
5
631
20
51
14
573
509
21
489
212
461
61
10
447
379
272
449
396
128
65
67
59
419
736
57
53
11
34
611
321
485
452
428
183
10
93
681
68
685
486
10
178
313
530
286
174
179
5
140
879
481
79
124
805
663
845
667
21
29
811
8
869
146
800
631
802
5
20
13
639
244
433
220
667
125
10
807
805
656
590
827
14
572
435
478
16
482
621
99
29
946
409
767
336
853
659
408
526
368
92
223
85
844
84
750
671
513
662
878
462
26
226
58
838
20
550
469
531
455
344
154
337
92
751
410
566
157
1046
316
381
105
26
37
34
22
229
6
517
46
14
8
213
263
336
15
840
730
689
19
664
771
531
634
63
6
655
626
509
629
483
553
87
5
234
448
239
8
300
578
6
49
142
583
552
191
439
196
1208
43
1069
22
399
555
85
1014
189
90
37
64
568
423
71
9
77
592
87
419
39
847
752
637
80
1134
489
1038
303
689
436
10
15
1470
99
438
291
90
179
618
628
582
390
619
11
587
14
5
583
215
536
10
6
1532
1514
320
553
1466
1391
43
522
1397
507
1281
489
1156
1572
18
1144
27
1151
1074
1583
215
1555
1381
535
23
537
52
241
1060
741
851
562
660
1606
666
1488
1147
449
1078
124
489
105
467
461
1525
1432
1332
1412
1325
321
1207
120
766
1206
253
759
1517
1521
581
1205
476
1147
392
187
394
328
1071
330
979
175
923
774
1715
447
295
174
303
1311
300
1142
1647
798
1541
754
1389
732
686
1085
623
1070
464
1034
1017
1013
1805
1793
794
1715
1133
1664
1391
1322
986
1319
884
1097
737
1013
1357
1018
678
951
890
598
669
467
588
334
591
1318
1177
1603
1332
1316
355
1231
1106
1225
1029
1038
946
740
454
2041
429
397
720
1399
2021
1379
1946
1331
1733
1320
1076
1444
741
1356
680
1307
1802
1137
1730
1795
1722
1641
1580
1439
1561
1238
1501
1226
1169
1483
1139
1376
750
1325
533
1314
1095
1307
756
1304
635
1300
595
1271
579
1235
531
1033
2012
849
1843
746
1658
705
644
1650
1639
1602
1391
1181
921
1176
911
884
905
662
896
805
1408
768
1180
761
1157
757
1149
721
969
718
911
661
866
2165
801
2139
669
2101
1830
933
1774
1770
866
1720
806
1516
1599
1372
1268
1318
745
1188
748
1190
1157
839
732
2372
710
2285
2265
2264
2205
2013
2177
1997
2134
1975
2075
1886
1915
1809
1726
1757
1728
1667
1632
1647
1562
1210
1474
1184
1364
1158
1331
1083
1280
952
1243
891
1201
812
1107
1056
828
1868
1843
1652
1615
1601
1389
1810
1352
1731
1292
1621
1279
1610
1281
1463
1214
1412
1170
1361
1070
1281
1048
1197
1047
1129
1043
923
1022
903
1728
1558
1984
1542
1964
1534
1901
1469
1885
1313
1883
1698
1695
1256
1469
1453
1039
1385
1011
1129
1128
2183
1899
1499
1870
1466
1784
1384
1438
1236
1418
1204
1337
1076
1314
1076
1290
1075
1211
1124
1632
1600
1603
1326
1165
2684
2389
2285
2436
2089
2172
2089
1949
2135
1869
2071
1869
1997
1632
1870
1583
1845
1408
1834
1824
1774
1698
1700
1668
1663
1606
1511
1378
1354
1225
1211
1554
1444
1427
1300
2602
2596
2871
2381
2558
2339
2460
2079
2436
2049
2337
1975
2317
1978
2209
1895
2212
1817
2019
1809
1632
1790
1541
1630
1525
1585
1482
3057
3021
2325
2200
2202
2126
2022
1949
1952
1870
1777
1650
1555
1556
1542
1520
1932
1821
1787
2245
1772
2184
1705
2175
1695
2156
1679
1866
1668
1838
1685
1580
2791
2540
2270
2271
2222
3110
2159
3012
1987
2931
1944
2931
1914
2897
1893
1892
2886
1783
2876
2801
2767
2417
2317
2162
1928
1730
1701
3127
3074
2998
2780
2377
2191
2164
2006
1956
1928
3399
3278
3252
3243
3123
2811
2791
2298
2226
2135
2126
2064
1991
1958
1934
1896
3174
3014
2949
2853
2809
2722
2720
2722
2726
2477
2473
2450
2394
2278
2273
2057
3303
3598
3263
3535
3033
3528
2848
3527
2476
3403
2411
3214
2219
3111
2210
2983
2089
2849
2849
2641
2506
2468
2308
2282
2174
2167
3462
3354
3270
3273
3249
3175
3099
2885
2860
2857
2850
2531
2295
3761
3730
3681
3540
3419
3179
3176
3176
2933
2821
2657
2631
2630
2387
2372
3538
3542
3520
3440
3441
3331
3245
2695
2581
2579
2540
3365
3154
2864
2738
2740
2741
2588
2512
4122
4064
3965
3963
3735
3576
3338
4147
3297
4132
3232
3911
3125
3893
3117
3760
3044
3758
2962
3760
2890
3756
3632
3585
3390
3120
3115
3028
2940
4571
4485
4296
4103
4082
4006
3970
3853
3830
3742
3579
3580
3563
3542
3537
3538
3465
3362
3284
3272
8
5
5
5
9
19
9
7
5
16
6
14
8
6
6
33
33
34
24
22
20
103
15
82
32
28
6
68
66
11
55
22
13
6
20
12
31
25
153
69
161
136
189
5
65
21
72
33
105
5
75
5
25
36
183
23
224
5
62
41
171
71
83
41
152
28
126
163
6
227
20
33
117
215
108
5
62
12
140
113
30
8
34
9
152
213
177
291
129
132
18
296
5
195
14
225
30
25
6
12
12
6
26
323
245
40
249
301
9
26
8
93
388
70
337
15
254
39
21
26
230
53
128
240
151
263
53
314
59
20
6
22
28
24
14
149
28
75
67
7
13
61
6
605
13
5
614
577
469
52
70
437
15
319
5
11
8
220
9
203
491
158
6
5
98
362
62
11
309
241
10
757
6
763
194
9
10
129
6
15
273
80
777
9
41
43
754
10
12
37
35
561
36
17
41
13
17
12
592
574
482
551
11
292
184
25
15
5
19
6
132
216
222
7
100
826
111
725
7
248
722
507
685
682
575
458
9
279
318
12
10
263
71
47
51
8
342
39
17
13
40
11
62
68
1003
737
957
98
704
665
600
900
23
726
20
453
86
26
297
256
24
19
361
26
337
39
10
39
1049
167
1022
357
1155
17
94
1138
874
924
247
5
27
517
721
242
28
5
21
127
535
327
747
190
477
30
238
7
36
143
43
909
246
10
188
46
5
26
193
25
184
959
5
64
953
173
51
941
13
902
9
6
876
717
880
813
879
21
695
18
878
479
858
21
852
15
720
8
714
423
586
64
541
307
17
881
214
845
183
424
161
857
128
222
6
29
33
100
29
377
9
276
12
7
5
8
5
1354
1041
1295
592
1303
331
1299
1246
331
1123
986
25
930
61
928
58
541
531
349
331
774
647
309
403
288
651
222
391
1288
651
210
545
906
22
199
20
180
44
419
1299
257
151
582
12
498
1260
186
78
176
469
1225
60
1223
39
1656
403
12
372
362
1529
361
355
1232
301
1191
281
83
249
731
206
703
192
670
298
268
265
574
244
515
244
381
226
196
205
195
178
878
161
751
1273
608
304
571
257
306
505
306
436
170
271
1209
206
1174
176
1142
1636
1036
1457
1008
1456
858
1240
702
1233
544
498
1201
1111
1095
1456
349
1173
289
1086
278
1057
1051
1963
1688
855
1587
1556
802
1437
776
579
1373
532
964
459
814
1268
652
1046
655
1031
555
518
984
491
979
477
891
401
321
785
714
1192
586
1034
585
930
587
916
576
836
399
711
688
573
452
1599
724
1548
494
480
1545
418
1463
1404
1305
1967
1242
1654
938
1578
854
1317
657
1271
540
1258
473
1243
1208
1466
1212
1410
871
1228
669
663
604
662
2136
614
2119
526
1940
480
1775
1763
1628
1599
1446
1380
979
2009
938
1921
806
1771
774
1626
577
1522
635
1522
1480
1408
1297
1178
1047
999
982
721
2244
1934
2060
1804
2043
1650
1903
1485
1893
1354
1854
1246
1777
1195
1741
1044
1476
1013
858
909
803
906
1175
1120
1107
821
816
725
729
706
1470
1296
2068
1257
2055
925
1951
869
1878
733
1766
1730
1685
1616
1607
1571
1347
1287
1221
977
856
843
2138
2132
1911
1784
2103
1758
1964
1941
1638
1843
1640
1809
1585
1696
1399
1673
1369
1646
1337
1532
1274
1527
1266
1481
1193
1436
1177
1252
1142
1121
1138
1124
2518
2515
2404
2475
2385
2411
2339
2188
2373
2045
2297
2048
2017
1645
1849
1642
1791
1464
1368
972
1347
971
988
2516
2381
2072
1700
1669
1636
1451
1399
1114
2665
1060
1042
2528
2488
2013
2403
1889
2163
1871
1654
1768
1593
1664
1447
1642
1301
1582
1297
1550
1226
1550
1219
1546
1080
1453
1324
1211
1107
2599
2594
2613
2588
2553
2509
2493
2310
2462
2292
2461
1995
2384
1605
2365
1476
2249
1442
2184
1388
1994
1372
1627
1376
1565
1353
1320
1568
1257
1550
1523
1432
1400
1268
2885
2879
2346
2279
2248
2174
2095
1999
1839
1725
1697
1637
1559
2976
1342
2955
1314
2838
2793
2765
2733
2321
2315
2262
2196
2163
2114
2100
2153
2059
2059
1753
1762
1754
1758
1563
1629
1534
1497
1423
1483
1427
1910
1834
1778
1704
3014
3011
2997
2593
2522
2482
2313
2241
2227
2062
1840
1800
1640
1804
1763
1694
1576
3144
3121
3028
2994
2945
2912
2884
2779
2764
2744
2705
2457
2452
2385
2359
2315
2298
2286
2039
2972
1915
2904
1860
2905
1840
2885
1766
2769
1686
2723
2684
2587
2476
2314
2026
2654
1989
2617
1953
2244
2008
1933
1901
1876
3375
1865
3333
1845
3289
3196
3144
3082
2996
2699
2671
2585
2267
2268
2271
2204
2125
2064
1984
1955
2853
2757
2678
2596
2432
2340
2301
2265
2468
2069
2424
1966
2237
2122
2082
2050
3150
3664
2961
3568
2671
3315
2673
2914
2402
2782
2295
2743
2285
2393
2180
2303
2253
2084
2060
3741
3434
3333
3112
2992
2952
3465
2846
3384
2805
3309
2754
3227
2757
2735
2657
2704
2631
2668
2570
2529
2437
2477
2404
2372
2218
2216
2220
2649
2619
2617
2560
4175
4076
4006
3714
3396
3281
3247
3244
3248
3192
3151
3014
2842
4375
4353
4291
4239
4063
4002
3787
3730
3692
3656
3492
3407
3321
5
5
10
5
5
20
10
9
12
24
9
33
24
43
63
47
34
20
6
11
45
97
13
18
27
5
42
9
5
39
64
43
8
36
46
6
44
101
39
5
75
66
29
10
5
168
219
85
16
13
113
59
15
58
5
6
50
17
75
134
6
56
177
12
14
209
95
44
53
30
20
211
60
37
23
61
5
366
64
180
87
104
39
96
6
96
15
290
24
115
413
99
300
249
113
105
248
29
36
118
130
326
308
24
13
9
92
22
153
278
51
98
188
40
25
11
50
290
470
45
15
17
226
67
89
368
329
324
596
442
34
262
229
6
35
68
48
86
42
23
12
189
9
126
28
612
5
19
30
231
628
617
108
9
467
50
5
18
5
12
35
106
32
34
151
37
19
44
25
30
279
13
5
109
288
700
701
119
34
453
193
47
604
702
532
659
294
594
507
18
848
15
814
85
758
437
54
24
14
10
881
173
67
28
5
783
688
177
393
29
203
771
96
671
775
619
28
39
723
51
731
47
41
720
678
601
549
156
31
512
545
447
521
329
12
260
11
667
224
119
795
88
5
655
671
547
444
537
430
501
239
414
42
782
233
211
696
543
34
10
11
548
375
216
326
52
13
48
23
544
33
525
414
963
926
209
70
327
278
1001
274
997
252
77
31
70
12
28
503
750
709
433
336
24
243
467
6
246
1057
54
6
39
42
523
507
1104
423
315
1016
79
100
311
95
289
6
276
969
258
865
83
859
28
18
262
832
5
115
728
92
482
14
37
101
16
501
346
15
98
6
999
854
852
24
844
793
1424
1274
761
80
1273
703
1182
661
5
1135
562
1082
52
784
24
285
745
105
1522
1110
20
988
1529
418
118
92
321
6
1191
65
41
1140
9
9
325
6
190
927
1426
915
730
1161
625
51
5
71
756
13
750
1123
813
709
27
665
9
5
5
9
1129
171
215
7
437
558
561
29
28
13
8
12
328
415
312
395
71
60
19
35
5
13
80
58
383
7
216
8
116
447
67
825
705
140
133
555
493
107
462
440
413
352
229
347
161
334
312
220
209
177
224
148
138
177
1652
270
1640
1555
192
1205
888
130
862
132
855
153
684
161
681
145
575
554
273
500
191
421
168
351
228
1885
1841
1770
1963
1535
1935
1888
1399
1843
1358
1790
1346
1067
1753
679
1760
506
1720
387
1635
384
1394
378
1315
345
1166
302
1054
1869
462
1873
350
1774
344
1595
1380
1578
1247
1539
1029
1531
1017
1224
792
1152
641
924
554
808
748
549
665
478
463
664
374
378
1818
1804
1789
1772
1734
1762
2064
1711
1602
1618
1548
1571
1397
1574
1234
1457
1008
1660
853
817
1565
701
705
1512
688
1403
596
563
591
577
822
459
675
621
1353
577
1291
974
855
812
810
670
613
534
508
611
1798
1701
1512
2175
1516
2076
1474
2061
1467
2064
1305
1841
1685
1079
1658
1649
1551
1380
2026
1274
2014
1212
1921
1001
1874
907
1853
1486
1363
1310
1325
982
1107
980
967
888
900
842
898
733
804
2380
674
2291
2230
2188
2183
2093
1944
1828
1828
1759
1730
1592
1394
1565
1257
1520
1180
1461
1155
1434
1138
1367
824
1347
1299
1009
953
866
2428
2347
2270
2180
2451
1856
2341
1835
2285
1833
2286
1773
2279
1472
2114
2106
1424
2110
1304
1803
1303
1604
1294
1494
1238
1477
1086
1245
1057
1218
1201
1732
1164
1728
1097
1630
880
1550
1462
1334
1240
1082
1065
1049
1065
973
2238
948
2227
2172
1998
1984
1972
1846
1845
2387
1838
2386
1695
2362
1502
2249
1416
2181
1420
2137
1343
2131
1134
2012
1118
2003
1015
1983
987
1671
1578
1578
1498
1376
2155
1060
2026
1045
1951
1950
2651
1937
2554
1908
2230
1768
2220
1621
2079
1559
1770
1448
1740
1373
1639
1237
1593
1241
1348
1182
1324
2249
2092
2239
1967
2156
1694
1919
1602
1543
1530
1518
1502
1483
1426
1169
1345
1170
1266
1187
1191
1487
1487
1334
1335
1226
2530
2495
2166
2084
2023
1900
1858
1738
1455
2991
2884
2856
2825
2776
2676
2570
3105
2479
3108
2974
2475
2772
2304
2769
2041
2604
1932
2481
1829
2303
1738
2057
1565
2057
1771
3007
1744
3005
1729
2904
1569
2642
1424
2626
2570
2549
2515
2504
2253
2235
2075
2079
1737
1739
2840
2632
2619
2475
2395
2274
2220
3030
2129
3015
2083
2926
2030
2885
1973
2828
1903
2665
1890
2586
1806
2316
3119
2299
3067
2285
2946
2153
2937
2093
2880
1898
2876
1873
2711
1849
2461
1761
2442
1743
2171
1676
2031
1656
1722
3110
3040
3025
2964
2885
2643
3018
2530
2959
2358
2606
2093
2509
2018
2513
1923
2467
2453
3358
2351
3138
2332
2983
2302
2813
2215
2724
2139
2487
2015
2470
2007
2347
2310
2300
2237
1932
2981
2971
2932
2780
3037
2653
2998
2515
2842
2340
2595
2344
2532
2276
2508
2247
2495
2222
2469
2222
2463
2146
2431
2061
2435
2007
2259
1955
2730
2717
2622
2626
2526
2389
2354
2134
2090
3875
3877
3651
3606
3581
3297
3272
3197
3121
2834
3103
2819
2936
2637
2808
2776
2778
2715
2640
2513
4271
4256
4078
3835
3702
3356
2979
2936
2661
2594
4320
4007
3844
3488
3481
3162
2966
2805
2770
2737
5
5
5
12
5
6
21
6
6
9
18
11
25
14
27
45
5
75
66
96
35
42
68
92
62
7
150
105
6
28
11
26
20
21
21
73
36
15
62
74
44
189
24
109
108
5
183
14
5
225
10
188
11
57
16
163
135
173
237
19
40
6
19
5
13
39
27
293
152
50
27
131
135
22
25
198
334
6
284
279
57
19
285
170
288
11
249
31
24
372
22
23
401
195
256
130
221
96
451
361
16
105
347
107
12
276
73
6
319
15
259
17
17
42
25
195
16
274
195
5
114
5
5
280
66
43
13
226
8
77
22
12
144
9
149
339
251
307
194
307
52
118
22
176
641
6
174
169
655
53
28
39
190
28
60
187
64
5
62
590
362
23
7
175
563
277
561
222
20
43
503
67
48
36
46
383
69
20
8
10
9
21
184
155
325
5
812
20
705
848
14
411
425
413
352
335
184
18
6
163
332
10
228
204
104
51
10
175
139
20
33
14
9
8
130
239
15
26
114
508
923
23
977
58
720
66
414
5
905
802
55
25
5
8
540
10
366
16
15
653
294
526
40
23
186
10
567
15
215
464
8
178
176
839
595
575
311
181
1080
33
582
407
142
214
17
15
1077
21
853
40
29
839
690
342
599
462
351
217
5
34
178
399
159
55
32
272
21
76
233
142
1161
215
5
16
52
125
263
48
35
43
31
22
667
11
132
5
12
71
74
152
50
35
62
33
54
146
32
69
172
1309
18
31
119
172
71
58
542
174
171
107
160
8
1024
1095
141
100
335
1042
1041
24
680
83
1045
830
21
107
696
5
46
1116
22
896
893
778
674
659
75
227
132
127
85
25
799
217
1065
991
197
833
167
824
45
688
969
420
952
488
912
442
700
433
673
412
609
606
382
564
253
80
95
223
6
216
13
514
113
10
23
190
30
571
1654
119
449
1638
284
1495
285
6
230
12
225
1503
137
1186
6
964
9
962
104
25
67
1168
71
22
22
1350
20
1290
1177
995
613
613
964
25
991
979
607
547
344
6
114
100
447
68
18
65
336
79
195
12
14
15
328
82
43
61
1731
84
1658
1597
960
1539
1220
949
785
1040
788
1852
1034
1005
1836
949
1764
926
650
1701
505
1557
747
1125
671
1289
434
360
1061
272
1407
1211
619
1087
589
1407
1062
1244
1040
1183
834
1951
789
674
1939
652
1022
612
660
597
391
1777
234
1601
275
1362
267
1177
1650
967
1624
884
1511
1490
773
771
1259
765
1141
607
703
572
625
439
579
409
915
382
541
519
391
330
522
1323
514
1022
516
961
475
821
738
905
630
865
506
640
480
505
484
803
426
725
694
432
1884
1647
1316
1632
1272
1561
1139
1538
1345
1074
1322
1047
1308
1004
1291
951
1212
1234
1214
1191
860
806
947
612
556
1697
1637
1183
1431
1377
1069
716
1041
664
1021
655
949
524
838
509
790
772
2239
729
2195
714
2186
2180
2082
2040
2031
2010
2016
1938
1989
1916
1986
1760
1960
1588
1857
1452
1757
1241
1630
1172
1589
1079
1457
974
1415
757
1309
1147
1036
718
2381
1816
2244
1661
2127
1529
1880
1523
1869
1364
1417
1198
1370
1169
1182
1135
1582
1115
1554
922
716
1105
714
1017
2285
2198
1523
2102
1438
2069
1435
1991
1868
1402
1818
1776
1386
1775
1296
1742
1194
1741
1040
1443
1008
1226
902
1159
888
1149
793
1122
1070
899
2580
2574
2435
2428
2385
2343
2189
1856
1192
1647
944
1418
1038
951
2681
2593
2595
2473
2584
2358
2564
2305
2164
2290
2040
2270
1942
2250
1913
2178
1639
1903
1627
1598
1874
1178
1800
1048
1642
1010
1630
957
1533
2113
1466
1955
1294
1921
1145
1924
1015
1837
1002
1807
996
1700
985
1699
987
1638
1477
1464
1380
1309
1305
1264
1256
2519
2516
2392
2391
2101
1881
1750
1636
1116
1537
1532
1536
1539
1481
1436
1385
1783
1118
1580
1527
1495
1531
1378
1371
1300
1327
1259
1232
1153
2810
2692
2467
2318
2316
2423
2313
2418
2211
2044
1483
1942
1478
1667
1192
1643
1617
1372
1669
1572
1510
1492
1377
1350
1974
1650
1575
1892
1749
1442
2510
2816
2507
2812
2506
2507
2224
2348
2170
2005
1852
1990
1793
1926
1749
1923
1711
1895
1598
1868
1563
1777
1719
1712
1590
1431
1419
3070
2835
1978
2454
1929
2420
1843
1941
1792
1417
1671
1509
1435
3206
2833
2678
2504
2361
2309
2021
2009
2003
1842
1843
3041
3043
2925
2906
2878
2848
2232
2133
2117
1842
1806
1681
1675
1647
1601
1558
3024
2972
2907
2902
2880
2759
2645
2644
2473
2440
2393
2233
2229
2146
2018
3427
1709
3372
3225
2783
2714
2452
2267
2174
3459
2149
3409
1949
3314
1935
3273
1836
3273
1746
3264
1723
3003
1723
2747
2332
2321
2216
2154
2010
1999
3671
3659
3471
3336
2809
2662
2479
2476
2462
2147
3805
3798
3768
3656
3605
3454
3457
3419
3167
3108
2830
2803
2710
2428
3927
3907
3894
3856
3759
3534
3480
3456
3296
3270
3186
3138
3066
3055
2911
2882
2825
2709
2653
2394
2353
2250
4140
3986
3597
3526
3520
3111
2966
2835
2712
2609
4332
4279
4050
3829
3789
3789
3644
3647
3651
3544
3497
3493
3438
3415
3407
3399
