14
22
22
27
29
30
41
40
43
43
46
47
52
57
57
59
63
66
66
67
71
74
77
78
79
82
84
82
86
88
90
90
93
94
98
99
100
99
104
106
103
111
113
117
116
118
120
121
123
124
128
128
130
134
135
134
140
140
141
141
145
148
151
152
153
156
159
163
162
163
167
168
166
172
172
178
180
181
182
187
186
190
189
191
195
198
196
199
203
205
206
209
215
214
214
219
216
218
222
228
230
232
234
233
235
238
240
241
240
245
247
245
249
254
254
257
255
254
262
259
258
268
264
269
270
270
272
278
274
274
282
279
290
285
288
284
294
289
291
293
301
305
297
303
309
312
306
316
316
310
314
322
327
326
318
327
333
335
327
340
339
334
344
344
348
340
351
344
353
362
349
358
368
353
366
372
364
374
383
368
372
390
376
396
390
380
394
384
398
388
395
418
411
422
399
405
418
409
435
422
440
417
444
429
433
447
421
425
459
429
464
433
437
441
478
445
482
449
488
486
453
457
494
464
503
502
507
510
476
517
519
480
523
521
487
525
491
533
495
537
537
500
548
504
548
552
556
556
515
564
561
523
565
569
527
573
578
537
582
541
586
586
546
590
550
601
562
605
611
615
573
628
619
577
632
626
639
584
630
645
590
636
656
640
660
644
664
668
651
655
672
659
663
667
671
675
679
683
687
691
695
699
703
707
711
715
719
723
727
731
735
739
743
747
751
755
759
763
767
771
775
779
783
787
791
795
799
803
807
811
815
819
823
827
831
835
839
843
969
973
996
1000
1004
1008
1012
1016
1089
1093
5
9
13
5
9
5
9
5
9
13
17
21
5
9
5
9
13
17
5
5
9
9
5
5
9
9
13
17
5
9
5
9
5
9
5
9
13
17
5
22
9
16
29
20
33
24
37
41
45
5
49
9
53
16
5
9
5
9
5
9
5
5
9
9
5
9
5
9
5
9
5
9
7
11
15
5
9
5
13
11
17
8
12
5
9
5
9
13
5
9
5
5
9
12
5
9
5
5
9
9
13
5
9
5
9
5
9
5
9
5
9
5
11
10
14
5
9
5
9
6
10
5
9
13
5
9
17
21
5
11
11
15
15
19
5
9
5
9
5
9
5
9
13
17
5
9
5
9
5
12
11
15
14
22
22
27
29
30
39
40
43
44
45
44
49
49
52
53
57
60
60
61
67
66
70
74
76
73
80
81
85
85
87
87
92
95
96
97
98
107
108
111
111
111
112
115
116
121
122
123
122
126
130
131
134
137
138
140
140
141
142
142
149
152
155
156
158
159
163
158
163
167
162
170
166
174
176
176
170
180
180
186
189
189
183
193
196
187
197
196
200
202
205
206
204
208
210
210
212
216
218
218
218
222
224
222
217
230
231
233
236
236
235
238
237
242
240
241
247
244
249
251
249
256
258
259
253
259
261
262
265
267
264
260
268
274
272
277
283
285
284
275
288
295
294
298
293
296
299
300
298
303
293
304
297
307
303
309
311
301
323
305
318
315
325
320
330
329
325
326
333
338
330
338
342
344
342
348
339
346
352
350
358
362
362
357
369
359
373
363
367
365
370
377
368
369
373
378
380
391
378
388
384
399
391
409
397
399
395
403
416
407
403
423
407
411
430
419
415
437
423
441
425
447
429
433
437
441
445
468
449
475
453
457
479
461
496
465
500
473
477
481
519
490
526
495
501
505
509
550
514
554
518
563
522
526
569
530
573
580
537
541
545
595
554
603
558
562
616
566
620
573
636
640
673
677
983
986
987
992
5
9
13
17
5
9
5
9
5
9
5
9
13
17
5
9
13
17
21
5
9
13
17
5
9
5
9
5
9
13
5
9
5
9
5
8
9
12
6
10
14
18
22
26
30
34
38
42
46
50
54
58
62
66
70
74
5
78
9
82
86
90
94
8
101
12
105
109
113
117
121
125
129
133
137
141
145
149
153
157
161
165
169
173
177
5
12
185
189
193
197
201
205
209
213
217
6
10
221
5
225
10
229
14
233
237
18
241
245
249
253
257
261
265
5
9
5
9
13
5
9
13
17
21
25
29
33
37
5
9
13
17
5
9
8
14
8
12
5
9
5
9
5
5
9
9
13
17
21
5
9
13
5
9
5
9
5
9
13
5
9
5
9
5
9
5
9
17
13
17
21
25
29
33
5
9
5
9
5
9
13
5
9
5
9
5
9
5
9
5
9
5
9
5
9
13
17
5
9
5
9
5
9
13
17
21
25
29
33
37
41
45
49
53
57
61
65
69
73
77
81
85
14
22
22
27
29
30
41
40
43
43
46
47
47
52
54
58
56
61
61
67
67
73
72
73
77
80
78
85
85
88
89
92
90
89
97
96
101
100
107
108
111
111
115
122
119
121
127
129
133
133
132
137
138
139
140
144
144
146
151
148
151
154
155
158
153
158
160
165
165
164
169
165
170
173
176
176
177
180
181
184
183
187
191
192
196
196
199
200
206
209
211
214
214
213
214
218
218
222
220
226
228
224
230
233
232
234
237
237
240
243
245
245
249
249
248
249
255
255
255
259
263
266
267
273
270
268
276
274
282
278
281
282
289
285
289
289
299
293
302
303
297
307
306
304
310
311
306
316
309
315
320
313
319
320
329
330
328
332
336
332
340
341
336
340
344
345
349
353
357
373
380
384
385
386
388
391
392
398
405
405
409
409
412
413
413
416
418
426
426
422
430
430
426
434
430
442
438
446
451
450
455
454
472
475
476
479
529
533
542
546
550
554
558
613
617
619
623
705
709
5
9
5
9
13
5
9
5
9
5
5
13
12
5
9
5
9
5
9
5
9
5
9
5
9
5
9
13
5
9
13
17
5
9
13
17
21
25
29
33
37
5
41
9
13
8
17
21
12
28
19
23
32
27
36
34
44
48
52
56
60
64
68
72
76
5
80
9
84
88
92
96
100
104
108
112
9
116
13
120
124
128
135
11
139
15
143
147
5
151
9
155
159
163
167
171
175
179
183
187
191
5
195
199
11
203
15
21
217
33
221
225
229
233
237
241
245
249
253
257
9
261
13
265
269
17
273
21
283
31
5
287
9
291
295
299
303
307
5
311
9
315
319
323
327
331
335
339
8
343
12
19
350
23
354
358
362
366
370
374
378
382
386
390
5
9
13
5
9
5
9
13
5
9
5
9
5
9
5
9
13
5
9
5
9
5
9
5
9
5
9
5
9
13
5
9
13
6
10
17
21
25
29
33
37
5
9
5
9
13
5
9
13
5
9
5
9
5
9
13
10
25
14
29
33
5
9
5
9
5
9
5
9
13
17
21
5
9
13
5
9
5
9
13
5
9
20
5
9
5
9
13
17
5
9
5
9
5
9
5
9
13
17
21
25
29
33
37
41
45
5
5
9
13
17
5
9
5
9
5
9
12
12
18
27
26
30
34
38
40
42
45
47
51
54
57
57
59
61
62
66
67
70
73
73
73
75
78
79
82
84
86
86
93
92
94
98
98
99
99
103
104
107
109
113
112
115
117
118
119
124
125
126
128
128
130
131
134
134
138
140
144
143
145
145
150
148
152
154
157
161
160
161
163
164
167
168
171
171
169
180
179
181
184
186
189
188
190
193
194
193
203
205
207
210
213
214
217
216
219
224
226
226
228
229
231
232
235
235
236
238
240
240
242
252
251
254
256
258
257
265
264
265
271
268
269
273
272
276
283
280
284
293
294
297
298
319
323
326
330
332
338
343
345
347
349
354
353
358
357
361
365
369
373
377
381
391
397
389
399
401
412
416
449
454
453
457
458
462
461
465
515
519
523
527
5
9
5
9
13
5
9
13
17
5
9
5
9
5
9
5
9
13
17
21
25
5
9
13
5
9
5
9
5
9
5
9
5
9
5
9
13
5
9
5
9
5
9
13
17
5
9
5
9
5
9
13
17
21
5
9
5
9
5
5
12
15
16
19
20
24
28
32
36
40
44
48
5
9
13
17
21
5
9
5
9
13
5
9
5
9
13
5
9
5
5
9
10
13
5
9
5
9
13
17
21
25
29
33
37
41
45
49
53
5
9
13
17
21
25
5
9
5
9
13
5
9
5
9
13
17
21
25
29
33
37
44
9
16
52
56
60
64
68
72
76
80
84
88
92
96
100
104
108
112
116
120
124
128
132
136
140
144
148
152
156
160
164
5
9
13
17
21
25
29
33
37
41
45
49
53
57
5
61
9
65
69
73
77
81
85
89
93
97
101
5
105
9
113
117
121
5
125
20
138
24
142
146
5
9
13
17
21
5
9
13
17
5
21
9
13
26
30
34
38
42
46
5
9
5
9
5
9
13
5
9
13
5
9
5
9
5
12
8
12
5
9
5
9
5
9
13
5
9
13
17
21
25
29
33
37
41
45
49
53
57
61
65
69
73
77
81
85
89
93
97
101
105
109
113
117
121
125
129
133
137
141
145
149
153
157
161
165
169
173
177
181
185
189
193
197
201
205
209
213
217
221
225
229
233
237
241
245
249
253
257
261
265
269
273
277
281
285
289
293
297
301
305
309
313
317
12
12
18
27
26
30
34
38
38
40
43
48
48
48
50
54
56
59
63
64
66
67
68
72
73
75
74
74
78
82
82
84
86
86
90
90
93
94
98
99
100
103
103
105
108
109
111
111
116
118
117
118
120
125
126
129
125
131
133
137
135
137
140
146
146
146
151
152
150
154
158
160
163
164
162
166
168
169
170
173
174
173
174
181
182
184
183
188
192
188
192
198
201
201
203
205
205
206
212
216
215
218
218
222
221
219
226
224
224
230
228
229
233
233
233
239
242
243
245
247
243
250
250
253
257
259
254
258
266
266
270
262
270
271
266
274
274
278
280
284
283
276
288
286
293
295
290
293
297
294
293
302
312
300
305
321
309
325
325
319
329
315
319
337
330
341
341
334
348
351
353
340
357
356
360
349
363
353
357
361
381
367
385
397
401
416
420
433
435
437
439
443
463
467
471
484
488
553
557
556
560
564
568
572
625
629
5
5
9
9
13
13
17
17
21
24
25
29
33
5
9
5
9
5
9
13
17
5
9
13
17
21
5
9
13
17
5
9
13
17
5
5
9
9
5
16
12
5
17
9
5
9
13
5
12
28
25
29
5
9
5
9
5
5
9
10
14
14
18
22
5
9
13
5
9
13
17
5
9
5
9
5
9
13
5
9
5
9
9
13
16
20
24
28
35
31
39
43
5
9
5
9
13
5
9
5
9
5
13
11
5
9
13
5
9
13
17
21
25
29
33
5
9
5
9
13
6
10
5
9
5
9
16
5
9
13
5
9
13
5
9
13
17
5
9
5
9
5
9
5
9
13
17
21
5
9
5
9
13
17
5
9
5
9
13
17
5
5
11
12
16
20
24
5
9
5
9
13
5
9
13
17
21
5
9
13
5
9
13
5
9
13
17
21
25
29
5
33
37
9
5
41
13
17
9
45
21
13
49
5
9
21
62
5
9
5
9
5
9
5
9
13
17
21
25
29
33
37
41
45
49
53
57
61
65
69
73
77
81
85
89
5
9
5
5
9
9
13
17
5
9
5
9
13
5
9
13
17
21
25
29
33
37
41
45
49
5
9
5
9
13
17
21
5
9
5
9
13
5
9
13
17
21
5
9
5
9
5
9
13
17
5
9
5
5
9
13
5
9
5
12
12
18
27
26
30
34
38
40
42
45
47
46
54
53
54
55
59
58
60
64
63
66
69
70
71
75
78
77
80
82
82
85
88
88
89
91
92
94
96
99
101
102
105
107
109
111
111
113
115
118
117
119
120
126
127
128
133
131
132
137
140
143
141
142
145
147
149
154
154
156
156
158
161
160
165
163
167
171
173
174
175
179
174
179
180
183
184
184
186
188
191
187
193
191
196
197
197
200
199
201
198
204
206
207
213
206
215
213
211
219
219
219
225
219
227
229
235
238
238
236
242
236
245
247
241
251
255
259
263
263
267
269
266
273
273
277
278
282
278
284
282
290
295
293
289
297
297
303
293
301
305
307
313
317
314
310
318
321
318
326
322
330
326
335
325
330
337
342
339
344
336
355
344
340
356
362
363
351
367
352
355
371
371
372
363
367
371
387
391
417
423
427
431
435
439
443
444
448
444
454
448
458
452
460
464
471
483
487
505
509
520
524
528
532
536
540
544
552
548
556
552
560
556
564
560
568
566
572
576
570
574
578
582
586
590
594
598
602
606
610
614
618
622
626
630
634
638
642
646
650
700
704
708
712
736
740
5
9
13
17
21
25
5
9
5
5
9
9
13
17
21
5
8
15
20
24
28
32
36
40
5
9
5
9
5
9
13
5
9
5
9
13
17
5
9
13
5
9
13
17
21
5
9
5
9
5
5
9
9
5
9
5
9
5
9
5
9
13
17
5
9
13
17
21
5
9
5
9
13
17
21
5
9
8
12
16
6
10
5
9
5
13
9
17
21
14
28
21
32
25
36
40
9
47
51
13
55
17
21
59
63
5
9
13
17
21
25
29
5
9
33
18
43
5
9
5
9
5
9
5
9
5
9
5
9
13
5
9
13
17
5
9
13
5
10
14
16
18
5
9
5
9
5
9
13
17
21
25
29
5
9
13
17
21
25
29
33
37
41
45
49
53
8
57
12
61
65
69
73
77
81
5
5
5
9
9
16
20
5
9
18
27
13
25
5
9
5
9
13
5
9
6
10
5
9
13
17
21
25
5
9
5
9
13
17
21
25
29
33
37
5
9
13
17
21
5
9
5
9
13
5
9
13
17
21
25
29
33
37
5
9
41
45
49
5
53
57
61
65
12
12
18
27
26
30
34
38
40
42
45
47
51
54
57
57
59
61
62
66
66
67
73
73
75
80
81
80
82
87
87
90
91
90
92
96
98
96
102
102
101
104
105
111
110
113
113
117
119
120
123
123
123
126
127
129
131
136
135
138
143
143
143
152
154
153
157
162
162
163
164
170
171
172
172
175
177
178
179
181
183
187
191
189
189
191
195
197
196
199
198
204
207
208
214
212
218
214
216
219
223
226
222
228
229
231
231
235
235
239
241
239
239
245
243
248
247
255
251
256
254
260
262
266
268
275
276
277
279
274
281
281
278
285
288
282
291
286
295
297
296
297
301
301
301
305
305
312
309
320
319
313
324
328
333
331
332
335
337
330
342
344
346
350
351
350
356
354
360
361
364
366
361
364
370
370
374
371
378
375
382
379
382
386
393
385
398
410
402
416
406
420
410
424
414
418
422
429
451
447
451
464
468
471
472
483
486
487
485
494
492
499
503
507
511
515
519
523
578
582
644
648
5
9
5
9
5
9
13
5
9
13
17
21
5
9
5
9
5
9
5
9
13
5
9
5
9
5
9
13
17
21
5
9
5
9
5
9
5
9
13
5
9
5
8
13
12
17
21
5
9
13
17
21
25
29
5
9
13
17
21
25
29
33
5
9
5
9
5
9
5
5
9
9
8
13
12
5
9
13
5
9
5
9
13
5
9
13
17
21
25
29
33
37
5
41
9
45
49
53
57
61
65
69
73
77
81
5
9
5
9
13
17
21
5
9
5
9
13
17
5
9
5
9
5
9
13
17
21
25
29
33
5
9
5
9
13
17
21
25
5
9
5
9
5
9
5
9
5
9
5
9
13
17
5
9
5
9
13
5
9
21
18
35
39
5
9
5
9
13
17
5
9
13
17
21
25
5
9
5
9
5
9
5
9
5
9
5
9
5
9
5
9
13
5
9
5
9
13
17
21
25
29
33
37
41
45
49
53
57
61
65
69
73
77
81
85
5
9
5
9
5
5
5
9
9
24
28
31
5
9
5
9
5
9
5
9
5
9
13
5
17
9
13
24
17
5
9
5
9
13
17
21
25
29
33
37
41
45
5
9
13
17
21
25
5
9
5
5
9
10
5
9
5
9
5
9
13
5
9
12
12
18
27
26
30
34
38
40
42
45
47
46
54
53
54
55
59
61
59
64
65
69
68
70
75
76
77
79
82
82
82
84
87
87
92
94
95
97
95
98
100
102
103
104
103
106
108
112
114
114
114
118
123
124
128
127
128
126
132
132
135
137
137
144
144
147
143
149
151
155
155
151
159
160
163
164
164
167
167
168
169
178
177
178
181
182
188
189
190
191
195
196
197
200
204
205
205
205
211
212
212
216
215
217
221
220
224
224
227
228
228
234
235
238
239
239
241
242
245
243
250
249
254
256
253
258
259
263
263
267
263
265
271
272
273
270
276
275
274
279
278
286
282
288
292
288
298
302
313
317
321
325
329
336
343
342
340
346
347
346
352
350
356
352
361
363
358
366
359
362
370
363
366
370
374
378
382
398
386
403
405
405
409
412
414
417
417
422
421
425
425
429
443
444
447
448
451
452
491
495
499
592
596
600
5
9
5
9
5
9
13
17
21
25
5
9
5
9
13
17
21
25
29
33
37
5
41
9
6
45
10
49
53
57
61
5
9
13
8
8
12
27
14
5
9
13
5
9
5
9
5
9
5
9
7
11
5
9
5
9
5
11
12
16
5
9
5
9
5
9
5
9
5
9
5
9
5
9
13
17
21
25
29
5
9
5
9
13
17
5
9
5
9
5
9
5
9
5
9
13
17
21
25
29
33
37
41
45
49
53
57
61
65
69
73
77
5
9
13
5
9
5
9
5
9
5
9
13
17
21
25
29
33
37
41
45
49
53
57
61
65
69
73
77
81
85
89
93
97
101
105
109
113
117
121
125
129
5
9
5
9
5
9
5
9
5
9
13
17
21
5
9
5
9
13
5
9
13
5
9
5
9
5
9
5
9
5
9
13
17
5
9
13
17
21
5
9
5
13
9
5
9
5
9
5
13
11
5
15
9
5
9
13
5
9
5
9
5
9
5
9
13
17
21
25
29
33
37
41
5
9
5
9
5
9
5
9
5
9
5
9
13
17
21
25
29
33
5
37
9
5
9
5
9
5
9
13
5
9
13
5
9
5
9
5
9
5
9
13
5
9
5
9
5
9
5
9
5
9
13
5
9
13
17
21
5
9
5
9
13
5
9
13
17
21
25
29
33
37
12
12
20
22
25
25
26
32
34
36
38
40
41
49
51
53
54
59
58
61
64
69
72
72
74
75
77
76
81
81
84
85
89
90
94
99
99
103
104
102
103
111
112
110
115
117
114
121
124
124
126
126
130
130
136
136
138
138
144
144
142
150
150
153
155
154
157
161
162
156
164
167
160
165
166
172
172
170
174
178
178
177
181
186
185
190
190
198
194
205
200
205
207
209
209
211
217
218
216
220
225
223
225
229
225
229
238
237
238
236
243
242
245
241
252
245
255
253
257
261
257
261
259
263
267
267
271
281
271
275
286
279
288
290
292
283
296
296
300
300
293
305
306
304
299
310
308
313
305
312
321
323
325
326
311
322
330
330
315
319
330
340
323
344
335
327
348
348
348
338
347
342
351
352
355
349
372
358
362
364
368
387
387
378
396
383
383
387
401
387
405
391
392
417
396
401
422
422
405
426
404
425
409
430
413
410
434
414
417
418
440
421
444
422
425
426
432
458
430
436
462
458
440
444
472
444
476
477
481
480
452
460
464
468
472
512
516
523
527
546
550
556
576
580
584
588
609
613
675
679
689
693
697
737
741
1023
1027
5
9
5
9
5
9
5
5
12
9
13
5
9
5
9
13
5
9
13
5
9
5
9
5
9
13
5
17
9
21
13
25
17
21
7
25
11
29
33
15
9
37
13
17
21
6
5
9
9
32
36
18
44
34
48
5
9
5
9
13
5
9
13
17
5
9
5
9
13
17
21
25
29
7
11
5
5
9
9
13
17
21
27
10
31
35
18
39
5
9
5
9
5
9
13
5
9
5
9
5
9
13
17
5
9
5
9
5
9
5
9
13
5
9
5
9
5
13
9
5
9
13
5
5
9
9
5
9
13
5
9
13
5
9
13
17
21
25
29
33
37
41
45
49
5
9
13
17
21
25
29
5
9
13
17
21
5
9
13
17
5
9
13
7
17
21
11
25
29
33
5
9
13
17
5
9
13
17
21
25
29
33
37
41
45
5
49
9
53
13
57
61
65
69
73
77
81
85
89
93
5
9
5
9
13
17
21
25
29
33
37
41
45
5
9
13
17
5
9
5
9
5
9
5
9
5
9
5
9
13
17
21
25
29
33
37
41
45
49
53
57
61
65
12
12
20
22
25
25
26
32
34
36
38
40
41
45
49
51
53
54
57
60
62
64
67
69
71
73
78
77
82
82
80
85
92
92
94
96
97
98
102
102
107
109
112
116
117
117
118
123
122
122
126
130
130
132
130
135
139
139
143
144
147
148
149
149
155
154
159
159
160
158
166
162
170
171
171
170
177
178
182
182
185
184
192
190
188
198
194
201
202
198
204
207
208
210
213
215
213
218
220
221
215
224
225
228
229
232
232
238
239
240
240
240
244
244
250
251
253
255
258
259
260
259
262
263
264
265
268
270
270
269
275
272
273
283
281
277
284
285
290
288
289
292
300
301
296
300
308
310
304
314
318
313
322
317
327
338
339
343
346
348
349
352
351
356
355
359
363
365
367
369
373
373
377
381
385
381
389
385
389
395
399
407
409
406
414
414
416
422
423
423
427
422
429
437
433
437
489
493
497
501
505
509
513
517
521
525
529
533
545
537
549
541
589
593
651
655
659
663
696
700
5
5
9
13
17
5
9
13
5
9
13
5
9
5
9
5
15
9
19
13
23
27
31
5
35
9
48
22
52
26
30
34
5
9
13
5
9
8
12
5
9
5
9
13
17
21
25
5
5
9
9
13
17
5
5
5
9
12
14
19
18
23
24
30
28
34
40
36
40
45
51
61
70
65
5
9
5
9
5
9
5
9
5
13
9
5
9
13
5
9
13
17
21
25
29
33
37
41
45
49
5
9
53
5
57
17
9
61
21
16
25
20
75
24
79
28
83
32
87
36
42
96
46
52
107
56
60
64
68
72
5
5
13
9
13
17
21
25
29
33
37
5
41
9
45
49
53
57
61
65
69
73
5
9
5
9
5
9
5
9
13
5
9
13
17
5
9
5
9
13
5
9
5
9
5
9
13
17
21
25
29
33
37
41
45
49
53
57
61
5
65
9
69
17
73
5
9
5
9
5
9
13
17
5
9
5
9
5
9
5
5
9
9
13
17
21
5
5
9
9
13
13
17
21
25
29
33
37
41
45
49
53
57
61
65
69
73
77
81
5
85
9
13
17
21
25
29
33
5
9
5
9
13
5
9
5
15
9
19
23
27
31
5
9
5
9
5
5
15
13
5
5
9
9
13
17
5
9
13
17
12
12
20
22
25
25
26
32
34
38
42
42
46
49
53
52
53
57
58
61
61
68
69
69
73
72
72
76
78
81
83
85
88
91
94
94
92
95
98
96
100
104
101
110
110
114
115
114
117
122
121
121
125
127
130
130
132
132
134
138
141
140
142
144
146
147
149
150
155
150
155
154
159
158
161
167
171
171
174
174
175
179
179
180
188
189
192
189
193
196
195
196
195
200
200
199
204
208
204
212
209
207
211
220
221
223
215
225
228
228
221
232
235
225
237
229
239
244
236
248
246
252
254
250
256
244
257
260
256
262
249
262
260
268
271
273
266
274
279
278
270
282
285
291
290
297
297
289
300
303
304
306
307
306
314
310
310
318
318
317
319
320
325
330
327
331
335
339
339
348
352
352
356
358
348
362
363
355
366
359
370
374
363
370
389
390
378
395
400
401
386
405
407
406
409
394
414
418
401
426
430
430
446
448
452
452
456
456
460
460
464
468
472
476
490
494
536
540
544
548
557
591
595
5
9
5
9
13
5
9
13
5
9
5
9
13
5
9
7
11
5
9
5
9
5
9
13
17
21
25
29
5
9
13
5
9
5
9
5
9
13
17
21
5
25
9
5
12
17
21
25
29
5
9
13
5
9
5
9
5
15
9
13
5
9
5
9
13
5
9
13
19
13
17
5
9
5
9
13
5
17
9
21
25
29
33
37
5
9
13
17
21
25
29
33
37
41
45
5
9
13
5
9
5
9
13
17
5
9
13
17
21
25
29
33
37
41
45
49
53
5
9
5
9
5
9
5
9
5
9
13
17
21
5
9
13
5
9
13
5
9
5
9
13
5
9
13
5
9
13
5
9
5
9
5
14
9
15
21
5
28
26
9
35
30
13
17
39
34
21
25
49
29
57
55
63
67
5
9
5
9
13
5
9
5
9
13
17
21
25
29
5
9
5
9
13
17
5
9
5
9
5
5
9
9
5
9
13
17
21
25
29
5
9
5
9
5
9
13
17
21
25
29
5
9
13
17
5
5
11
9
15
5
9
5
9
13
17
21
5
9
5
9
5
9
13
17
21
5
9
5
9
5
9
13
17
21
25
8
29
12
33
16
37
41
45
49
53
57
61
65
69
73
77
81
85
89
93
97
101
12
12
20
22
25
25
26
32
34
36
38
40
41
44
45
51
52
53
54
57
58
61
62
61
64
67
64
71
71
74
75
75
77
80
80
81
86
90
87
91
93
95
99
99
102
102
105
104
103
109
113
114
115
118
118
123
123
124
126
127
124
130
132
134
136
134
141
140
144
144
145
150
150
154
155
154
160
159
163
164
168
168
161
165
172
172
175
169
181
183
183
185
175
187
187
194
183
191
195
197
199
189
202
205
205
208
209
208
213
211
214
218
220
224
219
225
228
216
232
234
235
234
242
243
238
244
247
247
249
253
256
257
259
260
254
263
265
259
270
271
270
274
277
274
279
280
278
284
292
291
295
299
296
299
298
305
308
307
312
308
316
315
315
319
328
322
329
334
332
339
341
334
344
337
351
341
355
356
349
359
365
369
372
373
376
376
368
380
380
372
388
376
385
392
389
380
403
386
396
407
390
400
411
404
415
415
422
411
419
423
423
430
419
415
424
433
440
428
442
437
427
448
433
452
440
439
448
443
452
447
458
454
462
482
458
462
490
485
466
474
490
495
484
480
499
488
484
514
505
515
494
519
495
516
527
520
503
531
513
524
535
507
511
540
515
544
535
548
529
533
552
537
556
560
541
548
567
571
552
556
575
562
582
566
572
593
576
580
601
608
592
612
616
596
600
604
608
612
616
620
624
628
632
636
640
644
648
652
656
660
664
668
672
676
680
684
688
692
696
700
704
708
712
716
720
724
728
732
736
740
744
823
748
829
752
756
760
764
768
772
776
780
784
788
792
796
800
804
808
812
816
820
824
828
832
836
840
844
848
852
856
860
864
868
872
876
880
884
888
892
896
900
904
908
912
916
920
924
928
932
936
940
944
948
952
956
960
964
968
972
976
980
984
988
992
996
1000
1004
1008
1012
1016
1020
1024
1028
1032
1036
1040
1044
1048
1052
1056
1060
1064
1068
1072
1076
1080
1084
1088
1092
1096
1100
1104
1108
1112
1116
1120
1124
1128
1132
1136
1140
1144
1148
1152
1156
1160
1164
1168
1172
1176
1180
1184
1188
1192
1196
1200
1204
1208
1212
1216
1220
1224
1228
1232
1236
1240
1244
1248
1252
1256
1260
1264
1268
1272
1276
1280
1284
1288
1292
1296
1300
1304
1308
1312
1316
1320
1324
1328
1332
1336
1340
1344
1348
1352
1356
1360
1364
1368
1372
1376
1380
1384
1388
1392
1396
1400
1404
1408
1412
12
12
20
22
25
25
26
32
34
36
38
40
41
44
49
51
52
56
57
58
61
61
62
67
66
67
70
73
74
76
78
79
83
85
86
88
91
91
95
97
98
99
99
102
103
105
108
109
110
112
113
117
118
118
121
123
127
127
128
135
135
138
140
139
144
143
149
150
152
154
157
161
161
163
162
165
167
168
170
174
174
174
178
182
182
185
189
189
190
191
196
194
201
200
203
205
205
207
214
212
214
216
219
216
222
221
221
226
230
225
231
237
237
245
245
246
247
246
253
256
256
260
261
262
261
264
266
266
269
268
270
266
276
274
280
284
288
293
297
307
313
314
321
325
329
333
337
343
344
347
342
348
346
352
359
353
363
363
371
377
381
390
394
430
434
437
441
484
488
492
502
506
812
816
5
9
5
9
13
17
5
9
5
9
13
5
9
13
5
9
5
5
9
9
5
9
5
9
5
9
5
9
5
5
9
9
5
9
5
5
9
9
13
17
21
5
9
13
5
17
19
9
24
5
9
5
9
5
8
12
12
5
5
9
9
16
5
9
5
9
13
17
21
25
29
33
37
41
5
9
13
19
10
23
14
18
28
32
36
40
44
5
9
5
9
5
9
5
9
5
9
13
5
9
13
17
5
9
5
9
13
5
9
13
5
9
13
5
9
13
17
21
25
29
33
37
41
45
49
53
57
61
5
9
5
9
5
9
13
9
17
13
5
9
13
17
21
25
29
33
5
9
13
5
9
13
17
5
9
5
13
9
17
13
21
5
9
5
9
5
9
13
5
9
13
5
9
13
5
9
5
9
5
9
5
9
13
5
9
13
17
21
5
25
9
29
33
37
41
45
49
53
57
61
65
69
73
77
81
9
89
13
93
8
97
101
12
105
109
113
117
121
125
5
129
9
133
137
141
145
149
153
157
161
165
169
173
177
181
185
189
193
197
201
205
209
213
217
5
9
5
9
13
17
5
9
13
17
21
5
9
13
5
9
13
17
5
9
13
17
21
5
9
5
9
13
5
9
5
5
9
13
5
9
5
9
5
9
5
9
13
17
21
25
29
33
37
41
45
49
5
53
9
57
61
65
69
73
5
9
5
9
5
9
5
9
5
9
13
5
9
13
5
9
13
17
21
5
9
5
12
12
17
25
25
30
34
34
38
47
48
49
51
55
54
59
59
61
64
69
69
73
75
74
79
81
83
87
89
91
94
96
97
96
103
104
106
107
109
112
114
120
119
121
125
123
128
131
129
128
132
132
137
138
144
144
143
149
152
154
159
162
164
165
165
173
173
174
175
179
178
183
181
185
186
185
192
192
190
197
194
200
201
204
198
207
202
211
214
208
216
218
222
224
226
235
232
239
240
244
248
249
250
251
255
253
256
260
264
264
268
269
268
272
273
267
279
278
281
284
282
277
290
281
289
295
288
306
307
307
310
311
316
320
320
321
323
324
324
327
328
333
331
346
346
350
354
354
358
365
379
383
389
393
404
408
411
416
415
420
424
428
432
436
440
444
448
468
473
472
477
476
488
492
495
501
502
558
562
571
575
581
584
585
588
604
608
612
616
620
624
5
9
5
9
13
17
5
9
5
6
9
10
5
9
5
5
9
9
5
9
13
17
21
5
25
9
29
33
37
41
45
49
53
57
61
5
65
69
10
14
73
77
81
5
9
5
5
9
9
5
9
13
5
9
13
17
21
5
25
12
33
16
37
20
41
45
25
5
5
9
9
5
9
5
13
12
23
27
16
20
5
5
9
11
5
9
13
5
9
5
9
5
9
5
9
13
6
5
10
9
13
17
5
9
5
9
5
9
5
9
5
9
5
9
5
9
13
5
9
5
9
13
17
21
5
11
32
36
40
5
9
13
17
21
5
9
5
9
5
9
5
9
5
9
5
9
5
9
5
9
13
5
9
5
5
15
19
19
23
27
31
35
39
5
9
13
17
21
5
9
5
9
5
9
5
13
9
17
13
8
22
12
26
19
26
43
33
47
51
37
41
55
5
59
45
63
49
13
67
17
53
57
71
61
75
83
69
87
73
79
94
83
87
91
95
99
5
9
5
9
13
17
21
25
29
5
33
9
13
8
12
24
28
5
9
5
6
12
12
11
16
5
9
13
5
9
13
17
5
9
13
17
5
10
14
16
20
18
24
28
5
9
5
9
5
9
5
9
5
9
5
9
5
9
13
17
5
9
5
9
5
9
5
9
5
9
5
9
5
9
5
9
13
17
5
9
13
17
21
25
29
33
37
41
45
49
53
57
61
12
12
17
25
25
30
34
34
38
47
48
49
51
55
54
59
59
61
64
63
69
73
75
74
79
81
82
82
83
88
90
91
94
95
96
101
100
101
103
107
108
110
113
114
114
114
118
120
124
122
124
126
128
130
131
134
135
134
142
142
144
152
147
154
154
154
158
159
161
161
160
168
168
172
169
176
176
177
173
181
184
184
190
189
188
188
192
199
203
201
209
207
208
206
211
216
219
216
221
223
224
218
228
223
231
227
236
234
239
243
234
244
245
248
249
242
252
246
257
256
263
251
260
260
268
264
263
268
273
275
272
283
277
283
290
283
295
295
291
293
300
303
307
309
311
312
308
314
319
316
323
320
326
328
330
331
334
334
334
339
340
343
340
337
350
341
354
349
347
361
362
357
366
357
369
367
376
380
382
384
388
389
391
395
395
393
399
408
414
414
414
408
422
422
420
425
416
432
427
431
437
431
435
447
439
450
453
454
454
457
458
461
461
465
467
461
477
481
488
492
496
497
501
508
512
511
516
517
523
527
531
545
552
556
588
592
606
617
5
9
5
9
13
17
21
5
9
5
9
5
9
5
9
5
9
13
5
9
13
5
9
13
5
9
5
9
13
5
9
5
9
5
9
5
9
5
9
5
9
5
9
5
9
5
9
5
9
5
9
13
17
21
25
29
33
37
41
5
45
9
5
9
5
9
13
17
5
9
5
9
13
5
9
13
5
9
5
9
13
5
9
13
17
21
5
9
13
17
21
25
29
5
33
9
37
41
45
49
5
9
5
5
9
11
15
19
5
9
5
9
5
9
5
9
5
9
5
9
13
5
9
5
9
5
9
5
9
5
5
9
10
5
9
5
9
13
5
9
5
9
13
17
5
9
13
17
21
5
9
5
9
5
9
5
9
5
9
13
17
21
25
29
33
37
41
45
49
5
9
5
11
17
21
17
21
5
9
5
9
5
9
5
9
13
17
21
25
29
5
9
5
9
13
5
9
5
9
13
17
21
25
5
9
5
9
13
17
21
25
5
9
5
9
5
9
5
9
5
9
9
13
17
5
9
13
5
9
13
17
21
5
29
9
33
37
41
7
5
52
56
19
60
25
64
68
72
5
9
13
5
9
5
9
13
17
21
25
29
33
37
