7
12
10
13
39
42
24
47
37
44
47
41
38
61
54
45
67
98
82
91
83
40
98
117
116
66
117
134
136
51
145
122
92
158
4
61
120
173
116
110
203
191
11
113
163
134
165
227
84
33
186
109
218
173
278
233
16
179
128
233
282
149
103
248
167
290
189
309
339
17
162
141
356
306
200
145
322
219
349
158
351
388
165
192
404
376
245
172
388
253
411
220
424
464
103
33
225
467
451
237
38
196
439
237
50
465
479
125
521
48
220
533
502
11
299
217
504
299
540
87
552
584
69
270
588
498
360
250
512
374
586
128
605
644
11
97
12
51
656
285
551
6
441
227
539
385
51
667
675
167
729
139
737
93
609
453
102
597
453
54
748
62
757
205
795
197
788
69
61
651
62
521
633
505
819
815
266
855
232
833
133
692
118
562
686
564
860
862
273
903
251
888
7
165
713
156
711
632
625
79
49
918
908
276
266
967
971
204
767
177
723
697
699
118
966
331
1043
232
785
767
992
391
1111
247
847
825
1061
332
1180
285
899
847
1126
389
1246
294
953
868
1175
424
1243
363
994
922
1230
480
1302
418
1061
964
1289
548
1357
1118
1024
1337
613
1419
1170
1072
1392
674
1452
1205
1134
1460
734
1514
1273
1201
1510
797
1573
1316
1267
1549
840
1639
1382
1328
1603
1689
1432
1371
1667
1748
1491
1417
1731
1811
1543
1484
1791
1875
1568
1544
1833
1941
1612
1585
1899
1983
1649
1651
1950
2015
1692
1709
2001
2079
1743
1762
2056
2137
1800
1823
2115
2197
1867
1884
2171
2260
1890
1949
2238
2312
1947
2006
2305
2376
1992
2071
2370
2441
2044
2109
2433
2506
2094
2161
2490
2564
2161
2214
2540
2624
2213
2276
2604
2684
2273
2314
2667
2745
2329
2361
2724
2810
2396
2427
2788
2874
2461
2487
2851
2936
2506
2530
2904
2977
2547
2597
2958
3039
2605
2655
3024
3074
2658
2703
3070
3132
2724
2768
3126
3180
2790
2835
3179
3243
2825
2888
3238
3295
2890
2951
3276
3357
2955
2998
3315
3411
3018
3063
3375
3475
3084
3126
3423
3536
3149
3122
3486
3550
3197
3140
3553
3615
3258
3604
3679
3311
3670
3726
3373
3679
3788
3424
3742
3854
3807
3918
3833
3974
3896
4038
3954
4083
4003
4148
4042
4212
4096
4277
4134
4337
4199
4388
4261
4437
4321
4495
4386
4560
4447
4619
4485
4656
4526
4705
4582
4763
4647
4791
4707
4856
4772
4920
4832
4985
4894
5048
4959
5108
5019
5172
5078
5234
5143
5282
5200
5339
5226
5404
5462
5525
5584
5630
5688
5713
5774
5834
5896
5940
5998
6046
6099
6161
6221
6280
10
13
20
33
19
29
39
58
69
38
66
18
47
72
59
37
68
118
72
67
115
139
110
39
104
131
34
22
178
140
137
59
151
8
210
14
71
177
14
152
182
98
179
248
163
214
266
25
136
212
8
211
247
57
43
145
211
301
237
292
322
10
37
112
242
321
285
48
65
254
55
265
36
375
46
51
339
379
46
59
68
275
362
298
67
278
309
57
433
16
115
428
397
104
71
335
405
350
19
338
359
486
136
495
463
128
70
352
465
416
75
318
397
533
26
91
520
558
102
89
328
544
416
96
318
26
437
598
101
609
590
97
150
367
612
469
159
366
466
667
130
688
649
56
132
174
664
412
518
169
428
532
20
744
750
162
727
174
60
731
203
426
590
142
436
554
48
815
814
227
801
217
51
809
103
508
94
603
505
592
69
4
875
875
261
851
220
858
6
150
554
140
549
667
670
6
954
295
917
39
46
207
616
681
979
348
975
44
238
685
750
1038
416
1036
277
752
819
1079
469
1100
342
774
885
1138
500
1148
361
820
948
1196
492
1211
347
884
1015
1217
505
1268
355
949
1071
1273
568
1317
408
1013
1123
1337
588
1386
1054
1173
1397
637
1452
1121
1203
1462
664
1519
1176
1265
1520
657
1576
1240
1327
1584
1625
1304
1388
1633
1664
1351
1445
1698
1721
1384
1508
1765
1771
1448
1562
1814
1833
1504
1578
1843
1897
1555
1628
1900
1963
1619
1690
1963
2028
1681
1752
2027
2076
1729
1816
2088
2138
1781
1880
2154
2200
1834
1937
2216
2251
1895
1987
2273
2318
1935
2051
2319
2383
1999
2106
2369
2449
2058
2168
2431
2510
2063
2220
2489
2572
2126
2249
2538
2622
2181
2292
2601
2671
2246
2320
2661
2736
2286
2372
2712
2803
2353
2402
2779
2863
2400
2462
2826
2928
2411
2513
2871
2949
2469
2559
2933
3002
2496
2553
2977
3055
2563
2615
2993
3079
2616
2658
3047
3138
2682
2717
3096
3194
2745
2779
3145
3250
2782
2842
3211
3316
2839
2881
3264
3380
2904
2942
3323
3445
2964
2989
3383
3506
3018
3047
3443
3568
3084
3108
3510
3612
3148
3167
3557
3675
3194
3223
3614
3742
3279
3637
3808
3336
3697
3862
3380
3763
3902
3818
3950
3845
4010
3901
4073
3964
4132
4028
4197
4066
4262
4131
4321
4187
4385
4231
4450
4293
4510
4334
4561
4399
4606
4452
4670
4515
4735
4576
4792
4635
4855
4695
4914
4717
4952
4745
5005
4804
5065
4851
5130
4897
5188
4961
5246
5022
5311
5076
5362
5138
5419
5203
5483
5267
5545
5609
5659
5719
5755
5803
5851
5904
5950
6013
6077
6129
6187
6218
6277
6340
6389
6403
6444
9
13
17
13
28
32
42
48
19
48
72
23
61
35
45
85
82
26
88
62
118
115
26
124
22
152
13
96
112
11
162
152
29
113
112
194
186
61
202
220
46
80
135
67
196
225
101
155
218
267
97
271
265
55
129
121
206
296
168
149
228
167
313
173
346
330
33
4
168
187
371
284
210
74
297
216
30
376
42
221
395
425
47
217
25
439
63
111
369
63
273
328
265
58
462
65
468
279
503
197
513
114
389
122
315
391
315
70
540
75
547
215
583
149
584
191
434
197
387
443
376
57
617
15
611
211
648
191
4
654
8
266
438
242
438
446
442
90
94
688
692
254
226
702
687
312
516
223
502
481
465
34
38
771
762
277
272
748
744
49
249
563
542
22
822
344
801
49
40
241
599
606
64
858
344
861
7
278
663
637
927
399
925
7
272
729
706
993
425
993
42
319
771
770
1063
484
1057
95
340
833
838
1129
502
1096
161
286
903
877
1168
535
1153
110
290
969
940
1236
592
1210
349
1028
1002
1288
643
1258
391
1089
1053
1330
707
1303
407
1155
1104
1382
763
1362
453
1223
1138
1451
688
1419
505
1264
1204
1516
688
1487
566
1306
1270
1566
724
1555
1367
1326
1618
778
1601
1427
1378
1678
743
1664
1484
1435
1740
789
1707
1511
1471
1807
1735
1560
1513
1874
1776
1560
1562
1940
1830
1610
1622
2000
1870
1670
1688
2044
1926
1723
1743
2109
1970
1783
1807
2166
2037
1838
1873
2199
2091
1900
1938
2260
2150
1948
1969
2315
2211
2007
2026
2381
2277
2072
2087
2435
2333
2130
2148
2501
2397
2188
2113
2545
2460
2248
2155
2605
2496
2313
2212
2654
2562
2379
2276
2702
2614
2441
2338
2762
2633
2495
2383
2806
2689
2556
2427
2856
2754
2600
2470
2918
2820
2650
2479
2984
2879
2682
2514
3044
2944
2735
2581
3103
3001
2799
2648
3149
3068
2844
2706
3180
3132
2865
2752
3210
3196
2908
2777
3253
3251
2961
2837
3319
3296
3008
2890
3379
3363
3073
2945
3436
3417
3133
2979
3495
3435
3180
3008
3551
3500
3242
3060
3569
3567
3304
3632
3633
3369
3690
3654
3425
3732
3698
3491
3796
3764
3540
3860
3827
3605
3919
3882
3649
3973
3938
3700
4029
3993
3752
4089
4053
3801
4139
4106
3856
4183
4134
3902
4229
4197
3957
4291
4262
4020
4354
4318
4406
4369
4464
4429
4518
4464
4579
4529
4634
4589
4695
4648
4748
4713
4811
4738
4872
4798
4933
4859
4990
4901
5023
4931
5088
4995
5144
5050
5198
5104
5263
5164
5299
5222
5356
5264
5414
5316
5456
5376
5519
5437
5583
5502
5648
5705
5749
5797
5858
5914
5972
6034
6064
6
17
31
8
10
47
18
29
21
62
56
22
31
43
39
75
5
97
63
85
81
29
77
114
23
97
113
57
154
119
47
32
148
28
108
178
30
36
179
157
131
14
228
176
30
67
227
40
164
250
60
44
247
183
226
94
297
249
111
28
301
318
238
52
320
254
279
56
373
304
85
373
382
306
8
25
110
396
312
267
51
432
333
76
443
66
261
442
10
37
459
377
292
16
466
400
53
488
18
335
477
80
502
433
345
65
525
11
453
124
537
385
96
559
5
155
569
498
404
74
601
526
185
563
89
440
632
7
29
217
594
576
457
117
668
48
609
17
230
628
145
471
693
244
86
652
653
485
179
17
744
683
255
703
182
497
769
192
722
709
524
218
793
31
730
6
153
756
249
565
798
174
782
770
591
296
835
796
7
205
834
262
605
848
158
847
823
625
301
895
830
197
885
312
639
904
26
227
912
880
666
331
932
910
12
202
944
335
672
955
184
4
972
688
962
350
991
977
204
301
1027
1016
722
116
1034
742
1024
335
1071
1049
145
338
1078
1085
763
1098
745
1089
375
1106
1128
381
1135
1131
792
1129
813
1141
348
1159
1185
352
1162
1195
859
1138
799
1214
387
1236
1247
402
1170
1269
781
1183
801
1290
436
1300
1321
1234
1325
844
1244
847
1335
1354
1380
1297
1390
870
1255
872
1397
1412
1443
1277
1448
914
1293
924
1443
1458
1487
1335
1491
955
1350
969
1510
1521
1530
1382
1533
1004
1394
954
1560
1579
1587
1435
1602
969
1452
978
1621
1632
1649
1483
1667
1016
1478
1035
1680
1699
1717
1490
1717
1046
1503
1059
1749
1762
1756
1545
1768
1113
1562
1124
1814
1822
1821
1606
1837
1173
1599
1190
1862
1869
1890
1648
1892
1647
1891
1901
1929
1693
1948
1707
1950
1959
1995
1738
1998
1741
2006
2010
2049
1782
2068
1794
2042
2031
2120
1845
2130
1838
2075
2087
2157
1882
2142
1876
2130
2147
2191
1924
2207
1937
2199
2217
2257
1983
2275
1986
2263
2275
2308
2005
2327
2003
2319
2321
2371
2047
2383
2031
2365
2384
2430
2072
2431
2084
2436
2422
2482
2133
2496
2142
2469
2479
2523
2192
2538
2199
2519
2529
2590
2251
2601
2248
2571
2533
2618
2300
2630
2298
2581
2578
2663
2346
2669
2348
2585
2603
2721
2739
2623
2636
2785
2798
2662
2673
2820
2835
2714
2714
2870
2876
2761
2764
2921
2935
2796
2812
2978
2990
2859
2868
3024
3005
2900
2913
3049
3052
2961
2970
3101
3107
3019
3029
3150
3162
3077
3096
3206
3211
3140
3251
3251
3296
3310
3351
3357
3405
3419
3452
3461
3478
13
13
24
25
11
42
39
58
44
71
44
59
68
94
62
114
98
71
103
18
41
129
111
131
136
74
16
118
168
38
81
177
180
13
179
167
205
197
127
175
31
220
144
247
239
25
10
18
239
227
276
262
48
138
52
239
287
132
326
303
73
63
15
314
287
358
319
9
52
316
28
116
352
58
410
354
132
376
430
358
374
94
382
98
403
22
468
421
95
58
426
482
412
438
5
443
112
5
458
537
120
462
475
558
481
482
57
13
46
431
150
74
522
619
167
539
16
544
17
467
644
566
100
477
141
597
126
696
604
150
614
523
708
601
122
547
202
54
663
148
753
656
196
686
774
592
681
183
611
235
41
179
744
43
221
806
672
755
21
813
690
657
165
676
240
176
813
832
191
735
831
10
848
752
706
23
227
677
218
244
885
907
173
806
14
904
20
729
935
830
299
720
150
946
280
981
878
143
21
966
993
736
901
280
761
191
55
275
995
1047
199
942
38
1006
1058
796
940
250
810
225
1025
270
1102
949
250
1042
1112
795
923
271
798
228
1090
203
1160
965
242
1114
1181
829
985
257
851
1160
262
1228
1026
1157
1220
888
1048
880
1186
1262
1096
1210
1276
905
1115
891
1254
1324
1160
1277
1337
931
1165
944
1326
1373
1190
1340
1394
976
1206
994
1388
1430
1225
1377
1453
1021
1246
1042
1424
1495
1294
1449
1504
1089
1309
1112
1484
1552
1345
1489
1563
1159
1363
1184
1538
1612
1399
1531
1635
1187
1408
1184
1571
1674
1438
1580
1646
1217
1455
1228
1621
1690
1451
1617
1689
1269
1451
1265
1654
1723
1447
1677
1743
1307
1466
1332
1712
1791
1510
1731
1814
1345
1533
1347
1770
1862
1513
1782
1886
1379
1520
1396
1828
1923
1569
1845
1941
1441
1586
1450
1891
1988
1607
1903
2009
1491
1606
1474
1919
2051
1631
1908
2074
1494
1642
1516
1946
2122
1686
1944
2140
1563
1687
1587
1983
2171
1727
1996
2196
1589
1728
1614
2029
2238
1750
2049
2258
1655
1775
2095
2306
1821
2114
2302
1794
2156
2341
1836
2140
2362
1820
2180
2404
1866
2186
2418
1879
2189
2467
1911
2211
2488
2249
2530
2247
2547
2290
2594
2293
2604
2329
2610
2343
2625
2392
2655
2397
2671
2446
2715
2454
2733
2499
2772
2514
2789
2556
2833
2568
2851
2614
2897
2633
2900
2678
2946
2697
2948
2741
2996
2754
3008
2776
3048
2763
3063
2810
3102
2820
3117
2866
3159
2871
3134
2894
3180
2901
3198
3243
3257
3297
3308
3328
3341
3333
3347
3384
3389
3435
3447
3489
3482
3527
3544
3571
3585
3624
3643
3687
3701
3722
3738
3774
3781
6
5
9
32
22
9
27
39
20
47
68
64
44
68
73
66
105
99
61
82
105
18
132
134
100
118
141
23
26
140
49
176
146
174
151
37
29
41
204
176
178
181
107
52
209
218
218
79
186
243
234
248
208
110
262
41
286
136
291
250
273
297
319
221
8
185
317
23
315
212
370
244
51
29
321
363
401
258
228
345
69
33
374
228
10
443
299
99
389
384
453
325
4
177
31
396
124
8
439
162
508
141
380
22
460
401
536
408
217
427
164
13
486
197
576
188
429
37
508
471
602
430
252
482
183
65
563
278
646
180
482
588
23
616
500
534
333
542
234
58
343
638
221
670
546
14
654
682
566
601
19
390
610
263
71
388
706
58
244
733
617
94
727
753
614
659
327
664
305
135
329
782
251
797
667
115
789
812
684
671
375
693
304
146
389
774
319
846
740
153
782
21
862
728
748
751
450
343
131
421
842
359
925
87
789
802
940
806
793
794
476
384
459
855
394
995
867
856
992
883
827
830
515
418
511
913
419
1047
939
928
1065
955
857
874
485
462
446
955
480
1116
1015
969
1131
1028
924
889
476
516
483
1030
521
1175
1085
1012
1193
1091
902
908
503
563
430
1059
550
1245
1132
1078
1261
1147
953
891
483
542
464
1115
552
1321
1184
1129
1339
1202
933
950
517
545
501
1187
536
1390
1260
1202
1407
1243
1010
1013
1228
1454
1298
1247
1472
1314
1044
1041
1295
1522
1336
1297
1527
1310
1087
1103
1334
1576
1359
1352
1594
1333
1133
1102
1406
1647
1347
1407
1648
1364
1133
1123
1460
1689
1412
1472
1708
1424
1162
1144
1515
1729
1448
1520
1747
1429
1165
1169
1564
1798
1455
1561
1800
1468
1200
1212
1613
1848
1519
1632
1846
1537
1256
1271
1669
1901
1558
1684
1900
1547
1285
1293
1722
1955
1597
1740
1971
1614
1346
1364
1780
2018
1635
1776
2037
1648
1414
1418
1828
2092
1670
1845
2106
1686
1468
1895
2161
1725
1911
2149
1731
1935
2189
1770
1938
2184
1777
1991
2238
1807
1994
2248
1819
2047
2301
1870
2050
2306
1869
2099
2357
1924
2091
2354
1909
2142
2389
1963
2151
2398
1969
2180
2420
2009
2192
2426
2021
2235
2477
2068
2248
2493
2054
2294
2518
2297
2528
2335
2570
2335
2575
2373
2623
2389
2635
2441
2674
2451
2679
2503
2722
2515
2688
2556
2739
2570
2746
2619
2795
2635
2794
2650
2842
2662
2855
2696
2897
2709
2828
2752
2859
2765
2864
2812
2907
2818
2922
2861
2971
2876
2966
2927
3017
2939
3026
2989
3075
3067
3118
3129
3167
3169
3217
3224
3273
3282
5
8
18
18
38
12
12
43
46
40
39
41
19
28
78
74
74
50
56
53
12
105
116
118
49
14
88
90
144
109
147
33
96
125
130
48
193
146
124
105
165
162
225
154
93
22
101
194
203
270
41
180
127
230
236
306
217
65
13
167
263
269
336
217
84
121
300
286
374
257
143
22
335
325
386
286
36
166
375
355
410
316
59
107
413
368
427
344
68
57
451
398
464
367
93
52
40
485
441
489
124
410
89
57
519
474
40
522
449
84
90
42
69
538
503
561
460
108
116
562
80
533
9
144
591
455
117
567
576
620
470
178
166
581
593
190
668
512
182
604
630
695
539
192
4
199
649
4
641
189
709
572
214
665
685
697
541
196
226
700
707
181
719
584
219
42
732
722
738
610
27
232
266
750
752
226
760
658
296
25
745
788
791
658
267
315
820
769
814
254
695
273
17
11
798
865
847
732
294
13
279
893
33
813
878
320
771
313
38
847
910
904
731
333
45
53
365
932
37
902
363
959
754
390
925
948
973
779
402
972
378
934
379
1025
824
382
960
1014
1053
848
378
1016
408
1004
393
1089
880
388
1014
1067
1117
901
392
1087
312
1064
356
1157
944
330
1066
1130
1172
939
321
1155
326
1110
330
1220
986
1135
1228
1192
999
1215
1165
1239
1048
1171
1262
1250
1034
1262
1216
1307
1068
1241
1317
1299
1092
1303
1272
1364
1127
1296
1365
1351
1144
1348
1345
1389
1193
1362
1390
1393
1179
1407
1390
1427
1223
1401
1449
1443
1248
1466
1448
1494
1258
1471
1519
1461
1281
1476
1499
1567
1302
1509
1565
1515
1319
1485
1548
1605
1358
1516
1617
1519
1356
1502
1560
1645
1399
1572
1647
1536
1396
1555
1608
1692
1416
1616
1717
1539
1398
1545
1649
1765
1445
1672
1790
1582
1449
1590
1685
1833
1498
1703
1843
1628
1522
1629
1743
1870
1563
1766
1889
1666
1532
1659
1808
1918
1578
1831
1943
1686
1597
1699
1880
1992
1630
1904
2017
1734
1653
1754
1941
2065
1699
1961
2079
1789
1665
1802
2010
2109
1690
2022
2121
1847
1695
1822
2064
2169
1739
2069
2157
1836
1760
1827
2115
2197
1795
2133
2206
1876
1814
1890
2180
2233
2182
1901
2255
1924
2215
2297
2236
1957
2322
1980
2237
2347
2252
2005
2372
2028
2274
2412
2294
2069
2430
2335
2475
2354
2496
2391
2540
2411
2561
2441
2596
2451
2601
2493
2620
2463
2636
2506
2676
2525
2695
2558
2736
2570
2753
2605
2781
2612
2796
2658
2839
2658
2840
2693
2858
2712
2869
2739
2913
2916
2962
2960
2992
3009
3034
3046
3081
3081
3107
3105
19
17
35
10
12
25
4
56
66
33
6
50
33
95
100
69
61
4
73
127
132
94
9
74
109
160
170
121
49
86
139
200
210
156
54
20
64
127
241
253
49
194
52
14
93
18
133
278
286
237
67
102
44
163
316
324
88
181
65
33
24
197
351
359
207
34
78
231
34
395
404
65
169
44
69
218
430
424
161
53
106
218
473
462
64
203
11
46
142
264
509
488
242
45
30
253
59
543
519
20
243
14
43
571
284
550
248
10
311
46
35
605
600
48
297
625
43
625
322
346
58
339
70
10
72
682
80
683
381
17
696
693
396
367
124
389
135
729
148
744
450
744
739
449
434
438
190
49
21
740
204
795
503
7
758
817
481
483
439
240
810
867
233
527
815
56
887
546
492
493
55
275
62
7
856
51
285
942
589
870
945
593
554
11
46
572
344
41
926
310
1005
32
657
944
993
639
618
633
49
354
96
59
998
371
1056
687
1010
1065
697
681
679
430
1070
445
1125
755
1082
1135
766
740
735
506
1132
510
1187
812
1123
1194
793
787
798
565
1184
557
1244
848
1184
1259
815
846
852
615
1245
630
1292
865
1242
1303
843
900
903
639
1300
646
1347
865
1295
1346
874
961
968
642
1356
642
1407
930
1364
1411
916
1020
1014
674
1420
676
1455
967
1400
1469
973
1074
1084
712
1454
725
1524
1019
1459
1536
1005
1138
1124
1507
1591
1056
1517
1605
1062
1175
1181
1563
1662
1112
1575
1670
1127
1191
1187
1633
1725
1182
1641
1725
1187
1204
1163
1676
1780
1223
1686
1785
1229
1220
1234
1731
1836
1281
1746
1845
1295
1281
1295
1800
1903
1337
1813
1917
1348
1351
1361
1869
1975
1364
1866
1977
1345
1418
1421
1907
2033
1359
1920
2045
1342
1470
1466
1978
2086
1398
1992
2070
1522
1522
2047
2120
2059
2109
1579
1573
2110
2155
2079
2168
1625
1638
2124
2225
2135
2212
1691
1703
2184
2239
2196
2239
1753
1764
2249
2291
2234
2301
1787
1794
2288
2350
2300
2353
1851
2353
2377
2356
2377
2409
2433
2393
2437
2451
2477
2431
2473
2479
2512
2456
2521
2509
2579
2513
2579
2567
2635
2568
2645
2623
2688
2630
2671
2686
2726
2690
2734
2747
2791
2744
2801
2802
2859
2793
2862
2843
2919
2842
2920
2878
2978
2877
2987
2921
3036
2927
3032
2981
3068
2978
3071
3029
3122
3038
3119
3095
3176
3103
3182
3159
3239
3161
3231
3194
3271
3196
3281
3251
3338
3245
3347
3295
3405
3294
3411
3331
3468
3335
3459
3382
3511
3391
3517
3440
3573
3574
3631
3638
3685
3680
3724
3727
3782
3789
3837
3841
3896
3900
6
9
15
27
30
27
29
39
57
61
72
54
45
79
84
58
84
28
15
90
93
128
90
46
130
103
11
38
163
124
127
161
93
146
156
201
158
56
203
29
90
196
221
190
227
90
37
106
13
178
260
226
257
50
136
52
296
212
6
244
237
58
29
242
338
278
273
59
42
49
372
282
314
267
60
42
316
80
416
17
363
311
55
10
94
447
366
396
296
41
102
386
476
30
428
342
123
502
420
454
348
42
156
443
537
496
373
149
564
475
496
388
23
44
38
500
136
34
619
75
541
443
117
637
553
542
443
94
563
31
687
109
600
490
680
577
451
571
162
550
19
40
181
723
629
500
735
642
509
606
607
156
18
132
25
758
28
700
567
756
705
576
672
682
121
22
94
64
55
822
44
823
766
624
761
622
720
677
143
136
69
39
887
874
825
687
823
673
17
737
721
203
186
91
89
937
916
887
748
883
743
784
787
254
250
158
146
985
980
71
940
814
842
298
88
1041
1004
869
908
367
151
1108
1072
906
958
340
163
1172
1133
972
1024
366
1220
1167
1040
1053
414
1258
1212
1106
1119
482
1306
1237
1153
1187
462
1366
1302
1207
1244
529
1427
1368
1257
1296
593
1466
1433
1311
1353
646
1522
1491
1310
1417
1584
1553
1365
1483
1648
1616
1430
1533
1708
1677
1475
1593
1755
1703
1528
1635
1793
1768
1585
1696
1845
1822
1641
1751
1911
1886
1692
1792
1969
1925
1754
1851
2014
1982
1819
1915
2070
2044
1883
1982
2130
2066
1941
2049
2189
2132
1993
2104
2235
2198
2055
2170
2289
2265
2121
2222
2356
2329
2187
2288
2422
2392
2251
2350
2466
2444
2306
2401
2527
2511
2373
2457
2573
2575
2431
2504
2638
2623
2498
2553
2705
2683
2513
2618
2749
2749
2539
2673
2810
2796
2602
2738
2859
2829
2654
2775
2923
2879
2711
2800
2982
2935
2775
2852
3040
2995
2838
2899
3103
3035
2903
2922
3160
3102
2950
2935
3202
3164
3017
2991
3268
3189
3055
3052
3295
3251
3088
3092
3354
3312
3151
3156
3394
3372
3204
3201
3459
3437
3271
3255
3520
3491
3312
3322
3586
3554
3361
3383
3652
3619
3422
3445
3715
3686
3486
3477
3779
3750
3509
3530
3824
3817
3557
3582
3883
3876
3617
3594
3943
3928
3678
3659
4004
3985
3735
3715
4069
4005
3782
3779
4133
4066
3847
3836
4193
4105
3913
3898
4241
4171
3957
3954
4289
4218
4018
4355
4282
4388
4323
4408
4384
4467
4444
4532
4498
4583
4558
4646
4612
4687
4654
4747
4719
4805
4772
4844
4822
4908
4879
4968
4929
5016
4970
5065
5027
5085
5091
5150
5153
5181
5213
5267
5315
5379
7
20
38
27
15
28
56
72
60
29
49
95
83
28
44
38
89
132
115
43
52
20
168
124
135
77
34
51
119
208
169
105
30
53
242
141
194
133
49
37
43
164
287
216
177
48
26
318
213
246
176
13
11
83
228
62
363
24
298
225
31
25
390
236
328
250
4
6
262
424
375
294
451
294
400
293
39
321
43
497
26
450
338
27
524
360
470
362
31
370
68
50
572
47
514
400
69
75
544
424
515
413
71
58
451
123
131
47
595
569
129
468
127
615
593
499
487
100
524
150
134
91
641
612
174
543
659
626
450
569
133
569
186
88
716
672
154
482
727
667
448
616
132
627
197
9
152
787
42
142
730
508
803
726
515
677
670
166
200
163
863
208
12
793
579
864
791
592
737
742
192
254
191
891
191
843
658
900
853
662
809
788
206
258
184
963
269
918
728
975
921
48
724
837
33
843
244
269
246
53
260
1044
36
993
776
1037
1001
761
893
905
273
284
184
1074
248
1036
826
1081
1033
801
951
948
292
1141
301
1096
862
1150
1102
841
1011
1015
322
1206
297
1165
863
1195
1176
864
1069
1081
353
1254
360
1227
905
1247
1229
902
1144
1151
410
1309
1292
1317
966
1300
935
1203
1197
1380
1362
1387
995
1335
939
1245
1231
1446
1380
1455
985
1378
983
1267
1273
1518
1440
1494
1038
1445
1047
1331
1333
1550
1498
1557
1109
1486
1117
1394
1393
1621
1547
1625
1171
1552
1141
1452
1459
1673
1616
1679
1200
1612
1190
1499
1505
1730
1666
1731
1236
1666
1219
1540
1542
1790
1726
1793
1270
1735
1236
1601
1607
1822
1795
1832
1292
1778
1268
1660
1669
1885
1835
1893
1303
1827
1310
1727
1735
1957
1873
1965
1330
1883
1337
1761
1768
1980
1942
1985
1381
1951
1359
1805
1802
2048
2002
2053
1416
2009
1829
1806
2056
2056
2068
2065
1837
1827
2120
2115
2129
2116
1888
1881
2168
2157
2165
2171
1932
1938
2217
2222
2233
2231
1992
1999
2282
2266
2287
2261
2036
2041
2329
2322
2318
2303
2101
2091
2372
2345
2364
2363
2133
2111
2391
2387
2426
2433
2122
2114
2450
2455
2491
2493
2170
2155
2508
2509
2545
2527
2215
2217
2571
2564
2590
2583
2266
2626
2615
2628
2605
2667
2664
2664
2665
2706
2709
2705
2698
2768
2760
2757
2737
2821
2822
2800
2798
2886
2890
2853
2846
2954
2955
2906
2905
3016
3019
2966
2970
3083
3087
3029
3002
3103
3103
3055
3049
3156
3129
3111
3115
3188
3186
3162
3163
3234
3231
3227
3231
3294
3266
3287
3287
3327
3331
3351
3344
3380
3381
3384
3374
3443
3425
3434
3434
3484
3496
3551
9
21
27
43
22
39
25
48
46
48
59
84
45
27
30
23
29
55
40
105
133
25
41
32
63
72
136
66
24
173
54
55
88
50
4
91
173
217
84
61
57
78
195
135
241
109
87
48
151
45
238
101
265
87
54
260
172
265
101
145
37
196
87
297
168
308
107
113
47
324
327
240
126
10
217
263
164
23
380
243
381
173
118
51
387
314
407
191
265
341
171
437
282
456
221
157
27
27
462
378
474
240
297
405
195
52
517
323
496
289
173
518
502
455
273
366
480
200
38
259
574
558
190
331
585
576
349
533
271
541
27
208
165
10
611
630
199
390
630
638
395
592
201
597
254
219
674
682
259
448
695
701
462
621
273
605
305
5
254
737
18
325
719
523
752
722
536
667
683
316
374
304
811
358
761
563
807
765
569
732
713
340
405
356
871
415
829
633
877
42
831
633
770
5
769
410
468
336
69
932
481
900
689
944
901
680
829
831
386
520
372
973
488
967
738
974
952
728
889
831
385
518
382
1029
528
975
794
1034
977
778
883
876
435
566
442
1081
545
1043
836
1091
1043
846
931
918
502
605
508
1152
614
1110
889
1163
1113
902
966
965
568
622
547
1218
627
1171
963
1225
1179
975
1032
1040
614
693
616
1291
702
1230
1039
1276
1229
1039
1064
1007
680
760
646
1328
754
1272
1094
1328
1285
1104
1039
1012
696
735
628
1382
741
1349
1166
1393
1358
1148
1060
1061
775
1457
776
1395
1208
1468
1386
1201
1110
1122
835
1512
804
1447
1262
1509
1451
1270
1148
1151
1568
1505
1325
1574
1512
1328
1203
1205
1623
1570
1389
1636
1570
1401
1229
1235
1696
1630
1451
1709
1626
1427
1295
1289
1758
1682
1485
1763
1679
1492
1338
1341
1821
1714
1552
1809
1719
1563
1385
1393
1861
1776
1610
1872
1768
1615
1424
1436
1883
1822
1660
1892
1832
1661
1496
1489
1952
1893
1706
1961
1883
1697
1531
1539
2021
1942
1737
2033
1954
1707
1594
1604
2089
2010
1756
2102
2001
1750
1647
1651
2145
2031
1805
2153
2017
1798
1674
2212
2062
2218
1856
2066
1863
2267
2126
2271
1920
2114
1926
2317
2171
2322
1981
2173
1964
2383
2232
2391
2008
2242
1974
2452
2288
2452
2033
2295
2507
2508
2328
2329
2516
2509
2375
2378
2532
2538
2428
2422
2599
2583
2479
2481
2644
2648
2540
2536
2708
2712
2568
2565
2767
2771
2618
2614
2824
2822
2652
2641
2866
2872
2697
2696
2924
2929
2748
2754
2980
2987
2811
3035
3012
3057
3048
3106
3110
3168
3172
3226
3229
3282
3267
3283
3285
3345
3336
3395
14
23
38
36
43
52
54
63
74
15
78
39
11
103
101
35
87
38
112
127
125
88
111
127
168
26
130
17
32
154
145
165
157
34
4
191
46
189
208
33
169
31
26
29
215
232
216
199
58
12
33
60
246
250
251
5
246
62
27
37
277
285
282
233
92
280
10
318
325
254
66
342
307
346
282
4
311
77
379
11
386
281
78
410
338
415
310
46
11
349
98
17
463
65
461
37
365
472
482
403
384
102
421
68
527
41
530
90
424
551
543
464
420
80
489
96
603
90
591
106
459
14
626
541
603
448
139
559
157
68
657
157
655
146
492
663
662
605
516
206
624
200
718
224
707
125
569
740
725
651
524
243
17
638
166
38
184
797
143
777
573
803
784
559
699
701
138
52
106
855
45
826
593
873
20
843
589
752
764
146
16
109
933
21
904
643
946
913
52
636
830
838
48
1010
61
971
684
1018
984
689
902
908
23
106
24
31
91
1084
1023
1076
751
1004
707
49
962
950
68
70
159
105
1141
1136
1076
759
1073
756
19
1011
1014
85
83
162
123
1210
1198
1146
822
1136
821
1085
1074
143
156
1254
1198
884
1134
218
1311
1263
939
1195
1367
1328
1006
1223
1425
1386
1073
1276
1490
1418
1097
1308
1555
1485
1164
1357
1612
1547
1229
1422
1652
1611
1277
1470
1701
1675
1309
1536
1755
1738
1374
1601
1808
1791
1429
1608
1871
1854
1494
1657
1913
1901
1550
1696
1979
1961
1608
1735
2022
2027
1660
1801
2081
2086
1707
1847
2139
2084
1761
1837
2201
2131
1821
1880
2260
2185
1866
1945
2302
2247
1911
2001
2335
2308
1966
2050
2358
2375
2018
2115
2406
2396
2085
2176
2444
2453
2148
2199
2481
2513
2214
2253
2538
2580
2279
2298
2596
2644
2340
2346
2646
2699
2404
2405
2711
2765
2442
2469
2776
2809
2507
2527
2815
2872
2557
2549
2880
2937
2598
2603
2930
2999
2649
2663
2962
3060
2702
2722
3017
3112
2764
2773
3057
3174
2827
2808
3120
3227
2888
2847
3134
3291
2955
2914
3195
3340
3020
2923
3239
3390
3030
2988
3300
3457
3095
3001
3332
3520
3158
3021
3391
3561
3219
3086
3450
3627
3274
3512
3664
3314
3576
3730
3373
3635
3778
3411
3688
3843
3470
3750
3886
3502
3811
3936
3529
3831
4002
3591
3882
4067
3656
3948
4126
3704
4006
4169
3770
4062
4224
3836
4118
4288
3899
4174
4336
4232
4395
4297
4456
4343
4519
4407
4584
4470
4628
4527
4682
4538
4695
4593
4756
4655
4816
4705
4868
4752
4933
4796
4992
5055
5114
5170
5183
5241
5295
5348
5397
5455
5480
5542
5586
5641
5695
5758
5806
5869
5925
5981
15
17
28
39
32
41
21
62
60
50
65
33
31
89
43
111
59
95
95
38
10
44
136
132
107
117
107
153
68
38
188
78
23
4
147
95
156
50
197
209
151
152
112
213
143
72
252
72
199
171
200
43
249
183
223
227
16
122
202
51
294
133
265
229
317
245
275
250
146
273
362
145
293
298
18
384
322
315
320
174
8
55
355
14
430
200
350
334
40
14
464
390
351
340
242
76
422
504
382
239
372
93
533
442
414
406
262
135
445
44
566
277
463
451
161
71
600
482
461
484
223
192
490
76
622
220
507
519
212
650
533
534
525
264
538
259
10
694
257
584
562
207
14
723
577
601
590
262
602
242
753
273
646
630
239
15
780
650
679
654
284
269
667
794
710
299
675
275
823
684
737
680
285
272
703
47
866
285
768
725
297
29
891
740
780
755
324
132
758
76
928
42
279
819
800
134
95
49
951
8
803
836
826
309
44
41
820
165
1000
331
887
839
124
23
1025
868
910
873
355
168
864
1046
946
381
912
185
1075
909
980
940
419
212
904
1118
1025
448
981
244
1147
930
1003
1009
451
288
963
1184
1045
421
1047
305
1180
911
1073
1080
457
344
937
1221
1116
477
1092
363
1249
983
1144
1088
489
397
999
1295
1174
516
1039
1326
1045
1205
1049
562
1074
1358
1238
500
1087
1353
1116
1256
1104
532
1143
1399
1297
1142
1426
1161
1324
1161
1185
1469
1366
1198
1450
1196
1384
1224
1212
1461
1399
1266
1485
1250
1427
1293
1240
1526
1459
1319
1547
1280
1486
1326
1306
1583
1524
1369
1607
1336
1511
1389
1364
1645
1555
1431
1665
1404
1573
1455
1419
1698
1617
1496
1722
1427
1638
1519
1452
1740
1675
1524
1754
1467
1684
1519
1487
1788
1700
1564
1808
1532
1722
1582
1510
1836
1763
1620
1863
1551
1769
1648
1551
1888
1811
1688
1912
1594
1838
1713
1619
1957
1871
1741
1960
1644
1892
1765
1671
1998
1928
1767
2017
1676
1954
1788
1679
2044
1991
1831
2053
1713
1988
1830
1737
2077
2014
1862
2097
1756
2034
1868
1781
2143
2074
1914
2153
1809
2102
1941
1824
2196
2147
1986
2213
1866
2142
2007
1883
2251
2182
2029
2271
1909
2206
2057
1936
2314
2239
2077
2342
1968
2232
2101
1990
2384
2270
2147
2404
2281
2142
2439
2315
2159
2462
2341
2177
2504
2380
2206
2531
2406
2216
2573
2424
2251
2601
2449
2275
2643
2432
2316
2670
2458
2341
2696
2482
2671
2469
2707
2508
2734
2522
2760
2528
2778
2547
2806
2828
2811
2829
2829
2843
2874
2901
2938
2942
2979
3000
3030
3043
3064
3088
3117
9
7
15
30
37
39
17
32
67
39
62
65
32
29
7
74
105
100
87
62
136
15
93
108
121
27
43
89
23
188
35
155
168
14
215
140
183
195
66
46
158
55
260
83
235
69
242
16
11
285
260
206
249
113
219
110
339
120
314
120
273
356
337
237
280
165
255
140
16
133
411
31
162
343
307
405
23
335
312
239
167
109
194
36
457
167
378
7
361
460
57
394
354
226
44
231
22
207
22
509
166
449
405
512
440
410
280
8
278
38
233
40
574
223
501
470
584
516
486
282
262
5
238
15
630
252
578
13
538
646
595
534
310
326
74
306
69
50
20
709
306
641
570
718
54
648
572
354
69
356
94
258
111
749
226
684
624
759
125
703
616
404
140
412
161
32
222
178
54
817
238
58
771
656
767
779
165
666
473
464
173
299
178
834
226
846
729
843
851
707
522
535
224
42
228
284
33
285
899
16
23
907
925
752
923
752
46
613
605
304
291
362
330
977
952
967
817
969
819
643
600
311
310
340
327
1012
1013
1026
893
1010
897
657
651
362
361
400
332
1066
1058
1081
960
1085
950
717
719
426
430
373
312
1116
1115
1124
999
1056
996
766
770
481
442
1179
1166
1128
1060
1118
1061
837
828
1233
1235
1188
1129
1192
1125
897
869
1280
1278
1261
1191
1263
1192
936
936
1345
1290
1329
1239
1328
1238
995
987
1354
1356
1394
1270
1380
1261
1052
1045
1410
1412
1446
1281
1444
1285
1113
1117
1474
1477
1512
1353
1513
1347
1187
1182
1542
1545
1582
1400
1585
1403
1251
1225
1607
1603
1628
1473
1630
1468
1288
1284
1670
1672
1686
1536
1683
1533
1344
1311
1738
1739
1738
1555
1737
1547
1378
1377
1805
1796
1799
1601
1802
1605
1435
1427
1863
1846
1866
1663
1863
1616
1457
1460
1916
1916
1906
1649
1908
1649
1514
1517
1985
1981
1976
1704
1980
1706
1586
1588
2043
2030
2031
1765
2019
1764
1638
1637
2099
2099
2074
1834
2076
1819
1707
1700
2169
2173
2117
1864
2118
1868
1766
1762
2239
2238
2182
1930
2139
1933
1821
1810
2297
2291
2197
1995
2197
1995
2349
2343
2262
2062
2233
2043
2398
2402
2291
2090
2291
2056
2464
2448
2343
2117
2331
2112
2507
2510
2394
2174
2358
2176
2569
2566
2423
2220
2421
2621
2473
2682
2538
2741
2600
2795
2651
2857
2716
2920
2773
2966
2826
3029
2884
3062
2949
3113
3005
3171
3067
3200
3099
3263
3163
3318
3224
3382
3286
3404
3348
3466
3410
3521
3474
3581
3539
3641
3592
3705
3633
3762
3690
3821
3752
3885
3935
3994
4052
4116
4175
4227
4260
12
18
25
9
39
41
39
25
36
57
34
56
80
70
66
33
92
103
76
94
68
106
140
81
129
14
15
60
137
171
104
5
161
96
150
206
138
35
158
132
180
203
163
73
176
157
34
201
212
59
208
195
37
227
197
239
240
45
37
219
212
275
59
277
269
234
9
29
296
267
303
300
58
54
277
293
59
349
49
352
353
278
373
334
368
372
87
335
286
412
74
410
411
285
52
383
437
373
439
25
128
398
244
34
433
154
5
483
492
189
18
429
504
442
514
130
464
207
478
69
559
545
218
482
560
485
561
107
507
247
26
119
528
600
188
619
14
26
550
619
517
548
176
549
137
56
176
610
139
673
504
74
629
694
496
591
160
574
183
14
182
676
186
753
555
691
767
569
627
18
243
644
232
8
214
749
94
823
631
755
14
841
648
678
691
190
99
194
65
817
70
890
712
828
902
716
701
714
256
8
267
895
969
892
778
964
788
739
692
322
274
67
9
954
6
1001
801
963
1012
802
737
729
332
30
294
56
1014
1020
1074
867
1079
870
797
796
364
329
1082
1084
1137
930
1139
930
865
854
395
367
1154
1150
1203
986
1190
933
879
860
420
416
1212
1217
1246
997
1236
1004
898
896
444
429
1277
1276
1291
1062
1278
1067
954
868
1343
1345
1329
1093
1306
1087
923
922
1412
1411
1363
1109
1359
1084
958
950
1473
1433
1423
1145
1417
1146
1014
995
1480
1476
1484
1208
1484
1207
1032
1030
1532
1537
1525
1242
1522
1247
1081
1087
1603
1605
1584
1306
1581
1313
1114
1092
1637
1628
1646
1374
1626
1352
1156
1159
1691
1695
1682
1397
1654
1401
1223
1215
1760
1747
1721
1445
1727
1452
1239
1239
1812
1818
1768
1506
1767
1484
1306
1299
1873
1876
1816
1550
1811
1549
1349
1336
1939
1937
1867
1616
1861
1608
1402
1392
1989
1981
1928
1671
1935
1677
1428
1431
2030
2023
1957
1664
1954
1642
1475
1481
2084
2091
1991
1701
1992
1696
2155
2130
2039
1745
2023
1748
2191
2191
2080
1787
2081
1790
2250
2256
2123
1823
2130
1800
2298
2304
2194
1844
2195
1839
2353
2334
2255
1893
2236
2386
2382
2285
2284
2442
2428
2347
2350
2477
2480
2389
2385
2528
2531
2443
2439
2589
2584
2503
2506
2640
2635
2563
2526
2692
2681
2588
2578
2745
2749
2634
2614
2802
2805
2659
2662
2866
2863
2721
2723
2927
2907
2787
2772
2970
2953
2826
2810
3017
3020
2859
2859
3076
3075
2917
2911
3109
3107
2973
2974
3169
3166
3037
3034
3230
3183
3094
3233
3284
3344
3395
3439
3483
3546
3600
3661
3719
3783
3841
