5 1.1
10 4.08
15 3.68
20 3.64
25 3.42
30 3.66
35 3.92
40 3.86
45 4.1
50 3.26
55 3.58
60 3.76
65 3.38
70 2.9
75 2.08
80 2.1
85 1.6
90 1.5
95 1.28
100 1.38
105 1.74
110 1.18
115 1.16
120 1.26
125 1.16
130 1.02
135 0.74
140 0.7
145 0.56
150 0.68
155 0.5
160 0.44
165 0.46
170 0.64
175 0.46
180 0.38
185 0.56
190 0.48
195 0.52
200 0.3
205 0.46
210 0.24
215 0.28
220 0.28
225 0.22
230 0.26
235 0.34
240 0.32
245 0.32
250 0.22
255 0.3
260 0.24
265 0.26
270 0.14
275 0.16
280 0.2
285 0.18
290 0.14
295 0.2
300 0.18
305 0.22
310 0.16
315 0.18
320 0.22
325 0.26
330 0.12
335 0.02
340 0.12
345 0.08
350 0.14
355 0.18
360 0.04
365 0.18
370 0.1
375 0.24
380 0.1
385 0.14
390 0.14
395 0.16
400 0.06
405 0.04
410 0.02
415 0.08
420 0.06
425 0.1
430 0.12
435 0.06
440 0.14
445 0.08
450 0.1
455 0.12
460 0.08
465 0.08
470 0.08
475 0.04
480 0.06
485 0.02
490 0.12
495 0.04
6809 17.54
5 1.46
10 5.14
15 4.44
20 3.94
25 4.68
30 4
35 4.54
40 4.7
45 4.56
50 4.68
55 4.48
60 4.28
65 3.98
70 3.02
75 2.84
80 1.96
85 1.44
90 1.46
95 1.42
100 1.2
105 1.22
110 1.4
115 1.32
120 1.44
125 1.18
130 0.82
135 0.74
140 0.84
145 0.74
150 0.52
155 0.44
160 0.66
165 0.36
170 0.56
175 0.54
180 0.46
185 0.48
190 0.62
195 0.34
200 0.3
205 0.4
210 0.3
215 0.34
220 0.26
225 0.24
230 0.26
235 0.18
240 0.36
245 0.24
250 0.3
255 0.32
260 0.1
265 0.3
270 0.14
275 0.24
280 0.2
285 0.16
290 0.12
295 0.2
300 0.14
305 0.24
310 0.16
315 0.08
320 0.22
325 0.18
330 0.14
335 0.12
340 0.14
345 0.06
350 0.14
355 0.02
360 0.14
365 0.08
370 0.1
375 0.14
380 0.02
385 0.16
390 0.08
395 0.04
400 0.08
405 0.14
410 0.06
415 0.1
420 0.02
425 0.1
430 0.08
435 0.12
440 0.08
445 0.08
450 0.12
455 0.14
460 0.04
465 0.06
470 0.06
475 0.06
480 0.04
485 0.1
490 0.1
495 0.04
4535 8.12
5 1.36
10 4.52
15 3.92
20 4.28
25 4.06
30 3.78
35 3.94
40 4.2
45 4.14
50 3.74
55 3.9
60 3.92
65 4.54
70 2.82
75 2.24
80 1.68
85 1.54
90 1.6
95 1.3
100 1.42
105 1.34
110 0.96
115 1.32
120 1.38
125 0.92
130 1.28
135 0.86
140 0.8
145 0.64
150 0.66
155 0.4
160 0.66
165 0.46
170 0.58
175 0.4
180 0.74
185 0.5
190 0.36
195 0.5
200 0.28
205 0.42
210 0.48
215 0.32
220 0.26
225 0.2
230 0.24
235 0.28
240 0.24
245 0.36
250 0.3
255 0.32
260 0.16
265 0.06
270 0.24
275 0.26
280 0.24
285 0.18
290 0.1
295 0.14
300 0.28
305 0.02
310 0.16
315 0.26
320 0.24
325 0.24
330 0.12
335 0.1
340 0.1
345 0.14
350 0.26
355 0.04
360 0.1
365 0.12
370 0.04
375 0.12
380 0.18
385 0.2
390 0.08
395 0.06
400 0.1
405 0.1
410 0.08
415 0.1
420 0.1
425 0.08
430 0.08
435 0.02
440 0.08
445 0.08
450 0.12
455 0.06
460 0.1
465 0.08
470 0.06
475 0.08
480 0.02
485 0.02
490 0.08
495 0.08
8448 12.88
5 1.36
10 3.82
15 4.36
20 3.8
25 4.18
30 3.58
35 4.3
40 3.9
45 3.76
50 3.96
55 3.92
60 4.06
65 3.92
70 3.18
75 2.26
80 1.76
85 1.66
90 1.44
95 1.1
100 1.46
105 1.2
110 0.92
115 1.42
120 1.3
125 1.32
130 1.06
135 0.78
140 0.66
145 0.54
150 0.46
155 0.48
160 0.46
165 0.74
170 0.56
175 0.54
180 0.38
185 0.5
190 0.56
195 0.48
200 0.46
205 0.3
210 0.22
215 0.3
220 0.2
225 0.28
230 0.28
235 0.24
240 0.36
245 0.3
250 0.3
255 0.4
260 0.36
265 0.3
270 0.22
275 0.22
280 0.1
285 0.24
290 0.12
295 0.3
300 0.12
305 0.24
310 0.18
315 0.16
320 0.18
325 0.2
330 0.12
335 0.26
340 0.08
345 0.1
350 0.18
355 0.1
360 0.16
365 0.08
370 0.14
375 0.04
380 0.14
385 0.08
390 0.12
395 0.14
400 0.14
405 0.1
410 0.06
415 0.1
420 0.12
425 0.22
430 0.1
435 0.14
440 0.08
445 0.08
450 0.04
455 0.1
460 0.06
465 0.1
470 0.06
475 0.02
480 0.08
485 0.08
490 0.2
495 0.02
7015 13.64
5 1.28
10 4.98
15 4.22
20 4.04
25 4.24
30 4.56
35 4.1
40 4.14
45 4.68
50 4.7
55 4.12
60 4.34
65 4.18
70 3.38
75 2.46
80 2.18
85 1.7
90 1.7
95 1.28
100 1.5
105 1.38
110 1.34
115 1.46
120 1.28
125 1.28
130 1.18
135 0.86
140 0.64
145 0.88
150 0.64
155 0.56
160 0.52
165 0.48
170 0.44
175 0.36
180 0.5
185 0.4
190 0.6
195 0.44
200 0.34
205 0.42
210 0.52
215 0.32
220 0.22
225 0.18
230 0.26
235 0.18
240 0.22
245 0.22
250 0.16
255 0.24
260 0.34
265 0.2
270 0.18
275 0.24
280 0.2
285 0.24
290 0.08
295 0.14
300 0.12
305 0.14
310 0.14
315 0.22
320 0.1
325 0.22
330 0.1
335 0.2
340 0.18
345 0.08
350 0.08
355 0.08
360 0.1
365 0.04
370 0.12
375 0.12
380 0.04
385 0.12
390 0.14
395 0.08
400 0.14
405 0.1
410 0.12
415 0.04
420 0.04
425 0.1
430 0.1
435 0.06
440 0.08
445 0.06
450 0.08
455 0.12
460 0.06
465 0.06
470 0.08
475 0.1
480 0.06
485 0.04
490 0.02
495 0.06
4970 8.14
5 1.26
10 4.4
15 3.84
20 3.5
25 4.14
30 3.56
35 4.06
40 4.18
45 4.14
50 3.88
55 3.98
60 3.7
65 3.5
70 3.06
75 2.84
80 2.12
85 1.52
90 1.44
95 1.4
100 1.5
105 1.52
110 1.36
115 1.52
120 1.5
125 1.12
130 1.02
135 0.86
140 0.78
145 0.76
150 0.48
155 0.58
160 0.62
165 0.68
170 0.5
175 0.64
180 0.64
185 0.72
190 0.46
195 0.62
200 0.34
205 0.32
210 0.34
215 0.2
220 0.3
225 0.24
230 0.38
235 0.4
240 0.3
245 0.34
250 0.26
255 0.26
260 0.38
265 0.3
270 0.08
275 0.24
280 0.18
285 0.2
290 0.1
295 0.28
300 0.24
305 0.3
310 0.2
315 0.2
320 0.14
325 0.16
330 0.24
335 0.1
340 0.12
345 0.08
350 0.18
355 0.1
360 0.08
365 0.18
370 0.14
375 0.2
380 0.24
385 0.06
390 0.16
395 0.12
400 0.08
405 0.02
410 0.08
415 0.08
420 0.06
425 0.04
430 0.1
435 0.1
440 0.24
445 0.12
450 0.04
455 0.12
460 0.14
465 0.02
470 0.06
475 0.06
480 0.08
485 0.12
490 0.04
495 0.04
6782 11.28
5 1.18
10 4.42
15 3.86
20 3.78
25 4.06
30 3.64
35 4.02
40 4.14
45 4.38
50 3.94
55 4.26
60 3.64
65 4.18
70 3.06
75 2.34
80 1.82
85 1.7
90 1.58
95 1.32
100 1.32
105 1.5
110 1.22
115 1.02
120 1.38
125 1.18
130 1.3
135 0.96
140 0.72
145 0.58
150 0.46
155 0.5
160 0.5
165 0.46
170 0.7
175 0.58
180 0.4
185 0.58
190 0.36
195 0.46
200 0.36
205 0.26
210 0.4
215 0.18
220 0.22
225 0.3
230 0.24
235 0.36
240 0.44
245 0.3
250 0.24
255 0.2
260 0.22
265 0.12
270 0.16
275 0.14
280 0.12
285 0.22
290 0.14
295 0.2
300 0.2
305 0.3
310 0.16
315 0.24
320 0.14
325 0.24
330 0.1
335 0.06
340 0.18
345 0.04
350 0.06
355 0.1
360 0.18
365 0.24
370 0.14
375 0.18
380 0.24
385 0.04
390 0.14
395 0.2
400 0.06
405 0.06
410 0.08
415 0.1
420 0.06
425 0.1
430 0.16
435 0.16
440 0.08
445 0.08
450 0.12
455 0.1
460 0.12
465 0.12
470 0.12
475 0.02
480 0.06
485 0.1
490 0.1
495 0.06
9014 12.64
5 1.52
10 5.12
15 4.1
20 4.48
25 4.54
30 4.12
35 4.6
40 4.22
45 4.68
50 4.36
55 3.88
60 4.26
65 4.06
70 3.16
75 2.3
80 1.94
85 1.76
90 1.48
95 1.58
100 1.18
105 1.14
110 1.18
115 1.12
120 1.06
125 1.2
130 0.94
135 0.66
140 0.68
145 0.66
150 0.6
155 0.54
160 0.62
165 0.46
170 0.44
175 0.46
180 0.58
185 0.38
190 0.4
195 0.4
200 0.38
205 0.3
210 0.28
215 0.3
220 0.46
225 0.3
230 0.2
235 0.32
240 0.26
245 0.24
250 0.34
255 0.28
260 0.26
265 0.18
270 0.26
275 0.2
280 0.2
285 0.14
290 0.2
295 0.26
300 0.14
305 0.16
310 0.18
315 0.2
320 0.2
325 0.12
330 0.1
335 0.1
340 0.1
345 0.16
350 0.12
355 0.04
360 0.1
365 0.1
370 0.12
375 0.14
380 0.12
385 0.14
390 0.12
395 0.06
400 0.06
405 0.1
410 0.1
415 0.08
420 0.1
425 0.06
430 0.04
435 0.1
440 0.08
445 0.12
450 0.08
455 0.06
460 0
465 0.04
470 0.04
475 0.02
480 0.06
485 0.02
490 0.08
495 0.1
7122 9.92
5 1.42
10 4.66
15 4.22
20 4.18
25 4.44
30 4.04
35 4.4
40 4.36
45 3.98
50 3.64
55 4.36
60 3.98
65 3.9
70 3.42
75 2.64
80 2.28
85 1.88
90 1.9
95 1.6
100 1.84
105 1.88
110 1.58
115 1.38
120 1.88
125 1.44
130 1.7
135 0.96
140 0.7
145 0.8
150 0.62
155 0.54
160 0.66
165 0.44
170 0.52
175 0.54
180 0.32
185 0.68
190 0.48
195 0.66
200 0.5
205 0.38
210 0.54
215 0.38
220 0.3
225 0.34
230 0.22
235 0.26
240 0.28
245 0.24
250 0.18
255 0.32
260 0.28
265 0.28
270 0.2
275 0.38
280 0.24
285 0.16
290 0.08
295 0.18
300 0.12
305 0.1
310 0.22
315 0.18
320 0.22
325 0.14
330 0.16
335 0.12
340 0.18
345 0.24
350 0.06
355 0.16
360 0.12
365 0.06
370 0.12
375 0.12
380 0.08
385 0.18
390 0.16
395 0.1
400 0.08
405 0.12
410 0.08
415 0.08
420 0.06
425 0.12
430 0.04
435 0.08
440 0.08
445 0.02
450 0.14
455 0.06
460 0.04
465 0.08
470 0.04
475 0.1
480 0.02
485 0.02
490 0.02
495 0.06
2108 5.16
5 1.4
10 4.48
15 4.84
20 4.46
25 4.28
30 4.22
35 4
40 4.16
45 4.66
50 4.46
55 3.92
60 4.06
65 4.48
70 3.58
75 2.6
80 1.84
85 1.7
90 1.3
95 1.44
100 1.22
105 1.4
110 1.06
115 1.36
120 1.26
125 1.22
130 1
135 1
140 0.86
145 0.58
150 0.62
155 0.52
160 0.54
165 0.6
170 0.68
175 0.52
180 0.46
185 0.38
190 0.58
195 0.5
200 0.48
205 0.56
210 0.32
215 0.34
220 0.34
225 0.22
230 0.36
235 0.3
240 0.32
245 0.24
250 0.16
255 0.28
260 0.3
265 0.2
270 0.2
275 0.2
280 0.28
285 0.22
290 0.14
295 0.12
300 0.22
305 0.26
310 0.16
315 0.08
320 0.1
325 0.18
330 0.16
335 0.1
340 0.1
345 0.22
350 0.16
355 0.06
360 0.18
365 0.1
370 0.22
375 0.12
380 0.1
385 0.06
390 0.14
395 0.12
400 0.06
405 0.04
410 0.2
415 0.1
420 0.12
425 0.1
430 0.06
435 0.16
440 0.1
445 0.18
450 0.04
455 0.1
460 0.06
465 0.04
470 0.08
475 0.02
480 0.14
485 0.1
490 0.1
495 0.02
4349 7.52
5 1.32
10 3.98
15 4.1
20 3.44
25 3.86
30 4
35 3.72
40 4.28
45 3.96
50 4.18
55 4
60 3.88
65 3.58
70 3.22
75 1.88
80 2.04
85 1.62
90 1.6
95 1.18
100 1.24
105 1.28
110 1.2
115 1.06
120 1.24
125 0.88
130 0.78
135 0.7
140 0.64
145 0.64
150 0.5
155 0.6
160 0.62
165 0.64
170 0.44
175 0.46
180 0.34
185 0.44
190 0.32
195 0.36
200 0.4
205 0.26
210 0.24
215 0.34
220 0.38
225 0.3
230 0.24
235 0.44
240 0.26
245 0.26
250 0.2
255 0.22
260 0.22
265 0.22
270 0.12
275 0.14
280 0.08
285 0.2
290 0.22
295 0.14
300 0.24
305 0.2
310 0.28
315 0.14
320 0.16
325 0.08
330 0.14
335 0.1
340 0.06
345 0.1
350 0.1
355 0.1
360 0.12
365 0.16
370 0.24
375 0.12
380 0.14
385 0.14
390 0.06
395 0.2
400 0.14
405 0.08
410 0.04
415 0.1
420 0.08
425 0.02
430 0.08
435 0.22
440 0.08
445 0.08
450 0.1
455 0.1
460 0.1
465 0.08
470 0.06
475 0.08
480 0.02
485 0.02
490 0.06
495 0.08
17995 16.4
5 1.34
10 4.24
15 3.64
20 3.5
25 3.86
30 3.42
35 3.48
40 3.58
45 4
50 3.98
55 4.06
60 3.08
65 3.24
70 3.08
75 2.3
80 2.06
85 1.38
90 1.26
95 1.26
100 1.48
105 1.32
110 1.06
115 1.1
120 1.22
125 0.8
130 1.02
135 0.92
140 0.58
145 0.48
150 0.5
155 0.6
160 0.64
165 0.46
170 0.44
175 0.6
180 0.42
185 0.42
190 0.38
195 0.4
200 0.42
205 0.4
210 0.4
215 0.26
220 0.26
225 0.34
230 0.24
235 0.32
240 0.4
245 0.26
250 0.38
255 0.26
260 0.34
265 0.24
270 0.28
275 0.2
280 0.18
285 0.12
290 0.16
295 0.14
300 0.28
305 0.22
310 0.1
315 0.12
320 0.16
325 0.3
330 0.18
335 0.2
340 0.12
345 0.1
350 0.04
355 0.1
360 0.04
365 0.16
370 0.12
375 0.18
380 0.06
385 0.06
390 0.16
395 0.14
400 0.1
405 0.12
410 0.16
415 0.06
420 0
425 0.04
430 0.14
435 0.08
440 0.08
445 0.06
450 0.04
455 0.14
460 0.12
465 0.1
470 0.08
475 0.1
480 0.12
485 0.02
490 0.02
495 0.12
16972 18.26
5 1.46
10 4.3
15 4.32
20 4.02
25 3.72
30 4.52
35 4.2
40 4
45 3.7
50 3.98
55 3.88
60 3.38
65 4.28
70 2.98
75 2.28
80 1.88
85 1.76
90 1.56
95 1.54
100 1.48
105 1.48
110 1.46
115 1.28
120 1.12
125 1.08
130 1.26
135 1.1
140 0.58
145 0.82
150 0.64
155 0.62
160 0.58
165 0.56
170 0.64
175 0.54
180 0.54
185 0.58
190 0.42
195 0.5
200 0.58
205 0.3
210 0.3
215 0.36
220 0.46
225 0.26
230 0.26
235 0.3
240 0.12
245 0.32
250 0.28
255 0.32
260 0.44
265 0.34
270 0.22
275 0.22
280 0.22
285 0.2
290 0.26
295 0.12
300 0.2
305 0.16
310 0.16
315 0.26
320 0.14
325 0.26
330 0.26
335 0.12
340 0.16
345 0.2
350 0.16
355 0.18
360 0.08
365 0.08
370 0.12
375 0.12
380 0.12
385 0.1
390 0.22
395 0.1
400 0.18
405 0.1
410 0.08
415 0.18
420 0.14
425 0.04
430 0.18
435 0.06
440 0.06
445 0.06
450 0.06
455 0.12
460 0.04
465 0.08
470 0.04
475 0.1
480 0.02
485 0.14
490 0
495 0.12
8532 10.08
5 1.2
10 4.64
15 4.22
20 4.16
25 4.26
30 4.2
35 4.12
40 3.92
45 4.02
50 3.84
55 4.48
60 3.7
65 4.28
70 3.2
75 2.36
80 1.9
85 1.64
90 1.64
95 1.58
100 1.48
105 1.58
110 1.24
115 1.08
120 1.34
125 1.2
130 1.22
135 0.72
140 0.72
145 0.44
150 0.46
155 0.6
160 0.62
165 0.72
170 0.48
175 0.58
180 0.52
185 0.44
190 0.58
195 0.46
200 0.26
205 0.2
210 0.26
215 0.28
220 0.3
225 0.2
230 0.28
235 0.28
240 0.34
245 0.2
250 0.2
255 0.4
260 0.36
265 0.18
270 0.12
275 0.22
280 0.14
285 0.18
290 0.14
295 0.22
300 0.2
305 0.24
310 0.18
315 0.16
320 0.22
325 0.24
330 0.16
335 0.12
340 0.08
345 0.04
350 0.16
355 0.14
360 0.02
365 0.08
370 0.14
375 0.16
380 0.16
385 0.16
390 0.14
395 0.06
400 0.06
405 0.18
410 0.04
415 0.06
420 0.16
425 0
430 0.06
435 0.02
440 0.12
445 0.12
450 0.12
455 0.16
460 0.06
465 0.08
470 0.14
475 0.06
480 0.06
485 0.12
490 0.06
495 0.06
6144 10.8
5 1.56
10 4.68
15 4.68
20 4.78
25 4.28
30 4.54
35 4.2
40 4.04
45 3.86
50 4.56
55 4.34
60 4.42
65 4.34
70 2.98
75 2.96
80 2.12
85 1.68
90 1.38
95 1.42
100 1.48
105 1.52
110 1.26
115 1.46
120 1.36
125 1.18
130 0.98
135 0.86
140 0.86
145 0.72
150 0.58
155 0.56
160 0.68
165 0.6
170 0.56
175 0.32
180 0.52
185 0.54
190 0.4
195 0.28
200 0.4
205 0.46
210 0.32
215 0.28
220 0.4
225 0.26
230 0.34
235 0.26
240 0.24
245 0.26
250 0.3
255 0.24
260 0.3
265 0.16
270 0.24
275 0.12
280 0.12
285 0.18
290 0.18
295 0.14
300 0.1
305 0.16
310 0.16
315 0.16
320 0.08
325 0.26
330 0.14
335 0.14
340 0.12
345 0.12
350 0.08
355 0.14
360 0.08
365 0.06
370 0.12
375 0.1
380 0.14
385 0.12
390 0.16
395 0.08
400 0.1
405 0.08
410 0.06
415 0.12
420 0.1
425 0.04
430 0.12
435 0.04
440 0.08
445 0.08
450 0.1
455 0.12
460 0.1
465 0.04
470 0.08
475 0.06
480 0.08
485 0.1
490 0.08
495 0.04
3280 7.12
