53
57
62
66
67
71
75
78
82
107
111
114
118
126
130
131
135
138
139
145
147
149
150
157
154
157
162
162
164
166
172
176
180
182
186
187
191
194
198
199
204
204
208
210
215
214
222
226
227
229
233
237
237
241
250
254
261
265
268
272
275
279
280
284
286
70
292
6
298
303
5
9
28
10
5
29
20
24
14
110
54
42
46
45
358
362
360
366
22
370
30
383
387
82
391
104
108
400
404
410
414
416
67
430
434
81
7
443
11
125
129
453
11
460
15
464
467
468
473
477
12
479
481
485
5
204
59
208
32
212
522
526
46
5
9
542
546
11
202
19
210
9
13
31
29
6
10
14
17
590
594
598
346
5
609
9
618
5
626
377
636
185
32
189
654
658
658
257
43
261
69
677
5
77
9
81
85
16
22
20
9
14
706
710
38
714
718
721
115
728
732
739
743
740
747
751
755
749
23
538
83
542
35
39
189
42
193
98
401
405
780
59
63
22
799
5
14
19
23
823
11
27
15
237
832
836
847
74
853
60
538
847
30
34
855
548
9
878
5
867
146
660
11
891
892
5
898
902
12
343
907
680
5
175
179
11
322
15
35
329
39
26
43
939
32
88
92
377
98
682
388
686
86
91
277
298
185
983
189
12
105
292
53
12
16
1002
1003
211
74
78
129
21
134
9
14
5
33
22
37
98
16
5
72
171
19
37
41
1077
1081
10
5
1088
874
93
22
5
22
5
890
9
5
9
32
5
686
9
693
45
133
137
145
149
54
58
194
5
1175
1180
100
628
1186
5
111
21
28
357
119
361
124
128
1213
1217
221
402
34
410
155
159
54
33
37
41
163
5
792
9
15
801
19
20
540
1296
32
552
6
1313
5
132
620
5
582
16
587
630
32
299
19
70
5
48
9
49
9
59
295
5
67
13
32
36
19
5
226
5
331
9
22
90
45
49
11
385
103
43
47
137
141
411
171
11
43
14
5
1184
21
186
138
29
143
1482
147
1204
10
433
47
51
439
41
135
22
139
37
41
1517
5
1526
1525
1530
192
16
249
1238
1242
203
6
1250
1254
218
561
15
565
25
6
181
28
359
5
9
14
369
57
16
208
63
5
40
13
9
18
68
72
76
1632
1636
649
446
1647
450
968
5
19
107
6
11
30
1668
46
5
328
187
192
58
14
5
5
27
11
31
1026
7
17
21
18
5
25
389
5
16
18
22
107
26
39
5
34
12
38
119
123
83
8
32
14
101
97
105
38
42
45
96
5
61
86
90
133
21
25
5
93
11
32
16
893
20
42
181
26
186
200
33
5
34
197
14
153
157
53
57
25
34
5
73
77
115
81
85
25
210
214
62
66
996
9
6
94
10
565
569
28
106
17
116
120
156
124
31
128
5
59
9
30
65
5
76
80
17
86
5
19
13
62
24
436
20
11
5
22
196
5
30
40
10
14
468
50
5
31
9
46
6
10
2136
5
59
75
64
978
16
20
995
564
568
103
628
429
513
120
435
23
524
27
596
177
181
39
185
6
15
19
23
28
52
5
584
60
292
16
531
296
80
5
314
318
548
21
25
329
5
566
11
320
113
19
23
331
355
359
343
115
15
119
49
23
23
28
14
8
46
21
50
25
10
14
36
34
34
38
15
19
20
24
7
8
5
23
24
27
30
31
12
16
11
46
15
27
737
53
57
61
67
71
30
43
20
5
54
30
5
25
29
50
54
29
10
5
16
6
21
24
20
28
21
7
31
11
32
1594
910
38
186
190
50
931
70
5
133
9
58
62
66
243
248
72
76
16
82
86
27
423
92
96
38
102
5
15
9
17
10
5
31
27
34
20
13
17
29
31
6
43
48
12
22
27
27
50
34
5
21
38
25
44
37
5
19
34
5
14
11
21
15
13
15
17
20
58
23
22
5
21
25
9
13
19
79
83
68
87
8
87
14
16
20
97
16
20
2923
24
2930
2934
35
41
211
2945
6
2954
5
18
13
2969
2973
76
253
5
2319
10
2323
94
2329
1787
27
32
36
38
12
1805
16
16
20
43
58
5
9
38
10
5
12
16
52
12
7
25
1851
11
87
1195
1199
514
5
12
529
17
13
5
9
20
24
27
33
46
13
50
35
7
5
42
16
46
17
40
8
61
12
28
32
69
36
44
23
40
46
5
59
6
13
94
10
21
8
25
29
33
24
28
85
89
93
97
101
105
109
113
117
121
3525
3529
2495
2499
1263
1267
3557
3561
1941
1945
1251
1255
1259
523
527
531
535
539
543
3754
3758
2517
2521
1460
1464
1468
3888
3892
3896
3149
3153
2604
2608
1602
1606
1184
1188
1192
1986
1990
1473
1477
1190
1194
1198
894
898
53
57
62
61
67
67
72
78
82
107
111
114
118
126
130
131
137
138
142
141
145
145
151
157
155
159
164
168
172
176
180
182
186
190
193
197
198
202
212
5
220
221
225
16
221
231
5
237
241
11
242
246
245
250
249
260
5
265
269
271
272
277
276
21
16
20
288
292
26
298
299
302
300
304
312
308
319
323
327
327
323
335
339
89
347
347
351
352
100
357
359
361
362
366
5
51
370
376
375
13
17
390
397
5
412
9
417
43
145
49
53
431
57
435
439
441
445
72
78
22
456
26
464
468
470
474
479
8
486
5
14
491
495
497
499
20
508
5
15
19
76
9
523
14
22
20
94
335
98
38
100
342
549
126
53
25
29
571
23
577
35
39
585
152
5
57
6
11
617
10
166
73
203
207
633
19
23
644
648
650
652
655
6
39
11
26
15
21
21
25
679
41
683
686
691
7
694
420
698
16
330
20
25
338
82
342
88
723
727
731
5
745
749
12
753
764
508
512
27
778
782
289
293
33
37
62
8
35
70
39
19
83
23
826
91
513
15
19
842
846
856
453
860
13
18
869
598
873
131
604
480
276
884
282
120
31
35
132
910
136
12
509
17
514
918
9
929
933
936
940
26
9
49
15
15
19
50
54
49
974
54
7
49
65
5
66
17
71
90
94
79
69
6
100
90
643
94
39
112
43
41
312
316
107
100
113
117
83
41
71
5
97
5
11
18
109
22
71
116
32
120
33
14
327
18
19
337
127
31
61
65
1114
40
10
44
163
17
496
21
87
10
30
14
1153
6
1158
1162
48
531
9
196
1172
43
6
1182
6
42
9
46
26
16
14
5
456
460
25
60
181
5
967
12
22
16
262
978
10
5
476
9
31
486
20
41
230
45
17
60
9
25
29
17
21
1013
25
74
1018
33
37
91
108
5
162
8
5
124
16
42
20
18
190
48
17
151
198
33
590
5
707
711
115
462
209
466
30
219
34
35
36
40
75
79
294
83
1430
9
1434
194
306
50
78
202
85
26
63
1454
5
328
80
84
15
19
9
13
33
6
10
5
9
1534
15
1545
1545
434
7
438
1556
709
18
632
713
451
520
28
1578
463
5
44
843
847
43
5
247
251
41
45
49
69
5
33
5
80
9
20
6
10
98
5
20
24
42
9
28
50
16
18
20
123
26
118
30
69
73
23
7
511
11
84
59
38
63
21
67
66
25
741
534
745
690
13
17
40
1753
756
190
5
708
712
126
26
720
30
28
727
731
14
33
1799
339
5
875
322
326
219
225
5
14
9
55
19
1837
1842
8
86
30
51
5
6
11
1856
27
20
1867
24
1874
1878
120
1882
39
13
98
17
1159
1163
1167
448
162
452
114
5
1943
122
1947
19
22
26
540
30
16
20
9
13
32
17
569
573
44
14
18
8
19
585
548
5
5
88
9
604
98
102
14
32
295
37
302
115
119
48
50
123
37
2072
10
2076
79
41
6
2084
2088
49
2092
152
18
29
5
43
10
14
173
177
58
62
56
66
43
82
7
86
53
54
172
60
5
2161
9
2169
534
5
2175
140
16
38
20
277
282
27
5
37
189
2224
2228
23
2232
85
2249
68
72
194
6
62
129
5
9
15
12
16
20
43
445
5
240
249
245
455
23
16
28
46
240
265
270
7
251
12
33
16
25
38
287
30
34
16
47
5
29
9
49
13
413
54
8
586
590
14
71
14
76
216
355
25
359
31
614
618
622
19
23
10
42
430
46
141
10
6
13
31
17
158
49
26
456
25
32
36
16
80
85
9
115
48
52
81
7
25
29
137
51
24
5
46
9
51
55
7
489
11
66
15
50
54
1016
58
78
82
19
86
807
25
11
5
820
14
15
5
840
5
30
34
11
22
38
619
43
31
5
51
55
19
41
65
34
38
661
42
41
45
49
20
5
28
62
66
16
37
76
6
72
140
48
52
88
195
56
26
215
5
111
131
135
26
139
29
33
147
38
151
41
47
12
16
39
20
7
2851
51
183
2867
2145
30
99
5
11
2166
15
118
23
5
45
31
5
27
16
31
2194
12
16
10
22
14
2210
1417
54
27
5
76
11
5
71
41
9
1441
632
81
108
636
56
60
27
68
72
75
79
260
103
6
266
13
5
30
16
6
35
15
10
110
43
8
12
44
36
40
65
6
28
10
96
34
8
172
12
126
179
153
137
141
196
200
221
204
133
5
218
9
20
224
32
5
239
9
10
14
16
20
260
264
268
272
43
285
289
293
297
301
1587
910
914
591
595
1797
1801
4397
4401
4126
4130
3708
3712
3516
3520
3132
3136
3140
2673
2677
2443
2447
2218
2222
1899
1903
1568
1572
53
57
62
66
67
73
78
77
82
107
111
114
118
119
128
132
135
136
140
144
144
148
147
151
155
160
164
165
169
175
176
180
185
184
193
188
194
198
207
210
214
204
215
16
223
20
225
229
229
239
243
244
253
257
47
51
266
278
282
285
80
292
6
89
17
311
315
319
326
333
337
341
348
5
9
31
35
350
354
358
372
378
382
383
387
389
395
399
403
123
410
129
414
400
416
420
420
407
426
427
144
431
149
77
438
442
7
445
11
88
451
6
17
442
459
446
465
450
469
456
26
460
482
464
487
492
492
496
475
500
479
42
485
46
514
46
492
54
500
58
535
5
540
95
99
18
103
555
25
29
564
33
571
37
41
45
581
111
48
52
565
593
128
597
12
68
16
583
74
589
81
595
85
628
17
605
5
636
640
615
648
619
647
654
13
663
665
667
124
26
640
5
5
23
9
658
30
662
307
16
412
21
313
673
94
720
682
724
690
438
728
696
732
15
283
20
738
711
715
214
32
719
107
111
83
89
5
122
779
783
39
43
75
81
38
85
46
96
28
100
793
797
109
114
11
808
575
387
124
26
129
397
133
68
590
73
417
885
20
7
24
896
612
205
904
908
169
28
175
179
517
187
527
191
19
195
144
148
5
104
9
175
13
16
988
20
295
993
7
540
11
462
545
71
75
352
356
234
239
213
245
130
249
224
1056
253
30
34
38
270
8
278
307
311
19
23
9
13
36
411
415
29
33
1126
11
15
7
54
11
261
265
94
269
273
5
9
834
838
487
276
79
10
14
92
16
511
100
515
26
34
38
321
325
219
43
542
229
139
54
143
342
15
59
22
24
28
146
570
163
6
152
581
6
16
1306
179
5
22
1335
1339
1343
250
9
13
13
14
266
972
20
976
28
30
34
1385
1389
1392
1393
1000
1401
1004
940
38
617
621
50
226
956
230
1094
345
1438
1442
795
1114
1118
14
18
1124
809
379
13
17
23
13
295
299
305
27
15
31
24
28
39
10
32
32
18
1530
1534
1200
5
950
88
954
16
713
1558
946
719
950
1569
123
1574
314
123
734
839
738
844
329
850
30
854
15
870
874
878
45
118
53
124
672
676
59
48
339
190
7
11
350
83
143
1662
147
1667
9
5
1444
54
589
287
1691
5
299
9
1475
307
5
9
9
1241
1743
15
1747
1252
87
695
943
87
699
91
953
95
25
474
29
29
484
116
40
120
1796
1800
178
1804
1810
5
16
16
1824
21
25
22
26
39
5
1859
9
65
1865
63
5
9
80
84
20
24
26
35
39
1903
1681
41
45
14
18
20
24
5
1708
1952
1956
22
1960
656
28
1410
1414
16
1191
46
1197
679
5
31
775
5
21
20
783
703
330
20
11
42
5
93
49
5
473
11
61
27
483
368
487
16
49
22
123
5
506
510
132
514
18
22
28
790
794
18
798
24
27
28
13
17
21
854
467
471
352
475
158
5
6
16
10
374
26
178
29
12
33
135
22
20
27
32
10
14
43
7
11
171
11
5
14
19
13
23
28
5
9
17
21
51
55
59
1672
955
963
5
9
19
23
5
170
5
17
9
22
26
27
30
25
34
2384
2388
50
2193
54
14
54
18
2203
6
66
71
15
75
1948
79
87
1964
6
22
26
17
22
1227
26
17
21
34
25
31
45
47
49
26
1261
1024
151
1028
42
1034
70
166
170
84
176
88
610
12
617
621
194
198
108
114
637
118
20
5
220
655
11
42
35
46
143
673
429
24
6
10
9
40
44
87
91
64
5
40
11
5
16
487
5
14
9
29
294
5
41
303
43
16
177
47
2706
184
96
100
2720
6
201
2506
17
287
291
11
295
2521
19
8
12
2319
230
235
2327
2019
20
2023
33
5
2038
9
1718
1722
1726
1431
1435
1191
11
15
1204
7
21
25
13
17
1218
986
990
16
20
21
25
16
9
713
717
18
451
33
26
30
462
466
2252
10
2256
17
2267
23
491
29
495
1972
191
1984
5
204
15
5
1686
1690
7
16
5
21
9
1486
13
9
13
1498
5
11
11
1261
5
26
25
5
1279
915
16
919
35
8
5
930
52
556
34
560
11
5
49
20
16
53
5
56
13
17
23
6
30
3217
3221
2641
3225
1543
1547
2655
2659
2237
2241
1872
3263
1876
1633
1637
1075
3290
1079
654
658
3309
668
672
3003
3009
2527
683
3342
3346
2536
3350
698
702
706
710
1520
410
416
1446
1534
1450
1541
1545
1549
1553
1557
1561
1565
1260
1264
925
929
933
3166
937
1222
1226
948
828
832
959
838
842
571
577
853
857
861
865
869
873
877
881
543
547
2439
2443
2174
2178
2182
1864
1868
891
895
899
3809
3813
3178
3182
2908
2912
2916
2702
2706
2451
2455
2082
2086
1884
1888
1892
1683
1687
1691
1404
1408
1171
1175
53
57
62
66
67
71
78
82
107
111
114
115
121
126
130
131
135
138
142
145
149
153
157
157
164
168
168
172
176
176
182
190
194
195
199
204
208
212
216
212
220
224
228
10
231
237
242
241
21
252
256
258
262
266
266
29
33
268
281
8
285
279
284
293
291
297
298
291
302
20
309
315
319
313
118
56
337
341
138
351
5
356
361
361
367
5
9
374
21
25
385
389
395
5
11
402
407
412
52
11
16
16
76
70
34
452
456
459
113
468
468
472
124
474
122
77
115
136
119
136
123
7
502
507
507
513
522
5
530
18
16
535
5
9
13
51
17
5
564
70
5
65
9
22
26
52
56
60
606
610
615
212
215
216
23
5
226
33
232
5
16
5
13
243
662
666
24
6
672
26
35
39
39
11
16
50
20
24
28
709
713
60
108
19
114
23
445
124
17
128
24
68
28
74
78
764
768
115
464
468
118
140
194
797
198
129
803
804
809
813
802
494
6
342
813
34
178
42
357
32
5
18
11
22
535
16
853
20
21
34
25
289
877
881
33
240
169
892
896
182
375
379
60
5
78
24
86
90
357
94
951
955
957
962
963
23
27
975
642
980
11
986
13
683
46
43
25
47
23
27
702
6
677
373
292
42
46
90
94
25
5
77
9
74
8
50
14
54
418
13
161
24
346
16
136
20
173
85
16
89
602
110
383
7
48
29
34
33
39
126
27
408
412
5
9
1155
1159
9
15
19
21
5
977
1184
985
1188
15
757
20
25
28
32
773
5
14
5
444
21
448
16
219
228
5
35
1268
5
24
25
5
1286
1290
16
1294
45
10
1302
18
569
573
28
9
13
39
1339
1343
27
31
9
10
1387
14
23
1394
29
26
30
1408
1412
1414
1422
1426
7
1432
14
22
18
17
28
1447
22
35
197
201
27
7
31
12
17
16
17
49
15
54
73
61
5
238
28
43
14
47
86
5
493
498
1541
1545
116
517
121
9
13
21
5
49
7
53
47
51
14
18
16
71
26
33
5
165
9
30
34
1261
5
63
11
95
15
17
19
9
5
30
1295
17
661
1670
16
44
5
671
1687
476
19
480
66
5
21
12
5
296
5
14
9
18
8
34
53
28
43
5
26
25
29
18
22
43
8
12
1780
1784
83
47
9
51
17
102
21
59
5
1586
6
346
1593
5
20
17
25
82
14
29
1386
1390
39
1004
19
23
12
14
1018
19
29
23
335
339
34
44
48
15
19
63
69
13
46
17
131
53
5
9
147
6
153
25
20
30
16
26
5
20
176
28
32
24
38
5
25
15
22
50
5
38
21
5
5
18
6
11
74
16
5
28
32
6
40
21
10
36
18
48
36
61
5
28
56
20
5
78
2093
5
23
2107
1787
28
1793
32
15
65
1800
13
27
17
35
1181
39
94
1186
801
805
21
229
237
5
9
39
13
2202
9
6
6
9
25
10
2224
2228
1002
24
23
5
45
5
1021
27
31
47
21
7
58
43
36
5
26
9
26
5
29
34
40
38
42
20
24
28
60
64
5
144
10
148
110
15
19
117
5
29
14
12
18
41
15
143
10
147
29
153
26
24
20
31
25
32
29
37
43
18
45
22
44
50
98
102
194
49
5
90
59
5
16
88
113
5
8
101
13
23
130
51
55
36
59
7
11
2533
2537
2541
2139
14
18
22
5
39
9
46
6
10
57
5
2201
9
23
2208
5
36
9
33
5
42
43
46
49
53
37
41
26
7
37
11
37
17
87
5
20
11
24
22
26
22
26
28
30
47
53
5
9
2773
2777
17
21
8
12
9
38
13
2496
47
2500
15
2194
24
5
10
2848
5
28
11
5
38
29
9
16
2870
20
38
48
5
8
50
2892
2896
2263
6
9
53
2909
2315
41
23
6
31
35
5
25
9
120
124
128
85
114
795
799
124
526
16
530
70
75
161
215
5
38
5
13
15
48
5
16
121
6
241
13
112
14
204
138
208
31
35
50
228
5
9
181
5
2489
9
17
5
1040
20
5
11
12
17
37
5
1064
9
42
23
5
363
11
367
35
60
64
65
89
13
76
17
20
5
85
16
10
21
21
37
28
41
16
20
31
26
30
8
43
12
58
50
5
9
5
9
15
15
5
6
10
21
25
40
7
8
12
21
5
23
9
30
2989
2672
2676
2061
2065
1743
1747
6
10
1367
1371
20
22
26
29
7
11
12
16
41
6
924
928
54
58
7
21
405
593
409
47
51
28
32
30
36
38
96
100
47
51
53
59
62
66
70
74
78
4333
4337
4341
4345
1536
1540
4459
4463
4151
4155
3856
3860
3864
3868
3644
3648
3298
3302
2952
2956
2662
2666
1961
1965
1615
1619
1284
1288
1292
1296
1300
5106
3821
3825
53
57
62
61
67
67
71
74
78
78
84
88
109
113
114
118
119
123
126
130
133
137
140
141
145
149
149
153
152
156
161
161
158
166
164
170
171
172
175
176
173
180
180
184
193
188
202
206
207
211
205
209
219
224
228
236
5
248
252
258
258
32
263
12
36
17
275
279
282
283
287
289
293
294
301
300
305
73
312
5
79
13
319
17
17
326
25
332
5
336
340
343
344
349
351
354
356
363
5
134
11
79
5
151
13
155
139
143
112
412
5
418
9
96
68
27
31
446
71
75
14
18
466
468
5
483
480
484
497
55
59
512
63
71
525
55
28
32
544
548
558
562
567
181
570
5
191
5
10
592
596
596
244
32
248
27
31
6
40
44
8
631
6
17
21
641
14
64
18
76
70
41
5
51
53
14
94
433
437
33
697
701
125
135
720
5
11
732
15
732
100
739
104
744
71
748
129
5
748
137
752
107
16
99
763
780
767
127
773
47
777
795
172
522
526
810
814
10
69
20
24
14
198
18
32
223
227
375
9
863
13
5
21
34
6
27
16
896
37
900
54
5
9
910
915
10
42
15
46
444
925
439
929
25
30
78
34
26
86
498
31
274
278
470
52
514
22
60
26
243
247
73
6
32
36
17
5
42
9
107
55
59
237
24
65
5
248
13
17
40
21
818
822
30
826
25
834
5
45
50
21
12
54
18
855
23
859
52
863
70
1130
76
1134
51
306
310
86
6
1150
10
22
1159
26
21
941
26
32
40
956
45
11
962
47
56
5
21
976
798
6
805
854
678
499
28
16
20
27
5
874
13
702
17
14
709
105
713
114
123
118
446
60
64
12
558
9
462
466
28
5
284
288
11
35
11
43
15
31
497
12
501
41
183
11
187
22
20
31
524
27
528
91
43
45
47
215
52
219
45
14
223
550
246
555
22
790
234
794
257
1401
10
1405
575
47
580
18
259
191
263
31
592
596
5
36
605
46
384
5
395
9
66
403
42
47
243
16
5
76
5
32
36
17
21
347
101
93
46
50
107
475
479
119
140
1548
144
73
726
5
16
734
20
1570
6
10
24
763
767
551
58
62
66
51
55
72
210
214
74
218
803
224
807
16
823
612
234
6
10
254
10
258
16
40
17
31
35
14
5
34
127
24
131
16
607
8
5
623
9
374
378
1749
75
42
46
1761
50
5
1423
94
61
33
65
1433
1084
1088
76
50
7
88
11
12
40
49
45
49
24
53
110
5
803
807
1843
811
19
435
132
439
1856
1404
1868
1408
154
158
25
1885
33
870
37
43
178
5
30
52
38
194
198
14
33
37
11
41
35
39
43
5
52
9
60
64
49
6
72
10
9
84
5
74
6
13
22
36
5
28
32
119
36
23
27
147
120
5
2063
2067
2068
138
95
5
31
9
5
2101
9
1627
1632
637
220
1109
1115
5
20
651
31
5
35
39
38
20
5
9
433
437
44
441
70
74
7
1163
24
28
32
207
36
40
31
44
37
5
500
504
21
301
305
63
5
9
13
17
21
7
19
23
27
5
9
5
19
5
48
9
430
7
32
5
31
9
36
836
840
57
5
475
9
28
32
11
15
68
72
5
886
509
513
17
517
503
521
5
516
9
19
23
10
14
18
22
19
23
32
54
58
18
22
9
56
62
5
20
11
31
2526
35
2532
5
11
5
16
20
12
16
16
25
5
27
9
32
5
9
5
5
11
14
18
5
28
28
8
5
5
43
25
6
10
35
40
7
56
11
51
48
17
52
60
62
64
103
70
107
111
78
23
86
27
122
91
131
100
5
102
31
35
14
145
1680
1684
1305
28
15
166
19
2839
2843
44
5
1293
66
7
11
12
24
1016
1020
24
466
470
33
212
244
248
220
32
51
38
55
1397
2924
11
2928
24
28
2607
773
24
777
27
2617
6
17
91
39
22
56
60
20
64
28
810
8
33
2441
9
2445
49
46
24
28
5
25
29
41
5
9
563
26
30
5
9
76
80
79
83
5
83
9
13
5
9
144
651
154
19
158
159
164
11
15
169
2362
2368
5
12
2065
25
29
2081
33
154
2090
158
44
1572
1587
1172
1176
72
908
918
922
91
926
3252
726
730
3267
2974
3279
2978
326
334
2988
2513
3295
3301
3305
2524
2530
2534
2874
2240
2244
2889
1899
2679
2683
1910
2239
2243
1921
3364
3372
2251
1656
1660
1885
1664
2035
1895
2039
1675
1680
1315
1684
2054
1323
2058
1695
1699
1703
1707
1711
1715
1355
1719
2096
2100
619
1738
623
1743
1382
1388
1191
1754
1199
1203
1768
1772
1776
1780
1510
1514
741
745
428
432
436
440
444
4504
4508
4512
4516
3492
3496
2125
2129
1443
1447
4608
4612
3561
3565
3569
3573
2652
2656
6617
6621
5728
5732
3649
3653
3657
53
57
67
71
84
88
91
92
100
98
104
105
128
132
135
139
146
150
147
151
158
175
179
181
183
189
196
200
205
204
213
217
220
224
224
228
227
235
239
240
244
249
5
256
260
258
264
20
5
9
276
280
284
288
289
10
293
15
300
303
26
22
30
316
30
321
322
322
327
333
339
337
335
346
5
351
355
8
356
12
368
11
128
132
387
390
55
404
408
413
412
419
419
425
429
430
434
11
440
15
441
26
448
30
452
183
34
460
464
467
269
201
198
202
484
206
289
6
494
217
500
16
505
17
515
21
521
525
10
5
35
335
42
101
238
14
17
18
248
114
118
12
35
16
567
571
42
46
579
5
585
588
57
592
93
82
74
78
189
619
84
624
88
200
630
359
17
5
102
643
107
14
75
79
681
5
686
329
11
151
696
424
700
161
702
344
176
275
716
89
281
93
188
727
192
362
366
739
205
13
5
476
481
11
97
25
102
144
21
25
774
8
237
11
15
39
19
794
46
31
578
582
809
172
176
89
16
20
829
833
480
6
60
848
64
17
21
25
198
202
75
79
141
83
879
5
151
884
94
245
889
274
20
280
261
12
16
122
20
925
6
26
137
935
141
108
112
23
6
954
12
668
38
41
45
533
48
9
52
58
14
551
63
994
5
362
1005
366
16
5
376
9
30
34
135
38
25
30
84
88
16
6
46
12
50
70
5
179
9
11
36
15
12
6
43
86
10
23
1108
29
1112
820
826
105
830
25
30
181
185
847
851
37
118
6
10
143
147
867
59
9
5
141
11
145
169
896
900
34
161
906
35
910
45
42
916
345
48
170
349
1230
178
1238
1237
317
8
321
194
18
22
1258
1264
1264
5
32
40
16
44
15
230
50
5
26
1295
1087
40
7
44
12
1316
18
1322
22
59
16
20
41
5
40
9
33
5
1155
791
913
795
22
67
71
139
6
12
30
153
34
128
159
93
143
147
177
151
120
155
33
37
161
38
134
42
1464
1468
792
796
645
649
194
310
49
5
213
5
9
18
6
341
337
12
341
93
83
97
101
1080
1551
10
1555
722
20
8
275
12
735
27
49
13
517
37
586
41
527
13
531
597
20
54
36
77
1610
5
1615
5
13
1626
5
20
1636
5
1639
16
1644
1648
1652
21
1656
33
1660
1150
1669
1121
1164
1127
315
319
7
856
30
34
18
8
872
876
579
21
583
39
587
31
5
33
5
515
9
363
367
8
12
9
32
68
7
1793
79
5
219
34
5
226
9
17
73
13
1821
1583
77
1587
15
21
101
5
1263
100
5
9
25
29
113
117
158
8
40
12
144
150
114
154
111
160
22
128
29
33
8
40
5
9
28
8
19
197
24
38
154
8
19
40
16
29
5
170
11
703
43
188
1399
6
17
5
1185
1189
26
73
16
11
230
15
973
977
28
981
32
37
40
11
46
996
5
24
1004
20
1008
16
12
16
40
1026
1030
44
50
17
21
721
29
33
737
6
7
44
16
5
5
35
9
20
13
17
26
8
27
12
14
42
20
282
42
286
32
290
64
9
5
28
32
50
13
2227
10
2231
14
318
23
5
103
9
37
5
25
9
1946
30
1954
34
1562
21
1566
21
26
1304
196
36
200
203
1314
207
167
16
21
1009
51
1013
218
5
60
627
631
14
20
19
435
5
442
17
31
338
14
342
33
26
29
33
473
120
124
29
33
376
9
61
5
18
22
24
30
38
34
15
22
28
5
37
11
5
32
40
57
44
14
43
18
66
17
22
57
62
30
37
41
5
250
9
316
7
5
15
20
23
20
26
32
5
12
11
2569
2573
17
2577
33
5
2583
32
36
9
20
13
2608
1867
32
37
8
1878
46
50
22
5
65
69
17
10
21
14
83
29
22
89
5
32
97
18
22
13
17
21
5
11
53
32
60
5
17
9
29
24
35
97
87
168
5
5
11
428
180
5
13
17
27
204
5
465
6
40
223
24
28
31
43
47
82
86
13
17
62
66
526
31
5
78
82
142
11
46
15
89
21
52
154
57
7
65
11
70
5
9
126
130
5
9
13
17
5
9
9
13
5
5
16
9
21
26
5
20
25
6
16
20
12
5
27
16
35
23
5
13
17
41
5
9
3112
3116
2660
2664
1518
1522
5
9
3162
3166
7
14
5
439
443
22
6
17
10
34
38
5
7
11
16
13
17
26
5
5
13
9
16
26
30
5
11
38
41
30
15
34
26
59
24
28
4107
4111
2024
2028
4251
4255
4257
4259
3529
3533
4284
3537
3547
3551
4070
3555
4083
3039
3570
3043
1926
1930
3588
3596
3600
1281
3604
1291
3615
3619
3623
3627
3631
3635
3639
3643
3647
3651
3655
3659
3663
3667
3671
3675
3679
1875
1879
1484
1488
53
57
67
71
84
88
91
92
100
98
104
105
128
132
135
139
146
150
147
158
160
179
183
185
187
206
210
210
214
218
224
224
9
225
231
236
238
242
250
254
257
258
263
276
280
279
284
66
70
293
76
297
80
13
307
311
307
311
24
320
317
324
325
20
24
345
349
342
98
102
370
374
368
372
383
391
395
396
402
26
12
30
409
403
415
407
24
423
106
427
428
181
434
185
116
439
441
448
449
243
247
462
23
28
5
473
35
38
39
16
259
263
489
5
9
499
503
29
33
514
518
83
527
87
533
534
539
12
543
99
548
105
554
558
563
261
38
62
66
275
585
596
600
602
604
63
68
617
273
345
277
12
27
16
355
37
34
14
646
19
651
370
42
55
46
5
669
9
676
680
682
177
10
24
695
5
9
27
31
23
35
32
39
43
216
47
732
65
5
414
418
15
5
81
9
24
9
772
776
38
5
788
793
11
33
15
16
19
23
27
31
819
10
5
42
63
47
72
22
26
12
851
855
861
579
295
57
5
52
9
72
13
78
19
82
321
87
327
91
93
23
100
104
108
114
118
16
53
20
955
959
136
140
564
11
568
151
149
147
151
163
993
155
34
177
181
182
185
177
189
193
1026
5
204
1042
439
77
20
82
25
16
1067
1071
301
16
305
37
24
1089
44
484
61
11
65
18
1110
22
663
287
667
371
375
300
304
308
562
312
318
322
577
1165
1170
1174
591
888
343
347
351
905
355
615
619
365
623
18
373
22
511
634
1229
369
1237
5
527
397
13
401
23
393
29
105
412
416
159
112
17
1038
5
169
63
67
14
9
24
44
28
20
49
53
46
6
475
479
1096
13
61
17
5
26
9
24
28
34
38
33
37
516
8
47
14
51
1384
531
1389
1391
1396
1395
125
545
70
549
27
32
80
22
84
560
90
826
1019
833
1023
577
102
45
582
580
586
427
639
431
596
214
600
604
226
614
11
5
13
17
5
251
9
34
259
31
263
45
269
49
659
46
276
6
669
69
287
73
679
1547
683
21
1560
1564
18
8
26
1582
1586
36
723
42
727
33
1597
731
34
39
18
22
1622
1626
59
1105
763
1109
635
5
49
9
18
58
22
658
802
68
28
74
32
20
814
24
84
88
9
37
41
13
7
24
29
848
852
30
856
31
31
35
872
876
28
32
882
1045
886
13
21
5
120
904
125
31
909
16
1071
34
917
38
13
922
1086
335
23
339
1820
939
7
943
27
1831
1838
23
1603
40
963
1609
967
6
60
12
64
984
16
68
1381
10
5
998
17
1002
36
20
1010
31
5
9
823
827
20
35
26
39
1431
1201
18
23
10
851
586
17
16
590
16
20
46
7
242
11
6
250
43
22
47
51
5
64
28
10
1274
14
39
43
7
1290
11
34
31
35
50
51
55
237
5
16
9
21
29
5
150
39
21
5
9
5
9
6
2146
2152
1627
2158
24
25
29
1649
6
2187
1244
1888
33
17
22
65
69
1271
6
1922
10
63
5
85
16
5
82
9
110
114
78
82
49
53
1005
5
136
141
133
137
18
22
1027
627
1754
1759
127
13
1763
640
23
139
27
1775
651
5
33
17
10
14
673
18
30
1815
5
27
31
31
1832
1836
875
46
879
39
287
291
19
5
12
9
17
87
5
45
94
49
16
39
5
9
111
115
71
10
50
14
12
5
13
9
69
74
35
29
5
7
31
5
16
22
5
53
9
29
13
17
21
94
5
11
9
20
8
24
114
25
13
5
9
13
16
298
2646
5
11
15
2659
5
2665
26
17
5
2073
9
15
19
2085
25
5
2098
11
1474
23
39
43
15
50
54
27
1494
34
60
38
54
6
23
10
1517
19
1522
86
1146
90
42
31
23
35
29
111
115
1177
119
42
46
787
6
10
15
27
19
32
22
35
808
82
48
86
19
7
23
41
12
51
5
11
55
9
32
5
37
9
23
27
39
9
13
75
57
11
61
16
89
93
33
37
41
5
9
5
9
13
5
9
10
5
15
19
14
25
29
5
5
11
9
14
3065
5
15
19
13
33
21
5
3094
5
19
42
8
12
16
3115
3120
5
2913
13
25
17
13
38
32
24
5
2938
11
33
15
14
61
2169
2173
21
28
5
1936
37
12
46
5
37
1952
6
20
57
24
31
18
53
5
32
9
39
40
44
1742
8
3246
3250
2638
75
6
29
10
1770
1559
22
2661
2131
1570
2135
39
5
1579
862
866
63
19
25
1601
1605
18
1057
84
1067
5
18
22
14
18
33
7
59
42
453
5
18
87
91
465
56
5
99
103
21
107
60
27
73
66
79
80
84
96
100
64
104
110
152
77
156
3476
3480
2923
2927
2599
2603
2370
2374
2378
2382
2386
2390
2142
2146
53
57
67
71
84
88
91
95
100
104
126
130
136
140
143
147
152
156
161
160
166
170
173
177
178
182
185
189
193
197
201
215
219
222
223
227
229
22
239
26
241
244
248
249
254
258
260
7
273
277
277
299
303
66
7
310
25
318
29
330
334
45
8
344
12
118
351
122
354
15
118
19
61
368
5
376
9
382
386
385
11
394
397
403
401
407
177
181
185
422
6
191
13
435
440
16
187
22
5
470
474
25
29
493
497
57
501
47
5
9
513
523
273
532
277
532
536
543
540
555
563
567
569
573
576
580
584
588
588
592
600
351
192
355
101
20
106
361
626
5
16
20
22
26
22
30
33
41
45
57
8
244
12
667
16
413
20
680
419
687
425
691
692
694
698
5
11
443
18
213
139
24
219
28
26
150
229
5
39
9
738
742
742
79
750
541
545
759
426
335
97
14
6
773
345
349
441
786
790
16
38
20
798
33
802
18
807
814
815
818
33
269
48
9
52
16
14
285
23
841
845
417
6
15
21
871
875
137
26
30
35
154
158
428
906
910
488
18
22
450
13
17
24
29
939
943
13
718
37
26
30
506
737
512
510
729
14
136
18
519
142
743
525
535
309
309
471
475
668
6
16
678
20
17
340
688
57
343
32
36
1043
43
5
1056
746
241
752
245
21
15
25
496
102
22
5
507
218
13
222
18
228
26
129
133
10
14
15
19
5
136
9
144
5
6
11
1165
16
1169
25
5
26
342
26
1187
9
44
5
13
17
368
5
9
33
13
70
17
76
38
40
44
1241
7
93
1251
82
1255
18
80
1261
84
96
224
228
1283
9
15
1296
1300
490
1310
494
19
23
1325
437
21
441
1338
1342
31
103
452
5
467
9
124
474
478
482
112
1391
116
5
1402
9
1072
132
8
12
9
148
1096
5
22
20
24
20
24
1118
28
1126
5
14
9
1141
5
17
25
1494
32
1498
1160
1030
26
30
35
39
32
6
829
12
833
32
37
24
5
12
5
583
11
46
5
32
36
64
11
614
15
47
31
35
631
131
14
18
53
5
9
20
24
27
31
29
7
149
11
40
202
206
9
210
18
22
26
180
21
236
27
240
234
12
244
257
261
34
5
10
12
14
12
276
20
15
20
38
42
42
7
1414
11
1103
257
1107
267
5
1121
1125
18
1129
808
289
812
41
45
8
12
1865
9
1400
1876
785
17
21
349
592
5
11
5
604
52
56
821
17
5
19
19
23
70
6
7
37
81
524
16
528
34
22
39
16
20
39
8
57
12
64
43
13
47
19
21
32
26
88
92
37
96
19
23
97
8
32
12
38
39
75
45
5
17
9
60
9
13
30
5
10
5
21
9
13
20
5
9
40
5
38
9
48
20
5
5
14
9
18
11
15
29
24
5
44
13
13
40
19
24
23
24
37
29
33
35
5
9
44
51
16
20
70
74
7
11
105
5
90
9
97
6
10
7
11
5
9
8
2349
5
23
13
13
2376
2380
23
2128
27
2134
34
5
38
6
46
10
1266
7
1270
24
21
6
6
31
10
27
1294
1298
24
29
42
47
18
22
1073
6
11
53
14
57
38
64
42
1092
29
29
10
33
31
36
5
20
86
5
12
821
50
825
15
105
20
43
15
47
2542
20
508
2550
81
85
10
524
12
16
214
9
13
12
23
16
231
5
46
9
5
143
6
7
71
6
13
10
112
19
28
118
21
83
5
9
23
6
99
103
14
64
107
109
111
42
75
116
28
32
178
183
7
111
43
239
5
15
9
20
28
24
2734
2283
145
2287
1645
127
5
8
349
353
14
21
1669
8
1673
151
33
41
683
5
105
11
109
697
46
113
5
9
720
5
210
11
5
745
32
751
36
102
759
22
26
28
12
30
38
779
5
132
50
52
54
21
58
27
71
5
521
6
15
12
19
247
23
251
85
5
10
14
25
5
64
11
15
12
16
117
20
84
22
7
5
41
33
49
5
23
65
69
73
32
77
81
54
5
91
95
71
5
23
27
11
114
13
118
39
43
39
47
16
47
38
144
7
148
30
31
80
36
8
161
165
36
40
59
423
46
12
190
16
56
126
16
5
41
203
18
65
5
30
5
21
203
108
43
112
116
72
5
39
14
10
5
15
143
19
20
27
150
6
36
42
46
63
67
61
71
38
75
79
83
77
219
223
131
227
111
231
235
239
243
247
251
378
257
261
389
395
272
276
280
284
288
292
296
300
251
304
308
312
316
1087
1091
1095
1099
642
646
3705
3709
3082
3086
2822
2826
2466
2470
2474
2478
2482
2486
2490
2494
2498
2213
2217
1944
1948
1543
1547
1551
1555
1559
1310
1314
924
928
932
4063
4067
3016
3020
1743
1747
53
57
67
71
75
84
88
91
95
100
104
126
130
136
140
143
144
150
152
156
161
165
173
177
178
182
185
189
197
201
215
219
222
223
227
231
231
234
239
243
244
249
253
254
258
260
264
34
272
5
6
281
57
10
16
291
37
5
5
52
9
24
330
334
335
339
341
343
349
352
356
131
365
369
5
383
389
393
18
113
117
405
121
410
143
415
138
209
213
446
450
462
466
468
472
474
479
483
77
41
81
12
31
17
240
245
11
59
46
512
5
106
521
110
526
16
534
205
538
123
210
544
9
55
21
336
5
309
9
37
41
590
267
330
35
336
606
340
278
6
615
615
14
317
18
628
14
290
24
327
640
116
16
301
5
34
9
653
32
658
253
663
139
24
133
6
263
675
679
678
680
684
152
27
5
37
62
718
5
5
9
13
6
31
10
750
53
761
61
765
765
533
20
537
60
281
64
30
288
18
5
42
46
31
50
22
54
5
65
31
66
36
832
836
13
371
850
854
563
38
567
396
400
873
50
406
125
410
884
72
107
111
87
91
95
62
99
103
107
265
67
71
156
160
454
166
465
141
8
112
12
477
981
483
985
32
126
40
43
44
243
49
127
6
257
12
261
139
67
189
22
193
531
272
154
155
277
87
325
15
6
13
304
26
5
22
317
9
194
5
327
321
9
5
9
14
18
43
47
357
5
11
13
15
92
90
96
5
100
12
9
154
6
121
162
125
1174
17
33
21
300
27
47
13
51
147
19
192
155
199
156
160
499
27
31
178
5
9
29
6
35
1249
12
420
16
19
1267
23
438
496
500
37
105
28
47
32
56
116
54
256
52
60
1311
16
1317
20
1323
16
1327
28
79
1334
1336
5
31
83
36
40
20
44
41
45
59
63
1376
67
1384
33
1388
339
343
590
5
602
367
9
360
16
32
35
19
39
40
382
44
81
1439
7
11
1450
65
1454
56
35
40
15
19
448
452
1479
5
25
29
11
30
34
1494
70
1498
239
243
81
85
128
1517
91
1521
1293
139
144
1301
1531
148
113
5
156
1544
6
13
17
14
133
18
11
1565
8
30
1585
35
23
17
10
954
961
391
22
55
5
14
1625
20
1629
76
525
5
26
5
1647
9
47
1202
51
265
5
9
41
569
49
5
75
79
53
57
488
91
1251
63
97
67
1037
167
1041
12
752
16
83
182
186
28
90
128
767
95
143
201
205
781
211
1755
792
27
95
1765
99
70
135
5
9
53
57
122
6
254
10
181
185
1807
1811
847
1815
28
32
280
284
16
288
1832
1837
33
1843
37
36
310
5
27
11
323
1866
327
1896
1900
45
49
53
61
1894
1898
65
81
12
16
1912
8
88
14
5
73
77
16
20
106
24
7
1954
11
118
40
7
54
11
1968
141
6
69
10
72
74
78
1993
1997
118
2001
131
135
2017
7
11
2028
21
2043
2047
1100
2051
1110
13
364
2066
2070
9
31
5
2081
384
2085
12
2089
565
569
282
35
288
14
18
26
30
45
48
6
51
14
2132
18
16
53
2139
2148
80
7
11
2159
94
87
5
100
2175
12
2227
16
28
6
26
12
5
43
5
2251
14
9
44
1592
144
1596
25
29
45
62
5
9
59
13
23
17
77
23
81
184
36
28
1350
34
1354
199
1608
203
1367
1371
1643
1237
1241
2301
2306
73
2310
1644
30
2082
34
1090
88
1268
16
93
37
2098
6
1107
1370
15
1374
11
1829
15
796
1838
1569
13
29
1573
17
21
25
146
6
6
1330
85
1335
8
30
17
6
850
5
40
181
12
185
26
191
30
195
201
5
45
37
6
34
12
38
217
221
63
233
237
241
103
5
207
6
11
10
116
120
101
124
79
36
40
46
5
14
120
125
83
87
26
91
18
23
99
706
103
198
25
29
18
7
23
27
28
33
9
227
12
232
19
754
48
88
248
5
255
38
42
71
75
119
123
127
139
7
701
11
138
5
14
9
20
9
725
13
59
732
324
67
328
141
445
1407
1411
10
874
19
160
10
5
467
144
214
10
896
17
27
668
31
164
9
13
14
684
18
319
55
323
70
74
179
183
95
99
288
292
428
187
309
313
450
95
138
99
287
291
275
295
252
299
303
175
307
2948
2952
658
1645
667
671
1656
675
196
679
683
687
2991
691
363
3001
483
2091
702
710
714
2104
720
3030
724
1125
1133
3041
2511
739
2515
1659
1663
753
902
906
764
770
774
371
771
775
384
388
793
797
801
805
809
3156
3160
2816
2820
2824
2828
2832
2496
2500
1560
1564
1568
1020
1024
3241
3245
2417
2421
931
935
3334
3338
3342
3346
3350
3354
2933
2937
2701
2705
2709
2291
2295
2029
2033
1767
3409
3418
1043
1782
1047
1355
1359
4124
4128
3503
3507
3231
3235
3239
2986
2990
2515
2519
2273
2277
2281
2285
2289
2293
1706
1710
53
57
67
71
75
84
88
91
95
100
99
107
111
110
116
120
122
128
132
129
133
140
146
150
144
154
156
151
161
164
163
169
172
170
177
181
176
182
186
186
189
193
196
200
201
205
9
210
211
214
218
215
222
223
24
227
237
241
246
250
251
259
263
48
269
273
275
5
277
59
286
290
291
296
25
302
305
309
310
315
315
319
321
319
325
326
329
333
341
337
6
349
354
355
359
359
17
360
376
380
29
384
385
389
38
394
393
395
398
186
60
411
68
415
14
18
424
430
16
434
440
440
225
34
31
450
12
455
16
459
461
15
214
69
220
73
64
28
483
32
488
73
78
82
62
5
6
13
72
10
514
527
531
5
9
542
549
553
52
56
562
14
567
9
575
5
345
349
25
29
28
35
14
52
18
611
58
72
76
54
8
352
12
136
18
645
22
17
21
102
5
9
39
7
11
45
685
5
57
5
696
38
73
12
77
40
448
452
37
41
10
729
263
51
267
47
19
745
118
122
107
111
5
138
9
25
29
6
789
10
796
393
346
802
21
80
405
812
816
15
11
19
95
368
19
23
833
27
33
37
148
152
862
866
11
877
15
877
883
192
5
890
302
10
899
901
9
378
25
320
5
9
27
5
931
404
11
5
513
9
949
953
66
73
22
532
79
5
33
251
14
94
5
9
7
994
11
1002
718
424
691
14
467
434
5
477
1028
5
17
14
22
25
19
43
33
9
274
15
278
1064
43
5
11
496
58
500
35
1096
1100
53
6
80
85
527
10
531
21
19
71
542
5
391
551
395
95
7
139
565
569
149
573
36
22
120
27
579
164
161
168
589
87
593
18
874
363
24
367
142
146
108
112
616
9
17
5
9
22
5
28
22
6
42
11
5
44
17
339
343
347
27
10
29
14
358
364
1302
5
65
375
69
33
380
79
24
83
66
70
1333
997
88
1001
82
86
752
16
20
764
8
768
20
31
132
35
20
138
504
8
508
43
154
25
5
15
37
19
20
24
215
219
47
33
5
6
43
10
19
51
55
25
61
61
65
36
13
17
79
234
9
238
1500
28
5
9
26
13
259
9
1526
6
266
20
6
16
10
609
5
13
5
1563
9
20
1571
637
32
1587
1591
7
1590
5
14
16
21
21
12
1608
10
1168
14
34
25
1176
14
33
1102
37
37
49
1110
840
348
36
847
500
362
504
22
237
26
243
16
20
161
165
6
13
17
1707
1712
7
27
28
30
32
1044
19
1048
12
27
45
17
785
21
36
6
795
6
35
200
204
18
59
208
32
67
71
5
13
5
18
9
24
5
9
5
9
6
10
7
11
9
1877
13
5
11
25
15
1900
1904
14
18
35
5
9
40
44
38
48
49
54
53
51
5
5
11
1957
64
1961
16
6
28
32
307
311
10
88
37
30
5
19
23
119
5
74
80
16
87
59
63
50
5
84
9
79
83
8
180
12
185
103
189
95
8
99
119
13
17
24
29
33
125
232
5
13
247
251
170
28
176
32
262
6
183
206
210
176
5
34
5
188
16
20
22
5
9
15
16
20
55
24
5
93
9
5
83
87
11
15
21
19
15
19
23
27
358
5
9
371
64
68
51
5
9
6
39
43
12
43
47
12
460
464
22
468
16
20
33
14
18
261
267
50
16
22
5
61
65
32
69
17
2427
73
8
5
86
90
42
94
22
98
2460
1282
37
1286
15
1290
116
121
1299
125
35
11
15
1315
9
52
5
23
27
10
157
17
21
25
7
11
40
15
7
35
53
37
5
52
13
25
17
23
27
78
85
89
6
9
100
101
55
59
107
32
5
39
9
132
5
11
55
13
59
18
2674
2678
1670
2685
2690
10
14
1684
1065
2703
2462
20
1077
225
303
12
12
16
19
2485
318
5
43
2252
9
34
38
393
54
24
60
23
15
2283
1995
73
1999
17
1638
49
53
41
33
5
1658
749
18
5
129
9
21
25
9
64
20
775
534
19
40
166
5
15
5
554
558
11
22
30
23
27
2891
2895
579
2899
2905
91
357
56
96
45
64
49
113
117
32
36
8
389
16
2947
20
49
2955
2959
27
23
27
149
19
5
23
28
11
167
15
34
26
30
21
3000
25
14
31
35
29
11
33
3022
46
522
21
526
58
48
6
21
13
10
30
5
11
6
44
32
8
36
93
18
13
24
101
30
5
39
43
105
5
88
25
29
21
33
6
28
167
34
171
270
59
26
27
31
293
199
203
154
207
176
5
230
234
238
5
9
27
206
9
3246
5
10
48
9
19
18
25
39
9
43
15
19
258
23
268
265
27
3306
3310
48
3314
3318
3322
3326
3330
99
3334
3338
2280
2284
1604
1608
1612
53
57
67
71
84
88
91
95
100
99
105
126
130
136
140
143
144
150
152
154
160
161
167
171
173
178
182
183
189
193
201
205
215
219
219
229
233
234
248
252
6
260
10
46
50
280
284
284
56
291
60
299
303
306
7
313
6
8
12
17
23
27
23
341
6
346
351
351
51
17
363
5
370
374
139
381
385
153
22
32
36
144
5
180
184
15
19
163
25
169
440
30
444
449
453
457
461
461
466
470
472
476
480
208
212
255
259
495
499
6
11
257
12
261
515
20
261
24
271
74
35
32
39
10
44
88
6
45
21
302
60
306
54
19
65
208
63
573
577
72
76
80
588
594
48
377
15
602
606
57
610
614
393
39
43
5
9
645
649
15
653
19
12
660
661
664
230
403
407
675
684
688
29
5
56
61
11
725
15
19
293
5
303
24
5
16
39
5
768
49
772
16
776
56
62
5
44
32
5
16
5
30
34
66
31
35
39
63
69
34
73
50
201
79
848
83
212
62
220
859
865
222
231
870
420
424
243
428
888
250
894
40
44
8
19
12
280
30
284
927
258
294
262
299
29
303
539
956
544
32
36
971
617
52
65
5
9
354
124
1011
128
1016
1017
1022
1024
491
576
124
581
497
603
40
5
591
686
100
1056
104
1061
625
105
8
153
74
157
461
465
47
200
128
204
174
178
43
184
655
12
72
686
5
25
475
678
479
16
96
22
218
26
225
445
23
233
27
457
485
5
23
27
501
505
301
946
5
317
5
10
9
204
18
210
972
64
1239
70
1243
13
17
1252
266
87
97
782
557
290
561
40
48
352
356
1304
360
1312
115
1316
35
752
334
338
770
11
315
63
21
23
25
16
20
366
370
803
342
809
145
133
137
9
21
392
26
30
830
170
38
32
42
19
23
44
5
859
9
37
470
30
5
77
81
492
111
30
31
36
65
122
69
714
718
493
320
497
8
121
6
14
15
99
19
16
1186
1190
12
141
6
776
5
14
28
32
20
13
9
26
30
5
15
45
49
66
60
42
5
13
17
58
9
26
13
866
395
77
43
88
411
415
100
1668
104
15
21
123
127
1681
63
903
67
1691
138
142
913
375
21
381
25
1712
14
300
18
1721
1725
41
45
217
405
221
12
1743
16
253
1754
1758
21
1544
1767
1771
35
1560
5
11
16
5
1332
1336
11
1002
30
1006
1010
1014
1018
677
1848
5
14
11
694
1863
1868
1568
21
5
40
11
1886
5
1590
42
26
5
23
6
12
778
16
36
50
5
45
9
795
76
11
82
15
18
12
22
67
1753
6
21
78
75
82
5
24
9
1779
5
37
41
9
9
1584
23
1589
19
20
5
1338
9
1345
38
1097
15
48
1103
5
26
2055
1113
2059
18
981
985
5
33
9
38
42
953
957
57
666
64
679
5
22
330
26
16
5
12
345
118
122
31
30
34
5
11
15
16
20
9
13
31
35
39
43
7
11
54
10
14
65
6
71
27
13
31
83
24
6
39
10
10
36
100
21
24
13
37
7
123
24
127
17
45
131
16
140
144
13
21
18
9
155
159
30
163
38
42
30
9
46
176
180
55
56
5
28
9
5
88
9
203
82
89
93
43
31
5
230
234
44
238
116
244
120
60
31
35
271
6
56
45
49
160
164
290
27
170
174
301
305
309
7
146
5
5
18
11
22
25
16
16
33
33
37
41
359
9
19
5
19
9
5
387
9
22
395
38
399
23
2620
2624
12
944
37
5
13
9
961
28
5
51
11
5
33
13
38
14
5
26
9
28
22
26
18
8
21
25
53
57
24
8
12
46
50
58
62
17
66
5
9
44
11
95
15
20
103
14
62
66
118
122
34
126
8
5
137
8
5
27
5
164
9
41
35
5
8
181
21
27
49
49
5
55
56
5
30
16
32
5
76
9
73
5
87
9
13
40
108
37
7
41
119
5
28
9
33
65
69
6
9
80
84
23
6
25
17
21
22
112
5
51
9
5
8
5
16
3082
3086
18
17
5
20
9
2450
28
2460
5
39
13
1093
1097
5
505
511
25
16
29
33
7
44
48
11
52
22
5
21
9
14
18
72
5
9
9
13
17
10
14
31
35
39
43
6
22
26
21
25
8
38
12
43
92
96
57
100
5
6
12
10
18
18
24
24
9
31
5
37
42
12
46
48
19
51
55
25
27
63
39
43
68
72
51
55
58
62
66
3670
3674
2378
2382
448
452
3754
3758
3759
2337
2341
3770
3576
3580
645
3375
3379
661
2469
2473
2258
2262
2003
2007
1806
1810
1814
1818
1822
1826
1830
1495
1499
1290
1294
3906
3910
2802
2806
1278
1282
6168
6172
5582
5586
5590
5248
5252
4910
4914
4550
4554
4558
4175
4179
3635
3639
3143
3147
53
57
61
67
65
72
84
88
91
92
98
100
104
126
130
134
136
140
143
147
152
156
161
160
168
173
171
177
178
181
185
192
196
193
197
207
201
212
213
223
227
228
232
240
244
245
250
254
16
20
9
269
13
275
276
281
281
23
7
298
11
34
302
305
306
309
22
313
320
317
325
5
330
11
340
340
344
344
130
350
134
29
360
33
362
145
371
149
15
376
19
23
382
386
392
396
397
401
44
48
413
417
416
420
424
430
431
432
209
443
213
19
450
455
459
10
461
14
469
41
179
183
8
235
12
29
242
35
507
39
5
515
136
50
140
15
19
18
534
65
538
539
22
545
26
32
552
5
40
21
44
560
28
565
565
21
570
573
577
5
580
110
364
49
13
368
19
599
6
605
12
609
175
613
227
140
410
5
119
201
7
34
5
12
445
44
48
24
31
5
207
9
317
57
5
67
5
13
79
12
83
81
80
85
288
89
37
95
41
300
102
106
198
110
208
5
121
9
792
796
222
800
804
808
509
817
5
518
9
831
69
12
846
16
86
860
862
866
873
870
536
47
540
888
6
50
55
7
232
29
13
5
243
39
43
13
33
930
5
47
51
939
16
54
58
50
5
64
16
20
15
79
115
85
69
89
126
6
81
10
102
106
117
6
1012
141
5
23
9
35
7
127
11
46
20
136
5
35
57
61
35
21
186
5
9
7
216
11
15
6
11
26
30
16
37
41
16
27
41
5
39
9
60
64
28
46
33
9
14
13
82
24
5
24
9
1198
6
11
12
15
24
1212
5
45
1220
833
1224
18
972
22
847
30
571
28
575
987
79
624
5
220
224
12
9
5
236
649
653
11
30
27
662
31
23
667
265
10
56
14
432
436
46
50
46
47
51
1334
17
1340
21
13
67
387
5
13
9
5
39
9
31
8
419
12
33
6
1394
1398
46
1014
21
56
10
5
1029
11
1033
26
5
1046
34
640
16
23
644
30
97
45
49
53
1473
57
1478
1479
1489
5
1104
6
5
11
20
24
1122
28
667
1522
27
9
13
678
49
5
1545
1105
11
29
63
66
67
1123
5
6
55
13
90
10
94
17
32
16
20
33
37
93
97
127
55
5
11
108
5
642
17
71
21
31
77
657
26
30
46
34
38
38
42
17
57
16
20
60
9
40
13
6
14
10
20
20
25
5
184
11
195
5
5
9
21
25
28
34
5
44
9
8
12
7
1853
1857
14
1861
22
24
725
5
5
14
11
18
744
16
18
37
41
55
5
63
9
45
5
5
13
9
14
5
23
27
16
9
20
14
23
5
22
9
31
29
15
42
46
7
6
13
10
12
2041
2045
14
692
29
703
34
5
2076
9
5
12
16
12
17
20
17
2099
25
250
27
254
5
11
2138
5
12
2148
5
25
13
23
5
25
707
5
5
7
34
5
16
14
5
739
22
5
65
11
9
69
19
53
5
26
87
22
76
5
98
104
108
15
19
23
27
6
10
26
5
26
2323
10
40
15
19
2348
1333
1337
47
5
46
9
52
58
9
62
12
2392
19
2396
1795
14
16
30
11
34
2417
17
37
2424
5
15
1822
121
1088
51
57
1099
28
5
9
46
2125
5
58
11
62
2138
19
1304
1310
5
13
18
866
8
20
12
12
13
17
883
28
24
32
30
23
34
629
633
57
6
10
58
6
12
70
65
5
50
9
83
87
19
25
67
71
98
24
102
32
5
9
2652
2660
18
5
15
19
11
2411
2415
24
45
2126
2130
21
27
2141
2145
2723
2151
1089
13
45
74
29
33
2752
71
75
40
44
15
19
9
48
2784
2106
2110
67
1794
1798
86
1802
5
50
7
11
113
117
29
33
15
37
133
24
5
11
19
18
23
19
17
46
5
33
37
18
5
68
9
73
60
77
101
81
199
111
75
92
165
5
14
182
5
5
13
1332
18
13
5
25
21
6
31
27
16
31
41
1993
45
26
49
61
5
1695
5
72
13
5
25
20
29
1717
16
1316
1320
16
26
1001
5
5
1014
20
16
1031
5
5
11
621
15
12
23
17
5
25
29
29
637
117
18
33
121
47
9
3163
13
37
3171
5
58
12
3182
12
3186
2754
2759
3193
20
2359
28
2835
2839
45
40
2845
44
56
2535
58
13
5
72
11
76
25
48
17
2413
54
6
2570
9
91
5
21
2177
2181
31
1588
30
1594
103
1377
41
2408
1381
1173
1177
2423
2115
2119
845
851
605
1608
611
615
1619
628
632
1346
636
642
646
1359
652
297
1370
303
1381
1157
1161
760
764
768
358
362
3818
3822
3052
3056
2439
2443
1623
1627
1096
1100
692
696
4614
4618
4622
4130
4134
3893
3897
3684
3688
3370
3374
3179
3183
3187
2976
2980
2653
2657
2463
2467
2090
2094
1875
1879
1883
1629
1633
53
57
61
67
71
84
88
91
95
100
99
105
126
130
134
136
140
143
147
152
151
157
161
161
169
173
173
172
178
182
186
204
208
209
215
223
227
228
245
5
249
9
257
261
270
70
74
284
288
292
296
52
56
305
60
66
314
318
319
5
102
106
331
9
335
336
342
344
24
348
33
355
5
37
9
128
43
385
391
395
396
76
7
5
406
407
410
14
415
22
419
422
423
429
428
432
433
5
444
9
452
453
455
464
468
474
478
478
216
247
220
491
252
501
12
505
41
512
5
21
25
29
25
29
549
553
557
69
567
571
575
580
579
588
588
592
590
171
176
35
601
603
606
608
45
22
616
620
318
322
33
37
37
41
29
33
648
652
63
67
193
197
664
6
674
678
682
687
9
691
28
693
32
156
38
708
219
712
16
32
227
32
24
179
30
67
5
46
735
11
155
744
81
749
266
270
756
29
6
177
771
5
44
48
295
29
561
565
29
569
39
309
313
101
6
11
112
838
116
845
26
26
11
30
13
861
18
24
18
5
881
885
889
891
5
9
905
425
613
429
917
26
435
71
30
627
70
74
75
79
9
9
14
18
15
93
16
20
99
36
979
983
597
994
603
998
999
16
20
144
1007
648
652
156
1024
161
196
1029
15
1033
173
208
23
1042
846
45
50
54
56
60
1068
9
870
6
17
13
21
881
39
21
18
1090
234
891
238
54
5
35
9
706
12
5
721
465
271
469
33
146
37
17
21
12
16
54
20
24
44
48
184
15
19
74
7
11
85
34
40
44
116
5
775
60
11
786
44
467
471
1270
1274
481
10
5
16
1285
1289
1293
269
33
10
14
40
41
5
65
11
69
311
55
70
75
74
16
5
1354
1153
92
13
1157
20
22
5
798
42
9
1386
803
5
422
9
6
429
20
122
126
24
1432
1436
107
111
5
15
19
23
14
5
20
25
11
29
14
1509
18
40
1517
1268
1272
1534
866
14
871
22
1549
1275
21
5
1284
919
12
40
923
6
21
663
5
32
17
21
17
52
5
23
27
18
47
5
704
9
427
83
431
68
11
72
442
8
5
1663
26
31
18
23
37
21
41
14
26
5
9
154
6
1697
18
5
50
9
53
55
58
81
8
38
12
50
7
5
22
9
27
76
38
42
108
140
144
150
72
76
80
57
259
86
5
68
16
20
7
29
31
173
5
39
300
43
22
130
20
14
21
18
38
42
30
23
15
19
420
38
63
67
22
71
442
32
82
86
10
14
99
1958
6
109
113
29
117
1973
24
1628
1632
128
446
454
262
511
515
146
150
277
474
282
156
13
5
166
170
287
32
36
183
187
191
311
195
46
50
10
5
212
61
217
28
14
221
25
35
5
13
9
20
24
47
29
5
24
9
41
45
26
5
21
9
53
11
15
34
37
5
48
11
20
49
24
27
63
32
22
36
97
32
48
52
20
39
5
68
6
11
10
54
73
58
48
81
1122
1126
870
874
5
11
9
14
19
589
22
603
333
16
22
339
26
47
27
9
5
59
16
20
27
24
25
5
42
46
46
10
13
15
24
21
28
28
28
21
25
132
31
84
35
15
89
16
6
23
101
27
159
18
56
5
37
41
34
5
130
26
64
5
9
150
154
32
158
75
39
58
38
47
42
68
13
17
74
243
21
32
5
251
32
263
121
22
269
5
128
132
61
133
16
20
24
33
28
126
166
5
7
95
11
327
20
332
7
110
28
32
197
42
359
5
56
12
16
376
20
47
51
8
73
12
11
51
15
86
417
421
104
427
78
431
12
437
396
441
23
449
453
412
457
424
472
476
480
484
351
5
501
11
505
16
28
509
36
5
517
29
259
44
12
263
18
269
273
64
10
21
5
70
74
45
7
5
54
25
9
18
62
66
34
70
6
76
21
49
43
5
76
5
9
26
47
5
597
33
25
29
51
26
30
31
103
5
9
5
137
19
79
23
16
127
87
83
87
45
6
24
5
12
58
22
70
74
44
78
131
135
32
189
5
201
5
6
11
26
10
14
5
23
9
19
23
5
9
5
9
34
38
38
10
42
49
51
5
28
5
24
11
28
14
18
79
5
36
11
12
5
11
888
25
892
107
111
5
10
9
126
18
130
14
134
31
7
35
156
12
12
5
13
23
11
24
28
16
42
191
12
195
32
46
24
28
218
222
42
1060
804
808
812
3589
3593
3597
3378
3382
3386
2848
2852
2596
2600
2604
2347
2351
2121
2125
1907
1911
1915
1919
1923
1927
1682
1686
490
494
3874
3878
3882
3886
2933
2937
2941
2640
2644
2388
2392
1995
1999
1629
1633
1327
1331
1094
1098
670
674
4653
4657
3844
3848
3230
3234
2363
2367
53
57
67
71
84
88
91
95
100
99
107
110
114
118
122
128
136
140
150
154
156
162
166
167
166
173
177
188
192
197
201
203
205
212
217
221
224
228
228
240
244
249
253
257
261
264
268
275
5
282
76
16
80
296
5
302
306
310
52
58
319
323
324
328
332
333
338
348
89
354
51
360
100
6
149
78
5
24
9
23
27
397
401
47
51
413
417
419
423
424
429
53
433
435
439
441
446
8
450
452
453
461
465
468
472
476
480
485
489
114
208
501
505
133
298
524
528
242
153
535
254
543
115
63
14
553
6
22
176
180
13
78
184
568
133
5
10
93
9
154
13
7
30
11
603
607
610
614
43
621
625
53
57
5
259
9
104
655
282
21
286
123
29
33
37
686
690
411
11
15
425
429
20
721
435
725
31
452
456
49
460
753
464
36
40
36
7
479
11
47
781
491
785
786
566
794
570
504
36
5
9
52
5
271
276
7
108
16
843
5
286
49
22
12
854
6
19
861
10
571
868
578
72
582
42
10
59
14
593
896
8
581
76
18
80
613
592
10
657
14
625
520
633
524
671
675
20
25
9
129
686
956
6
659
15
663
968
29
457
672
977
676
31
27
468
32
47
116
39
43
47
128
5
9
196
200
44
204
761
210
765
59
769
1042
104
5
9
783
1062
8
5
794
466
12
470
17
21
842
846
243
594
5
49
9
805
56
266
814
818
12
622
18
39
5
829
42
5
14
196
18
15
202
850
854
858
78
862
866
870
875
876
97
880
67
71
886
23
111
667
28
1220
1224
686
101
5
439
17
12
21
17
20
17
21
706
5
721
330
22
334
55
59
193
63
49
53
986
5
1312
9
1316
1316
17
6
12
5
1014
29
33
1339
1021
204
40
17
34
38
1041
55
11
59
1052
1047
1052
233
1056
824
1060
7
30
11
31
38
1080
41
1084
14
1088
109
469
7
5
629
11
15
84
21
1116
1121
21
1125
153
1131
157
158
34
8
5
123
58
5
15
19
1163
5
78
198
5
11
75
79
213
61
219
52
223
90
1207
1211
50
1215
79
1219
1223
206
166
13
1234
17
223
10
227
1247
168
1251
235
25
240
526
32
530
18
251
23
199
258
262
202
266
57
1293
62
272
65
217
15
19
959
23
298
965
1669
449
1679
855
859
468
29
6
12
99
41
103
41
11
604
15
55
614
402
12
65
15
5
33
20
24
40
44
423
6
10
43
42
46
55
5
48
9
81
125
1240
1805
5
12
1818
5
25
1839
1843
18
22
22
26
1857
1629
1638
1265
19
1269
28
85
5
608
612
11
616
17
1906
1911
21
371
375
787
5
148
153
11
16
16
594
20
35
602
715
35
720
616
5
192
6
626
16
20
76
18
82
86
15
90
70
23
44
76
5
290
9
242
298
252
112
55
59
122
144
267
148
275
5
9
5
23
15
5
21
11
25
33
28
38
14
18
39
9
16
18
5
13
28
17
26
21
37
25
25
5
9
15
13
389
17
898
397
11
5
688
18
692
16
329
338
5
33
5
350
20
24
25
25
29
33
177
181
8
14
13
17
12
5
19
2335
2339
261
22
265
45
6
31
10
282
38
12
65
16
58
9
13
62
6
19
12
2401
16
5
24
21
25
2423
7
1317
19
36
22
5
11
1342
757
62
8
54
12
768
5
57
9
14
19
15
187
191
14
120
20
5
12
178
17
33
9
19
18
49
5
6
14
5
16
9
18
23
26
13
31
17
39
21
9
5
52
56
19
60
19
64
68
6
74
14
5
87
20
24
25
5
13
50
42
20
24
62
17
5
66
70
42
85
11
89
80
95
21
99
23
5
73
77
38
81
21
25
123
34
7
38
42
36
87
19
91
26
56
66
9
5
122
14
127
21
21
48
7
33
11
39
6
38
10
109
47
21
5
15
39
5
15
5
56
5
16
8
20
20
16
20
27
8
35
14
5
31
9
19
13
52
29
24
46
50
26
56
30
13
61
18
22
26
7
2990
11
37
3000
5
48
1748
3013
1752
60
18
5
67
3028
9
30
829
833
2727
40
6
87
2735
13
847
2740
21
40
13
36
17
102
44
121
110
125
45
55
70
59
2369
2373
61
2080
53
59
63
2091
82
86
1742
1746
80
142
146
190
194
1394
104
200
108
1405
993
997
215
597
125
130
225
229
608
233
237
241
245
249
253
257
261
265
269
273
277
281
285
289
293
297
301
305
309
313
317
321
3162
3166
2929
2933
2937
2644
2648
2309
2313
2010
2014
2018
1547
1551
1350
1354
1153
1157
1161
1165
718
722
3945
3949
3447
3451
3455
3459
3463
3467
3471
3475
3479
3483
3487
3491
3495
3499
3503
3052
3056
3060
3064
3068
2739
2743
2461
2465
2469
2232
2236
53
57
67
71
84
88
91
95
100
104
126
130
136
140
143
147
152
156
161
160
166
173
177
178
182
185
189
197
201
5
9
215
219
222
226
227
231
239
243
244
248
249
254
258
260
265
264
14
271
277
281
281
25
289
293
298
302
73
9
16
20
82
315
20
327
331
332
5
350
9
356
13
16
361
73
366
366
372
376
78
89
82
161
165
41
405
47
5
411
176
415
417
419
421
17
68
128
72
28
200
444
207
448
13
452
152
23
32
27
468
8
171
476
44
479
20
487
201
493
499
501
503
212
204
5
509
516
172
520
524
527
528
6
59
542
539
546
142
69
21
559
25
554
20
24
16
65
5
581
9
81
591
597
595
20
602
608
5
33
37
619
367
5
15
19
193
197
5
52
9
34
13
39
406
675
5
674
679
685
144
319
16
694
77
81
703
168
59
172
12
16
179
730
20
74
736
737
743
6
540
5
759
9
26
767
140
144
777
148
784
784
461
585
14
55
6
794
801
798
14
806
806
810
446
451
85
9
38
6
95
20
5
21
10
45
14
16
52
869
873
27
134
138
96
5
9
9
581
13
288
631
292
127
131
200
204
660
329
110
333
177
190
5
70
9
132
136
244
248
37
43
259
263
1012
1016
269
1018
16
1024
20
538
53
1038
752
69
756
551
25
555
569
46
70
511
40
47
5
80
61
1081
1085
337
15
65
65
69
200
362
366
1115
372
14
1126
1130
27
825
13
17
412
416
843
1164
596
1168
58
427
63
851
6
611
5
213
16
217
867
81
221
454
350
1204
9
29
13
170
174
39
455
13
459
227
1243
231
28
28
34
32
400
45
62
55
213
5
9
62
13
77
32
5
97
11
5
47
121
1308
1312
1313
18
22
15
26
20
1336
45
1345
721
727
1354
16
5
1364
188
1122
1126
37
650
654
31
14
5
318
322
13
1209
1214
9
30
14
24
5
1224
1433
1228
19
1234
23
19
1448
1239
37
6
12
957
961
13
58
967
1264
24
5
1274
85
982
524
14
528
1292
20
28
5
31
1524
5
1532
1320
1091
16
58
62
1099
25
66
39
43
1345
1349
557
677
48
53
567
63
196
688
1588
394
1592
206
399
154
85
28
5
164
10
5
1624
1628
48
1632
35
43
15
5
35
38
5
19
11
23
53
42
57
31
81
26
85
82
87
91
9
1700
13
65
69
23
73
117
7
23
27
1729
15
1216
51
1220
804
59
142
812
36
40
144
5
112
12
5
165
5
20
24
28
40
28
5
34
15
19
21
50
9
5
76
30
80
64
5
246
5
33
9
45
5
9
13
17
22
42
27
23
15
19
1908
1912
59
1062
47
1066
52
56
1274
60
793
157
71
5
167
9
107
808
8
425
5
19
5
23
9
39
9
455
127
7
40
44
134
46
50
19
28
49
53
72
76
24
5
77
34
5
16
9
13
2064
2068
8
2079
1720
11
23
16
12
16
1735
25
29
1454
1458
1533
1537
766
35
13
64
47
22
783
24
82
87
11
1030
35
21
1045
1312
520
2191
526
2195
18
1326
44
1083
1558
1087
35
1572
5
1105
1110
846
850
21
460
26
390
32
15
19
403
144
479
32
6
9
22
155
5
18
47
5
28
58
13
62
50
68
5
46
15
5
23
50
9
64
55
30
69
5
72
85
5
16
11
14
39
18
47
104
5
9
5
12
16
20
10
14
27
31
5
211
215
5
11
12
37
16
43
48
5
5
14
9
17
21
7
5
12
17
11
22
13
22
32
5
16
11
20
12
30
13
48
17
42
5
25
9
40
8
50
12
39
55
14
8
59
5
10
9
18
38
22
28
41
32
13
17
21
5
2698
11
2702
16
1419
5
15
20
5
18
10
1439
5
16
44
22
48
17
21
65
25
776
786
40
80
5
41
9
47
5
11
16
5
20
5
42
9
5
9
5
12
5
18
22
26
5
19
35
5
39
9
26
30
40
44
31
20
24
27
33
37
35
5
5
9
21
26
26
31
16
21
21
26
15
19
17
27
25
16
20
5
9
5
9
5
10
14
19
7
24
10
28
18
15
3166
24
28
14
19
8
3188
39
35
10
5
35
41
8
45
47
54
3220
3224
39
5
63
9
23
27
3250
2990
91
2994
67
6
10
13
2697
2701
21
2489
29
115
119
21
25
2513
2286
32
37
11
2297
2301
47
51
2089
26
80
5
60
9
2104
13
71
75
1399
79
28
22
9
26
1415
16
96
101
26
30
218
10
1197
14
30
34
1212
38
139
143
28
98
34
1002
5
82
86
27
31
1021
35
47
51
746
750
504
508
512
46
307
311
226
91
95
148
173
154
158
106
118
122
3742
3746
2876
2880
1985
1989
3891
3895
3297
3301
1810
1814
1217
1221
664
668
