66
70
71
77
82
81
63
89
93
95
86
92
108
87
110
113
117
118
119
123
125
126
117
120
134
138
138
128
144
133
123
127
157
138
143
124
172
128
166
179
182
186
162
171
154
167
173
165
205
169
208
213
170
174
178
189
193
205
197
241
199
246
245
249
211
228
253
265
270
270
233
237
239
234
275
240
261
245
302
250
306
288
273
270
294
305
318
280
327
331
309
318
313
329
321
347
355
302
359
330
332
325
365
372
376
349
380
344
359
338
391
363
369
403
402
407
410
414
404
417
415
421
423
428
410
391
439
397
443
423
435
427
407
399
443
412
420
448
461
442
471
446
432
453
428
480
471
459
463
479
467
489
492
484
478
513
496
517
497
503
492
489
513
532
517
516
504
494
508
551
501
538
526
517
507
566
538
570
529
539
532
581
536
551
586
590
554
591
547
596
584
602
588
560
609
611
613
626
630
624
634
644
640
648
612
655
616
660
660
655
659
652
678
656
685
643
691
649
657
668
699
702
706
709
710
719
717
724
721
687
718
691
729
692
726
746
732
726
725
744
722
744
761
748
743
734
747
745
776
787
746
784
783
788
790
758
773
777
781
782
771
828
832
835
819
849
853
853
840
859
838
865
844
849
871
878
843
882
845
857
877
853
881
845
860
893
857
897
859
910
871
870
929
933
919
888
923
912
909
917
904
921
960
916
923
927
972
957
961
938
943
989
947
966
970
998
1005
962
1009
957
1009
962
1004
964
1019
1008
986
990
979
983
1007
1011
1050
1061
1065
1046
1050
1023
1031
1035
1027
1034
1043
1054
1058
1062
1100
1049
1105
1109
1111
1093
1120
1121
1124
1104
1130
1134
1114
1084
1139
1143
1147
1127
1159
1131
1132
1147
1136
1126
1140
1133
1189
1151
1193
1152
1156
1207
1170
1162
1174
1218
1217
1178
1228
1220
1224
1192
1221
1242
1225
1252
1245
1236
1248
1252
1247
1241
1261
1233
1281
1237
1289
1282
1266
1286
1303
1307
1275
1273
1277
1292
1315
1319
1293
1323
1340
1344
1329
1298
1307
1341
1345
1349
1347
1351
1346
1353
1357
1361
1357
1361
1363
1365
1364
1370
1370
1445
1449
1445
1449
1444
1448
1444
1448
1443
1447
1607
1611
1606
1610
1668
1672
1669
1673
1677
1681
1685
1689
1693
1697
1686
1690
1685
1689
1685
1689
2101
2105
2076
2080
2138
2142
2139
2143
2136
2140
2130
2134
2138
2136
2140
2144
2326
2330
2323
2327
2342
2331
2323
2327
2357
2321
2325
2354
2358
2349
2353
2341
2345
66
70
71
77
82
65
71
89
93
95
87
93
108
77
110
113
117
118
119
84
125
110
88
121
134
126
127
138
131
144
129
133
155
158
126
148
168
137
166
134
182
186
177
193
181
186
190
194
198
202
216
206
212
216
218
222
200
229
258
226
232
270
229
270
279
233
266
270
294
255
301
305
307
311
274
321
314
314
310
295
314
325
324
350
328
312
355
318
359
317
339
343
374
346
350
390
345
359
363
355
367
409
399
373
420
363
424
425
383
431
387
414
437
421
440
404
444
447
437
451
409
436
448
444
452
459
445
456
440
452
455
440
456
474
490
495
499
501
503
512
516
476
481
485
489
502
485
544
491
548
513
516
538
505
509
549
529
533
569
573
570
546
574
594
572
599
604
606
573
613
617
617
603
589
607
628
597
588
592
651
655
657
659
639
615
629
621
665
633
669
636
687
641
636
683
680
684
698
678
657
674
671
728
675
720
736
711
716
747
711
752
755
756
740
722
735
712
749
730
752
756
759
754
728
758
775
744
750
774
778
802
763
796
800
823
830
834
831
819
809
819
842
852
850
824
847
875
879
851
841
867
845
894
874
877
881
870
874
915
877
901
881
875
879
910
927
914
880
942
886
946
911
942
955
928
939
932
915
932
919
977
921
926
992
981
980
961
952
956
996
1000
1019
1005
1029
1005
1009
1001
1006
1041
1037
1018
1041
1024
1037
1045
1033
1034
1037
1041
1091
1086
1103
1090
1052
1060
1064
1072
1076
1126
1120
1081
1124
1141
1128
1148
1122
1143
1139
1124
1129
1149
1153
1158
1137
1164
1141
1164
1168
1137
1172
1142
1147
1162
1152
1156
1160
1164
1185
1168
1175
1179
1177
1181
1184
1194
1196
1262
1266
1270
1226
1279
1283
1249
1290
1253
1298
1253
1302
1305
1293
1311
1315
1319
1305
1309
1311
1276
1292
1320
1328
1301
1326
1330
1301
1334
1338
1336
1340
1333
1383
1337
1391
1394
1362
1400
1404
1404
1411
1378
1381
1382
1412
1416
1406
1420
1430
1425
1426
1429
1438
1442
1437
1433
1481
1485
1451
1441
1463
1447
1503
1507
1468
1511
1515
1482
1519
1483
1478
1482
1486
1499
1503
1513
1498
1558
1502
1563
1564
1572
1566
1578
1570
1567
1547
1571
1601
1605
1563
1583
1587
1580
1584
1588
1592
1596
1593
1597
1655
1659
1649
1653
1649
1675
1655
1646
1686
1683
1687
1661
1665
1669
1711
1715
1719
1716
1720
1718
1722
1800
1804
1766
1770
1764
1768
2180
2184
2161
2165
2146
2150
2154
2585
2589
2584
2588
2583
2587
2591
2563
2567
66
70
71
77
82
55
81
89
93
95
89
95
108
78
110
113
117
118
119
80
125
100
84
123
134
128
138
133
144
147
138
168
142
175
133
179
141
185
166
166
152
198
202
194
214
218
220
212
220
218
224
234
236
244
248
242
254
246
260
265
252
240
262
272
233
239
282
235
288
292
293
296
282
286
322
326
324
323
327
333
305
346
309
322
326
357
346
350
346
332
350
380
340
384
347
381
391
373
398
377
404
406
413
393
417
370
399
427
412
431
416
420
424
426
416
456
460
446
464
442
454
446
459
463
464
450
467
444
449
497
501
493
505
484
476
489
496
516
512
516
501
527
535
535
539
515
519
528
532
514
524
525
562
530
566
536
559
571
563
576
567
566
571
564
590
595
596
572
602
564
594
598
577
582
587
627
633
637
637
643
647
629
651
659
663
662
674
678
690
672
676
710
694
687
691
703
687
694
698
749
753
709
757
759
752
743
766
747
763
749
776
784
753
760
765
753
769
765
760
780
764
771
774
823
802
808
808
795
812
819
801
825
805
851
823
856
858
860
861
833
866
837
830
871
837
881
883
885
848
900
904
887
893
868
897
869
917
895
921
924
900
931
936
888
923
941
927
909
913
926
907
955
940
964
935
968
942
958
939
926
962
966
952
943
966
958
962
964
968
965
1022
1026
1013
1032
1019
1036
1024
1012
1029
1046
1033
1036
1029
1032
1037
1036
1037
1058
1062
1066
1070
1091
1096
1100
1076
1085
1089
1093
1116
1093
1078
1089
1093
1123
1127
1138
1119
1124
1123
1130
1133
1134
1148
1152
1152
1158
1145
1152
1163
1198
1156
1202
1173
1180
1169
1173
1191
1195
1197
1199
1204
1208
1210
1212
1248
1216
1222
1226
1263
1266
1270
1269
1271
1237
1241
1271
1245
1274
1278
1261
1299
1294
1289
1293
1289
1283
1293
1327
1283
1317
1321
1299
1322
1326
1313
1317
1358
1317
1323
1372
1327
1369
1385
1389
1395
1368
1374
1400
1378
1407
1411
1386
1422
1410
1414
1429
1399
1409
1413
1438
1402
1410
1406
1410
1459
1455
1459
1436
1463
1467
1471
1438
1475
1493
1486
1490
1494
1475
1498
1515
1489
1528
1503
1539
1543
1525
1529
1562
1566
1570
1566
1570
1584
1564
1575
1579
1603
1609
1613
1590
1589
1593
1590
1594
1710
1714
1707
1711
1696
1700
1738
1742
1746
1735
1739
1736
1740
1772
1735
1790
1759
1755
1759
2082
2086
2090
2049
2053
2220
2224
2220
2224
2213
2217
2221
2225
2229
2224
2228
2415
2419
2402
2406
2403
2407
2399
2403
2407
2411
2415
66
70
71
77
82
66
72
89
93
95
60
66
108
70
110
113
117
118
119
123
125
111
127
115
134
120
130
138
144
148
152
156
162
166
129
163
167
177
172
165
165
188
187
194
175
198
194
168
198
200
204
196
222
200
196
200
219
198
221
202
230
226
255
230
260
265
265
257
235
251
274
275
268
279
260
286
287
259
292
296
304
300
309
312
313
311
309
295
329
333
331
349
353
349
338
352
356
344
366
363
359
367
366
382
371
387
391
373
400
377
412
416
430
420
436
426
440
442
448
425
427
416
420
467
471
463
475
482
486
464
468
479
461
476
489
471
472
510
480
520
477
504
525
483
529
510
510
540
502
544
527
521
549
551
541
545
550
542
554
552
536
556
558
579
583
566
587
560
579
564
598
564
598
602
590
606
606
610
606
600
614
618
647
651
629
655
657
663
623
651
647
651
646
663
650
668
670
669
682
673
670
687
691
711
695
699
685
703
689
693
703
700
711
720
724
711
728
756
738
742
732
746
783
787
788
750
794
798
798
801
804
807
809
774
787
781
791
808
825
788
792
804
827
813
817
815
819
823
825
827
848
852
879
883
884
890
891
883
887
877
902
883
906
870
912
889
916
919
879
890
894
931
935
912
939
943
913
949
917
909
940
942
966
970
955
960
964
956
960
980
984
999
974
963
985
967
993
1018
1012
1016
1001
1014
1011
1018
1000
1014
1019
1047
1051
1029
1043
1036
1066
1040
1054
1029
1042
1046
1060
1064
1090
1052
1091
1095
1067
1099
1090
1094
1111
1098
1089
1093
1097
1128
1132
1117
1136
1159
1140
1146
1167
1171
1174
1135
1185
1190
1186
1153
1179
1175
1207
1179
1168
1173
1207
1202
1192
1206
1229
1201
1236
1205
1217
1211
1253
1241
1235
1245
1239
1243
1280
1284
1299
1288
1320
1303
1312
1311
1318
1322
1349
1353
1333
1337
1396
1400
1415
1419
1407
1411
1415
1410
1440
1420
1424
1455
1459
1452
1469
1456
1491
1495
1490
1494
1475
1495
1487
1514
1491
1522
1516
1520
1524
1528
1532
1528
1532
1588
1592
1596
1600
1600
1619
1623
1625
1629
1628
1636
1640
1641
1644
1638
1642
1655
1625
1633
1637
1633
1641
1673
1634
1679
1683
1687
1691
1695
1686
1690
1687
1723
1691
1739
1710
1707
1711
1788
1792
1781
1785
1789
1782
1786
1790
1876
1880
1865
1888
1869
1875
1866
1902
1870
1874
2042
2046
2039
2043
2047
2032
2036
2193
2197
2201
2191
2195
2199
2192
2196
2194
2198
2202
2259
2263
2254
2258
2253
2257
2261
2253
2257
66
70
71
77
82
68
72
89
93
95
89
95
108
91
110
113
117
118
119
85
125
113
89
120
134
125
138
131
144
145
128
168
132
175
172
134
169
173
178
145
194
149
187
191
192
236
240
203
207
211
207
211
263
215
269
273
273
278
226
282
273
234
288
288
280
269
299
275
265
310
319
271
323
321
313
325
322
286
327
339
323
344
297
349
299
302
356
358
360
341
313
345
344
369
349
342
357
360
345
364
371
369
373
363
377
364
401
373
405
388
380
395
379
424
428
418
398
424
416
428
409
451
420
455
457
430
427
435
421
428
458
450
475
454
446
443
483
487
462
468
510
463
478
474
520
479
522
488
526
495
481
502
493
544
550
548
504
509
509
554
558
520
554
558
577
583
580
579
569
543
575
547
586
602
584
606
584
612
588
606
596
603
612
577
581
633
621
625
648
617
621
659
645
616
617
654
621
627
646
650
682
657
647
661
693
667
705
671
659
712
680
734
712
705
693
739
743
761
729
735
727
773
774
735
748
739
768
748
798
776
802
759
805
802
809
812
784
817
819
812
786
795
829
833
801
834
816
830
820
805
838
832
829
860
833
865
869
839
851
874
855
880
884
854
854
888
859
883
864
888
866
884
905
888
882
882
886
869
884
876
880
915
919
894
941
916
924
896
913
917
948
952
936
950
944
956
979
944
951
986
990
948
948
952
970
974
1030
1034
985
1017
1021
999
1003
1058
1062
1063
1069
1044
1036
1030
1037
1035
1039
1087
1091
1052
1052
1055
1059
1108
1112
1076
1106
1123
1110
1093
1116
1120
1104
1156
1108
1164
1165
1176
1145
1180
1192
1196
1159
1199
1202
1203
1170
1174
1210
1178
1179
1218
1187
1234
1238
1236
1240
1237
1241
1237
1265
1241
1275
1248
1252
1256
1292
1287
1245
1293
1282
1256
1286
1282
1286
1290
1294
1298
1302
1348
1306
1360
1364
1320
1325
1329
1360
1364
1392
1343
1399
1403
1365
1391
1395
1433
1437
1442
1446
1475
1450
1446
1450
1487
1491
1482
1499
1502
1493
1506
1509
1513
1498
1506
1530
1534
1512
1513
1509
1513
1527
1503
1547
1552
1509
1542
1546
1574
1542
1527
1564
1568
1555
1574
1597
1566
1573
1612
1577
1573
1620
1624
1628
1628
1596
1604
1608
1639
1643
1667
1630
1643
1647
1644
1651
1694
1655
1701
1705
1711
1692
1723
1719
1708
1714
1718
1730
1740
1738
1733
1742
1720
1724
2249
2253
2257
2261
2440
2444
2446
2432
2467
2457
2456
2461
2440
2444
2474
2454
2458
2473
2477
2465
2469
66
70
71
77
82
81
55
89
93
95
89
95
108
84
110
113
117
118
119
125
126
118
122
134
138
138
130
144
125
131
115
157
157
119
168
125
172
154
175
169
165
169
185
184
182
186
190
213
194
200
220
225
211
216
230
235
208
228
225
229
232
226
269
230
230
274
278
278
241
239
268
290
243
284
278
300
278
304
287
305
310
294
268
290
273
309
304
295
325
327
302
325
314
302
332
341
306
307
312
355
316
336
310
340
349
368
372
320
376
344
380
384
391
392
395
395
363
383
367
402
375
407
382
403
386
418
399
386
403
429
432
435
436
447
452
443
404
447
405
441
414
465
445
448
452
471
441
483
489
478
464
496
468
481
489
506
471
470
475
478
471
519
520
482
479
521
483
486
521
495
562
566
519
552
556
548
583
552
588
576
593
593
545
580
549
576
572
614
618
622
591
623
617
607
595
646
628
624
656
628
648
610
666
670
674
664
684
688
649
683
685
657
689
672
694
669
690
695
699
693
674
713
710
714
727
718
754
758
745
752
733
738
753
742
747
761
797
761
801
776
761
811
812
815
816
821
825
797
827
790
803
794
797
839
798
832
815
852
841
856
857
826
854
858
851
839
843
858
836
842
865
846
872
900
905
866
880
874
882
879
888
892
936
889
890
894
892
896
903
957
950
963
971
964
963
965
969
969
975
991
979
976
997
984
966
1008
974
991
988
995
1007
994
1030
1034
988
1042
992
1017
1049
1037
1029
1041
1018
1064
1022
1070
1054
1062
1049
1064
1068
1073
1078
1071
1078
1075
1066
1117
1070
1093
1132
1136
1087
1131
1116
1107
1141
1111
1144
1117
1109
1113
1158
1145
1133
1183
1187
1191
1162
1195
1148
1202
1206
1198
1186
1190
1194
1249
1253
1271
1275
1264
1268
1238
1242
1322
1326
1295
1299
1303
1307
1311
1315
1370
1374
1369
1384
1373
1389
1393
1396
1389
1377
1377
1381
1409
1400
1413
1403
1387
1391
1411
1395
1406
1419
1423
1490
1494
1477
1513
1517
1501
1525
1529
1511
1515
1524
1521
1525
1528
1548
1552
1551
1556
1597
1601
1584
1575
1588
1575
1584
1579
1592
1596
1600
1604
1608
1612
1616
1620
1624
1620
1624
1684
1688
1691
1684
1700
1697
1695
1708
1712
1703
1695
1699
1705
1695
1706
1734
1711
1721
1741
1716
1713
1713
1721
1725
1719
1747
1727
1734
1729
1732
1733
1766
1740
1745
1789
1785
1789
1781
1785
1778
1782
1922
1926
2202
2206
2498
2502
2484
2488
2822
2826
2802
2806
2800
2804
2808
2802
78
82
77
81
97
71
102
104
106
82
111
86
114
109
119
126
130
122
101
144
105
119
99
116
156
156
120
161
165
165
171
140
175
140
179
144
150
186
187
190
191
197
186
191
197
193
198
195
222
204
227
231
196
200
244
248
252
256
243
242
265
252
269
271
253
276
276
262
285
266
272
294
300
304
284
294
259
299
313
317
319
272
301
326
327
308
301
337
312
305
341
346
321
338
354
343
356
360
364
368
374
380
384
375
370
389
378
395
366
370
374
391
377
370
401
418
374
376
396
429
433
426
430
395
427
451
431
410
414
421
425
473
436
440
456
444
461
456
460
507
493
515
497
472
524
525
489
493
524
497
502
522
547
551
543
560
555
559
550
563
539
543
565
568
592
596
600
620
604
632
636
620
624
644
628
619
644
623
639
620
667
647
653
643
665
649
669
667
661
644
669
673
695
677
691
695
668
692
700
696
732
708
714
741
718
744
746
705
751
726
730
757
750
718
755
734
739
756
751
777
731
756
741
766
758
762
742
792
745
796
770
758
774
805
764
788
763
770
772
774
777
800
794
798
843
802
808
824
828
856
859
863
823
866
836
870
841
842
871
849
875
843
853
893
876
897
864
899
886
890
881
914
884
920
925
891
929
911
932
905
908
944
948
927
943
938
949
942
930
942
968
937
950
935
952
926
956
981
983
988
966
955
957
956
954
963
1002
967
1002
1007
973
1011
989
1015
978
980
983
1012
1016
999
1004
997
1008
1010
1010
1054
1014
1015
1019
1026
1027
1031
1031
1035
1069
1073
1097
1109
1093
1115
1106
1121
1110
1090
1104
1131
1135
1103
1123
1105
1128
1123
1134
1127
1107
1111
1136
1140
1118
1130
1157
1151
1139
1155
1153
1161
1150
1140
1153
1157
1161
1168
1165
1171
1174
1178
1221
1225
1199
1223
1209
1213
1234
1232
1236
1253
1259
1264
1263
1240
1271
1275
1275
1255
1259
1281
1283
1287
1269
1291
1296
1301
1276
1294
1270
1274
1304
1297
1294
1301
1295
1299
1347
1351
1319
1357
1361
1361
1316
1367
1333
1378
1337
1335
1337
1357
1361
1420
1424
1376
1414
1424
1408
1450
1412
1403
1455
1459
1463
1493
1497
1481
1503
1520
1524
1526
1508
1512
1537
1516
1511
1515
1518
1522
1527
1528
1529
1533
1537
1541
1538
1542
1628
1632
1611
1615
1612
1616
1654
1620
1676
1657
1638
1661
1644
2110
2114
2088
2092
2129
2133
2135
2115
2121
2111
2150
2159
2163
2126
2167
2171
2164
2168
2172
2176
2180
2169
2173
2177
2181
78
82
86
80
97
84
102
104
106
88
111
92
97
96
102
126
101
107
111
149
115
155
159
161
165
166
172
172
176
164
179
184
188
193
182
201
203
205
193
214
218
222
181
185
224
228
245
221
253
227
257
212
239
265
243
220
217
237
221
278
283
276
261
265
256
271
291
254
308
258
267
314
315
306
319
311
324
268
328
308
287
332
335
338
340
320
323
317
357
361
318
358
337
362
380
384
379
383
395
359
375
363
379
406
387
369
378
382
428
432
384
427
433
446
429
399
451
456
435
459
450
461
466
470
471
476
480
482
474
488
484
497
488
510
496
500
522
487
524
505
537
509
544
528
520
514
532
533
537
568
541
575
551
579
564
568
565
553
597
557
601
577
607
611
572
572
597
573
577
595
608
612
637
596
631
663
635
670
650
638
679
683
638
659
690
663
698
696
668
672
711
668
721
725
687
722
715
728
712
700
755
721
759
730
739
762
724
766
742
776
746
757
777
762
782
786
786
798
774
784
761
801
767
797
814
767
804
778
808
797
792
812
810
820
814
806
810
814
825
818
867
871
875
837
827
834
887
838
879
895
851
888
890
891
895
861
897
887
919
893
923
892
926
909
930
913
900
905
924
909
948
919
924
954
915
946
919
926
950
930
960
946
935
934
989
938
957
994
952
956
969
964
968
986
974
994
978
997
986
990
981
994
992
998
1028
996
1019
1036
1016
1020
1017
1021
1026
1031
1035
1028
1036
1040
1044
1048
1045
1069
1049
1076
1112
1082
1123
1086
1123
1091
1086
1122
1092
1143
1126
1133
1112
1108
1126
1137
1136
1136
1125
1123
1120
1195
1199
1153
1171
1161
1166
1187
1178
1228
1182
1236
1240
1240
1247
1251
1243
1247
1233
1254
1254
1246
1266
1263
1261
1267
1273
1277
1261
1273
1315
1319
1280
1284
1301
1290
1323
1312
1318
1327
1323
1330
1330
1335
1334
1334
1343
1347
1391
1395
1407
1411
1387
1367
1391
1374
1431
1435
1386
1386
1395
1397
1401
1464
1468
1452
1476
1456
1485
1462
1489
1490
1484
1450
1456
1460
1460
1464
1499
1493
1521
1497
1532
1536
1494
1525
1542
1504
1536
1532
1536
1530
1534
1538
1534
1538
1595
1599
1603
1596
1602
1587
1616
1596
1592
1599
1596
1602
1647
1599
1613
1657
1607
1616
1620
1619
1623
1675
1641
1645
1692
1696
1691
1695
1688
1692
1682
1686
1805
1809
1783
1787
1791
1863
1867
1830
1834
2064
2068
2072
2076
2080
2084
2088
2095
2092
2105
2109
2070
2066
2116
2120
2075
2124
2089
2081
78
82
77
81
97
85
102
104
106
96
111
90
114
119
99
126
130
123
127
144
122
123
128
127
156
156
160
161
165
142
143
168
202
206
194
213
198
204
228
191
228
233
197
237
238
244
246
236
250
256
230
260
265
240
269
268
271
235
275
241
230
282
246
291
273
295
245
258
262
266
309
270
315
319
271
310
281
314
330
316
320
342
296
333
300
353
351
355
374
379
340
383
385
354
347
362
354
368
405
360
409
410
379
392
410
365
421
423
413
404
431
375
435
412
386
439
429
444
422
450
454
442
457
433
461
462
409
469
413
457
477
468
458
452
464
456
445
483
450
501
462
484
471
475
520
498
485
502
498
496
504
500
551
512
511
559
535
520
571
577
578
531
529
570
591
574
593
598
602
566
546
588
602
592
618
591
622
615
609
616
595
613
606
638
604
626
623
627
624
632
625
636
636
655
632
635
674
639
633
679
683
626
630
652
648
652
704
708
665
675
714
671
676
680
695
677
683
674
725
721
725
718
720
726
723
730
770
729
774
765
718
726
723
745
769
749
749
755
745
779
782
803
772
768
812
772
783
765
773
823
780
827
785
829
835
837
824
841
847
847
832
859
863
851
855
851
864
868
872
847
878
874
874
858
880
912
917
921
900
926
916
888
920
912
918
916
912
900
924
928
930
910
921
932
925
931
920
941
924
932
948
991
987
962
991
957
962
961
993
988
967
972
971
1025
988
973
992
987
991
1022
1026
1049
1000
1032
1010
1023
1035
1009
1018
1013
1075
1079
1022
1073
1077
1050
1043
1076
1080
1046
1064
1080
1069
1077
1057
1115
1119
1087
1121
1066
1084
1134
1138
1099
1090
1126
1094
1156
1160
1104
1149
1143
1155
1177
1141
1119
1187
1170
1157
1174
1165
1169
1220
1173
1186
1227
1203
1207
1193
1207
1197
1212
1243
1247
1261
1251
1257
1247
1276
1267
1271
1268
1257
1265
1264
1268
1338
1342
1343
1306
1310
1356
1374
1378
1382
1386
1351
1392
1351
1396
1362
1400
1404
1375
1391
1382
1386
1402
1382
1386
1446
1450
1451
1456
1461
1441
1462
1449
1472
1439
1469
1473
1469
1473
1459
1467
1494
1498
1477
1502
1462
1500
1466
1467
1505
1493
1497
1537
1492
1547
1551
1503
1555
1582
1586
1561
1570
1586
1566
1586
1570
1582
1586
1582
1586
1683
1687
1679
1696
1683
1678
1682
1712
1688
1680
1723
1686
1679
1686
1690
1814
1818
1812
1816
1813
1817
1813
1817
1812
1816
1862
1812
1818
1875
1843
1847
2207
2211
2183
2187
78
82
77
81
97
85
102
104
106
77
111
81
114
107
89
126
130
120
89
114
144
118
100
103
108
156
156
160
114
118
156
168
163
173
194
198
202
199
203
207
204
224
230
234
215
225
219
247
223
254
254
258
234
264
239
241
268
252
231
245
237
249
283
266
260
261
247
267
255
297
261
295
265
306
266
302
316
299
320
321
325
325
302
331
298
340
299
349
337
353
354
348
354
352
372
358
356
366
371
342
378
364
360
386
364
379
393
384
426
388
434
398
438
444
405
449
402
453
456
458
442
467
471
421
482
486
452
465
475
462
481
466
466
512
470
520
521
518
499
530
534
516
551
522
555
537
547
553
568
552
577
549
584
555
588
589
589
594
586
569
590
579
583
612
577
581
602
606
583
610
638
602
613
637
595
617
608
602
612
660
664
624
668
672
633
676
672
640
642
652
646
651
659
669
663
708
712
698
677
702
732
736
739
727
714
704
738
734
758
714
764
729
768
761
761
772
749
780
754
748
745
776
749
758
749
784
798
782
772
804
782
790
786
771
774
776
800
797
827
831
803
826
840
816
846
830
834
835
821
872
849
827
878
849
886
841
859
893
897
898
856
856
864
864
884
888
900
904
886
931
924
949
928
962
966
966
934
960
938
977
983
987
989
975
984
988
987
992
964
968
1015
1009
1013
1012
1009
1017
1021
1025
1025
1026
1023
1053
1037
1051
1024
1045
1034
1070
1039
1061
1077
1081
1062
1041
1046
1071
1075
1075
1067
1059
1106
1102
1091
1078
1091
1085
1089
1139
1143
1144
1128
1132
1132
1144
1155
1123
1154
1148
1159
1152
1155
1147
1163
1151
1176
1160
1206
1210
1212
1208
1177
1181
1201
1205
1235
1209
1232
1215
1229
1212
1216
1225
1245
1229
1242
1264
1268
1237
1271
1275
1243
1257
1273
1258
1267
1281
1273
1274
1277
1292
1281
1276
1273
1277
1288
1314
1295
1299
1292
1296
1308
1312
1320
1318
1334
1331
1362
1327
1322
1327
1333
1331
1377
1342
1346
1363
1381
1369
1385
1349
1357
1362
1372
1388
1392
1415
1396
1400
1396
1395
1442
1401
1446
1418
1407
1423
1411
1413
1421
1426
1430
1429
1433
1440
1444
1448
1498
1452
1504
1508
1510
1504
1466
1470
1480
1515
1511
1490
1515
1485
1512
1516
1512
1501
1517
1521
1516
1578
1582
1571
1575
1563
1567
1558
1562
1630
1634
1604
1608
1658
1662
1674
1678
1680
1682
1693
1688
1697
1692
1696
1700
1698
1702
1706
1710
1694
1698
1757
1761
1753
1757
1748
1752
2151
2155
2109
2195
2199
2164
2168
78
82
70
74
97
69
102
104
106
80
111
78
90
109
95
126
130
122
134
107
144
111
111
150
156
145
160
161
111
167
115
172
162
176
161
165
186
191
195
193
197
207
201
215
219
220
226
227
230
234
218
222
207
253
211
261
263
265
222
269
275
277
279
281
286
290
283
287
288
292
296
291
293
319
301
313
304
329
322
336
292
341
329
299
351
333
352
357
361
328
331
369
336
319
351
342
361
328
365
388
359
369
391
396
398
375
405
379
398
385
402
385
420
393
424
383
405
428
388
434
441
424
410
422
424
406
452
457
412
457
439
463
415
455
447
470
451
494
455
474
468
461
506
472
509
510
471
464
518
522
494
526
511
515
542
546
495
511
515
520
549
553
544
550
548
558
550
598
602
604
606
566
559
604
570
619
623
609
582
618
613
620
617
643
647
629
639
649
646
639
650
649
653
655
648
697
654
701
695
670
697
660
705
711
707
711
699
695
699
721
725
745
729
731
733
725
774
736
778
734
739
742
793
797
797
793
761
797
812
787
761
819
823
823
798
828
820
832
777
827
812
835
849
839
822
854
835
827
842
852
846
865
868
849
850
876
880
882
841
845
865
856
871
898
875
896
863
853
867
880
859
878
918
882
909
914
880
886
933
891
916
920
901
912
910
916
947
951
936
980
940
987
991
940
965
949
1006
976
988
1012
1006
1001
1005
997
1009
1000
1042
1004
1016
1012
1033
1016
1027
1031
1024
1020
1024
1034
1055
1082
1061
1086
1034
1045
1037
1072
1095
1041
1067
1105
1071
1054
1087
1068
1106
1075
1072
1069
1074
1128
1132
1122
1126
1094
1098
1120
1119
1124
1137
1128
1124
1123
1138
1142
1133
1133
1139
1137
1136
1193
1140
1198
1202
1207
1206
1186
1219
1190
1220
1232
1236
1192
1209
1213
1203
1219
1258
1223
1214
1278
1282
1243
1267
1289
1271
1265
1269
1333
1337
1341
1345
1349
1357
1345
1364
1367
1368
1356
1358
1362
1372
1381
1371
1368
1375
1356
1360
1384
1379
1378
1431
1385
1435
1389
1385
1434
1438
1393
1399
1403
1441
1447
1469
1451
1414
1481
1477
1466
1481
1499
1503
1458
1493
1491
1496
1468
1504
1487
1509
1491
1490
1488
1494
1488
1564
1568
1563
1567
1564
1568
1560
1564
1560
1607
1564
1613
1617
1611
1615
1611
1615
1611
1615
1619
1623
1659
1637
1632
1681
1636
1673
1677
1638
1664
1668
1659
1663
1729
1733
1721
1725
1706
1710
1887
1891
2000
2004
2008
2001
2005
1998
2002
1994
1998
1991
1995
2216
2220
2188
2192
78
82
79
83
97
75
102
104
106
86
111
79
114
110
119
126
130
123
134
130
144
134
145
112
111
156
156
115
159
148
168
152
171
173
178
170
170
179
172
171
181
198
202
205
196
214
218
209
225
213
235
206
210
231
225
225
231
258
236
227
268
269
273
239
257
280
261
284
276
280
265
269
269
302
291
307
298
315
305
293
309
282
330
287
312
336
291
311
308
346
348
350
351
356
357
360
338
334
338
339
343
347
344
351
381
376
370
380
386
425
390
384
430
434
427
438
402
452
456
457
463
467
444
456
474
452
463
484
488
462
489
474
474
499
480
493
492
473
497
501
506
484
481
485
521
515
505
519
535
523
520
524
528
532
541
545
541
545
563
549
593
597
587
594
580
574
568
575
580
579
610
579
604
606
611
600
607
597
614
618
654
621
660
625
620
636
648
661
643
691
647
687
671
691
710
670
714
702
690
680
694
725
728
707
711
707
749
753
757
759
763
720
770
743
763
783
787
778
780
753
784
774
807
768
811
814
785
773
787
821
827
830
831
801
835
840
840
830
850
850
854
855
859
817
840
859
867
827
867
871
864
869
892
896
889
906
910
904
885
916
889
903
904
907
911
901
907
911
942
922
953
959
959
963
933
934
969
929
974
980
979
956
986
940
990
991
992
996
988
980
992
981
979
1011
983
1021
1025
1029
1017
1033
1037
1020
1024
1006
1012
1016
1061
1040
1044
1071
1075
1030
1052
1082
1056
1066
1062
1070
1058
1081
1063
1101
1094
1098
1080
1102
1094
1096
1125
1100
1129
1093
1094
1098
1102
1122
1133
1149
1137
1128
1134
1132
1161
1127
1134
1152
1138
1157
1136
1159
1142
1168
1159
1172
1171
1189
1193
1197
1227
1220
1224
1242
1222
1235
1239
1261
1237
1241
1257
1261
1265
1269
1273
1277
1300
1273
1304
1310
1308
1284
1278
1315
1282
1310
1323
1320
1311
1334
1343
1347
1351
1331
1355
1341
1345
1366
1351
1355
1377
1356
1360
1386
1364
1371
1379
1383
1412
1387
1434
1408
1438
1398
1427
1431
1433
1492
1496
1499
1459
1510
1498
1474
1502
1506
1510
1514
1518
1544
1505
1554
1518
1598
1602
1666
1670
1665
1669
1673
1677
1670
1674
1702
1678
1695
1699
1729
1703
1737
1709
1741
1744
1748
1724
1752
1724
1729
1758
1762
1739
1768
1772
1734
1778
1782
1745
1786
1777
1781
1778
1782
1786
1780
1872
1876
1880
1880
1873
1877
1907
1870
1916
1920
1881
1885
1986
1990
2035
2039
2043
2047
2052
2051
2057
2040
2066
2033
2037
2051
2044
2048
78
82
72
76
97
74
102
104
106
85
111
76
95
119
100
126
124
102
94
149
98
155
156
161
165
166
172
171
163
176
183
187
172
193
176
201
168
205
206
211
210
220
224
194
198
239
243
249
226
257
261
232
264
255
268
270
275
251
272
269
286
266
272
285
299
273
285
272
289
292
261
282
317
300
304
275
308
312
336
340
323
320
350
326
332
337
358
334
320
324
328
377
381
352
387
331
391
363
367
385
360
364
393
387
387
391
375
422
426
396
400
433
397
403
444
448
448
451
455
422
459
463
467
469
447
481
485
442
454
458
496
473
477
510
514
477
518
511
521
525
529
489
529
533
529
533
537
558
562
564
550
575
579
567
559
590
563
597
556
566
597
571
588
570
572
622
576
601
591
583
623
599
627
595
593
597
590
601
634
638
654
636
658
662
652
666
687
690
694
657
663
677
667
689
686
695
668
718
726
728
734
713
709
713
695
699
698
703
713
705
761
738
723
732
727
726
726
732
789
798
802
764
799
810
814
808
808
781
785
804
778
818
822
813
827
789
789
793
822
828
831
834
815
833
868
828
869
874
829
866
843
870
890
862
867
852
857
857
880
874
881
878
921
877
899
881
885
938
889
895
907
923
913
927
958
910
974
978
981
974
942
946
994
988
1003
992
993
997
1019
1014
1011
1008
1015
1004
1016
1014
1006
1015
1054
1059
1021
1017
1021
1081
1085
1052
1081
1084
1088
1064
1082
1094
1089
1054
1094
1091
1084
1095
1073
1093
1097
1116
1094
1144
1117
1148
1133
1105
1109
1127
1159
1166
1150
1139
1170
1164
1168
1171
1148
1152
1194
1186
1150
1182
1151
1189
1194
1163
1181
1223
1185
1202
1197
1201
1197
1201
1216
1208
1259
1214
1270
1274
1278
1282
1286
1295
1290
1309
1306
1308
1312
1270
1319
1328
1333
1276
1336
1331
1330
1347
1349
1336
1345
1349
1350
1359
1347
1369
1351
1360
1365
1365
1364
1369
1365
1360
1389
1394
1384
1370
1364
1374
1385
1398
1402
1386
1375
1368
1402
1372
1396
1400
1415
1419
1416
1420
1407
1416
1425
1419
1425
1423
1454
1494
1498
1472
1476
1511
1515
1510
1525
1514
1532
1524
1519
1544
1525
1548
1535
1525
1538
1557
1540
1562
1565
1548
1569
1540
1523
1563
1553
1557
1559
1545
1542
1566
1546
1586
1556
1557
1551
1557
1561
1568
1628
1632
1615
1619
1644
1648
1687
1677
1681
1676
1680
1671
1675
1855
1859
1812
1816
2009
2013
1999
2003
1999
2003
2333
2337
2327
2347
2331
2328
2332
2359
2336
2331
2335
2331
2335
78
82
73
77
97
73
102
104
106
84
111
82
114
119
72
126
130
132
112
144
116
115
100
119
156
156
160
161
165
156
123
148
202
206
197
213
201
192
228
196
228
233
181
237
238
240
233
246
227
251
220
232
243
221
261
262
234
267
259
274
247
284
237
285
275
291
279
285
286
290
286
305
306
260
310
299
320
310
327
314
331
318
313
320
342
328
315
328
324
328
351
330
360
368
345
372
325
344
355
380
350
354
350
357
362
354
365
366
407
362
368
403
369
407
407
372
382
412
397
409
413
413
389
439
417
444
447
451
430
431
419
464
423
442
470
471
474
464
453
443
484
447
443
462
448
496
500
493
504
510
517
514
495
473
477
479
483
532
500
504
508
559
563
527
569
573
523
527
569
573
589
567
571
575
579
568
613
574
617
580
594
624
598
604
582
636
640
604
614
648
597
619
643
647
619
663
626
667
668
648
652
645
665
649
675
679
650
656
680
669
684
657
676
715
669
679
677
724
728
733
720
688
724
719
730
723
711
758
762
766
770
721
758
768
746
732
784
780
791
784
754
765
759
795
789
768
793
778
788
782
796
830
834
839
804
811
815
811
806
824
818
869
822
868
872
848
889
867
893
859
868
863
892
896
882
875
910
879
879
918
901
922
922
892
875
896
930
932
893
930
934
904
934
939
940
959
915
963
943
973
977
972
970
976
969
956
973
956
987
973
966
977
968
987
973
983
1021
968
1025
985
1029
1032
1004
1037
1000
990
994
1012
1064
1068
1070
1064
1065
1069
1080
1073
1061
1079
1056
1095
1092
1092
1096
1074
1099
1078
1082
1107
1137
1141
1145
1149
1105
1153
1159
1163
1159
1122
1120
1124
1171
1152
1175
1141
1168
1172
1166
1194
1200
1203
1169
1207
1180
1168
1171
1175
1243
1247
1251
1248
1259
1252
1273
1256
1260
1286
1240
1301
1305
1290
1262
1294
1291
1295
1299
1303
1295
1299
1303
1360
1364
1340
1344
1380
1384
1380
1384
1379
1383
1459
1463
1467
1482
1486
1484
1488
1492
1485
1489
1493
1519
1497
1503
1497
1519
1534
1542
1534
1510
1540
1537
1522
1553
1536
1520
1540
1554
1533
1560
1564
1617
1621
1590
1614
1598
1635
1595
1625
1624
1603
1652
1609
1626
1635
1630
1646
1650
1636
1640
1644
1648
1932
1936
1940
1944
1948
1941
1945
1949
1944
1948
1941
1983
1945
1993
1997
1956
1956
1960
2012
2016
2020
2024
2012
2016
2009
2013
2097
2101
2098
2102
2106
2103
2107
2111
2390
2394
2398
2402
2406
78
82
70
74
97
47
102
102
111
115
94
98
126
135
139
143
118
149
122
154
107
158
131
162
162
167
157
171
173
173
177
180
185
186
189
190
208
212
217
202
224
224
228
229
213
218
238
222
228
251
232
252
256
259
260
262
267
268
251
255
266
270
274
293
262
306
310
311
299
292
323
329
298
323
320
323
303
327
316
344
331
362
366
341
326
330
385
389
390
392
395
396
383
401
395
364
405
399
401
390
397
396
394
406
401
405
396
402
398
403
454
407
414
462
419
466
459
463
457
466
461
490
495
491
483
495
508
512
476
517
499
521
480
520
493
524
514
510
503
527
517
509
521
550
538
532
542
548
564
533
553
527
544
531
550
552
581
583
570
587
562
548
552
556
607
581
576
602
582
606
592
608
610
614
604
619
603
608
597
602
598
652
602
617
623
664
664
668
674
667
678
650
651
677
670
663
685
674
670
674
707
711
703
694
678
693
700
697
701
689
739
743
697
703
752
728
756
721
762
725
740
771
725
777
781
781
741
736
788
794
792
796
801
780
781
809
813
795
790
793
794
825
786
810
800
838
804
844
846
804
845
849
858
862
852
866
870
860
874
862
877
834
886
838
862
852
888
898
902
906
903
910
918
911
888
897
917
904
909
935
940
907
937
924
920
921
924
954
947
921
956
928
961
951
957
948
957
936
949
992
950
999
980
976
961
979
976
1018
1022
982
996
993
991
1010
1000
1008
1012
1056
1060
1016
1022
1026
1071
1075
1053
1071
1077
1081
1068
1074
1065
1083
1112
1116
1075
1104
1118
1108
1103
1097
1114
1127
1131
1110
1126
1117
1121
1138
1131
1122
1135
1129
1146
1144
1191
1148
1180
1198
1204
1208
1193
1212
1215
1218
1219
1194
1228
1198
1228
1200
1240
1204
1246
1250
1206
1254
1246
1215
1250
1266
1265
1269
1250
1245
1283
1278
1261
1282
1263
1253
1257
1263
1276
1314
1318
1313
1317
1312
1316
1369
1373
1365
1369
1360
1364
1394
1400
1401
1405
1367
1373
1369
1416
1418
1417
1378
1421
1432
1418
1442
1446
1431
1440
1458
1462
1445
1450
1454
1470
1437
1460
1464
1474
1461
1482
1469
1473
1492
1477
1472
1483
1487
1507
1493
1497
1510
1514
1551
1508
1556
1560
1562
1556
1572
1575
1567
1565
1535
1574
1572
1584
1590
1594
1583
1600
1597
1582
1615
1612
1646
1616
1612
1609
1622
1660
1664
1635
1668
1642
1632
1637
1672
1688
1675
1662
1679
1675
1679
1674
2320
2324
2279
2421
2425
2394
2398
2402
2406
2410
2414
