5
7
12
23
13
4
26
24
23
13
6
16
5
42
5
11
59
20
35
23
29
28
35
36
68
38
35
6
61
31
6
37
53
42
12
70
5
51
18
78
20
26
56
11
4
22
69
8
61
4
7
37
67
52
80
7
66
7
68
8
33
11
15
65
94
14
4
37
101
103
32
9
21
53
105
15
116
41
133
7
12
30
149
29
7
7
155
6
40
9
47
167
54
23
5
29
9
182
16
168
72
7
6
171
24
12
71
18
7
189
45
90
6
171
86
181
21
86
21
18
21
195
19
5
203
19
107
17
218
24
4
226
141
119
45
20
10
60
86
243
76
6
10
53
5
67
252
22
51
266
11
80
17
259
40
276
45
23
8
46
7
26
267
7
43
6
282
39
14
7
296
30
299
5
10
31
4
268
13
25
30
294
6
312
60
12
313
306
29
299
88
18
24
19
309
41
98
17
6
8
308
45
19
7
27
313
11
6
12
32
314
14
21
329
37
4
63
330
15
35
61
341
37
44
40
44
349
48
41
25
54
352
35
7
12
361
36
14
378
29
27
10
368
60
324
60
39
51
33
323
6
48
14
23
33
60
337
25
27
67
11
17
6
59
11
19
4
5
32
90
388
10
355
22
344
82
19
24
344
30
338
18
301
16
109
18
23
36
11
16
289
35
124
9
72
12
14
285
144
72
4
51
6
303
14
104
159
6
319
9
161
118
337
50
342
185
30
36
139
7
82
345
11
7
315
6
16
162
321
124
4
23
135
6
9
13
6
293
154
5
5
305
155
4
22
314
168
6
14
326
56
128
5
12
11
345
107
6
24
7
15
4
30
86
369
4
6
144
9
387
5
9
15
337
9
11
323
7
325
175
177
5
19
21
9
331
8
23
18
195
163
32
170
27
358
21
5
14
362
158
145
8
9
7
24
369
4
57
365
38
4
14
374
4
32
78
28
207
136
387
11
120
382
76
381
8
385
15
12
388
7
46
375
17
6
31
380
62
5
26
7
293
17
34
256
15
91
57
52
261
30
76
6
273
49
66
5
8
288
22
284
47
37
300
30
52
19
36
18
313
6
16
16
7
22
261
32
4
233
13
26
29
232
45
238
57
243
241
259
272
284
292
290
297
283
291
278
270
277
282
10
13
5
26
21
5
8
8
26
4
7
29
8
9
61
5
51
33
6
8
7
4
74
12
52
7
69
12
39
45
5
84
8
10
19
10
23
25
4
36
7
49
34
107
50
4
34
45
55
11
141
6
10
7
28
38
26
5
13
91
37
170
24
55
67
121
4
55
75
145
65
97
6
20
33
59
152
4
8
36
125
10
17
6
58
45
11
179
5
21
5
50
159
26
166
202
15
153
4
7
4
33
5
35
163
237
53
23
33
153
34
37
44
31
11
21
270
172
39
27
18
178
78
45
7
29
177
92
71
39
6
43
206
56
7
200
9
103
12
58
208
58
216
127
4
36
70
235
4
79
13
152
240
89
18
24
251
102
99
34
220
108
48
217
131
135
44
23
241
62
94
4
166
33
79
6
179
279
4
85
119
7
285
193
66
95
202
302
100
215
108
81
7
12
332
232
123
334
132
245
142
303
252
6
137
157
312
5
266
231
150
284
34
140
288
261
150
287
21
129
303
240
6
70
263
4
253
7
265
11
86
209
7
9
18
246
101
5
253
229
88
6
215
244
108
221
28
21
256
26
115
28
13
237
14
276
16
193
124
31
142
296
198
161
297
4
153
8
4
19
5
157
256
8
120
24
255
24
148
6
7
261
71
158
78
39
279
15
6
178
94
247
15
62
182
66
43
244
45
191
259
51
53
27
15
204
254
94
10
7
84
10
219
10
80
4
224
124
74
6
86
245
7
244
6
35
247
6
238
157
12
260
6
237
69
259
5
29
252
180
277
228
32
23
153
11
246
303
6
30
11
5
281
226
113
95
5
7
174
296
8
46
209
305
17
215
40
14
189
303
179
4
78
10
319
11
188
58
13
20
13
118
339
39
278
7
46
150
14
8
36
273
31
279
94
4
36
290
7
14
51
12
5
302
78
55
7
283
12
269
46
7
50
6
266
103
4
7
64
246
5
71
82
107
4
256
82
80
270
21
96
91
36
5
34
109
7
292
12
88
17
8
72
280
6
33
283
5
78
59
5
6
10
269
53
4
6
276
70
49
20
7
283
5
25
30
289
52
12
44
10
48
7
298
9
64
34
64
74
315
63
325
84
77
341
97
95
104
347
364
346
353
370
375
354
290
300
300
318
315
7
4
12
8
14
6
17
16
9
9
32
22
8
10
35
15
6
39
4
7
7
7
77
8
7
10
12
110
43
15
30
24
33
21
34
145
46
9
4
5
11
184
57
7
8
24
46
5
205
9
37
14
67
14
6
10
24
14
57
9
237
12
5
6
66
5
12
270
5
80
4
8
5
101
11
307
7
101
7
4
24
7
120
309
47
26
10
33
32
44
35
5
74
42
26
6
59
351
26
7
82
10
66
82
387
98
8
110
9
411
23
5
130
9
5
4
418
124
8
14
126
7
7
455
9
10
15
147
8
8
9
165
10
10
19
469
17
20
18
4
169
25
7
41
4
8
503
193
5
62
7
202
8
539
78
202
7
49
213
551
40
5
7
197
8
10
25
574
204
42
30
36
213
32
32
21
32
608
5
7
177
13
7
6
173
12
22
13
604
19
182
10
8
19
6
200
632
5
13
11
6
39
11
10
176
8
21
653
7
173
5
6
183
7
8
678
12
135
22
5
8
712
115
7
7
8
27
135
5
8
5
12
726
6
143
18
19
6
12
145
15
6
5
742
12
9
150
24
5
15
9
157
8
780
6
6
130
10
11
20
17
23
800
143
15
18
158
20
6
24
815
6
6
89
5
5
7
5
108
852
6
113
11
5
4
56
14
869
25
4
44
10
7
64
894
14
8
5
11
15
79
4
16
17
6
933
14
46
17
15
22
6
61
959
37
11
9
29
84
10
104
6
1000
7
6
124
5
8
16
9
1027
6
115
16
6
8
136
7
1024
157
6
7
7
167
6
1059
9
7
16
190
5
9
7
4
5
7
203
1069
47
4
37
8
10
201
4
6
21
9
20
1094
217
51
8
53
43
204
4
6
7
1119
203
4
224
7
1141
8
8
225
4
210
6
7
1175
6
18
6
227
7
8
11
234
1210
4
16
238
7
8
5
19
1249
4
10
224
6
25
244
1268
245
241
1291
247
1323
262
233
1348
232
247
1381
240
246
1417
1402
1402
1423
1460
1484
1512
1544
1561
1596
1627
1653
1691
1718
1754
1789
1808
1846
1871
1907
1932
1950
1963
1998
2036
2071
2077
2116
2148
2185
2220
2249
2241
2278
2263
2297
2336
2368
2404
2440
2444
2473
2495
2485
2507
2541
2568
2591
2619
2640
2655
2680
2694
2689
2702
2708
2747
2783
2756
2780
2817
2849
2839
2855
2861
2875
2879
2916
2954
2979
8
8
5
5
13
37
8
7
11
8
11
4
58
6
6
22
92
6
9
7
10
32
5
6
125
4
53
9
8
21
8
12
8
10
47
14
161
19
36
9
21
43
13
7
19
11
21
181
4
8
36
4
19
182
8
6
28
13
8
43
50
5
207
9
7
58
5
7
7
5
57
240
4
8
17
11
69
9
22
6
15
10
243
17
41
73
60
38
269
5
6
51
37
8
22
52
25
29
6
36
291
72
10
31
31
90
4
8
329
44
9
7
22
5
55
6
347
5
8
41
8
7
4
48
371
9
4
21
4
5
7
68
40
399
87
20
8
96
5
13
438
5
5
102
8
7
13
9
120
464
8
6
15
16
17
5
121
5
5
484
9
138
5
15
11
18
126
11
5
7
501
116
8
6
130
24
5
526
8
8
134
5
17
9
6
125
563
30
140
5
8
10
577
161
4
6
11
8
10
10
180
5
6
613
4
164
11
5
7
158
10
641
19
5
8
173
9
5
183
672
6
200
5
697
185
19
205
6
7
713
27
7
216
7
10
29
11
229
737
8
5
6
9
240
5
4
24
8
697
230
249
7
4
723
8
12
239
17
6
14
9
253
6
751
9
12
16
269
10
280
750
4
17
8
4
5
17
12
281
14
4
763
296
14
6
279
9
800
16
7
289
14
15
8
12
11
309
834
8
18
15
6
324
871
4
5
54
342
6
8
20
16
4
360
7
856
9
361
7
373
4
8
9
889
16
13
4
5
313
5
8
9
923
322
8
323
8
958
8
309
7
4
8
296
953
4
9
12
9
315
16
7
10
4
16
291
963
6
9
4
25
16
8
8
282
14
15
11
986
249
7
11
8
15
30
272
1018
4
6
264
5
7
1036
279
6
19
286
4
9
41
1012
11
8
302
7
22
13
28
22
6
317
13
1050
26
6
34
321
24
5
9
6
1076
340
8
15
5
243
5
1096
9
10
223
208
1134
206
206
1152
152
1191
1212
1236
1272
1301
1331
1333
1352
1384
1372
1404
1434
1450
1474
1469
1494
1523
1560
1589
1618
1650
1685
1711
1716
1738
1773
1789
1803
1806
1839
1878
1917
1950
1979
2009
2046
2045
2062
2096
2128
2137
2173
2194
2225
2247
2284
2317
2351
2385
2423
2458
2494
2528
2545
2566
2595
2631
2662
2684
2702
2735
2760
2786
2775
2805
2829
2799
2833
2871
2909
2948
2981
4
9
4
5
12
11
7
9
5
7
5
11
13
36
14
5
6
61
8
6
5
11
4
18
19
10
99
16
4
6
5
14
53
4
6
8
6
11
17
7
7
10
10
27
46
14
32
14
6
32
36
31
17
23
85
9
28
45
22
8
21
17
11
26
16
65
111
25
20
23
14
10
18
78
5
17
5
4
144
4
4
11
11
104
10
17
100
7
8
168
5
15
17
8
71
19
9
30
4
196
92
4
113
12
8
20
22
233
15
11
108
5
7
9
120
12
214
5
7
5
108
8
6
8
11
12
4
121
245
15
17
16
24
18
132
10
17
5
24
273
30
148
7
7
7
122
297
133
9
8
7
11
109
18
8
331
10
14
126
5
26
11
4
351
142
13
11
15
127
8
9
8
7
11
387
9
4
119
6
8
6
102
13
10
419
13
16
103
23
14
11
37
451
14
9
15
7
7
61
8
15
489
9
47
7
4
6
62
7
10
8
494
8
74
4
7
9
5
14
531
16
4
6
13
22
12
483
5
22
9
469
7
6
507
5
11
9
17
8
519
7
14
7
33
6
12
9
547
43
17
5
7
4
38
7
582
20
10
7
9
5
588
4
15
16
13
18
18
7
4
20
623
9
16
23
635
5
7
6
8
10
666
7
9
14
16
26
7
687
4
5
43
5
12
14
7
7
8
714
15
4
5
13
9
752
10
5
14
34
11
5
34
785
5
13
29
10
25
22
45
27
5
5
44
36
23
773
38
5
18
5
48
4
10
804
68
25
6
84
8
47
832
11
97
18
6
870
108
8
99
885
114
7
9
61
4
913
4
10
7
47
4
5
20
5
6
55
5
925
9
6
63
9
11
22
4
960
12
11
79
6
16
19
15
30
96
38
972
12
22
9
6
18
6
10
6
1005
4
8
4
7
9
10
7
999
11
4
5
9
5
17
1010
16
6
14
14
14
29
19
15
19
5
1034
15
4
14
17
20
23
8
25
29
25
1071
23
44
1098
1103
1113
1106
1126
1155
1173
1202
1238
1276
1308
1321
1359
1387
1418
1454
1485
1513
1527
1549
1569
1605
1640
1659
1670
1709
1729
1761
1799
1833
1870
1899
1934
1971
2003
2028
2011
2033
2043
2080
2117
2120
2144
2165
2204
2190
2218
2221
2246
2283
2285
2298
2337
2361
2385
2415
2422
2456
2439
2475
2511
2538
2576
2569
4
5
7
13
30
4
5
17
8
66
8
8
5
13
4
7
101
126
12
15
8
11
18
156
8
20
7
163
8
7
7
12
5
17
195
19
10
7
30
7
6
9
207
38
5
7
46
7
222
8
9
11
17
64
4
17
11
25
20
21
259
49
9
7
16
6
9
13
15
294
16
24
4
34
19
7
331
4
4
50
28
7
14
9
4
63
368
71
407
91
4
94
6
430
16
96
4
5
15
462
7
5
9
8
7
13
10
14
480
4
4
30
9
7
5
7
514
16
19
13
19
9
548
12
5
4
7
4
11
5
4
570
7
16
9
14
11
13
14
24
29
603
9
14
16
41
6
18
5
4
615
52
5
10
6
4
68
4
640
5
51
10
23
5
71
653
6
7
92
6
5
6
13
8
657
11
17
68
18
20
4
28
8
68
681
7
6
73
6
5
14
10
713
5
9
89
11
21
4
97
719
7
45
14
110
7
11
50
742
129
30
153
5
771
7
54
148
8
6
5
25
6
778
8
162
5
129
805
4
135
6
5
135
833
87
80
35
54
57
25
62
29
46
68
860
63
40
9
7
59
57
64
22
70
43
897
62
62
50
55
23
7
56
24
10
929
21
6
28
46
14
23
19
15
31
890
8
21
13
26
29
5
8
6
10
916
18
6
6
12
10
21
11
8
4
13
947
17
30
4
4
4
27
11
4
37
5
972
8
25
6
12
59
7
14
13
70
997
39
8
41
9
90
22
6
14
14
11
33
1039
79
18
17
32
98
6
6
1067
13
47
9
9
7
63
1076
6
5
8
75
12
5
25
73
9
1062
5
83
7
1086
9
8
21
8
6
1049
38
5
5
8
8
48
14
10
1054
8
67
18
8
7
4
9
68
1042
8
9
60
17
6
24
5
22
6
80
1077
18
9
9
14
15
5
87
6
7
1114
101
6
6
8
113
5
1152
19
4
6
126
6
7
25
4
137
5
1184
5
153
1221
167
185
1237
169
161
1246
149
1272
1287
1314
1353
1363
1358
1395
1412
1432
1417
1440
1473
1505
1534
1536
1568
1575
1607
1610
1642
1666
1692
1698
1723
1732
1753
1786
1820
1846
1884
1923
1928
1945
1951
1923
1947
1979
2012
2035
2062
2081
2107
2109
2145
2167
2206
2245
2284
2314
2353
2386
2422
2450
2472
2461
2498
2482
2513
2548
2580
2613
2651
2683
2720
2747
2779
2782
2820
6
9
23
5
21
20
30
5
49
12
5
4
26
27
41
16
12
30
20
5
29
14
11
26
10
8
46
37
23
4
15
23
59
21
49
20
8
15
20
18
11
11
42
8
40
6
6
4
12
19
14
22
39
38
24
30
21
49
37
26
16
15
56
10
39
73
6
40
19
82
21
33
31
28
38
30
27
13
25
22
46
46
48
38
52
57
62
69
23
36
13
13
9
16
4
38
13
101
93
17
13
16
43
34
114
39
4
11
65
121
45
109
17
36
21
116
54
23
26
69
131
5
74
109
14
92
131
29
10
118
4
155
19
4
14
5
130
143
8
18
6
15
19
155
163
156
24
7
22
147
166
14
18
29
11
64
152
5
166
22
6
4
51
177
29
22
6
186
7
5
73
200
195
64
188
12
5
9
170
10
173
137
66
131
6
55
198
29
131
12
75
18
196
7
29
150
31
38
7
192
26
44
35
18
214
53
26
6
23
218
71
244
18
237
191
90
237
97
236
8
36
101
26
7
208
9
13
6
113
17
21
225
36
216
106
317
247
248
52
234
213
227
67
6
238
9
10
41
10
20
14
20
16
8
257
278
10
20
282
34
300
20
28
307
319
6
41
17
45
327
43
24
336
37
14
5
19
327
22
27
13
14
333
16
381
362
20
354
30
9
324
341
40
18
6
7
345
29
59
331
328
40
354
29
323
12
53
6
372
4
9
341
68
10
310
17
382
14
55
18
27
320
370
70
32
16
347
15
338
45
296
397
263
263
8
20
26
52
233
410
46
60
33
47
230
228
404
65
80
64
63
35
49
31
244
27
83
423
18
22
48
53
94
45
255
442
105
45
108
44
30
273
435
242
245
17
28
31
94
451
258
4
238
232
101
401
232
6
119
404
26
4
253
123
424
23
145
20
276
21
13
9
135
423
20
4
8
28
294
107
422
123
19
433
59
9
338
34
30
20
19
412
5
4
7
6
53
369
438
17
14
4
349
11
6
440
29
348
324
433
20
319
7
306
42
301
302
429
289
4
10
68
293
20
397
281
10
9
12
38
422
6
302
6
308
11
300
296
26
444
4
283
16
21
458
276
271
268
270
433
248
251
382
270
256
243
252
257
239
260
251
278
269
271
253
228
249
238
232
218
4
13
4
13
9
9
6
19
8
21
27
4
16
35
29
25
26
13
48
43
12
70
24
25
61
5
80
19
51
13
99
22
13
67
109
20
6
79
28
89
12
70
93
18
27
70
9
39
29
122
90
26
81
15
6
90
16
22
92
35
14
93
78
9
30
119
111
75
91
41
93
15
50
103
6
66
11
125
90
6
99
28
152
102
139
117
113
32
12
120
19
55
139
9
33
35
21
31
24
131
5
194
46
10
6
6
118
12
57
12
50
224
47
84
37
245
18
34
17
28
59
26
27
51
8
5
21
4
67
300
40
14
86
19
61
4
65
349
30
54
309
75
46
305
31
41
313
94
30
295
52
282
26
54
44
43
7
77
32
307
19
78
4
4
67
6
295
298
78
19
33
22
285
275
25
267
42
28
83
260
35
7
243
56
9
13
108
11
72
4
18
15
269
260
4
68
60
4
4
11
21
285
60
19
268
21
247
247
62
13
18
19
27
7
5
248
79
11
7
34
6
272
10
17
94
22
11
40
8
282
9
89
13
6
33
62
311
25
78
15
18
23
337
98
33
10
26
21
359
123
20
21
21
106
8
13
6
20
46
28
93
417
415
29
12
6
74
70
438
382
375
24
6
63
81
20
385
29
357
47
19
9
86
23
376
18
5
4
108
29
18
16
20
129
20
411
31
30
140
46
384
43
16
27
67
31
51
20
410
399
46
60
94
5
416
8
30
70
36
440
62
4
37
4
46
5
39
460
56
52
457
38
15
65
28
4
483
46
80
42
74
504
74
21
68
69
25
6
22
5
532
69
52
5
41
36
63
551
95
58
32
17
29
9
10
55
573
117
6
18
43
70
596
133
61
31
62
29
149
595
33
6
87
27
84
169
8
613
90
91
182
633
571
14
63
6
71
179
6
7
583
24
195
22
584
38
41
27
205
30
13
21
30
606
202
629
20
572
18
22
229
20
24
576
5
577
9
207
575
12
546
7
27
9
29
6
527
204
55
6
60
226
551
7
4
12
56
36
234
76
231
585
211
603
234
617
255
640
641
645
267
657
285
681
310
689
671
649
249
650
615
609
629
642
636
644
648
646
659
650
653
657
682
647
657
672
695
649
665
666
683
707
711
699
703
692
694
698
703
702
6
4
6
14
9
6
25
20
6
8
4
31
18
22
9
15
51
5
36
41
52
48
22
22
25
70
83
79
17
45
64
59
17
17
40
82
84
63
50
64
64
18
74
29
57
111
102
99
99
105
33
107
57
18
74
84
115
5
51
16
14
137
62
4
115
90
34
139
126
21
33
75
24
135
42
123
74
119
46
110
147
113
60
112
65
128
56
57
91
119
83
18
123
83
42
90
27
18
142
104
92
5
5
40
23
144
21
63
17
37
57
86
24
91
4
76
33
59
45
76
63
190
160
88
41
40
37
44
46
60
13
169
102
54
5
5
73
50
8
54
130
52
41
62
223
225
148
14
56
13
171
70
6
14
11
11
15
252
166
92
10
64
35
181
21
277
273
246
27
74
235
167
233
93
4
190
245
100
242
90
8
203
262
70
221
283
79
276
7
236
85
6
297
297
26
14
78
4
250
8
7
4
299
75
10
274
7
309
282
17
73
19
27
26
317
35
32
286
14
17
33
331
314
34
9
25
352
32
324
14
28
48
317
22
336
16
56
14
32
18
12
357
339
26
40
21
4
373
52
347
66
6
390
360
22
71
28
415
6
387
4
384
48
19
23
53
46
16
376
9
27
51
52
18
398
66
69
384
449
435
47
32
5
59
93
405
456
74
54
6
8
13
87
420
445
11
68
24
5
448
106
76
454
4
36
8
5
451
5
468
5
54
6
4
20
478
490
49
28
6
428
23
4
510
20
31
26
425
513
510
8
7
501
37
7
360
494
6
494
19
18
379
17
36
9
320
13
20
17
321
23
7
535
520
37
337
37
35
34
28
532
53
523
46
280
21
20
6
542
6
123
11
41
6
38
4
559
109
542
54
539
52
134
31
51
19
58
55
579
21
20
25
79
15
13
5
92
4
615
28
6
111
10
52
604
18
124
42
30
27
107
615
64
36
113
40
49
40
638
41
128
45
14
54
128
632
52
26
628
95
31
71
58
24
639
46
38
124
19
17
37
663
4
135
663
65
647
9
4
131
661
62
6
134
686
86
674
662
124
643
88
78
76
652
92
663
667
647
643
628
611
659
683
697
670
695
704
728
728
728
726
728
720
705
705
712
738
641
654
667
648
670
681
698
719
745
764
755
757
753
5
9
11
17
15
6
11
17
24
26
21
16
24
14
18
4
15
24
4
18
15
5
28
31
24
6
4
30
10
15
28
12
47
6
21
15
13
21
57
19
4
16
23
21
22
62
33
25
22
76
17
14
18
28
81
32
45
26
85
5
107
27
33
120
5
29
15
4
124
111
111
112
7
8
18
123
21
135
38
144
157
140
28
117
73
179
55
54
51
61
42
37
24
45
59
44
139
126
160
14
41
16
10
141
39
174
28
31
128
168
45
17
46
190
151
56
4
22
16
171
40
76
16
8
6
175
95
37
105
195
27
4
213
91
22
219
20
228
65
206
34
42
218
8
211
58
59
56
35
48
35
239
15
210
50
240
12
217
17
207
45
23
206
261
13
6
214
189
7
271
200
188
125
5
246
18
25
26
246
167
38
24
233
48
11
29
189
20
16
183
14
17
22
35
264
22
26
282
48
39
22
38
213
8
305
11
230
15
4
330
5
222
5
354
5
16
5
22
20
4
18
210
7
9
19
376
38
15
335
26
16
9
48
8
242
17
7
363
75
23
11
355
70
6
290
40
9
292
372
297
20
284
24
7
8
388
17
20
34
6
315
316
408
35
55
6
9
12
34
43
6
330
423
20
45
18
17
11
430
10
10
55
6
365
447
73
6
20
391
420
19
38
11
419
384
21
8
22
417
17
14
383
12
11
15
4
394
439
17
23
305
28
441
411
348
23
19
26
318
24
24
7
9
27
12
9
343
6
22
6
404
343
11
6
25
424
342
410
10
5
40
7
22
5
353
397
59
319
31
20
347
34
19
302
26
367
286
22
4
5
12
392
4
5
392
6
305
19
14
399
319
6
4
25
428
23
406
14
19
392
27
13
327
390
19
28
6
48
5
313
20
66
6
400
397
332
380
77
9
47
6
385
52
320
387
11
12
27
60
21
35
320
396
49
4
6
12
273
5
57
406
409
13
22
292
35
428
32
387
364
12
361
306
358
34
42
363
26
25
318
19
46
20
10
20
330
52
11
9
21
5
338
18
17
27
441
336
44
463
329
485
469
338
481
471
358
465
379
482
458
362
430
442
361
466
465
377
474
387
499
394
490
482
491
417
493
474
489
510
519
516
533
522
543
568
561
542
531
534
552
4
5
7
17
5
13
5
21
20
20
13
14
9
22
6
16
5
5
22
6
25
4
25
42
5
34
26
29
18
66
13
20
20
18
14
5
4
13
54
21
8
4
73
26
7
10
4
16
6
7
76
28
6
20
19
5
9
29
4
21
103
4
5
43
14
118
6
14
27
13
71
34
133
52
38
31
39
11
6
141
5
20
10
122
21
9
4
139
6
10
149
35
4
19
19
4
172
39
167
7
13
179
63
17
16
6
28
199
91
14
216
95
170
24
8
183
106
17
14
40
16
36
6
214
25
64
15
239
32
239
46
228
29
79
25
29
13
5
67
259
21
258
16
248
18
262
19
10
6
10
6
281
277
5
11
12
23
20
282
6
21
13
36
13
15
11
39
23
48
35
31
15
62
47
321
80
4
45
340
12
278
18
87
13
18
53
28
25
96
267
252
21
67
27
46
121
40
24
278
273
64
40
118
41
277
95
70
16
61
116
53
88
54
24
129
23
67
27
99
16
16
89
24
121
4
33
39
53
9
137
41
45
368
9
55
50
54
141
60
75
162
75
20
401
9
5
85
184
79
28
72
52
72
409
68
171
62
21
45
17
29
192
18
424
420
425
49
203
6
19
422
393
203
53
9
222
399
30
177
14
4
52
421
398
185
401
376
75
163
5
378
361
5
176
16
86
380
17
197
5
81
27
205
408
408
24
5
108
7
224
396
23
26
132
5
220
25
23
38
234
136
240
53
217
147
72
17
187
120
93
166
10
20
518
145
110
176
102
104
8
35
69
15
491
77
113
171
58
49
53
59
54
182
21
55
513
102
504
64
193
9
58
521
512
98
62
180
39
24
13
115
48
526
529
192
518
27
63
36
14
139
29
514
26
211
31
31
11
13
173
143
7
534
149
139
4
559
18
5
140
568
564
182
12
15
183
15
20
14
575
134
163
4
42
8
17
5
107
573
542
181
6
83
34
187
550
19
19
199
19
108
31
5
570
572
11
12
562
209
503
117
500
30
468
142
14
182
10
486
484
24
7
491
166
14
169
14
24
505
18
183
171
192
520
43
208
185
486
57
471
227
188
213
460
191
185
469
95
127
484
488
463
481
460
462
463
453
444
399
423
424
443
461
461
481
498
484
437
450
470
5
11
14
4
14
8
11
9
8
7
4
7
53
6
15
22
33
35
19
85
40
34
39
29
5
54
8
12
5
61
8
10
105
68
9
50
4
48
11
12
48
9
112
4
40
6
21
4
58
7
4
35
72
7
105
45
24
85
103
14
5
8
28
5
107
18
103
10
5
84
4
83
135
5
97
10
4
4
5
7
96
97
4
11
15
170
7
38
5
106
7
26
4
24
27
43
99
4
34
185
8
105
4
18
44
46
31
224
4
17
64
9
68
26
260
5
78
16
5
32
84
38
91
4
8
284
4
37
105
4
54
110
10
5
320
45
7
124
8
5
43
4
138
40
296
150
54
37
150
12
4
165
6
173
29
338
13
17
49
177
7
189
5
373
192
71
5
189
6
7
9
203
4
382
210
72
8
4
185
5
194
13
9
8
16
24
210
420
107
9
37
212
13
25
39
432
233
142
33
244
27
261
424
4
225
167
226
15
5
4
231
76
70
71
449
5
247
5
222
55
219
453
5
23
235
4
71
74
7
6
69
69
228
472
239
82
235
4
56
205
478
24
204
35
39
211
71
62
40
40
205
208
79
515
38
36
67
225
29
55
218
58
39
34
44
205
550
104
49
215
39
220
12
5
7
232
5
584
5
72
5
225
172
21
21
4
148
615
155
53
26
5
161
5
172
40
632
36
78
19
6
5
188
30
23
20
5
196
660
7
74
5
12
10
7
5
217
6
12
9
18
231
683
4
12
91
11
5
242
11
706
256
21
15
16
8
263
737
276
30
14
282
282
14
40
4
273
44
775
15
285
12
27
20
9
259
15
5
20
271
11
819
265
4
281
4
857
4
246
243
5
13
5
240
5
23
257
889
5
12
270
13
20
277
924
274
274
257
256
13
949
22
38
5
22
279
17
4
5
6
8
293
982
4
305
7
326
998
21
6
5
339
6
9
335
4
8
7
338
1029
10
14
60
10
338
15
12
14
318
12
270
4
1061
51
274
258
1087
256
269
1125
285
264
259
244
1157
208
233
1196
240
251
256
1221
249
238
1250
1277
1288
1321
1348
1371
1382
1408
1431
1470
1456
1494
1480
1517
1531
1558
1577
1602
1638
1667
1674
1688
1727
1734
1742
1767
1780
1776
1795
1822
1852
1879
1896
1931
1930
1959
1987
2020
1970
2005
2042
2036
2057
2081
2053
2067
4
8
15
4
5
5
5
16
6
12
4
4
5
33
19
31
4
5
25
21
27
73
19
56
29
35
41
31
28
38
101
45
9
53
17
57
5
64
5
137
4
60
77
6
68
4
4
75
6
12
24
170
24
88
35
5
100
4
44
203
5
112
13
29
122
11
5
19
135
207
38
4
5
151
4
5
138
19
16
14
210
58
5
147
27
6
10
4
5
152
151
215
5
9
139
9
5
138
5
152
242
15
17
13
13
163
4
10
163
18
237
173
45
5
153
33
4
102
31
103
237
4
45
17
118
24
101
114
17
266
4
33
28
30
145
4
288
33
152
41
146
21
9
8
216
28
167
4
185
4
256
9
187
22
206
5
236
5
210
4
9
226
21
5
261
4
218
11
21
23
18
24
235
5
294
4
14
6
5
225
229
4
6
234
14
5
272
5
27
228
17
13
17
42
30
250
25
298
5
4
5
66
250
52
4
238
64
341
256
13
64
20
65
5
275
18
362
46
285
4
238
5
51
4
240
19
233
18
42
379
5
18
6
234
4
52
10
4
64
246
4
65
404
5
248
12
9
5
9
268
7
8
14
23
431
275
18
27
276
275
35
6
275
451
288
300
24
242
481
24
19
7
247
19
27
18
5
264
10
488
5
42
10
9
255
13
258
260
4
23
506
243
224
4
30
206
38
5
493
205
37
36
207
35
41
217
39
40
18
486
215
18
181
52
24
190
33
174
516
18
68
16
48
185
4
186
4
504
201
38
211
210
5
7
115
221
478
72
222
100
224
13
117
4
18
486
244
55
225
113
28
85
78
68
32
222
53
49
469
34
4
83
238
4
45
24
38
16
18
233
22
4
19
509
4
110
10
211
23
212
520
215
130
220
4
14
234
64
53
537
161
4
221
10
58
174
55
10
59
63
21
36
186
8
576
196
148
198
6
4
206
4
191
4
612
13
96
151
160
30
5
7
11
5
176
5
643
69
184
184
5
195
40
193
656
39
50
169
18
24
167
25
67
162
701
69
21
24
71
71
4
154
58
52
162
55
740
52
161
73
14
167
81
154
70
751
59
167
159
77
106
739
88
108
122
763
130
127
792
819
858
869
875
909
930
959
941
950
980
970
955
979
997
1003
1014
1041
1018
1044
1040
1028
14
4
24
10
21
19
34
21
36
5
37
17
5
23
31
4
51
23
38
21
12
17
4
17
9
40
31
53
32
5
10
33
10
51
5
7
70
6
43
11
4
5
22
4
5
84
4
36
27
17
47
5
14
61
18
111
12
8
76
4
4
4
67
127
62
31
75
4
87
151
84
20
68
4
5
77
5
94
188
52
16
65
13
77
72
13
179
25
5
84
5
4
89
10
183
46
4
7
65
7
5
8
4
58
20
4
139
18
4
32
77
19
31
15
4
83
32
18
44
158
57
4
44
4
13
56
21
5
5
55
59
71
24
11
4
75
4
79
4
34
4
99
16
85
78
5
19
87
22
67
23
134
23
88
5
66
23
41
43
7
34
41
30
56
35
103
24
41
5
7
44
28
4
7
8
15
55
71
5
96
17
55
15
4
50
7
4
65
39
57
57
59
20
50
4
74
62
7
6
104
31
73
50
80
53
43
4
8
73
135
54
4
45
55
52
68
151
64
48
33
72
55
67
56
53
51
175
37
34
55
21
51
40
26
34
13
30
20
24
9
57
204
6
14
41
69
62
44
42
70
232
57
36
70
66
4
48
75
77
225
92
4
90
6
7
252
6
75
67
10
67
4
4
55
14
7
38
268
9
31
8
10
37
11
8
21
306
41
14
7
27
4
20
333
6
7
79
44
8
16
5
5
359
31
12
113
14
25
4
8
32
36
19
5
383
32
59
8
34
5
5
401
77
14
13
14
16
31
14
13
431
14
117
15
5
17
7
7
5
13
28
32
4
444
44
11
152
7
25
4
26
13
37
43
4
474
5
176
14
4
30
8
11
28
39
43
18
16
24
491
15
209
10
60
5
13
48
9
452
38
141
6
7
4
58
4
4
493
68
103
5
17
49
38
17
30
4
452
54
22
4
32
72
8
34
5
70
419
6
7
15
9
11
69
8
23
5
82
8
28
13
4
436
4
101
4
34
105
35
118
425
4
4
6
131
13
103
109
408
21
111
28
110
9
86
82
371
15
79
85
54
85
4
90
6
59
403
58
52
19
43
4
101
46
31
46
59
26
398
34
5
41
22
24
42
407
21
5
36
15
51
427
68
65
71
436
85
471
509
542
580
609
625
482
517
552
539
553
582
602
19
5
4
19
22
9
10
13
4
57
7
18
37
4
14
67
4
19
28
47
44
36
17
5
38
37
84
58
8
4
4
71
15
55
58
20
114
60
12
58
31
35
5
66
5
44
146
4
75
7
39
87
19
10
44
8
175
12
11
23
99
48
86
5
4
83
65
49
194
4
78
10
39
97
29
22
32
16
27
192
24
28
5
115
4
5
128
17
207
26
138
52
29
136
4
42
12
142
45
4
247
37
52
95
121
47
5
120
76
67
57
37
263
128
50
74
9
19
10
5
52
4
5
65
4
59
288
167
77
54
84
32
101
4
89
330
207
107
5
26
8
96
95
368
219
78
27
4
34
17
75
74
28
323
185
49
91
64
35
63
64
39
15
11
36
8
358
33
218
43
46
22
24
14
15
7
24
4
400
4
256
29
5
10
44
8
18
440
288
4
65
5
19
76
5
71
10
482
320
5
85
14
102
4
13
499
357
110
4
117
11
538
22
132
354
17
145
32
20
16
24
142
22
578
8
346
30
156
134
20
140
4
9
123
615
386
5
95
15
98
5
105
5
105
6
10
645
115
352
5
4
9
125
12
130
4
9
626
142
348
4
154
23
168
4
5
664
5
247
185
9
5
14
182
144
702
146
211
141
4
17
150
5
34
162
666
163
124
21
9
117
11
17
130
707
56
183
43
37
8
96
11
80
54
65
746
187
8
55
10
56
776
13
211
42
102
97
101
71
46
69
10
63
13
57
788
51
22
231
54
66
58
5
11
44
62
793
80
144
7
4
86
95
75
832
6
160
92
4
46
18
45
21
95
53
49
832
14
142
5
115
56
38
124
50
10
871
77
113
4
58
123
4
109
68
6
891
62
15
96
12
4
129
68
25
138
36
886
4
127
14
106
91
92
38
4
69
146
64
840
68
35
6
75
157
50
31
7
50
9
25
24
160
14
48
877
45
164
5
169
911
78
174
100
64
189
63
198
169
4
56
935
76
52
63
163
8
64
83
54
170
19
5
90
169
967
66
86
92
127
35
106
139
985
101
74
146
134
106
140
131
999
135
148
145
1038
994
1025
1035
1055
1064
1065
1094
1096
1133
1157
1169
1205
1235
1266
1290
1302
1312
1345
1374
1388
1419
1428
1444
1476
1461
1499
1519
1557
1552
1532
1436
1464
1485
1507
