4
5
8
7
15
12
20
9
20
26
6
20
28
31
35
28
34
24
45
44
40
22
44
44
51
61
55
65
54
67
55
71
58
65
79
69
63
75
84
70
87
82
87
84
101
87
75
99
96
88
107
92
99
92
118
113
122
106
100
103
116
110
137
133
118
135
144
153
140
153
144
140
144
168
147
151
148
166
159
164
171
175
171
184
170
175
200
196
185
216
213
209
218
217
232
224
243
254
262
278
6
6
11
6
15
19
7
23
25
24
18
9
32
29
36
38
23
34
40
50
44
31
54
58
37
57
37
56
43
62
66
47
59
72
82
66
86
85
79
77
90
66
69
71
90
101
86
100
104
109
96
98
113
110
107
108
117
107
114
133
114
118
127
133
131
128
147
139
128
135
133
156
141
164
165
156
170
177
168
167
170
168
167
169
194
184
191
192
183
195
201
219
213
224
214
225
220
230
243
277
6
7
5
11
10
18
14
15
22
27
34
26
22
25
24
41
42
44
44
21
36
49
31
45
48
46
42
56
69
64
61
45
55
67
68
71
87
67
85
84
85
87
81
89
94
95
98
102
97
89
111
93
99
114
118
108
127
129
135
132
131
125
118
129
151
130
141
145
142
154
152
150
160
162
166
172
158
160
180
175
181
195
196
184
195
191
212
196
203
214
213
226
234
240
246
260
290
324
355
388
7
7
5
4
11
18
7
7
25
8
23
29
33
32
43
32
46
24
48
24
31
43
57
44
59
45
37
62
68
69
74
67
66
76
69
71
64
86
78
79
77
97
85
82
101
93
104
98
102
87
113
99
113
103
131
126
102
120
109
112
117
139
126
123
146
143
130
156
144
154
149
151
147
151
172
161
176
172
175
177
164
184
176
181
199
184
191
204
204
215
206
211
211
229
238
247
239
245
278
311
9
6
13
6
19
16
18
25
12
24
23
32
35
21
39
41
30
23
26
35
21
38
48
35
55
36
50
51
63
61
72
70
48
49
73
68
79
74
63
75
96
88
87
99
95
77
94
88
91
99
104
95
121
96
119
113
104
123
110
103
118
109
131
127
129
139
129
124
128
140
138
137
146
137
153
170
158
165
181
166
182
179
170
172
177
182
192
201
192
193
195
201
209
205
219
226
234
236
236
263
4
11
16
11
17
13
26
18
22
16
9
22
24
12
22
29
33
39
23
45
38
53
58
54
63
53
37
47
65
68
65
68
69
84
69
74
61
75
73
83
89
88
82
86
100
90
105
105
91
100
94
101
102
113
106
110
124
117
123
135
127
138
151
136
135
140
150
155
141
144
172
147
170
158
169
171
165
162
186
175
181
203
189
200
209
216
199
212
204
238
231
243
243
242
257
261
279
279
296
311
4
6
10
10
11
17
8
6
12
15
20
22
28
30
28
28
34
33
32
34
44
38
50
45
46
32
62
51
53
58
65
72
66
70
60
69
62
60
79
86
87
74
86
93
98
86
81
75
95
106
108
91
108
102
109
113
111
111
104
105
114
126
119
135
132
140
122
153
137
143
135
159
148
149
147
159
178
161
165
178
184
188
183
194
186
198
208
194
205
233
226
217
226
223
236
233
249
258
266
265
5
10
6
14
12
5
16
18
8
29
27
7
28
29
36
30
27
39
42
35
40
33
39
54
60
51
63
48
65
59
73
51
72
74
72
83
62
85
82
85
88
97
92
81
89
99
87
89
96
109
90
94
113
100
113
102
113
115
121
128
118
128
122
123
148
126
153
138
154
158
155
163
152
166
157
175
157
176
173
173
178
184
174
190
194
201
217
217
225
237
237
230
231
235
271
276
275
286
312
321
6
7
8
12
11
10
10
16
19
10
29
13
29
21
23
32
42
31
33
36
46
27
46
51
48
36
64
38
67
64
58
58
77
65
72
56
65
60
68
77
91
94
93
85
97
85
102
93
98
98
96
96
103
94
98
96
104
100
125
111
122
122
130
128
128
128
141
133
142
144
150
152
154
153
155
173
161
159
159
180
173
166
180
170
191
184
195
189
199
198
203
207
206
229
210
230
218
236
238
244
8
11
14
9
21
20
14
14
28
29
16
19
35
39
13
22
33
40
50
49
27
48
33
33
42
57
60
63
64
69
74
56
68
72
79
67
76
72
91
83
88
90
95
97
97
101
93
88
94
103
117
100
108
106
120
123
120
132
131
119
119
126
141
124
140
128
144
130
151
147
150
152
157
159
152
165
166
159
160
167
180
191
186
174
181
188
187
190
210
206
211
215
213
221
223
222
227
243
259
277
5
9
4
8
5
9
14
11
18
18
19
34
30
7
34
11
40
30
46
38
45
37
24
53
32
52
46
41
65
57
57
58
75
73
76
71
60
81
86
77
92
92
93
89
90
96
88
102
100
109
91
107
95
108
103
122
112
113
128
113
129
122
121
133
133
127
143
145
137
156
157
157
149
146
164
176
168
163
157
179
174
184
178
179
192
186
203
194
205
215
203
220
216
217
227
224
229
234
251
260
7
4
9
11
7
15
7
16
19
28
22
23
9
38
15
22
30
40
41
49
25
55
47
42
46
61
48
62
50
73
71
54
67
74
80
71
77
66
76
70
87
75
72
88
87
103
78
106
88
111
110
114
116
105
118
129
106
125
131
122
124
117
139
124
123
125
134
141
140
137
136
157
139
164
154
152
150
164
161
184
161
174
170
189
180
187
197
181
198
199
199
205
197
213
206
211
232
222
233
253
4
6
4
8
10
8
17
7
22
4
12
9
28
33
34
34
36
34
33
39
50
37
49
54
57
58
58
49
48
58
65
68
74
67
75
68
77
79
86
89
74
75
94
93
86
78
96
95
93
103
110
95
112
116
109
99
107
118
118
130
129
132
124
137
129
146
141
146
162
158
142
154
161
148
156
174
168
180
175
177
186
186
183
201
191
206
198
204
215
222
224
231
243
241
251
255
266
277
294
324
10
10
4
13
15
21
6
13
21
17
25
33
27
10
20
22
44
43
33
49
30
23
61
47
60
46
61
59
68
50
70
72
74
83
78
72
70
88
92
82
90
86
86
104
94
105
110
86
112
101
96
97
111
115
134
125
124
119
119
116
142
142
149
139
136
157
146
135
159
140
148
169
174
150
154
156
165
175
186
172
193
186
199
197
205
206
216
211
230
221
229
237
237
249
258
264
263
268
286
295
5
5
5
6
15
9
20
6
7
22
28
10
26
29
12
16
24
42
44
39
30
34
53
47
50
45
63
38
67
67
41
58
71
75
77
79
81
80
84
64
77
89
89
75
81
98
101
85
104
114
95
109
118
108
95
100
107
106
113
105
128
126
126
116
119
141
137
152
137
147
141
145
141
142
155
161
170
175
165
186
171
175
172
191
185
190
201
208
218
216
209
222
229
230
238
238
253
273
271
293
