4
7
11
14
13
14
17
14
15
18
4
11
17
15
18
9
17
11
14
25
8
18
7
21
18
33
37
16
26
26
10
10
43
18
49
22
22
39
27
38
35
41
44
37
53
9
57
38
35
55
50
54
59
34
50
46
34
57
24
40
67
31
32
68
64
63
44
46
46
57
82
34
50
71
47
44
94
52
51
97
75
68
73
85
61
74
72
63
69
66
66
83
77
111
86
88
91
112
124
99
5
14
16
15
12
20
16
4
9
10
24
5
25
7
5
26
23
24
15
31
11
11
13
10
23
34
26
5
24
21
22
25
20
22
12
38
40
32
19
25
41
53
8
37
34
25
52
33
49
23
42
10
16
14
23
30
45
15
60
32
57
58
55
40
26
31
58
68
31
43
46
67
46
34
57
70
44
62
46
66
64
52
55
82
68
81
77
67
75
83
104
95
78
88
117
130
108
100
116
117
5
4
5
8
13
19
18
14
21
16
25
12
26
7
24
23
25
20
14
15
30
25
5
29
6
39
11
28
26
38
36
16
18
41
47
23
4
21
14
7
26
22
57
7
14
7
12
11
5
43
42
21
4
47
25
67
12
21
19
7
41
58
76
33
59
51
35
53
54
56
41
37
35
31
50
61
40
66
49
40
54
40
50
51
51
47
70
83
68
56
121
97
86
73
108
126
114
160
168
202
4
6
7
9
15
4
15
13
9
15
9
5
17
26
9
30
10
20
23
16
21
26
29
18
31
5
9
27
36
6
26
12
24
19
43
26
12
21
32
25
49
18
39
48
29
26
44
50
26
10
14
24
17
39
28
43
8
43
15
35
17
50
55
46
46
32
31
63
60
37
47
62
30
43
68
34
58
61
39
55
42
82
49
51
101
84
59
89
76
79
80
74
89
63
68
83
72
71
79
121
4
4
7
9
15
13
4
4
5
5
20
15
14
23
11
28
14
11
33
11
13
8
30
26
24
13
26
30
12
6
10
9
30
20
11
21
30
40
22
46
4
27
8
24
38
40
43
10
24
47
8
17
32
36
45
72
19
70
36
23
41
40
12
32
22
47
42
32
55
22
27
41
45
49
49
57
50
42
43
45
61
52
97
63
52
53
45
67
49
61
59
67
65
66
70
69
72
75
73
91
4
4
6
6
15
14
11
12
9
5
24
21
25
19
26
20
29
30
28
33
15
16
7
14
21
40
15
7
29
7
5
42
19
51
24
40
12
15
17
7
43
20
18
32
34
23
52
37
8
56
15
30
41
6
40
52
51
24
65
21
32
39
47
45
32
19
42
32
42
47
55
63
33
46
71
65
42
84
45
54
51
81
94
116
61
94
67
57
65
64
60
105
70
72
121
109
107
131
180
155
5
5
5
7
10
9
6
14
11
8
7
22
28
22
13
10
12
13
31
19
34
16
24
38
24
33
25
5
15
12
10
17
30
32
18
49
55
46
27
21
58
46
12
39
39
5
20
15
13
56
32
25
44
26
25
46
26
59
59
21
36
44
57
62
51
63
29
57
67
49
44
43
56
56
73
77
77
66
64
59
54
51
61
73
56
80
97
114
78
76
84
76
77
91
92
89
88
90
99
103
6
4
9
6
15
19
14
21
19
22
4
14
4
17
10
22
24
4
26
23
12
7
22
30
30
8
24
34
9
31
28
26
25
37
23
47
37
10
27
24
35
29
42
48
25
53
25
39
20
28
42
22
44
54
51
27
47
27
43
30
46
42
9
30
31
42
36
37
13
36
60
60
76
47
42
44
35
28
65
41
45
52
72
43
50
72
47
47
49
60
55
48
62
76
70
71
76
80
81
100
4
13
13
19
4
6
16
14
23
20
10
22
11
11
7
15
21
14
14
31
13
15
23
27
42
4
47
10
41
34
28
30
12
22
22
24
24
34
6
22
31
21
20
9
31
38
37
26
47
22
10
33
39
47
30
26
24
56
62
23
36
38
32
24
45
32
56
29
36
93
49
68
68
43
54
54
41
59
50
47
44
49
102
81
74
51
69
59
56
76
62
85
79
71
78
79
81
87
95
94
9
5
7
5
4
23
14
25
20
19
18
4
18
18
26
10
20
4
8
30
9
12
34
13
10
38
34
37
43
36
34
19
52
20
22
24
42
30
30
7
39
29
23
41
21
43
36
14
26
65
61
38
33
72
49
30
31
40
40
71
30
30
39
48
35
33
57
38
62
39
75
84
58
70
69
103
99
59
85
73
91
114
73
98
81
84
82
90
94
126
98
93
94
107
138
141
146
145
151
156
4
7
12
6
6
6
13
19
14
9
26
11
5
15
27
21
21
27
12
19
28
22
32
31
29
17
38
16
13
15
19
20
28
20
22
24
40
14
11
32
45
17
43
8
29
59
9
22
26
53
38
38
28
10
52
57
28
53
20
18
30
69
51
34
53
34
31
43
62
76
81
34
67
42
42
68
62
44
65
78
50
55
79
54
73
98
67
84
75
91
105
86
108
94
82
89
111
120
122
149
5
7
7
10
13
14
10
18
18
9
23
20
16
4
24
16
17
25
34
17
10
7
26
14
34
37
43
10
15
16
33
23
29
10
14
26
15
34
6
19
37
6
30
38
62
37
29
26
42
36
28
38
45
24
32
45
18
16
38
48
30
25
64
46
54
28
28
28
45
60
41
54
44
47
35
59
68
47
43
67
58
75
66
68
70
75
70
82
85
65
59
62
76
86
93
82
90
89
111
112
4
7
7
9
7
12
13
16
14
18
14
10
19
13
6
32
9
10
37
6
13
14
24
27
34
27
24
14
17
19
11
6
16
25
39
23
46
30
53
22
52
48
53
23
21
43
37
28
27
36
50
16
22
52
26
22
36
47
32
37
29
34
61
30
54
60
54
33
63
37
66
65
58
69
67
56
44
89
84
56
61
80
73
81
58
88
65
86
104
78
94
97
104
97
101
110
122
116
125
146
7
9
12
12
13
13
15
5
5
7
23
19
19
14
14
26
11
23
31
6
30
28
17
11
21
31
7
12
31
15
9
11
27
6
29
17
36
13
55
4
9
22
9
57
23
31
23
37
56
55
61
60
67
55
36
29
21
39
17
42
31
55
10
16
61
19
16
66
61
19
30
24
41
56
85
70
37
46
94
53
72
63
54
69
82
59
105
55
91
93
73
64
73
75
70
76
85
120
106
114
6
10
9
13
4
11
16
16
9
14
25
19
26
18
27
25
24
24
25
25
15
28
16
17
20
30
17
11
28
10
25
25
28
27
15
52
36
41
39
47
52
55
51
44
40
21
7
34
28
46
33
64
41
10
23
14
49
56
47
18
54
36
27
52
49
57
49
39
60
29
41
44
60
64
76
94
53
56
78
69
70
61
99
53
70
84
87
85
78
90
62
91
66
96
74
74
83
95
92
101
