5
5
8
6
5
21
18
15
6
5
6
14
56
58
17
70
22
78
40
83
16
54
77
32
13
39
71
40
85
61
60
69
118
48
58
142
12
123
83
68
19
78
101
5
75
8
170
143
36
184
41
139
180
142
50
173
132
36
153
142
115
191
101
226
159
226
209
225
232
147
185
230
234
175
216
210
72
202
210
167
167
187
243
162
171
215
90
224
181
221
163
220
170
269
173
284
116
179
183
159
134
260
130
193
152
164
159
145
158
205
259
208
236
183
291
312
184
194
184
192
286
334
288
297
235
200
292
296
390
291
355
282
335
254
408
254
284
404
227
322
332
280
272
416
270
243
375
261
265
358
265
420
259
426
414
364
299
394
400
302
384
292
278
380
276
387
382
351
349
343
344
327
348
335
324
487
337
298
474
311
469
472
400
475
402
450
528
473
485
475
403
471
462
453
454
455
419
454
461
455
421
416
422
387
457
395
378
456
390
380
436
380
567
433
555
419
528
540
412
487
541
406
445
535
395
418
527
561
414
521
561
577
488
566
568
485
567
444
548
428
553
545
486
514
495
643
584
586
653
553
570
551
528
543
529
478
504
592
523
526
554
652
529
550
622
528
545
621
520
620
707
541
616
672
612
546
566
602
616
523
602
697
525
566
556
629
596
549
619
729
730
732
689
707
694
635
667
574
608
670
689
609
604
680
603
639
648
592
636
615
584
594
627
596
617
675
607
785
787
736
713
714
711
718
704
690
741
684
662
737
679
663
737
663
709
679
656
705
660
669
855
855
844
828
826
799
799
782
794
894
776
892
790
776
860
790
739
838
776
729
764
761
764
728
727
920
875
899
859
793
853
796
830
764
790
792
787
783
965
959
895
987
913
862
927
856
865
876
815
866
813
1002
843
956
831
949
940
931
1006
923
998
927
974
921
969
900
950
923
925
1018
881
981
877
984
879
936
1080
881
1072
1001
956
928
1086
1076
1078
1057
1053
1033
998
1002
992
979
980
980
1149
973
1137
1108
1104
1086
1071
1064
1056
1053
1048
1224
1227
1218
1147
1125
1138
1117
1133
1116
1127
1120
1076
1064
1229
1220
1202
1193
1191
1188
1188
1176
1176
1140
1143
1142
1501
1504
1456
1460
1432
1435
1415
1399
1361
1356
1357
1669
1667
1642
1637
1622
1624
1628
1626
1622
1601
1577
1578
1582
1777
1743
1698
1682
1680
1609
5
5
5
6
12
20
16
11
39
19
23
41
10
35
45
40
24
72
36
39
16
82
23
66
28
34
30
33
115
19
127
85
49
83
59
20
132
151
146
126
112
110
131
98
108
128
84
87
178
183
185
159
173
156
165
154
188
159
194
203
122
146
167
198
116
140
102
211
129
215
239
236
171
149
125
235
121
94
274
135
132
242
231
105
106
211
251
254
116
293
277
240
210
209
244
201
271
171
315
295
148
307
211
259
309
191
241
262
262
175
178
246
173
248
352
176
315
255
309
306
176
288
269
230
298
385
316
206
333
297
249
310
248
276
214
245
231
303
300
282
241
304
256
419
398
412
388
404
352
333
387
408
388
411
335
398
383
275
367
355
368
366
368
344
363
327
358
336
303
316
436
312
392
311
425
505
411
460
337
353
492
501
358
451
500
511
500
457
491
518
426
508
490
540
528
424
532
427
480
508
377
488
544
525
476
558
478
557
490
550
485
486
521
443
489
524
489
445
478
549
432
423
615
431
439
615
439
601
545
584
582
538
586
525
607
527
502
513
608
648
507
580
651
511
650
505
569
629
488
548
617
480
535
611
512
587
605
567
598
581
559
548
506
540
638
537
589
589
574
568
598
671
556
594
669
570
660
549
570
657
552
661
658
684
577
681
645
646
627
624
767
596
732
746
737
729
737
721
731
734
706
728
691
691
709
689
666
707
676
659
707
624
642
711
826
806
826
804
826
762
846
826
751
844
807
724
848
720
847
795
724
844
777
717
832
751
717
807
713
694
803
725
798
724
788
719
766
704
761
705
761
787
855
849
783
776
763
775
767
769
905
767
905
783
907
781
910
921
807
862
925
787
865
873
786
785
850
780
785
805
806
808
972
971
957
982
949
981
939
968
939
967
928
966
914
934
916
853
903
887
1021
953
1025
912
994
993
992
957
927
916
1072
919
1074
913
1069
908
1019
965
1096
966
1100
1091
959
1077
983
959
1072
985
951
1034
954
952
973
950
1060
1045
988
1028
992
1021
1014
1006
1165
1003
1153
997
1121
1119
1096
1071
1227
1131
1239
1065
1169
1169
1146
1124
1126
1114
1092
1133
1101
1285
1278
1360
1337
1325
1311
1315
1296
1284
1259
1400
1253
1370
1232
1356
1350
1337
1310
1308
1270
1274
1273
1379
1471
1310
1393
1313
1356
1302
1342
1302
1868
1864
1820
1800
1796
1756
5
5
5
5
10
12
24
20
26
5
30
41
46
49
57
11
46
38
46
23
87
68
9
24
13
60
16
113
113
83
23
46
119
5
79
124
5
138
143
146
129
128
140
153
147
58
122
92
108
71
70
95
125
45
53
31
144
200
45
36
10
194
38
54
171
38
191
95
176
184
57
186
174
46
100
151
197
192
199
249
143
190
139
113
153
153
95
267
229
253
241
228
238
209
146
268
264
201
163
141
214
246
317
219
151
229
324
282
181
168
330
275
334
279
264
161
336
257
339
220
278
223
232
238
213
375
201
208
294
379
336
292
332
377
277
242
249
326
311
382
274
375
270
281
236
264
287
257
380
267
252
368
288
276
290
338
355
285
302
269
330
279
333
431
320
435
306
342
434
309
322
320
504
477
460
442
471
443
457
467
387
484
463
377
421
434
523
437
539
521
439
524
508
394
376
455
467
379
555
372
428
533
430
519
433
539
480
456
564
453
556
442
502
437
532
437
447
499
426
429
499
486
584
564
553
585
562
582
489
516
586
513
512
558
483
558
471
481
556
488
475
553
489
556
574
522
561
525
587
579
551
499
527
536
503
532
507
593
705
598
695
583
694
582
698
553
696
729
679
710
725
668
693
726
652
655
656
650
649
611
594
635
591
723
622
592
601
728
593
637
593
618
591
773
790
591
749
757
736
760
720
663
716
782
662
713
768
641
697
728
627
661
725
626
646
728
765
646
693
768
688
754
679
828
713
673
820
666
659
745
661
660
737
662
741
740
807
833
730
808
813
723
812
790
811
715
717
811
713
814
754
709
750
884
712
795
785
875
898
772
861
892
733
857
853
847
834
806
838
804
826
785
781
782
759
769
766
913
951
916
951
908
947
912
948
913
875
869
854
840
995
1017
988
944
1021
984
946
1019
978
943
1016
965
907
998
962
904
1002
962
876
985
925
853
986
924
968
920
961
916
960
905
951
900
940
900
903
901
1030
1073
979
1022
977
990
943
942
933
1065
929
1068
1050
1061
1043
1045
1013
1021
1011
976
978
973
970
1168
1171
1170
1148
1148
1151
1148
1111
1088
1087
1307
1272
1247
1236
1217
1211
1177
1166
1168
1162
1396
1278
1363
1337
1327
1306
1460
1283
1464
1464
1462
1461
1445
1448
1429
1394
1362
1526
1507
1479
1377
1365
1621
1621
1624
1623
1615
1605
1604
1572
1513
5
6
6
20
11
10
10
5
46
11
14
63
5
30
33
78
76
76
5
97
77
91
87
96
28
26
31
125
14
107
19
45
65
49
127
14
133
111
78
42
90
52
152
6
53
29
151
152
16
26
12
117
15
98
10
86
31
183
96
184
207
95
43
115
97
54
101
233
217
215
203
75
219
207
186
238
257
107
257
265
140
210
209
103
227
224
273
212
213
247
188
240
135
296
279
166
133
273
143
135
279
251
309
319
286
163
285
202
174
258
206
166
187
244
331
174
205
333
292
323
256
326
284
256
273
231
256
235
235
294
344
270
334
321
273
251
215
279
237
276
415
238
261
280
241
237
282
247
250
309
253
306
270
310
376
274
271
373
436
308
320
307
305
305
301
285
309
295
309
308
445
390
311
384
377
314
318
456
376
365
459
351
454
338
504
435
330
470
469
411
468
357
532
461
519
441
397
522
440
370
508
443
508
434
503
401
562
553
485
564
512
421
496
561
399
496
559
477
523
481
564
507
483
504
509
473
508
511
470
486
507
451
488
502
454
454
454
493
447
517
640
505
630
600
628
610
599
628
541
565
628
555
521
664
523
499
648
500
675
503
522
674
653
523
655
663
596
614
562
608
526
673
591
548
560
700
682
550
647
540
643
573
639
549
618
682
621
686
608
689
755
592
750
589
732
702
716
669
680
672
636
657
608
656
621
790
624
729
781
624
647
781
755
648
733
647
734
738
811
673
814
787
779
742
776
731
842
779
726
786
767
723
778
757
724
769
758
728
767
757
729
722
730
730
697
720
723
882
849
718
856
850
708
860
819
841
802
821
823
919
892
803
878
760
878
760
877
824
827
821
819
968
856
948
847
938
850
929
854
879
818
872
870
998
878
1001
831
1002
975
1018
948
1013
946
993
860
977
1020
954
994
875
1000
983
981
968
934
924
924
1138
1111
1064
1055
1034
1032
1022
1007
1162
1159
1097
1136
1095
1139
1082
1084
1083
1074
1083
1071
1079
1070
1062
1064
1209
1205
1179
1169
1172
1110
1282
1252
1234
1291
1232
1287
1220
1259
1223
1315
1239
1171
1293
1210
1265
1210
1265
1209
1269
1206
1343
1213
1181
1338
1205
1169
1339
1202
1342
1190
1321
1315
1301
1271
1268
1259
1396
1245
1398
1371
1364
1365
1306
1302
1309
1309
1303
1307
1455
1452
1403
1406
1388
1385
1354
1630
1622
1624
1596
1563
1543
1516
1516
5
5
5
6
17
17
6
46
42
58
6
18
16
79
64
22
54
62
77
57
60
48
24
12
109
33
74
21
118
53
79
116
60
50
137
31
50
153
97
48
142
65
120
170
85
147
161
125
15
85
122
116
28
58
186
96
169
57
35
135
101
148
39
201
151
37
218
129
70
63
62
236
139
138
67
234
169
241
171
221
79
188
181
271
129
200
141
235
235
281
121
233
216
182
290
182
269
171
237
168
157
219
297
274
197
330
273
229
308
226
174
288
225
299
326
223
327
180
271
327
169
287
182
315
286
219
318
285
283
262
274
262
284
374
256
264
243
266
246
407
238
345
242
248
244
340
426
244
420
415
313
386
382
299
368
355
247
294
377
427
295
289
303
431
300
419
305
388
470
296
448
478
446
380
458
366
446
495
367
441
313
349
327
508
327
524
332
371
467
352
434
478
497
438
545
412
460
461
448
419
516
419
439
387
408
394
462
517
533
440
499
575
463
500
401
432
474
427
429
458
557
488
493
452
461
448
463
434
522
611
510
554
597
577
570
539
522
539
484
537
510
656
512
543
652
532
640
487
532
577
522
531
576
491
534
578
589
558
562
691
564
523
696
547
518
699
537
620
529
697
607
684
635
624
718
611
623
595
721
586
679
583
673
571
669
672
565
676
679
632
677
603
717
659
699
661
721
661
687
696
633
675
700
616
704
680
691
666
679
630
652
810
725
624
810
768
730
755
649
733
703
786
698
851
775
839
763
845
793
745
791
839
740
750
799
733
754
790
719
754
708
753
766
699
754
744
899
738
894
742
893
722
854
722
838
828
827
883
858
819
803
923
822
762
923
793
761
855
793
830
785
821
776
815
931
795
936
853
790
910
840
784
898
834
897
827
894
909
830
891
877
810
848
860
851
857
842
861
819
976
843
957
959
962
1034
963
954
894
912
906
979
893
1066
882
1051
1047
1055
1044
1034
1029
1036
1010
1030
975
948
972
916
968
1089
971
1090
974
1079
949
1060
942
1063
1021
1025
1023
1066
1027
1061
969
1057
1010
1010
1013
1005
1218
1209
1206
1198
1154
1130
1129
1115
1322
1297
1312
1294
1312
1274
1280
1264
1253
1260
1250
1204
1238
1205
1202
1186
1200
1196
1193
1348
1338
1318
1295
1285
1273
1269
1258
1261
1256
1596
1575
1512
1502
1504
1460
1454
1450
1702
1693
1616
1618
1870
1698
5
6
5
5
5
27
31
24
25
40
18
24
48
52
16
6
13
33
34
29
94
32
72
30
112
46
98
91
121
132
97
103
133
103
34
145
94
69
92
82
143
22
79
135
131
135
166
89
127
87
91
118
116
179
194
90
109
88
196
90
132
184
176
130
106
134
98
192
138
218
175
232
149
145
236
243
129
239
105
163
260
253
130
240
232
250
246
211
208
224
247
229
237
266
159
235
231
202
260
194
289
206
204
241
154
228
183
320
171
207
315
154
212
292
305
208
212
251
227
307
208
229
353
298
186
355
350
283
302
281
308
283
352
351
278
353
310
303
233
284
394
293
309
271
399
306
401
265
278
400
395
362
275
312
399
314
386
286
410
338
290
464
341
418
337
416
333
392
358
381
337
335
357
489
477
339
472
337
465
335
377
501
474
348
404
338
369
380
414
409
366
406
380
367
377
415
377
528
490
501
455
502
497
538
463
484
467
504
467
552
440
468
482
417
466
489
566
488
559
605
490
537
584
538
567
488
494
559
492
501
597
479
632
605
632
487
630
593
632
613
569
617
604
533
603
503
669
671
668
638
633
659
641
623
626
667
528
649
617
639
619
709
631
619
693
625
620
594
624
640
579
624
604
680
662
614
669
619
606
620
582
620
704
590
587
673
687
590
676
616
679
596
698
678
691
673
679
644
682
632
759
641
742
621
740
708
726
709
703
684
652
701
685
645
650
664
680
651
835
687
839
684
713
793
676
714
751
676
682
740
865
858
833
766
741
820
714
822
812
904
811
905
813
892
795
888
747
783
888
747
780
859
768
841
751
837
885
826
865
811
866
772
899
864
775
854
852
856
836
833
802
873
854
824
856
827
957
820
947
962
823
948
951
825
918
918
907
921
907
896
880
883
884
848
880
877
1027
1009
984
976
978
973
944
939
942
923
932
930
926
930
934
1097
918
1090
1059
1098
1103
1084
1074
1024
1042
1073
1019
1034
1001
1068
1068
1123
1035
1109
1034
1093
1097
1017
1085
1065
1060
1033
1061
1012
1058
1004
1057
1001
1132
1056
998
1134
1050
1125
1034
1111
1009
1115
1118
1079
1075
1067
1047
1041
1043
1246
1225
1196
1174
1162
1137
1140
1142
1141
1136
1392
1396
1349
1349
1311
1243
1361
1353
1291
1292
1606
1595
1599
1600
1593
1570
1573
1577
1574
1571
1559
1561
2325
2297
2292
2284
2288
2249
2253
5
5
5
5
6
16
10
19
12
31
63
59
75
48
10
71
67
88
50
70
71
94
84
107
94
65
10
89
94
57
83
135
133
65
26
136
85
34
143
20
107
103
9
141
16
155
110
138
115
140
137
156
116
181
96
135
81
76
139
141
121
121
160
86
93
194
77
186
182
93
185
131
181
96
91
74
92
221
192
174
191
236
169
161
137
158
209
124
179
253
128
171
124
244
117
299
184
288
244
262
175
266
247
268
184
317
272
260
181
263
293
267
175
225
255
339
244
205
234
255
218
350
296
347
226
271
275
297
237
268
204
308
260
373
363
375
319
372
315
361
316
255
340
254
407
336
400
302
338
297
435
421
299
346
289
270
274
421
330
273
279
400
441
436
426
407
428
334
391
416
344
414
417
345
421
415
485
360
352
442
453
419
496
422
414
497
413
401
449
363
403
450
399
382
403
411
457
384
376
370
424
512
370
427
373
390
407
523
413
404
409
408
421
427
573
419
580
430
405
418
470
560
473
560
527
562
523
603
521
567
518
575
566
462
560
556
550
485
462
543
611
490
556
622
629
552
611
607
668
596
657
593
552
654
557
644
550
567
554
618
627
523
631
526
584
633
527
626
529
635
623
614
623
583
609
555
596
614
580
587
599
570
571
569
575
573
745
570
746
571
749
726
752
697
633
739
655
653
640
738
641
719
661
640
681
630
613
658
611
622
610
695
684
801
636
757
746
643
775
747
651
767
749
734
752
723
747
719
737
708
838
698
827
830
699
825
677
770
803
759
803
761
783
758
784
758
763
842
747
730
846
733
819
875
733
866
863
774
761
752
825
817
886
800
876
919
793
843
915
846
890
789
878
907
790
855
784
856
910
956
870
799
895
873
874
866
842
859
829
857
881
858
831
972
839
1008
1002
943
938
1034
1044
998
1027
977
1026
922
1007
1074
1010
1072
988
1028
967
1006
942
1010
995
1058
945
1036
1026
1017
967
969
960
1031
1019
1005
1216
1203
1168
1155
1144
1139
1135
1107
1084
1283
1262
1260
1261
1251
1255
1251
1230
1141
1202
1157
1207
1202
1173
1177
1432
1436
1440
1442
1443
1431
1434
1421
1418
1417
1404
1394
1387
1379
1376
1330
1326
1517
1514
1475
1470
1841
1759
1707
1705
1704
1951
1951
1950
1947
1943
1914
1986
1989
1987
1961
1952
1938
1939
1937
1913
1872
2025
2023
1941
1906
1905
1909
5
5
5
6
13
29
11
11
5
44
26
38
46
46
70
67
35
72
20
100
94
70
42
80
42
39
117
95
54
92
136
108
6
98
118
126
98
5
109
74
22
112
122
57
83
18
55
6
130
22
163
113
187
168
183
156
198
202
205
194
183
179
171
131
167
54
119
138
197
68
167
178
74
116
263
211
86
180
254
262
248
184
206
235
202
101
189
170
262
289
175
147
283
145
134
251
189
241
277
234
179
327
187
316
177
183
180
287
285
345
317
261
319
319
256
323
367
303
332
343
344
251
286
235
273
216
250
331
398
397
326
233
373
333
265
327
286
319
326
290
305
266
288
262
281
405
368
252
338
351
258
345
334
462
328
261
465
317
443
461
299
400
472
444
406
431
487
385
486
402
438
389
389
496
470
387
447
381
447
462
435
377
466
423
362
337
404
396
346
461
376
449
365
485
362
477
455
519
449
477
497
428
488
420
458
467
390
406
466
390
547
429
565
493
560
570
481
433
465
428
459
439
426
447
445
455
622
495
627
534
522
547
531
523
501
529
522
473
470
470
566
472
670
485
581
618
529
614
509
601
668
569
584
668
566
578
676
534
569
647
550
685
549
681
658
544
685
516
671
657
662
654
666
602
668
608
663
579
660
618
565
654
602
553
647
601
683
572
573
575
648
579
605
712
755
608
704
728
704
675
687
696
637
622
659
641
621
638
615
620
639
614
616
618
615
620
690
694
695
680
681
833
666
824
656
769
657
762
842
761
837
692
843
841
787
845
780
847
692
773
815
809
745
785
785
736
789
757
725
765
765
918
764
899
884
902
870
865
897
862
869
854
862
862
836
827
842
812
781
801
816
797
815
801
807
782
929
954
908
926
825
848
927
827
839
890
823
849
849
859
856
862
1039
933
928
928
897
895
897
880
881
884
1081
1009
1007
969
965
1120
961
1120
947
1124
1099
1075
1038
1023
1132
954
987
1098
961
1085
963
1073
1138
1191
1130
1155
1128
1143
1134
1142
1089
1139
1093
1142
1069
1141
1091
1058
1038
1247
1235
1236
1235
1190
1161
1160
1282
1087
1150
1282
1118
1280
1096
1267
1232
1221
1225
1217
1217
1185
1144
1245
1241
1232
1478
1475
1456
1458
1418
1383
1378
1360
1340
1330
1329
1459
1424
1400
1398
1550
1552
1554
1548
1557
1541
1514
1527
1509
1525
1501
1514
1490
1516
1487
1507
1464
1508
1473
5
6
9
15
20
23
24
15
40
12
36
56
33
9
35
27
6
57
49
82
15
41
35
50
8
57
70
48
56
18
9
123
109
92
86
58
37
62
17
160
119
136
83
15
67
57
47
162
86
102
11
169
88
5
5
166
170
71
126
164
202
199
214
191
218
76
79
214
217
57
61
171
174
212
167
60
246
153
157
170
69
184
160
167
144
278
266
250
253
251
178
256
212
136
226
152
109
137
248
251
230
245
276
212
275
318
214
299
299
227
313
247
287
218
199
180
338
281
344
209
292
328
318
235
280
277
231
326
189
200
192
291
271
342
263
267
342
320
307
290
247
316
284
302
264
299
381
333
336
342
368
336
308
303
428
251
279
257
314
453
260
309
405
387
386
368
394
306
467
390
465
486
455
398
461
462
389
366
388
381
318
362
446
357
461
464
408
433
465
396
387
434
401
386
434
428
382
397
416
366
540
404
523
540
406
494
542
447
388
456
434
391
453
429
418
391
434
390
388
565
412
549
395
538
513
564
517
563
577
508
540
522
473
541
517
454
507
478
480
502
564
488
534
547
487
483
487
482
477
556
540
586
483
603
587
607
525
617
563
529
575
504
523
570
500
526
533
559
520
526
522
530
538
520
519
510
520
671
523
669
597
725
564
723
564
710
547
696
674
666
648
644
702
579
696
583
629
573
586
775
777
778
777
754
778
747
724
710
722
710
649
705
698
653
693
693
636
683
653
637
687
643
625
637
681
659
842
850
856
866
865
878
856
871
869
857
838
877
845
847
807
742
807
744
834
737
880
856
930
831
901
931
867
913
847
880
801
878
852
788
870
808
776
844
804
839
780
784
828
853
829
850
792
854
818
801
1010
977
972
919
969
961
903
938
952
873
940
950
852
899
954
850
895
938
846
890
887
860
1068
1045
1028
1072
1038
1004
1076
1034
967
1079
1026
958
1055
1028
925
1053
1030
1002
1030
992
1013
995
1015
964
984
985
972
969
960
956
950
1127
1130
1098
1085
1059
1049
1044
1019
1019
1000
1004
1214
1153
1140
1138
1232
1128
1115
1232
1118
1234
1075
1228
1075
1219
1215
1183
1184
1183
1180
1134
1301
1217
1199
1136
1299
1286
1274
1264
1205
1374
1369
1360
1339
1315
1275
1272
1446
1437
1436
1435
1432
1415
1374
1359
1352
1530
1525
1501
1492
1424
1423
1404
1391
1893
1867
1771
1766
1751
1750
1738
5
5
6
9
9
9
35
37
29
24
59
21
64
51
17
30
61
14
11
77
94
79
98
95
90
113
116
84
107
96
99
8
19
113
68
148
34
118
58
53
10
156
129
11
90
172
152
67
94
192
179
110
102
139
179
119
80
91
218
202
88
192
58
151
187
203
188
151
180
112
151
148
180
152
147
119
131
124
162
271
165
198
133
114
278
265
125
270
261
258
217
252
291
230
229
140
166
257
308
300
279
211
275
215
268
306
304
250
258
272
243
261
272
263
256
252
247
234
251
246
253
214
341
232
185
199
246
215
371
243
197
357
252
252
291
221
287
215
402
271
392
347
370
367
238
341
406
278
275
405
352
272
400
358
284
254
313
405
452
294
359
453
275
450
314
325
432
292
422
431
476
441
429
415
425
465
419
411
419
389
413
389
365
496
388
468
495
386
486
390
384
381
372
375
456
467
433
484
362
474
399
469
389
467
392
377
442
388
427
403
511
425
406
511
402
458
503
402
459
500
591
434
495
567
490
408
500
476
488
428
603
472
425
562
606
538
560
597
454
558
501
448
518
498
446
493
557
512
497
516
481
656
472
630
567
594
537
540
646
541
650
582
533
641
554
627
597
532
629
592
498
609
584
611
534
600
670
661
605
641
601
606
598
560
605
561
585
587
569
591
569
593
739
641
725
631
711
692
620
777
697
770
776
762
773
777
721
697
720
721
756
708
754
697
818
699
784
669
768
819
821
709
804
703
717
808
719
804
692
763
707
677
764
732
816
879
735
792
869
856
773
715
767
731
773
728
775
738
912
842
910
829
914
836
879
830
930
860
831
920
843
819
915
810
816
913
806
910
808
843
959
808
842
891
798
822
884
792
859
835
999
837
979
828
907
819
904
1015
896
1001
879
989
870
983
869
981
867
976
853
963
1017
959
1006
942
920
928
896
917
915
898
1097
1082
1098
1074
1056
1072
1018
1067
1001
1029
994
1007
994
968
996
964
1124
1111
1067
1045
1083
1075
1069
1029
1012
1189
1190
1142
1111
1105
1069
1277
1272
1219
1194
1184
1165
1161
1155
1314
1297
1301
1301
1265
1221
1216
1216
1335
1329
1301
1296
1290
1289
1276
1231
1234
1410
1386
1371
1364
1445
1360
1433
1336
1432
1328
1415
1310
1386
1301
1387
1299
1381
1381
1380
1366
1339
1300
1473
1444
1442
1439
1439
1429
1432
1428
1417
1404
1393
1371
5
5
10
5
5
14
5
19
13
5
32
15
26
27
48
31
44
58
74
94
15
67
28
53
33
92
33
73
80
106
66
83
127
31
140
37
141
115
103
98
145
108
133
115
139
136
107
134
107
110
132
126
92
98
150
73
120
139
102
189
166
172
133
112
63
137
61
72
136
117
124
177
106
220
105
69
57
208
209
141
87
199
124
208
94
147
231
248
151
196
195
137
201
190
126
185
209
134
133
212
198
242
231
216
299
189
155
160
249
149
166
211
168
286
279
299
317
278
352
232
189
232
289
298
263
291
264
283
283
337
282
266
330
199
329
347
295
306
399
278
330
277
303
301
385
364
263
375
353
316
390
295
291
316
363
247
366
419
361
413
451
421
362
337
415
335
271
404
329
377
436
319
433
359
373
419
315
477
444
309
475
363
496
444
476
509
504
480
507
469
516
460
503
512
464
394
369
443
398
411
400
408
397
404
499
399
400
503
378
558
370
555
471
376
479
568
472
563
451
547
515
606
460
514
565
578
506
556
501
485
585
498
467
572
485
463
434
449
489
576
490
575
624
461
547
588
516
467
558
555
655
639
531
627
479
476
628
596
605
683
521
599
635
492
601
573
631
595
575
515
554
551
526
554
694
625
532
682
585
674
585
617
585
592
613
587
574
614
589
714
548
703
697
701
684
688
684
682
588
615
686
745
676
727
594
685
669
781
619
671
764
768
764
759
729
769
754
731
754
699
757
728
651
758
724
734
834
711
706
836
653
699
835
655
697
812
658
791
660
761
663
771
760
767
756
742
722
839
746
708
839
726
840
699
843
811
790
765
754
764
749
756
724
721
725
778
940
921
771
924
921
914
919
758
909
895
860
894
808
925
883
807
924
887
811
864
863
983
805
982
821
960
803
965
941
891
935
890
915
966
877
841
969
853
831
950
841
833
917
832
900
843
920
921
1006
916
999
892
995
996
891
977
893
965
963
930
928
925
915
911
912
1119
1123
1125
1107
1100
1102
1142
1093
1131
1072
1087
1043
1065
1046
1051
1046
998
1043
1006
1200
1189
1182
1182
1169
1170
1159
1162
1102
1101
1078
1171
1132
1118
1105
1106
1109
1351
1329
1314
1299
1300
1292
1284
1288
1245
1226
1230
1440
1428
1422
1402
1328
1308
1278
1282
1490
1408
1406
1403
1394
1370
1372
1560
1531
1508
1494
1476
1460
1726
5
5
32
5
28
25
26
48
49
24
62
47
51
77
54
41
57
44
54
55
51
60
100
100
95
108
72
86
112
91
14
93
54
139
131
28
115
35
35
156
19
31
166
132
134
22
154
106
122
152
68
114
28
26
150
186
13
191
137
189
82
156
180
86
188
116
79
140
42
92
214
184
151
234
191
160
123
173
88
219
147
83
169
251
260
267
266
258
163
186
139
277
271
276
255
244
144
234
203
134
235
203
291
239
277
131
198
251
188
258
304
185
134
144
210
213
213
201
309
265
218
315
171
277
312
362
370
272
294
270
378
367
292
377
266
375
388
291
303
388
239
248
301
409
304
249
306
270
259
265
256
439
410
416
435
340
385
438
305
372
276
374
467
289
469
467
448
288
470
377
388
474
326
365
460
474
351
444
338
378
372
509
501
424
514
475
461
451
515
449
454
445
542
418
499
409
515
469
511
409
474
383
566
475
490
534
443
490
388
473
431
457
454
429
460
421
444
463
413
441
463
578
597
424
579
578
444
445
424
577
427
605
555
567
586
549
570
532
562
593
535
539
590
536
539
569
534
529
523
521
506
533
654
636
518
635
630
503
572
598
507
585
541
558
562
523
565
637
557
619
620
537
591
700
535
569
566
627
608
668
672
670
619
698
672
701
669
694
622
663
682
622
622
672
622
622
661
623
609
654
732
609
651
736
623
709
622
710
597
694
736
703
693
669
679
688
644
624
629
623
628
811
765
636
810
755
804
818
765
642
819
767
839
815
719
817
765
712
815
744
697
787
746
677
781
671
743
757
851
708
739
703
821
740
735
822
720
712
795
882
786
869
789
732
767
730
760
759
834
743
823
900
903
894
891
903
974
880
865
864
847
840
829
854
981
823
980
825
839
1011
832
1013
988
1007
983
1001
956
955
903
1001
941
970
909
861
950
911
856
938
888
889
886
915
897
980
1026
932
959
911
958
910
939
914
914
912
1122
1059
1119
1027
1115
1027
1119
1026
1094
1022
1083
1003
1080
973
1014
1012
1009
995
1236
1229
1223
1230
1197
1233
1180
1222
1169
1136
1150
1129
1153
1131
1150
1128
1130
1103
1091
1331
1332
1332
1268
1254
1360
1338
1301
1272
1260
1264
1218
1204
1486
1479
1500
1452
1500
1413
1489
1400
1455
1387
1443
1350
1407
1350
1396
1354
1385
1382
1671
1669
1627
1620
1614
1588
1709
1662
5
5
5
6
6
6
23
11
44
43
64
39
63
33
16
56
83
55
94
100
103
93
92
65
114
119
89
54
123
56
80
115
108
68
138
125
6
83
82
153
90
92
183
11
169
138
163
94
15
184
101
210
165
213
138
129
142
105
120
201
196
105
126
187
110
122
231
247
219
234
122
127
240
103
223
265
97
129
177
89
208
266
173
172
289
250
287
151
303
105
148
146
288
138
150
313
151
254
183
230
226
267
325
204
146
220
153
155
326
215
260
214
221
239
166
213
243
350
374
353
333
373
333
323
342
241
273
302
195
297
250
351
403
251
352
403
212
373
358
336
375
281
338
376
270
434
259
363
413
444
349
402
338
346
358
349
332
454
335
339
458
331
317
320
409
428
469
328
423
406
416
368
396
356
375
358
314
378
345
363
316
383
341
369
482
345
405
471
394
461
435
371
447
412
364
444
383
526
414
357
409
518
532
509
535
503
506
400
496
510
575
455
489
561
452
488
558
452
416
561
454
515
453
600
515
437
593
511
421
568
508
419
557
507
533
467
481
451
472
438
603
579
564
570
560
576
607
491
572
487
654
546
505
623
592
504
589
485
588
566
564
580
544
663
574
532
533
634
519
528
631
689
622
693
607
697
626
607
701
608
582
701
581
704
646
585
706
643
580
702
578
584
700
716
721
703
695
682
721
684
672
697
684
656
687
660
685
651
690
686
633
651
679
611
615
675
612
611
633
620
660
709
817
670
824
803
672
828
784
786
711
751
681
676
668
666
807
849
803
832
760
839
827
762
824
827
730
821
830
838
816
825
839
820
811
833
810
751
826
796
732
820
797
817
773
805
728
775
856
779
857
922
783
842
912
817
915
810
852
800
848
826
886
962
875
859
844
853
843
837
788
828
832
805
1007
991
961
963
932
916
903
850
1058
911
1053
880
1053
1020
1030
1020
1026
1005
1021
989
994
994
992
1001
930
979
951
1103
942
1101
1093
1093
1053
998
998
978
1155
1138
1124
1072
1048
1044
1029
1189
1031
1192
1032
1179
1024
1176
1177
1178
1159
1128
1231
1121
1157
1096
1126
1082
1121
1065
1123
1055
1104
1101
1101
1264
1238
1233
1200
1204
1191
1165
1131
1125
1315
1306
1295
1278
1262
1262
1249
1238
1195
1373
1345
1336
1313
1285
1280
1252
1226
1386
1354
1309
1299
1249
1520
1524
1511
1486
1480
1458
1449
1450
5
6
5
5
6
6
5
19
40
26
6
39
15
55
14
14
19
79
19
47
92
22
9
95
31
87
32
81
12
79
102
118
128
119
105
34
88
106
71
11
135
73
36
59
6
58
171
50
74
41
46
153
167
81
168
84
79
88
177
163
187
166
168
31
136
110
83
99
95
118
210
222
123
198
164
172
109
137
87
130
145
141
245
241
97
133
87
91
127
277
104
250
280
160
297
277
292
280
245
290
220
219
196
197
292
159
150
266
186
250
189
324
179
234
265
295
166
240
285
315
279
233
277
235
270
229
252
282
247
280
314
248
259
311
211
252
204
303
227
291
252
269
228
235
408
334
230
298
386
248
283
415
327
408
430
314
388
420
409
385
359
410
344
359
333
335
385
317
308
380
312
358
298
315
361
311
359
441
338
481
425
341
480
328
415
452
322
366
435
424
363
427
431
328
434
419
526
384
417
344
531
390
541
530
363
542
516
534
532
477
519
513
479
515
516
459
494
510
435
486
477
405
555
473
392
460
477
539
455
528
546
478
429
477
475
445
463
441
463
465
460
458
445
462
458
594
451
565
470
566
638
553
604
469
557
476
622
548
477
626
544
552
594
511
583
610
505
585
487
501
603
601
639
687
601
636
691
589
636
599
577
599
603
544
578
600
534
571
600
604
551
601
602
586
722
581
721
565
710
711
688
660
691
596
678
584
655
651
750
755
651
599
767
693
677
752
769
724
697
679
759
751
696
752
736
791
728
768
841
682
757
782
683
687
754
690
770
721
850
772
682
854
695
846
688
839
733
735
871
842
872
712
824
861
711
808
829
801
718
792
742
742
729
746
832
737
810
843
811
836
796
827
764
826
875
809
873
808
872
875
845
962
845
905
829
868
806
862
803
862
854
848
994
824
988
976
984
1014
979
1016
968
999
955
999
940
998
911
989
905
980
982
1070
983
1060
1049
954
1061
1016
939
1060
986
928
1016
939
923
1019
913
922
1016
919
1005
1009
996
942
1065
1022
1020
990
1090
1061
1058
1045
1035
1014
993
981
1057
1194
1195
1169
1157
1155
1143
1136
1133
1129
1282
1271
1210
1179
1176
1153
1148
1149
1399
1384
1362
1364
1358
1424
1348
1422
1303
1414
1418
1383
1356
1350
1312
1465
1316
1464
1449
1432
1378
1368
1367
1352
1513
1471
1847
1828
1803
1762
1765
1769
1741
1730
1714
1709
5
5
14
39
43
20
49
56
54
63
61
78
16
64
43
82
51
15
6
22
53
74
108
101
84
96
82
75
43
67
70
25
22
124
104
113
68
113
73
119
152
176
150
130
171
88
162
137
73
175
72
139
135
11
157
134
212
83
214
158
160
164
83
83
122
229
73
186
148
59
96
121
109
229
95
216
152
82
120
116
145
217
90
199
285
188
200
105
268
114
292
191
294
184
187
169
305
148
130
197
130
185
130
310
291
314
294
291
200
327
280
346
291
285
241
290
273
349
353
268
317
354
272
225
327
259
222
329
280
295
279
309
333
309
288
276
378
307
325
258
311
354
313
304
325
240
441
444
412
321
376
358
310
330
288
346
287
461
306
278
294
420
467
472
379
474
472
327
475
465
322
314
465
411
440
399
418
341
346
495
397
345
404
329
415
448
326
396
455
535
458
483
391
454
463
455
388
444
422
437
411
425
363
414
421
364
415
393
430
406
389
407
391
566
405
525
524
388
486
525
490
488
597
483
484
437
487
422
438
478
417
413
422
603
590
585
609
528
607
502
608
539
487
603
514
480
596
495
472
586
482
588
477
591
470
670
587
584
572
578
556
518
546
533
508
528
515
708
670
602
708
673
571
569
674
548
630
526
632
579
694
597
535
656
599
639
579
638
723
640
572
717
599
571
713
583
565
619
761
610
739
580
729
719
592
695
594
702
619
798
611
756
758
748
805
807
745
799
794
748
803
791
735
787
741
718
786
738
706
784
696
671
785
692
789
684
761
659
734
699
686
802
803
795
894
701
887
890
843
863
835
890
838
793
854
819
781
777
787
775
761
939
907
926
926
827
925
812
873
815
816
872
798
866
804
801
802
963
800
805
934
798
926
922
978
925
978
912
985
891
913
982
881
896
920
864
894
843
882
860
877
856
856
1037
857
1020
991
946
934
928
893
1047
1039
1017
1012
987
968
947
930
1186
1179
1136
1208
1135
1212
1134
1205
1138
1191
1119
1194
1028
1151
1140
1099
1067
1057
1235
1207
1065
1176
1171
1130
1127
1124
1312
1252
1302
1256
1240
1168
1240
1176
1317
1202
1306
1188
1308
1175
1294
1179
1248
1180
1190
1184
1365
1365
1330
1369
1331
1318
1335
1311
1334
1294
1318
1288
1319
1291
1308
1259
1277
1244
1262
1237
1240
1618
1602
1573
1550
1550
1545
1536
1519
1485
1730
1681
1666
1579
1582
