11
15
16
24
30
65
69
86
90
91
95
99
102
103
107
112
112
119
120
123
126
130
134
134
142
140
146
147
147
152
156
153
156
161
162
165
168
168
173
173
171
177
174
180
181
179
189
191
194
195
199
194
203
206
202
213
213
218
218
223
223
228
232
233
235
236
238
242
244
245
249
247
251
261
265
266
270
271
275
277
281
282
286
287
291
293
295
301
305
305
309
312
313
312
320
320
325
325
330
332
334
337
336
338
342
346
347
348
351
355
355
353
363
369
372
373
374
379
382
383
387
392
391
393
397
394
397
403
407
405
412
409
412
414
419
418
420
422
434
432
438
442
437
437
442
443
455
459
453
465
457
457
471
475
465
475
472
476
489
479
480
494
500
502
504
495
508
501
500
522
512
526
515
519
519
537
541
545
533
536
551
556
540
544
565
548
571
552
575
576
581
566
585
567
575
594
579
578
587
591
592
595
624
628
605
609
611
636
641
641
619
646
626
624
652
658
662
641
666
669
644
648
678
652
657
656
666
701
670
676
684
712
684
690
688
723
692
698
702
738
748
752
718
759
756
730
770
769
773
782
777
747
751
755
795
799
807
803
807
811
815
819
823
827
831
835
839
843
5
9
13
17
21
25
5
9
13
5
9
13
17
5
9
13
17
21
25
29
33
37
41
5
9
5
9
5
9
5
9
5
9
13
5
9
13
17
21
25
29
5
9
13
17
21
25
10
14
36
40
44
48
8
12
16
20
24
5
13
17
16
20
5
9
7
18
11
12
31
21
25
38
29
47
51
40
55
59
65
69
16
20
22
26
31
18
22
5
9
5
9
5
9
13
5
9
13
19
23
12
16
20
5
9
5
9
13
17
21
5
9
5
9
5
9
5
9
5
9
5
9
13
17
21
25
29
33
37
41
5
9
5
9
13
17
5
9
5
9
13
22
26
35
5
9
5
9
13
5
9
5
9
5
9
5
9
13
16
17
5
9
5
14
16
11
15
36
5
9
5
7
11
16
20
24
30
5
9
5
9
5
9
6
10
14
18
22
26
30
5
9
13
17
5
9
5
9
5
9
5
9
5
9
13
5
9
5
9
13
17
5
9
7
11
17
12
16
5
9
5
9
5
15
21
25
29
33
37
41
45
49
53
5
9
13
17
5
9
13
17
5
9
13
5
9
5
9
5
9
13
17
5
9
5
9
5
9
13
5
24
9
21
25
5
9
5
9
5
9
13
17
21
5
9
13
5
9
5
9
13
5
9
15
13
17
5
9
5
9
13
17
21
25
29
33
37
41
45
49
53
61
5
14
18
71
75
19
23
27
31
35
5
6
15
10
18
22
25
26
25
33
5
9
5
9
15
15
30
34
22
5
6
11
37
41
16
45
26
49
59
63
46
67
54
5
9
13
5
9
5
9
13
5
14
18
20
22
28
5
9
13
17
5
9
13
17
5
9
13
17
21
11
15
16
26
30
5
9
5
9
5
9
5
9
5
9
13
5
11
5
20
11
15
24
33
30
34
5
9
5
9
5
9
17
21
15
25
40
40
44
5
9
5
9
5
9
5
9
5
9
13
17
21
7
11
32
21
25
47
29
33
37
41
45
49
53
57
61
65
9
13
76
5
29
9
34
100
104
108
118
122
20
126
30
137
141
145
149
153
157
161
165
169
173
8
12
184
13
17
198
202
206
210
214
218
222
226
230
234
238
242
246
250
254
11
15
265
21
5
276
9
284
5
9
5
9
5
9
5
9
5
9
5
9
5
9
5
9
13
14
18
28
32
36
5
9
13
17
21
5
21
25
27
5
9
7
11
15
5
9
13
17
5
9
5
9
18
19
23
5
9
5
9
7
11
15
19
23
27
31
37
12
16
5
9
5
9
5
9
13
17
5
9
13
17
11
15
28
23
27
18
46
50
29
44
48
5
9
5
9
5
9
5
9
5
9
13
5
9
5
9
5
9
5
9
5
11
15
12
16
5
9
5
9
5
9
13
17
21
5
9
13
22
5
20
24
28
22
48
52
56
5
9
5
9
5
9
13
17
5
9
5
11
15
16
20
5
9
13
5
9
5
9
13
5
9
7
11
15
5
9
13
5
9
5
9
13
5
9
5
9
5
9
6
10
5
9
11
15
20
29
33
30
37
38
42
5
9
5
9
5
9
5
9
13
17
5
9
13
17
5
13
17
21
5
9
5
9
13
17
21
5
9
13
17
21
25
5
9
13
6
10
14
22
15
19
5
9
13
17
21
25
5
9
5
9
5
9
5
9
5
53
57
62
66
70
74
78
100
104
105
109
119
123
124
128
130
134
144
148
152
156
160
161
167
171
181
185
186
191
193
197
201
206
205
208
212
211
215
219
220
224
226
230
232
234
240
241
245
247
249
254
255
260
261
266
268
272
274
278
282
282
284
285
288
290
290
297
300
301
304
301
308
309
312
310
316
318
317
325
326
321
331
333
334
341
342
343
345
346
345
340
349
357
348
357
362
361
364
366
372
362
376
376
380
370
386
390
381
395
394
401
405
406
409
409
413
415
418
423
427
428
428
432
435
435
439
442
445
445
449
451
453
458
459
462
460
466
468
472
469
473
478
482
483
495
499
501
505
509
509
517
521
520
525
525
531
535
537
539
543
540
552
558
556
555
560
566
564
574
574
578
581
582
591
595
595
599
598
602
606
610
614
618
622
626
630
634
638
642
660
646
655
672
659
676
681
685
672
689
695
681
685
700
691
715
695
711
723
726
715
741
719
755
759
770
774
778
782
761
765
769
773
777
781
785
789
793
797
801
805
809
813
817
821
825
829
833
837
841
845
849
853
857
861
865
869
873
10
14
886
890
894
898
902
906
910
914
918
922
926
930
934
938
942
948
952
12
1036
1040
30
1046
980
41
984
988
992
10
14
1003
1007
1011
1015
1019
1023
1027
1031
1035
1039
1043
1047
1051
1055
1059
1063
1067
1071
1075
1079
1083
1087
1091
1095
1099
1103
1107
1111
1115
1119
1123
10
14
1134
1138
1142
1146
1150
1154
1158
1162
1166
1170
1174
5
9
5
9
5
9
13
17
21
25
29
33
37
41
5
54
9
60
21
25
5
9
13
17
21
25
29
33
37
5
9
5
9
5
6
14
10
20
16
27
31
5
9
13
17
5
9
13
5
9
5
9
5
9
13
17
5
9
5
9
5
9
13
17
21
5
9
13
5
9
5
9
10
14
24
28
32
6
10
46
50
21
59
63
36
67
48
5
82
86
14
90
67
94
98
102
106
110
114
118
122
126
130
5
9
5
9
5
9
13
17
5
9
13
17
21
9
13
32
23
48
52
56
60
64
68
72
76
80
5
9
10
14
15
20
26
30
34
38
42
46
50
54
58
62
5
9
5
9
13
17
21
25
9
13
36
40
44
48
5
9
5
9
5
9
6
10
14
21
25
29
18
33
37
43
47
35
45
63
5
9
5
9
5
9
13
5
9
5
9
5
9
13
19
23
16
5
51
9
49
57
61
65
69
73
77
81
85
89
93
97
12
5
111
115
15
119
29
24
28
130
58
62
167
171
9
175
75
79
18
186
190
89
194
33
38
200
104
108
18
112
219
223
227
36
233
40
135
15
140
53
11
252
15
35
10
163
14
265
271
275
176
11
15
17
195
10
5
299
30
38
315
26
37
41
5
9
5
9
5
9
13
17
5
9
5
9
13
5
9
5
9
13
19
5
16
20
12
34
38
42
46
50
54
5
9
13
17
21
25
29
33
11
15
47
51
55
59
63
67
71
75
79
83
87
91
95
99
103
107
111
9
13
122
126
130
11
15
141
145
149
153
157
161
165
169
173
177
186
190
20
194
33
37
209
41
219
223
52
12
16
67
71
244
248
252
256
260
264
268
272
276
280
284
288
292
302
306
20
29
320
5
9
13
5
9
5
9
13
5
9
5
9
5
9
13
5
9
13
5
9
13
17
21
25
29
33
37
41
45
5
9
5
9
5
9
5
9
13
17
5
9
13
17
21
27
31
14
47
51
35
55
59
63
67
71
5
11
15
16
22
26
16
20
24
28
32
36
40
44
48
52
56
60
8
5
71
75
20
79
21
83
89
93
34
99
103
45
107
111
5
11
15
13
5
26
9
34
38
25
5
9
13
5
9
5
9
5
9
5
9
13
5
9
5
9
5
9
5
9
13
17
5
9
13
5
9
13
17
5
9
5
9
13
5
9
5
9
5
9
13
17
5
9
5
9
13
5
9
13
5
9
5
9
13
5
9
13
5
9
5
9
13
8
12
24
28
5
9
5
9
5
9
9
13
5
9
9
13
5
9
13
5
9
5
9
13
17
23
27
13
17
5
9
13
17
5
9
5
9
5
9
5
9
5
9
5
9
8
14
18
13
25
36
40
44
5
9
7
11
5
9
13
5
9
5
9
5
9
13
5
9
5
9
5
9
5
9
5
9
7
11
5
9
5
9
13
16
17
5
11
15
19
5
9
13
17
5
15
17
21
5
9
5
11
15
13
23
31
35
39
43
47
51
55
59
63
67
71
75
79
5
9
5
9
7
11
17
15
19
23
5
9
5
9
13
17
21
53
57
62
66
70
74
78
100
104
105
111
115
115
119
123
121
124
126
132
136
135
137
139
141
139
144
149
151
149
148
155
157
163
161
167
168
166
177
173
184
188
184
191
192
196
201
202
201
206
207
211
214
215
223
226
230
231
232
236
236
237
241
247
245
248
249
254
255
258
259
256
262
265
261
265
269
269
273
273
278
281
291
288
295
298
302
301
303
307
302
310
314
308
317
312
318
316
325
333
335
337
338
331
338
344
335
348
351
352
354
359
358
351
365
368
363
358
374
377
378
379
384
371
388
389
393
396
397
393
406
398
410
411
415
413
419
422
410
426
419
424
422
428
441
440
441
446
446
452
457
452
461
462
463
468
467
471
470
473
475
470
478
481
485
486
480
488
484
490
497
497
501
503
494
507
506
512
516
518
517
522
513
529
526
532
536
525
534
540
544
545
533
542
546
543
550
547
561
556
560
557
578
584
582
571
590
588
583
592
599
586
587
590
609
613
615
617
610
601
621
607
612
608
611
634
616
619
620
639
620
643
638
642
634
646
660
664
665
654
669
647
652
656
653
663
672
665
689
671
669
682
678
687
707
691
685
681
714
712
702
706
696
721
705
709
731
713
724
717
719
729
752
756
726
730
740
762
746
750
744
777
754
782
786
754
790
758
770
774
769
778
807
808
812
812
776
789
793
826
797
794
833
798
836
808
841
806
816
848
823
827
821
830
834
842
847
9
888
845
892
853
861
857
28
872
876
887
880
890
943
894
905
903
907
925
929
970
933
925
937
29
5
947
951
942
45
957
49
23
953
964
970
974
969
978
22
5
11
995
15
37
994
998
23
1009
29
1013
1009
1013
1017
17
1030
22
1023
15
19
1035
1039
1048
1060
1064
1068
1061
1067
1071
1079
1077
1081
1090
5
1099
9
1095
1105
1103
1107
1116
11
15
1121
19
1135
1140
25
1136
1140
1144
39
1160
45
1164
1155
1168
1174
1178
1170
1181
1185
1198
1189
1195
1199
1210
1205
1209
1221
5
1222
9
1227
1244
1231
1241
1245
1260
1266
1270
1256
1279
1359
1283
1272
1276
1289
1374
1286
1290
1304
1320
1324
1341
1328
1352
1356
1343
1347
1366
1351
19
23
1361
27
1382
1368
1378
1382
1400
1408
1412
1396
1416
1409
1413
1432
1417
1423
1427
1446
1547
1437
1551
1461
1445
1465
1562
6
1474
1478
1460
20
1474
5
1499
11
1503
1601
1489
1605
1512
1496
26
30
1508
1512
1531
1537
1541
1523
1549
1553
1536
1561
5
9
1550
15
1561
1565
1569
1573
1577
1581
1585
1589
1593
1597
1601
1605
1609
1613
1617
1621
1625
1631
1635
12
18
1646
1650
1654
1658
1662
1666
1670
1676
1680
16
6
10
1693
1697
37
1701
1705
1709
1713
1719
1723
14
1729
1733
25
1737
1741
1745
1749
1753
1764
1768
20
26
30
1779
1783
1787
1791
1795
1799
1803
1807
1811
1815
1819
1823
929
933
937
5
9
5
9
13
5
9
5
9
5
9
7
11
17
5
15
20
27
16
30
5
42
9
49
53
57
61
65
69
73
5
9
5
9
5
9
6
10
5
9
5
9
13
17
21
25
29
33
37
41
45
49
18
22
71
5
9
5
16
17
21
5
9
13
5
9
13
5
9
5
9
13
17
21
25
29
5
9
5
9
13
17
21
25
29
35
39
13
5
23
54
11
58
34
38
65
69
26
32
36
80
40
44
48
52
56
5
9
13
17
5
9
5
9
5
9
5
9
5
9
5
9
5
9
5
9
13
5
9
5
9
13
17
5
9
13
5
9
5
9
5
9
5
9
13
17
5
9
5
9
5
9
13
17
21
25
29
33
37
41
5
9
5
9
5
9
13
5
9
5
9
5
5
11
15
19
15
17
21
7
11
19
23
15
33
37
31
35
39
5
9
5
9
13
17
5
9
5
12
22
26
22
30
20
34
32
47
24
28
32
5
9
5
9
5
9
5
9
5
23
28
32
5
9
13
17
21
25
5
9
5
7
11
16
15
19
5
9
5
9
5
9
13
17
21
25
29
33
37
41
45
5
9
5
9
13
17
21
5
9
5
9
13
8
12
5
9
5
9
5
9
13
5
9
13
17
5
9
13
5
9
5
9
13
5
9
13
17
21
9
13
5
9
13
17
21
25
5
9
7
11
15
19
23
27
31
35
39
43
47
51
55
59
63
67
71
75
79
83
87
91
95
5
9
6
10
5
9
13
17
21
25
29
33
37
41
5
9
13
17
21
5
9
5
14
18
20
22
33
38
42
46
50
7
11
61
65
5
20
5
25
9
31
8
12
16
20
5
9
11
15
24
5
9
13
17
21
5
9
13
17
21
25
29
33
39
43
15
19
5
9
5
9
5
9
5
9
13
17
5
13
17
20
5
9
13
6
10
5
9
5
9
7
53
57
62
61
67
74
85
89
93
102
106
107
113
117
117
125
134
132
138
141
145
147
149
155
157
161
166
170
173
177
180
181
185
189
193
194
197
200
200
204
204
209
213
211
211
216
215
216
219
223
227
232
231
244
248
251
252
259
263
264
265
268
267
274
273
278
279
283
279
292
294
296
299
303
301
305
309
314
318
329
333
335
339
344
343
349
353
362
366
368
370
373
378
378
378
383
381
385
389
398
393
404
399
408
410
413
422
417
424
427
432
423
427
437
440
444
436
450
440
453
456
457
449
463
468
468
472
473
476
480
481
484
484
492
479
496
496
500
508
512
530
516
535
522
539
543
545
549
554
536
540
560
564
544
569
550
573
577
576
581
585
588
568
592
573
598
577
598
581
612
587
616
616
612
620
624
620
602
606
637
610
643
647
647
621
654
625
671
675
642
646
682
650
688
692
693
694
699
665
703
705
669
678
682
722
686
690
734
694
708
712
756
716
720
724
728
778
732
784
788
790
741
792
797
802
806
756
805
762
814
816
820
826
776
830
834
787
791
845
797
801
856
805
809
813
817
821
825
829
833
837
841
845
849
853
925
857
935
868
872
876
880
884
888
892
896
900
908
912
17
916
34
38
939
943
15
947
53
1039
1043
28
7
963
1054
1058
1062
1066
1070
1074
39
1000
1004
1008
1016
1020
19
1024
1122
1126
32
1130
1038
1043
42
1141
1145
1149
1155
1159
14
69
74
1165
1169
25
1082
1087
1175
36
40
1097
44
1190
1107
1111
55
1120
1124
70
1128
80
84
1141
1145
21
13
17
32
107
111
1166
1172
1176
122
6
1187
9
1191
138
17
21
148
152
1206
33
5
158
1217
5
15
173
177
1232
21
187
191
1247
1256
1260
206
1264
1272
11
225
229
23
233
1290
237
5
1299
248
252
1309
256
20
262
266
270
1329
276
29
280
1342
1346
38
23
291
27
1356
297
53
1368
1372
315
1376
1382
1386
15
19
11
336
1397
1401
1405
31
1411
35
361
16
21
10
43
1428
1432
53
1436
25
10
14
72
76
1456
30
84
88
1471
28
34
1482
1486
1490
8
12
1501
18
22
1512
1524
1528
40
1532
50
54
1543
60
64
1554
1564
1568
79
85
89
1579
1589
1593
105
1597
115
119
1608
125
129
1619
1630
1634
149
1638
1644
1648
161
1654
1658
172
1671
1675
1679
195
1689
5
210
214
1698
16
20
227
231
1718
235
1727
1731
246
1737
1741
257
1771
1775
294
1779
305
309
1794
1798
1802
1806
1810
1814
1818
1822
1826
1830
1834
1838
1842
1846
1850
1854
1858
1862
1866
1870
1874
1878
1882
1886
1890
1894
1898
1902
1906
1910
1914
1918
1922
1926
1930
1934
1938
13
17
1953
1963
1967
32
1971
1975
1979
1983
1987
1991
1995
1999
2003
2007
2011
2015
2019
2023
2027
2031
2035
2039
2043
2047
2051
2055
2059
2063
2067
2071
2075
2079
2083
2087
2091
2095
2099
2103
2107
2111
2115
2119
2123
2127
2131
2135
2139
2143
2147
2157
2161
19
2169
2173
34
2177
31
2185
11
35
51
24
2203
2207
12
16
2222
2226
2230
2234
2238
2242
2246
2250
2254
2258
2262
11
15
2273
2281
2285
29
2289
2295
2299
44
50
54
2310
60
64
2321
2331
2335
79
85
5
2346
9
2354
2358
10
14
2371
2375
13
17
2389
5
2399
2403
16
2407
2411
2415
2419
2423
2427
2431
2435
2441
2445
13
21
25
35
2476
2480
44
48
13
9
2496
15
2500
26
25
29
2514
35
2525
2529
2533
2539
5
14
19
2557
2561
27
2565
2569
2573
2577
2581
2585
2589
2593
2597
2601
2605
2609
2613
2617
2628
2632
21
6
27
10
2643
2647
2651
2655
2659
2663
2667
2671
2675
2679
2683
2687
2691
2695
2699
2703
2707
2711
2715
2719
2723
14
18
2738
24
23
27
2764
31
37
41
2777
2785
2789
55
2793
2803
2807
75
2811
2817
2821
90
2825
2829
2833
2841
2845
17
2858
2862
36
2866
2875
2879
55
2883
77
81
2907
2911
2915
2919
2923
2927
2931
2935
2939
2943
2947
9
13
2958
2967
2971
28
2980
2984
21
2988
2994
2998
35
5
45
5
14
26
9
61
3025
34
38
71
32
75
3040
28
3049
3053
50
3057
3061
3065
3069
3073
3077
3081
3085
3089
3093
3097
3103
3107
13
5
3119
9
3123
16
38
22
31
3138
35
3144
12
16
3159
24
28
3173
32
38
42
3188
3192
3196
3200
3204
3208
3212
3216
3220
3224
3228
3232
3236
3240
3244
3248
3252
3256
3262
3266
13
6
19
3277
3281
32
6
24
10
5
9
5
9
13
5
9
5
9
5
9
5
9
13
17
21
25
29
33
37
41
45
58
62
25
66
33
37
77
5
9
5
9
13
17
21
37
27
31
35
8
12
16
5
9
13
5
9
5
9
5
9
13
5
9
5
15
18
22
5
9
5
11
15
16
5
9
13
17
5
9
13
17
21
25
5
9
5
9
13
5
9
5
9
5
9
5
9
13
5
9
5
11
15
13
19
26
5
9
5
11
13
17
5
9
13
5
9
13
5
9
5
9
13
5
53
57
62
61
67
71
100
104
105
111
115
115
119
123
121
124
126
132
130
134
139
140
138
142
144
141
149
151
149
149
159
163
157
167
161
168
172
180
181
184
188
182
192
198
196
203
207
200
210
213
213
211
217
211
217
225
229
220
224
228
237
232
242
246
247
251
253
257
259
263
266
272
276
277
281
283
287
290
294
295
300
304
306
311
308
317
318
321
319
325
328
333
334
335
338
343
338
342
347
348
349
355
353
350
361
371
375
376
380
381
384
390
394
398
398
403
407
405
408
409
413
415
414
416
423
420
427
432
426
429
436
435
437
434
442
438
446
440
439
451
444
449
457
448
455
462
466
465
468
470
474
476
480
482
486
493
497
499
501
507
515
519
508
512
516
530
522
537
541
545
537
545
541
557
555
559
568
584
574
588
587
570
575
596
602
591
595
586
608
594
617
618
621
610
625
617
630
621
638
643
649
653
638
642
658
646
670
678
674
661
685
666
680
691
699
700
704
698
702
706
710
714
727
718
710
715
737
729
733
725
737
752
757
743
760
740
744
748
774
752
762
758
762
773
802
806
789
793
797
788
792
5
14
17
21
25
29
33
37
41
45
10
14
56
60
64
68
72
76
80
84
9
13
95
99
103
107
111
115
119
123
1007
127
135
1017
1023
18
22
15
26
154
32
158
31
24
28
175
32
56
36
40
44
48
5
9
13
17
21
5
9
1188
1192
1196
5
9
13
17
21
25
5
9
8
16
12
15
19
27
31
28
34
42
46
50
54
58
62
66
16
20
86
90
94
98
102
106
110
114
118
122
5
9
5
9
13
5
9
5
9
5
9
5
9
5
14
18
23
22
35
36
40
5
9
5
9
7
11
12
19
11
15
27
19
23
27
10
14
38
44
48
25
52
56
60
64
68
72
76
80
84
88
92
5
9
5
9
13
5
9
5
9
5
9
5
9
13
5
9
5
9
5
9
5
9
5
9
13
17
21
25
29
5
9
8
12
5
9
14
18
24
28
32
36
40
44
48
52
56
60
64
68
72
76
80
84
88
92
5
9
13
5
9
5
5
9
17
27
23
27
14
18
5
9
5
9
5
9
5
9
5
9
5
9
5
9
13
17
21
11
15
36
40
44
48
52
56
60
5
9
13
17
5
9
5
14
18
20
22
26
5
9
6
10
5
9
7
11
15
17
26
5
9
5
9
13
17
5
9
5
9
5
9
13
17
5
9
5
9
5
9
13
5
9
5
9
5
9
13
17
21
25
29
5
15
20
24
5
9
8
12
16
20
24
28
5
9
12
16
23
27
31
35
39
43
47
51
55
59
63
67
71
75
5
13
19
23
5
9
5
9
5
8
5
21
25
29
29
36
40
34
7
11
15
5
20
27
31
35
5
12
18
22
16
26
28
30
34
38
42
46
5
9
13
5
9
13
17
21
11
15
37
41
45
49
5
9
13
17
21
25
29
5
9
5
9
5
9
13
17
32
36
23
40
37
5
55
60
50
64
19
23
27
31
35
5
9
5
9
13
5
9
5
11
15
16
19
5
18
22
26
5
9
15
15
19
23
27
5
9
13
17
21
25
29
9
13
40
44
48
52
56
60
64
68
72
76
80
84
88
92
96
9
13
107
21
25
120
31
35
131
41
45
142
148
152
56
69
171
175
179
183
187
191
195
199
203
207
211
215
219
5
9
5
9
5
9
13
17
21
25
29
33
37
41
45
10
14
61
18
68
72
76
80
84
88
92
96
100
104
108
112
116
120
124
128
132
136
142
146
14
20
24
157
161
165
169
175
179
16
28
197
5
11
212
216
220
224
228
232
236
240
244
248
11
15
259
263
5
15
18
22
26
30
5
9
13
17
21
25
29
33
37
41
45
5
9
5
9
11
15
20
19
23
27
5
9
5
9
5
9
6
10
5
9
5
9
5
9
5
9
5
9
13
17
5
9
5
9
13
5
9
13
5
9
5
9
5
9
5
9
5
9
5
9
5
9
13
17
21
31
18
22
28
12
16
5
9
7
11
5
9
13
17
21
25
29
5
9
13
5
9
13
17
21
25
5
9
13
17
8
12
6
10
5
9
5
9
15
19
15
25
29
18
22
39
5
9
5
9
5
9
13
5
9
5
9
5
9
13
17
21
5
9
5
9
5
9
13
16
17
21
25
29
5
9
13
5
9
5
9
13
17
5
9
5
9
13
17
21
5
9
5
9
13
17
21
25
29
33
37
41
45
49
53
57
61
65
69
73
77
81
85
89
93
97
101
105
109
113
117
121
53
57
62
61
67
74
85
89
102
106
107
111
123
127
132
136
141
140
146
146
151
151
157
161
161
165
167
167
171
172
172
177
176
181
179
183
183
186
191
194
195
198
199
197
201
205
209
205
209
218
225
222
226
230
225
231
228
237
237
241
242
238
247
242
252
254
257
257
257
253
257
269
271
261
276
275
278
280
278
286
288
291
290
280
295
296
300
301
296
310
306
314
310
312
317
316
321
322
324
312
326
324
333
328
340
335
344
345
342
345
343
349
355
342
355
347
361
368
354
361
372
375
369
379
373
377
381
385
389
399
409
397
413
412
418
403
405
411
422
409
431
432
435
417
438
421
455
459
460
464
463
467
474
479
480
483
478
487
475
485
499
503
486
506
490
501
511
519
499
522
514
524
526
530
529
530
514
518
541
542
522
544
549
528
557
560
538
564
558
564
568
550
570
572
582
556
582
590
592
596
600
606
610
616
614
592
623
599
603
607
641
611
650
617
654
649
655
625
660
669
671
675
675
679
681
682
687
679
696
706
695
710
712
702
716
722
724
713
731
717
737
754
758
762
766
770
774
778
807
811
813
815
821
824
825
833
837
840
844
5
9
13
5
9
13
17
21
25
29
33
37
41
5
977
9
985
989
20
26
30
1000
1004
1008
1012
1021
1016
1022
1026
1034
1030
1034
1038
1042
1046
1050
1054
1058
1062
1066
1070
1074
1078
1082
1086
1090
1094
1098
1102
1106
5
9
5
5
14
18
20
24
28
25
30
34
1227
1231
1235
134
138
5
9
13
17
21
25
29
33
5
9
13
5
9
5
9
6
10
14
5
10
25
5
9
19
29
5
9
5
9
5
9
5
9
13
17
5
9
13
17
21
30
34
18
38
44
48
33
52
56
60
64
68
72
76
5
9
5
9
5
9
5
9
5
9
5
9
5
9
13
17
21
25
5
9
13
5
9
13
5
10
14
16
20
5
9
5
9
9
13
17
5
9
5
9
13
5
9
13
5
9
5
9
13
5
9
13
6
10
14
5
9
5
9
13
5
9
5
9
13
5
9
13
5
9
5
9
13
5
15
19
21
7
11
35
15
20
19
28
32
30
38
12
16
20
8
12
16
20
24
7
11
15
5
9
5
9
5
9
5
9
5
9
6
10
9
13
5
9
5
9
13
17
5
5
9
16
18
28
5
9
5
9
13
17
21
25
29
33
37
41
45
49
53
57
61
65
69
73
77
81
85
89
5
9
5
9
5
9
5
9
13
17
21
25
10
14
36
40
44
48
52
56
60
64
74
78
20
35
100
104
5
114
9
20
24
5
9
13
5
9
5
9
5
9
5
9
5
11
15
19
5
9
5
9
5
9
13
17
21
25
29
5
9
5
9
5
11
15
21
19
23
27
5
9
13
17
5
9
5
9
5
9
5
9
5
9
24
25
29
9
13
17
21
25
29
33
37
5
9
13
17
5
9
5
9
5
15
19
20
24
5
9
5
9
5
14
19
23
5
9
13
5
9
13
17
21
5
9
5
9
13
17
5
9
5
9
5
9
5
9
5
9
7
11
12
16
5
9
13
17
5
9
13
5
9
25
24
28
5
9
5
9
5
9
5
9
5
9
13
17
21
25
31
35
16
22
46
50
54
58
62
66
70
74
78
82
86
90
94
98
102
106
110
114
120
5
16
20
132
9
21
140
144
20
148
152
156
160
164
9
13
175
181
185
24
37
204
208
212
216
220
8
12
5
9
5
9
13
5
9
5
9
13
17
5
9
5
9
5
9
13
17
5
14
21
25
5
9
7
11
5
9
5
9
5
11
15
12
16
20
24
28
32
5
9
5
9
5
9
5
9
5
9
13
11
15
24
28
32
36
5
9
5
11
12
16
20
24
28
32
5
9
5
9
13
17
21
25
29
33
37
41
13
17
59
63
67
71
75
79
83
87
91
95
99
103
107
10
14
118
122
126
130
134
138
142
146
5
9
13
17
11
15
28
32
36
5
9
5
9
5
9
5
9
5
15
19
17
23
27
30
40
43
47
51
55
59
63
67
71
75
79
83
87
91
95
99
103
107
111
5
9
5
9
5
9
5
9
13
5
9
5
9
5
9
5
9
5
9
5
9
5
9
13
5
9
13
17
23
12
7
11
23
15
19
5
16
20
25
26
30
16
20
5
9
5
9
13
17
5
9
13
5
9
5
9
5
9
7
11
12
24
28
35
5
9
5
9
13
17
21
5
9
13
17
21
25
29
33
37
41
45
49
53
57
61
65
69
79
83
16
22
94
98
102
5
9
5
9
13
17
21
25
29
53
57
62
61
67
100
104
105
111
115
119
123
124
128
132
136
139
140
144
148
151
151
155
156
154
162
167
166
171
172
178
181
181
185
187
191
199
195
204
205
210
214
216
222
222
226
231
232
235
236
237
242
244
246
247
247
254
258
262
265
269
272
276
285
289
295
299
301
305
306
310
316
320
321
324
331
335
336
341
345
345
349
349
357
360
365
363
369
370
368
372
373
376
379
381
383
387
386
390
392
402
396
407
411
413
417
418
422
426
430
431
440
444
446
448
453
452
461
458
465
466
468
472
476
477
478
481
477
485
489
484
500
494
504
505
507
511
515
515
507
523
526
530
530
537
536
541
545
541
546
545
559
563
569
569
583
580
587
593
599
595
603
603
607
617
611
625
622
633
626
637
648
652
656
659
660
654
664
660
664
668
672
676
680
702
684
692
696
716
722
726
707
729
735
739
718
724
728
750
759
736
763
763
742
746
750
754
758
791
762
768
772
805
783
787
821
791
5
9
13
956
5
28
996
1026
1030
5
9
13
17
21
25
10
14
38
42
46
50
6
56
16
20
12
79
16
35
34
41
38
92
46
97
101
105
109
113
117
121
125
5
9
138
142
21
146
33
5
9
161
165
169
173
177
181
185
189
193
197
201
205
209
213
217
221
225
229
233
237
241
245
249
253
257
261
267
271
14
280
284
29
288
47
51
307
311
315
319
323
332
336
20
340
36
17
42
359
363
28
5
373
44
16
389
393
397
401
405
409
413
417
421
425
429
433
437
443
447
14
453
457
25
461
465
469
473
477
481
485
489
493
497
501
505
509
513
517
521
11
15
536
19
553
557
42
561
53
576
580
584
588
592
596
600
604
608
612
616
620
15
19
636
23
646
650
34
678
682
67
686
690
694
698
13
17
712
716
720
724
728
732
736
740
744
748
752
756
10
14
770
774
778
782
786
792
796
14
826
830
51
834
62
66
847
851
855
859
863
867
871
875
879
883
887
7
11
15
5
9
5
9
13
5
9
13
9
13
15
11
15
28
32
37
43
47
12
18
22
58
64
68
33
37
5
9
5
9
13
17
21
25
29
33
37
41
45
49
53
57
61
65
69
73
82
86
21
90
33
5
105
9
112
116
120
8
12
131
23
27
147
31
5
9
5
9
13
17
5
9
5
9
9
13
15
19
5
9
5
9
5
9
13
5
9
5
9
5
9
13
5
9
5
9
13
17
5
9
13
5
9
13
5
29
9
28
32
36
5
11
14
18
5
9
5
9
13
17
21
25
29
5
9
13
7
11
10
14
22
26
5
9
13
17
21
25
29
33
39
43
14
18
5
9
5
9
5
9
5
9
13
17
5
9
13
5
9
5
9
5
9
5
9
13
5
9
13
17
23
27
16
25
29
42
33
39
43
57
67
71
58
73
77
93
81
91
111
115
119
123
127
136
18
22
5
9
13
5
9
5
6
14
10
20
24
28
27
32
39
36
44
5
9
5
9
5
9
5
9
5
9
5
9
13
23
27
18
33
5
16
41
20
16
38
49
6
50
29
10
63
35
41
45
76
82
86
56
92
96
67
104
108
80
114
118
91
6
124
102
134
138
21
142
30
151
155
38
159
163
167
171
175
179
183
187
191
195
199
203
215
219
223
24
30
234
238
242
246
10
14
257
266
270
28
34
38
281
44
292
296
300
304
308
312
316
322
326
13
23
341
345
349
353
357
361
365
369
373
377
381
385
389
393
397
401
5
9
13
5
9
5
9
7
11
12
16
5
9
13
17
15
19
18
22
5
9
13
17
21
27
5
12
16
37
41
19
5
9
15
13
17
21
25
5
9
5
9
13
7
11
5
9
5
9
5
9
5
9
5
9
5
9
5
9
13
17
5
9
13
17
21
5
9
13
17
21
25
29
33
37
41
45
49
53
57
61
65
69
73
77
81
85
9
13
98
102
106
110
114
118
122
11
15
133
137
141
145
149
11
15
160
164
168
172
176
180
184
188
192
196
200
204
208
212
216
220
224
5
9
5
9
5
9
5
9
5
9
5
9
5
9
13
5
9
13
17
10
14
28
5
9
13
5
9
13
17
21
25
29
33
37
41
45
49
53
10
14
64
68
72
76
80
84
88
92
96
100
104
108
112
116
120
124
128
132
5
9
13
17
21
25
29
33
37
41
45
49
53
57
61
65
11
5
76
80
84
17
88
30
5
9
13
17
21
25
29
33
37
41
45
51
55
12
64
68
27
31
37
41
12
16
5
9
13
5
9
13
5
9
13
5
9
53
57
62
61
67
71
75
100
104
105
111
115
119
119
124
128
128
132
130
136
139
137
141
144
146
143
149
150
153
155
159
159
159
167
163
170
169
176
180
185
184
190
194
198
201
206
210
213
217
221
225
229
230
234
231
245
239
249
251
248
245
258
260
262
263
256
265
261
273
278
282
283
287
288
292
294
296
302
300
315
319
322
323
325
329
336
333
339
338
343
344
349
350
355
360
361
365
363
369
362
373
376
382
386
391
386
395
385
404
408
406
416
420
424
423
429
433
434
434
438
440
442
442
447
451
451
455
459
463
469
473
474
478
479
487
493
491
494
499
499
500
504
502
508
511
509
515
516
520
524
524
522
534
538
538
544
548
545
547
556
560
563
567
567
571
575
581
585
592
596
646
650
656
660
669
673
677
681
685
687
693
696
705
709
710
716
720
724
724
731
734
735
738
740
746
744
751
810
814
818
932
936
5
9
6
12
13
17
21
25
38
23
27
1127
1131
1138
1142
5
9
1279
1283
5
9
9
13
5
9
5
9
5
9
5
9
5
9
5
9
5
9
5
9
5
9
13
17
21
10
14
36
18
46
50
29
37
41
16
70
49
74
31
80
5
63
67
14
95
99
18
103
86
109
90
30
104
108
112
135
121
125
149
131
135
160
141
145
171
151
155
182
188
192
166
198
202
177
183
187
213
219
223
198
229
233
209
215
219
244
234
238
267
242
277
281
255
291
5
270
274
11
278
305
5
292
9
325
329
20
24
14
314
343
318
20
35
39
330
357
43
39
367
43
347
374
351
54
69
357
73
389
394
79
372
376
407
380
99
103
391
107
425
429
113
406
410
414
444
418
133
138
454
429
433
437
441
158
445
481
451
485
173
177
494
181
466
471
504
192
196
481
200
519
524
209
528
500
534
504
222
226
516
5
553
524
557
16
25
5
534
253
538
571
18
578
582
46
586
556
590
280
596
284
571
293
297
611
619
623
312
627
633
637
326
332
336
648
652
656
660
664
668
672
676
680
684
688
692
696
700
704
708
712
716
720
731
735
17
23
746
750
754
758
762
766
770
774
778
782
786
790
794
798
802
10
14
817
821
825
829
833
837
841
845
849
853
857
5
9
5
9
5
9
13
17
21
25
29
33
37
41
45
49
53
61
65
14
71
75
25
83
87
38
93
97
49
60
113
117
121
125
129
133
137
5
9
13
17
5
9
5
9
5
9
13
5
9
13
16
24
26
30
34
38
5
9
13
5
9
13
17
21
25
29
33
37
41
45
49
17
21
25
71
75
79
5
9
5
9
13
17
21
25
33
13
37
18
22
26
26
52
32
56
39
5
42
46
69
53
19
57
81
62
91
95
72
76
82
82
86
93
104
108
106
112
118
122
118
128
132
129
5
145
9
152
19
156
161
165
162
33
175
179
185
183
194
5
194
199
204
16
20
24
28
32
36
40
238
240
48
244
253
255
5
67
15
19
273
6
29
33
288
292
19
296
20
300
33
37
316
320
326
330
15
340
344
30
36
40
355
46
50
366
63
67
71
389
5
79
403
407
91
411
22
417
421
105
428
43
432
117
29
440
33
131
39
135
453
139
147
463
18
469
22
158
162
166
36
170
42
494
498
504
508
13
514
518
24
522
526
530
534
538
542
546
550
554
15
19
570
574
578
582
586
590
596
600
15
606
610
26
614
618
622
626
630
634
638
644
648
14
20
659
5
676
680
27
684
688
692
696
700
704
708
712
15
19
728
732
736
740
744
748
752
756
760
764
768
772
776
780
784
788
792
796
800
804
808
812
816
820
824
828
832
836
840
844
848
852
856
860
864
868
872
876
880
884
888
892
896
900
904
908
5
9
5
9
13
5
9
5
11
16
20
12
16
35
39
43
47
51
55
59
63
67
71
75
79
83
87
91
95
101
105
14
20
116
120
124
128
132
5
9
5
9
13
17
9
13
5
9
5
9
13
17
5
11
16
20
5
9
5
9
15
19
15
25
29
26
5
9
13
17
21
25
29
33
37
41
45
49
53
57
5
9
13
5
9
13
5
9
13
9
13
26
5
23
9
42
46
5
9
5
9
5
9
13
17
21
5
9
5
10
22
26
15
19
25
29
7
11
15
19
23
27
31
35
39
43
47
51
55
59
63
67
71
75
79
5
10
14
16
20
24
28
32
5
9
5
9
5
9
13
5
9
5
9
13
17
5
9
5
9
5
9
13
17
5
9
13
9
13
24
28
32
36
5
9
13
5
9
5
9
5
9
13
17
5
9
5
9
13
53
57
62
66
70
74
78
82
86
90
100
94
105
106
111
119
123
124
128
130
134
138
144
148
152
156
160
161
167
171
175
181
179
186
185
190
193
194
190
202
208
208
212
215
209
215
220
224
217
226
229
231
232
227
231
239
241
245
247
249
251
254
258
264
268
269
273
276
277
280
283
290
287
290
296
300
303
307
299
303
311
307
322
313
317
326
336
340
335
343
339
331
345
349
359
361
364
351
368
372
356
374
367
382
371
383
388
371
392
394
396
378
403
407
407
407
413
412
413
398
418
402
424
416
420
433
413
424
442
430
446
427
431
440
457
435
460
466
452
471
456
479
483
458
467
462
488
491
492
498
502
504
483
512
487
515
497
491
523
524
528
499
533
529
543
516
549
522
526
560
540
545
565
536
549
575
543
579
549
553
569
557
594
598
578
568
611
572
611
620
615
581
602
586
629
626
634
630
600
648
604
622
658
630
663
634
617
668
672
627
631
683
635
660
691
664
695
646
668
701
658
676
664
716
687
723
691
674
728
731
734
737
738
742
690
709
746
751
755
757
761
728
732
773
777
722
726
730
734
738
801
742
807
809
811
753
815
826
825
830
770
832
779
783
843
797
801
863
805
878
882
823
886
835
839
900
845
849
911
857
861
924
870
874
939
878
887
891
959
973
895
979
968
983
973
977
996
1000
921
925
929
933
937
941
945
949
953
957
961
965
969
973
977
981
985
989
993
997
1001
1005
1009
1013
1017
1021
1025
1134
1029
1035
1039
1149
1154
1158
1159
1054
1058
1062
1066
1070
1074
1078
1082
1086
1090
1094
1098
1102
1106
1110
1114
1118
1122
1126
1130
1134
1138
1142
1146
1150
1154
1158
1162
1166
1170
1174
1178
1182
1186
1190
1194
1198
1202
1206
1210
1214
1218
1222
1226
1230
1234
1238
1242
1246
1250
1254
1258
1262
1266
1270
1274
1278
1282
1286
1290
1294
1298
1302
1306
1310
1314
1318
1322
1326
1330
1334
1338
1342
1346
1350
1354
1358
1362
1366
1370
1374
1378
1382
1386
1390
1394
1398
1402
1406
1410
1414
1418
1422
1426
1430
1434
1438
1442
1446
1450
1454
1458
1462
1466
1470
1474
1478
1482
1486
1490
1494
1498
1502
1506
1510
1514
1518
1522
1526
1530
1534
1538
1542
1546
1550
1554
1558
1562
1566
1570
1574
1578
1582
1586
1590
1594
1598
1602
1606
1610
1614
1618
1622
1626
1630
1634
1638
1642
1646
1650
1654
1658
1662
1666
1670
1674
1678
1682
1686
1690
1694
1698
1702
1706
1710
1714
1718
1722
1726
1730
1734
1738
1742
1746
1750
1754
1758
1762
1766
1770
1774
1778
1782
1786
1790
1794
1798
1802
1806
1810
1814
1818
1822
1826
1830
1834
1838
1842
1846
1850
1854
1858
1862
1866
1870
1874
1878
1882
1886
1890
1894
1898
1902
1906
1910
1914
1918
1922
1926
1930
1934
1938
1942
1946
1950
1954
1958
1962
1966
1970
1974
1978
1982
1986
1990
1994
1998
2002
2006
2010
2014
2018
2022
2026
2030
2034
2038
2042
2046
2050
2054
2058
2062
2066
2070
2074
2078
2082
2086
2090
2094
2098
2102
2106
2110
2114
2118
2122
2126
2130
2134
2138
2142
2146
2150
2154
2158
2162
2166
2170
2174
2178
2182
2186
2190
2194
2198
2202
2206
2210
2214
2218
2222
2226
2230
2234
2238
2242
2246
2250
2254
2258
2262
2266
2270
2274
2278
2282
2286
2290
2294
2298
2302
2306
2310
2314
2318
2322
2326
2330
2334
2338
2342
2346
2350
2354
2358
2362
2366
2370
2374
2378
2382
2386
2390
2394
2398
2402
2406
2410
2414
2418
2422
2426
2430
2434
2438
2442
2446
2450
2454
2458
2462
2466
2470
2474
2478
2482
2486
2490
2494
2498
2502
2506
2510
2514
2518
2522
2526
2530
2534
2538
2542
2546
2550
2554
2558
2562
2566
2570
2574
2578
2582
2586
2590
2594
2598
2602
2606
2610
2614
2618
2622
2626
2630
2634
2638
2642
2646
2650
2654
2658
2662
2666
2670
2674
2678
2682
2686
2690
2694
2698
2702
2706
2710
2714
2718
2722
2726
2730
2734
2738
2742
2746
2750
2754
2758
2762
2766
2770
2774
2778
2782
2786
2790
2794
2798
2802
2806
2810
2814
2818
2822
2826
2830
2834
2838
2842
2846
2850
2854
2858
2862
2866
2870
2874
2878
2882
2886
2890
2894
2898
2902
2906
2910
2914
2918
2922
2926
2930
2934
2938
2942
2946
2950
2954
2958
2962
2966
2970
2974
2978
2982
2986
2990
2994
2998
3002
3006
3010
3014
3018
3022
3026
3030
3034
3038
3042
3046
3050
3054
3058
3062
3066
3070
3074
3078
3082
3086
3090
3094
3098
3102
3106
3110
3114
3118
3122
3126
3130
3134
3138
3142
3146
3150
3154
3158
3162
3166
3170
3174
3178
3182
3186
3190
3194
3198
3202
3206
3210
3214
3218
3222
3226
3230
3234
3238
3242
3246
3250
3254
3258
3262
3266
3270
3274
3278
3282
3286
3290
3294
3298
3302
3306
3310
3314
3318
3322
3326
3330
3334
3338
3342
3346
3350
3354
3358
3362
3366
3370
3374
3378
3382
3386
3390
3394
3398
3402
3406
3410
3414
3418
3422
3426
3430
3434
3438
3442
3446
3450
3454
3458
3462
3466
3470
3474
3478
3482
3486
3490
3494
3498
3502
3506
3510
3514
3518
3522
3526
3530
3534
3538
3542
3546
3550
3554
3558
3562
3566
3570
3574
3578
3582
3586
3590
3594
3598
3602
3606
3610
3614
3618
3622
3626
3630
3634
3638
3642
3646
3650
3654
3658
3662
3666
3670
3674
3678
3682
3686
3690
3694
3698
3702
3706
3710
3714
3718
53
57
62
61
67
100
104
105
109
113
119
117
124
126
128
130
128
134
138
144
142
151
156
155
159
161
166
161
170
165
171
177
178
181
176
180
193
184
199
203
195
199
210
211
217
218
223
224
213
227
229
230
229
234
235
223
240
227
239
248
247
252
253
258
258
257
262
262
268
268
266
275
274
279
278
268
282
283
284
289
296
290
295
300
301
300
304
304
308
307
317
312
322
326
320
331
324
334
339
333
343
344
334
338
343
346
345
357
358
363
362
355
372
372
360
376
377
381
381
377
391
394
395
379
383
396
405
397
409
394
415
415
398
412
420
412
424
428
419
416
420
439
424
434
428
448
453
434
457
461
463
463
465
456
448
471
460
455
479
459
466
484
482
485
488
485
493
495
499
502
503
513
507
520
522
524
518
527
532
524
534
537
516
539
534
528
547
551
552
555
556
550
546
564
554
563
544
571
575
563
579
586
590
592
594
598
598
605
605
609
608
613
619
623
612
616
631
620
617
637
622
647
648
639
637
643
658
662
651
666
673
652
677
657
661
664
684
668
673
697
701
704
708
688
692
699
696
709
713
707
738
742
743
717
750
721
728
756
734
760
760
763
765
738
770
776
754
781
749
758
783
789
760
793
794
764
772
802
777
806
809
777
810
815
788
816
820
787
796
828
799
832
839
812
842
816
852
856
826
821
859
865
863
831
872
841
8
845
843
876
847
888
888
893
860
856
864
32
20
872
24
874
879
922
885
926
929
886
64
890
897
901
943
955
959
923
927
931
5
10
940
945
20
17
26
30
956
28
960
964
968
972
976
980
984
988
992
996
1000
1004
1008
1012
1016
1020
1024
1028
1032
1036
1040
1044
1048
1052
1056
10
1137
1067
1071
1075
1151
1079
29
35
39
1090
1100
1104
55
1108
65
69
1119
1123
1127
1131
1135
1139
8
12
1150
1154
1158
1162
1166
1170
1174
1178
1182
1186
1190
5
1201
11
24
1212
28
1218
1222
11
15
1233
1237
1241
1245
1249
1253
1257
1261
1274
5
24
15
28
1292
9
1296
39
43
22
47
51
1314
55
1324
1328
66
1332
1336
1340
1344
1348
1352
1356
1360
1364
10
14
1375
44
48
1412
1416
1420
1424
1428
1432
1436
1440
1444
1448
1452
1456
1460
1464
10
14
1479
18
28
1497
1501
5
9
5
9
5
9
13
17
21
25
29
33
37
5
47
9
16
20
60
64
24
32
36
78
82
86
90
94
98
102
106
110
114
118
127
133
21
12
5
21
147
151
16
40
155
159
163
167
171
177
5
13
17
15
7
13
196
200
23
204
23
208
25
212
49
222
226
41
230
234
238
5
9
5
9
13
5
9
13
17
5
9
13
17
21
25
5
9
5
9
5
9
13
17
21
25
5
9
13
5
9
13
5
9
13
5
11
15
16
19
5
9
13
5
9
5
9
13
5
9
13
5
9
5
9
13
17
8
12
5
10
14
18
18
22
26
5
9
13
5
9
5
9
9
13
23
27
7
5
38
43
11
47
22
5
9
13
17
23
12
16
11
20
38
19
32
36
63
40
44
48
52
56
9
13
17
21
5
9
5
9
13
5
9
5
9
13
17
21
5
9
13
17
5
9
13
5
9
5
9
13
17
21
25
29
35
39
14
18
45
22
26
13
17
21
5
9
5
15
9
24
28
15
29
5
9
13
5
9
13
17
5
9
5
9
5
14
5
15
22
19
16
23
27
31
15
19
47
52
11
30
65
69
30
34
38
42
46
50
54
58
62
66
70
74
78
82
86
90
94
98
13
17
113
21
120
124
128
132
136
140
6
10
154
158
24
162
30
34
38
42
5
9
13
17
21
8
12
16
20
8
12
5
9
13
17
21
25
29
33
37
41
45
49
53
57
61
11
15
75
19
83
87
91
95
99
103
107
111
115
119
123
127
131
135
139
143
14
18
159
163
167
10
14
178
22
26
191
39
43
210
47
5
56
9
229
233
237
241
77
245
33
249
42
46
260
269
273
61
277
69
73
77
81
85
89
93
97
101
105
109
113
117
5
9
5
9
5
9
5
9
5
9
5
9
5
9
13
17
21
25
29
5
9
5
9
5
9
5
9
5
9
5
9
13
17
5
9
13
5
9
13
17
5
9
5
5
14
11
21
25
25
29
33
37
5
9
5
9
7
11
5
9
13
17
8
12
5
9
13
5
19
23
28
27
34
38
5
9
5
15
19
16
20
24
5
9
5
9
5
9
13
17
5
9
7
11
12
16
5
9
5
9
13
5
9
5
9
5
9
18
22
20
26
30
37
5
9
13
17
21
25
9
13
36
45
49
27
5
9
5
11
15
15
25
29
30
34
38
42
53
57
62
61
67
74
85
89
102
106
107
113
117
117
121
125
129
134
135
141
145
147
151
148
159
152
159
164
167
171
174
178
181
185
186
192
191
196
197
200
204
208
208
217
218
221
222
223
228
232
232
240
244
244
249
247
254
256
255
260
261
266
264
270
271
270
276
275
277
283
283
287
285
290
289
296
293
302
303
307
311
310
314
315
316
319
322
322
326
330
328
334
335
335
339
338
345
347
349
346
350
353
350
357
354
356
365
369
369
364
375
377
379
381
385
387
390
389
387
397
395
391
402
404
406
409
408
412
414
418
419
419
421
423
420
429
430
438
439
442
444
444
448
452
451
458
462
460
464
469
469
473
472
479
476
481
492
493
496
498
492
502
504
509
511
517
515
511
522
527
531
531
535
530
539
545
549
544
555
565
559
555
565
569
581
575
590
579
601
605
609
629
613
634
636
638
624
628
632
651
636
658
642
646
665
671
650
656
685
689
703
707
711
715
5
9
5
9
949
953
5
9
1149
1153
5
9
5
9
15
19
13
17
1224
1228
1232
1236
1240
1244
1248
1252
1256
1260
1264
5
9
5
9
10
14
14
18
5
9
13
17
21
25
31
16
20
5
9
5
9
13
5
9
5
9
13
24
5
20
24
14
28
41
32
38
42
54
63
67
58
62
66
70
74
82
18
22
5
9
13
17
21
5
9
5
9
5
9
5
9
5
9
5
9
5
9
5
9
5
9
5
9
13
17
5
9
13
8
12
24
28
32
5
9
13
17
21
5
9
5
6
10
16
20
24
24
28
25
8
12
39
43
5
9
5
9
13
5
9
5
9
13
16
20
35
39
11
15
53
57
5
9
5
9
5
11
15
13
21
25
24
31
35
35
41
45
46
51
5
57
12
16
66
72
76
13
82
86
27
31
24
34
38
47
42
57
53
57
61
65
5
9
13
5
9
5
9
13
17
21
49
5
38
42
13
64
68
72
76
80
84
88
14
18
102
22
5
9
13
17
23
15
19
5
9
5
9
13
17
5
9
13
5
9
13
17
21
25
5
9
13
17
21
25
29
33
37
41
45
49
53
57
61
34
38
98
8
16
20
114
26
125
129
133
5
9
5
9
13
17
21
5
9
13
17
21
5
9
13
5
9
13
17
21
25
29
5
9
13
17
21
25
8
12
36
40
44
5
9
13
17
21
5
9
5
9
5
9
13
5
9
5
9
13
17
21
5
9
13
17
5
9
13
5
9
5
9
13
17
21
25
29
33
37
41
5
9
5
9
5
9
13
10
14
24
13
17
39
43
47
51
55
5
9
13
17
5
9
5
9
5
9
13
5
9
13
5
9
5
9
13
17
33
37
25
41
9
13
49
5
67
9
75
79
20
5
90
9
18
22
99
20
5
9
5
21
25
27
31
35
39
43
5
9
5
9
5
9
5
11
15
16
20
24
5
10
14
16
5
9
5
9
13
5
9
13
5
9
5
9
5
9
5
9
5
9
13
5
9
13
17
21
25
29
35
12
16
5
9
5
9
5
9
13
17
21
5
9
5
9
5
9
10
14
14
23
29
33
5
9
13
5
9
5
9
13
17
21
5
9
13
17
5
9
13
17
6
10
5
9
13
5
9
5
9
5
9
5
9
5
9
13
17
21
25
29
33
37
41
45
49
53
57
61
65
69
73
77
81
85
6
11
96
100
104
20
108
30
45
130
134
5
9
13
17
21
25
29
5
9
13
5
9
13
5
9
13
17
15
19
32
36
5
9
13
17
21
25
29
33
5
9
5
9
5
9
10
14
23
5
13
17
21
32
36
22
40
36
55
59
63
67
5
9
5
9
5
9
5
9
5
9
5
9
13
17
23
27
31
35
39
43
47
51
55
59
63
67
5
9
5
9
5
9
13
17
21
25
29
33
37
41
45
49
53
57
61
65
69
10
14
80
30
34
101
40
44
112
116
120
124
7
11
135
17
21
146
29
159
163
167
171
175
179
183
187
191
197
201
12
207
211
23
215
219
223
5
9
5
9
5
9
5
9
13
5
9
5
9
13
5
9
13
17
21
5
9
5
9
13
5
9
5
9
13
5
9
5
9
13
17
21
5
9
5
9
13
17
21
25
29
33
37
41
45
49
53
57
61
65
69
73
77
81
85
89
93
97
101
105
109
113
117
121
125
129
133
137
141
145
149
153
157
161
165
169
173
177
181
185
189
193
197
201
205
209
213
217
221
225
229
233
237
241
245
249
253
257
261
265
269
273
277
281
285
289
293
297
301
305
309
313
317
321
325
329
15
19
64
68
75
79
84
88
92
97
96
102
105
106
107
110
118
119
122
126
123
128
133
134
131
137
140
143
144
138
149
148
153
157
156
150
161
161
168
169
172
173
168
179
172
181
176
190
180
195
196
201
202
206
207
212
216
216
218
223
223
229
230
233
234
236
237
241
243
248
252
252
256
259
260
260
268
269
272
274
273
279
283
282
285
288
290
288
292
294
294
298
297
300
302
306
305
306
318
320
322
325
323
326
330
332
338
342
343
347
352
351
355
356
355
359
365
369
373
377
373
383
385
384
388
398
402
403
407
413
417
421
425
430
429
436
439
440
441
440
444
450
453
454
455
458
460
466
471
470
471
476
476
476
480
483
488
484
494
495
498
495
502
502
514
515
518
521
525
532
529
535
540
547
551
550
558
555
550
563
555
566
568
576
578
580
577
586
590
581
589
593
593
587
601
601
606
605
604
608
615
609
617
625
621
625
630
635
637
634
632
646
650
642
645
646
652
649
661
654
665
663
662
676
681
685
674
678
689
681
694
685
689
698
704
693
703
709
696
697
713
707
724
719
728
719
736
740
729
744
739
743
755
764
768
757
761
765
769
773
796
777
806
810
788
797
801
825
805
809
813
817
821
825
5
9
13
17
953
957
5
9
7
11
1074
1078
1082
1086
1090
1094
1098
5
9
15
19
15
14
18
31
5
9
5
9
5
9
5
9
13
5
9
5
9
13
5
15
19
23
27
31
35
5
9
5
9
13
17
21
25
1613
1617
1621
1625
1629
1633
5
9
5
9
13
5
9
13
17
5
9
5
9
13
5
9
5
9
13
17
21
25
5
9
13
11
15
24
19
5
9
5
9
5
9
5
16
20
24
28
32
5
9
13
5
9
5
9
13
17
21
25
29
33
37
16
20
55
61
65
31
37
41
76
47
87
5
9
13
7
11
12
16
20
5
9
5
9
5
9
5
9
5
9
13
17
21
25
29
33
5
11
15
19
23
27
5
9
13
5
9
13
5
9
5
9
7
11
5
9
13
5
9
5
9
5
9
13
5
9
5
9
5
11
9
24
17
21
5
9
13
5
9
5
9
5
9
13
17
21
5
9
13
17
21
5
9
5
9
13
5
9
5
9
13
17
21
25
10
14
36
40
44
48
52
56
60
64
6
11
75
5
21
21
21
25
98
102
106
12
16
121
5
9
5
9
13
5
9
5
9
5
9
5
9
5
9
5
9
13
19
23
5
9
5
14
17
21
25
5
9
13
17
21
25
29
33
9
13
44
5
50
24
28
60
32
20
68
28
5
9
13
17
21
5
9
5
9
13
17
21
5
9
13
17
21
7
11
5
9
13
17
21
25
29
33
5
9
5
9
5
9
5
9
5
9
5
9
5
9
13
17
5
9
5
9
13
17
21
25
5
9
13
17
21
25
29
5
9
13
5
9
5
9
13
9
13
24
19
35
39
43
47
51
55
59
63
67
5
9
12
16
23
20
29
43
5
9
13
17
21
25
29
33
37
41
45
49
53
57
61
65
69
73
77
81
85
89
93
97
101
105
109
113
117
121
139
143
27
147
49
171
175
179
183
187
191
195
199
203
207
5
9
6
10
14
5
9
13
17
21
25
29
8
12
40
9
5
51
55
19
59
19
68
72
37
82
86
53
90
94
98
102
106
110
114
118
122
126
130
134
138
142
146
150
154
158
162
166
170
174
5
9
5
9
5
9
13
5
9
5
9
13
17
5
9
13
17
21
8
12
32
20
24
20
24
5
9
6
10
14
5
9
10
14
24
18
32
36
40
9
13
51
66
5
36
40
78
21
84
25
51
91
97
101
65
69
73
77
81
85
89
93
99
103
14
20
24
17
28
121
125
34
31
35
135
139
49
55
59
150
65
69
161
80
174
178
26
182
198
202
49
206
210
214
218
222
226
230
234
238
242
246
250
254
258
262
266
270
274
278
282
286
290
294
298
10
14
18
20
24
322
326
36
330
50
54
348
352
356
5
9
5
9
13
5
9
13
17
21
25
5
9
13
17
21
25
29
33
37
41
5
9
13
5
9
13
5
9
5
9
5
9
5
9
13
17
5
9
12
16
17
21
5
9
13
5
9
5
9
5
9
9
13
5
9
13
5
9
13
17
21
25
29
7
11
40
5
24
9
31
62
5
9
13
27
31
28
35
39
43
51
55
59
63
67
71
5
9
5
9
5
9
5
9
13
17
5
9
5
9
5
9
5
11
16
20
5
9
13
17
21
25
9
13
36
25
55
59
63
74
21
25
5
9
13
15
19
64
68
75
79
84
88
97
101
102
107
111
113
118
115
123
128
127
133
133
138
140
144
149
153
157
157
163
168
167
173
173
177
179
180
181
184
189
189
194
198
200
204
205
205
209
209
211
213
216
221
221
224
229
228
235
236
240
241
245
246
254
255
258
262
262
266
267
275
275
279
281
281
283
286
291
291
291
296
295
298
305
304
309
311
315
316
319
322
323
327
327
333
332
332
340
345
344
349
353
354
358
353
362
360
363
365
367
369
373
375
373
380
382
383
386
383
388
387
395
393
393
403
397
409
401
416
418
420
412
419
424
428
433
427
432
432
448
436
450
442
454
460
460
464
468
468
467
474
476
462
485
489
489
493
497
503
501
493
507
497
515
519
517
523
525
529
533
553
561
565
568
575
579
562
566
570
574
578
605
582
614
593
624
628
631
632
638
654
658
662
666
670
674
676
680
685
687
684
705
703
707
717
711
740
742
746
750
754
758
777
762
784
773
777
781
785
806
789
816
800
804
808
812
816
820
824
828
832
836
842
846
13
852
856
24
860
864
868
872
876
880
884
926
896
900
946
904
954
5
915
919
964
923
19
927
36
5
9
948
952
956
960
964
968
972
976
980
984
988
992
1055
996
1011
1015
1081
1019
1023
1027
1031
1035
1039
1043
1047
1051
1055
1059
1063
1067
1071
1075
1079
1083
1087
1091
1095
1099
1103
1107
1111
11
15
1122
1126
1130
1134
1138
1142
1146
1150
1154
1158
16
20
1178
26
1189
1193
1197
1201
1205
1209
1213
1217
5
10
9
1231
18
1241
1245
29
1259
1263
50
1267
59
63
1278
1282
1286
1290
1294
1298
1302
1306
1318
1322
20
26
1333
1337
1341
1345
1349
1353
1359
1363
15
5
1372
9
30
1386
1390
25
31
19
23
1411
1415
1419
1423
1427
1431
1435
1439
1443
1447
1451
1455
1459
1463
1467
1471
1475
1479
1483
1487
1491
1495
142
10
14
157
5
9
5
5
11
9
13
22
23
5
9
5
9
13
17
21
25
29
33
5
9
13
17
21
25
29
33
37
41
45
49
5
9
5
9
5
9
7
11
20
29
33
26
6
12
16
41
27
5
57
62
15
19
47
23
27
5
8
12
16
16
20
24
28
32
36
40
44
48
52
56
60
64
68
72
5
9
13
5
9
5
5
16
21
20
36
40
44
5
9
5
9
5
9
5
8
12
16
10
20
14
18
18
25
5
9
5
9
13
17
21
25
8
12
16
5
9
5
9
5
9
13
17
21
25
29
33
37
5
9
13
17
21
27
31
15
29
5
50
9
15
5
62
66
13
70
30
35
39
30
43
88
92
96
100
104
108
112
116
120
124
128
132
136
140
144
148
152
156
160
166
170
16
182
34
188
192
12
201
205
27
209
213
217
221
225
229
233
237
241
245
249
253
257
261
265
269
273
277
281
285
5
9
5
11
15
16
19
5
7
11
16
22
26
12
16
20
24
5
9
13
5
9
5
9
5
9
5
9
13
5
9
5
9
5
13
17
19
21
29
33
32
37
5
9
5
7
11
16
15
19
23
29
16
20
5
9
5
9
5
9
13
17
21
27
5
15
19
23
16
47
5
17
9
34
7
38
30
34
49
38
24
28
32
63
55
5
81
9
13
57
67
71
28
75
79
88
92
19
29
33
108
5
9
13
17
21
25
36
40
21
46
50
32
54
58
62
66
70
74
78
82
86
90
94
98
102
106
110
114
118
122
126
130
134
138
142
146
150
11
15
161
165
169
173
5
9
13
17
5
9
5
9
5
9
5
9
5
9
13
5
10
14
16
5
9
13
17
5
9
13
17
21
25
29
33
37
41
45
49
5
9
5
9
5
9
13
5
9
5
9
19
19
23
5
9
5
9
13
17
21
5
9
5
9
5
9
5
9
13
5
9
5
9
6
10
14
18
22
26
30
34
38
42
46
50
54
58
62
66
72
76
13
19
23
87
93
97
34
10
14
108
20
24
119
33
133
5
9
5
9
13
9
11
17
28
20
42
5
36
40
55
44
21
5
9
78
82
86
81
9
85
97
101
105
96
28
102
32
23
116
120
32
114
124
46
50
18
22
139
26
144
148
152
156
160
164
5
9
5
9
5
9
5
9
5
9
13
17
21
25
5
9
5
9
19
19
23
5
9
5
9
5
9
13
17
21
25
29
33
5
9
5
9
5
9
13
5
9
13
17
5
9
5
9
13
5
11
5
13
11
24
28
32
36
40
44
48
52
56
8
12
6
10
14
18
22
26
30
34
38
42
46
6
18
22
23
26
30
34
38
42
5
9
13
17
5
9
13
17
21
9
14
18
25
29
5
9
5
9
13
17
5
9
15
19
23
27
31
64
68
75
79
84
83
93
97
98
101
102
110
113
118
121
122
129
133
132
134
137
141
145
145
149
148
155
161
159
159
166
165
170
174
170
178
182
181
181
191
185
194
197
191
198
200
204
204
208
203
216
207
221
217
225
227
227
221
233
236
234
238
246
242
242
250
252
244
256
262
261
266
266
260
270
260
276
274
274
283
278
283
278
295
282
294
302
297
306
306
307
308
313
298
315
317
319
318
322
331
340
344
345
349
351
361
365
366
369
373
377
381
364
385
370
393
374
392
403
404
407
389
411
415
419
398
424
402
422
429
428
432
437
416
443
444
420
444
443
451
447
429
457
459
434
462
465
470
475
479
475
488
492
501
505
506
510
514
517
518
525
527
531
533
537
539
541
545
549
553
548
552
560
556
569
573
573
565
579
579
583
584
587
592
593
596
600
602
597
605
606
609
613
617
619
625
629
628
642
646
647
650
655
653
657
661
662
665
671
674
678
674
678
679
682
692
702
697
706
702
706
710
714
751
755
759
761
765
781
785
797
801
5
9
10
926
14
23
5
29
940
15
44
5
57
61
21
65
1009
5
1020
1024
19
1028
1037
1041
38
1045
48
52
1056
1060
1064
1068
1072
1076
1080
1084
1088
1092
1101
1105
16
1111
27
5
9
5
9
13
17
5
9
5
9
5
9
5
9
5
9
5
9
14
18
24
22
26
5
9
13
17
21
25
5
11
15
19
23
5
9
5
9
5
9
13
17
21
5
9
13
5
9
13
5
9
5
9
5
9
5
9
5
9
13
17
21
5
14
18
21
5
9
14
18
19
23
27
33
12
16
20
5
9
13
17
21
25
5
9
13
17
21
5
15
19
20
26
22
30
26
27
37
41
47
51
15
57
61
26
65
69
73
77
81
85
89
93
97
103
107
12
113
117
121
30
125
25
129
135
139
39
143
147
151
5
9
5
9
13
17
21
25
29
33
37
41
5
9
13
17
21
5
9
5
9
5
9
5
9
5
9
5
9
13
17
5
9
5
9
5
9
5
9
13
17
21
25
5
9
13
17
21
25
5
9
5
9
5
9
5
9
5
7
11
16
20
24
28
5
9
13
5
9
5
9
5
9
13
17
21
25
29
33
5
9
5
9
13
5
9
5
9
5
9
5
9
5
16
20
23
27
5
9
13
17
23
27
15
39
43
33
47
51
5
9
5
9
13
17
21
25
5
9
13
5
9
13
17
21
25
29
33
37
41
45
49
53
10
14
64
23
27
79
31
37
94
98
102
108
112
12
118
122
23
126
130
134
12
16
148
152
156
160
164
168
174
178
16
5
22
9
189
193
197
201
11
15
212
218
222
26
226
230
234
238
242
246
250
254
258
262
266
270
274
278
282
286
14
18
302
306
310
314
318
14
334
20
338
12
16
32
36
352
13
17
21
55
6
379
10
387
71
391
44
395
399
403
407
417
421
16
430
434
30
5
40
9
45
450
56
466
470
474
478
482
486
490
496
500
14
506
510
25
514
518
522
526
530
534
538
542
546
550
554
558
7
11
569
579
583
26
589
593
37
43
47
604
610
614
58
64
68
625
74
78
636
87
650
654
658
662
666
670
674
678
682
686
690
694
698
5
9
706
16
17
20
17
8
725
12
31
748
752
36
762
766
52
770
779
783
71
787
86
90
803
96
100
814
113
117
836
840
844
848
852
856
860
864
868
872
5
9
5
9
13
19
23
36
5
9
5
9
13
17
21
25
29
33
37
41
45
5
9
5
9
8
5
18
9
20
8
24
20
24
32
23
27
40
44
24
48
38
64
68
72
76
80
84
5
9
5
9
13
5
9
5
9
5
9
13
5
9
5
9
13
17
21
5
9
13
7
11
24
28
32
36
40
44
5
9
55
5
23
27
24
20
30
79
38
83
87
91
95
99
5
9
5
9
5
9
5
16
20
24
28
28
36
40
5
9
5
11
14
18
5
9
5
9
5
9
13
17
21
5
9
13
17
5
9
5
9
5
9
5
11
15
13
17
21
25
12
16
40
5
9
13
5
9
5
9
13
17
5
9
5
9
13
17
14
18
32
22
39
43
58
52
56
73
8
12
5
9
5
9
5
9
5
9
8
12
8
12
16
5
9
13
17
5
9
13
17
5
9
13
5
9
5
5
11
15
19
19
30
5
11
15
19
5
9
5
9
13
17
23
27
12
18
38
42
46
50
54
5
9
13
17
21
5
9
13
24
28
21
32
29
43
47
51
55
59
63
67
5
9
13
17
21
25
29
5
9
5
9
13
15
19
23
64
68
75
79
84
83
93
97
98
101
102
110
114
113
118
121
122
129
133
134
141
143
145
148
150
156
161
160
159
166
166
170
174
178
176
182
184
186
192
190
197
197
202
212
216
219
223
226
230
233
237
242
241
247
249
253
257
257
263
266
270
276
273
280
281
281
289
285
297
301
304
308
302
314
308
318
319
323
315
328
328
332
334
338
330
343
334
344
348
352
355
359
361
364
363
373
374
378
374
383
378
388
392
387
396
398
399
404
408
410
416
419
420
424
427
424
432
436
432
440
436
443
448
445
452
447
458
460
462
455
456
467
466
461
473
477
468
472
482
487
478
491
493
497
497
503
501
492
499
502
517
506
520
512
527
529
537
537
541
527
544
531
554
537
558
559
564
568
569
559
563
581
572
576
595
599
603
608
616
620
624
624
631
635
638
642
643
647
651
655
659
664
668
683
687
691
695
699
699
709
713
710
714
718
722
726
730
734
749
738
756
749
753
767
779
783
773
777
781
785
789
793
797
801
805
809
813
817
821
825
829
833
864
837
843
847
879
853
857
890
903
907
878
911
15
19
897
23
939
943
39
947
921
46
925
958
929
973
977
969
973
943
949
984
5
9
5
9
13
17
5
9
5
9
5
18
22
26
26
5
9
13
17
21
5
9
5
9
5
9
13
17
5
9
13
5
9
5
9
13
5
9
9
13
17
5
9
13
17
21
12
31
16
19
38
30
53
5
9
5
9
13
5
9
5
9
13
5
9
5
9
5
9
5
9
5
9
13
17
21
25
29
5
9
13
17
21
25
29
33
37
41
45
5
9
5
9
5
9
13
10
14
15
19
23
29
33
12
16
5
9
5
9
13
17
5
9
5
9
5
9
5
9
13
8
12
5
8
12
16
5
23
9
32
36
40
5
9
13
5
9
5
9
13
17
5
9
5
9
5
9
5
9
17
19
5
14
37
41
47
15
19
25
23
35
39
34
11
15
52
19
53
59
61
70
5
9
13
17
21
25
5
9
5
5
13
9
21
27
31
25
35
35
39
17
43
55
22
28
32
67
75
79
47
83
89
93
61
97
101
12
16
114
22
26
125
32
36
136
150
154
55
160
164
66
70
74
8
12
85
16
5
9
13
5
18
22
21
28
5
32
6
10
44
5
26
11
5
58
67
5
20
11
24
79
18
86
90
94
98
102
106
110
5
9
13
17
21
25
29
33
37
41
45
49
53
57
61
65
69
73
5
9
5
9
5
7
11
16
15
19
23
27
33
37
15
23
27
51
31
59
63
5
9
5
9
13
5
9
5
9
13
9
13
5
9
5
9
5
9
13
5
9
13
17
21
5
9
13
5
9
5
9
5
9
5
9
5
9
7
11
12
16
5
9
13
5
9
5
9
5
9
5
9
5
9
5
9
13
17
21
5
9
5
9
5
9
5
9
13
17
21
25
29
33
37
5
9
13
16
19
5
27
32
11
36
34
5
9
13
23
27
17
21
5
9
13
5
9
13
17
5
9
13
5
9
13
5
9
5
9
5
9
5
9
13
5
9
5
9
5
9
13
5
9
5
9
5
9
13
17
21
25
5
9
13
5
9
13
17
28
20
24
5
9
13
17
5
9
13
17
21
5
9
13
5
9
5
9
5
9
13
17
5
9
11
15
20
5
9
5
9
13
5
9
5
9
13
5
9
5
5
10
18
22
18
26
28
30
5
9
47
13
53
55
57
61
5
9
5
13
14
9
28
32
36
22
32
40
44
40
48
5
9
5
9
8
12
8
12
16
5
9
5
9
5
9
5
9
13
17
21
5
9
13
17
21
25
5
9
5
9
5
9
13
17
5
9
13
17
7
11
30
5
24
11
28
45
16
50
54
5
9
5
9
13
17
21
5
9
5
9
13
9
13
17
21
25
29
5
9
13
5
9
5
9
5
9
5
9
8
12
5
9
13
22
18
22
26
5
9
13
14
18
28
5
9
13
17
21
25
29
33
37
48
52
21
58
32
5
9
5
9
5
12
16
21
20
24
28
32
36
40
44
48
52
56
60
64
68
72
76
80
84
88
92
96
100
104
108
112
116
120
124
5
9
5
9
13
5
9
13
21
25
18
29
25
5
9
13
5
9
13
5
9
5
11
13
17
21
25
29
33
37
5
9
5
9
5
9
5
9
5
9
13
5
9
5
9
13
5
9
13
8
12
16
5
9
5
9
5
9
5
9
5
9
5
9
5
9
13
17
5
9
13
17
5
9
5
9
13
12
28
24
28
18
22
