4
4
8
8
12
12
16
16
20
20
24
24
28
28
32
32
36
36
40
40
44
44
48
48
52
52
56
56
60
60
64
64
68
68
72
72
76
76
80
80
84
84
88
88
92
92
96
96
100
100
104
104
108
108
112
112
116
116
120
120
124
124
128
128
131
131
135
135
139
139
143
143
147
147
151
151
155
155
159
159
163
163
167
167
171
171
175
175
179
179
183
183
187
187
191
191
195
195
199
199
203
203
207
207
211
211
215
215
219
219
223
223
227
227
231
231
235
235
239
239
243
243
247
247
251
251
255
255
258
82
146
263
266
267
222
211
170
276
245
280
155
127
212
288
217
292
295
253
241
302
303
265
238
311
263
279
276
264
281
230
181
181
327
331
278
158
277
339
201
229
267
347
348
314
237
355
356
178
360
283
364
367
330
194
200
375
376
379
317
323
267
306
295
343
347
291
239
366
365
276
404
333
365
338
368
416
377
362
362
424
391
359
376
384
342
397
293
402
443
302
270
448
410
399
341
398
459
322
426
388
415
387
290
358
395
477
479
481
306
485
487
451
363
321
431
404
438
456
348
424
474
412
459
447
396
447
477
525
486
471
471
487
450
387
444
493
451
506
456
363
513
456
444
458
504
526
515
401
455
490
576
461
536
427
584
457
588
429
494
439
531
531
482
550
524
512
487
469
547
577
547
497
625
541
571
535
587
544
487
593
548
606
532
463
562
556
603
558
543
604
664
501
515
590
509
524
517
636
684
616
688
594
519
551
590
614
582
579
602
623
573
641
550
719
584
630
635
614
684
644
697
685
577
644
746
646
692
588
675
609
692
682
595
770
592
676
690
672
655
664
646
684
623
659
723
687
801
666
674
717
665
766
650
726
819
726
695
762
774
659
688
712
761
722
849
755
691
720
743
748
735
692
726
711
802
880
880
745
743
759
845
805
770
767
780
774
764
778
766
790
865
781
831
766
767
935
766
768
814
878
901
774
821
835
819
921
833
822
833
843
818
818
987
840
842
941
830
823
839
884
840
948
971
882
891
867
889
1036
991
892
869
888
909
883
950
897
907
1012
952
1049
950
920
927
944
964
1005
952
1067
978
1101
1010
1005
1012
1110
1144
1053
1048
1094
1187
1096
1134
1227
1261
1295
1329
1292
1326
1360
1394
1428
4
4
8
8
12
12
16
16
20
20
24
24
28
28
32
32
36
36
40
40
44
44
48
48
52
52
56
56
60
60
64
64
68
68
72
72
76
76
80
80
84
84
88
88
92
92
96
96
100
100
104
104
108
108
112
112
116
116
120
120
124
124
128
128
131
131
135
135
139
139
143
143
147
147
151
151
155
155
159
159
163
163
167
167
171
171
175
175
179
179
183
183
187
187
191
191
195
195
199
199
203
203
207
207
211
211
215
215
219
219
223
223
227
227
231
231
235
235
239
239
243
243
247
247
251
251
255
255
258
70
262
74
204
224
270
272
274
204
278
145
103
285
195
151
247
124
295
298
236
302
216
246
275
311
311
276
137
261
194
323
275
327
328
331
279
289
158
339
165
343
344
314
197
226
352
356
356
360
360
328
364
308
180
373
330
188
307
380
248
322
353
388
254
219
227
363
336
221
371
313
349
365
413
339
354
379
334
364
393
238
337
430
255
434
392
312
442
393
446
414
397
326
276
418
283
412
312
464
315
280
470
474
430
478
446
447
426
301
448
427
495
462
355
427
503
467
334
398
478
326
406
398
522
436
445
463
404
468
443
468
503
493
497
444
549
465
376
365
409
515
564
476
568
386
572
457
443
520
547
542
549
589
480
449
408
597
488
569
604
527
489
486
527
554
550
559
521
534
529
631
584
535
594
556
467
555
500
519
498
623
659
545
625
608
500
484
630
677
677
600
537
559
685
624
591
599
577
701
639
576
664
523
591
669
578
545
641
628
552
695
585
570
583
554
744
747
589
670
693
629
582
762
666
767
768
706
731
659
658
655
602
612
695
748
657
762
720
618
631
811
664
734
661
820
665
730
769
832
658
838
757
843
722
782
735
756
731
781
869
821
792
693
719
793
704
788
737
890
893
815
839
905
743
910
748
788
839
802
927
752
850
888
760
785
860
848
771
870
872
798
966
803
971
894
849
875
863
802
813
840
949
903
918
829
850
930
853
1024
946
1029
927
878
854
892
1001
970
899
881
902
935
1076
995
1081
907
930
938
1004
945
1022
933
948
987
1041
1128
953
1133
984
1053
1071
982
1081
995
1177
1021
1089
1061
1039
1038
1220
1132
1073
1104
1081
1263
1175
1115
1124
1306
1218
1158
1167
1349
1261
1207
1389
1301
1335
1369
1403
1437
4
4
8
8
12
12
16
16
20
20
24
24
28
28
32
32
36
36
40
40
44
44
48
48
52
52
56
56
60
60
64
64
68
68
72
72
76
76
80
80
84
84
88
88
92
92
96
96
100
100
104
104
108
108
112
112
116
116
120
120
124
124
128
128
131
131
135
135
139
139
143
143
147
147
151
151
155
155
159
159
163
163
167
167
171
171
175
175
179
179
183
183
187
187
191
191
195
195
199
199
203
203
207
207
211
211
215
215
219
219
223
223
227
227
231
231
235
235
239
239
243
243
247
247
251
251
255
255
143
116
101
133
266
189
65
270
185
274
244
209
64
284
74
288
290
251
249
296
243
246
265
263
308
309
250
241
285
251
177
274
324
152
288
267
332
285
336
282
272
343
241
163
349
316
290
309
289
321
362
363
366
367
313
255
231
213
248
378
304
177
291
297
211
321
359
396
179
400
189
363
361
240
355
358
377
375
372
325
362
353
397
363
289
386
436
264
400
379
444
397
336
394
384
455
353
275
337
428
402
421
401
433
474
475
479
422
267
340
325
251
490
349
400
406
320
340
423
505
479
464
472
378
349
451
467
475
443
465
434
462
469
536
440
367
544
414
436
500
403
431
423
496
499
436
521
513
465
453
476
358
579
345
367
443
587
441
503
514
437
499
602
576
469
569
542
466
561
489
537
553
528
579
487
531
461
635
508
519
453
584
497
517
524
601
593
615
541
559
446
570
433
673
526
454
581
594
538
690
545
664
568
609
632
550
658
625
610
566
714
575
598
549
599
596
541
625
508
564
678
596
700
602
554
755
608
536
635
604
722
772
631
746
778
691
632
660
619
686
648
625
604
631
657
678
583
615
590
669
728
660
782
633
684
692
837
839
683
673
722
708
825
704
686
695
718
724
680
727
707
718
660
659
691
666
694
897
804
858
731
760
731
766
744
795
776
898
777
785
768
776
797
749
777
903
730
733
770
819
796
925
773
828
798
837
862
789
909
812
952
791
864
819
789
794
877
880
986
834
886
838
920
964
967
870
868
849
922
868
852
932
1041
1007
886
886
911
898
911
927
975
901
1090
1050
954
935
935
954
973
1018
1133
1059
997
975
1021
1170
1099
1012
1037
1061
1207
1049
1244
1086
1281
1123
1318
1160
1300
1197
1337
1234
4
4
8
8
12
12
16
16
20
20
24
24
28
28
32
32
36
36
40
40
44
44
48
48
52
52
56
56
60
60
64
64
68
68
72
72
76
76
80
80
84
84
88
88
92
92
96
96
100
100
104
104
108
108
112
112
116
116
120
120
124
124
128
128
131
131
135
135
139
139
143
143
147
147
151
151
155
155
159
159
163
163
167
167
171
171
175
175
179
179
183
183
187
187
191
191
195
195
199
199
203
203
207
207
211
211
215
215
219
219
223
223
227
227
231
231
235
235
239
239
243
243
247
247
251
251
255
255
117
148
113
111
184
233
202
134
135
277
278
281
147
246
241
258
192
293
228
297
231
191
304
264
308
309
276
255
193
318
197
222
264
327
260
265
332
335
232
299
340
344
345
317
288
291
290
321
357
302
312
364
326
226
307
263
339
228
240
299
345
317
387
250
352
393
364
262
399
356
294
307
367
343
412
346
358
419
376
423
325
391
430
308
368
312
438
379
402
375
447
447
420
347
394
363
424
460
405
403
467
405
329
424
438
384
419
343
448
342
490
363
455
496
430
426
456
467
383
472
388
516
473
520
488
459
529
406
411
473
422
538
502
476
454
512
435
551
555
494
423
469
515
464
530
572
510
452
433
512
454
508
513
498
554
547
474
519
479
541
562
611
500
493
537
620
517
558
510
558
590
517
636
637
542
508
551
561
569
549
654
518
534
550
592
577
599
626
598
635
573
687
610
693
590
631
629
631
706
707
612
578
575
631
639
619
649
588
617
599
623
666
647
705
751
677
641
617
651
696
768
676
636
692
707
680
649
654
686
684
708
806
766
696
738
706
678
823
757
759
750
735
797
812
723
866
764
802
793
778
840
855
766
909
807
845
836
821
883
898
952
873
861
935
923
992
859
901
972
963
1032
896
941
1009
1003
933
978
1046
1040
1080
1074
1114
1108
1148
1142
1182
1176
1216
1172
1250
1206
1284
1240
1318
1352
1386
1420
1454
1488
1522
1556
1590
1624
1658
1692
1726
1760
1794
1828
1862
1896
1930
1964
1998
2032
2066
2100
2134
2168
2202
2236
2270
2304
2338
2372
2406
2440
2474
2508
2542
2576
2610
2644
2678
2712
2746
2780
2814
2848
2882
2916
2950
2984
3018
3052
3086
3120
3154
3188
3222
3256
3290
3324
3358
3392
3426
3460
3494
3528
3562
3596
3630
3664
3698
3732
3766
3800
3834
3868
3902
3936
3970
4
4
8
8
12
12
16
16
20
20
24
24
28
28
32
32
36
36
40
40
44
44
48
48
52
52
56
56
60
60
64
64
68
68
72
72
76
76
80
80
84
84
88
88
92
92
96
96
100
100
104
104
108
108
112
112
116
116
120
120
124
124
128
128
131
131
135
135
139
139
143
143
147
147
151
151
155
155
159
159
163
163
167
167
171
171
175
175
179
179
183
183
187
187
191
191
195
195
199
199
203
203
207
207
211
211
215
215
219
219
223
223
227
227
231
231
235
235
239
239
243
243
247
247
251
251
255
255
117
202
170
262
160
267
169
235
164
177
278
280
216
284
286
288
290
292
294
228
209
262
179
259
259
310
265
314
243
318
285
322
225
326
148
330
254
298
280
255
339
342
343
346
148
351
352
355
307
276
360
326
278
226
318
279
213
376
376
323
344
383
286
281
346
290
313
285
397
305
401
337
337
407
371
305
368
415
419
330
423
300
427
380
386
334
364
257
406
363
443
389
447
372
414
452
419
257
376
460
393
382
432
470
332
425
309
393
281
433
386
328
416
311
452
495
419
408
461
368
448
510
397
408
441
518
474
358
348
527
427
340
489
357
467
463
466
452
546
472
550
501
517
522
476
479
430
496
426
403
573
375
428
480
400
405
536
510
516
407
595
555
542
420
468
491
610
535
533
563
455
584
445
434
524
451
586
557
505
546
563
458
643
647
595
614
513
619
524
576
494
593
470
634
493
525
598
497
495
537
643
581
689
515
514
535
701
621
654
672
609
536
671
642
590
540
678
729
618
660
595
645
568
658
576
713
552
575
610
615
762
689
660
675
594
614
676
642
696
657
595
745
615
796
721
727
712
694
691
641
744
622
645
826
685
759
739
730
687
706
760
662
659
774
679
860
785
758
776
758
755
705
808
706
710
890
782
791
748
767
771
723
737
835
843
921
819
763
782
763
866
764
768
948
840
849
826
825
834
973
795
816
901
834
821
918
821
852
901
824
883
1022
947
865
851
864
967
895
944
873
990
932
1071
914
900
982
948
1027
922
1117
985
1022
1064
962
1157
980
1027
1101
1194
1017
1064
1138
1054
1098
1175
1132
1209
1166
1243
1155
1277
1189
1311
1345
1379
1413
1447
1481
1515
1549
1583
1617
1651
1685
1719
1753
1787
1732
1766
1800
1834
1868
4
4
8
8
12
12
16
16
20
20
24
24
28
28
32
32
36
36
40
40
44
44
48
48
52
52
56
56
60
60
64
64
68
68
72
72
76
76
80
80
84
84
88
88
92
92
96
96
100
100
104
104
108
108
112
112
116
116
120
120
124
124
128
128
131
131
135
135
139
139
143
143
147
147
151
151
155
155
159
159
163
163
167
167
171
171
175
175
179
179
183
183
187
187
191
191
195
195
199
199
203
203
207
207
211
211
215
215
219
219
223
223
227
227
231
231
235
235
239
239
243
243
247
247
251
251
255
255
80
155
178
138
266
267
270
231
162
275
279
279
247
283
204
210
250
291
295
238
299
144
193
232
200
308
256
312
269
114
319
320
323
248
233
273
277
231
335
212
283
232
294
208
348
349
183
311
173
267
284
363
308
316
369
267
195
250
293
265
382
271
346
388
390
392
359
319
316
400
362
347
356
253
278
302
344
309
420
365
424
378
226
428
432
432
360
342
385
386
343
413
324
341
395
317
406
415
410
420
295
285
376
396
422
420
353
441
368
488
488
452
492
374
497
427
339
407
347
459
341
381
400
422
391
425
523
389
394
395
532
480
421
507
485
351
407
506
456
409
504
407
484
513
447
529
573
378
577
540
582
462
424
515
432
495
426
515
485
507
476
510
608
474
479
480
617
565
506
592
570
436
492
553
541
494
589
492
569
598
532
614
658
463
662
625
667
493
514
594
506
519
684
550
487
556
693
597
582
605
646
505
626
617
562
630
620
588
579
728
732
536
698
570
566
583
619
614
620
757
661
560
669
766
594
656
719
583
578
684
690
703
792
661
796
652
768
613
678
636
719
689
727
827
714
658
641
783
742
751
731
753
854
670
713
671
829
736
777
697
785
715
736
888
841
809
805
789
906
728
771
785
774
887
834
755
785
773
946
854
899
955
816
797
786
826
823
883
942
789
810
952
903
1004
951
868
849
835
840
878
932
838
859
1001
952
1053
1000
879
898
886
978
927
908
995
996
1096
1049
928
949
947
976
1035
957
1136
1045
1098
989
1019
1075
1176
1000
1138
1029
1059
1042
1216
1040
1178
1069
1057
1082
1256
1080
1218
1109
1097
1120
1143
1258
1157
1177
1295
1194
1211
1332
1245
1231
1369
1268
1406
1305
1443
1342
1480
1514
1548
1582
1616
1596
1630
1616
1650
4
4
8
8
12
12
16
16
20
20
24
24
28
28
32
32
36
36
40
40
44
44
48
48
52
52
56
56
60
60
64
64
68
68
72
72
76
76
80
80
84
84
88
88
92
92
96
96
100
100
104
104
108
108
112
112
116
116
120
120
124
124
128
128
131
131
135
135
139
139
143
143
147
147
151
151
155
155
159
159
163
163
167
167
171
171
175
175
179
179
183
183
187
187
191
191
195
195
199
199
203
203
207
207
211
211
215
215
219
219
223
223
227
227
231
231
235
235
239
239
243
243
247
247
251
251
255
255
158
186
262
101
266
99
185
272
142
180
278
247
282
186
107
288
290
292
235
296
298
302
303
196
259
251
311
315
280
220
266
323
174
204
290
266
331
276
300
339
219
343
343
176
347
306
322
281
257
360
361
364
323
267
298
371
213
208
290
381
297
289
254
356
390
295
394
397
219
367
402
347
408
410
302
302
357
371
337
423
326
392
429
378
310
286
372
402
382
389
390
412
337
331
282
455
412
285
387
434
428
369
470
473
373
477
435
484
396
392
490
428
494
398
401
500
384
470
507
511
399
392
457
520
437
442
426
405
407
355
416
483
484
506
431
546
450
376
516
525
458
460
562
564
569
430
477
411
513
483
581
555
585
517
492
475
596
598
542
490
470
483
511
611
492
533
501
496
492
446
541
532
565
598
637
641
613
548
648
652
550
559
518
631
499
593
669
672
574
543
560
683
568
575
559
538
696
599
577
600
581
623
712
647
614
719
580
695
572
630
733
597
575
745
576
650
657
636
674
658
592
614
770
772
653
635
657
627
657
788
723
795
630
771
631
706
673
710
821
822
709
687
747
665
762
792
724
679
724
756
711
862
838
868
773
733
808
885
773
726
754
853
753
911
751
817
776
923
771
899
834
946
951
834
787
816
836
811
814
812
878
882
892
991
895
856
1007
895
894
867
1028
933
893
937
947
950
1062
1065
950
930
949
922
988
992
1002
1005
1102
967
1117
965
1004
975
1139
1044
1004
1054
1057
1024
1017
1176
1056
1041
1027
1096
1106
1058
1213
1076
1105
1076
1145
1247
1155
1107
1281
1185
1195
1147
1315
1225
1235
1349
1262
1272
1383
1299
1274
1336
1311
1373
1348
1410
1385
1447
1422
1484
1459
1521
1555
1589
1623
1657
1691
1725
1759
1793
1827
1861
1895
1929
1963
1997
4
4
8
8
12
12
16
16
20
20
24
24
28
28
32
32
36
36
40
40
44
44
48
48
52
52
56
56
60
60
64
64
68
68
72
72
76
76
80
80
84
84
88
88
92
92
96
96
100
100
104
104
108
108
112
112
116
116
120
120
124
124
128
128
131
131
135
135
139
139
143
143
147
147
151
151
155
155
159
159
163
163
167
167
171
171
175
175
179
179
183
183
187
187
191
191
195
195
199
199
203
203
207
207
211
211
215
215
219
219
223
223
227
227
231
231
235
235
239
239
243
243
247
247
251
251
255
255
164
258
262
128
218
219
235
222
183
245
280
223
196
286
288
292
292
263
296
300
195
304
260
222
308
312
275
316
285
170
321
263
258
164
264
332
297
185
165
254
341
198
345
295
349
293
353
357
296
267
363
279
327
293
322
240
325
330
348
347
326
295
350
305
341
288
366
402
403
301
322
366
378
414
416
381
421
391
358
276
364
369
397
270
265
438
442
291
392
360
390
304
366
455
413
373
402
378
469
332
433
374
399
386
346
444
404
435
398
460
408
497
391
339
397
472
358
510
433
515
517
452
436
409
458
356
427
533
535
420
432
543
457
501
400
466
518
420
484
462
474
486
489
480
478
402
498
428
585
479
427
440
524
515
520
599
518
477
540
494
509
441
571
618
505
625
517
583
489
482
508
546
505
566
513
492
525
477
574
484
563
510
583
559
603
675
599
594
556
583
573
519
520
647
697
584
701
596
659
568
619
639
587
584
565
592
550
604
557
616
642
629
745
679
664
653
629
589
646
653
767
654
728
729
651
689
598
709
665
617
677
645
806
674
690
714
662
650
714
678
712
789
790
709
656
767
687
700
861
729
745
717
717
705
735
733
767
802
845
707
767
739
739
916
800
766
772
750
787
816
854
812
819
782
780
968
793
852
859
824
802
855
864
825
823
831
1017
847
848
901
910
1063
893
950
1103
933
990
1143
979
1180
1016
1217
1053
1254
1288
1322
1356
1390
1424
1458
1492
1526
1560
1594
1628
1662
1696
1730
1764
1798
1832
1866
1900
1934
1968
2002
2036
2070
2104
2138
2172
2206
2240
2274
2308
2342
2376
2410
2444
2478
2512
2546
2580
2614
2648
2682
2716
2750
2784
2818
2852
2886
2920
2954
2988
3022
3056
3090
3124
3158
3192
3226
3260
3294
3328
3362
3396
3430
3464
3498
3464
3498
4
4
8
8
12
12
16
16
20
20
24
24
28
28
32
32
36
36
40
40
44
44
48
48
52
52
56
56
60
60
64
64
68
68
72
72
76
76
80
80
84
84
88
88
92
92
96
96
100
100
104
104
108
108
112
112
116
116
120
120
124
124
128
128
131
131
135
135
139
139
143
143
147
147
151
151
155
155
159
159
163
163
167
167
171
171
175
175
179
179
183
183
187
187
191
191
195
195
199
199
203
203
207
207
211
211
215
215
219
219
223
223
227
227
231
231
235
235
239
239
243
243
247
247
251
251
255
255
258
206
262
127
266
207
203
237
174
136
230
279
212
283
169
185
259
218
295
224
220
237
244
215
277
308
240
277
315
217
287
237
287
223
328
330
232
207
338
338
342
283
236
259
350
352
311
315
286
261
362
312
366
233
370
313
374
309
346
280
245
336
324
318
359
291
278
324
368
330
404
343
329
350
324
383
373
346
386
421
393
326
346
393
434
332
338
439
316
302
447
389
451
365
345
419
459
421
420
395
367
411
413
420
358
344
433
483
415
351
341
430
434
465
382
471
474
507
374
432
512
402
473
452
484
525
426
429
412
393
536
450
541
411
506
510
550
473
480
499
501
508
446
432
521
571
439
438
429
477
467
589
559
514
459
597
531
487
505
508
491
610
481
615
620
532
585
493
629
555
559
555
541
524
583
647
600
518
514
553
543
612
532
590
586
571
578
680
581
551
688
572
693
563
603
625
702
625
600
614
597
667
647
607
596
586
650
682
660
642
744
641
651
633
624
758
651
724
639
673
772
670
728
711
638
657
650
661
711
703
805
667
712
663
819
709
785
697
683
833
786
695
700
696
715
719
769
860
725
874
796
749
738
888
750
742
761
755
847
824
792
926
848
790
801
940
802
887
873
838
841
885
983
845
916
875
922
884
1026
956
912
959
924
1066
996
993
964
1106
1027
986
1143
1061
1023
1180
1095
1060
1217
1251
1285
1319
1353
1387
1421
1455
1489
1523
1557
1591
1625
1659
1693
1727
1761
1795
1829
1863
1897
1931
1965
1999
2033
2067
2101
2135
2169
2203
2237
2271
2305
2339
2373
2407
2441
2475
2509
2543
2577
2611
2645
2679
2713
2747
2781
2815
2849
2883
2917
2951
2985
3019
3053
3087
3121
3155
3189
3223
3257
3291
3325
3359
3393
3427
3461
3495
3529
3563
3597
3631
3665
3699
3733
3767
4
4
8
8
12
12
16
16
20
20
24
24
28
28
32
32
36
36
40
40
44
44
48
48
52
52
56
56
60
60
64
64
68
68
72
72
76
76
80
80
84
84
88
88
92
92
96
96
100
100
104
104
108
108
112
112
116
116
120
120
124
124
128
128
131
131
135
135
139
139
143
143
147
147
151
151
155
155
159
159
163
163
167
167
171
171
175
175
179
179
183
183
187
187
191
191
195
195
199
199
203
203
207
207
211
211
215
215
219
219
223
223
227
227
231
231
235
235
239
239
243
243
247
247
251
251
255
255
258
102
263
264
150
182
214
230
276
277
123
281
248
244
225
289
224
200
297
256
212
302
305
271
276
249
269
282
262
279
167
291
327
253
240
235
186
336
339
340
310
315
276
273
275
278
280
314
317
205
283
367
369
285
256
333
320
346
245
226
387
351
350
328
312
327
306
359
403
350
318
374
411
352
382
372
388
365
385
270
397
356
433
338
346
439
292
415
445
373
416
378
382
414
381
386
305
423
382
389
387
475
443
362
445
348
389
351
450
493
441
414
418
370
412
405
509
355
424
380
517
521
444
497
459
455
449
420
503
496
539
452
398
463
551
519
483
521
484
465
435
526
440
473
421
446
495
481
448
451
453
593
533
514
518
603
528
478
493
611
569
538
553
536
543
592
527
556
633
489
533
642
543
574
516
511
504
526
531
600
512
585
586
536
539
681
597
653
688
563
617
696
594
593
638
559
565
612
655
718
640
724
591
656
593
608
652
613
708
672
665
649
618
760
614
767
663
772
669
695
714
641
791
704
721
797
724
687
729
709
821
706
828
833
750
730
767
775
770
702
852
858
748
712
752
790
882
796
760
889
816
894
755
836
910
758
916
768
839
803
848
859
940
947
952
813
894
879
968
843
974
863
903
995
1002
1007
919
883
946
903
1020
1026
955
1047
920
1054
1059
998
1072
1078
1096
1103
1108
1047
1121
1127
1037
1152
1157
1096
1170
1176
1086
1201
1206
1145
1219
1225
1135
1250
1255
1194
1268
1274
1184
1299
1304
1243
1317
1323
1233
1265
1353
1292
1366
1285
1311
1399
1338
1412
1331
1442
1381
1455
1482
1421
1495
1458
1532
1495
1569
1532
1606
1569
1643
1606
1680
1643
1588
1680
1625
1717
1751
1785
1819
1853
1887
1921
1955
1989
2023
2057
2091
2125
2159
2193
2227
2261
2295
2329
2363
2397
4
4
8
8
12
12
16
16
20
20
24
24
28
28
32
32
36
36
40
40
44
44
48
48
52
52
56
56
60
60
64
64
68
68
72
72
76
76
80
80
84
84
88
88
92
92
96
96
100
100
104
104
108
108
112
112
116
116
120
120
124
124
128
128
131
131
135
135
139
139
143
143
147
147
151
151
155
155
159
159
163
163
167
167
171
171
175
175
179
179
183
183
187
187
191
191
195
195
199
199
203
203
207
207
211
211
215
215
219
219
223
223
227
227
231
231
235
235
239
239
243
243
247
247
251
251
255
255
258
178
130
74
266
267
270
229
275
242
279
242
136
237
288
289
257
214
203
244
233
252
251
270
251
311
313
267
318
319
260
230
326
328
179
298
187
304
339
206
305
345
347
349
352
310
299
209
361
361
364
284
236
329
372
375
376
342
348
236
313
388
343
357
337
303
320
352
350
370
339
352
357
367
357
374
419
330
326
359
366
398
281
404
285
306
293
383
445
357
411
410
391
399
458
282
315
464
425
390
429
342
475
478
407
336
451
488
416
410
446
403
440
415
383
424
439
452
381
467
457
474
519
426
456
495
378
454
382
390
477
542
451
439
362
488
373
506
555
519
563
566
495
424
476
542
422
498
534
491
460
503
471
512
527
540
469
496
484
481
607
432
464
530
542
621
518
448
461
447
585
637
598
645
645
510
555
621
501
577
613
539
534
528
603
548
545
572
560
557
683
508
540
606
556
697
554
524
537
661
710
674
718
721
583
631
641
577
650
689
607
601
676
621
630
753
575
620
610
767
588
624
607
779
632
604
703
702
791
711
701
631
756
679
743
633
817
678
646
674
831
688
837
671
662
696
727
767
733
855
689
765
737
688
698
807
881
889
892
749
776
782
822
910
734
820
744
792
862
935
936
785
828
947
804
962
872
799
975
823
825
868
988
999
856
1014
1015
924
865
870
851
875
1040
1051
908
1055
905
1066
910
976
1086
1095
999
954
947
986
1129
1132
1042
1026
1166
1169
1063
1200
1206
1100
1234
1243
1105
1268
1280
1142
1302
1317
1336
1351
1370
1385
1404
1419
1438
1453
1472
1487
1506
1521
1540
1555
1574
1589
1608
1623
1642
1657
1676
1691
1710
1725
1744
1759
1778
1793
1812
1827
1846
1861
1880
1895
1771
1929
1805
1963
1997
2000
2034
2023
2057
2058
2092
2126
2129
2163
4
4
8
8
12
12
16
16
20
20
24
24
28
28
32
32
36
36
40
40
44
44
48
48
52
52
56
56
60
60
64
64
68
68
72
72
76
76
80
80
84
84
88
88
92
92
96
96
100
100
104
104
108
108
112
112
116
116
120
120
124
124
128
128
131
131
135
135
139
139
143
143
147
147
151
151
155
155
159
159
163
163
167
167
171
171
175
175
179
179
183
183
187
187
191
191
195
195
199
199
203
203
207
207
211
211
215
215
219
219
223
223
227
227
231
231
235
235
239
239
243
243
247
247
251
251
255
255
205
58
158
264
177
110
124
273
108
278
278
282
199
286
208
290
156
295
296
116
260
303
305
307
272
311
262
315
317
319
190
134
292
329
290
288
334
120
338
307
342
246
294
304
296
290
355
183
296
161
288
314
210
267
373
286
296
233
382
217
386
387
306
308
354
317
360
265
404
405
225
372
412
362
416
224
420
290
424
234
428
394
388
401
220
399
407
443
346
268
404
451
390
403
283
405
261
464
405
310
397
473
289
396
392
441
339
486
406
446
327
454
420
413
307
505
450
378
459
378
483
324
417
488
524
311
528
462
465
437
436
353
543
481
368
349
551
456
558
517
394
406
526
407
571
386
374
489
539
540
498
421
590
426
463
401
463
544
531
553
577
541
511
516
618
432
622
520
559
530
634
470
470
642
563
547
608
450
608
497
615
498
525
477
666
519
476
604
511
536
614
555
544
625
590
516
700
704
704
518
630
612
675
552
679
724
589
629
730
621
540
533
557
580
598
633
608
654
612
631
701
684
592
694
776
700
780
743
594
653
578
794
628
800
618
705
697
694
609
612
656
674
742
716
758
704
744
801
665
647
849
852
813
648
646
867
722
772
670
673
720
800
675
774
752
719
859
808
705
910
910
874
704
925
780
830
731
778
761
733
804
911
777
959
866
968
818
779
983
888
807
850
789
795
957
791
1005
921
825
978
873
841
1038
943
1000
844
986
850
934
1030
881
890
1040
1026
1090
966
896
902
1077
986
978
1046
942
1142
1018
948
1114
1015
1035
1095
1188
1064
1151
994
1228
1185
1049
1034
1219
1268
1089
1074
1253
1308
1129
1114
1287
1348
1151
1321
1385
1188
1355
1422
1225
1389
1459
1423
1493
1457
1527
1491
1476
1525
1510
1559
1593
1627
1661
1695
1729
1763
4
4
8
8
12
12
16
16
20
20
24
24
28
28
32
32
36
36
40
40
44
44
48
48
52
52
56
56
60
60
64
64
68
68
72
72
76
76
80
80
84
84
88
88
92
92
96
96
100
100
104
104
108
108
112
112
116
116
120
120
124
124
128
128
131
131
135
135
139
139
143
143
147
147
151
151
155
155
159
159
163
163
167
167
171
171
175
175
179
179
183
183
187
187
191
191
195
195
199
199
203
203
207
207
211
211
215
215
219
219
223
223
227
227
231
231
235
235
239
239
243
243
247
247
251
251
255
255
180
259
138
93
266
228
213
145
155
152
213
225
283
284
199
235
208
292
296
296
226
134
271
247
248
265
312
314
316
318
320
251
291
326
263
151
295
200
218
309
340
342
235
347
349
300
210
300
290
190
316
363
367
326
292
371
250
205
378
340
325
257
267
264
325
337
395
396
311
347
320
361
284
277
338
246
383
359
360
377
383
314
373
384
432
363
403
438
375
263
407
312
330
421
452
417
347
301
418
412
322
412
402
302
428
475
479
438
404
483
362
449
490
370
437
299
379
502
369
366
507
467
389
390
386
413
324
350
452
417
489
487
479
423
538
541
471
360
481
521
474
517
515
401
414
388
471
569
532
574
453
487
581
417
528
470
501
454
460
555
598
480
498
477
435
415
569
543
505
491
459
530
442
629
603
562
465
572
565
493
648
564
579
479
562
566
623
496
580
669
631
555
680
540
562
642
578
619
532
567
515
606
676
705
538
573
648
519
641
647
640
652
635
597
696
569
653
664
704
750
613
570
672
637
651
592
642
743
775
605
643
718
711
667
716
710
661
633
763
632
731
768
817
733
637
712
704
772
659
666
709
842
727
710
785
777
734
687
777
823
759
798
724
767
884
827
720
779
770
903
711
782
792
739
875
835
817
776
819
775
818
942
774
825
763
958
837
791
847
927
890
791
872
871
830
870
997
826
880
840
889
866
976
942
840
920
924
876
873
894
886
904
981
915
991
963
919
973
922
929
943
1024
953
931
1006
1040
958
969
1029
971
1046
1048
998
1066
1083
1085
1035
1053
1120
1063
1090
1157
1097
1127
1194
1228
1262
1296
1330
1364
1398
1432
1466
1500
1534
1568
1602
1636
1670
1704
1738
1772
1806
1840
1874
1908
1942
1976
2010
2044
2078
2112
4
4
8
8
12
12
16
16
20
20
24
24
28
28
32
32
36
36
40
40
44
44
48
48
52
52
56
56
60
60
64
64
68
68
72
72
76
76
80
80
84
84
88
88
92
92
96
96
100
100
104
104
108
108
112
112
116
116
120
120
124
124
128
128
131
131
135
135
139
139
143
143
147
147
151
151
155
155
159
159
163
163
167
167
171
171
175
175
179
179
183
183
187
187
191
191
195
195
199
199
203
203
207
207
211
211
215
215
219
219
223
223
227
227
231
231
235
235
239
239
243
243
247
247
251
251
255
255
258
82
262
92
85
266
194
226
274
149
229
279
216
283
287
287
291
246
260
295
192
205
303
245
307
175
219
228
315
315
319
320
193
326
327
297
297
302
293
340
261
344
286
204
292
165
314
312
320
360
279
239
365
368
188
205
329
303
252
203
317
213
336
322
307
315
394
297
363
350
295
337
364
408
319
367
379
416
266
326
366
426
296
397
349
393
436
293
440
314
386
448
392
418
414
423
420
382
379
465
465
325
368
286
411
433
430
481
401
360
488
452
361
326
424
455
324
364
440
470
433
357
415
517
382
348
405
526
422
394
384
534
416
396
429
381
428
464
511
551
470
517
556
509
459
530
502
480
521
359
396
392
579
498
452
414
546
555
455
524
512
389
537
468
495
476
496
442
513
620
504
488
517
628
516
490
561
475
558
504
644
645
611
488
603
529
624
562
574
484
667
483
540
589
634
505
513
593
600
477
528
556
583
564
584
705
568
573
592
527
503
557
604
586
649
727
646
594
732
635
576
706
617
656
650
752
668
625
669
595
604
560
559
637
778
663
647
597
587
631
588
582
797
683
664
728
705
725
731
811
608
649
693
726
828
688
652
629
633
845
688
651
647
652
701
861
750
730
795
792
792
669
878
754
716
749
793
895
719
690
779
700
916
755
714
785
847
742
859
747
856
748
942
795
742
956
831
968
810
837
769
860
797
799
914
911
800
997
850
1014
851
906
862
845
960
957
1043
896
1057
894
908
1006
1003
1089
1094
897
954
1015
1128
1049
1135
943
1000
1162
1061
1095
1181
1162
1101
1218
1196
1083
1255
1193
1120
1292
1227
1157
1329
1225
1363
1259
1397
1249
1431
1283
1465
1499
1533
1567
1601
1635
1669
1703
1737
1771
1729
1763
1797
1831
1770
1804
4
4
8
8
12
12
16
16
20
20
24
24
28
28
32
32
36
36
40
40
44
44
48
48
52
52
56
56
60
60
64
64
68
68
72
72
76
76
80
80
84
84
88
88
92
92
96
96
100
100
104
104
108
108
112
112
116
116
120
120
124
124
128
128
131
131
135
135
139
139
143
143
147
147
151
151
155
155
159
159
163
163
167
167
171
171
175
175
179
179
183
183
187
187
191
191
195
195
199
199
203
203
207
207
211
211
215
215
219
219
223
223
227
227
231
231
235
235
239
239
243
243
247
247
251
251
255
255
258
116
71
263
207
268
270
272
200
193
280
192
185
285
253
289
259
68
204
297
210
272
305
305
183
309
313
280
228
138
279
193
325
142
159
285
223
224
308
153
342
250
346
312
350
305
354
356
305
298
138
169
325
225
370
306
183
250
319
306
382
332
305
291
304
359
397
365
310
177
406
316
381
411
350
289
418
419
389
334
247
385
302
262
251
327
394
411
332
445
262
449
359
408
421
287
382
401
463
272
414
247
259
434
409
397
353
292
409
428
435
491
394
462
414
468
503
413
509
363
450
458
453
346
521
522
492
437
488
352
420
427
429
511
359
545
456
549
473
508
479
387
501
482
356
377
513
506
576
450
506
499
532
509
491
456
594
565
535
510
435
529
460
577
555
443
437
619
505
534
514
585
444
449
524
558
563
560
533
564
521
481
655
578
549
591
588
576
618
461
521
541
514
618
608
595
624
545
481
610
552
498
593
616
523
667
528
606
637
645
642
582
615
600
517
734
664
631
673
694
658
597
543
590
623
647
700
700
557
624
689
628
669
577
695
599
746
604
713
685
686
658
686
807
593
737
650
767
749
714
701
730
770
730
722
662
759
719
761
749
750
800
750
792
822
711
736
810
785
762
831
768
783
820
849
822
810
797
811
871
811
785
796
772
871
817
791
892
898
844
881
846
831
831
871
842
872
801
833
833
944
932
852
892
953
905
877
855
839
892
879
932
933
862
856
990
920
898
1008
960
888
894
984
956
899
963
982
1057
928
1009
1030
939
1002
1003
1028
1066
1055
976
1076
1048
1003
1112
1010
1052
1122
1094
1044
1049
1158
1098
1168
1106
1078
1201
1112
1208
1146
1241
1146
1183
1186
1220
1180
1223
1214
1257
1248
1259
1282
1293
1316
1350
