70
74
105
109
112
116
119
120
126
138
142
145
153
5
9
172
176
176
184
188
209
213
59
218
39
43
234
238
242
249
246
93
266
270
269
149
280
284
279
121
5
9
311
186
317
192
5
9
186
190
337
41
349
355
205
5
9
376
380
383
387
141
145
149
20
24
278
282
290
92
5
9
154
158
61
5
452
456
459
460
464
468
129
34
133
482
486
109
490
329
5
507
514
518
23
357
235
538
263
131
38
441
445
449
453
86
175
448
179
187
609
613
79
478
621
497
318
501
505
498
334
646
650
504
659
508
356
360
673
364
531
369
373
150
183
697
493
395
497
204
180
392
396
523
400
739
615
276
390
394
287
235
239
639
502
777
506
786
790
297
622
626
478
630
638
470
822
474
498
830
832
836
837
694
698
524
702
719
531
718
722
344
876
880
379
890
383
431
895
482
486
764
772
582
499
586
795
595
599
939
418
803
807
811
677
495
977
436
690
440
697
867
562
881
885
580
654
1022
1028
1032
848
1040
852
679
520
731
524
737
906
910
1073
766
602
1084
1088
779
1093
885
889
561
1120
1124
767
581
856
860
737
1152
741
1161
1165
807
992
996
759
1000
940
944
696
950
954
707
958
1203
1209
1075
969
976
980
1087
762
766
1088
776
988
782
835
839
1279
838
842
855
846
850
1060
854
866
870
1081
1085
1337
1089
1100
1104
1219
1227
1053
908
1057
1378
916
1128
1133
1392
1137
931
1406
1280
1284
1162
1288
1176
1180
1304
1310
1163
1191
1197
1201
1205
1209
1184
1215
1219
1046
1099
1103
1060
1107
1510
1111
1515
1519
984
988
1525
1113
1553
1557
1561
1563
1444
1448
1578
1452
1463
1269
1273
1608
1143
1611
1358
1621
1362
1161
1165
1372
1376
1399
1644
1648
1412
1511
1175
1179
1423
1526
1530
1534
1194
1408
1412
1693
1697
1575
1195
1579
1202
1328
1332
1587
1591
1207
1211
1754
1758
1575
1766
1579
1459
1463
1780
1630
1634
1437
1441
1445
1816
1820
1823
1824
1830
1691
1695
1856
1860
1861
1871
1875
1876
1879
1888
1892
1896
1759
1765
1565
1662
1671
1452
1580
1456
1406
1410
1418
1866
1870
1874
1744
1748
2045
2049
1742
1746
1600
2059
1604
2065
2069
2073
2077
1952
1956
2104
1610
2109
2113
1966
2120
1970
1630
1983
1987
1987
1993
1997
1802
1867
1871
2176
2180
1831
2054
2060
1838
1696
1702
1849
1853
1857
2224
1861
1867
2236
2240
1914
1918
1778
1782
2522
2526
2401
2405
2221
2225
2098
2556
2102
2563
2113
2117
2745
2749
2222
2226
2893
2897
2901
2780
2784
70
74
78
82
86
90
94
98
105
112
116
121
139
143
152
156
8
164
14
206
210
213
28
219
230
234
238
241
15
246
251
255
111
259
126
264
141
5
29
9
298
162
308
166
313
172
320
176
38
42
332
5
19
9
26
358
362
366
370
213
374
381
385
385
55
59
404
408
412
417
141
145
432
436
13
262
34
38
272
142
146
272
9
21
145
149
493
497
73
110
506
114
386
247
400
242
109
540
544
548
259
552
556
561
563
375
575
579
583
589
343
602
606
468
612
472
430
434
623
350
354
358
643
316
320
234
149
664
303
307
253
168
172
173
177
257
183
268
708
536
423
719
723
274
446
312
598
323
312
338
601
442
788
446
797
801
658
805
809
813
660
517
521
675
676
544
840
548
530
534
415
521
385
873
389
353
357
889
718
722
726
906
730
921
925
774
643
930
467
471
940
802
950
806
962
805
524
809
828
813
692
703
707
826
510
676
680
879
684
690
694
893
548
552
647
651
712
518
1052
720
1061
819
823
738
695
699
1083
1087
1090
1091
1095
1099
757
1106
761
589
825
974
978
828
832
667
850
999
1003
724
728
686
690
1166
1170
1038
1042
724
917
1197
1201
743
944
948
1080
952
702
1092
966
970
974
978
1254
1258
1259
1265
1141
1089
1147
1151
1100
1106
1110
1162
978
982
983
833
837
998
827
831
835
839
1109
1369
1373
1378
1377
1385
1389
1393
1074
1397
1078
1407
1411
963
1421
1425
979
1429
1433
1445
1437
1450
1454
1457
1289
1452
1456
1297
1460
1472
1479
1477
1477
1481
1497
1485
1499
1503
1507
1507
1497
1346
1502
1517
1521
1395
1374
1378
1120
1409
1258
1540
1549
1553
1144
1557
1572
1561
1580
1584
1584
1300
1304
1308
1071
1075
1192
1196
1476
1480
1301
1305
1175
1373
1179
1645
1379
1171
1175
1670
1516
1520
1524
1362
1366
1703
1205
1710
1714
1303
1307
1226
1732
1736
1737
1745
1609
1606
1613
1760
1379
1383
1429
1387
1629
1634
1393
1450
1283
1412
1287
1525
1529
1332
1336
1851
1855
1715
1719
1591
1595
1599
1652
1603
1613
1617
1534
1623
1437
1545
1551
1448
1452
1976
1840
1844
1707
1711
2169
2173
1978
1982
1807
1811
1677
1681
2252
2256
2089
2262
2095
1961
2273
2282
2286
1976
2164
1793
1797
2175
1945
1949
2354
2358
2224
2228
2105
2109
1959
1963
2393
2397
2085
2089
2411
2415
2260
2264
2268
2124
2128
2570
2574
2578
2434
2438
2442
2446
2138
2142
2613
2617
2687
2691
2695
2524
2528
2532
2351
2355
2728
2732
2447
2451
3139
3143
2876
2880
2659
2663
70
74
105
109
112
113
119
119
139
143
145
21
25
162
171
175
177
34
182
187
191
48
30
34
206
210
216
220
61
65
234
238
241
7
16
20
17
21
264
268
269
272
277
281
122
289
126
36
5
140
5
311
9
319
8
29
106
5
29
85
5
25
9
140
144
148
382
152
391
395
399
269
414
5
5
14
9
9
72
13
231
235
21
26
458
462
99
126
257
100
475
14
5
22
62
66
515
520
524
148
410
414
272
554
276
182
97
101
123
581
394
191
398
133
137
162
141
618
145
225
229
299
159
163
167
171
175
657
179
262
266
202
209
278
282
203
294
220
224
710
228
718
722
726
563
245
249
736
503
507
752
511
275
433
293
783
297
367
371
375
803
379
619
623
627
391
631
824
635
829
699
669
646
492
689
496
694
856
473
694
571
732
575
873
726
494
730
402
889
406
899
903
473
422
914
918
489
471
924
933
937
945
751
494
958
826
770
830
973
977
852
786
988
992
797
871
872
876
880
887
746
824
828
832
761
836
760
764
1048
768
1053
852
611
615
1068
903
872
914
918
888
892
896
1107
900
910
914
1125
918
924
928
783
1148
1152
1155
1156
804
681
685
1175
1046
1184
1050
1190
1192
983
987
866
1067
1071
1040
1049
875
882
904
780
895
784
905
796
821
825
933
1287
1291
1057
1061
1302
877
881
1177
1326
1330
1147
1199
1151
908
912
916
964
920
1088
1093
974
1097
931
1103
1107
942
948
1118
942
946
1404
1408
1409
1415
1293
1268
1427
1431
1306
1289
1287
1072
1076
1307
1009
1460
1209
1213
1233
1079
1024
1247
1095
1095
1099
1235
1239
1509
1243
1516
1391
1254
1264
1268
1406
1153
1157
1430
1434
1570
1312
1575
1579
1580
1586
1590
1595
1594
1341
1212
1607
1432
1436
1224
1283
1627
1287
1629
1633
1503
1643
1507
1172
1177
1252
1449
1453
1457
1461
1196
1235
1276
1239
1690
1694
1571
1704
1575
1709
1554
1715
1558
1394
1399
1567
1571
1738
1575
1746
1618
1396
1615
1619
1406
1410
1633
1421
1425
1329
1827
1831
1504
1835
1360
1364
1851
1579
1583
1430
1434
1902
1906
1709
1713
1561
1565
1797
1569
1631
1941
1635
1948
1646
1650
2029
2033
1892
1896
1721
1725
2082
2086
1942
1946
1802
1806
1627
2114
1631
2121
1986
1990
1805
1809
2155
2159
1965
1969
1845
1849
2195
2199
2029
2033
2236
2240
2113
2117
2285
2289
2291
2142
2304
2172
2158
2176
2054
2058
2015
1900
1904
2029
1896
1900
2510
2514
2289
2293
2147
2151
2721
2725
2507
2511
2515
2388
2392
2396
70
74
78
82
105
109
112
116
119
120
126
5
138
9
145
149
153
5
164
9
17
21
176
26
185
30
202
206
211
210
215
216
84
224
88
229
231
234
238
256
260
263
268
272
275
279
106
110
290
294
296
301
305
309
23
27
326
31
5
40
9
47
60
64
357
361
365
369
370
373
248
252
256
260
157
254
258
128
262
423
427
431
276
435
446
450
454
220
71
456
476
264
268
492
108
39
43
218
222
380
525
529
530
373
544
548
423
555
427
441
305
579
314
436
217
155
221
612
160
617
227
490
494
468
317
635
485
349
213
217
663
221
351
670
509
351
525
355
365
369
694
373
554
559
436
440
547
551
724
384
736
306
401
310
316
414
601
605
775
609
784
788
425
663
667
385
671
440
445
549
553
404
405
826
409
834
510
698
841
846
849
565
716
579
540
583
584
461
876
465
685
689
889
895
899
570
904
531
645
535
585
470
474
662
666
553
673
677
565
681
638
546
550
967
971
974
975
596
986
990
994
994
997
1001
1004
1005
1006
1011
746
1024
1028
1028
818
829
702
1046
709
658
662
1076
666
1081
812
903
1089
907
1096
967
1103
971
1104
1108
1115
1119
954
816
1122
1126
1134
830
973
812
1140
1014
1018
876
1165
1160
1164
1177
1168
844
898
1182
1186
924
1190
1210
1214
1199
912
941
818
822
1214
928
1227
1231
840
1235
1239
1262
1243
1267
1271
1250
1084
1278
1158
1287
1162
1297
1301
1305
920
1286
1290
1294
1298
986
994
1145
972
1064
1321
1325
1329
987
1333
1084
1337
1371
1341
988
1350
1354
1390
1358
1399
1403
1407
1268
1376
1418
1282
1281
1286
1396
1400
1404
1140
1408
1308
1312
1150
1421
1425
1429
1175
1179
1488
1038
1489
1493
1497
1053
1501
1510
1284
1305
1166
1403
1409
1226
1177
1559
1563
1236
1406
1192
1410
1220
1582
1224
1588
1591
1196
1202
1605
1387
1391
1619
1395
1228
1232
1637
1641
1514
1518
1356
1659
1360
1666
1667
1531
1535
1679
1539
1543
1547
1551
1555
1559
1528
1532
1717
1723
1532
1398
1543
1341
1414
1345
1754
1758
1767
1771
1772
1780
1365
1603
1369
1609
1939
1943
1961
1965
1969
1973
1977
1981
1985
1989
2004
2014
1754
2004
1762
1613
2019
1617
2026
2030
2034
2038
2042
2046
2050
2054
2058
2062
2066
2070
1951
2086
2090
1975
2094
1994
2120
2124
2128
2132
2136
2140
2144
2148
2152
2156
2160
2164
2168
2172
2176
2180
2184
2234
2188
2194
2198
2249
2119
2123
2213
2127
2133
1851
2228
1857
2107
2111
2332
2336
2340
3151
3155
3008
3012
2882
2886
69
73
91
95
105
109
110
129
133
138
18
22
160
5
9
175
13
181
182
187
191
192
35
39
226
230
233
237
238
15
19
272
102
280
106
288
292
6
300
10
305
308
171
175
320
32
326
344
5
32
36
19
365
244
248
375
381
386
390
393
263
105
109
408
412
416
420
292
424
50
54
261
5
453
457
34
5
473
9
54
5
51
21
81
85
335
89
523
279
283
16
14
86
556
377
381
568
94
580
584
61
404
592
408
121
599
81
603
610
473
186
483
350
626
632
636
361
511
459
463
521
177
181
662
530
537
534
677
402
152
156
160
419
284
701
288
708
712
584
721
588
310
182
401
186
408
412
415
419
754
762
766
583
636
402
406
780
662
666
572
622
462
306
466
822
826
830
315
318
322
333
676
680
529
533
642
411
370
888
892
530
430
779
783
638
552
394
398
649
653
935
492
940
944
946
950
726
509
730
958
965
718
971
976
980
729
793
987
991
995
641
513
517
1012
785
789
1026
653
839
692
664
696
1047
915
513
919
533
537
1065
721
725
838
842
541
846
1088
721
568
1107
948
1118
952
1125
1129
1129
801
805
957
809
776
973
977
1168
1172
670
758
1180
1184
765
1188
685
972
1196
1201
1026
985
1030
1216
1220
1221
1006
1010
1241
1245
920
1085
1089
763
1260
1265
1269
1273
1147
781
785
789
793
792
796
1172
800
1306
804
992
1330
1334
824
1339
1343
1345
1172
845
849
853
1369
1373
1370
1204
1000
1387
1004
1258
1262
879
1139
1276
1281
893
1285
1162
1156
1166
1015
1019
1032
1036
1172
1459
1463
1325
1329
1474
1478
1288
1484
1490
1345
1299
1351
1310
1314
1153
1318
1179
1183
969
1536
1540
1193
984
1216
1220
1375
1379
1252
1256
1117
1121
1344
1348
1219
1223
1079
1083
1640
1644
1497
1650
1656
1498
1508
1515
1381
1685
1320
1324
1328
1704
1332
1582
1586
1723
1422
1357
1361
1392
1365
1435
1442
1257
1757
1629
1272
1633
1256
1260
1311
1264
1319
1789
1793
1419
1472
1455
1296
1300
1435
1293
1491
1297
1301
1915
1502
1506
1963
1967
1971
1975
1979
1983
1987
1991
1862
1866
1564
1568
2116
2120
1885
1889
2195
2199
2220
2224
2084
2088
2092
2096
2246
1943
2252
2256
1922
2261
1959
2271
1896
1937
1786
1790
1907
1794
1798
2320
2324
2195
2199
2010
2014
2018
2022
2026
2364
2030
2047
2051
2387
2057
1887
2218
2224
2100
1898
2104
2108
2112
2116
2433
2120
2124
2314
2318
2192
2196
2035
2039
2503
2507
2207
2211
2048
2052
2056
2060
2064
2068
2072
2076
2080
2084
69
73
91
95
105
109
110
114
123
127
132
136
141
15
5
152
9
157
5
170
9
175
179
179
194
198
52
48
205
52
214
218
218
222
244
248
252
252
59
63
277
281
281
122
287
136
140
144
305
148
312
316
17
173
166
132
136
185
20
5
355
5
192
223
227
48
56
5
31
9
411
415
79
426
430
77
292
436
443
66
304
70
454
458
114
327
331
472
476
480
192
484
26
30
34
501
38
510
514
518
177
520
524
528
532
542
536
79
83
552
556
548
435
439
436
570
441
585
591
595
599
605
603
266
270
617
621
624
497
630
508
490
640
387
519
391
656
516
391
528
532
393
681
397
416
278
282
286
383
238
563
428
714
426
271
275
344
348
611
600
317
321
366
325
764
768
641
631
308
312
786
316
792
649
658
662
666
534
538
655
659
680
514
518
496
384
847
851
397
855
528
521
525
556
550
554
568
901
905
600
727
733
737
470
485
948
952
953
970
849
692
853
701
986
708
585
998
598
829
833
1023
691
695
1040
894
898
1062
1066
1069
1070
677
681
1082
685
1092
1096
956
706
710
1112
967
971
726
1136
1140
919
1009
1151
1155
1021
1159
941
784
788
1176
792
1053
1057
1196
1061
815
819
1069
1073
1215
932
1240
1244
964
1115
1252
1256
1118
1083
1265
1269
1132
1282
1286
1286
1290
1156
1160
1015
985
1304
1172
1176
1185
969
1193
1197
1049
1061
1071
924
1002
928
1074
1078
1368
1082
1375
1381
1237
1388
1392
1395
1212
1254
1045
1086
1049
1135
1094
1240
978
982
986
1155
1159
1034
978
1129
1133
1458
1282
1286
1471
1126
1300
1138
1491
1142
1147
1042
1109
1113
1551
1555
1325
1563
1329
1335
1339
1577
1370
1374
1356
1360
1601
1610
1614
1376
1618
1342
1205
1281
1209
1490
1289
1641
1645
1408
1523
1306
1310
1514
1348
1425
1541
1404
1358
1408
1440
1254
1690
1695
1450
1265
1466
1470
1587
1308
1312
1616
1473
1477
1322
1326
1676
1464
1468
1818
1822
1699
1703
1834
1555
1561
1565
1849
1586
1590
1464
1714
1468
1721
1695
1699
1547
1551
1555
1559
1921
1563
1577
1945
1949
1953
1956
1959
1963
1967
1974
1978
1983
1989
1993
1989
2003
1814
2004
2010
2014
1825
2020
2024
1646
1652
1656
2035
2039
2043
1863
1867
1701
1705
1709
1899
1960
1790
1794
1884
2264
2268
2273
2111
2121
1925
2290
1929
2161
2165
1976
1980
1856
1860
2369
2373
2377
2193
2197
2201
2456
2460
2123
2127
2003
2313
2769
2773
2645
2649
2521
2525
2364
2368
2844
2848
2700
2704
2534
2538
3455
3459
3264
3268
3125
3129
69
73
91
95
105
109
110
114
123
127
132
136
141
5
150
6
23
27
170
31
29
182
186
189
193
201
5
207
65
217
69
63
222
25
18
22
248
252
58
260
62
267
267
117
121
279
285
289
290
300
174
178
95
99
191
103
202
206
52
56
128
132
356
6
361
365
241
374
245
222
95
226
36
5
394
5
114
9
121
125
5
420
425
429
111
22
115
443
447
40
324
328
77
477
81
68
72
76
283
287
506
510
514
516
336
340
529
161
540
544
543
551
320
400
324
564
400
94
413
417
344
204
213
430
279
610
283
166
170
472
476
480
484
170
653
657
180
667
671
674
680
471
546
522
526
220
301
562
305
549
569
720
551
580
591
595
570
599
751
755
607
230
545
406
410
774
425
429
240
640
244
795
647
440
657
661
687
288
452
456
833
837
524
641
723
545
549
864
553
666
874
732
736
887
891
335
748
752
349
575
915
919
923
923
592
596
600
938
608
612
951
959
963
622
762
766
610
982
614
843
848
993
852
480
484
488
1013
836
533
840
1028
1032
1033
550
708
712
922
1059
932
932
601
605
736
609
798
743
1090
888
752
892
813
668
763
672
710
615
1121
1125
722
966
628
970
844
848
1012
891
895
1156
1158
1162
607
1166
1170
1031
779
1035
1188
1192
1195
1071
911
915
1210
734
1221
1225
751
918
922
1109
979
983
878
882
863
957
1308
1312
1122
1126
1130
1134
944
1138
1142
1005
1009
886
1193
1363
1367
1203
1371
901
1123
1127
1224
958
1398
1402
969
1278
1282
1245
1167
1171
1260
1434
1438
1265
1275
1269
1013
1138
1464
1468
1153
1472
1038
1042
1295
1299
1169
1184
1188
1188
987
993
1200
985
989
1544
1548
1549
1564
1414
1572
1418
1575
1579
1583
1586
1382
1297
1386
1600
1604
1267
1608
1314
1140
1469
1144
1288
1292
1480
1296
1159
1300
1646
1304
1310
1314
1318
1665
1322
1384
1388
1551
1392
1561
1386
1224
1392
1270
1235
1274
1278
1282
1286
1740
1744
1355
1359
1774
1778
1570
1574
1790
1437
1456
1315
1818
1321
1640
1644
1648
1652
1318
1322
1326
1610
1614
1618
1622
1442
1446
1988
1992
1660
1664
1668
1672
1676
1680
1684
1688
1692
1696
1700
1704
1708
1712
1716
1720
1724
1592
2083
1602
2099
1971
1975
1839
2118
1843
2124
1945
1949
1644
1648
1652
1656
1660
2160
1679
2185
1907
1911
2237
2241
2245
2249
2253
2082
2264
2086
2271
2147
2151
2155
1982
1986
2385
2389
2213
2217
2037
2041
2020
2024
2455
2459
2068
2072
3560
3564
3432
3436
3097
3101
69
73
77
81
85
91
89
104
108
111
115
124
128
132
138
136
151
155
11
174
5
181
185
186
54
37
41
198
39
36
43
91
95
228
232
233
250
254
118
259
102
265
275
279
281
291
313
317
11
15
5
341
9
347
345
353
357
358
377
254
239
389
393
167
204
171
246
211
415
419
5
432
9
437
21
287
447
451
34
455
459
338
47
342
334
6
5
506
9
362
513
207
211
523
535
539
541
332
404
408
283
361
287
442
291
586
590
383
179
472
476
331
195
335
404
625
629
317
418
248
167
473
477
328
264
332
189
668
672
303
366
543
376
255
697
259
703
334
707
711
715
717
518
601
522
425
429
472
298
376
380
386
390
316
394
498
369
326
373
786
790
638
796
427
431
806
435
811
663
815
828
832
641
679
645
835
840
844
656
473
477
711
715
873
883
887
734
544
888
892
771
914
775
569
573
767
436
625
629
448
795
621
625
561
565
975
569
981
982
856
860
737
741
870
568
869
873
590
580
753
757
608
531
768
772
1043
1047
623
550
1058
1062
867
643
871
677
681
759
763
673
613
942
622
688
1126
1130
1131
1134
1137
1138
1147
1001
1149
1155
1159
1012
1163
1167
1178
1171
1183
1187
1008
1184
1012
1199
1042
1022
1046
1204
857
861
889
893
1046
917
1236
921
953
1066
1259
1263
1108
1112
899
1279
990
913
1307
1044
1048
857
1154
931
1347
935
1352
1203
1222
1089
1093
1237
1241
1103
1107
1111
969
973
1404
1264
1268
1099
991
1103
1107
1429
1111
1437
1437
1447
1451
1454
1331
1191
1466
1195
1335
1344
1348
1484
1223
1016
1020
1347
1034
1368
1155
1262
1159
1069
1073
1173
1177
1556
1560
1415
1568
1419
1575
1579
1319
1323
1363
1327
1597
1449
1318
1453
1382
1145
1200
1149
1155
1159
1350
1163
1224
1167
1229
1344
1348
1352
1660
1356
1670
1674
1366
1679
1516
1378
1520
1535
1539
1388
1543
1320
1325
1719
1723
1367
1727
1420
1424
1741
1428
1387
1758
1602
1452
1606
1470
1474
1587
1593
1309
1330
1315
1319
1341
1345
1813
1817
1821
1686
1690
1833
1839
1695
1557
1563
1391
1706
1502
1506
1407
1378
1416
1420
1389
1431
1435
1406
1439
1443
1447
1877
1542
1546
2151
2155
2033
2037
2041
2045
1860
1864
1868
1872
1714
2203
1718
2210
2086
2090
2224
1949
1959
1794
2241
1800
2094
2098
1831
1835
1839
2318
2322
2198
2202
2078
2082
2086
1901
1905
1909
2417
2421
2424
2254
2433
2123
2265
2070
2074
2134
2149
2100
2798
2802
2656
2660
2531
2535
2356
2360
3184
3188
2976
2980
2789
2793
69
73
77
81
91
95
105
109
110
129
133
138
137
143
148
152
155
30
164
5
59
39
43
199
47
206
75
211
215
216
220
89
94
229
98
235
5
5
252
23
266
270
25
145
280
6
290
294
295
170
49
53
327
331
335
335
340
219
223
227
358
94
367
371
376
380
219
390
5
413
417
420
217
253
257
227
440
444
313
448
484
488
61
196
72
510
514
519
518
526
530
530
548
419
553
423
560
410
565
445
449
319
279
434
258
330
262
208
605
308
178
625
182
630
233
498
372
502
228
515
482
486
656
242
672
550
554
292
290
691
568
398
572
308
392
308
396
460
464
402
591
361
340
365
421
425
429
751
307
366
370
255
321
771
775
273
554
393
558
325
792
334
806
810
813
656
820
824
824
672
829
697
676
840
844
557
719
855
859
704
726
552
556
587
591
738
744
485
447
772
613
617
621
479
483
490
498
502
954
506
546
961
786
967
972
976
799
980
985
860
635
864
872
742
655
746
859
863
1028
700
674
530
534
1046
538
1053
1057
729
889
556
560
945
949
782
908
786
625
630
640
644
926
930
1110
934
1113
1117
1123
1121
950
954
903
795
1003
1007
810
1011
666
670
800
674
946
808
1185
1189
818
822
826
836
695
829
833
711
854
715
716
709
1251
1255
867
1259
1265
1263
1273
1277
1282
1281
1291
1295
1175
915
919
1193
1012
1318
1020
1024
979
869
989
993
880
884
888
892
1373
1377
1378
1238
1388
1392
1248
1396
1224
1228
1262
1147
1151
1238
1025
1055
1060
1248
1036
1464
1468
1473
1142
1154
982
1493
1321
1325
1190
1006
1194
1065
1069
1542
1546
1555
1559
1563
1410
1414
1245
1249
1128
1132
1604
1608
1180
1184
1188
1624
1192
1211
1429
1433
1663
1246
1675
1365
1262
1369
1270
1342
1274
1349
1353
1214
1218
1720
1222
1744
1619
1250
1623
1627
1496
1500
1504
1339
1343
1790
1397
1401
1658
1662
1666
1670
1842
1674
1680
1684
1854
1863
1668
1698
1715
1719
1691
1723
1899
1904
1729
1532
1536
1540
1415
1419
1944
1806
1950
1960
1798
1821
1804
1678
1590
1596
1689
2075
2079
1892
1896
1763
1767
1635
1639
1643
2171
2175
2040
2044
2190
1921
2208
2070
1943
2076
1903
1713
1719
1914
1918
1780
2251
1784
2257
2105
2109
1821
1825
2282
1829
2289
2293
1840
2097
2101
1968
1972
1821
1825
2509
2513
2338
2342
2213
2217
2560
2564
2406
2410
2208
2212
2069
2073
2653
2657
2437
2441
2315
2319
2683
2687
2536
2540
2398
2402
2270
2274
2445
2312
2316
3076
3080
3084
2731
2735
69
73
91
95
105
109
110
114
123
127
132
6
15
149
155
159
160
164
165
169
172
9
178
6
183
188
192
192
16
20
39
5
9
62
66
70
244
74
249
254
256
258
264
268
77
278
81
5
9
13
107
311
315
315
102
320
106
10
5
340
346
345
26
183
5
41
5
205
209
65
213
230
234
59
238
240
424
428
429
438
442
265
302
91
95
455
459
461
258
262
326
266
270
23
274
128
294
133
299
506
179
5
9
526
530
199
534
543
547
302
49
306
569
573
108
326
86
582
433
437
601
605
359
114
363
367
623
188
169
173
300
169
205
173
654
658
656
660
302
491
163
674
534
504
538
324
557
561
215
288
291
295
228
722
726
310
497
452
503
507
463
513
517
758
521
482
349
769
533
410
541
363
788
548
424
552
560
453
457
826
830
584
634
598
602
854
858
656
868
872
377
389
526
530
897
901
902
688
911
915
788
709
704
708
722
726
940
944
948
820
955
769
832
464
468
982
986
989
855
994
998
869
1010
1014
886
892
901
905
908
914
918
791
922
563
567
931
935
807
813
646
1087
650
1097
938
667
942
973
826
830
613
1128
617
998
957
1141
1145
970
974
719
978
984
839
843
702
1043
706
748
1011
759
724
763
1069
730
1213
1217
912
1224
1228
1232
1233
934
938
779
1248
783
1256
1129
1262
1133
1007
1011
1010
881
887
891
1025
1299
1041
917
921
1328
1332
1337
1336
863
867
1351
1087
1351
1357
1198
1098
1202
1374
1182
977
1387
981
1191
1222
1195
1409
1413
1157
1008
936
940
1022
1026
1176
1180
1053
982
1057
1473
1477
1481
1485
1295
1299
1146
1150
1512
1516
1520
1524
1528
1532
1536
1399
1550
1403
1561
1427
1251
1257
1583
1587
1447
1468
1472
1310
1316
1320
1267
1271
1148
1152
1637
1641
1646
1645
1371
1375
1658
1507
1511
1373
1508
1377
1680
1685
1388
1257
1261
1541
1545
1403
1253
1257
1405
1409
1719
1723
1462
1466
1305
1309
1787
1791
1637
1641
1500
1504
1508
1820
1512
1837
1841
1640
1644
1852
1715
1719
1552
1560
1564
1556
1568
1574
1578
1569
1438
1442
1602
1606
1610
1614
1934
1944
1948
1630
1952
1960
1964
1831
1649
1835
1972
1977
1674
1491
1495
1689
1486
1817
1830
1509
1507
1513
1517
1662
1666
2129
2133
1999
2003
2007
1817
1821
2234
2238
1725
2311
2315
2110
2114
2118
2122
1996
2000
2346
2365
2369
1897
2205
2216
2220
1917
2028
1927
1931
2039
2445
2449
2178
2182
1990
1994
1998
2815
2819
2698
2702
2342
2346
2605
2609
2446
2450
69
73
91
95
105
109
110
129
133
138
6
148
152
155
21
30
173
177
181
185
190
189
195
195
51
55
214
218
219
222
227
231
235
239
239
248
252
254
107
111
265
115
266
271
278
275
108
5
300
89
12
93
19
19
23
34
318
322
38
331
335
60
339
211
12
67
71
186
379
383
91
95
74
241
54
408
412
100
104
425
108
81
301
114
146
118
151
451
155
5
467
9
140
144
494
148
160
164
212
128
132
181
185
234
546
336
79
103
107
351
574
166
170
587
591
121
411
415
606
419
612
616
155
626
405
409
506
257
183
299
303
658
307
529
668
414
418
490
494
301
325
315
539
543
352
547
580
584
343
349
746
750
610
618
626
630
634
632
638
484
788
792
796
798
482
486
651
655
817
508
821
655
831
659
524
842
581
490
585
856
495
861
861
872
502
728
508
512
894
898
486
902
757
761
765
507
769
928
773
761
765
943
601
605
613
617
495
961
966
970
831
692
512
712
716
708
595
999
877
1005
884
750
606
754
624
617
770
621
625
1053
1057
931
770
1072
1076
1076
934
938
929
1103
1107
781
950
1118
1122
994
796
998
970
850
1140
1144
991
861
703
847
757
761
765
861
769
725
992
996
767
904
771
1075
775
951
955
1220
813
819
823
1239
879
883
887
1257
891
897
1271
897
1281
901
1286
1290
1293
1294
1300
1304
1308
1179
1312
1168
1172
1182
1046
1199
1058
1062
1197
1065
909
913
879
1217
1089
1093
938
942
1434
1438
1087
1296
1449
1453
1071
1105
1075
1317
1112
1478
1482
1196
1169
1200
1140
1144
1503
1187
1219
1079
1083
1526
1311
1532
1321
1190
1548
1194
1419
1199
1423
1287
1291
1214
1301
1155
1229
1161
1240
1244
1248
1252
1622
1256
1629
1452
1267
1276
1280
1468
1284
1669
1673
1490
1271
1311
1315
1319
1284
1323
1512
1376
1380
1337
1343
1347
1728
1351
1400
1360
1364
1744
1515
1519
1380
1380
1386
1391
1395
1399
1403
1407
1411
1415
1806
1419
1425
1429
1820
1695
1699
1440
1533
1537
1843
1552
1556
1866
1396
1402
1406
1879
1481
1485
1891
1895
1900
1719
1907
1673
1730
1679
1683
1744
1687
1704
1708
1513
1712
1518
1522
1532
1526
1547
1551
1542
1546
1550
1554
2095
2099
1956
1960
1831
1835
2123
2127
1934
1938
1942
1946
1950
1954
1958
1962
1966
1970
1767
1771
2067
1944
1948
1952
1792
1796
2276
2280
1979
1983
2293
2297
2298
2302
2306
2149
2153
2157
2032
2036
2040
2447
2451
2252
2256
2097
2101
2626
2630
2315
2319
3205
3209
2839
2843
2847
2851
69
73
91
95
105
109
110
114
123
127
132
131
10
14
149
155
159
160
165
169
175
179
180
187
191
193
37
5
51
9
214
59
223
56
52
56
70
74
9
251
13
258
262
141
270
145
276
277
39
6
286
10
294
64
167
171
83
5
320
324
181
110
114
194
198
111
354
5
83
6
51
368
5
18
149
153
5
195
9
245
55
211
215
32
5
437
441
47
239
83
243
62
467
5
472
477
479
213
59
63
67
499
71
506
127
516
131
54
58
62
534
66
540
544
544
409
552
413
556
368
372
567
376
299
380
581
585
589
239
456
460
315
321
324
200
334
204
226
208
212
635
220
224
648
510
655
514
660
455
665
467
442
446
545
272
403
407
261
168
483
487
491
305
495
735
499
191
292
196
200
294
298
756
307
771
775
602
608
437
791
441
798
648
808
812
661
816
654
658
519
632
636
453
533
328
515
525
479
358
349
417
421
371
893
761
497
765
550
503
390
914
919
923
549
928
410
562
426
759
763
767
632
636
977
640
982
986
857
991
670
1022
1026
864
756
642
646
874
650
666
670
742
800
757
600
690
604
1094
1098
1102
1104
1114
976
952
963
769
992
1143
1147
869
784
788
1162
792
736
740
802
671
1182
675
952
1028
1059
861
962
1043
904
873
908
757
761
991
995
927
826
830
942
796
800
981
817
821
1282
1082
1086
947
1300
951
1307
1311
1134
1320
1138
1329
1080
1149
1091
935
1166
939
1174
1022
981
1026
965
970
991
995
907
868
872
926
1013
1017
1027
887
891
1450
1454
1458
1462
1486
1490
1494
1498
1329
1507
1327
1340
1520
1524
1528
1532
1121
1368
1547
1551
1382
1390
1142
1218
1222
1407
1411
1415
1586
1267
1596
1405
1278
1139
1143
1418
1422
1426
1626
1256
1260
1637
1289
1293
1283
1149
1153
1682
1686
1687
1696
1700
1699
1705
1336
1340
1713
1591
1595
1730
1462
1738
1606
1476
1375
1379
1756
1392
1396
1578
1404
1408
1648
1501
1505
1420
1429
1433
1437
1441
1328
1639
1499
1455
1348
1470
1474
1478
1524
1410
1414
1494
1723
1727
1915
1731
1672
1676
1742
1748
1752
1457
1466
1545
1549
1505
1555
1559
1516
1991
1995
1999
1835
1839
1843
1631
1635
1639
1643
2039
2043
1873
1877
1747
1751
1795
1525
1529
2214
2218
2094
2098
1963
1967
1843
1847
2264
2268
2141
2145
2003
2007
1816
1820
2299
2310
2314
2314
1841
1845
2120
2124
2333
1998
2002
2344
2154
2158
1879
1885
2007
2011
2394
2398
2211
2215
2219
2223
2642
2646
2510
2514
2194
2198
69
73
91
95
99
105
109
110
114
123
127
132
136
141
145
150
7
155
159
160
168
17
176
21
183
183
199
5
16
5
37
9
44
229
48
245
249
265
269
272
140
148
152
7
287
293
161
302
69
73
130
187
332
336
340
196
5
358
9
363
365
242
5
9
387
391
394
395
267
271
78
430
434
438
167
193
446
450
180
454
472
476
478
348
204
208
362
240
306
259
263
267
240
244
95
99
103
222
66
131
70
312
316
54
83
87
91
337
341
629
345
109
113
117
644
126
663
667
670
671
677
553
517
557
178
182
412
416
537
420
194
198
552
272
276
413
417
569
237
220
251
255
767
771
606
639
643
406
495
499
600
802
806
525
529
533
537
431
435
461
289
469
320
304
324
606
610
614
618
886
622
498
502
896
900
633
905
909
687
741
653
499
699
759
632
689
636
518
522
952
956
647
813
817
501
659
467
472
982
476
519
994
868
495
872
620
1014
624
468
1037
1041
1044
841
847
662
666
1068
1072
1073
1079
1083
946
950
952
559
963
831
835
839
583
695
699
1139
1143
711
930
1157
1161
728
1027
951
1031
1176
1180
1181
1009
1013
975
840
844
900
904
996
1222
1063
785
1067
765
770
799
1082
956
960
811
951
815
792
1129
796
1278
984
990
994
1085
850
854
1096
1100
1324
1328
1130
1134
986
917
990
994
1391
1395
1270
1274
1408
1278
1129
1133
1422
1301
1305
1309
1083
976
1087
983
1341
1474
1478
1348
1352
1356
1360
1502
1364
1521
1525
1527
1341
1392
1396
1348
1224
1350
1354
1233
1193
1225
1230
1199
1029
1063
1069
1040
1592
1596
1454
1458
1322
1326
1330
1334
1338
1665
1669
1540
1541
1544
1387
1391
1686
1355
1359
1560
1431
1435
1276
1196
1200
1579
1583
1292
1451
1254
1455
1304
1308
1267
1750
1754
1352
1356
1794
1798
1671
1675
1812
1513
1666
1670
1407
1532
1379
1383
1422
1293
1854
1569
1573
1304
1451
1455
1921
1925
1795
1788
1799
1630
1634
1584
1588
1592
1419
1423
2022
2026
1694
1698
1702
1706
2129
2133
2007
2011
2015
2019
2023
2027
2031
2035
1893
1897
1645
1649
2203
2207
1978
1982
2217
1986
1813
1817
2292
2296
2149
2305
2153
2317
2321
1975
2328
1979
2046
2050
1883
2199
1998
1826
2361
1830
1902
2366
2223
2079
2083
2252
1954
1923
1927
2262
2126
1966
1846
1850
2137
1984
1988
1992
2599
2603
2451
2455
2228
2232
3156
3160
3001
3005
2866
2870
3396
3400
3237
3241
3245
2990
2994
3565
3569
3433
3437
3196
3200
3720
3724
3423
3427
3305
3309
3313
3317
3321
3325
3329
69
73
91
95
99
105
109
110
114
123
127
132
136
141
140
152
156
157
30
34
173
177
179
26
194
198
202
204
206
209
34
215
62
220
86
90
244
5
252
6
257
261
123
267
92
272
276
284
288
12
16
20
150
154
167
43
47
323
51
78
333
83
338
6
100
349
353
19
181
120
124
382
5
387
391
10
395
402
279
229
283
139
143
147
428
432
156
448
5
454
459
463
475
5
481
486
219
492
5
509
9
56
245
60
169
19
532
536
31
540
544
358
99
111
109
380
384
582
257
591
595
318
598
132
614
618
338
454
623
302
229
233
653
657
503
491
364
443
519
383
416
457
273
383
277
397
401
435
519
523
204
726
730
433
593
223
744
748
753
398
614
618
622
419
416
284
288
482
791
662
797
308
312
465
686
443
627
830
834
453
838
645
649
390
394
554
558
864
562
501
505
585
898
770
907
774
534
393
538
921
925
929
409
682
418
686
951
955
434
698
518
972
976
674
697
705
734
585
696
702
706
596
710
814
714
1021
1026
824
725
729
555
1041
559
1056
1049
642
646
1067
1071
1075
1087
1079
1091
890
656
894
1104
1108
1098
1112
1117
1121
977
1113
1128
994
998
992
847
851
1010
787
791
862
866
1182
1021
1025
1029
844
888
897
862
866
945
881
885
968
889
893
897
1265
901
1273
1277
1280
1150
1292
1296
1165
1152
1304
1309
1030
1179
934
1043
904
1195
1189
866
1068
985
989
993
933
997
1088
1001
892
1099
1013
1399
1403
1407
1432
1206
1210
1072
1076
1080
1080
943
1468
1472
956
1237
961
965
1489
1493
1285
980
1289
1268
1137
996
1141
1308
1001
1531
1535
1014
1539
1327
1331
1335
1339
1415
1206
1043
1047
1051
1055
1229
1059
1444
1063
1287
1291
1623
1627
1496
1500
1371
1646
1375
1660
1504
1392
1515
1519
1523
1249
1255
1534
1538
1542
1711
1546
1554
1558
1728
1285
1289
1293
1362
1366
1407
1411
1760
1764
1768
1776
1624
1634
1422
1795
1426
1804
1808
1809
1816
1677
1820
1300
1304
1703
1707
1531
1696
1665
1669
1477
1548
1481
1568
1572
1576
1356
1504
1360
1364
1415
1378
1434
1438
1442
2023
2027
2031
1910
1914
1918
1762
1766
2174
2178
2183
2014
2190
2194
2024
2199
1974
1978
2064
2068
1838
1842
2248
2252
2256
2260
2264
2123
2127
2296
2300
2155
2159
2010
2317
2014
2328
2332
2336
2203
1901
1905
2346
2202
2217
2206
2054
2058
2378
2382
2226
2230
2092
2096
1967
1971
1975
1979
1983
1987
1991
2667
2671
2536
2540
2387
2391
2395
2399
2271
2275
2279
76
80
84
88
95
99
102
106
113
117
132
136
140
5
146
150
15
5
9
167
9
187
191
70
201
74
206
45
210
22
217
234
238
243
247
58
254
62
45
49
266
270
275
274
289
293
162
302
166
50
54
309
152
156
322
32
330
45
49
361
365
368
369
5
79
9
386
391
91
214
68
218
82
96
100
239
71
429
49
53
445
449
93
247
459
463
467
310
5
481
9
5
16
498
502
16
506
85
89
31
7
526
530
533
5
18
574
302
403
41
45
84
295
299
134
456
138
625
629
146
428
478
355
362
372
127
499
131
459
337
341
489
277
169
281
166
177
167
174
709
713
471
475
438
352
524
256
360
260
368
753
757
214
278
282
771
286
778
238
782
304
308
798
291
662
265
269
306
833
837
385
845
849
853
686
727
731
874
735
735
739
757
743
895
899
524
768
774
518
772
522
778
468
757
576
580
559
378
571
575
503
579
646
650
420
411
520
434
431
617
621
1005
625
1010
1013
881
711
1024
1032
1036
661
1040
731
677
1058
1062
1069
1066
1076
1080
1076
1083
1087
956
1103
960
941
945
970
815
1124
711
571
831
835
721
1149
982
596
986
1163
864
1015
1019
875
726
1044
734
915
919
1204
1208
1080
1084
804
808
1257
1261
992
1130
1134
1007
874
1287
1291
870
1295
891
880
1310
1314
1320
1318
1329
981
1030
1175
950
954
1068
902
1385
906
1393
1034
1270
1274
912
1040
1415
1420
1420
1050
896
931
900
1263
1267
1439
1257
1261
1278
1059
1063
1294
1057
1477
1061
1075
1079
1500
1504
1506
1365
1378
1185
1530
1189
1535
1538
1543
1547
1416
1354
1420
1100
1104
1342
1346
1375
1289
1039
1361
1043
1265
1366
1605
1609
1450
1615
1385
1389
1290
1464
1468
1634
1304
1408
1412
1490
1139
1511
1515
1218
1156
1222
1162
1514
1166
1523
1521
1391
1395
1306
1312
1152
1406
1156
1799
1509
1513
1517
1521
1333
1337
1858
1862
1864
1866
1878
1564
1882
1568
1574
1578
1897
1607
1425
1933
1429
1940
1944
1948
1952
1736
1740
1581
1585
2093
2097
1940
2106
1944
2119
2123
1736
2128
1973
1746
1977
2138
1666
2146
2150
1673
1931
2154
1935
2164
2168
1946
1928
1932
1957
1938
1792
1968
1974
1978
1803
1982
1986
1990
1994
1778
1782
2336
2340
2343
2096
2110
1981
2367
1985
2177
2181
2034
2038
2042
2642
2646
2401
2405
2215
2219
2717
2721
2549
2553
2326
2330
2205
2209
2760
2764
2768
2772
2776
2780
2784
2788
2629
2633
2464
2468
2345
2349
3125
3129
2959
2963
2811
2815
2631
2635
3892
3896
3900
3646
3650
