5 0.42
10 1.54
15 2.2
20 1.86
25 2.2
30 1.88
35 2.18
40 1.64
45 1.64
50 1.66
55 1.86
60 2.18
65 1.84
70 2.28
75 1.36
80 1.5
85 0.98
90 0.92
95 0.7
100 0.62
105 1.02
110 0.74
115 0.64
120 0.48
125 0.74
130 0.42
135 0.46
140 0.64
145 0.48
150 0.38
155 0.44
160 0.42
165 0.42
170 0.4
175 0.48
180 0.42
185 0.3
190 0.36
195 0.26
200 0.36
205 0.32
210 0.36
215 0.26
220 0.38
225 0.26
230 0.18
235 0.38
240 0.28
245 0.24
250 0.26
255 0.2
260 0.28
265 0.22
270 0.26
275 0.3
280 0.2
285 0.26
290 0.22
295 0.18
300 0.16
305 0.24
310 0.2
315 0.18
320 0.12
325 0.22
330 0.18
335 0.2
340 0.18
345 0.18
350 0.16
355 0.14
360 0.16
365 0.16
370 0.16
375 0.14
380 0.16
385 0.1
390 0.12
395 0.12
400 0.18
405 0.12
410 0.14
415 0.1
420 0.16
425 0.16
430 0.1
435 0.06
440 0.18
445 0.1
450 0.14
455 0.12
460 0.16
465 0.06
470 0.14
475 0.1
480 0.1
485 0.12
490 0.1
495 0.14
59033 47.88
5 0.78
10 3.66
15 3.38
20 3.42
25 3.58
30 3.28
35 3.36
40 3.2
45 3.12
50 3.18
55 3.54
60 3.28
65 3.88
70 3.3
75 2.34
80 2.12
85 2.12
90 1.72
95 1.4
100 1.36
105 1.26
110 1.62
115 0.94
120 1.08
125 1.14
130 0.82
135 0.82
140 0.7
145 0.84
150 0.6
155 0.66
160 0.8
165 0.62
170 0.64
175 0.48
180 0.6
185 0.54
190 0.54
195 0.64
200 0.44
205 0.62
210 0.42
215 0.34
220 0.46
225 0.4
230 0.52
235 0.4
240 0.3
245 0.44
250 0.3
255 0.32
260 0.3
265 0.36
270 0.36
275 0.26
280 0.34
285 0.36
290 0.22
295 0.22
300 0.18
305 0.38
310 0.2
315 0.22
320 0.38
325 0.28
330 0.24
335 0.18
340 0.14
345 0.22
350 0.22
355 0.22
360 0.3
365 0.3
370 0.14
375 0.16
380 0.08
385 0.22
390 0.22
395 0.24
400 0.32
405 0.24
410 0.14
415 0.04
420 0.2
425 0.16
430 0.18
435 0.3
440 0.22
445 0.1
450 0.08
455 0.14
460 0.2
465 0.1
470 0.24
475 0.16
480 0.16
485 0.06
490 0.08
495 0.18
4150 13.44
5 0.84
10 3.48
15 3.2
20 2.9
25 3.06
30 3.36
35 3.26
40 3.02
45 2.74
50 2.86
55 2.96
60 3.46
65 2.96
70 3.48
75 2.68
80 2.04
85 1.52
90 1.3
95 1.46
100 1.42
105 1.42
110 1
115 0.9
120 1.1
125 0.68
130 0.98
135 0.88
140 0.9
145 0.78
150 0.56
155 0.7
160 0.56
165 0.62
170 0.48
175 0.7
180 0.76
185 0.38
190 0.52
195 0.38
200 0.54
205 0.5
210 0.24
215 0.56
220 0.48
225 0.38
230 0.5
235 0.46
240 0.4
245 0.26
250 0.44
255 0.26
260 0.42
265 0.34
270 0.42
275 0.24
280 0.34
285 0.28
290 0.32
295 0.22
300 0.3
305 0.34
310 0.26
315 0.26
320 0.22
325 0.34
330 0.24
335 0.18
340 0.14
345 0.24
350 0.14
355 0.2
360 0.18
365 0.28
370 0.18
375 0.22
380 0.16
385 0.18
390 0.12
395 0.18
400 0.24
405 0.14
410 0.12
415 0.18
420 0.08
425 0.24
430 0.18
435 0.16
440 0.1
445 0.16
450 0.16
455 0.08
460 0.16
465 0.28
470 0.12
475 0.12
480 0.16
485 0.16
490 0.06
495 0.18
7220 18.66
5 0.7
10 3.02
15 3.36
20 2.86
25 3.28
30 2.94
35 3.18
40 2.82
45 2.4
50 3.38
55 2.84
60 3.1
65 3.28
70 2.66
75 2.7
80 2.06
85 1.6
90 1.42
95 1.14
100 1.22
105 1.32
110 1.24
115 0.96
120 1.1
125 0.9
130 0.68
135 0.78
140 0.5
145 0.64
150 0.76
155 0.64
160 0.7
165 0.48
170 0.64
175 0.48
180 0.4
185 0.46
190 0.52
195 0.58
200 0.46
205 0.46
210 0.48
215 0.34
220 0.48
225 0.22
230 0.48
235 0.4
240 0.44
245 0.3
250 0.42
255 0.36
260 0.2
265 0.34
270 0.42
275 0.34
280 0.26
285 0.22
290 0.2
295 0.26
300 0.28
305 0.38
310 0.3
315 0.3
320 0.24
325 0.18
330 0.22
335 0.24
340 0.36
345 0.26
350 0.24
355 0.16
360 0.2
365 0.18
370 0.2
375 0.26
380 0.26
385 0.34
390 0.12
395 0.14
400 0.18
405 0.14
410 0.26
415 0.28
420 0.14
425 0.2
430 0.12
435 0.16
440 0.22
445 0.12
450 0.18
455 0.2
460 0.16
465 0.14
470 0.2
475 0.14
480 0.08
485 0.14
490 0.16
495 0.14
3618 20.96
5 0.52
10 3.22
15 3.26
20 3.26
25 3.18
30 3.82
35 3.4
40 2.46
45 2.7
50 3.24
55 3.36
60 3
65 3.56
70 3.36
75 2.52
80 1.96
85 1.62
90 1.4
95 1.38
100 1.5
105 1.26
110 1.34
115 0.92
120 0.9
125 0.8
130 0.86
135 0.96
140 0.64
145 0.8
150 0.86
155 0.56
160 0.52
165 0.66
170 0.58
175 0.58
180 0.54
185 0.6
190 0.4
195 0.34
200 0.6
205 0.56
210 0.4
215 0.5
220 0.52
225 0.44
230 0.28
235 0.26
240 0.52
245 0.3
250 0.42
255 0.5
260 0.32
265 0.36
270 0.26
275 0.34
280 0.34
285 0.22
290 0.32
295 0.38
300 0.14
305 0.22
310 0.32
315 0.24
320 0.24
325 0.18
330 0.24
335 0.4
340 0.14
345 0.18
350 0.3
355 0.22
360 0.18
365 0.2
370 0.2
375 0.18
380 0.18
385 0.18
390 0.3
395 0.18
400 0.16
405 0.16
410 0.22
415 0.18
420 0.2
425 0.18
430 0.24
435 0.12
440 0.16
445 0.1
450 0.2
455 0.18
460 0.18
465 0.16
470 0.18
475 0.14
480 0.12
485 0.1
490 0.18
495 0.22
6918 17.52
5 0.66
10 3.08
15 3.12
20 3
25 3.22
30 3.46
35 3.26
40 2.84
45 2.58
50 2.88
55 2.86
60 3.82
65 3.1
70 2.82
75 2.28
80 2.12
85 2.02
90 1.28
95 1.4
100 1.26
105 1.2
110 0.9
115 1.14
120 0.92
125 1.22
130 0.88
135 0.9
140 0.82
145 0.76
150 0.64
155 0.6
160 0.74
165 0.54
170 0.6
175 0.64
180 0.58
185 0.72
190 0.42
195 0.34
200 0.48
205 0.46
210 0.42
215 0.5
220 0.5
225 0.44
230 0.38
235 0.26
240 0.38
245 0.34
250 0.36
255 0.42
260 0.38
265 0.36
270 0.24
275 0.24
280 0.26
285 0.26
290 0.32
295 0.36
300 0.28
305 0.26
310 0.24
315 0.3
320 0.12
325 0.18
330 0.32
335 0.32
340 0.14
345 0.28
350 0.2
355 0.22
360 0.14
365 0.2
370 0.14
375 0.3
380 0.18
385 0.24
390 0.1
395 0.22
400 0.08
405 0.14
410 0.22
415 0.12
420 0.18
425 0.24
430 0.24
435 0.08
440 0.04
445 0.2
450 0.12
455 0.12
460 0.2
465 0.26
470 0.06
475 0.1
480 0.1
485 0.18
490 0.06
495 0.12
10375 19.78
5 0.74
10 3.12
15 2.74
20 3.14
25 3.16
30 3.14
35 2.8
40 2.48
45 2.9
50 2.64
55 2.98
60 3.32
65 2.98
70 2.74
75 2.6
80 2.22
85 1.46
90 1.38
95 1.06
100 1.26
105 1.18
110 0.96
115 0.9
120 0.86
125 0.78
130 0.72
135 0.78
140 0.82
145 0.66
150 0.64
155 0.64
160 0.52
165 0.38
170 0.62
175 0.56
180 0.28
185 0.64
190 0.42
195 0.54
200 0.28
205 0.36
210 0.38
215 0.34
220 0.26
225 0.48
230 0.3
235 0.4
240 0.3
245 0.24
250 0.34
255 0.22
260 0.26
265 0.28
270 0.3
275 0.3
280 0.22
285 0.28
290 0.18
295 0.22
300 0.28
305 0.14
310 0.32
315 0.16
320 0.24
325 0.3
330 0.2
335 0.12
340 0.18
345 0.24
350 0.16
355 0.22
360 0.2
365 0.16
370 0.16
375 0.06
380 0.2
385 0.16
390 0.14
395 0.2
400 0.14
405 0.16
410 0.12
415 0.12
420 0.14
425 0.12
430 0.2
435 0.1
440 0.16
445 0.08
450 0.1
455 0.12
460 0.14
465 0.16
470 0.1
475 0.08
480 0.18
485 0.1
490 0.04
495 0.14
10666 25.96
5 0.72
10 3.22
15 3.44
20 3.02
25 3.5
30 3.06
35 3.08
40 2.76
45 2.62
50 3.4
55 2.82
60 3.28
65 3.56
70 2.94
75 2.58
80 2.22
85 1.42
90 1.42
95 1.18
100 1.46
105 1.38
110 0.96
115 1.24
120 0.72
125 0.74
130 1
135 0.8
140 0.88
145 0.6
150 0.92
155 0.46
160 0.6
165 0.48
170 0.52
175 0.66
180 0.46
185 0.48
190 0.58
195 0.46
200 0.42
205 0.3
210 0.36
215 0.48
220 0.2
225 0.48
230 0.42
235 0.28
240 0.4
245 0.24
250 0.34
255 0.28
260 0.34
265 0.36
270 0.28
275 0.2
280 0.28
285 0.24
290 0.16
295 0.38
300 0.28
305 0.24
310 0.16
315 0.26
320 0.2
325 0.2
330 0.14
335 0.3
340 0.24
345 0.16
350 0.22
355 0.2
360 0.16
365 0.16
370 0.16
375 0.16
380 0.2
385 0.26
390 0.2
395 0.08
400 0.14
405 0.18
410 0.16
415 0.12
420 0.24
425 0.2
430 0.12
435 0.16
440 0.08
445 0.18
450 0.12
455 0.18
460 0.18
465 0.16
470 0.08
475 0.1
480 0.16
485 0.14
490 0.24
495 0.04
8535 20.96
5 0.44
10 2.62
15 2.68
20 2.36
25 2.56
30 2.46
35 2.38
40 1.86
45 2.26
50 2.68
55 2.74
60 2.18
65 2.3
70 2.66
75 1.8
80 1.4
85 1.42
90 1.58
95 1.02
100 1.14
105 0.86
110 1.1
115 0.66
120 0.7
125 0.6
130 0.72
135 0.88
140 0.56
145 0.66
150 0.46
155 0.68
160 0.38
165 0.4
170 0.5
175 0.5
180 0.44
185 0.36
190 0.34
195 0.52
200 0.34
205 0.24
210 0.44
215 0.46
220 0.38
225 0.24
230 0.36
235 0.4
240 0.28
245 0.26
250 0.32
255 0.3
260 0.2
265 0.28
270 0.38
275 0.22
280 0.16
285 0.32
290 0.2
295 0.2
300 0.26
305 0.28
310 0.18
315 0.18
320 0.24
325 0.18
330 0.12
335 0.22
340 0.22
345 0.24
350 0.12
355 0.22
360 0.16
365 0.16
370 0.18
375 0.16
380 0.16
385 0.2
390 0.16
395 0.18
400 0.14
405 0.14
410 0.14
415 0.14
420 0.22
425 0.1
430 0.12
435 0.18
440 0.08
445 0.16
450 0.16
455 0.12
460 0.14
465 0.1
470 0.08
475 0.16
480 0.1
485 0.2
490 0.12
495 0.1
11833 35.64
5 0.46
10 2.78
15 3
20 3.38
25 3.16
30 3.16
35 2.7
40 2.22
45 2.22
50 2.88
55 3.2
60 3.08
65 3.24
70 2.64
75 2.42
80 1.58
85 1.52
90 1.52
95 1.32
100 1.06
105 1.2
110 1.24
115 0.9
120 0.9
125 0.96
130 0.78
135 0.88
140 0.94
145 0.64
150 0.66
155 0.5
160 0.74
165 0.6
170 0.46
175 0.66
180 0.58
185 0.54
190 0.38
195 0.48
200 0.5
205 0.46
210 0.36
215 0.48
220 0.34
225 0.38
230 0.22
235 0.4
240 0.48
245 0.38
250 0.26
255 0.28
260 0.34
265 0.26
270 0.24
275 0.3
280 0.42
285 0.2
290 0.16
295 0.32
300 0.16
305 0.28
310 0.24
315 0.3
320 0.2
325 0.2
330 0.18
335 0.24
340 0.24
345 0.18
350 0.12
355 0.18
360 0.24
365 0.24
370 0.16
375 0.22
380 0.14
385 0.14
390 0.14
395 0.22
400 0.16
405 0.18
410 0.22
415 0.12
420 0.12
425 0.06
430 0.24
435 0.12
440 0.2
445 0.14
450 0.2
455 0.1
460 0.06
465 0.18
470 0.14
475 0.16
480 0.1
485 0.18
490 0.12
495 0.06
16845 24.76
5 0.64
10 2.76
15 2.78
20 2.44
25 2.84
30 2.92
35 2.98
40 2.1
45 2.38
50 2.32
55 2.7
60 2.72
65 3.14
70 2.34
75 2.38
80 2.02
85 1.26
90 1.28
95 1.44
100 1.06
105 1.06
110 1.12
115 0.68
120 0.84
125 0.72
130 0.84
135 0.66
140 0.58
145 0.54
150 0.56
155 0.52
160 0.36
165 0.64
170 0.4
175 0.54
180 0.34
185 0.4
190 0.4
195 0.4
200 0.5
205 0.32
210 0.44
215 0.32
220 0.24
225 0.3
230 0.4
235 0.34
240 0.38
245 0.22
250 0.32
255 0.2
260 0.3
265 0.24
270 0.26
275 0.3
280 0.2
285 0.24
290 0.26
295 0.22
300 0.26
305 0.24
310 0.3
315 0.2
320 0.1
325 0.2
330 0.16
335 0.18
340 0.28
345 0.18
350 0.24
355 0.16
360 0.08
365 0.16
370 0.12
375 0.14
380 0.26
385 0.18
390 0.24
395 0.06
400 0.12
405 0.12
410 0.1
415 0.06
420 0.34
425 0.06
430 0.18
435 0.12
440 0.14
445 0.14
450 0.06
455 0.14
460 0.12
465 0.14
470 0.12
475 0.1
480 0.16
485 0.12
490 0.04
495 0.1
28694 31.68
5 0.76
10 3
15 3.1
20 3.34
25 3.4
30 2.86
35 3.66
40 2.46
45 2.56
50 2.84
55 3.34
60 3.34
65 3.16
70 3.04
75 2.5
80 2.04
85 1.5
90 1.52
95 1.46
100 1.3
105 1.28
110 0.82
115 1.06
120 0.86
125 0.98
130 0.88
135 0.7
140 0.78
145 0.68
150 0.62
155 0.58
160 0.46
165 0.64
170 0.68
175 0.5
180 0.5
185 0.6
190 0.46
195 0.36
200 0.5
205 0.56
210 0.42
215 0.38
220 0.44
225 0.36
230 0.5
235 0.36
240 0.28
245 0.34
250 0.3
255 0.26
260 0.5
265 0.24
270 0.36
275 0.18
280 0.32
285 0.22
290 0.24
295 0.38
300 0.3
305 0.18
310 0.18
315 0.26
320 0.26
325 0.14
330 0.24
335 0.3
340 0.18
345 0.18
350 0.16
355 0.2
360 0.18
365 0.2
370 0.2
375 0.14
380 0.24
385 0.22
390 0.14
395 0.22
400 0.08
405 0.2
410 0.1
415 0.12
420 0.2
425 0.18
430 0.22
435 0.08
440 0.14
445 0.14
450 0.16
455 0.06
460 0.16
465 0.22
470 0.16
475 0.1
480 0.08
485 0.14
490 0.08
495 0.1
8817 21.4
5 0.34
10 1.14
15 1.08
20 1.06
25 1.2
30 1.08
35 1.22
40 0.94
45 0.94
50 1.14
55 1.18
60 1.06
65 1.04
70 1.18
75 1.06
80 0.7
85 0.62
90 0.56
95 0.46
100 0.56
105 0.32
110 0.46
115 0.38
120 0.48
125 0.32
130 0.22
135 0.3
140 0.32
145 0.3
150 0.24
155 0.26
160 0.28
165 0.12
170 0.18
175 0.16
180 0.2
185 0.24
190 0.18
195 0.22
200 0.12
205 0.16
210 0.1
215 0.12
220 0.18
225 0.24
230 0.12
235 0.14
240 0.1
245 0.1
250 0.12
255 0.06
260 0.16
265 0.18
270 0.12
275 0.14
280 0.08
285 0.06
290 0.08
295 0.14
300 0.12
305 0.08
310 0.12
315 0.06
320 0.14
325 0.08
330 0.08
335 0.12
340 0.1
345 0.08
350 0.08
355 0.1
360 0.12
365 0.08
370 0.08
375 0.04
380 0.08
385 0.04
390 0.12
395 0.12
400 0.06
405 0.04
410 0.08
415 0.06
420 0.02
425 0.1
430 0.06
435 0.06
440 0.06
445 0.06
450 0.04
455 0.06
460 0.06
465 0.1
470 0.06
475 0
480 0.08
485 0.04
490 0.06
495 0.04
96214 70.76
5 0.78
10 3.48
15 3.48
20 3.58
25 3.94
30 3.16
35 3.04
40 2.88
45 2.86
50 3.46
55 3.64
60 3.7
65 3.6
70 2.44
75 2.58
80 2.26
85 1.64
90 1.42
95 1.46
100 1.42
105 1.24
110 1.3
115 0.84
120 1.06
125 1.06
130 0.72
135 0.94
140 0.88
145 0.62
150 0.76
155 0.66
160 0.66
165 0.44
170 0.54
175 0.8
180 0.5
185 0.58
190 0.38
195 0.5
200 0.5
205 0.34
210 0.48
215 0.46
220 0.28
225 0.5
230 0.36
235 0.4
240 0.46
245 0.24
250 0.4
255 0.28
260 0.38
265 0.3
270 0.36
275 0.32
280 0.28
285 0.26
290 0.32
295 0.24
300 0.3
305 0.28
310 0.3
315 0.32
320 0.16
325 0.28
330 0.32
335 0.24
340 0.22
345 0.16
350 0.28
355 0.18
360 0.26
365 0.16
370 0.32
375 0.12
380 0.16
385 0.16
390 0.22
395 0.2
400 0.24
405 0.16
410 0.14
415 0.12
420 0.22
425 0.12
430 0.16
435 0.16
440 0.22
445 0.08
450 0.12
455 0.2
460 0.08
465 0.22
470 0.06
475 0.14
480 0.16
485 0.04
490 0.22
495 0.04
8362 16
5 0.5
10 3.12
15 3.2
20 3.3
25 3.34
30 3.34
35 3.16
40 2.68
45 2.44
50 2.92
55 3.54
60 3.3
65 3.26
70 3.18
75 2.78
80 1.62
85 1.66
90 1.44
95 1.44
100 1.3
105 1.22
110 1.3
115 1.08
120 1
125 0.74
130 1
135 0.72
140 0.54
145 0.84
150 0.68
155 0.6
160 0.56
165 0.52
170 0.62
175 0.32
180 0.68
185 0.52
190 0.46
195 0.34
200 0.42
205 0.46
210 0.26
215 0.34
220 0.48
225 0.5
230 0.32
235 0.24
240 0.26
245 0.36
250 0.26
255 0.42
260 0.28
265 0.38
270 0.26
275 0.24
280 0.28
285 0.22
290 0.3
295 0.28
300 0.2
305 0.28
310 0.3
315 0.18
320 0.28
325 0.18
330 0.24
335 0.18
340 0.28
345 0.08
350 0.12
355 0.32
360 0.26
365 0.2
370 0.12
375 0.14
380 0.2
385 0.12
390 0.12
395 0.3
400 0.18
405 0.18
410 0.08
415 0.14
420 0.2
425 0.08
430 0.18
435 0.18
440 0.22
445 0.1
450 0.1
455 0.1
460 0.1
465 0.2
470 0.1
475 0.2
480 0.12
485 0.1
490 0.06
495 0.06
8556 21.4
