21
37
39
40
44
47
51
52
58
62
65
70
72
76
78
81
84
87
88
92
93
97
100
101
106
112
117
9
120
122
128
127
131
135
138
142
148
155
158
160
13
172
174
175
174
184
5
12
188
12
194
191
198
5
33
207
35
6
211
10
213
101
224
105
228
224
232
63
228
236
242
243
246
143
244
129
251
10
14
136
68
262
163
60
266
61
270
65
159
75
163
79
293
12
298
297
88
304
62
23
66
61
312
316
319
69
323
112
329
327
333
333
5
214
218
13
131
15
22
19
11
359
15
5
366
368
372
372
227
19
384
54
386
156
65
235
160
69
239
253
407
27
257
60
418
302
40
306
73
152
285
156
13
100
20
449
107
447
332
451
22
26
459
189
468
342
472
480
350
233
237
378
349
382
94
353
44
229
48
511
233
237
56
521
241
293
245
413
103
269
373
306
276
204
140
280
284
183
288
187
133
187
191
579
125
583
302
129
371
186
133
375
190
137
379
434
144
606
275
148
279
454
158
628
632
474
636
638
337
489
645
341
279
652
231
283
235
504
660
516
315
520
319
365
524
369
360
364
536
278
380
282
384
700
703
704
707
582
711
586
471
529
475
533
377
321
537
381
325
297
385
741
301
389
745
393
611
397
615
759
401
501
763
405
505
409
410
770
414
776
777
418
671
786
622
675
793
629
655
448
663
452
497
359
501
821
363
823
825
827
611
454
690
618
461
694
444
448
851
859
744
863
748
867
641
871
645
881
883
649
885
887
653
446
657
755
531
755
759
535
764
594
768
912
598
772
765
776
769
773
673
677
942
681
946
950
799
822
848
826
645
807
649
614
724
653
618
728
657
604
732
661
608
736
665
600
993
557
604
997
561
1001
565
1005
1009
735
1013
739
1018
651
743
1022
655
613
820
617
824
713
1043
717
1047
721
804
587
808
591
596
600
1071
626
1074
1075
630
1078
870
1082
874
835
839
1100
1104
996
1108
1000
954
874
958
878
962
719
723
1145
944
1155
948
1159
734
855
738
859
754
758
762
766
824
770
828
774
778
1226
1230
1140
1144
1053
1057
1061
915
919
808
1304
1305
1308
1309
1215
1065
1219
1069
1223
1073
1116
921
1120
925
1261
1156
1160
1034
1038
1464
1468
1343
1347
1351
1355
1359
1496
1242
1500
1246
1504
1126
1508
1130
1512
1516
1520
1373
1377
1251
1255
21
37
39
40
44
47
51
52
57
58
64
71
70
79
81
83
84
87
91
93
97
99
101
106
108
109
112
112
113
124
17
126
128
130
135
137
139
141
36
143
18
151
150
22
154
161
165
165
169
22
174
177
181
184
34
32
192
196
42
24
204
28
59
212
60
220
74
224
226
78
230
233
234
73
126
240
130
244
252
255
256
259
259
136
266
140
266
274
5
277
278
281
173
45
157
96
161
159
7
191
6
130
36
17
6
19
122
29
326
33
33
58
5
10
5
99
12
21
20
94
69
73
368
77
42
376
132
112
381
136
388
140
241
392
144
396
45
249
49
5
53
9
238
416
242
421
420
62
271
424
66
275
161
437
165
449
48
52
249
193
456
253
132
360
155
364
368
212
217
483
220
487
144
148
228
232
30
18
34
241
373
246
245
380
519
249
259
194
215
263
198
219
88
83
223
92
227
233
92
231
552
67
556
426
565
424
430
569
269
304
573
273
308
277
584
110
166
588
114
170
437
594
596
441
477
603
481
607
256
613
611
260
445
620
311
452
629
327
633
319
331
501
538
404
505
408
509
277
509
209
281
513
268
216
272
220
276
484
422
372
488
426
260
264
320
698
324
702
250
223
279
254
283
231
719
235
723
239
574
424
578
420
432
424
436
323
440
752
327
320
756
324
760
764
767
768
515
772
519
780
776
392
784
641
396
632
645
636
457
440
461
444
808
332
812
336
816
820
693
697
835
450
839
709
458
713
717
534
538
868
444
872
874
876
451
878
880
882
884
776
404
888
780
408
892
755
759
664
914
668
918
672
922
489
596
493
600
763
535
951
539
955
842
846
735
739
976
980
859
863
867
729
1003
733
1007
635
1011
639
1015
643
1024
1019
1028
1023
908
1027
912
1031
795
1035
799
1039
614
1043
618
1047
1051
1055
1062
1066
1070
1092
1074
1096
1078
911
1082
1086
919
796
1122
803
1126
1130
1134
1134
1036
1138
1040
1007
926
1011
930
890
934
894
938
747
836
751
840
1242
1246
1133
1137
1141
1025
1029
1275
905
1279
909
1055
1059
894
898
1349
1353
1355
1357
1359
1169
1240
1173
1244
1027
1030
1031
1034
1007
1011
906
1396
910
1400
1054
1058
949
953
1421
1425
1308
1312
1320
1490
1494
1386
1390
1284
1288
1945
1949
1748
1752
1625
1629
1633
1637
2180
2184
2075
2079
1970
1974
2273
2277
2159
2163
2030
2034
21
37
39
40
44
47
51
52
57
58
64
71
70
79
81
83
84
87
91
93
97
99
101
106
108
109
112
112
116
120
18
124
124
22
131
26
135
135
139
14
39
150
43
154
155
37
47
163
55
24
173
174
178
181
14
66
189
41
26
198
201
203
202
205
207
57
34
61
216
42
17
229
73
14
31
241
115
248
28
251
256
257
263
264
10
267
268
272
19
54
73
16
290
77
75
71
79
13
306
302
22
310
310
318
196
168
97
329
6
60
136
214
64
117
346
222
6
226
357
230
159
19
62
12
368
235
239
380
16
386
116
25
14
95
18
21
26
84
406
28
15
112
224
136
419
124
423
326
225
330
64
154
452
49
5
77
9
463
13
466
93
473
22
166
347
254
170
351
486
174
490
178
182
324
186
304
190
510
379
259
520
80
524
84
326
370
333
540
281
379
544
263
548
392
267
405
100
271
409
229
406
391
233
283
217
163
373
579
167
583
126
466
363
271
470
167
474
171
278
478
482
608
614
375
376
618
379
380
383
476
631
480
638
484
530
645
337
534
649
341
429
345
441
433
299
664
665
303
454
463
354
532
350
361
536
354
692
696
437
700
441
705
704
515
507
519
711
511
385
715
515
389
719
519
723
523
727
276
731
280
745
735
623
602
627
606
755
631
509
646
480
513
650
484
416
488
420
492
496
500
794
504
508
801
806
516
520
815
524
821
528
532
406
833
540
837
839
544
841
419
404
688
408
666
692
412
670
696
425
524
429
528
433
437
748
887
888
891
756
749
702
760
753
706
533
639
537
643
916
919
920
923
678
927
682
641
476
645
480
943
484
948
947
952
830
956
834
833
711
837
715
841
719
845
723
849
983
727
853
987
576
857
845
580
861
849
642
681
646
685
552
556
1023
1027
1031
1035
1040
634
1044
638
822
642
826
1055
646
1059
938
1069
942
1073
946
1077
736
1081
740
1086
1090
1094
1098
1102
968
972
976
980
984
988
992
996
1000
1008
1012
1016
1020
1024
1028
1032
1036
1040
1044
1214
1048
1218
1052
1064
945
1068
949
1072
779
824
783
828
1310
1314
1006
1010
1120
1124
1128
1132
1026
1030
1379
1383
1387
1525
1529
1529
1388
1533
1392
1537
1243
1541
1247
1545
1549
1553
1557
1561
1565
1569
1573
1577
1470
1474
1287
1291
1295
1299
2190
2194
3045
3049
3053
3057
2897
2901
2806
2810
21
37
39
40
44
47
51
52
57
58
64
71
70
79
81
83
84
87
91
93
97
99
101
106
108
109
112
112
116
119
120
13
123
124
17
131
131
21
10
137
138
14
5
145
150
156
157
160
163
60
169
33
12
176
21
186
54
46
192
195
59
53
57
204
210
80
64
62
222
224
226
16
235
89
24
239
5
72
9
143
6
32
119
269
270
123
273
274
29
136
283
32
140
287
36
73
297
43
121
306
86
198
130
316
202
118
320
58
190
126
66
167
171
339
32
47
343
36
51
347
146
55
213
357
217
357
84
365
364
88
5
372
12
9
376
103
385
107
392
391
171
5
50
54
242
14
18
249
418
421
122
266
30
270
266
330
277
439
435
16
20
279
6
337
10
36
106
40
293
116
5
9
44
123
84
364
5
93
97
13
123
17
498
127
507
405
14
284
18
363
367
22
43
109
47
530
51
117
318
55
186
59
170
87
63
93
177
67
97
330
134
193
111
197
577
578
581
585
338
342
212
592
209
216
438
220
442
387
224
450
248
120
252
211
403
131
215
296
629
630
300
633
634
307
462
139
196
469
200
650
281
654
207
285
211
289
545
549
286
223
290
683
686
687
690
306
694
519
523
703
484
527
707
705
531
427
274
535
431
278
383
387
571
278
575
363
286
367
371
762
765
585
769
589
773
418
422
599
426
603
430
424
434
428
799
302
803
808
306
807
677
811
681
819
637
823
641
640
830
474
644
834
478
514
575
345
518
349
376
588
380
856
426
384
860
430
388
756
392
760
396
874
658
777
662
881
781
512
724
670
516
728
570
574
627
631
915
514
919
518
805
809
932
693
936
697
736
541
545
743
649
653
528
532
719
723
983
727
987
559
563
515
519
523
527
531
535
654
539
658
1028
543
662
885
547
666
889
1041
670
763
1045
674
767
681
911
685
915
1063
689
731
1067
693
940
1076
944
743
835
637
839
641
843
1094
1098
972
976
952
826
956
830
960
687
964
691
968
972
765
780
769
784
773
777
781
785
789
793
882
886
1230
1234
1091
1095
936
940
817
821
1274
1105
1109
1113
954
958
1305
1309
1312
1313
1316
1203
1207
998
1002
906
910
1372
1376
1380
1137
1144
1148
1152
952
956
1417
960
1421
1320
1324
1576
1580
1481
1485
1489
1339
1343
1241
1245
1115
1699
1703
1283
1287
21
37
39
40
44
47
51
52
57
58
64
71
70
79
83
84
90
93
96
96
97
103
103
104
107
109
115
116
118
120
122
123
128
131
134
135
14
138
139
18
144
145
8
6
12
155
10
161
162
161
166
168
171
174
175
180
181
184
74
5
191
194
86
203
90
38
215
8
101
224
30
108
231
27
236
56
30
245
53
139
30
70
143
53
25
69
269
29
76
276
278
279
282
286
289
289
54
295
298
303
65
305
307
196
315
318
121
322
10
36
205
337
21
50
13
25
233
17
29
137
141
364
165
223
235
173
6
230
131
67
22
389
26
76
393
399
151
406
412
416
415
47
423
5
426
41
266
6
16
271
5
239
243
61
79
456
142
30
228
262
44
37
50
58
241
54
62
124
484
352
488
74
324
71
60
170
185
7
174
11
512
194
198
391
350
192
220
227
177
96
538
142
228
106
232
150
196
558
60
64
565
451
308
574
578
312
578
143
464
467
147
468
592
151
348
600
502
352
604
506
198
475
332
205
479
339
209
345
349
626
230
205
630
234
209
634
130
213
638
134
138
355
145
359
198
663
202
196
442
200
446
348
544
450
239
548
305
243
552
587
474
217
319
706
221
329
210
333
722
218
222
451
226
455
230
603
624
633
464
628
637
447
641
472
451
311
765
766
770
645
778
649
782
572
576
532
481
536
794
485
798
646
489
694
650
331
698
527
335
557
531
339
561
416
565
825
420
569
829
424
399
566
403
557
570
428
565
432
847
694
698
754
702
758
762
497
649
501
653
885
530
889
438
534
893
400
781
404
785
408
690
694
482
486
930
934
935
937
797
781
941
801
785
945
805
949
954
696
454
958
700
458
821
579
825
785
583
582
685
586
689
695
479
693
699
483
592
588
994
596
592
998
503
1002
507
819
823
827
603
1029
607
1033
782
786
1046
640
876
1050
644
688
1054
692
1058
1062
927
1066
931
1070
769
906
805
773
910
809
609
680
716
613
684
720
724
728
732
1205
1209
1216
787
791
936
795
940
799
805
803
809
813
1275
1279
925
929
979
983
987
991
1328
1332
1152
1156
1160
1164
885
889
893
897
901
905
909
1110
1114
1534
1418
1422
1440
1295
1444
1299
1180
1187
1184
1191
1094
1071
1098
1075
1079
1083
1087
1091
1697
1600
1604
1608
1455
1459
1345
1349
2781
2785
2643
2647
12
24
30
31
45
53
54
58
61
63
67
72
74
81
80
83
84
87
88
91
96
98
98
102
102
102
106
107
113
115
117
121
123
127
127
128
135
135
135
142
141
144
148
148
18
18
157
159
22
53
166
29
169
172
51
5
181
60
9
55
51
192
59
196
58
71
205
205
209
22
210
80
60
81
81
85
67
16
232
235
49
15
243
248
251
16
17
262
267
126
11
274
165
34
139
41
41
48
288
45
151
56
49
301
305
57
88
51
313
97
71
101
326
7
105
330
11
109
143
336
147
198
42
151
71
75
228
8
10
232
12
14
34
64
38
373
373
377
47
380
263
51
212
216
387
25
220
29
18
295
98
299
102
28
183
410
187
8
325
319
12
329
309
16
333
303
337
202
443
311
25
447
221
349
10
462
465
309
224
243
228
148
485
40
326
44
497
47
169
504
51
132
279
357
136
43
148
41
292
155
532
399
403
119
544
390
371
179
550
375
186
95
190
307
194
104
311
198
200
202
220
321
224
105
586
374
434
118
117
123
603
605
605
452
489
612
496
620
250
500
287
507
435
343
295
439
443
645
429
539
357
450
543
361
365
458
190
225
462
194
229
466
454
470
458
277
474
346
281
478
350
482
214
323
291
218
295
705
709
712
713
716
718
590
583
519
594
587
523
470
349
374
474
353
378
295
259
299
303
307
527
531
769
290
773
294
775
434
298
779
438
327
812
673
648
677
652
463
467
837
841
841
713
845
630
599
634
603
496
464
500
468
867
504
871
508
639
512
877
643
516
881
530
520
742
534
524
746
538
415
750
542
564
546
568
914
575
918
683
817
687
821
930
691
692
934
695
696
687
549
533
691
553
537
505
557
509
561
565
964
968
972
972
975
976
976
979
980
983
858
984
855
862
988
859
740
992
863
744
996
867
598
830
871
602
834
642
550
646
554
1026
558
1030
562
1034
1038
854
858
1054
1058
798
802
1072
630
1076
634
769
852
773
694
638
698
642
702
646
706
650
710
654
714
658
718
662
722
666
726
670
730
674
678
682
686
690
694
698
1173
706
1051
710
1055
714
1059
718
1063
722
858
726
862
730
734
738
742
746
750
754
758
1252
1256
1284
1288
1292
1098
1102
962
966
1372
1376
1274
1278
932
936
1614
1614
1618
1618
1446
1450
1454
1307
1311
12
24
30
31
45
53
54
58
61
63
67
72
74
81
80
83
87
87
88
94
98
98
99
102
103
106
107
112
114
114
118
124
125
130
26
131
135
137
145
39
148
152
154
153
159
160
41
167
45
168
5
177
9
36
59
73
43
63
191
25
199
199
32
91
207
207
95
215
219
9
220
77
227
11
84
231
22
241
243
32
134
252
256
257
97
147
127
105
271
155
107
159
284
65
13
290
120
294
296
9
197
138
13
178
322
21
326
56
28
227
340
79
230
344
76
87
223
83
80
248
140
252
144
9
32
13
79
166
58
62
91
112
169
98
116
57
282
120
405
124
5
414
53
39
14
61
18
205
23
235
433
239
59
33
150
63
36
154
40
71
163
461
172
167
176
470
472
366
371
374
485
133
217
221
497
141
225
501
211
398
295
215
98
302
102
106
393
142
255
146
531
259
538
541
211
545
548
215
413
552
448
414
420
418
563
193
296
204
197
300
208
201
212
581
205
183
209
588
187
213
594
597
599
601
189
607
350
196
397
509
401
618
513
222
622
226
626
626
630
635
639
380
639
643
234
480
418
552
484
245
556
660
560
664
665
564
568
674
676
572
576
561
684
580
565
688
475
428
594
479
598
436
388
444
440
392
448
444
396
718
336
296
300
724
492
304
728
341
559
345
737
567
360
598
471
364
602
475
368
470
333
372
451
598
458
602
491
610
383
387
617
391
621
794
475
797
632
479
669
636
420
673
424
465
469
684
432
436
440
842
846
851
747
855
751
861
859
629
865
863
633
738
641
637
742
645
641
540
531
544
535
755
759
899
620
903
624
789
793
797
801
671
675
521
525
945
949
953
747
965
751
969
755
661
759
665
591
595
599
1005
1009
1016
1020
1026
909
1030
913
917
917
921
921
925
925
929
817
933
821
937
941
1067
945
1071
949
870
953
874
957
961
965
969
870
874
878
763
767
771
775
779
783
787
791
795
799
1066
1180
1073
888
1077
892
1081
1085
1089
1206
1093
1210
1097
1214
1101
1045
1105
1049
1109
900
1113
904
1117
1121
1125
1129
1133
1259
1137
1263
1141
1113
1145
1117
1149
1121
1153
1010
1157
1014
1161
1018
1165
1169
1173
1177
1181
1185
1189
1193
1197
1201
1205
1209
1213
1217
1221
1225
1229
1233
1237
1241
1245
1091
1095
1534
1367
1371
1802
1806
1692
1696
1530
1534
1538
1434
1438
12
24
30
31
45
53
54
58
61
63
67
72
74
81
80
80
84
88
91
95
96
98
102
102
106
107
112
110
116
119
121
123
128
129
132
134
138
142
143
145
6
151
156
37
158
45
5
166
171
175
177
179
181
183
186
6
191
190
10
198
203
20
49
27
213
214
217
88
91
92
28
95
32
75
237
79
238
71
63
75
123
67
127
91
16
260
265
138
23
269
16
20
6
276
10
280
139
141
289
293
293
148
183
73
309
191
313
70
315
74
322
195
328
329
101
332
207
207
236
211
78
240
103
347
107
14
93
111
83
7
364
27
11
368
27
9
372
34
16
380
385
254
389
258
253
393
120
7
403
264
11
9
30
228
10
232
44
12
19
5
11
12
23
15
256
19
447
260
43
264
337
47
268
296
51
272
300
55
276
59
283
359
63
287
265
67
291
162
200
295
81
170
302
212
306
287
216
183
515
314
187
519
205
191
525
209
195
213
384
537
217
388
541
221
392
545
225
158
454
229
162
458
233
171
237
163
175
241
167
245
171
175
591
593
595
460
454
599
458
500
462
473
466
508
477
470
361
481
474
365
341
478
369
482
349
373
486
225
273
490
229
277
494
281
498
502
662
506
666
510
524
514
528
518
319
683
522
323
687
526
580
530
584
347
477
705
351
481
709
355
485
399
403
736
615
619
503
507
563
760
369
567
764
373
671
772
373
675
776
377
679
563
381
683
567
687
410
792
691
414
796
510
800
514
804
518
811
671
522
815
675
526
819
536
530
713
540
534
717
538
721
836
542
725
840
546
729
714
550
606
718
610
722
614
726
618
567
869
622
571
873
626
728
712
593
716
597
587
591
911
913
915
917
757
801
761
805
536
933
540
649
937
653
820
552
824
556
714
718
555
559
972
879
978
981
883
982
985
716
686
793
720
690
797
614
694
664
618
668
622
1025
1025
1029
1028
925
929
798
802
1055
1059
1063
1067
869
873
1103
1106
1107
1110
942
949
1124
1025
1029
925
929
933
734
738
1071
1075
975
979
1236
1240
1244
1248
1252
1256
1260
1264
1116
1120
1124
868
872
1321
1325
1083
1332
1087
1336
1091
1087
1095
1091
1095
1099
960
964
1438
1442
1446
1200
1204
1052
1056
1484
1488
1492
1496
1500
1504
1508
1512
1516
1520
1524
1528
1532
1402
1406
1308
1312
1212
1216
1220
2104
2108
1977
1981
12
24
30
31
45
53
54
58
61
63
67
72
74
81
80
80
87
88
90
94
99
99
103
107
106
109
114
116
116
122
125
129
129
132
137
138
139
40
150
151
154
22
160
160
8
6
173
10
8
180
182
17
187
191
67
61
43
201
65
206
208
25
77
215
29
226
224
230
231
5
109
132
237
249
92
102
149
106
260
58
13
272
6
276
20
74
14
284
290
289
294
297
297
23
301
139
135
44
139
194
143
198
41
147
325
20
333
56
24
341
60
28
32
41
354
54
17
364
249
21
368
277
379
281
156
181
11
160
185
47
19
58
9
406
60
412
415
426
76
80
433
90
438
438
443
297
6
201
301
451
205
155
459
110
320
114
324
364
213
123
479
485
489
283
189
493
496
354
125
273
129
296
277
155
300
141
83
145
145
87
313
383
317
535
287
376
291
380
443
549
447
202
553
355
293
176
363
404
262
411
408
270
289
174
142
293
178
151
207
186
155
201
205
194
444
198
609
408
616
451
620
455
254
196
459
230
200
426
467
638
434
642
475
646
482
650
446
486
542
450
546
495
299
315
319
676
415
680
301
684
305
688
693
309
692
697
696
701
700
710
711
597
714
601
718
600
468
495
604
472
731
502
335
511
370
339
515
374
319
391
742
746
326
578
491
330
582
334
586
338
763
342
767
593
554
350
435
565
794
569
798
802
802
419
598
423
566
602
480
570
461
484
574
488
578
469
492
422
426
485
845
489
849
493
661
665
744
695
669
637
699
673
473
568
644
477
572
459
576
463
460
467
464
511
515
812
915
519
816
919
523
702
923
706
766
710
770
714
774
718
778
722
782
726
518
544
730
522
548
734
552
738
742
746
871
750
875
754
768
758
995
772
762
999
766
1003
779
770
723
783
774
727
666
778
623
670
666
627
674
670
892
1033
896
1037
902
1044
906
1048
800
862
804
866
1062
694
1066
698
716
1070
899
1078
903
1084
1085
1088
1089
978
960
982
964
859
744
863
748
1111
754
752
959
758
756
963
760
817
765
764
821
768
703
772
707
1164
1168
1170
1006
1030
1010
1034
903
869
907
873
911
1198
915
1202
919
923
836
797
840
801
805
1012
1251
859
863
1327
1200
1204
1092
1096
997
1001
1005
1408
1412
1328
1332
1202
1206
1492
1496
1281
1285
1709
1583
1587
1463
1467
1278
1282
12
24
30
31
45
53
54
58
61
63
67
72
74
81
80
80
87
88
90
94
99
99
103
107
106
109
114
116
116
122
125
125
130
132
134
138
145
146
147
151
151
153
159
22
160
163
37
168
170
35
73
54
48
178
58
185
185
30
92
193
19
201
39
23
205
207
211
10
14
222
44
18
26
232
232
236
13
244
248
22
252
256
78
259
36
264
143
40
276
44
91
95
156
82
152
160
87
295
160
299
22
26
101
191
313
13
17
319
320
186
324
5
331
215
220
338
339
343
345
145
236
126
360
130
244
367
373
143
217
381
28
27
261
31
37
232
64
105
402
109
152
408
410
156
36
414
65
199
203
89
269
50
76
273
9
436
13
5
121
446
9
125
232
195
236
9
199
27
465
31
162
22
477
5
481
175
489
489
184
158
498
27
236
153
27
240
39
518
43
181
231
47
171
235
175
129
129
133
133
184
543
545
370
548
552
374
552
438
378
442
382
312
255
90
259
248
94
132
581
136
155
482
159
288
323
338
327
342
439
206
303
210
307
447
214
620
261
266
269
273
635
639
644
643
648
377
647
511
278
508
515
285
519
305
289
379
521
293
383
353
317
276
321
217
226
470
297
474
301
245
595
357
249
599
361
253
603
403
257
465
256
469
264
260
288
268
264
292
272
276
481
280
369
284
763
373
288
767
292
633
296
637
300
641
304
547
551
688
451
558
455
562
343
410
347
414
418
818
703
422
822
594
426
633
832
600
637
836
641
645
683
652
472
510
476
514
703
480
389
707
484
393
574
876
578
880
887
892
900
783
909
787
914
764
636
918
768
640
635
641
499
639
645
503
643
495
507
502
499
511
506
515
947
510
951
514
955
962
528
966
532
994
672
1002
676
1006
1012
1010
749
1016
897
753
1020
901
757
890
905
622
894
909
626
788
734
792
738
590
637
594
641
865
965
1071
869
969
1075
750
973
939
754
943
980
758
984
842
846
650
1110
654
1114
1002
1006
989
876
793
880
797
732
736
1169
1173
1177
1179
1024
982
1028
986
1032
845
1036
849
1040
1044
1048
1052
1056
1060
917
921
1355
1359
1497
1501
1505
1362
1366
1263
1267
1097
1534
1101
1538
1398
1402
1297
1301
1305
1309
1313
1317
1583
1321
1587
1325
1591
1329
1595
1333
1599
1337
1448
1452
1997
2001
1891
1895
1899
1776
1780
1637
1641
12
24
30
31
45
53
54
58
61
63
67
72
74
81
80
83
87
87
88
94
98
98
99
102
103
106
107
112
113
114
117
121
123
125
130
131
5
140
142
144
146
9
150
153
157
156
157
161
22
30
169
69
178
178
73
182
183
5
23
192
27
193
204
201
201
208
210
211
218
218
224
225
11
116
5
28
237
245
247
17
251
252
24
259
57
35
265
273
151
129
155
133
100
290
84
134
138
142
196
36
147
40
149
207
131
318
322
217
140
138
221
142
328
146
332
339
158
89
347
350
354
351
247
361
205
39
8
372
43
161
12
44
51
55
25
258
62
22
35
66
270
169
40
173
76
53
16
420
48
20
170
52
9
193
273
13
197
441
54
201
8
451
209
14
14
312
74
466
27
95
234
99
5
242
40
14
362
17
16
366
21
501
28
230
269
68
65
277
241
520
116
524
5
123
54
13
6
541
15
83
281
19
5
145
9
22
153
30
24
569
28
38
573
87
36
581
91
43
585
52
401
111
449
405
115
260
409
605
264
612
283
152
287
623
622
291
627
626
156
491
512
160
495
516
164
152
421
168
156
425
172
302
77
306
81
136
295
299
96
147
100
104
686
352
691
695
534
700
538
703
704
337
585
341
592
717
721
543
725
439
729
729
733
447
733
466
560
470
284
564
348
352
293
572
763
199
767
203
610
767
614
600
444
604
518
448
482
397
337
401
341
489
221
345
493
349
497
228
231
501
232
341
345
835
497
839
846
659
612
663
446
450
886
889
890
563
896
898
567
463
908
792
467
912
796
471
450
604
475
454
608
479
612
933
616
937
417
716
421
425
721
954
731
958
844
565
848
719
573
723
727
985
441
993
445
730
734
738
1012
785
1016
749
705
1026
510
709
1030
514
585
919
589
923
493
815
497
819
1051
702
1055
706
1059
588
864
592
970
868
596
974
681
600
978
685
878
882
770
1099
774
1103
679
921
683
925
767
771
1156
1160
1047
1051
821
825
1182
623
1186
627
973
977
1198
870
1202
874
1089
694
1093
698
970
702
974
813
817
821
1290
1294
1124
1128
975
931
979
841
845
1325
1122
1126
1404
1408
1413
1253
1413
1417
1257
1309
1421
1154
1313
1159
1158
973
1163
1028
977
1056
1032
1060
929
886
933
890
894
1181
1185
957
961
1567
1178
1182
1186
1190
1194
1050
1054
1058
12
24
30
31
45
53
54
58
61
63
67
72
74
81
80
83
87
87
88
94
98
98
99
102
103
106
110
5
114
114
12
118
130
131
135
138
19
28
144
32
28
47
16
158
20
162
162
167
33
62
37
177
178
13
10
184
14
21
191
14
90
198
203
104
210
211
215
113
90
117
223
16
121
103
15
236
25
27
248
121
258
74
259
265
156
9
272
160
276
278
61
284
285
291
83
295
19
49
23
53
301
12
46
308
50
315
15
321
197
222
331
76
39
83
340
237
241
200
6
245
36
23
249
19
44
257
21
220
261
265
384
384
272
392
391
56
14
21
11
25
15
26
415
35
422
35
118
430
97
51
306
445
445
448
231
246
239
461
85
253
347
138
257
142
95
357
488
99
253
492
495
325
329
503
265
111
381
375
115
385
240
270
522
244
149
146
153
76
157
539
546
295
554
299
557
558
561
563
182
310
567
110
314
463
191
467
351
199
355
203
207
259
211
263
215
270
219
274
223
478
278
361
513
365
376
517
199
271
275
205
524
279
283
531
425
651
652
429
446
656
302
450
500
306
327
504
260
331
508
512
677
268
516
570
520
574
524
417
528
421
490
532
596
354
536
600
358
540
468
362
544
472
548
369
476
552
373
366
556
377
370
560
381
564
382
385
568
386
389
572
393
576
397
759
332
401
763
336
405
622
409
626
413
417
667
671
791
545
795
549
596
444
600
448
388
813
392
818
817
614
822
458
618
826
462
478
683
482
836
687
840
554
682
558
686
441
856
483
445
860
487
449
664
866
453
668
870
457
573
874
461
577
684
465
688
469
445
692
473
449
696
700
481
704
485
489
489
493
921
497
921
925
501
925
929
505
619
745
509
623
749
513
627
753
517
631
616
521
519
620
525
527
533
531
537
535
541
539
545
543
549
547
556
560
564
568
572
576
580
1026
1028
584
1030
1032
588
890
595
894
599
724
603
728
607
611
615
619
623
627
631
635
639
643
647
1112
943
947
823
827
1136
1165
1169
1172
987
1176
991
1073
1077
914
918
784
788
1210
1214
1218
1081
1085
1231
1136
1140
1023
1027
890
894
1270
1274
1020
1024
1028
856
860
1370
1371
1374
1375
1191
1213
1195
1217
947
1221
951
955
959
1419
1115
1119
1463
1467
1269
1273
1131
1135
1139
1532
1388
1392
1103
1107
1619
1623
12
24
30
31
45
53
54
58
61
63
67
72
74
81
80
80
87
88
90
94
99
99
103
106
109
110
114
115
121
124
125
129
131
132
137
139
141
12
29
150
152
33
34
160
164
164
169
168
28
174
172
176
56
186
185
183
190
187
87
84
191
202
89
204
39
101
208
71
212
48
227
216
229
231
220
121
224
41
228
45
28
232
121
37
259
259
139
251
265
147
56
60
81
284
11
289
291
15
52
9
56
10
106
310
14
16
314
30
21
148
33
152
33
337
136
340
213
143
331
150
224
38
154
254
241
81
93
376
18
281
383
51
102
5
394
34
13
302
105
74
306
411
24
313
294
287
189
321
192
144
222
196
50
206
71
82
105
451
80
455
458
459
118
463
464
250
127
473
254
131
480
484
487
208
145
372
289
376
502
292
226
506
230
302
349
514
306
518
356
522
341
238
345
530
245
538
329
219
542
544
325
365
329
406
369
300
219
349
304
223
324
212
443
216
214
580
579
585
587
589
591
362
594
467
369
471
329
475
270
479
336
274
483
409
487
413
491
483
495
299
499
642
503
306
646
507
262
500
511
528
508
387
347
370
351
394
374
355
359
401
681
512
450
516
344
699
348
707
708
472
712
621
625
725
344
450
729
351
454
567
497
571
740
744
748
751
559
755
563
599
444
603
448
459
643
452
463
456
460
789
464
648
799
652
801
803
548
805
523
552
809
527
556
813
531
664
457
462
668
461
466
507
511
845
709
849
713
853
500
738
742
507
870
869
874
873
878
877
882
881
886
885
678
756
896
682
760
900
652
904
905
656
908
909
660
912
633
664
916
637
668
741
554
745
558
557
562
561
944
566
565
948
952
856
860
864
868
977
872
981
876
880
884
888
769
773
624
628
1025
1029
883
1036
887
1040
891
1044
947
951
1058
816
1062
820
800
824
804
682
1111
1001
1005
1009
1013
1017
1021
1142
1146
1029
1036
1061
1049
1072
977
938
882
886
950
1079
1083
1087
1091
1095
1099
1103
1107
1111
1115
1119
1123
1127
1131
1135
1275
1139
1279
1143
1174
1147
1178
1151
1037
1155
1041
1159
1163
1167
1171
1175
1179
1329
1183
1333
1187
1174
1191
1178
1195
1199
1203
1207
1211
1215
1114
1118
1122
1126
1449
1453
1319
1323
1155
1159
1593
1456
1460
1345
1349
1353
1708
1712
1716
1720
1554
1558
2240
2244
2248
2252
2134
2138
2020
2024
12
24
30
31
45
53
54
58
61
63
67
72
74
78
81
80
84
87
88
88
91
99
102
110
111
113
116
119
120
125
129
133
137
141
146
147
23
151
155
30
158
34
15
25
41
29
46
175
29
179
34
6
185
38
189
194
193
47
22
89
206
93
208
31
87
32
218
219
36
222
117
228
84
15
235
19
244
251
253
251
257
16
263
264
267
8
271
124
277
5
281
284
9
86
294
295
293
98
302
183
46
310
15
23
196
200
35
8
335
5
178
345
239
26
106
243
356
357
155
200
11
162
64
18
166
68
87
95
102
235
106
102
239
133
9
26
142
115
405
38
116
119
42
41
11
32
430
39
124
12
129
439
321
34
452
453
457
31
465
465
361
344
59
95
75
252
41
256
357
61
88
493
497
92
500
86
123
90
302
74
110
78
399
524
522
422
351
403
355
407
417
307
157
130
553
554
134
558
559
363
566
367
211
476
215
580
480
383
250
589
254
354
436
596
396
440
600
297
312
316
427
196
179
431
200
183
318
627
185
631
189
637
530
641
534
642
320
431
514
324
435
318
331
322
335
530
209
534
213
538
401
542
405
546
226
293
350
230
297
234
357
361
715
716
719
720
720
584
724
589
588
728
593
592
547
424
473
428
477
481
559
485
563
489
419
763
493
423
767
497
427
610
627
425
614
479
634
432
483
638
518
522
645
526
457
802
530
461
806
465
684
538
688
572
542
486
546
490
579
550
583
554
836
376
558
840
380
562
844
566
690
570
694
574
503
465
507
870
469
511
874
876
761
877
880
765
881
884
547
885
891
551
783
705
787
681
713
717
689
915
555
770
559
774
668
934
672
937
938
549
941
775
553
827
779
831
645
514
649
526
969
970
530
973
974
869
775
873
779
988
772
605
992
776
609
889
680
893
684
1004
897
1008
1010
1012
1014
912
1018
616
884
888
623
610
927
614
931
935
939
943
947
951
713
814
717
818
695
699
1097
1101
1104
775
1108
779
990
661
994
665
873
877
750
754
758
912
916
920
924
928
953
932
957
936
827
940
831
944
1118
1122
1126
1019
1023
1287
1291
1169
1173
1302
952
1306
956
1310
982
986
1449
1225
1229
1233
1237
1472
1073
1476
1077
1345
1349
1490
1201
1494
1205
1498
1051
1350
1055
1354
1213
1217
1089
1093
1702
1706
1520
1524
1293
1297
12
24
30
31
45
53
54
58
61
63
69
69
72
77
77
83
81
85
87
89
92
97
99
103
104
104
113
121
122
124
15
128
135
35
135
142
148
150
54
156
160
163
166
168
72
179
178
183
186
189
191
63
199
70
98
206
209
207
213
218
78
222
73
231
77
45
81
233
104
237
36
78
244
94
248
23
257
255
57
269
161
7
273
11
169
281
144
288
152
292
295
154
164
294
304
298
308
171
312
306
148
322
184
313
326
317
334
144
334
338
148
345
175
202
227
206
209
10
9
360
365
16
236
370
255
280
381
10
35
385
17
393
397
395
402
171
24
172
176
178
293
282
273
206
58
427
429
290
436
440
313
444
317
232
326
457
240
330
334
253
90
476
478
101
264
487
277
395
112
321
116
503
325
120
329
124
212
519
300
131
135
225
139
533
143
537
147
169
413
151
181
155
388
159
425
343
163
195
167
199
192
203
354
577
196
480
203
373
491
475
380
495
479
384
377
381
354
391
358
388
399
403
329
411
336
415
642
641
419
646
650
374
346
354
471
416
353
439
423
527
427
431
401
435
688
408
296
692
504
300
546
552
550
512
556
457
417
481
461
485
332
366
336
379
383
438
387
381
493
747
751
503
615
416
647
420
651
628
543
525
541
392
529
545
396
386
435
400
791
439
404
795
408
671
412
675
416
524
812
420
528
816
424
428
715
432
719
833
619
837
623
841
845
850
506
469
854
510
473
465
469
728
732
712
878
620
716
882
608
886
627
612
890
752
634
620
756
514
518
915
919
616
745
924
929
749
815
933
637
819
746
641
705
750
709
552
713
556
717
794
594
610
598
614
972
618
976
976
980
980
781
984
813
785
745
820
793
824
797
758
680
1014
687
1018
740
856
749
864
749
753
757
761
765
769
952
773
811
777
815
1087
1091
836
840
742
746
1118
1122
1126
1130
1134
831
835
786
790
794
802
806
810
1047
1051
1209
1213
1048
1221
1052
1225
1227
915
1035
1231
919
1039
1235
870
958
874
962
1259
1263
1268
1138
1272
1142
1074
1030
1078
1034
1082
1292
1296
1183
1187
1085
1089
1321
1325
1209
1213
1337
941
1341
1345
1360
1250
1254
1116
1120
1411
1415
1240
1244
1111
1115
1488
1496
1373
1377
1217
1221
1225
1530
1534
1183
1187
1451
1455
1459
1463
1467
1280
1284
2105
2109
2113
2143
2147
1995
1999
1816
1820
