5 1.18
10 7.64
15 6.18
20 6.74
25 6.76
30 4.78
35 6.38
40 6.62
45 6.7
50 6.26
55 3.7
60 2.72
65 2.52
70 1.96
75 2.36
80 1.3
85 1.2
90 1.12
95 1.02
100 1.24
105 0.88
110 0.74
115 0.66
120 0.94
125 0.66
130 0.68
135 0.48
140 0.5
145 0.52
150 0.54
155 0.44
160 0.38
165 0.38
170 0.34
175 0.44
180 0.44
185 0.26
190 0.32
195 0.3
200 0.44
205 0.22
210 0.22
215 0.32
220 0.26
225 0.24
230 0.3
235 0.22
240 0.2
245 0.1
250 0.22
255 0.22
260 0.18
265 0.16
270 0.1
275 0.16
280 0.2
285 0.1
290 0.2
295 0.06
300 0.2
305 0.12
310 0.06
315 0.1
320 0.16
325 0.12
330 0.12
335 0.08
340 0.04
345 0.12
350 0.1
355 0.1
360 0.04
365 0.06
370 0.12
375 0.1
380 0.1
385 0.04
390 0.08
395 0.08
400 0.12
405 0.04
410 0.04
415 0.08
420 0.12
425 0.06
430 0
435 0.04
440 0.1
445 0.1
450 0.06
455 0.04
460 0
465 0.1
470 0.1
475 0.02
480 0.06
485 0
490 0.08
495 0.08
2990 4.42
5 1.72
10 6.52
15 5.98
20 6.94
25 5.8
30 4.94
35 6
40 5.94
45 6.92
50 5.98
55 3.08
60 2.88
65 2.2
70 2.62
75 1.76
80 1.28
85 1.3
90 1.34
95 1.4
100 0.76
105 0.92
110 0.6
115 0.78
120 1.02
125 0.52
130 0.6
135 0.56
140 0.46
145 0.7
150 0.24
155 0.54
160 0.36
165 0.46
170 0.42
175 0.22
180 0.4
185 0.38
190 0.28
195 0.26
200 0.28
205 0.3
210 0.28
215 0.22
220 0.2
225 0.2
230 0.18
235 0.36
240 0.16
245 0.24
250 0.18
255 0.2
260 0.16
265 0.2
270 0.12
275 0.26
280 0.1
285 0.22
290 0.12
295 0.14
300 0.14
305 0.16
310 0.06
315 0.16
320 0.12
325 0.2
330 0.14
335 0.1
340 0.08
345 0.16
350 0.2
355 0.14
360 0.06
365 0.08
370 0.2
375 0.1
380 0.1
385 0.06
390 0.04
395 0.18
400 0.12
405 0.06
410 0.06
415 0.08
420 0.1
425 0.12
430 0
435 0.06
440 0.1
445 0.06
450 0.06
455 0.08
460 0.02
465 0.14
470 0.02
475 0.06
480 0.06
485 0
490 0.08
495 0.06
2626 6.98
5 1.34
10 4.94
15 6.1
20 5.18
25 5.54
30 4.4
35 4.44
40 5.88
45 5.38
50 5.08
55 3.26
60 2.32
65 2.08
70 1.9
75 1.52
80 1.2
85 0.98
90 0.9
95 1.06
100 0.92
105 0.86
110 0.58
115 0.56
120 0.76
125 0.5
130 0.6
135 0.48
140 0.44
145 0.48
150 0.4
155 0.46
160 0.4
165 0.48
170 0.34
175 0.22
180 0.36
185 0.34
190 0.34
195 0.26
200 0.26
205 0.34
210 0.24
215 0.28
220 0.3
225 0.18
230 0.32
235 0.24
240 0.24
245 0.3
250 0.1
255 0.16
260 0.4
265 0.1
270 0.18
275 0.18
280 0.16
285 0.24
290 0.16
295 0.2
300 0.08
305 0.16
310 0.12
315 0.14
320 0.16
325 0.1
330 0.18
335 0.1
340 0.02
345 0.08
350 0.1
355 0.18
360 0.04
365 0.06
370 0.02
375 0.08
380 0.2
385 0.06
390 0.04
395 0.04
400 0.02
405 0.22
410 0.06
415 0.04
420 0.04
425 0
430 0.14
435 0.08
440 0.06
445 0.04
450 0.04
455 0.12
460 0.02
465 0.08
470 0.06
475 0.02
480 0.12
485 0.06
490 0
495 0.04
9890 18.92
5 1.02
10 6.6
15 5.34
20 6.58
25 6.48
30 4.28
35 5.54
40 5.92
45 6.3
50 6.46
55 3.18
60 2.56
65 2.36
70 2.14
75 2
80 1.6
85 1.34
90 1.42
95 0.92
100 0.96
105 0.94
110 0.94
115 0.66
120 0.84
125 0.54
130 0.72
135 0.66
140 0.54
145 0.4
150 0.54
155 0.56
160 0.4
165 0.44
170 0.44
175 0.44
180 0.48
185 0.3
190 0.48
195 0.18
200 0.36
205 0.4
210 0.24
215 0.34
220 0.3
225 0.24
230 0.28
235 0.26
240 0.2
245 0.3
250 0.2
255 0.18
260 0.24
265 0.12
270 0.32
275 0.12
280 0.12
285 0.22
290 0.18
295 0.14
300 0.14
305 0.12
310 0.12
315 0.2
320 0.16
325 0.12
330 0.08
335 0.16
340 0.14
345 0.08
350 0.16
355 0.1
360 0.16
365 0.08
370 0.08
375 0.1
380 0.04
385 0.18
390 0.08
395 0.08
400 0.1
405 0.1
410 0.08
415 0.08
420 0.14
425 0.02
430 0.1
435 0.06
440 0.08
445 0.1
450 0.06
455 0.08
460 0.06
465 0.06
470 0.1
475 0.04
480 0.06
485 0.06
490 0.08
495 0.08
4020 7.82
5 1.36
10 6.64
15 6.78
20 6.5
25 6.96
30 4.16
35 6.4
40 6.32
45 6.52
50 6.58
55 3.26
60 2.82
65 2.46
70 2.18
75 1.94
80 1.42
85 1.4
90 1.34
95 1.34
100 1.04
105 0.76
110 1.2
115 0.8
120 1.02
125 0.72
130 0.44
135 0.58
140 0.72
145 0.78
150 0.48
155 0.46
160 0.42
165 0.58
170 0.38
175 0.48
180 0.26
185 0.38
190 0.46
195 0.26
200 0.2
205 0.3
210 0.34
215 0.32
220 0.22
225 0.24
230 0.28
235 0.32
240 0.24
245 0.12
250 0.24
255 0.2
260 0.34
265 0.18
270 0.14
275 0.16
280 0.08
285 0.4
290 0.1
295 0.16
300 0.12
305 0.08
310 0.28
315 0.12
320 0.06
325 0.14
330 0.14
335 0.12
340 0.16
345 0.1
350 0.06
355 0.18
360 0.06
365 0.14
370 0.08
375 0.06
380 0.1
385 0.04
390 0.14
395 0.08
400 0.04
405 0.08
410 0.02
415 0.14
420 0.08
425 0.08
430 0
435 0.1
440 0.16
445 0.04
450 0.06
455 0.04
460 0.06
465 0.14
470 0.06
475 0.02
480 0.04
485 0.06
490 0.12
495 0.06
1811 3.16
5 1.5
10 6.6
15 7.04
20 6.42
25 6.4
30 4.34
35 6.02
40 7
45 6.74
50 6.32
55 3
60 2.9
65 2.42
70 2.2
75 1.74
80 1.52
85 1.32
90 1.24
95 1.1
100 0.88
105 1.04
110 0.74
115 0.92
120 0.74
125 0.68
130 0.58
135 0.56
140 0.74
145 0.52
150 0.42
155 0.54
160 0.38
165 0.62
170 0.38
175 0.3
180 0.48
185 0.22
190 0.56
195 0.28
200 0.26
205 0.36
210 0.2
215 0.36
220 0.24
225 0.14
230 0.28
235 0.32
240 0.2
245 0.2
250 0.12
255 0.26
260 0.24
265 0.26
270 0.06
275 0.14
280 0.26
285 0.2
290 0.22
295 0.1
300 0.16
305 0.14
310 0.24
315 0.12
320 0.12
325 0.14
330 0.12
335 0.18
340 0.12
345 0.1
350 0.12
355 0.1
360 0.14
365 0.1
370 0.1
375 0.12
380 0.06
385 0.06
390 0.08
395 0.16
400 0.08
405 0.06
410 0.04
415 0.08
420 0.16
425 0.1
430 0.04
435 0.04
440 0.06
445 0.18
450 0.08
455 0.04
460 0.02
465 0.04
470 0.2
475 0.04
480 0.02
485 0
490 0.06
495 0.16
1818 4.2
5 1.34
10 6.58
15 6.64
20 7.04
25 7.14
30 4.7
35 6.34
40 6.5
45 7.12
50 6.84
55 3.24
60 2.6
65 2.6
70 2.14
75 1.96
80 1.5
85 1.32
90 1.26
95 1.1
100 0.94
105 0.88
110 0.94
115 0.76
120 0.88
125 0.66
130 0.5
135 0.58
140 0.66
145 0.54
150 0.5
155 0.36
160 0.48
165 0.46
170 0.4
175 0.42
180 0.28
185 0.3
190 0.42
195 0.26
200 0.36
205 0.18
210 0.26
215 0.26
220 0.22
225 0.3
230 0.2
235 0.12
240 0.2
245 0.26
250 0.14
255 0.18
260 0.12
265 0.26
270 0.14
275 0.2
280 0.06
285 0.16
290 0.24
295 0.08
300 0.12
305 0.08
310 0.1
315 0.22
320 0.12
325 0.08
330 0.04
335 0.08
340 0.12
345 0.12
350 0.04
355 0.1
360 0.1
365 0.1
370 0.06
375 0.08
380 0.06
385 0.04
390 0.12
395 0.1
400 0.04
405 0.08
410 0.04
415 0.06
420 0.14
425 0.06
430 0.02
435 0.08
440 0.06
445 0.04
450 0.12
455 0.04
460 0.06
465 0.06
470 0.06
475 0.08
480 0.06
485 0.04
490 0.04
495 0.06
1288 3.76
5 1.54
10 6.4
15 5.98
20 6.1
25 6.6
30 4.26
35 6.04
40 5.82
45 5.88
50 6.64
55 2.98
60 2.96
65 2.24
70 2.26
75 1.76
80 1.32
85 1.52
90 1.3
95 1.34
100 0.86
105 0.96
110 0.86
115 0.78
120 1
125 0.62
130 0.68
135 0.64
140 0.7
145 0.76
150 0.42
155 0.48
160 0.56
165 0.42
170 0.66
175 0.42
180 0.32
185 0.48
190 0.38
195 0.26
200 0.36
205 0.28
210 0.42
215 0.38
220 0.14
225 0.28
230 0.3
235 0.34
240 0.28
245 0.16
250 0.14
255 0.3
260 0.3
265 0.24
270 0.18
275 0.12
280 0.26
285 0.24
290 0.2
295 0.18
300 0.1
305 0.36
310 0.08
315 0.12
320 0.14
325 0.14
330 0.22
335 0.16
340 0.14
345 0.08
350 0.18
355 0.18
360 0.14
365 0.16
370 0.04
375 0.18
380 0.14
385 0.16
390 0.08
395 0.12
400 0.1
405 0.12
410 0.14
415 0.12
420 0.02
425 0.08
430 0.16
435 0.12
440 0.1
445 0.06
450 0.06
455 0.08
460 0.12
465 0.06
470 0.12
475 0.02
480 0.06
485 0.16
490 0.04
495 0.08
1379 4.96
5 1.14
10 5.88
15 6.22
20 6.54
25 6.1
30 4.34
35 5.66
40 6.28
45 6.24
50 6.14
55 3.22
60 2.7
65 2.44
70 1.84
75 2.08
80 1.38
85 1.18
90 1.3
95 1.06
100 0.8
105 0.84
110 0.76
115 0.74
120 0.98
125 0.56
130 0.52
135 0.52
140 0.6
145 0.7
150 0.46
155 0.48
160 0.38
165 0.48
170 0.48
175 0.44
180 0.28
185 0.36
190 0.3
195 0.32
200 0.3
205 0.26
210 0.26
215 0.28
220 0.16
225 0.22
230 0.28
235 0.18
240 0.2
245 0.2
250 0.18
255 0.16
260 0.28
265 0.14
270 0.14
275 0.16
280 0.16
285 0.18
290 0.2
295 0.1
300 0.12
305 0.18
310 0.14
315 0.12
320 0.14
325 0.1
330 0.16
335 0.14
340 0.1
345 0.14
350 0.08
355 0.06
360 0.12
365 0.12
370 0.08
375 0.08
380 0.04
385 0.14
390 0.12
395 0.1
400 0.08
405 0
410 0.16
415 0.14
420 0.1
425 0.02
430 0.08
435 0.06
440 0.12
445 0.08
450 0.02
455 0.12
460 0.04
465 0.1
470 0.06
475 0.06
480 0.08
485 0.02
490 0.16
495 0
6154 9.44
5 1.1
10 6.22
15 5.88
20 5.98
25 6.5
30 3.76
35 5.12
40 6.24
45 5.68
50 6.78
55 2.88
60 2.52
65 1.98
70 2.38
75 2.06
80 1.26
85 1.34
90 1.12
95 1.2
100 1.04
105 0.98
110 0.9
115 0.82
120 0.74
125 0.6
130 0.7
135 0.56
140 0.62
145 0.54
150 0.48
155 0.6
160 0.4
165 0.48
170 0.42
175 0.3
180 0.36
185 0.4
190 0.4
195 0.32
200 0.22
205 0.28
210 0.34
215 0.24
220 0.28
225 0.18
230 0.3
235 0.24
240 0.14
245 0.2
250 0.22
255 0.26
260 0.1
265 0.22
270 0.2
275 0.16
280 0.2
285 0.16
290 0.16
295 0.14
300 0.16
305 0.16
310 0.14
315 0.22
320 0.08
325 0.18
330 0.08
335 0.12
340 0.18
345 0.08
350 0.16
355 0.1
360 0.06
365 0.16
370 0.1
375 0.14
380 0.06
385 0.04
390 0.14
395 0.12
400 0.08
405 0.08
410 0.04
415 0.08
420 0.16
425 0.1
430 0.06
435 0.08
440 0.08
445 0.1
450 0.1
455 0.06
460 0.1
465 0.04
470 0.14
475 0.04
480 0.06
485 0.06
490 0.06
495 0.14
4431 9.96
5 1.24
10 6.44
15 6.52
20 6.6
25 6.58
30 3.82
35 6.2
40 6.36
45 6.84
50 6.08
55 2.98
60 2.42
65 2.4
70 1.94
75 1.88
80 1.44
85 1.2
90 1.36
95 1.02
100 1.06
105 0.88
110 0.8
115 0.72
120 0.74
125 0.68
130 0.5
135 0.62
140 0.6
145 0.42
150 0.46
155 0.44
160 0.4
165 0.42
170 0.38
175 0.18
180 0.38
185 0.36
190 0.26
195 0.28
200 0.2
205 0.24
210 0.34
215 0.26
220 0.22
225 0.2
230 0.18
235 0.34
240 0.14
245 0.2
250 0.2
255 0.12
260 0.3
265 0.2
270 0.08
275 0.2
280 0.08
285 0.26
290 0.22
295 0.06
300 0.18
305 0.08
310 0.24
315 0.16
320 0.08
325 0.08
330 0.2
335 0.16
340 0.16
345 0.06
350 0.06
355 0.2
360 0.06
365 0.14
370 0.06
375 0.04
380 0.12
385 0.08
390 0.12
395 0.04
400 0.06
405 0.1
410 0.14
415 0.06
420 0.04
425 0.1
430 0.08
435 0.06
440 0.06
445 0
450 0.04
455 0.1
460 0.08
465 0.04
470 0
475 0.04
480 0.1
485 0.06
490 0.04
495 0
3919 8.54
5 1.08
10 6.46
15 6.62
20 6.66
25 6.74
30 4.3
35 5.72
40 6.68
45 6.32
50 6.76
55 3.16
60 2.74
65 2.62
70 2.4
75 2
80 1.7
85 1.64
90 1.12
95 1.54
100 0.94
105 0.86
110 0.84
115 0.66
120 0.96
125 0.88
130 0.58
135 0.62
140 0.6
145 0.68
150 0.56
155 0.44
160 0.54
165 0.54
170 0.5
175 0.28
180 0.36
185 0.4
190 0.46
195 0.4
200 0.26
205 0.26
210 0.34
215 0.28
220 0.28
225 0.2
230 0.2
235 0.2
240 0.26
245 0.3
250 0.24
255 0.1
260 0.22
265 0.26
270 0.14
275 0.22
280 0.08
285 0.18
290 0.2
295 0.18
300 0.22
305 0.08
310 0.18
315 0.14
320 0.1
325 0.12
330 0.16
335 0.12
340 0.14
345 0.1
350 0.12
355 0.14
360 0.12
365 0.14
370 0.06
375 0.08
380 0.14
385 0.1
390 0.14
395 0.12
400 0.02
405 0.18
410 0.08
415 0.12
420 0.1
425 0.06
430 0.1
435 0.08
440 0.1
445 0.06
450 0.12
455 0.04
460 0.06
465 0.08
470 0.06
475 0.06
480 0.06
485 0.04
490 0.12
495 0.02
1948 3.16
5 1.5
10 5.8
15 6.7
20 7.18
25 6.86
30 4.76
35 5.44
40 6.46
45 7.38
50 6.8
55 3.16
60 2.5
65 2.24
70 2.74
75 2.7
80 1.12
85 1.02
90 1.16
95 1.58
100 1.26
105 0.62
110 0.68
115 0.72
120 1.02
125 1.04
130 0.36
135 0.4
140 0.66
145 0.64
150 0.72
155 0.4
160 0.42
165 0.48
170 0.54
175 0.44
180 0.36
185 0.26
190 0.34
195 0.32
200 0.22
205 0.3
210 0.24
215 0.3
220 0.18
225 0.18
230 0.16
235 0.3
240 0.24
245 0.16
250 0.08
255 0.08
260 0.16
265 0.16
270 0.24
275 0.06
280 0.1
285 0.12
290 0.16
295 0.18
300 0.08
305 0.08
310 0.1
315 0.12
320 0.1
325 0.1
330 0.1
335 0.1
340 0.1
345 0.06
350 0.06
355 0.12
360 0.1
365 0.04
370 0.1
375 0.04
380 0.12
385 0.12
390 0.06
395 0.06
400 0.1
405 0.06
410 0.12
415 0.06
420 0.08
425 0.04
430 0.14
435 0.1
440 0.06
445 0.02
450 0.1
455 0.1
460 0.12
465 0.06
470 0.02
475 0.08
480 0.06
485 0.12
490 0.08
495 0.04
1880 4.28
5 1.26
10 6.4
15 6.32
20 6.24
25 6.7
30 4.62
35 5.72
40 6.24
45 6.5
50 6.3
55 3.34
60 2.24
65 2.48
70 2.44
75 1.82
80 1.36
85 1.36
90 1.28
95 1.14
100 1.04
105 0.86
110 0.92
115 0.72
120 0.76
125 0.68
130 0.7
135 0.74
140 0.5
145 0.58
150 0.48
155 0.68
160 0.4
165 0.46
170 0.4
175 0.48
180 0.42
185 0.38
190 0.26
195 0.36
200 0.4
205 0.34
210 0.38
215 0.24
220 0.3
225 0.32
230 0.32
235 0.26
240 0.18
245 0.24
250 0.24
255 0.36
260 0.24
265 0.1
270 0.14
275 0.28
280 0.2
285 0.16
290 0.06
295 0.18
300 0.16
305 0.18
310 0.08
315 0.04
320 0.12
325 0.2
330 0.22
335 0.04
340 0.1
345 0.02
350 0.2
355 0.14
360 0.08
365 0.06
370 0.04
375 0.14
380 0.12
385 0.06
390 0.06
395 0.04
400 0.08
405 0.16
410 0.06
415 0.08
420 0.04
425 0.08
430 0.12
435 0.1
440 0.04
445 0.08
450 0.04
455 0.12
460 0.04
465 0.08
470 0.1
475 0.06
480 0.1
485 0.06
490 0.02
495 0.12
2731 5.8
5 1.46
10 6.86
15 6.74
20 5.96
25 6.62
30 4.78
35 6.5
40 6.42
45 6.18
50 6.22
55 3.44
60 2.96
65 1.88
70 2.14
75 1.6
80 1.4
85 1.52
90 1.18
95 0.9
100 1
105 0.88
110 0.94
115 0.84
120 0.76
125 0.56
130 0.56
135 0.56
140 0.7
145 0.6
150 0.58
155 0.46
160 0.52
165 0.52
170 0.38
175 0.36
180 0.46
185 0.32
190 0.32
195 0.32
200 0.24
205 0.46
210 0.22
215 0.38
220 0.2
225 0.22
230 0.3
235 0.18
240 0.34
245 0.16
250 0.24
255 0.2
260 0.2
265 0.28
270 0.2
275 0.24
280 0.16
285 0.18
290 0.2
295 0.22
300 0.2
305 0.14
310 0.16
315 0.08
320 0.24
325 0.22
330 0.08
335 0.1
340 0.1
345 0.16
350 0.22
355 0.08
360 0.08
365 0.12
370 0.2
375 0.12
380 0.08
385 0.08
390 0.08
395 0.16
400 0.1
405 0.02
410 0.06
415 0.1
420 0.12
425 0.08
430 0.04
435 0.02
440 0.06
445 0.18
450 0.02
455 0.06
460 0.06
465 0.04
470 0.12
475 0.06
480 0.04
485 0.06
490 0.06
495 0.06
1614 4.72
