5 0
10 0
15 0
20 0
25 0.6
30 0.2
35 0
40 0.6
45 0
50 0.4
55 0.4
60 0.4
65 0.8
70 0.2
75 0.4
80 0.2
85 0.6
90 0.8
95 0
100 0.4
105 0.2
110 0.4
115 0.6
120 0.4
125 0.4
130 0.4
135 0.6
140 0.2
145 0.4
150 0.6
155 0.4
160 0.4
165 1
170 0.8
175 0.6
180 0
185 0.2
190 0.4
195 0.4
200 1.4
205 0
210 0.4
215 0.2
220 0.2
225 0.4
230 0.6
235 0.4
240 0.8
245 0.4
250 0.2
255 0.2
260 0.2
265 0.4
270 0.4
275 1
280 0.6
285 0.4
290 0
295 0.6
300 0.8
305 0.2
310 0.2
315 0.4
320 1
325 0.6
330 0.6
335 0
340 1
345 0.4
350 0
355 0.8
360 0.6
365 0.4
370 0
375 0.6
380 0.2
385 0.6
390 0.4
395 0.4
400 0.6
405 0.2
410 0.2
415 0.4
420 0.6
425 0.6
430 0.6
435 0.4
440 0.8
445 0.6
450 1.4
455 0.6
460 0.4
465 0
470 0
475 0
480 0.4
485 0
490 0.2
495 0.2
2705 59.4
5 0
10 0
15 0
20 0
25 0.6
30 0.6
35 0.2
40 0.4
45 0
50 0.4
55 0.2
60 0.4
65 0.4
70 0.2
75 0.4
80 0.2
85 0.8
90 0.2
95 0.6
100 0.6
105 0.4
110 1.2
115 0.2
120 0.2
125 0.4
130 0.2
135 0.8
140 0.4
145 0
150 0.8
155 0.4
160 0.2
165 0.2
170 0.4
175 0.8
180 0.8
185 0.6
190 0.4
195 0.4
200 0.4
205 0.8
210 0.2
215 0.6
220 0.2
225 0.2
230 0.2
235 0.8
240 0.2
245 1
250 0.2
255 0.4
260 0.4
265 0.6
270 0.2
275 0.6
280 0.8
285 0.4
290 0.6
295 0
300 0.2
305 0.4
310 0.6
315 0
320 0.2
325 0.2
330 0.4
335 0
340 0.6
345 0.4
350 0.6
355 0.6
360 0.8
365 0.6
370 1
375 1
380 0.2
385 0.6
390 0.8
395 0.8
400 0.4
405 0.6
410 1
415 0.8
420 0.6
425 0.6
430 0
435 0.4
440 0.6
445 0
450 0.6
455 0.4
460 0.4
465 0
470 0.4
475 0.4
480 0.4
485 0.6
490 0.2
495 0.6
1672 57.2
5 0
10 0
15 0
20 0.2
25 0.8
30 0.4
35 0
40 0.4
45 0
50 0.2
55 0.4
60 0.4
65 0.4
70 0.2
75 0.6
80 0.2
85 1.2
90 1
95 0.6
100 0.2
105 0.4
110 0.2
115 0.8
120 0.2
125 0.6
130 0.8
135 0.2
140 0.6
145 0.4
150 0.4
155 0.2
160 0.4
165 0.6
170 0
175 0.4
180 0
185 0.2
190 0.2
195 0.6
200 0.4
205 0.4
210 0.2
215 0
220 0.2
225 0.2
230 0.4
235 0.6
240 0.4
245 0.4
250 0.6
255 0.4
260 0.8
265 1.2
270 0.4
275 0.6
280 0.6
285 0.8
290 0.6
295 0.8
300 1.8
305 1
310 0.6
315 0.8
320 0.8
325 0.6
330 0.4
335 0.6
340 0.6
345 0.8
350 0.6
355 0.6
360 0.2
365 0.6
370 0
375 0
380 0.2
385 0
390 0.2
395 0.2
400 0
405 0.6
410 0.6
415 0.6
420 0
425 0.2
430 0.2
435 0.8
440 0.2
445 0
450 0.4
455 0.6
460 0.4
465 0.6
470 0.8
475 0.6
480 0.6
485 0.2
490 0.2
495 0.4
1920 57
5 0
10 0
15 0
20 0
25 0.6
30 0.2
35 0
40 0.2
45 0
50 0.2
55 0.4
60 0.4
65 0.4
70 0.2
75 0.4
80 0.4
85 0.6
90 0
95 0.8
100 0.6
105 0.2
110 0.4
115 0.4
120 0.6
125 0.4
130 0.2
135 0.2
140 0.8
145 0.4
150 0.4
155 0
160 1
165 0.4
170 0.6
175 0
180 0.2
185 0.4
190 0.2
195 0.4
200 0.8
205 0.6
210 0.2
215 0.6
220 0.2
225 0.2
230 0.6
235 1
240 1.2
245 0.6
250 0.6
255 1.2
260 1
265 0
270 0.2
275 0.2
280 0.2
285 0.2
290 0
295 0
300 0.6
305 0.8
310 0
315 0.2
320 0.4
325 0
330 0.4
335 0.6
340 0.6
345 0.6
350 0.2
355 0.6
360 0.2
365 0.6
370 0.2
375 0.4
380 0.2
385 0.4
390 0.2
395 0.6
400 0.2
405 0.2
410 0.6
415 0.2
420 0.8
425 0.4
430 0.2
435 0.6
440 0.6
445 0.8
450 0.2
455 0.2
460 0.8
465 0.8
470 0.2
475 0.4
480 0.2
485 0.4
490 0.6
495 1
2104 60.6
5 0
10 0.2
15 0
20 0
25 0.6
30 0.2
35 0
40 0.2
45 0.2
50 0.4
55 0.2
60 0.4
65 0.4
70 0.2
75 0.6
80 0.4
85 0.6
90 0.4
95 0.2
100 0.6
105 0.4
110 0.4
115 0.2
120 0.6
125 0.2
130 0.6
135 0
140 1.4
145 0.6
150 0.8
155 0.4
160 0.4
165 0.2
170 0.6
175 1
180 0.2
185 0.2
190 1.2
195 0.2
200 0.8
205 0.4
210 0.4
215 0.8
220 0.2
225 1
230 0.4
235 0.4
240 0.8
245 0
250 0
255 0.2
260 0.2
265 0
270 0.2
275 0.6
280 0.4
285 0.2
290 0
295 0.4
300 0.2
305 0.2
310 0.2
315 0.4
320 0.4
325 1
330 0.4
335 0.2
340 0.8
345 0.8
350 0.6
355 0.6
360 0.6
365 1
370 0.6
375 0.6
380 0.4
385 0.2
390 0.2
395 0.4
400 0.6
405 0.2
410 0
415 0.2
420 0.4
425 0.4
430 0.4
435 0.6
440 0
445 0.8
450 0.2
455 0.8
460 0.4
465 0.4
470 0.4
475 0.8
480 0.4
485 0.2
490 0.6
495 0.6
1499 59
5 0
10 0
15 1
20 0
25 0
30 0
35 0.4
40 0.6
45 0
50 0.4
55 0.4
60 0.2
65 0.2
70 0.2
75 0.4
80 0.6
85 0.2
90 0.4
95 0.2
100 0.6
105 0.4
110 0.6
115 0.4
120 0
125 0.2
130 0.6
135 0.6
140 0.8
145 0
150 0.4
155 0.4
160 0.6
165 0.4
170 0.4
175 1
180 0.4
185 0.6
190 0.6
195 0.6
200 0.4
205 0.6
210 0.2
215 0.6
220 0.4
225 0.6
230 0.2
235 0.4
240 0.6
245 0.6
250 1
255 0.6
260 0.4
265 0.2
270 0.2
275 0.8
280 0.4
285 0.4
290 0.2
295 0.6
300 0.8
305 0.6
310 0
315 0.4
320 0.4
325 0.2
330 0.6
335 0.6
340 0
345 0
350 0
355 0.6
360 0.6
365 1
370 0.4
375 0.4
380 0.4
385 0.6
390 0.2
395 1.2
400 0.4
405 0.4
410 0.2
415 0.2
420 0
425 0
430 0.2
435 0.8
440 0.8
445 0.6
450 0.4
455 0.4
460 0
465 0.2
470 0.4
475 0.6
480 1
485 1
490 0.4
495 0.6
2015 58.2
5 0
10 0
15 0.2
20 0.2
25 0
30 0.2
35 0.4
40 0.4
45 0.2
50 0.6
55 0.6
60 0.6
65 0
70 0.2
75 0
80 0.6
85 0.2
90 0.2
95 0.2
100 0.6
105 0.4
110 0.4
115 0.4
120 0.6
125 0
130 0.2
135 0.6
140 0
145 0.2
150 0.4
155 0.4
160 0.8
165 0.4
170 0.2
175 0.4
180 0.4
185 0.4
190 0.4
195 0.2
200 0.4
205 0.4
210 0.6
215 0.2
220 0.2
225 0.4
230 0.2
235 0.8
240 0.2
245 0.6
250 0.4
255 1.2
260 0.6
265 0.4
270 0.8
275 0.6
280 0.6
285 0.6
290 0.6
295 0.8
300 0.4
305 0.6
310 0.4
315 0.4
320 0.4
325 0.4
330 0.6
335 0.2
340 0
345 0.2
350 0.4
355 0.6
360 0.2
365 0.6
370 0.4
375 0.2
380 0.6
385 0.2
390 0.2
395 0.2
400 0.4
405 0.4
410 0.2
415 0.6
420 1
425 0.6
430 0.6
435 0.2
440 0.4
445 0.4
450 0.6
455 0.6
460 0.4
465 0.8
470 0.4
475 0.2
480 0.4
485 0.4
490 0.4
495 0.2
1621 60.8
5 0
10 0.2
15 0.4
20 0
25 0
30 0
35 0.4
40 0.4
45 0.2
50 0.4
55 0.4
60 0.8
65 0.4
70 0.4
75 0.4
80 0.4
85 0.2
90 0.2
95 0.4
100 0
105 0.4
110 0.2
115 0.4
120 0.8
125 0.6
130 0.6
135 0.4
140 0.2
145 0.6
150 0.4
155 0.4
160 0.2
165 0.4
170 0.4
175 0.4
180 0.4
185 0
190 0.4
195 0.2
200 0.2
205 0.2
210 0.8
215 0.4
220 0.2
225 0.4
230 0.2
235 0.6
240 0.8
245 0.4
250 0.4
255 0.6
260 0.2
265 0.6
270 0.2
275 0.6
280 0.6
285 0.6
290 0.2
295 0.6
300 0.8
305 0.2
310 0
315 0.6
320 0.6
325 0.6
330 0.6
335 0
340 0.2
345 0.6
350 0.6
355 0.2
360 0.6
365 0.2
370 0.4
375 0.6
380 0.6
385 0.2
390 0.6
395 0.2
400 0.6
405 0
410 0.2
415 0.4
420 0.6
425 0.6
430 0.4
435 0.4
440 0.2
445 0.4
450 0.4
455 0.4
460 0.6
465 0.4
470 0.6
475 0.8
480 1.2
485 0.6
490 0.2
495 0.4
1789 60.4
5 0
10 0
15 0.2
20 0
25 0
30 0.2
35 0.6
40 0.4
45 0.2
50 0.6
55 0.6
60 0.2
65 0
70 0.4
75 0
80 0.8
85 0
90 0.2
95 0.4
100 1
105 0.6
110 1
115 0.4
120 0.6
125 0.2
130 0.6
135 0.4
140 0.4
145 0.4
150 0.6
155 0.2
160 0.2
165 0.2
170 0.8
175 0.2
180 0.6
185 0.4
190 0.2
195 0.2
200 0.4
205 0.2
210 0.4
215 0.2
220 0.2
225 0.6
230 0.4
235 0.8
240 0.8
245 0.6
250 0.2
255 0.4
260 0
265 1
270 0.6
275 0.2
280 0.2
285 0.2
290 0.4
295 0.4
300 0.4
305 0.2
310 0.8
315 1
320 0.4
325 0.6
330 0.8
335 0.2
340 0.6
345 0.6
350 1
355 0.6
360 0.2
365 0.4
370 1
375 0.8
380 0
385 0
390 0.2
395 0.8
400 0.8
405 0.4
410 0.4
415 0.4
420 0.8
425 0.6
430 0
435 0.8
440 0.4
445 0.4
450 1.2
455 0.6
460 0.8
465 1
470 0.2
475 0.4
480 0.4
485 0.8
490 0.6
495 0.2
2312 56
5 0
10 0.2
15 0.2
20 0
25 0
30 0
35 0.4
40 0.6
45 0.2
50 0.6
55 0.4
60 0.4
65 0.4
70 0.2
75 0.4
80 0.6
85 0.4
90 0.2
95 0.2
100 0.2
105 0.4
110 0.2
115 0.6
120 0.4
125 0
130 1
135 0.2
140 0.2
145 0.2
150 0.2
155 0.4
160 0.2
165 0.8
170 0.8
175 0.2
180 0.2
185 0.4
190 0.4
195 0.8
200 0.6
205 0.6
210 0.2
215 0.2
220 0.8
225 0.6
230 0.4
235 0
240 0.6
245 0.4
250 0.6
255 0.2
260 0.4
265 0.4
270 0.2
275 0.4
280 0.4
285 0.6
290 0.6
295 0.4
300 0.6
305 0.2
310 0.2
315 0.4
320 0.4
325 0.6
330 0.2
335 0.2
340 0.2
345 0
350 0.6
355 0.2
360 0.6
365 0.4
370 0.8
375 0.4
380 0.4
385 0.4
390 0
395 1
400 0.6
405 1.2
410 0.6
415 1
420 0.6
425 0.6
430 0.6
435 0.2
440 0.4
445 0.4
450 0.4
455 0.4
460 0.4
465 0
470 0.4
475 0.2
480 0.6
485 0.6
490 1.4
495 0.4
2523 59.4
5 0
10 0
15 0.2
20 0
25 0.4
30 0
35 0.4
40 0.4
45 0.6
50 0.6
55 0.6
60 0.4
65 0.2
70 0.6
75 0.4
80 0.2
85 0.4
90 0.4
95 0.6
100 0.2
105 0.2
110 0.2
115 0.8
120 0.4
125 0.4
130 0
135 0.4
140 0.6
145 0
150 0.4
155 0.6
160 0.2
165 0.2
170 0.8
175 0.2
180 0
185 0.2
190 0.4
195 0.2
200 0.4
205 1
210 0.6
215 1
220 0.6
225 0.4
230 1
235 0.4
240 0.4
245 0
250 0.6
255 1
260 0.4
265 0.6
270 0.2
275 0.4
280 0.4
285 0
290 0
295 0.8
300 0.4
305 0.8
310 0.2
315 0.2
320 0.2
325 0.2
330 0.4
335 0.4
340 0.2
345 0
350 0.2
355 0.2
360 0.4
365 0.4
370 0.4
375 0.2
380 0.6
385 0.6
390 1
395 0.4
400 0.6
405 0.8
410 0.4
415 0.4
420 0.2
425 0.2
430 0.8
435 0.6
440 0.4
445 0.2
450 0.4
455 0.4
460 0.4
465 0.4
470 0.6
475 0.6
480 0
485 0
490 0.2
495 0
1779 62
5 0
10 0
15 0.2
20 0
25 0
30 0
35 0.4
40 0.4
45 0.2
50 0.2
55 0.6
60 0.2
65 0.8
70 0.2
75 0.2
80 0.6
85 0.8
90 0.4
95 0.4
100 0.6
105 0.2
110 0.4
115 0.6
120 0.2
125 0
130 0.4
135 0.4
140 0
145 0.2
150 0.4
155 0.6
160 0.2
165 0.4
170 0.4
175 0.6
180 0.6
185 0.2
190 1.2
195 0
200 0.6
205 0.4
210 0.2
215 0
220 0.2
225 0
230 0.2
235 0.6
240 0.6
245 0.4
250 0.4
255 1
260 0.6
265 0.8
270 0.2
275 0.6
280 0.2
285 0.6
290 0.4
295 0.4
300 0.8
305 0.6
310 0.6
315 0.2
320 0.4
325 0.6
330 0.4
335 0.2
340 0.8
345 0.2
350 0.2
355 0.2
360 0
365 0.4
370 0.2
375 0.2
380 0.8
385 0.4
390 0.6
395 0.6
400 0.6
405 0.2
410 0.6
415 0.6
420 1
425 0.4
430 0.4
435 0.4
440 0.4
445 0.2
450 0.6
455 0.2
460 0.2
465 0.4
470 0.2
475 0
480 0.4
485 0.2
490 0.4
495 0.4
1720 62.2
5 0
10 0.4
15 0.2
20 0
25 0
30 0
35 0.4
40 0.4
45 0
50 0.4
55 0.4
60 0.4
65 0.2
70 0.6
75 0.2
80 0.6
85 0.4
90 0.6
95 0
100 0.4
105 0.4
110 0.4
115 0.4
120 0
125 1
130 0.4
135 0.6
140 0.4
145 0
150 1
155 0.6
160 0.8
165 0.2
170 0.4
175 0.6
180 0.4
185 0.2
190 0.6
195 0.2
200 0.4
205 0.2
210 0.4
215 0.6
220 0.8
225 0.4
230 1
235 0.6
240 0.2
245 0.6
250 0.4
255 0.4
260 0.4
265 0.2
270 0.2
275 0.2
280 0.6
285 1
290 0.2
295 0.4
300 0.2
305 0.4
310 0.4
315 0.2
320 1
325 0.4
330 0.2
335 0.6
340 0.2
345 0
350 0.4
355 0.6
360 0.6
365 0.2
370 0.6
375 0.6
380 0.2
385 0.6
390 0.6
395 0.6
400 0.6
405 0.4
410 0.6
415 0.8
420 0.4
425 0.8
430 0.8
435 0.4
440 0
445 0.8
450 0.4
455 0.8
460 0.2
465 0.2
470 0.2
475 0.6
480 0.8
485 0.6
490 0.6
495 0.4
1660 57.6
5 0
10 0
15 0.2
20 0
25 0
30 0.2
35 0.6
40 0.4
45 0
50 0.4
55 0.4
60 0.2
65 0.2
70 0.4
75 0.4
80 0.2
85 0.6
90 0.2
95 0
100 0.6
105 0.4
110 0.2
115 0
120 0.8
125 0.6
130 0.4
135 0.2
140 1.2
145 0.4
150 0.2
155 0.6
160 0
165 0.4
170 0.4
175 1
180 0.4
185 0.6
190 0.2
195 0.8
200 0.6
205 0
210 0.8
215 0
220 0.6
225 0.8
230 0.8
235 0.2
240 0.8
245 0.4
250 0.4
255 0.4
260 1
265 0.8
270 0.2
275 0.6
280 0.4
285 0
290 0.6
295 0.8
300 0.2
305 0.4
310 0
315 0.6
320 0.4
325 0.4
330 0.4
335 0.4
340 0.6
345 0.2
350 0.4
355 0.6
360 0.4
365 0.2
370 0.6
375 0.6
380 0.6
385 0.2
390 0.4
395 0.4
400 0.6
405 0
410 0.2
415 0.2
420 0.4
425 0.4
430 0.8
435 0
440 0.4
445 0.8
450 0.6
455 0
460 0
465 0.8
470 0
475 0.2
480 0.4
485 0.6
490 0.8
495 1
1772 59.8
5 0
10 0
15 0.4
20 0.4
25 0
30 0.2
35 0.4
40 0.4
45 0.2
50 0.2
55 0.8
60 0
65 0.2
70 0.4
75 0
80 0.4
85 0.4
90 0.4
95 0.2
100 0.6
105 0.6
110 0.6
115 1.2
120 0.4
125 0.4
130 0.6
135 0.8
140 0.4
145 0.4
150 0
155 0
160 0.6
165 0.4
170 0.4
175 0.4
180 0.4
185 0
190 0.4
195 0.6
200 0.4
205 0.6
210 0.4
215 0.2
220 0
225 0.2
230 0.2
235 0.6
240 0.2
245 0
250 0.6
255 0.4
260 0
265 0.6
270 0.4
275 0.6
280 0.8
285 0.4
290 0.6
295 0.4
300 0.4
305 0.6
310 0.6
315 0.2
320 0.6
325 0.6
330 1
335 1.2
340 0.6
345 0.6
350 1
355 0.6
360 0
365 0
370 0.6
375 0
380 0
385 0.2
390 0.4
395 0.4
400 0.6
405 0
410 0
415 0
420 0
425 0.2
430 0.6
435 0.4
440 0
445 0.4
450 0.8
455 1
460 1.2
465 1
470 0.8
475 1.4
480 1
485 0.4
490 0.8
495 0.6
1813 57.4
