5
10
8
15
5
12
10
5
15
14
5
10
18
6
24
6
5
10
18
10
6
16
23
5
5
5
6
8
9
115
51
93
90
96
5
81
12
26
5
58
10
69
5
5
81
5
9
117
5
6
51
6
124
5
128
176
35
5
200
11
5
16
5
77
9
38
11
5
69
14
187
18
12
194
64
14
13
5
258
9
5
23
5
38
290
5
269
262
19
220
78
7
71
95
81
265
5
23
8
243
169
186
175
177
60
55
46
10
71
9
5
43
8
5
361
6
246
31
237
52
165
341
46
13
258
135
120
5
15
44
235
225
419
187
411
380
178
38
294
5
309
293
173
23
6
7
5
12
33
5
11
6
11
27
8
13
195
12
95
369
5
499
408
50
333
30
8
241
13
29
11
428
249
275
245
177
5
255
9
5
8
30
14
22
109
5
58
610
5
14
321
324
300
121
6
48
7
41
5
41
426
5
50
318
11
5
5
24
6
34
5
266
5
37
5
32
5
559
527
477
195
8
5
433
402
335
12
68
92
149
16
9
20
7
5
16
11
777
5
10
365
750
15
24
5
804
7
790
13
454
438
54
5
13
9
39
26
151
132
18
50
65
51
327
162
43
125
74
363
357
647
285
610
518
862
419
298
860
285
263
438
201
384
192
361
829
400
368
166
921
907
789
876
145
772
361
570
798
228
196
172
366
334
209
1013
580
755
571
412
382
459
361
456
522
486
353
427
539
427
343
316
317
307
367
325
639
526
553
496
818
798
430
301
479
474
420
445
1052
1064
1038
405
1060
361
1017
422
646
326
575
985
560
536
1102
527
959
1048
891
842
706
963
886
609
884
488
864
431
387
768
833
591
548
749
1102
1082
1063
628
1050
1206
985
841
783
977
940
870
613
858
969
761
965
1300
870
518
484
1105
817
831
741
641
547
1337
504
507
1248
592
1245
878
831
582
1265
1131
1124
1074
1034
974
741
1047
711
1043
932
590
899
812
1310
811
1290
1262
798
930
840
740
768
1236
1088
1461
740
1089
729
781
1435
1350
972
976
756
735
756
1317
1254
1122
704
1031
1016
949
946
926
864
850
746
1360
1051
974
970
1608
1604
1292
1026
1099
1019
896
1031
1013
980
1604
879
1469
1067
1059
969
1976
1904
1810
1768
1720
1599
1541
1440
1387
1334
1302
1256
2190
1513
1507
1496
2801
2734
2444
2428
2344
2328
2236
2065
5
9
5
16
5
19
5
30
7
5
10
31
16
10
5
20
8
5
10
6
32
12
5
6
10
36
12
14
5
48
5
38
50
5
6
77
12
5
58
14
57
5
39
5
27
5
98
53
6
8
29
106
5
6
124
106
5
7
71
9
41
6
10
55
10
5
128
6
79
82
108
83
61
134
8
111
71
28
5
116
12
125
95
96
71
13
166
5
97
82
140
10
5
6
18
11
10
139
16
129
13
9
129
41
5
96
78
9
13
148
5
13
5
24
8
224
8
98
5
183
7
86
62
185
46
5
41
12
5
40
11
5
103
451
9
413
12
18
18
156
14
5
103
141
37
424
5
5
13
134
17
5
9
5
67
9
6
442
5
465
441
400
14
6
169
31
84
301
267
24
14
408
5
30
413
35
5
14
5
7
215
391
34
140
76
5
72
9
478
9
539
527
17
237
5
14
650
8
7
597
5
35
5
540
5
527
33
508
489
32
369
16
14
407
19
409
395
559
375
7
371
279
339
5
238
297
333
6
250
781
167
6
223
708
91
100
459
5
182
22
6
91
6
5
32
269
251
208
734
69
5
12
6
9
673
662
386
76
573
49
533
43
357
325
133
385
324
393
384
114
328
237
107
241
224
135
135
236
158
118
277
200
99
200
184
534
315
216
198
270
266
946
152
145
869
577
539
542
967
969
458
970
355
218
313
796
549
353
291
234
876
265
485
241
706
361
209
257
972
866
661
845
359
1093
642
1081
837
785
1046
587
1058
571
909
620
990
911
981
728
640
548
658
603
952
1113
930
510
742
485
1025
1022
991
620
933
435
574
458
892
882
878
446
499
771
420
731
615
646
425
743
707
673
495
380
549
891
482
508
895
654
862
486
428
580
501
853
812
809
652
628
648
579
547
501
864
856
716
582
556
533
532
1080
932
1310
499
1178
1118
1036
830
897
826
702
592
759
550
1358
1311
1291
1303
1085
1023
1184
819
1271
1267
784
1244
1006
946
594
865
1115
894
1331
842
857
1196
1145
1102
986
1447
939
821
733
885
1435
1144
1064
833
803
1486
677
1200
1206
1112
965
703
1016
882
1463
1372
1425
1311
1233
1235
1106
1229
1156
864
1145
1035
944
1458
861
1445
1344
855
1125
1121
867
850
1700
1686
1661
1633
1547
1529
1481
1453
1404
1367
1267
1219
1134
987
980
1516
1514
1412
1372
1368
1361
5
8
5
16
11
20
5
8
18
9
37
11
5
44
9
39
5
25
5
10
5
29
5
6
41
12
5
9
10
5
5
43
9
23
13
5
122
119
7
94
39
6
14
5
17
16
14
5
9
85
5
142
6
104
184
5
9
98
5
67
62
194
5
17
7
40
6
31
9
5
21
21
5
36
40
22
204
223
5
10
14
5
12
8
16
37
5
5
15
9
5
12
13
111
6
141
8
39
9
154
41
89
6
235
238
118
96
12
5
5
51
6
33
6
15
321
8
5
9
39
155
29
5
24
59
5
5
197
5
194
8
114
103
42
114
48
5
67
5
150
9
20
322
11
155
137
216
115
36
23
76
148
15
117
14
390
365
9
344
220
255
193
5
39
37
94
11
33
16
8
188
5
13
5
9
6
7
544
9
5
84
529
5
502
503
35
507
13
566
410
94
60
69
80
5
5
337
5
590
541
346
14
379
228
345
5
7
33
17
5
338
5
9
519
7
260
49
13
30
60
6
307
299
5
446
8
5
38
7
219
11
8
27
270
17
5
284
5
278
194
9
76
195
121
186
308
145
110
162
124
282
92
270
221
170
136
140
116
863
756
661
881
454
120
777
687
718
439
664
650
398
640
531
485
703
484
574
526
656
499
497
664
337
231
455
421
404
317
241
235
197
521
270
529
290
284
433
419
663
395
802
700
295
581
318
411
713
342
424
714
462
339
359
1046
683
668
1022
737
443
329
613
664
611
1063
653
1028
599
433
511
423
951
411
600
321
523
751
341
545
917
447
482
483
889
682
854
457
1068
411
660
1042
924
637
834
620
587
466
390
795
785
414
783
587
1185
696
665
1011
610
1001
870
1077
871
504
713
1072
907
831
894
756
614
867
611
670
1079
902
701
874
858
510
766
658
926
622
609
676
593
574
900
837
652
637
633
618
591
586
1401
1353
1172
1393
1162
1435
1355
1388
813
1111
1287
1084
1145
1050
1006
846
781
1266
859
801
1141
796
780
1135
1057
1401
1055
1161
1085
1040
963
966
806
963
949
918
1546
1541
1507
1445
1445
1297
1548
1456
1437
1189
1084
970
1367
1316
1409
1183
1258
1153
1157
1009
1379
1271
1085
963
929
1061
860
1226
914
1202
954
1586
1485
1484
1486
1380
1313
1240
1210
1157
1081
985
1883
1885
1859
1467
1411
1320
1984
1859
1795
1596
1600
1599
1446
1402
1380
1360
1344
1247
5
7
9
6
5
9
6
5
19
25
5
14
6
11
22
7
16
8
47
5
17
5
27
6
5
8
26
5
9
34
13
5
5
12
22
5
12
19
23
5
10
47
16
5
11
59
12
16
15
50
6
116
18
5
5
92
5
10
72
15
17
17
5
209
5
11
21
5
12
5
9
150
9
160
164
10
6
21
10
5
31
12
73
206
5
218
72
215
172
56
257
5
109
92
6
14
182
8
13
147
108
7
7
12
10
185
5
14
37
15
6
203
5
16
6
6
14
38
9
12
29
5
55
5
9
66
15
22
21
395
241
13
5
6
417
6
90
88
7
19
46
12
287
17
163
7
162
445
254
225
51
11
6
114
31
526
438
424
19
32
5
30
11
102
69
478
7
65
12
39
18
45
5
52
116
61
5
10
102
6
16
5
69
45
484
41
18
5
476
124
5
66
5
7
14
5
358
360
283
636
633
5
513
397
5
173
145
45
5
178
87
114
5
7
64
55
5
33
34
5
62
5
8
662
607
66
62
13
25
533
478
9
387
381
28
156
109
383
63
279
118
298
71
603
153
863
586
75
507
551
446
385
667
539
249
208
228
195
187
172
226
170
183
184
164
154
261
161
696
936
636
891
264
163
249
564
541
175
888
816
774
501
481
365
802
733
809
802
670
719
371
359
352
720
562
498
253
482
666
496
343
429
346
374
375
370
302
937
283
893
392
785
754
705
396
832
648
632
383
764
365
560
592
467
854
743
890
537
496
488
833
402
997
679
730
693
744
569
1182
1066
677
686
652
606
1024
482
957
473
646
1138
559
948
477
1066
928
1007
1134
1055
1001
973
565
508
966
919
796
818
711
836
811
717
582
791
560
635
756
624
806
665
622
583
718
571
1040
933
588
680
791
673
688
1103
923
925
656
855
658
839
1353
969
614
891
836
776
780
836
1351
1256
1082
1035
842
842
710
1494
1338
1287
1241
1327
1150
1351
978
1345
1143
910
918
1460
1285
1411
1251
1238
1402
905
899
1414
781
1239
1254
897
1243
1226
1073
1187
1050
967
1051
825
996
924
1394
1223
1153
1589
988
1476
1422
1203
1282
1176
1175
1163
1173
1081
1115
1005
1696
1611
1373
1367
1361
1258
1096
1872
1765
1729
1718
1608
1569
1456
1420
1992
1773
1576
1455
1397
1913
1834
1697
1676
1506
1499
1491
1459
2028
2030
1687
1639
1640
2202
2125
1947
1835
1780
5
12
5
19
5
23
31
6
8
13
17
5
14
25
19
7
33
9
16
37
5
22
6
9
11
31
5
16
52
5
11
28
24
5
16
60
5
11
71
7
5
62
12
6
17
6
17
5
11
6
109
41
98
7
12
47
86
5
11
18
9
5
17
5
28
14
20
117
5
22
27
9
6
13
5
20
11
14
77
5
11
38
5
16
139
5
5
12
27
10
5
14
25
6
61
9
155
37
8
5
52
34
11
17
206
5
6
17
158
5
5
101
307
5
298
5
270
6
9
196
126
229
145
214
5
10
5
27
5
183
8
40
178
111
255
142
138
48
5
177
6
135
11
5
163
125
6
307
155
122
5
14
63
5
384
6
10
317
53
49
265
325
254
27
308
260
145
6
8
190
5
122
227
209
80
5
5
274
172
446
39
5
72
5
9
5
14
293
9
131
6
11
351
120
344
74
31
469
43
11
5
5
42
5
107
5
14
5
18
108
5
12
414
280
413
5
6
21
6
285
201
280
462
5
11
189
162
7
7
6
355
12
256
395
21
5
273
109
63
183
57
13
5
80
5
339
76
35
5
130
84
113
104
60
607
9
15
250
285
577
570
5
491
176
368
604
459
10
314
447
251
682
683
35
37
5
200
197
98
31
77
44
584
530
371
440
631
401
524
74
304
62
389
385
213
213
416
210
183
823
213
198
217
210
725
111
476
434
121
335
283
244
272
600
538
349
156
333
264
164
341
302
893
566
272
430
274
367
351
265
407
241
722
459
454
832
343
531
640
428
375
343
808
361
810
351
951
784
509
788
772
334
679
610
640
561
448
468
436
435
343
900
827
583
1040
704
506
1205
1103
1039
912
832
829
615
711
423
833
775
627
758
908
765
991
622
860
858
1132
779
761
696
674
662
648
618
642
670
623
625
612
515
588
590
1058
1005
950
1268
904
806
620
1231
586
1195
1166
1168
1154
1153
1086
1130
1075
1023
985
1097
916
744
1055
950
903
750
743
717
652
703
671
1582
1427
1280
1193
863
1179
956
952
798
933
1412
1381
772
1363
835
862
817
806
772
1560
1032
987
833
1656
1441
1308
1253
1218
1126
965
917
879
1461
1416
1269
1217
1198
1062
1027
990
1757
1699
1626
1261
1162
1123
1971
1799
1545
1468
1419
1328
1306
1261
1736
1736
1706
1451
1427
1429
2566
2445
2431
1870
1770
1773
1724
6
8
10
14
17
5
12
5
16
7
15
8
18
6
10
11
6
15
17
5
22
6
20
5
11
24
9
6
17
22
14
14
21
5
13
37
5
12
30
5
26
46
5
11
5
5
6
41
6
9
21
20
79
17
71
16
72
6
5
29
12
7
43
24
5
11
100
15
35
97
5
113
85
5
151
9
5
27
5
5
126
5
12
101
5
83
62
19
5
9
6
59
5
46
6
23
76
9
32
71
6
12
30
16
163
5
24
38
81
104
5
51
6
9
73
12
5
18
310
5
10
48
294
6
7
6
273
107
5
30
241
201
10
75
14
117
5
90
34
10
316
34
203
13
105
104
94
11
14
6
137
15
5
158
6
5
14
5
8
9
387
24
5
5
33
6
429
324
29
19
6
310
38
11
34
5
70
36
5
14
211
11
185
16
75
5
14
102
21
6
50
6
81
7
51
34
5
6
32
11
56
5
13
27
220
5
204
21
42
12
5
365
19
9
5
19
370
314
25
77
5
5
7
279
7
582
254
211
189
40
5
255
12
81
339
288
192
20
5
8
169
48
346
200
34
5
395
398
135
87
354
17
16
13
79
9
5
100
545
516
92
68
6
323
79
482
67
8
14
495
6
637
557
557
23
18
47
6
81
7
12
37
5
9
563
425
481
353
67
36
81
31
344
142
87
81
583
550
525
489
452
131
112
851
382
738
340
241
700
405
128
133
110
194
246
186
130
186
133
158
730
707
451
697
421
706
702
834
641
534
461
742
452
183
422
391
461
215
681
313
409
204
266
1004
970
887
922
887
360
812
337
718
886
816
312
736
709
670
693
546
774
664
431
612
769
941
510
1048
435
414
887
874
867
842
782
456
722
763
857
446
496
716
398
687
455
690
482
477
494
476
510
393
949
937
721
841
538
532
745
643
844
627
533
582
434
653
433
887
826
830
697
897
784
1174
744
1118
997
520
907
1164
873
770
769
815
740
962
824
664
674
776
719
667
656
616
1048
681
618
523
533
569
899
852
853
1054
823
992
752
678
721
1437
1427
1186
1124
1094
942
1006
799
750
956
646
1450
1032
1445
1377
1306
1031
996
1446
1270
1083
1058
1461
1408
1464
1307
1240
1244
1456
1245
1196
1205
1134
1141
947
1177
1455
1039
1181
1014
1300
1162
1025
1231
1043
1033
1314
1174
1081
1078
1055
5
6
11
6
21
5
10
25
20
5
10
16
5
9
17
6
10
12
18
5
30
45
6
19
5
11
5
16
90
5
16
16
10
5
117
12
17
6
32
105
41
5
10
120
14
43
11
5
31
6
143
7
12
54
16
5
20
5
8
8
50
15
5
58
74
5
10
166
7
23
5
5
27
171
5
11
129
10
21
5
20
5
10
73
52
5
12
82
63
11
5
17
29
10
5
28
220
10
163
76
6
90
5
83
5
44
47
55
48
5
129
16
14
88
254
6
82
8
109
5
386
336
20
313
45
38
5
14
289
5
12
143
18
71
141
12
6
6
82
255
5
186
431
154
114
134
5
32
343
126
416
10
309
225
20
8
5
12
9
18
517
6
11
236
13
102
225
5
8
77
67
110
70
5
5
8
38
125
5
80
541
437
61
582
582
129
436
5
9
89
5
19
417
87
20
5
32
602
470
83
396
378
427
235
341
286
45
271
14
5
12
498
5
327
32
5
317
5
315
200
5
9
325
280
5
13
386
12
273
43
19
42
16
18
289
136
5
91
57
5
8
158
213
180
169
8
15
13
7
70
191
5
138
141
695
615
111
81
104
105
62
645
602
272
371
76
222
246
185
167
130
506
421
101
483
130
283
115
389
384
269
322
260
249
250
229
230
231
202
185
176
540
525
235
470
223
756
702
556
705
560
433
534
292
707
616
597
390
929
873
570
271
373
606
351
361
495
449
395
298
548
333
551
1040
516
448
880
974
920
918
810
813
1010
745
771
907
410
631
330
506
646
482
833
801
466
714
1041
680
637
471
441
941
897
408
665
473
651
766
680
479
466
645
628
621
724
508
1074
487
920
665
626
924
925
574
498
1202
449
580
867
1153
924
847
803
943
1047
1037
654
944
749
1267
708
922
547
538
812
1271
513
1138
587
1014
1280
792
1286
742
1277
1174
946
1118
726
937
657
953
1039
941
582
563
812
756
714
943
634
1300
1219
1087
628
1035
962
682
695
640
686
1106
1052
1004
1001
1213
977
868
1319
791
1156
1439
1008
1369
1342
898
916
696
844
732
1548
1412
1378
1331
1564
1331
1412
1379
1264
1262
1206
1205
1063
1024
1118
1119
983
968
1624
1585
1466
1470
1312
1131
1609
1066
1041
1043
1583
1017
1589
1542
1517
1440
1378
1274
1186
1088
1087
1070
1042
943
1400
1054
1883
1848
1803
1762
1748
1521
5
8
5
15
6
9
20
12
7
20
13
5
24
6
10
6
14
18
6
9
6
32
5
25
5
5
8
19
6
10
28
13
40
5
8
13
5
6
53
5
22
5
6
11
40
22
62
9
13
5
112
46
15
43
15
37
7
41
9
70
6
42
6
5
127
6
10
72
5
39
12
5
12
7
19
18
166
5
25
5
66
5
240
8
164
191
168
267
44
5
13
248
6
97
128
24
19
5
18
5
173
9
6
15
260
221
53
5
29
6
35
316
5
5
25
26
69
5
138
51
26
5
25
20
270
236
237
325
185
5
215
119
32
5
26
5
96
5
378
352
223
352
54
48
186
80
289
5
400
183
389
15
84
85
75
164
6
8
353
5
9
111
108
94
249
43
20
45
382
12
488
222
5
94
24
98
7
60
7
5
8
5
42
9
5
178
58
40
31
410
403
9
506
314
480
70
434
81
5
210
44
438
599
6
7
543
348
42
611
191
265
269
430
344
65
465
14
6
33
5
21
5
453
5
246
5
10
182
427
174
160
367
162
495
78
5
18
7
17
507
5
35
6
82
9
6
131
68
25
135
122
478
44
41
169
45
23
159
157
604
64
602
514
72
637
874
527
723
376
435
390
211
697
90
121
117
546
489
741
187
204
651
175
322
156
128
254
190
937
708
484
163
452
551
160
577
560
378
510
241
204
398
359
381
303
277
318
441
949
901
266
851
383
661
374
373
336
663
1009
322
972
408
280
252
938
1053
252
1053
349
586
926
920
716
577
508
444
364
415
324
567
550
757
686
697
808
684
745
643
645
666
625
470
623
671
550
1083
546
1044
536
497
491
491
870
1035
962
772
479
591
821
461
479
727
412
570
1127
1108
711
1071
502
971
963
767
938
494
493
507
975
478
871
755
744
521
499
1020
893
1316
1299
1244
1226
1192
1152
1262
1043
1026
757
1221
1185
997
984
692
1182
1064
927
785
968
714
930
665
971
775
737
668
1354
668
1043
1023
1020
1353
1328
689
1285
838
1205
1194
1148
811
1042
1036
975
1002
851
809
941
917
828
854
1478
784
1468
956
947
1424
779
915
765
1389
1368
1271
1261
1408
1166
1539
1064
1474
1355
997
949
819
1276
1207
1157
1034
926
1341
1300
1278
1241
1243
1205
1224
1189
1105
981
1185
1168
940
972
939
1772
1692
1555
1524
1272
1166
1127
1877
1585
1478
1463
1464
7
15
5
24
13
6
5
26
13
6
7
24
10
14
23
5
19
10
5
11
68
12
78
5
32
5
43
81
6
11
24
10
5
6
37
5
8
61
5
167
9
43
148
5
11
13
6
63
36
22
5
7
53
6
14
6
7
69
8
16
5
27
6
91
11
159
139
139
160
5
40
9
10
160
34
29
5
37
72
5
31
5
35
5
5
5
54
54
264
5
49
260
115
60
8
26
166
5
26
133
122
139
118
39
101
191
79
5
6
8
221
14
6
110
9
21
14
5
27
6
440
5
13
8
7
39
5
9
6
490
353
15
6
179
25
59
12
17
73
8
133
47
28
5
8
30
6
7
5
63
15
564
434
40
8
79
64
7
5
69
24
10
9
5
398
255
12
157
17
5
13
404
5
147
99
63
5
16
199
172
6
22
7
17
12
5
29
5
34
25
10
6
61
5
89
8
5
28
25
179
5
42
9
713
5
516
603
543
5
10
268
194
184
9
558
12
481
18
32
5
369
345
16
161
5
16
10
5
686
568
70
36
68
21
42
287
37
127
99
306
303
197
133
144
891
649
176
642
546
411
220
411
163
226
953
124
426
935
362
354
911
323
406
229
304
218
885
877
934
830
619
806
526
343
619
784
571
268
569
795
531
361
784
240
696
584
849
308
999
959
570
930
873
818
915
805
572
569
700
390
547
347
530
709
1043
467
557
360
522
402
499
449
440
327
1066
436
417
1046
925
843
636
1101
589
1038
843
715
434
597
928
894
804
503
539
468
425
481
478
809
797
520
473
524
1296
485
485
473
1230
1094
1191
1101
695
1044
1133
1151
610
1022
837
955
771
1032
1347
1034
597
970
951
755
563
921
784
878
1250
750
729
1120
718
1012
931
908
1163
839
1066
1030
839
1025
933
866
914
772
620
807
970
971
724
781
638
777
920
934
704
865
773
754
1208
687
939
874
845
740
721
667
1308
1185
1026
914
724
728
726
1567
1250
1527
1223
1055
1498
1366
1427
1567
1534
1485
1417
1384
1300
1397
1371
1293
1240
1314
1312
1226
1308
1219
1206
1102
1300
905
961
929
1220
1111
961
846
947
897
1469
1435
1310
1176
1100
1086
1610
1603
1563
1544
1464
1520
1342
1519
1364
1128
1363
1743
1139
1083
1560
1712
1422
1141
1135
1128
980
1292
1111
1115
1170
1109
1070
1114
1850
1837
1835
1792
1593
1380
1383
1356
1729
1210
1578
1560
1263
1170
5
10
11
15
5
14
16
6
26
5
18
10
44
6
10
44
14
34
36
6
7
36
5
12
52
17
12
5
88
17
88
6
50
6
5
81
6
11
24
78
96
94
95
90
77
29
55
18
12
27
5
90
7
56
52
6
89
5
19
5
9
18
6
8
15
6
60
5
66
22
5
7
8
6
265
19
5
67
5
64
177
5
13
59
5
120
112
12
135
125
26
67
43
103
7
8
12
6
117
6
354
268
7
97
12
10
11
5
336
5
5
150
6
150
52
5
207
189
81
8
5
5
7
315
298
35
282
272
66
77
251
5
135
212
266
132
81
51
304
8
273
29
5
13
496
176
137
5
9
5
68
7
262
251
258
6
10
9
5
188
9
119
7
74
12
582
5
178
5
5
477
5
235
179
166
220
140
555
6
26
16
7
6
5
5
543
8
505
31
155
96
7
110
64
61
5
688
69
7
65
622
487
604
579
577
47
599
485
584
512
21
6
5
22
5
323
5
322
313
135
56
9
5
804
74
7
502
135
297
14
9
231
89
233
22
43
5
149
16
751
747
268
749
618
513
75
613
486
492
261
579
410
505
69
450
285
66
280
745
203
489
377
196
224
165
458
943
264
540
231
147
700
472
693
298
552
749
466
157
869
862
218
690
599
442
789
880
840
252
829
310
292
779
633
372
443
255
212
343
241
226
436
257
234
790
728
1058
618
377
332
462
494
349
1064
754
558
1080
510
1120
1116
505
818
1088
787
1107
726
471
953
344
1102
793
630
636
749
501
1062
995
993
606
901
982
506
1148
988
936
472
864
601
573
473
396
388
567
1102
536
934
700
1107
507
534
969
846
842
940
719
502
487
922
857
779
687
662
577
686
670
759
723
651
626
540
716
485
590
555
509
1215
1210
1336
811
692
696
1296
645
1201
1039
1278
645
637
1253
1133
1044
933
1377
1358
860
1293
1244
820
1176
1252
914
1223
1144
906
652
1209
901
1122
682
650
971
923
1199
658
638
780
715
859
938
719
672
657
874
1227
1218
1194
1508
1153
1033
994
1504
1385
1310
893
1273
1257
1243
832
795
1217
1094
1035
985
1543
946
1529
1365
999
1726
1619
1421
1367
1220
1058
1052
984
982
1628
1591
1528
1380
1144
1136
2057
1997
1922
1805
1710
2307
2247
2154
2130
1952
1736
2376
2239
2055
1959
2280
1890
1858
1671
2227
2235
2025
1685
2007
1653
1807
1683
5
5
11
9
16
5
16
6
15
5
5
6
13
20
11
6
36
12
42
18
5
26
6
33
5
18
5
8
56
9
5
41
22
7
25
6
11
7
16
5
9
36
21
5
46
5
6
9
12
5
51
8
6
52
11
160
5
84
8
13
5
23
98
5
5
55
12
28
7
5
120
9
5
38
5
95
5
159
70
84
121
13
9
44
12
125
26
12
6
9
171
27
30
5
29
5
17
16
234
5
6
5
6
6
190
5
129
92
68
50
27
33
5
5
101
13
14
36
5
217
5
9
87
5
110
140
167
47
343
342
81
5
55
5
351
5
30
322
367
5
5
15
273
7
166
108
100
55
8
10
53
281
5
263
18
247
126
248
181
14
126
44
37
63
53
57
5
150
5
223
195
161
165
48
66
42
117
5
60
5
449
8
412
298
84
22
515
516
360
5
9
275
13
203
21
18
144
498
339
23
253
566
241
157
5
11
26
5
523
363
25
9
6
151
5
6
82
5
7
58
9
59
93
65
491
58
66
27
29
115
830
804
241
796
117
758
191
52
763
717
555
410
344
338
450
539
446
121
266
123
295
261
848
804
453
245
180
151
419
925
401
541
840
161
817
339
888
775
149
854
224
857
819
699
178
865
731
685
579
800
477
801
771
470
698
513
445
652
408
272
336
265
660
654
600
500
423
579
563
587
369
309
325
320
521
260
551
494
973
453
977
500
682
468
899
388
493
1027
446
639
550
502
1091
1046
1027
799
1021
556
514
510
470
416
509
470
749
343
612
422
488
575
445
532
428
372
392
1013
951
853
738
430
732
650
445
508
410
726
636
889
558
467
829
671
584
445
558
808
539
510
585
642
587
735
968
486
968
708
949
937
913
664
629
1221
611
889
1217
1321
1199
867
1320
1152
1086
1165
1061
1063
986
895
863
868
826
993
927
739
883
667
658
759
735
890
722
1378
685
1382
1269
1104
813
1417
1407
1381
1214
1321
995
978
1119
960
900
1012
1330
1260
1144
888
904
1016
995
849
951
853
855
746
961
825
1216
774
1514
1211
1499
1177
1082
1339
1365
1216
1177
1133
1070
1067
1364
1047
1020
1071
988
1488
1490
1073
1246
949
1163
915
934
855
1817
1793
1709
1690
1631
1485
1442
1292
1249
2121
1958
1808
1751
1685
2333
2259
2230
1644
1641
2164
2114
2078
2047
2020
1904
1885
1853
1842
1729
1694
1624
1610
5
8
6
12
10
5
11
14
6
5
38
7
8
30
7
5
42
11
5
5
8
73
9
14
26
5
11
5
6
39
55
50
15
5
24
6
19
13
16
5
6
97
5
54
42
5
124
6
72
5
61
5
57
56
9
175
9
17
5
75
9
123
5
5
114
22
80
7
14
16
5
6
91
6
256
9
257
16
52
245
5
16
200
5
230
160
20
129
136
27
5
186
138
321
103
6
9
195
5
340
307
42
8
73
120
5
137
7
5
20
9
89
5
142
211
104
5
11
82
5
8
5
7
359
321
216
5
145
126
62
252
213
101
128
28
64
5
390
149
277
19
191
14
6
46
19
171
15
39
20
468
377
80
5
5
229
210
417
187
8
54
102
5
178
19
60
18
30
5
9
21
6
510
276
48
5
13
13
9
16
219
5
5
7
52
50
295
231
412
17
6
12
6
21
22
5
6
210
166
93
103
5
134
102
438
86
15
57
260
5
67
6
11
22
5
16
5
31
6
23
5
7
9
5
11
12
35
5
149
88
88
5
12
7
65
5
6
90
13
136
116
19
5
24
5
90
486
5
132
480
9
443
6
311
36
5
5
13
14
98
438
5
10
12
92
40
46
66
72
598
570
72
460
246
298
236
302
215
223
831
118
254
252
206
725
718
211
587
529
138
427
205
422
971
419
157
177
940
904
430
349
180
827
825
829
815
467
229
702
639
379
630
579
232
558
342
253
481
240
262
357
1044
950
925
1134
797
632
394
915
398
800
755
394
754
1070
1065
332
932
756
704
544
552
533
922
378
923
666
984
636
434
942
432
402
566
1232
454
577
1125
434
402
958
945
540
715
1052
617
444
1046
922
660
657
809
657
811
1110
958
586
835
796
574
1284
1281
1224
537
1102
963
558
756
737
1365
722
1021
988
984
1085
888
741
711
637
1096
1306
576
1116
863
910
866
1062
1417
1402
814
1260
929
601
924
1056
769
817
768
897
852
967
704
638
814
757
829
714
771
934
640
873
856
831
812
1179
1018
960
1410
1313
1209
882
1485
1456
1403
1147
1231
838
1105
1095
1095
1096
1596
1277
1076
1150
1082
1137
1137
986
905
917
858
860
802
1642
1505
1506
1336
1156
1308
1293
949
1214
910
893
1691
1565
1561
1523
1338
1322
1292
1261
1186
1173
1138
984
1755
1279
1210
1198
1501
1177
1380
1225
1078
1223
1218
1163
1086
5
6
12
15
5
15
7
25
5
11
5
9
6
14
30
5
7
5
43
5
10
55
5
46
6
36
24
65
10
74
5
15
6
10
14
82
17
33
6
62
86
12
62
5
7
75
6
11
5
28
159
13
160
15
30
26
12
21
103
5
46
25
28
59
5
42
5
10
24
6
12
217
189
6
34
5
165
7
74
12
5
45
6
111
87
11
79
11
28
13
245
5
13
110
20
34
14
53
17
289
14
204
254
5
198
38
191
5
7
19
12
146
15
14
61
8
9
5
22
60
5
7
65
39
11
258
15
5
15
18
5
8
19
13
40
5
35
48
134
7
283
5
12
23
6
244
15
218
18
16
97
5
20
5
9
5
40
15
9
87
15
8
21
52
9
318
5
61
6
294
239
10
5
22
7
15
46
5
9
308
8
42
5
5
122
111
65
5
207
9
298
9
5
126
20
5
122
67
7
14
5
5
585
9
5
10
135
6
14
8
8
8
123
8
5
5
50
11
5
7
20
15
688
590
78
466
42
5
97
236
95
493
87
312
141
347
465
5
232
5
64
42
19
8
31
6
7
13
5
219
9
13
36
14
18
14
122
7
7
84
5
436
359
129
5
705
119
674
242
647
860
637
39
106
77
314
44
167
107
106
574
502
829
850
713
239
690
800
673
791
251
90
244
676
634
144
590
375
579
587
120
535
337
159
414
312
134
286
237
854
519
396
626
320
229
551
479
213
191
679
456
677
400
379
688
276
421
280
276
459
458
600
328
253
528
293
419
292
1012
955
936
561
732
582
569
941
350
499
334
1118
953
935
362
805
444
381
369
1073
324
633
442
366
984
908
566
680
413
343
343
1017
989
811
708
711
708
611
1062
1009
745
1194
709
664
472
1120
718
707
467
531
749
748
521
740
474
719
668
520
1139
1230
543
1184
1167
798
1146
1131
1080
539
1056
542
802
1031
759
626
1037
999
791
952
602
934
900
578
867
750
655
572
630
664
1392
1371
1397
991
874
827
1344
1203
1156
1032
1482
945
947
1123
697
853
799
796
1434
1387
1359
1259
1080
1580
1070
1256
1513
1068
1026
1423
962
1265
1237
1361
849
975
921
915
807
1394
1383
882
1344
1347
1214
1185
950
887
1713
1566
1560
1402
1324
1327
1316
1288
1099
1415
1397
1215
1151
2233
2109
1911
1910
1767
1742
1737
1699
1661
1651
1647
1638
1475
5
11
5
17
6
21
5
18
6
12
23
10
16
5
45
20
13
5
46
22
42
5
72
5
6
6
7
37
12
6
105
9
60
5
15
23
6
5
56
5
9
6
87
5
10
9
8
133
5
5
55
32
5
39
7
63
5
155
79
147
60
73
80
46
75
21
9
211
11
101
19
41
97
16
122
21
20
134
6
12
167
24
6
148
5
94
5
68
250
230
212
193
12
15
5
20
5
36
6
8
5
5
5
315
7
321
256
125
5
16
13
5
17
109
19
33
50
27
244
162
6
27
10
32
169
119
196
5
10
37
17
163
71
28
417
5
9
41
420
24
5
207
24
130
119
28
5
30
5
5
171
5
344
325
358
7
43
264
256
29
252
17
196
163
61
145
27
14
467
114
89
5
391
6
552
239
25
240
18
11
77
5
12
31
18
5
134
231
157
418
20
412
11
128
123
5
411
5
9
462
7
306
166
25
8
73
17
9
34
5
270
6
28
120
30
10
5
9
33
21
229
5
745
660
13
177
159
133
134
48
17
773
19
776
561
20
688
5
538
397
32
12
26
13
8
19
368
5
476
81
386
268
60
205
85
183
351
145
143
118
109
572
269
110
203
131
562
523
352
205
135
286
272
395
374
148
265
253
203
959
205
164
962
959
966
853
188
855
226
953
900
920
641
162
965
871
968
711
748
500
729
349
710
816
665
354
908
678
252
356
581
218
340
652
486
259
220
824
377
456
270
666
606
658
281
947
560
317
391
639
574
521
370
329
896
878
507
843
900
506
854
813
783
702
794
678
587
592
693
597
1130
599
1101
563
944
504
419
1150
1089
1012
540
374
896
585
816
904
699
747
517
734
1066
690
442
437
437
831
447
427
428
862
420
693
706
1220
684
991
1020
482
957
937
548
799
715
663
1036
1040
560
696
1011
551
568
522
495
951
899
482
759
1133
755
1064
1042
689
843
1355
1355
635
1218
837
839
581
604
1175
608
722
712
624
626
1111
679
624
679
590
1194
1166
1140
908
709
678
623
826
1481
1363
1473
1284
1467
1403
1252
1234
1544
1466
1004
1345
1017
931
981
864
1315
1171
846
1121
983
908
766
905
850
829
1399
1320
1557
1233
1545
1378
1167
1066
945
1144
1148
1592
1062
1367
1261
1070
1070
924
1257
1127
1042
2091
2094
2097
2011
1988
1985
1751
1713
1637
1558
1518
1516
1389
5
10
5
14
19
9
18
5
14
19
13
6
13
5
5
38
7
7
8
48
5
10
58
15
76
5
57
65
5
97
5
84
11
43
15
6
7
124
5
81
120
9
136
11
15
64
23
6
176
5
5
101
24
8
6
5
12
5
51
86
205
113
47
26
7
194
105
5
125
113
109
111
68
36
69
20
5
11
53
5
245
174
155
81
5
5
288
7
200
159
135
61
59
8
71
53
5
5
66
5
116
64
5
271
126
7
125
48
148
66
15
311
9
21
134
130
54
302
154
14
477
22
17
31
13
20
14
5
282
11
7
404
20
43
5
41
5
12
196
8
284
273
115
37
8
528
327
255
166
62
115
112
101
30
27
67
11
45
5
528
513
44
77
32
5
61
5
110
8
414
411
143
12
37
5
21
8
392
327
150
21
27
15
9
5
468
14
5
72
5
521
10
5
389
15
397
6
396
207
349
365
140
5
353
5
699
5
230
5
5
138
69
65
39
45
36
11
293
6
797
507
9
69
461
560
534
401
365
38
350
52
95
206
55
432
196
90
136
159
590
504
170
229
175
147
317
133
259
154
150
910
900
440
170
806
509
391
194
349
308
954
287
323
205
434
356
266
844
188
382
445
185
229
975
432
955
779
341
668
652
572
551
295
476
355
303
1067
1023
770
1020
402
371
375
1118
1088
601
1030
962
560
965
696
349
609
329
322
913
738
626
517
358
464
396
404
376
860
814
717
539
472
629
469
1084
613
1070
457
1016
1225
405
1009
1006
963
1024
1016
952
888
882
849
694
885
668
883
841
765
645
463
847
726
586
1088
558
1012
969
546
505
498
801
786
1289
568
1260
1131
1259
1256
1124
1097
1060
1265
1367
1222
1149
1177
1103
1385
961
1389
1383
871
1271
1192
1187
857
1120
1247
1241
1403
843
1049
1029
1000
745
662
1387
1264
893
870
768
801
734
1131
753
1115
1119
753
1041
917
1024
1094
676
890
746
929
837
1209
816
1030
889
1005
807
1256
816
1244
1104
980
1075
822
925
741
922
794
787
788
1559
1552
1529
1424
1451
1115
1064
1299
1006
1330
1330
987
1333
1319
1160
1290
1256
1101
1099
885
1406
1372
1711
1361
1607
1658
1152
1094
1705
1709
1627
987
1699
1091
976
1678
1073
1335
1315
1132
1082
1764
1605
1469
1212
1161
1055
2061
1839
1637
1632
1466
1359
1283
1990
1901
1867
1812
1724
1609
1554
1523
1522
1459
1388
2163
1897
1532
1496
