4
4
4
4
8
8
8
8
12
12
12
12
16
16
16
16
20
20
20
20
24
24
24
24
28
28
28
28
32
32
32
32
36
36
36
36
40
40
40
40
44
44
44
44
48
48
48
48
52
52
52
52
56
56
56
56
60
60
60
60
64
64
64
64
67
67
67
67
71
71
71
71
75
75
75
75
79
79
79
79
83
83
83
83
87
87
87
87
91
91
91
91
95
95
95
95
99
99
99
99
103
103
103
103
107
107
107
107
111
111
111
111
115
115
115
115
119
119
119
119
123
123
123
123
127
127
127
127
130
130
130
131
134
135
135
138
139
139
140
144
144
146
146
148
149
152
152
155
158
159
160
162
163
166
167
170
170
171
176
176
176
180
182
184
187
191
194
198
200
200
203
206
208
211
218
221
222
224
227
230
232
242
242
243
248
248
254
260
264
266
269
272
278
278
285
290
290
296
296
302
306
311
314
314
320
326
329
332
338
344
347
350
350
362
365
368
368
383
383
389
401
404
410
419
425
431
437
446
452
455
467
473
473
488
491
494
509
509
515
527
530
536
551
557
572
578
593
611
629
647
665
683
701
719
737
755
773
791
809
827
845
863
881
899
917
935
953
971
989
1007
1025
1043
1061
1079
1097
1115
1133
1151
1169
1187
1205
1223
1241
1259
1277
1295
1313
1331
1349
1367
17
1385
18
1403
38
39
5
13
1421
57
23
31
1439
15
75
49
1457
10
33
96
67
1475
51
8
34
19
1493
123
69
35
1511
87
43
147
1529
105
64
168
1547
123
85
189
1565
141
19
11
109
1583
213
29
43
1601
133
237
47
10
67
1622
65
157
16
261
31
1643
83
178
34
282
19
1664
199
303
10
40
1685
220
324
28
23
1706
241
46
345
44
1727
363
17
1745
381
5
35
1766
399
26
9
417
1790
435
30
1811
453
15
1829
471
33
1847
14
489
51
32
507
525
5
546
26
567
18
5
588
23
39
609
41
60
630
59
81
13
31
49
4
5
22
23
41
13
31
16
34
16
13
17
31
37
38
58
59
79
80
100
101
121
139
157
8
26
15
7
14
33
28
35
6
13
24
15
31
33
10
14
28
32
46
6
24
18
36
15
33
5
7
23
25
13
31
49
13
67
31
85
49
103
67
85
13
103
31
121
9
27
15
6
33
16
27
37
48
66
84
102
4
4
4
4
8
8
8
8
12
12
12
12
16
16
16
16
20
20
20
20
24
24
24
24
28
28
28
28
32
32
32
32
36
36
36
36
40
40
40
40
44
44
44
44
48
48
48
48
52
52
52
52
56
56
56
56
60
60
60
60
64
64
64
64
67
67
67
67
71
71
71
71
75
75
75
75
79
79
79
79
83
83
83
83
87
87
87
87
91
91
91
91
95
95
95
95
99
99
99
99
103
103
103
103
107
107
107
107
111
111
111
111
115
115
115
115
119
119
119
119
123
123
123
123
127
127
127
127
131
132
133
133
136
136
138
139
140
140
143
146
147
148
148
151
152
152
152
156
156
157
157
160
161
162
163
164
166
168
169
169
171
172
174
176
178
179
180
181
182
186
187
187
190
192
193
195
199
200
203
204
207
208
209
211
216
220
225
228
229
233
237
239
249
250
255
258
259
266
270
277
279
282
286
291
293
300
304
309
313
312
320
331
330
336
340
347
348
358
364
371
382
388
395
409
416
434
452
470
488
506
524
542
560
578
596
614
632
650
668
686
704
722
740
758
776
6
24
4
22
9
6
27
24
8
18
42
22
11
36
32
16
54
49
38
27
72
43
48
90
66
14
19
32
37
13
31
7
25
14
32
17
35
22
19
40
37
16
17
34
35
52
53
5
71
23
89
4
7
107
25
28
46
16
64
34
82
100
6
121
27
142
160
18
178
16
18
196
39
36
37
214
5
63
232
26
250
44
268
12
9
286
30
27
304
16
48
322
34
66
340
84
16
358
105
37
14
379
126
35
400
418
436
454
472
18
490
36
508
526
12
544
19
12
30
565
40
30
48
586
66
604
622
640
13
5
664
37
29
25
21
694
12
70
55
51
724
42
16
34
52
70
17
88
35
106
124
14
32
17
35
17
35
18
10
53
39
31
71
16
34
52
70
88
106
124
142
160
178
196
214
232
250
268
286
304
322
340
358
376
394
412
430
448
466
484
502
520
538
556
574
592
610
628
646
664
682
700
718
736
754
772
790
808
826
844
862
880
898
916
934
952
970
988
1006
1024
1042
1060
1078
1096
1114
1132
1150
1168
1186
1204
1222
1240
1258
1276
1294
1312
1330
1348
1366
1384
1402
1420
1438
1456
1474
1492
1510
1528
1546
1564
1582
1600
1618
1636
1654
4
4
4
4
8
8
8
8
12
12
12
12
16
16
16
16
20
20
20
20
24
24
24
24
28
28
28
28
32
32
32
32
36
36
36
36
40
40
40
40
44
44
44
44
48
48
48
48
52
52
52
52
56
56
56
56
60
60
60
60
64
64
64
64
67
67
67
67
71
71
71
71
75
75
75
75
79
79
79
79
83
83
83
83
87
87
87
87
91
91
91
91
95
95
95
95
99
99
99
99
103
103
103
103
107
107
107
107
111
111
111
111
115
115
115
115
119
119
119
119
123
123
123
123
127
127
127
127
130
130
131
135
135
135
136
139
140
140
142
143
144
144
147
148
148
149
152
153
153
154
156
158
158
160
160
163
163
164
165
167
168
169
176
176
179
181
185
184
187
189
189
195
197
200
202
206
210
212
216
218
220
228
233
236
237
238
254
254
258
256
272
275
274
290
293
292
308
311
310
326
329
328
347
346
365
383
401
419
437
455
473
491
509
19
16
37
34
11
29
11
11
15
29
29
33
47
13
51
31
69
14
87
8
32
8
11
26
14
26
7
29
35
28
56
14
32
5
15
53
26
33
13
44
54
34
20
75
55
38
96
76
56
4
6
74
13
100
28
92
30
31
49
15
110
7
33
6
128
25
24
146
17
6
164
35
24
182
53
42
71
60
12
89
78
30
4
110
48
25
66
131
16
84
46
152
34
52
70
12
16
33
5
9
37
23
27
5
4
14
26
22
35
40
53
58
8
26
10
44
28
11
5
32
26
16
34
52
11
29
7
25
14
10
32
9
28
50
27
46
68
17
35
22
8
5
40
26
23
18
44
41
36
62
80
7
25
9
27
7
25
11
13
29
31
10
28
16
5
34
23
52
9
15
27
33
51
69
87
6
11
24
29
42
47
65
83
16
34
52
70
88
106
124
19
142
11
37
12
29
55
30
73
91
109
127
145
163
181
199
217
235
253
271
289
307
325
343
361
379
397
415
433
451
469
487
505
523
541
559
577
595
613
631
649
667
685
703
721
739
757
775
793
811
829
847
865
883
901
919
937
955
973
991
1009
1027
1045
1063
1081
1099
1117
1135
1153
1171
1189
1207
1225
1243
1261
1279
1297
1315
1333
1351
1369
1387
1405
1423
1441
1459
1477
1495
1513
1531
1549
1567
1585
1603
1621
1639
1657
4
4
4
4
8
8
8
8
12
12
12
12
16
16
16
16
20
20
20
20
24
24
24
24
28
28
28
28
32
32
32
32
36
36
36
36
40
40
40
40
44
44
44
44
48
48
48
48
52
52
52
52
56
56
56
56
60
60
60
60
64
64
64
64
67
67
67
67
71
71
71
71
75
75
75
75
79
79
79
79
83
83
83
83
87
87
87
87
91
91
91
91
95
95
95
95
99
99
99
99
103
103
103
103
107
107
107
107
111
111
111
111
115
115
115
115
119
119
119
119
123
123
123
123
127
127
127
127
130
130
130
132
134
135
136
139
140
141
143
144
145
146
147
148
150
150
151
154
155
156
156
158
161
161
163
165
165
169
169
171
172
174
175
176
178
179
182
183
186
190
190
192
195
196
197
199
202
202
206
211
213
213
220
223
230
231
232
237
244
249
250
258
265
267
268
279
286
285
286
300
303
304
307
321
322
325
339
340
343
357
358
375
376
393
394
411
412
430
448
466
484
502
520
538
556
574
592
610
628
646
664
682
700
718
736
754
772
790
808
826
844
862
880
898
916
934
952
970
988
1006
1024
1042
1060
1078
1096
1114
1132
1150
1168
1186
1204
1222
1240
1258
1276
1294
1312
1330
1348
1366
1384
15
1402
11
33
1420
29
51
1438
47
69
13
1456
90
34
1474
9
11
111
1492
27
29
129
1510
10
7
147
20
56
1528
18
165
24
37
34
47
8
1552
83
42
26
48
21
71
29
1576
107
50
42
50
1594
128
71
68
1612
149
92
86
1630
170
113
1648
191
1666
134
212
1684
155
233
1702
176
1720
254
197
1738
275
218
1756
296
1774
314
1792
332
1810
350
1828
368
1846
386
1864
1882
1900
1918
1936
1954
1972
1990
2008
2026
2044
2062
2080
2098
2116
2134
2152
2170
2188
2206
2224
2242
2260
2278
2296
2314
2332
2350
2368
2386
2404
2422
2440
2458
2476
2494
2512
2530
2548
2566
2584
2602
2620
2638
2656
2674
2692
2710
2728
2746
2764
2782
2800
2818
2836
2854
2872
2890
2908
2926
2944
2962
2980
2998
3016
3034
3052
3070
3088
3106
3124
3142
3160
3178
3196
3214
3232
3250
3268
3286
3304
3322
3340
3358
3376
3394
3412
3430
3448
3466
3484
3502
3520
3538
3556
3574
3592
3610
3628
3646
3664
3682
3700
3718
3736
3754
3772
3790
3808
3826
3844
3862
3880
3898
3916
3934
3952
3970
3988
4006
4024
4042
4060
4078
4096
4114
4132
4150
4168
4186
4204
4222
4240
4258
4276
4294
4312
4330
4348
4366
4384
4
4
4
4
8
8
8
8
12
12
12
12
16
16
16
16
20
20
20
20
24
24
24
24
28
28
28
28
32
32
32
32
36
36
36
36
40
40
40
40
44
44
44
44
48
48
48
48
52
52
52
52
56
56
56
56
60
60
60
60
64
64
64
64
67
67
67
67
71
71
71
71
75
75
75
75
79
79
79
79
83
83
83
83
87
87
87
87
91
91
91
91
95
95
95
95
99
99
99
99
103
103
103
103
107
107
107
107
111
111
111
111
115
115
115
115
119
119
119
119
123
123
123
123
127
127
127
127
132
132
132
136
137
138
138
141
142
142
144
147
147
148
149
151
151
153
153
155
156
157
160
162
162
164
166
169
168
171
172
173
174
177
177
181
181
183
185
186
186
189
190
195
195
197
198
200
202
207
207
207
210
212
214
218
220
225
227
229
228
236
238
244
249
251
253
260
262
268
273
275
277
284
286
297
301
304
308
321
322
325
332
340
345
353
358
366
374
376
387
394
395
408
412
416
429
430
437
448
450
458
466
471
489
507
525
543
561
579
597
5
23
41
21
7
39
7
6
24
28
63
31
27
48
49
87
15
19
69
8
108
33
5
90
43
129
32
29
67
147
23
14
56
165
10
4
94
50
41
28
22
83
18
121
77
107
36
125
54
4
5
143
22
23
16
34
52
15
12
70
33
20
30
88
38
48
106
56
66
74
84
92
19
19
4
37
37
4
25
55
25
16
43
34
16
14
34
32
52
12
50
70
8
30
88
26
48
17
66
18
38
39
59
16
34
15
33
14
19
35
40
19
37
55
73
19
91
37
14
109
32
127
15
33
51
17
69
35
12
30
48
66
84
102
120
138
156
18
177
39
198
216
234
252
270
288
306
324
5
342
23
360
378
396
19
414
37
432
55
450
468
486
504
13
522
31
11
540
16
29
561
37
14
47
16
582
58
32
34
603
52
621
70
639
88
657
106
675
124
693
142
711
160
729
178
747
196
765
214
783
801
819
837
855
873
891
909
927
945
963
981
999
1017
1035
1053
1071
1089
1107
1125
1143
1161
1179
1197
1215
1233
1251
1269
1287
1305
1323
1341
1359
1377
1395
1413
1431
1449
1467
1485
1503
1521
1539
1557
1575
1593
1611
1629
1647
1665
1683
1701
1719
1737
1755
1773
1791
1809
1827
1845
1863
1881
4
4
4
4
8
8
8
8
12
12
12
12
16
16
16
16
20
20
20
20
24
24
24
24
28
28
28
28
32
32
32
32
36
36
36
36
40
40
40
40
44
44
44
44
48
48
48
48
52
52
52
52
56
56
56
56
60
60
60
60
64
64
64
64
67
67
67
67
71
71
71
71
75
75
75
75
79
79
79
79
83
83
83
83
87
87
87
87
91
91
91
91
95
95
95
95
99
99
99
99
103
103
103
103
107
107
107
107
111
111
111
111
115
115
115
115
119
119
119
119
123
123
123
123
127
127
127
127
130
130
132
133
134
138
138
138
142
143
143
144
147
149
150
151
152
154
157
160
163
163
164
170
171
171
175
178
181
187
187
191
195
197
205
211
211
215
221
229
235
239
247
256
260
265
277
281
283
298
301
302
319
319
323
337
340
344
355
362
373
380
391
398
409
427
445
463
481
499
517
535
553
571
589
607
625
643
661
679
697
715
733
751
769
787
805
823
841
6
12
24
30
9
42
27
13
7
21
31
17
25
39
35
53
71
89
107
6
14
13
8
27
35
34
29
56
55
47
12
77
18
30
98
39
57
8
26
15
33
7
25
10
16
31
37
52
10
18
70
28
36
46
64
82
14
13
32
31
18
9
36
27
54
5
23
11
8
29
13
26
47
31
44
17
65
49
35
83
15
53
104
71
36
14
89
54
32
18
107
75
4
39
96
22
60
11
78
29
96
114
132
150
15
168
33
186
204
222
17
243
38
264
282
11
8
29
26
47
8
26
18
20
12
36
10
44
36
34
57
5
23
5
19
23
37
41
15
33
51
69
13
87
31
105
6
24
10
7
45
25
31
13
31
5
4
26
25
43
4
22
9
18
30
39
11
29
12
19
30
37
48
21
69
42
90
9
63
111
27
129
45
147
165
19
37
55
15
33
4
16
19
25
34
21
43
42
18
60
6
39
12
27
60
30
17
51
38
10
6
28
24
5
4
18
26
22
39
40
58
4
22
19
40
37
7
5
25
7
5
26
28
23
47
49
68
10
86
28
104
16
122
34
140
16
34
52
17
73
11
13
41
97
29
5
37
65
23
121
61
89
82
20
103
41
124
62
145
163
181
9
27
11
18
29
36
9
27
19
37
55
73
4
4
4
4
8
8
8
8
12
12
12
12
16
16
16
16
20
20
20
20
24
24
24
24
28
28
28
28
32
32
32
32
36
36
36
36
40
40
40
40
44
44
44
44
48
48
48
48
52
52
52
52
56
56
56
56
60
60
60
60
64
64
64
64
67
67
67
67
71
71
71
71
75
75
75
75
79
79
79
79
83
83
83
83
87
87
87
87
91
91
91
91
95
95
95
95
99
99
99
99
103
103
103
103
107
107
107
107
111
111
111
111
115
115
115
115
119
119
119
119
123
123
123
123
127
127
127
127
130
130
130
133
135
135
138
139
139
140
143
144
144
145
147
150
150
151
153
154
155
155
157
158
159
161
163
166
165
166
168
169
172
174
175
175
177
180
180
182
184
184
186
188
189
192
193
196
198
201
202
202
207
207
211
211
212
215
219
219
223
229
229
234
235
238
240
242
243
247
250
256
261
261
265
265
269
271
282
283
283
289
293
292
301
311
310
329
347
365
383
401
419
437
455
473
491
509
527
545
563
4
7
22
16
17
25
34
43
38
8
43
55
17
10
61
32
4
79
79
41
31
17
5
59
25
17
6
97
109
8
71
26
47
38
118
89
36
29
139
56
139
18
157
53
74
5
163
175
42
7
23
80
193
190
31
18
104
211
214
22
36
13
125
232
235
43
31
6
146
253
256
24
11
167
274
277
32
22
295
191
301
15
313
46
215
33
325
331
236
349
346
257
9
367
27
385
403
421
439
16
457
34
475
493
511
20
532
41
553
571
589
607
625
10
643
28
661
13
682
6
34
24
10
28
14
49
35
70
5
88
23
106
41
124
59
142
77
95
113
131
149
167
185
9
203
27
221
45
239
257
275
293
10
28
6
14
24
32
50
68
17
86
35
104
53
4
122
71
22
140
158
176
194
212
230
14
251
35
272
11
290
29
308
326
344
10
362
28
380
46
398
416
12
4
434
15
33
452
33
25
9
54
470
46
27
6
75
491
18
45
12
30
96
515
63
42
19
33
117
54
539
37
54
66
138
78
55
563
75
90
159
584
177
111
605
132
626
16
153
647
34
174
668
5
198
16
695
32
225
719
56
740
77
761
98
782
119
803
140
824
161
845
182
866
884
902
920
938
956
974
992
4
4
4
4
8
8
8
8
12
12
12
12
16
16
16
16
20
20
20
20
24
24
24
24
28
28
28
28
32
32
32
32
36
36
36
36
40
40
40
40
44
44
44
44
48
48
48
48
52
52
52
52
56
56
56
56
60
60
60
60
64
64
64
64
67
67
67
67
71
71
71
71
75
75
75
75
79
79
79
79
83
83
83
83
87
87
87
87
91
91
91
91
95
95
95
95
99
99
99
99
103
103
103
103
107
107
107
107
111
111
111
111
115
115
115
115
119
119
119
119
123
123
123
123
127
127
127
127
130
131
131
134
134
135
138
139
140
143
143
146
146
147
147
150
151
152
153
155
156
158
158
159
160
162
166
166
166
171
171
173
176
176
179
180
183
183
185
188
189
189
193
192
193
198
203
203
207
209
212
212
213
216
219
223
231
233
236
239
240
243
249
253
255
263
269
273
273
279
283
293
299
303
309
323
327
333
347
351
357
372
378
393
411
429
447
465
483
501
519
537
555
573
591
609
627
5
11
23
7
29
18
25
47
36
65
12
83
30
101
15
19
17
122
37
36
12
8
35
146
60
36
26
170
44
57
191
62
78
80
212
98
16
230
9
116
34
248
27
4
134
266
55
25
152
284
11
4
4
43
173
305
22
32
25
61
20
194
329
46
79
41
215
97
350
67
236
115
133
6
15
24
4
33
42
22
12
60
30
78
10
48
96
28
114
132
15
7
153
33
28
174
51
19
37
7
25
15
33
15
33
9
27
10
28
46
13
67
34
88
106
124
142
160
178
9
196
27
214
11
45
232
29
250
268
13
286
31
304
10
322
28
340
358
9
9
19
376
30
27
40
394
45
412
430
448
466
484
502
520
538
556
574
13
595
34
616
55
637
8
76
658
26
676
44
15
694
65
36
712
54
730
748
8
26
44
17
15
35
10
33
28
51
18
69
36
16
34
52
70
88
106
124
142
17
17
163
35
38
184
202
12
220
30
238
48
256
10
274
15
28
21
33
39
51
19
57
37
75
13
93
31
111
49
129
147
165
183
14
16
204
35
34
225
243
5
261
23
279
297
315
8
333
26
351
44
369
62
9
83
30
104
122
140
9
161
30
5
48
23
66
8
19
26
8
37
26
18
10
36
28
4
4
4
4
8
8
8
8
12
12
12
12
16
16
16
16
20
20
20
20
24
24
24
24
28
28
28
28
32
32
32
32
36
36
36
36
40
40
40
40
44
44
44
44
48
48
48
48
52
52
52
52
56
56
56
56
60
60
60
60
64
64
64
64
67
67
67
67
71
71
71
71
75
75
75
75
79
79
79
79
83
83
83
83
87
87
87
87
91
91
91
91
95
95
95
95
99
99
99
99
103
103
103
103
107
107
107
107
111
111
111
111
115
115
115
115
119
119
119
119
123
123
123
123
127
127
127
127
130
130
130
132
134
135
135
139
140
140
145
145
147
148
149
149
153
153
157
157
160
162
162
163
167
169
172
173
177
181
181
186
187
190
194
195
198
202
205
212
217
222
229
230
232
244
249
248
256
259
266
277
280
284
298
301
302
319
320
337
338
355
356
5
6
22
23
27
43
41
11
15
62
17
16
32
33
35
34
83
53
53
4
104
9
71
8
122
28
33
89
14
143
32
52
107
35
164
125
182
14
143
200
32
161
179
13
197
31
5
23
41
59
19
12
77
40
17
95
6
33
35
113
24
51
53
14
131
69
71
32
149
87
89
167
105
107
185
123
125
141
143
159
21
180
42
9
204
30
15
225
33
243
261
19
279
13
37
300
34
55
321
73
55
342
91
360
109
378
15
127
396
33
145
414
20
4
163
435
22
181
41
5
199
459
26
217
480
15
498
4
33
516
22
51
534
69
552
87
105
123
141
22
17
162
43
35
13
186
8
22
37
210
26
46
61
234
70
85
258
94
279
115
133
7
25
5
23
8
26
8
26
16
10
34
28
4
12
22
30
6
24
17
35
6
24
42
60
8
78
26
96
114
132
6
24
7
25
16
13
34
31
13
52
10
55
37
34
9
27
4
22
5
23
41
59
18
77
36
13
31
9
27
7
12
17
7
31
36
25
41
22
5
58
43
43
23
61
61
79
97
115
133
14
151
32
169
50
187
205
223
241
13
4
262
22
12
34
283
40
30
17
10
301
51
35
319
31
49
67
85
103
121
139
15
33
14
14
35
35
15
53
33
71
89
5
107
16
23
125
34
143
52
70
88
106
11
29
13
47
31
65
11
29
16
47
34
65
11
29
16
34
4
4
4
4
8
8
8
8
12
12
12
12
16
16
16
16
20
20
20
20
24
24
24
24
28
28
28
28
32
32
32
32
36
36
36
36
40
40
40
40
44
44
44
44
48
48
48
48
52
52
52
52
56
56
56
56
60
60
60
60
64
64
64
64
67
67
67
67
71
71
71
71
75
75
75
75
79
79
79
79
83
83
83
83
87
87
87
87
91
91
91
91
95
95
95
95
99
99
99
99
103
103
103
103
107
107
107
107
111
111
111
111
115
115
115
115
119
119
119
119
123
123
123
123
127
127
127
127
130
130
131
131
135
135
136
136
139
141
141
141
145
145
146
148
152
152
154
155
156
159
160
160
160
163
166
166
167
171
171
175
175
177
183
184
187
193
194
196
198
199
204
211
211
214
221
225
231
232
245
252
270
288
306
324
11
13
11
29
31
29
49
14
70
35
9
13
5
13
27
34
26
31
44
13
14
65
32
34
18
86
9
36
7
11
30
24
4
29
31
22
45
47
52
40
65
70
58
8
83
91
11
79
29
22
10
104
112
35
50
43
103
125
34
133
5
71
64
59
25
55
149
154
23
92
80
88
18
49
76
173
175
44
113
101
39
97
191
196
65
16
134
125
209
83
152
37
227
101
14
170
58
19
245
122
188
35
16
263
79
40
143
209
56
37
281
61
164
74
230
299
82
92
248
185
317
103
9
266
206
27
124
284
227
145
163
12
181
30
199
217
18
36
54
11
15
29
33
51
19
37
55
73
15
33
51
5
23
6
24
9
27
11
17
48
29
38
69
17
87
35
105
11
29
10
18
28
36
8
4
29
25
43
7
61
25
18
36
7
6
25
24
42
15
33
8
26
44
62
16
83
37
104
11
125
32
146
164
182
12
200
30
218
236
7
254
19
11
25
272
37
29
43
55
47
73
65
13
83
31
101
49
5
122
67
26
143
47
164
68
86
12
16
8
107
30
34
29
128
52
146
70
164
88
182
106
200
124
218
142
160
178
196
214
232
250
268
286
304
322
340
358
376
394
412
430
448
466
484
502
520
538
556
574
592
610
628
646
664
682
700
718
736
754
772
790
808
826
844
862
880
898
916
934
952
970
988
1006
1024
1042
1060
1078
1096
1114
1132
1150
1168
1186
1204
1222
1240
4
4
4
4
8
8
8
8
12
12
12
12
16
16
16
16
20
20
20
20
24
24
24
24
28
28
28
28
32
32
32
32
36
36
36
36
40
40
40
40
44
44
44
44
48
48
48
48
52
52
52
52
56
56
56
56
60
60
60
60
64
64
64
64
67
67
67
67
71
71
71
71
75
75
75
75
79
79
79
79
83
83
83
83
87
87
87
87
91
91
91
91
95
95
95
95
99
99
99
99
103
103
103
103
107
107
107
107
111
111
111
111
115
115
115
115
119
119
119
119
123
123
123
123
127
127
127
127
130
130
133
134
135
136
137
140
141
143
144
145
146
147
149
151
152
153
155
155
157
158
160
162
163
163
166
166
168
170
173
173
174
178
179
179
183
185
184
187
190
191
194
195
198
199
203
205
209
209
214
213
215
215
218
220
226
228
231
233
233
236
238
239
242
245
249
255
257
260
262
266
267
272
278
282
283
287
285
293
299
299
309
314
317
320
326
336
335
341
347
353
353
363
371
371
377
387
389
395
401
407
411
419
425
425
435
443
443
449
459
467
473
483
491
497
507
515
521
531
539
545
555
563
569
579
587
593
603
611
617
627
635
641
651
659
665
675
683
689
699
707
713
723
731
737
747
755
761
771
779
785
795
803
809
819
827
833
843
851
857
867
875
881
891
899
905
915
923
929
939
947
953
963
971
977
987
995
1001
1011
1019
1025
1035
1043
1049
1064
1070
1085
1091
1106
1112
1127
1133
1148
1154
1169
1175
1190
1208
1226
1244
1262
1280
1298
1316
1334
1352
1370
1388
6
1406
24
1424
16
1442
34
1460
52
10
1478
28
1496
46
1514
64
1532
10
21
1550
88
6
34
1568
45
112
24
1586
66
42
7
1604
87
12
28
1625
13
22
5
111
36
31
1649
46
26
132
1670
47
153
1688
68
174
1706
11
92
1724
198
35
1742
116
222
59
1760
140
246
1778
83
12
164
1796
270
30
107
1814
188
294
48
131
1832
66
212
318
1850
155
84
236
342
1868
257
1886
363
1904
278
15
5
296
1925
8
6
314
26
39
9
1949
32
12
30
332
30
1970
30
350
51
24
1988
54
48
368
24
2006
78
66
51
386
81
2024
51
84
404
9
2042
21
102
428
2060
33
120
45
2078
9
141
2096
30
162
2114
51
2132
2150
7
2168
25
2186
2204
7
2222
25
12
270
30
288
48
66
84
4
4
4
4
8
8
8
8
12
12
12
12
16
16
16
16
20
20
20
20
24
24
24
24
28
28
28
28
32
32
32
32
36
36
36
36
40
40
40
40
44
44
44
44
48
48
48
48
52
52
52
52
56
56
56
56
60
60
60
60
64
64
64
64
67
67
67
67
71
71
71
71
75
75
75
75
79
79
79
79
83
83
83
83
87
87
87
87
91
91
91
91
95
95
95
95
99
99
99
99
103
103
103
103
107
107
107
107
111
111
111
111
115
115
115
115
119
119
119
119
123
123
123
123
127
127
127
127
130
131
131
136
136
137
140
141
141
144
144
145
146
149
152
152
154
157
160
164
165
167
169
170
171
173
176
178
185
186
190
191
192
194
199
210
217
235
253
10
17
31
38
8
11
52
26
29
16
70
12
88
37
15
11
33
33
58
14
29
8
79
47
26
35
100
65
118
83
136
101
12
154
122
172
33
143
7
190
9
57
4
167
208
31
15
27
25
81
45
36
19
14
37
32
6
24
15
33
8
26
44
10
28
7
25
43
16
34
52
16
34
13
7
34
5
28
23
4
11
10
25
32
28
12
46
53
30
71
48
6
6
24
24
4
42
22
4
10
22
11
28
40
8
29
58
26
15
47
76
22
33
94
18
40
51
20
112
36
58
72
130
41
54
9
93
148
62
72
27
166
80
90
184
98
108
202
116
126
134
144
152
170
16
5
37
26
17
35
53
11
18
29
36
12
30
13
31
6
49
12
24
67
30
42
13
15
12
60
31
36
33
78
49
57
54
10
96
70
78
75
114
31
99
132
96
150
120
117
168
141
138
186
162
159
204
183
180
222
204
201
240
219
258
237
276
255
294
273
6
10
315
291
28
27
336
4
309
48
357
22
327
375
345
393
363
411
381
429
399
447
417
465
435
15
483
453
33
501
471
51
519
489
69
537
507
555
525
573
7
546
591
28
567
609
49
588
627
70
645
609
91
663
4
633
7
12
115
28
25
657
30
139
678
160
699
181
720
202
741
223
762
244
783
265
804
286
825
5
23
41
5
23
16
15
37
36
54
12
75
33
96
54
117
11
14
138
32
32
9
13
27
31
45
63
81
7
25
43
14
61
32
79
97
4
22
40
8
12
26
30
8
4
4
4
4
8
8
8
8
12
12
12
12
16
16
16
16
20
20
20
20
24
24
24
24
28
28
28
28
32
32
32
32
36
36
36
36
40
40
40
40
44
44
44
44
48
48
48
48
52
52
52
52
56
56
56
56
60
60
60
60
64
64
64
64
67
67
67
67
71
71
71
71
75
75
75
75
79
79
79
79
83
83
83
83
87
87
87
87
91
91
91
91
95
95
95
95
99
99
99
99
103
103
103
103
107
107
107
107
111
111
111
111
115
115
115
115
119
119
119
119
123
123
123
123
127
127
127
127
130
132
133
133
134
137
138
138
141
142
145
146
146
146
150
151
152
153
155
155
159
160
160
160
164
164
165
168
169
169
173
175
179
181
181
183
185
187
186
190
193
197
196
202
201
202
206
208
207
214
219
223
224
223
229
235
237
241
242
241
250
256
255
260
259
262
268
277
278
283
289
295
296
304
310
316
314
322
331
332
337
343
349
350
358
364
370
368
376
385
386
394
400
404
409
418
424
422
433
442
440
448
457
458
466
472
481
476
490
496
494
505
514
512
520
529
530
541
550
548
562
571
566
583
584
592
604
602
613
625
620
634
638
646
655
656
667
676
674
688
697
692
709
710
718
730
728
739
751
746
760
764
772
781
782
793
802
800
814
823
818
841
836
859
854
877
872
895
890
913
908
931
926
949
944
967
962
985
980
1003
998
1021
1016
1039
1034
1057
1052
1075
1070
1093
1088
1111
1106
1129
1124
1147
1142
1165
1160
1183
1178
1201
1196
1219
1214
1237
1232
1255
1250
1273
1268
1286
1304
1322
1340
1358
1376
19
1394
14
37
20
1412
17
32
41
1430
38
9
1448
27
1466
45
1484
17
21
63
1508
41
25
48
1535
49
14
1556
18
70
32
1577
36
91
17
1598
57
112
38
6
1619
14
22
16
24
1640
32
9
34
18
46
1664
53
52
33
39
1685
74
70
54
5
1706
92
88
8
26
1724
106
4
29
6
47
9
1742
25
50
24
1760
30
12
46
71
1778
33
11
1796
15
29
1814
33
47
19
1832
51
37
1850
69
14
15
1868
35
36
1886
54
1904
8
72
1922
26
90
1940
14
1958
32
1976
1994
2012
2030
5
5
2051
23
26
2072
2090
8
26
15
33
15
33
5
23
12
30
11
29
47
8
26
6
13
24
5
31
42
23
49
17
60
67
35
5
23
41
4
4
4
4
8
8
8
8
12
12
12
12
16
16
16
16
20
20
20
20
24
24
24
24
28
28
28
28
32
32
32
32
36
36
36
36
40
40
40
40
44
44
44
44
48
48
48
48
52
52
52
52
56
56
56
56
60
60
60
60
64
64
64
64
67
67
67
67
71
71
71
71
75
75
75
75
79
79
79
79
83
83
83
83
87
87
87
87
91
91
91
91
95
95
95
95
99
99
99
99
103
103
103
103
107
107
107
107
111
111
111
111
115
115
115
115
119
119
119
119
123
123
123
123
127
127
127
127
130
130
130
135
136
136
138
140
141
142
143
144
147
148
150
151
152
152
156
157
157
159
160
163
163
168
168
170
173
176
178
180
181
183
187
189
192
197
198
199
200
205
207
216
217
221
223
228
234
235
241
246
252
253
259
264
270
271
277
282
288
289
295
300
306
313
324
342
16
8
16
37
29
34
5
18
23
36
41
54
14
32
21
53
10
42
13
14
31
60
34
32
7
6
25
18
17
27
36
38
15
54
33
11
72
29
90
108
5
23
14
32
50
9
16
11
19
21
30
34
32
40
42
52
51
53
72
5
18
23
5
36
23
4
18
22
36
15
33
5
23
41
5
18
23
19
19
36
37
37
55
16
34
9
27
18
36
9
57
30
19
6
37
24
55
9
27
45
14
32
6
17
24
35
14
7
32
25
14
50
43
32
68
50
86
68
16
107
86
37
104
18
10
36
28
54
10
28
4
22
40
58
76
17
12
7
97
35
30
13
28
9
118
51
34
27
49
139
72
45
70
90
63
88
108
81
126
99
144
117
162
135
180
153
198
4
22
13
40
9
31
11
58
30
32
76
94
112
12
133
33
154
172
13
193
34
13
214
31
232
49
250
67
268
5
18
289
23
7
39
310
25
19
328
37
346
7
55
364
25
73
382
43
10
28
46
4
22
40
58
76
94
15
112
33
14
32
17
35
8
26
44
62
9
80
27
98
45
15
119
63
36
140
57
161
7
182
28
203
49
224
70
245
91
266
112
287
305
323
341
359
377
395
413
431
449
467
485
503
521
539
557
575
593
611
629
647
665
683
701
719
737
755
773
791
809
827
845
863
881
899
917
935
953
971
989
1007
1025
1043
1061
1079
1097
4
4
4
4
8
8
8
8
12
12
12
12
16
16
16
16
20
20
20
20
24
24
24
24
28
28
28
28
32
32
32
32
36
36
36
36
40
40
40
40
44
44
44
44
48
48
48
48
52
52
52
52
56
56
56
56
60
60
60
60
64
64
64
64
67
67
67
67
71
71
71
71
75
75
75
75
79
79
79
79
83
83
83
83
87
87
87
87
91
91
91
91
95
95
95
95
99
99
99
99
103
103
103
103
107
107
107
107
111
111
111
111
115
115
115
115
119
119
119
119
123
123
123
123
127
127
127
127
130
130
130
131
135
136
139
139
139
140
143
144
145
147
148
149
152
152
152
153
157
157
158
159
162
161
163
163
169
169
172
172
173
176
178
179
182
182
184
186
188
193
196
196
196
197
203
206
207
208
212
217
220
220
227
232
233
241
248
253
254
269
272
274
290
290
295
308
311
316
326
332
337
353
358
374
379
395
400
416
421
437
455
473
491
509
527
545
563
581
13
31
5
49
23
67
16
10
41
15
34
91
34
59
39
77
57
95
18
15
75
13
13
39
119
93
36
37
37
111
54
6
14
146
61
72
20
135
30
38
170
90
44
51
159
191
108
18
65
180
209
25
36
18
227
204
49
7
42
248
4
228
22
31
63
22
272
46
81
55
296
99
76
317
117
24
100
341
135
48
153
124
365
4
11
171
148
22
389
35
189
16
40
413
207
59
40
4
225
437
83
22
64
243
461
40
107
261
16
88
485
279
34
131
297
506
52
10
315
524
28
333
542
6
46
560
24
357
64
30
578
48
381
6
596
57
10
405
614
30
28
4
22
632
429
7
52
28
650
43
450
31
76
668
17
64
471
52
97
686
35
489
73
704
118
507
722
136
525
740
154
543
758
172
561
776
190
579
794
208
812
226
830
244
848
262
866
280
884
298
902
316
920
334
938
352
956
370
974
388
992
406
1010
424
1028
442
1046
460
1064
478
1082
496
1100
514
1118
532
1136
550
1154
568
1172
586
604
622
640
658
676
694
712
730
748
766
784
802
820
838
856
874
892
910
928
946
964
982
1000
1018
1036
1054
1072
1090
1108
1126
1144
1162
1180
1198
1216
1234
1252
1270
1288
1306
1324
1342
1360
1378
1396
1414
1432
1450
1468
1486
1504
1522
1540
1558
1576
1594
1612
1630
1648
1666
