4
4
8
8
12
12
16
16
20
20
24
24
28
28
32
32
36
36
40
40
44
44
48
48
52
52
56
56
60
60
64
64
68
68
72
72
76
76
80
80
84
84
88
88
92
92
96
96
100
100
104
104
108
108
112
112
116
116
120
120
124
124
128
128
131
131
135
135
139
139
143
143
147
147
151
151
155
155
159
159
163
163
167
167
171
171
175
175
179
179
183
183
187
187
191
191
195
195
199
199
203
203
207
207
211
211
215
215
219
219
223
223
227
227
231
231
235
235
239
239
243
243
247
247
251
251
255
255
158
87
151
94
267
97
271
171
275
161
29
279
119
130
187
287
291
174
161
189
170
300
190
304
196
35
204
157
315
316
319
186
323
221
327
183
331
333
117
337
218
229
343
245
347
227
351
190
355
258
216
177
263
366
243
239
371
117
191
276
241
269
125
385
214
272
221
170
224
147
298
237
288
305
406
135
257
279
264
418
301
60
316
153
297
275
317
329
323
304
331
116
189
342
191
304
450
249
316
332
351
350
244
366
345
348
132
474
311
478
379
27
298
343
487
390
360
370
238
498
271
318
283
368
506
252
393
88
291
348
141
30
268
207
253
281
211
533
411
281
178
391
160
428
393
149
447
305
422
335
234
128
314
304
364
316
447
318
343
444
370
443
463
478
371
312
270
376
259
291
601
400
237
320
154
353
311
386
299
398
497
621
625
391
157
295
327
256
379
38
215
386
475
232
157
329
334
52
408
532
660
186
408
281
292
408
555
294
276
366
432
250
462
435
255
376
431
568
331
464
445
491
571
473
570
433
605
497
498
412
397
521
97
441
588
474
364
392
435
371
423
742
621
512
749
416
281
377
451
159
503
320
140
353
447
86
281
173
301
304
420
249
784
526
420
412
416
484
679
368
224
419
556
494
480
686
212
448
555
609
455
591
144
592
202
694
513
622
425
522
398
411
559
221
471
712
510
322
489
722
345
437
418
534
629
495
873
277
248
438
575
367
627
204
264
87
571
405
259
425
367
544
517
908
333
544
489
540
222
803
537
348
612
680
804
604
566
336
327
573
578
475
82
268
323
716
634
818
546
746
519
646
552
535
592
186
513
730
366
446
843
469
558
542
655
753
616
997
398
372
446
699
488
751
172
264
208
558
86
407
383
212
491
336
641
1032
457
613
661
346
924
344
510
541
736
607
633
353
510
694
451
596
702
235
206
673
230
939
613
867
670
767
643
488
676
307
716
851
637
464
490
867
367
573
275
779
627
740
1118
522
373
570
820
463
872
296
385
225
679
210
528
333
333
463
457
765
1153
581
675
737
1045
465
631
662
715
728
754
474
631
698
572
506
607
356
327
794
351
911
734
988
633
785
637
609
677
837
725
648
582
611
485
988
393
694
745
789
1236
861
491
643
830
580
990
584
503
343
797
328
545
451
326
581
1268
781
790
699
1052
560
386
585
669
833
405
872
810
749
618
690
787
725
1020
445
1097
713
894
748
595
752
834
792
460
952
594
763
502
726
854
1103
1345
809
600
904
939
976
858
657
695
757
651
437
432
884
1155
615
795
663
1158
492
688
775
936
691
511
714
789
793
607
828
893
768
813
1203
740
1000
698
701
892
1052
563
863
569
826
765
1093
1445
709
700
895
1039
1076
958
757
795
857
751
532
981
1255
712
760
895
1157
785
753
1033
788
608
811
886
890
704
812
634
865
747
1300
837
962
795
871
1149
660
960
856
923
1025
1190
791
806
1001
992
1049
1173
761
733
842
892
1239
870
966
1245
854
841
680
869
999
882
716
678
947
984
1382
906
1044
841
783
834
783
1104
965
870
1243
1080
943
1019
1017
840
713
797
967
1264
1318
824
949
880
1220
746
1057
948
945
1023
771
1458
1090
1120
766
953
798
910
1055
868
820
868
1025
1050
1095
1328
870
1028
1102
1391
798
1290
1052
816
1349
909
901
965
1093
1528
1027
1190
854
1172
857
848
1125
1035
890
880
1095
1034
950
849
1458
1027
1410
1243
862
883
1184
968
880
1011
1160
1431
1595
905
1129
1106
924
933
1057
1033
1083
1098
927
918
1522
1307
922
1100
923
1483
935
1221
1137
1656
1081
1190
1501
975
985
1118
1075
1094
1009
1150
1390
982
1128
1541
1192
1165
1714
1136
1133
1556
1065
1127
1061
1072
1442
1034
1180
1593
1143
1217
1766
1605
1185
1176
1117
1121
1376
1229
1639
1189
1812
1651
1160
1419
1679
1272
1688
1855
1203
1519
1295
1315
1725
1898
1246
1556
1338
1762
1358
1941
1419
1289
1799
1398
1981
1456
1836
1435
2018
1392
1873
1361
2055
1429
1910
1398
2092
1466
1947
1435
2014
1981
2048
2015
2082
2049
2116
2083
2150
2117
2044
2151
2078
2185
1864
2219
1898
2253
1819
2287
1853
2321
1887
2355
2289
2323
2357
2391
2425
2328
2362
2233
2267
4
4
8
8
12
12
16
16
20
20
24
24
28
28
32
32
36
36
40
40
44
44
48
48
52
52
56
56
60
60
64
64
68
68
72
72
76
76
80
80
84
84
88
88
92
92
96
96
100
100
104
104
108
108
112
112
116
116
120
120
124
124
128
128
131
131
135
135
139
139
143
143
147
147
151
151
155
155
159
159
163
163
167
167
171
171
175
175
179
179
183
183
187
187
191
191
195
195
199
199
203
203
207
207
211
211
215
215
219
219
223
223
227
227
231
231
235
235
239
239
243
243
247
247
251
251
255
255
112
150
120
141
163
136
143
158
173
133
169
278
168
164
145
179
41
142
294
192
170
299
302
201
124
179
310
174
211
315
43
168
209
130
221
40
203
170
122
183
186
214
182
343
212
242
147
96
146
104
83
254
253
363
255
262
371
239
257
253
379
272
236
274
244
265
287
260
267
282
297
257
293
301
292
288
269
303
165
266
244
316
294
423
283
325
248
303
323
298
335
439
167
292
333
254
345
164
327
294
246
307
310
338
306
467
336
366
92
220
274
228
273
378
210
487
380
386
382
363
372
377
384
396
406
398
363
162
371
384
304
303
281
381
201
425
197
254
309
262
289
227
192
217
371
547
275
273
410
318
447
307
319
563
291
416
312
285
246
252
94
269
253
459
187
439
430
487
240
172
216
244
283
297
281
495
188
269
504
484
398
376
496
387
508
519
530
283
388
505
425
424
402
192
322
421
318
375
430
383
410
74
313
351
371
341
396
548
405
397
459
442
440
431
412
523
433
540
367
280
215
376
374
393
308
297
551
563
361
504
233
296
404
368
402
421
309
619
478
393
519
363
617
500
629
511
651
643
114
295
512
629
410
357
401
316
446
545
209
94
255
374
534
198
276
333
495
281
520
672
529
521
583
566
444
644
536
493
438
401
328
204
93
402
472
418
314
580
351
625
414
417
520
286
218
435
596
629
529
239
444
484
152
498
769
490
232
601
413
416
528
750
519
478
443
313
327
566
373
215
652
495
394
191
510
454
484
402
522
793
39
516
582
587
565
123
657
614
559
38
449
414
214
328
40
526
596
398
438
704
373
749
538
349
538
410
342
559
720
753
653
363
568
412
276
622
893
614
223
725
537
540
408
737
538
452
567
437
327
690
304
214
776
619
362
315
634
476
608
289
646
753
163
640
706
711
552
247
781
608
572
162
460
538
119
452
341
487
167
522
723
828
461
718
500
473
515
348
665
569
343
775
847
308
780
536
695
536
288
613
1020
849
350
664
664
861
535
576
665
561
590
638
454
338
431
584
711
321
489
600
761
413
626
877
647
618
687
723
676
729
782
178
696
559
584
437
243
608
259
521
662
789
582
839
487
404
636
469
786
690
464
896
852
429
718
524
711
657
409
734
1141
970
329
785
596
982
542
697
583
682
711
759
434
459
829
705
362
442
879
591
744
534
765
561
739
805
844
645
900
739
814
299
579
680
374
558
621
777
642
571
910
602
810
595
525
452
488
964
1014
830
370
823
642
521
667
1253
437
441
1088
708
794
654
1100
695
694
823
800
546
680
941
467
474
991
703
639
646
776
673
509
917
843
757
1012
851
665
631
691
560
730
749
591
680
1019
556
919
704
514
561
597
1073
921
777
479
627
458
1359
776
547
546
814
1094
657
903
801
1103
649
803
1044
798
789
1091
576
739
876
812
910
755
857
671
1112
618
765
952
646
737
849
666
607
836
656
697
998
522
915
900
620
874
570
621
1027
1456
561
752
744
751
649
895
1197
607
843
1138
1206
1185
799
704
901
793
777
1004
912
951
855
1206
771
643
849
740
943
724
701
763
647
789
1092
616
1009
994
714
968
664
715
696
1550
846
835
986
1285
931
698
1151
659
887
1135
989
795
865
884
890
941
834
827
859
1147
734
937
712
812
898
694
792
877
738
853
707
949
832
778
1059
806
792
1641
1224
793
1013
1233
936
850
747
943
740
1223
883
972
814
916
1029
799
915
904
1235
797
773
983
929
877
1025
823
914
865
1141
1297
888
1086
1723
1173
923
875
1016
1018
813
1302
923
962
880
893
872
996
977
1153
999
937
981
1069
1364
952
1018
1787
1240
959
981
1235
938
1023
925
1054
1211
1033
995
1299
1127
1070
1842
1162
1014
987
1290
974
1078
983
1082
1152
1348
1014
1036
1211
1894
1020
1339
1029
1011
1198
1288
1060
1082
1137
1940
1189
1054
1331
1122
1177
1840
1229
1251
1097
1162
1880
1138
1288
1134
1202
1787
1178
1325
1242
1827
1359
1279
1742
1316
1779
1353
1622
1390
1659
1427
1461
1495
1529
1563
1597
1631
1665
1699
1733
1767
1801
1835
1869
1903
1937
1971
2005
2039
2073
2107
2141
2175
2209
2243
2277
2311
4
4
8
8
12
12
16
16
20
20
24
24
28
28
32
32
36
36
40
40
44
44
48
48
52
52
56
56
60
60
64
64
68
68
72
72
76
76
80
80
84
84
88
88
92
92
96
96
100
100
104
104
108
108
112
112
116
116
120
120
124
124
128
128
131
131
135
135
139
139
143
143
147
147
151
151
155
155
159
159
163
163
167
167
171
171
175
175
179
179
183
183
187
187
191
191
195
195
199
199
203
203
207
207
211
211
215
215
219
219
223
223
227
227
231
231
235
235
239
239
243
243
247
247
251
251
255
255
258
258
75
131
14
266
270
13
274
275
17
279
283
283
184
287
142
157
153
175
136
300
196
172
307
194
195
312
188
201
105
321
212
200
155
329
192
223
206
99
339
229
344
241
348
220
242
225
233
200
236
256
244
154
369
265
65
249
219
246
193
381
132
7
388
131
392
223
135
398
286
402
302
272
260
290
271
198
254
287
314
309
425
427
313
81
306
319
223
295
330
318
273
301
310
341
324
217
457
347
47
359
123
338
335
343
363
318
354
16
357
377
365
275
388
386
186
370
340
217
162
356
401
128
510
252
115
97
347
404
366
420
396
378
66
242
399
298
299
540
325
293
120
421
241
442
554
271
208
248
263
232
422
569
267
159
428
235
286
447
344
475
81
255
230
246
465
477
370
500
223
143
298
233
271
210
100
513
513
337
622
344
101
483
212
90
375
379
420
242
312
364
357
493
4
523
416
193
658
351
411
426
421
352
40
247
116
368
392
681
369
223
353
390
572
549
180
394
248
424
229
413
465
189
376
208
367
357
474
592
469
497
81
350
422
270
121
360
224
337
505
640
561
464
225
345
336
505
499
217
544
406
436
488
346
465
128
546
421
213
680
475
425
550
545
476
164
371
240
379
395
805
493
347
360
367
696
235
304
377
372
548
353
353
589
313
500
186
491
349
598
451
593
343
205
474
446
363
245
354
245
615
629
440
685
466
125
626
460
99
455
527
668
254
583
470
664
123
331
545
481
804
668
549
488
108
489
158
497
188
923
519
128
510
485
484
353
820
495
428
531
291
471
477
303
713
304
505
467
615
569
722
461
616
287
197
481
570
472
239
733
369
558
753
584
809
624
249
217
584
512
579
107
646
580
378
661
594
452
247
602
561
789
823
609
562
610
232
437
282
1044
312
249
631
496
605
338
941
616
409
652
595
592
831
424
175
623
475
733
570
840
467
734
408
315
586
602
357
480
210
723
619
552
96
576
367
745
561
237
347
633
764
121
496
231
712
704
365
785
679
576
941
428
680
747
350
592
164
734
322
561
1168
631
233
507
620
944
462
409
740
713
660
781
716
554
443
851
299
762
599
725
694
250
591
704
532
475
610
328
604
737
847
214
676
485
700
679
705
465
361
711
642
462
245
830
355
373
694
588
745
1059
273
678
552
468
871
282
716
440
858
749
685
625
1059
1062
357
527
744
831
320
899
864
784
672
840
969
567
880
317
843
524
368
652
712
320
460
446
731
753
585
600
968
675
681
478
584
826
826
577
332
945
763
488
366
703
812
1174
863
793
391
455
513
840
858
834
734
976
1171
688
530
1177
940
859
881
435
432
979
790
772
878
955
816
682
477
432
761
639
429
723
555
575
862
426
709
700
784
924
587
796
830
699
686
749
1054
447
809
520
1280
481
899
702
561
837
747
625
692
952
1277
782
1088
636
800
744
1289
987
855
538
896
1088
984
881
922
1064
583
791
611
655
802
829
681
809
884
532
687
1027
930
731
786
643
1154
852
559
620
1380
581
999
802
937
844
607
789
890
1374
882
838
996
941
900
632
1274
990
955
1078
1188
797
769
677
1061
749
712
896
711
903
929
836
781
669
924
1124
880
828
1248
740
653
1343
890
989
692
975
938
815
753
1081
1468
985
793
1359
1035
807
726
1145
1084
854
1172
1146
891
797
771
706
857
994
1084
927
802
760
1015
848
862
1235
768
816
744
891
1434
1053
1080
925
1291
1029
844
883
1368
1221
930
884
1089
931
817
779
899
1097
1157
842
875
862
948
921
1085
886
808
1120
819
992
950
1358
1323
950
1410
953
964
997
1156
1114
1450
862
1059
1013
978
982
1176
921
878
918
1281
1161
1005
1008
892
1052
1393
1024
1480
1034
1114
1184
1398
932
1083
930
1333
1048
945
988
1060
972
985
1076
1073
959
1460
1052
1441
1248
1382
1462
994
998
1018
1046
1095
1128
1014
1264
1496
1425
1037
1303
1344
1053
1101
1183
1315
1316
1548
1355
1396
1349
1150
1232
1479
1401
1209
1318
1196
1278
1243
1525
1447
1364
1242
1324
1385
1325
1410
1367
1428
1368
1407
1468
1444
1383
1481
1420
1518
1552
1586
1620
1654
1688
1722
1654
1688
4
4
8
8
12
12
16
16
20
20
24
24
28
28
32
32
36
36
40
40
44
44
48
48
52
52
56
56
60
60
64
64
68
68
72
72
76
76
80
80
84
84
88
88
92
92
96
96
100
100
104
104
108
108
112
112
116
116
120
120
124
124
128
128
131
131
135
135
139
139
143
143
147
147
151
151
155
155
159
159
163
163
167
167
171
171
175
175
179
179
183
183
187
187
191
191
195
195
199
199
203
203
207
207
211
211
215
215
219
219
223
223
227
227
231
231
235
235
239
239
243
243
247
247
251
251
255
255
66
127
262
146
266
119
164
44
164
148
278
75
282
283
286
180
291
173
295
189
163
180
203
303
164
181
136
311
56
81
319
7
161
219
150
103
203
331
206
335
339
126
343
343
61
240
351
249
355
228
221
250
249
80
258
228
236
157
217
275
379
379
190
251
262
270
390
243
288
168
288
272
402
199
406
407
410
304
47
297
418
313
224
304
290
220
330
305
291
435
263
205
183
131
446
343
288
227
277
330
330
459
333
250
360
360
345
364
188
373
354
352
154
374
348
204
376
352
385
281
363
399
344
503
506
375
201
293
389
258
517
292
306
22
301
323
529
203
533
287
178
308
174
310
545
164
351
344
303
429
322
455
276
329
246
255
204
227
573
250
113
454
298
476
122
481
484
376
469
322
164
378
478
322
278
370
340
269
500
378
175
518
366
366
309
508
411
325
376
385
281
641
140
430
261
425
321
653
405
657
426
302
428
298
282
669
312
374
570
427
298
446
370
400
342
370
365
328
394
697
591
237
96
422
599
246
494
608
121
467
443
288
499
454
145
93
491
464
390
624
499
299
639
490
430
490
532
632
206
334
402
509
155
765
382
554
336
421
413
777
331
669
407
426
123
305
433
793
590
498
419
413
330
354
319
422
384
391
515
351
608
821
217
250
589
100
484
421
242
373
232
589
501
594
266
272
474
581
342
220
515
491
760
751
404
242
653
326
327
617
296
759
276
461
503
636
457
775
534
681
452
548
528
904
244
796
377
57
432
711
920
540
156
451
540
440
481
505
549
160
518
729
478
707
544
602
377
360
227
350
548
619
367
247
716
592
721
460
399
633
572
754
27
522
618
664
878
242
369
414
453
284
744
407
886
575
440
535
763
282
902
456
659
203
437
94
918
178
765
832
504
661
279
440
838
561
283
514
667
281
608
850
519
119
299
711
434
592
671
345
364
345
223
564
675
371
494
510
712
584
848
586
328
878
699
646
154
788
578
366
1005
405
362
408
580
531
871
699
745
659
567
406
782
580
1029
327
786
218
564
187
1045
837
892
652
524
564
406
538
965
638
297
180
794
833
476
243
646
835
426
716
561
469
694
469
491
688
350
391
674
634
621
557
839
710
975
874
455
826
770
912
702
490
1129
529
486
419
589
543
995
531
869
622
691
405
906
704
1153
451
733
342
688
311
1169
961
892
776
648
550
376
662
979
549
421
304
630
957
600
670
856
424
706
450
815
495
691
471
509
795
752
742
675
960
828
975
992
815
888
1030
689
469
1247
497
534
707
658
1010
646
800
737
809
520
898
819
1158
465
851
457
695
945
1287
739
1010
662
621
646
494
661
1097
1066
745
965
715
815
785
559
539
800
761
446
610
861
785
675
738
636
1072
969
1087
713
927
987
801
578
1359
643
609
665
819
650
1122
741
912
925
799
571
1010
563
1270
1051
770
845
807
663
1111
752
979
629
733
1172
1206
852
821
701
681
547
864
791
610
552
888
967
841
781
970
742
1075
1027
819
714
1093
1459
709
746
739
768
1222
753
860
844
899
857
1110
674
1260
1026
870
805
907
763
1211
852
1079
729
1189
1166
697
952
778
801
647
850
707
891
772
908
829
748
1067
669
712
990
782
811
1082
1556
806
843
836
865
1319
850
957
728
962
954
1354
771
833
1123
1001
902
1305
713
1173
718
1283
1260
791
748
766
779
944
982
801
999
866
839
923
760
1058
803
1084
873
1173
792
1650
934
900
956
930
830
1413
819
794
929
1056
1202
1049
927
866
1295
801
915
806
1235
1031
836
854
867
826
834
943
1005
1140
1141
1166
874
886
1732
903
982
999
907
1495
1119
876
936
1017
873
1284
1302
1009
1377
997
1001
1113
1199
944
913
1084
1219
995
1097
1216
1808
946
983
1415
1242
1090
1190
975
1035
1292
1070
1256
1186
986
1165
1034
1167
1878
1016
1072
1482
1157
1257
1042
1202
1359
1250
1109
1050
1098
1231
1239
1942
1349
1206
1146
1225
1102
1175
1105
1283
1994
1401
1258
1209
1277
1154
1157
1335
2046
1327
1310
1196
1206
1384
2095
1376
1242
1427
2138
1419
1342
2178
1459
1382
2073
1499
2110
2040
2074
1994
2028
1856
1890
1818
1852
1711
1745
4
4
8
8
12
12
16
16
20
20
24
24
28
28
32
32
36
36
40
40
44
44
48
48
52
52
56
56
60
60
64
64
68
68
72
72
76
76
80
80
84
84
88
88
92
92
96
96
100
100
104
104
108
108
112
112
116
116
120
120
124
124
128
128
131
131
135
135
139
139
143
143
147
147
151
151
155
155
159
159
163
163
167
167
171
171
175
175
179
179
183
183
187
187
191
191
195
195
199
199
203
203
207
207
211
211
215
215
219
219
223
223
227
227
231
231
235
235
239
239
243
243
247
247
251
251
255
255
116
258
136
262
166
266
148
79
142
128
278
116
282
51
286
131
290
125
170
295
195
182
144
91
109
202
149
312
315
174
319
202
323
179
66
222
215
229
335
336
339
228
235
198
217
20
240
193
163
237
258
259
260
201
263
179
371
372
264
242
192
379
240
383
260
387
290
200
272
249
266
237
402
172
406
252
410
310
41
291
252
46
288
306
322
215
271
326
236
436
276
298
322
326
446
303
59
346
193
353
342
460
302
352
306
322
362
144
344
317
367
361
290
383
385
325
387
303
390
363
498
500
391
504
319
508
367
200
261
261
273
209
291
159
287
266
529
431
328
148
379
167
168
134
242
415
336
321
447
398
89
69
251
403
352
449
361
573
454
186
152
213
298
469
329
429
473
433
495
386
309
181
415
494
56
256
478
389
514
367
619
365
623
625
315
367
376
283
324
393
274
388
381
400
430
418
263
414
64
656
93
455
360
506
454
295
565
261
207
542
448
369
525
470
196
479
388
572
576
270
700
416
211
447
340
384
596
513
441
427
560
533
513
174
308
596
504
632
383
737
516
741
494
433
492
382
598
269
494
392
410
360
520
548
287
85
527
182
545
211
417
197
783
572
463
357
531
201
422
388
381
540
588
466
597
652
564
206
208
515
341
587
366
827
502
338
631
289
401
598
548
568
103
687
485
526
627
435
298
631
859
390
428
643
500
65
387
248
372
725
478
451
666
363
203
526
300
414
148
654
315
549
532
544
475
910
319
590
499
658
575
427
590
664
682
590
326
510
459
330
66
639
487
711
436
808
517
354
522
413
669
722
224
207
606
811
748
650
419
559
980
640
549
514
510
767
508
189
493
372
447
740
651
575
199
487
305
650
269
420
322
778
653
673
596
538
1034
617
607
693
782
708
551
800
788
312
538
577
634
184
202
505
658
554
660
635
932
640
478
653
433
209
743
605
331
866
935
241
671
1098
683
667
764
628
388
626
891
611
313
565
769
861
317
525
423
608
288
636
440
541
670
899
589
635
659
627
1155
507
728
607
903
918
477
430
909
591
659
620
520
505
323
616
779
755
781
768
1053
324
477
720
554
800
864
356
301
1213
1056
661
792
738
804
723
885
518
509
746
1012
318
434
359
872
400
646
779
729
698
757
541
736
1020
616
756
716
677
1027
1276
417
743
700
1024
558
598
614
1030
725
679
743
641
703
897
445
792
906
1171
1316
595
764
672
558
841
419
676
1174
621
809
849
922
421
890
462
524
708
1130
798
411
990
720
657
567
847
565
773
1127
659
517
1138
679
750
658
795
714
1394
721
861
843
1142
803
562
545
1148
822
797
1416
759
938
804
773
910
1289
803
596
592
796
676
779
1289
808
924
655
1037
653
1005
1215
639
764
1245
526
743
664
989
806
772
928
962
888
901
635
1495
1106
865
1017
789
750
1509
882
874
1257
765
677
858
1060
802
767
765
590
919
1118
859
605
1404
702
711
740
707
759
791
1004
1404
763
807
968
1571
801
1093
1357
826
1098
823
742
1071
841
997
744
840
1215
663
814
1191
898
678
1465
983
775
1366
679
832
1166
967
908
871
880
875
1644
965
1166
1510
899
891
896
1504
863
914
1068
901
913
1457
1066
1042
842
743
779
788
948
1031
1312
944
911
1708
831
1562
1230
964
793
1463
1263
873
897
968
807
972
1127
1062
1607
846
868
1089
1601
837
1763
821
1285
826
1447
848
1139
928
873
1042
862
1061
1182
871
925
1527
1141
1058
1557
1815
1096
1337
991
900
1062
949
1156
1701
962
1036
928
912
1858
917
1380
1538
1124
948
1149
959
1076
1612
1030
1642
1795
1181
1420
1018
1031
1238
1783
988
1832
1497
1457
1197
1021
1060
1561
1100
1712
1613
1133
1088
1494
1101
1850
1561
1121
1650
1121
1531
1622
1770
1191
1156
1905
1466
1321
1616
1176
1546
1822
1135
1503
1358
1954
1665
1592
1420
1868
1286
1181
2000
1711
1457
1529
1323
1914
2043
1754
1363
1257
1572
1957
2086
1400
1598
1294
1473
2000
2129
1437
1641
1516
1828
1471
2172
1684
1559
1871
2215
1727
1911
2255
1767
1951
2295
1556
1864
2335
1596
1904
2375
1794
2412
1831
2449
1755
2486
1792
2327
1829
2364
2267
2301
2335
2369
2285
2319
2159
2193
2109
2143
4
4
8
8
12
12
16
16
20
20
24
24
28
28
32
32
36
36
40
40
44
44
48
48
52
52
56
56
60
60
64
64
68
68
72
72
76
76
80
80
84
84
88
88
92
92
96
96
100
100
104
104
108
108
112
112
116
116
120
120
124
124
128
128
131
131
135
135
139
139
143
143
147
147
151
151
155
155
159
159
163
163
167
167
171
171
175
175
179
179
183
183
187
187
191
191
195
195
199
199
203
203
207
207
211
211
215
215
219
219
223
223
227
227
231
231
235
235
239
239
243
243
247
247
251
251
255
255
156
258
127
262
266
267
104
271
175
275
161
168
121
89
97
181
182
291
75
296
299
300
303
304
149
193
167
213
109
111
201
321
127
137
327
201
209
31
227
337
190
342
234
244
215
350
235
6
187
256
208
362
363
252
242
173
371
373
198
256
248
280
216
251
287
67
22
394
283
398
204
402
296
288
406
248
5
224
414
309
317
202
422
246
311
430
119
276
334
294
232
236
442
328
258
254
322
285
152
336
458
354
463
317
365
361
471
342
127
362
377
314
483
335
373
388
294
369
494
498
369
325
84
383
288
266
143
259
204
194
244
420
524
415
123
529
427
415
435
164
256
231
429
336
237
176
316
373
350
281
330
230
102
319
338
179
346
573
279
69
412
469
168
351
284
473
444
118
258
106
346
601
347
340
175
267
314
612
515
351
496
202
625
406
452
79
408
93
393
325
386
365
204
645
547
545
542
439
656
374
542
444
291
192
358
434
463
468
303
448
375
220
408
456
357
57
446
694
306
190
473
590
406
472
432
594
295
239
411
227
443
722
385
461
473
388
474
733
302
472
441
642
333
369
197
619
211
579
443
535
342
520
763
513
118
331
516
477
560
669
342
642
565
669
313
285
434
589
438
466
427
120
499
443
210
178
429
815
290
210
487
533
402
482
553
603
311
221
409
237
564
843
324
442
457
401
484
580
423
12
459
444
763
115
490
460
740
133
700
236
550
570
533
469
634
890
336
245
598
643
654
687
763
469
790
580
406
294
559
561
442
716
620
593
115
247
334
570
553
87
414
942
611
337
526
660
534
609
435
730
533
348
464
364
448
970
581
569
608
528
547
707
583
139
739
571
492
242
667
108
671
260
654
363
755
697
457
492
790
772
146
881
569
750
568
342
436
677
707
560
421
738
550
233
689
245
720
671
263
418
590
729
214
403
1069
652
355
375
678
651
605
582
727
466
320
526
368
726
1097
555
696
701
547
857
834
610
503
785
229
636
249
623
358
873
818
575
613
780
911
999
267
868
690
460
689
795
557
577
727
856
425
351
671
363
810
789
735
536
384
659
711
521
1187
649
473
493
796
769
723
585
845
584
438
644
486
701
1215
673
610
819
665
875
952
728
621
903
347
754
367
741
476
724
936
693
566
898
1029
954
394
849
804
386
672
794
842
695
540
843
401
478
687
904
850
651
499
774
826
494
1302
764
588
485
911
649
572
700
960
598
409
759
1327
816
722
674
777
722
1064
990
595
690
1018
459
738
419
836
1045
805
675
956
851
1066
503
961
643
498
647
951
906
466
807
510
955
796
1013
959
760
469
626
935
603
1411
757
532
594
1020
758
681
682
1069
707
518
663
1436
822
727
783
886
831
1173
967
704
799
1127
525
847
1047
803
1059
914
743
960
747
1175
1051
1070
566
887
760
613
1056
1061
566
1119
1032
725
1508
732
629
593
810
863
589
861
1048
785
615
623
1533
766
824
925
983
662
1270
782
700
1070
902
1141
1230
1004
841
681
906
841
1017
944
941
851
1170
1147
987
657
713
1123
1014
1599
822
898
728
677
690
1136
859
703
857
1621
882
739
720
1071
703
1358
1022
788
759
879
1089
1167
880
766
1327
926
1029
938
790
811
1114
1102
1038
1205
1104
1681
923
980
1108
1065
1697
916
815
822
1147
950
1434
948
864
788
841
1057
838
842
1249
1002
962
1105
1409
887
869
1178
1193
1156
958
1757
1183
1056
1002
1141
1065
1601
995
1220
1507
914
937
869
908
1130
1319
915
923
1175
1327
1245
1260
1223
1025
1824
1103
1123
969
1071
1132
1668
1062
1287
1574
981
936
1194
975
979
1276
1100
990
1394
1309
1327
1177
1888
1167
1019
1033
1135
1196
1568
1351
994
1638
1331
1137
1446
1043
1379
1164
1112
1373
1241
1085
1952
1248
1083
1066
1046
1632
1415
1383
1559
1498
1431
1201
1164
1123
1137
1434
2010
1141
1124
1297
1584
1394
1473
1477
1617
1178
1368
1337
1930
1434
1196
1517
1179
1639
1396
1463
1343
1233
1554
1423
1985
1688
1445
1512
1380
1591
1469
1898
1599
1313
1625
1558
1515
1944
1659
1645
1359
1502
1693
1561
1666
1542
1727
1601
1706
1462
1655
1641
1628
1502
1689
1681
1668
1576
1718
1705
1610
1755
1742
1792
1779
1829
1863
1897
4
4
8
8
12
12
16
16
20
20
24
24
28
28
32
32
36
36
40
40
44
44
48
48
52
52
56
56
60
60
64
64
68
68
72
72
76
76
80
80
84
84
88
88
92
92
96
96
100
100
104
104
108
108
112
112
116
116
120
120
124
124
128
128
131
131
135
135
139
139
143
143
147
147
151
151
155
155
159
159
163
163
167
167
171
171
175
175
179
179
183
183
187
187
191
191
195
195
199
199
203
203
207
207
211
211
215
215
219
219
223
223
227
227
231
231
235
235
239
239
243
243
247
247
251
251
255
255
129
158
139
263
116
123
34
271
150
161
84
113
94
118
178
54
188
291
162
133
188
180
303
114
307
201
197
195
175
153
154
199
208
323
117
188
203
230
335
335
175
180
343
30
217
121
351
136
240
253
359
230
185
243
215
264
269
261
267
277
379
250
282
95
263
256
240
247
158
235
274
285
208
237
94
218
245
302
181
312
204
286
260
312
307
142
241
431
328
321
322
299
280
278
326
332
306
241
315
327
357
310
462
299
307
263
157
341
248
475
263
377
367
354
376
367
312
388
342
385
396
401
394
222
506
219
296
380
390
247
230
359
285
256
185
133
185
342
221
272
231
307
308
433
331
263
255
429
324
316
262
94
239
297
336
233
228
213
320
333
433
431
222
318
335
384
589
462
329
596
104
109
208
501
173
170
354
362
503
372
42
407
209
413
415
346
416
236
480
381
423
371
337
483
357
380
412
257
312
466
312
396
230
104
358
434
305
454
379
390
448
556
386
443
363
221
460
424
352
360
444
340
443
460
346
558
459
445
579
511
453
464
228
723
332
236
297
442
478
297
338
489
166
499
333
534
539
540
540
325
604
363
417
508
461
380
481
610
435
343
436
221
195
593
354
523
482
231
429
452
503
581
434
252
510
683
385
570
380
218
353
551
197
377
567
347
317
473
479
685
703
572
577
422
207
591
309
850
421
363
491
569
462
424
290
440
264
500
663
482
519
418
628
452
541
378
449
492
429
507
559
737
560
470
319
348
266
583
606
223
449
257
18
579
630
447
561
379
424
810
512
596
507
345
480
678
324
504
572
474
444
600
606
812
704
476
704
549
334
612
436
826
548
382
618
573
478
447
283
567
391
627
682
609
646
545
755
579
502
505
576
619
556
741
570
476
477
186
343
707
393
347
598
381
576
435
145
571
757
370
547
934
551
720
147
367
478
802
498
434
306
598
699
622
301
936
612
600
831
543
245
736
408
950
484
506
597
697
602
571
407
555
387
751
806
615
529
669
879
594
626
519
591
635
579
865
694
600
601
310
467
722
719
396
697
556
875
692
665
491
346
946
265
841
596
488
616
821
424
555
700
331
419
743
730
1057
848
568
363
664
635
526
1071
602
515
715
674
720
586
327
676
505
654
720
736
647
651
897
715
540
640
709
756
697
692
867
719
548
585
431
843
710
624
517
314
993
702
481
462
464
1067
383
795
605
630
939
433
673
818
449
381
861
732
564
966
686
369
664
753
517
1189
566
633
602
792
838
704
445
794
488
772
838
746
661
769
1015
833
658
647
577
773
669
810
985
629
666
584
549
828
492
742
429
1111
817
599
577
432
1065
910
720
745
941
548
788
933
435
496
829
847
679
958
487
484
779
689
632
1304
681
619
717
807
953
654
454
909
603
742
953
861
776
739
767
948
558
762
692
888
784
925
877
744
673
699
521
824
607
1223
780
532
523
544
1177
718
723
752
1053
900
1042
547
608
941
1064
562
545
599
784
891
632
801
1056
1416
557
731
598
919
1056
766
628
1021
870
854
661
973
666
851
779
756
923
758
643
768
638
989
927
785
633
1326
635
889
823
632
852
1286
827
1142
1162
708
875
1043
889
645
668
884
893
732
690
1156
1519
695
834
1153
906
725
750
802
807
758
727
763
872
876
954
1020
859
740
861
735
871
887
982
1106
771
917
859
762
1265
1236
749
1134
1259
972
972
986
1241
987
1235
784
881
1393
772
824
1000
987
844
813
901
957
821
966
1176
1048
827
793
832
790
1179
1073
862
1204
1042
950
1311
1356
840
1131
1350
951
947
894
1057
1075
883
1478
857
1136
1085
894
920
1124
1243
869
897
866
1106
1149
1375
900
1195
1000
1015
1420
1118
1017
944
1002
1197
1548
1196
984
1188
955
1164
1101
1433
958
1104
1058
1173
1341
999
1075
1024
1060
1492
1251
1243
1216
1156
1485
1156
1390
1225
1124
1073
1538
1141
1141
1265
1534
1205
1323
1167
1274
1581
1184
1187
1311
1580
1366
1251
1320
1441
1129
1623
1294
1475
1363
1172
1256
1666
1337
1406
1290
1706
1377
1262
1746
1417
1302
1786
1457
1342
1826
1497
1763
1534
1800
1571
1531
1608
1568
1645
4
4
8
8
12
12
16
16
20
20
24
24
28
28
32
32
36
36
40
40
44
44
48
48
52
52
56
56
60
60
64
64
68
68
72
72
76
76
80
80
84
84
88
88
92
92
96
96
100
100
104
104
108
108
112
112
116
116
120
120
124
124
128
128
131
131
135
135
139
139
143
143
147
147
151
151
155
155
159
159
163
163
167
167
171
171
175
175
179
179
183
183
187
187
191
191
195
195
199
199
203
203
207
207
211
211
215
215
219
219
223
223
227
227
231
231
235
235
239
239
243
243
247
247
251
251
255
255
75
151
43
59
87
267
106
115
170
132
114
280
132
164
185
114
291
293
295
114
152
301
303
32
185
210
311
172
146
194
210
175
170
191
224
331
230
335
163
238
220
212
241
232
229
151
352
218
145
252
90
177
364
259
8
263
162
171
376
196
231
164
66
208
230
116
247
230
395
294
279
238
229
256
244
309
229
415
416
202
112
276
150
317
328
309
290
435
312
270
293
334
309
294
348
348
167
331
356
87
330
290
350
347
269
368
336
356
370
324
295
272
377
217
156
491
135
346
289
181
334
24
323
209
14
333
190
75
243
50
357
121
146
362
225
78
274
424
335
230
542
155
329
446
403
258
444
274
436
272
562
427
287
118
67
320
15
288
475
179
458
275
214
232
471
359
388
102
345
492
448
271
396
240
185
389
136
144
321
259
445
458
187
309
162
138
233
314
371
168
190
294
536
270
215
349
267
398
386
459
370
666
386
334
384
399
227
30
429
442
116
265
288
411
104
191
387
139
344
599
471
185
214
230
500
48
242
598
82
515
94
472
15
299
306
523
35
367
153
516
411
271
200
386
135
359
354
436
492
70
205
323
459
295
336
421
233
268
507
476
378
261
316
484
396
793
73
461
304
526
237
157
306
569
225
392
97
412
511
212
101
166
428
726
216
312
624
357
366
175
206
725
218
485
139
402
186
426
159
525
277
380
535
458
324
268
259
483
241
452
458
194
329
447
583
419
460
545
357
392
528
600
502
385
440
608
520
917
197
294
428
650
259
173
430
590
194
266
221
536
635
336
225
290
552
737
340
264
580
375
354
846
71
606
342
523
158
547
310
646
45
501
401
579
320
389
448
604
216
573
365
325
582
537
291
520
565
342
301
718
327
397
652
726
626
1035
435
412
644
768
216
291
380
708
363
384
315
654
192
339
756
288
242
855
517
382
306
493
701
964
475
518
192
641
463
519
279
764
431
509
166
697
324
400
441
572
429
511
337
340
443
574
655
412
638
686
460
422
836
448
515
579
738
638
1153
556
243
498
886
337
702
360
372
769
484
454
247
403
313
869
877
363
425
638
1076
427
630
652
651
488
631
313
876
584
621
243
809
552
512
184
684
445
623
459
455
550
657
320
750
461
417
695
948
428
627
664
850
425
1265
569
355
700
845
759
564
814
619
472
881
490
448
500
373
365
981
992
537
478
1081
539
641
764
763
600
743
425
805
564
631
355
921
664
520
296
568
456
585
571
567
538
769
432
862
573
529
807
849
540
629
776
826
537
1377
681
702
954
741
923
676
465
603
990
557
421
482
612
959
366
538
1104
1190
470
750
873
872
709
852
670
914
461
740
770
1030
402
629
562
677
551
694
644
541
538
736
539
836
808
955
508
735
574
932
501
1483
667
808
948
847
1029
613
571
709
1096
538
527
1062
469
472
641
1210
1176
576
680
597
714
800
815
912
564
670
873
1133
505
620
559
635
654
797
638
644
639
839
908
939
608
947
674
730
601
899
767
1586
742
1051
947
713
1132
567
674
1079
627
641
569
1065
1307
744
673
1279
811
783
710
700
903
661
1015
859
773
653
1236
629
723
732
738
617
745
1002
747
702
836
633
935
712
1050
833
833
823
1002
655
1689
1154
715
1235
1392
675
1182
789
1165
740
938
1137
732
690
708
997
811
1220
1078
698
778
830
709
717
788
921
736
1020
899
1023
928
1655
1462
1132
859
1317
757
810
1264
892
802
1124
778
1219
1145
772
845
867
852
1302
800
963
909
796
1000
1526
976
1102
1007
950
1734
860
1211
1396
1200
1340
904
1200
1295
1422
848
943
1213
1098
1070
1046
944
984
1685
1169
1462
1291
1407
987
1138
1262
984
915
1277
1382
1134
990
1048
1749
1178
1233
1024
1355
1369
1051
1422
1326
979
1206
1064
1064
1018
1054
1012
1278
1710
1180
1238
1433
1104
1104
1387
1264
1318
1076
1067
1765
1144
1235
1144
1293
1488
1256
1442
1203
1119
1181
1677
1159
1293
1189
1420
1393
1218
1255
1330
1726
1208
1238
1469
1255
1442
1367
1772
1371
1292
1482
1280
1812
1329
1411
1392
1317
1852
1366
1320
1432
1400
1770
1360
1365
1434
1810
1402
1468
1700
1502
1734
1619
1653
4
4
8
8
12
12
16
16
20
20
24
24
28
28
32
32
36
36
40
40
44
44
48
48
52
52
56
56
60
60
64
64
68
68
72
72
76
76
80
80
84
84
88
88
92
92
96
96
100
100
104
104
108
108
112
112
116
116
120
120
124
124
128
128
131
131
135
135
139
139
143
143
147
147
151
151
155
155
159
159
163
163
167
167
171
171
175
175
179
179
183
183
187
187
191
191
195
195
199
199
203
203
207
207
211
211
215
215
219
219
223
223
227
227
231
231
235
235
239
239
243
243
247
247
251
251
255
255
133
145
162
139
266
167
119
135
80
50
155
138
283
55
182
145
291
292
295
189
174
191
194
30
307
308
190
90
203
316
174
126
213
148
144
190
331
332
191
337
233
96
345
53
185
209
184
353
357
357
256
59
365
365
253
165
373
216
251
263
280
257
233
285
237
253
198
168
273
256
237
173
300
263
112
410
413
307
292
309
312
148
323
232
308
208
321
202
292
244
331
266
262
308
449
450
309
29
351
458
217
171
466
327
306
471
305
475
355
177
377
483
486
283
374
334
494
160
272
375
301
120
354
406
249
245
18
171
198
255
274
192
361
384
323
233
117
534
537
302
182
324
436
444
275
315
359
250
186
413
329
330
271
160
285
418
423
324
153
115
373
122
115
61
590
194
200
343
328
455
479
602
348
304
610
429
337
233
433
461
396
287
425
502
251
247
373
369
142
295
322
379
398
316
287
508
447
222
241
658
510
426
306
448
560
436
135
371
277
400
310
451
173
281
395
539
409
445
547
236
494
243
236
182
582
315
321
464
449
576
497
723
469
303
618
550
458
354
554
469
397
408
433
623
372
368
494
46
38
170
308
207
415
110
408
629
367
343
362
779
631
437
427
467
681
299
256
492
398
521
284
468
294
206
400
553
371
436
556
357
615
364
65
303
703
691
321
838
570
418
618
351
386
360
739
584
579
375
513
738
518
382
554
161
389
285
508
322
159
225
429
744
536
458
423
894
488
552
318
582
752
548
414
802
504
86
532
390
583
405
321
668
518
551
78
472
492
677
656
736
947
186
413
824
460
442
469
691
576
579
484
507
706
729
491
700
168
634
217
639
431
675
188
510
675
629
369
169
1003
550
541
657
691
544
83
503
355
439
616
712
644
562
571
923
433
207
675
511
550
526
584
639
22
199
613
771
691
1062
756
528
307
474
749
584
358
691
812
435
700
821
628
307
850
283
696
332
631
343
760
303
423
790
528
484
750
1118
290
656
671
687
661
198
547
470
624
539
560
617
833
686
683
298
1044
790
529
665
130
699
137
460
206
755
317
1177
809
379
874
589
264
699
867
806
476
550
930
782
818
422
746
398
968
302
814
458
749
313
765
725
541
1230
646
650
868
799
408
310
789
465
779
651
665
729
742
586
678
410
832
799
801
777
1162
811
647
248
864
578
1055
324
488
435
581
927
808
795
915
382
509
985
891
531
1045
933
394
861
411
1083
567
824
422
864
834
880
1339
484
759
847
799
361
419
574
767
523
576
655
705
695
787
412
941
908
910
770
1073
920
756
579
828
1164
339
1030
687
801
898
1021
969
615
1145
887
1033
637
796
500
1035
517
924
560
964
388
877
940
584
1445
947
902
461
572
867
623
676
755
805
631
717
512
939
1008
1010
870
1173
1020
754
679
928
1149
439
1029
787
901
825
1015
1069
984
1245
1133
648
896
476
1135
1028
787
1533
796
977
657
485
600
939
840
561
716
822
1090
602
952
560
951
817
1039
834
1007
1231
1167
869
854
862
1097
779
931
539
1129
730
925
1107
1169
1612
1345
1233
676
882
916
985
684
887
1050
896
859
582
1027
1036
910
916
1192
696
654
945
713
938
1032
1042
1101
1007
1261
848
626
1183
664
1688
966
863
989
1260
757
1285
1123
1324
932
973
710
1076
754
983
1265
947
1018
895
836
680
1115
739
951
798
1117
699
1186
1256
1221
1761
933
749
1062
1051
1193
948
1002
780
964
1370
914
1273
960
1058
1088
1025
906
839
1013
1032
1021
980
1152
821
1828
1196
1080
1300
1129
1012
1070
940
1127
866
978
1024
1040
1152
1318
1349
1074
995
1082
1101
915
1213
1108
1773
894
1190
1269
1131
1153
1001
1172
1085
922
960
1053
1213
939
1026
1113
894
1391
1317
1052
1068
1174
1834
1178
1251
1192
942
949
1236
983
1149
1021
1274
1117
1087
1174
955
1323
1378
1113
988
1027
1494
1133
1312
1118
1003
1010
1192
1210
1329
1043
1178
1381
1057
1237
1546
1046
1085
1364
1191
1170
1068
1276
1250
1092
1268
1236
1106
1473
1200
1295
1413
1126
1322
1169
1210
1149
1285
1516
1249
1456
1210
1175
1365
1218
1192
1259
1414
1334
1499
1298
1259
1290
1235
1457
1374
1219
1330
1377
1411
1256
1367
1414
1320
1321
1354
1355
4
4
8
8
12
12
16
16
20
20
24
24
28
28
32
32
36
36
40
40
44
44
48
48
52
52
56
56
60
60
64
64
68
68
72
72
76
76
80
80
84
84
88
88
92
92
96
96
100
100
104
104
108
108
112
112
116
116
120
120
124
124
128
128
131
131
135
135
139
139
143
143
147
147
151
151
155
155
159
159
163
163
167
167
171
171
175
175
179
179
183
183
187
187
191
191
195
195
199
199
203
203
207
207
211
211
215
215
219
219
223
223
227
227
231
231
235
235
239
239
243
243
247
247
251
251
255
255
152
131
262
262
266
119
159
271
127
156
278
52
282
283
138
17
290
176
160
156
157
138
87
145
306
198
311
311
141
315
215
319
216
130
221
327
192
173
335
191
231
145
343
200
230
347
224
351
200
235
359
253
183
258
261
367
371
255
263
376
379
252
276
383
241
240
390
392
283
277
251
173
402
135
254
294
262
274
414
256
284
263
281
316
211
308
430
433
435
437
265
248
339
325
340
291
345
309
316
263
459
318
355
348
281
469
354
353
348
371
324
376
382
381
307
373
385
494
495
239
387
501
503
162
244
365
510
514
395
246
7
203
47
399
171
378
281
285
253
355
176
226
316
294
426
29
428
554
555
101
232
562
443
392
409
366
427
351
277
290
310
334
466
586
486
379
471
408
384
481
239
261
499
506
148
281
612
289
357
464
619
400
280
627
107
368
631
489
516
638
128
370
168
327
292
523
402
393
374
409
297
479
437
350
547
418
549
153
676
678
353
225
389
539
388
413
428
490
398
475
431
414
477
458
607
512
592
503
505
375
360
605
620
385
269
630
513
405
371
413
740
588
401
524
228
751
293
492
637
379
123
762
252
342
292
342
416
647
332
517
254
376
434
482
478
285
548
542
797
277
373
802
510
218
509
663
549
537
373
469
434
292
598
392
387
710
636
623
486
352
499
620
495
265
329
631
52
489
652
858
429
519
407
346
496
411
386
755
778
241
505
370
506
232
889
534
469
450
469
372
657
552
347
596
503
666
609
915
412
491
568
513
109
345
492
248
345
491
676
552
664
401
596
828
419
637
519
470
514
738
633
45
613
386
369
596
622
380
456
979
179
537
779
314
556
241
534
876
623
253
513
320
905
353
632
543
523
300
1016
140
351
430
515
784
581
474
787
512
1036
550
612
420
634
695
466
236
369
619
420
472
450
803
522
631
949
619
758
546
591
480
758
172
166
760
507
619
717
496
501
630
1100
179
658
903
435
680
362
429
789
620
374
365
441
860
354
649
664
647
421
1140
472
264
636
554
702
804
908
633
1157
671
733
541
384
816
587
240
490
409
541
593
571
790
643
752
1070
740
713
667
876
601
622
293
832
709
514
740
1074
508
661
751
439
300
477
903
904
801
489
550
365
741
469
486
779
981
396
770
464
768
751
1261
817
421
1023
922
1272
566
681
789
499
557
702
934
445
358
528
527
755
536
1182
908
825
445
736
809
785
629
719
627
824
626
855
1186
623
773
866
551
589
1015
892
427
447
557
477
717
389
483
771
1093
508
725
576
746
863
1170
929
533
1135
918
1384
678
793
799
611
669
814
928
557
636
640
645
691
879
1294
554
820
845
921
894
520
741
739
933
803
1148
614
777
975
660
594
973
1001
536
556
666
476
826
498
592
880
1202
834
582
855
777
1279
894
1241
642
1376
1027
899
674
717
908
770
629
663
1037
616
650
797
985
1400
534
926
844
894
1000
626
676
845
1039
909
1254
720
883
1081
660
700
1079
1003
595
579
743
697
695
1305
682
807
877
855
994
1280
1341
622
1476
1030
833
715
777
870
729
713
1036
712
750
1497
952
725
941
991
755
773
1133
840
898
1351
814
1175
754
684
965
1097
689
837
788
683
773
1295
968
901
794
949
1237
1374
1419
716
924
1124
806
961
820
804
1127
803
1040
1588
878
816
843
981
1056
748
986
931
788
1328
897
845
1053
775
1061
765
1377
879
857
1031
872
1305
882
1325
1203
1507
1012
899
1105
1046
889
945
957
1564
922
898
1063
1135
959
830
867
907
976
1410
1029
1137
844
1312
945
936
1238
1110
1438
1384
862
1282
1010
978
959
1184
1634
1024
968
1036
1010
1001
900
977
1214
1038
1480
946
1100
939
1108
1015
923
1308
1391
1508
1015
932
1189
1080
1359
1361
1589
1035
1099
1077
982
967
1003
1044
1077
1547
1290
1167
1009
1174
990
1071
1315
1082
1038
1256
1426
1650
1428
1135
1025
1166
1182
1049
1070
1222
1144
1209
1229
1126
1054
1093
1379
1317
1538
1487
1089
1341
1234
1227
1199
1160
1264
1175
1584
1262
1369
1135
1539
1393
1163
1203
1251
1201
1495
1175
1314
1421
1425
1287
1215
1532
1303
1253
1355
1474
1566
1336
1296
1600
1398
1298
1323
1332
1357
4
4
8
8
12
12
16
16
20
20
24
24
28
28
32
32
36
36
40
40
44
44
48
48
52
52
56
56
60
60
64
64
68
68
72
72
76
76
80
80
84
84
88
88
92
92
96
96
100
100
104
104
108
108
112
112
116
116
120
120
124
124
128
128
131
131
135
135
139
139
143
143
147
147
151
151
155
155
159
159
163
163
167
167
171
171
175
175
179
179
183
183
187
187
191
191
195
195
199
199
203
203
207
207
211
211
215
215
219
219
223
223
227
227
231
231
235
235
239
239
243
243
247
247
251
251
255
255
158
259
136
112
105
120
168
122
174
146
279
279
283
140
182
187
291
40
145
295
156
187
303
191
111
308
94
312
157
142
319
16
323
325
129
211
178
127
157
151
148
341
343
214
201
216
351
231
228
216
359
127
363
365
367
269
269
373
265
272
279
230
257
238
226
240
289
264
295
286
400
258
404
305
303
158
412
302
266
305
277
309
309
264
232
430
215
260
278
18
216
137
444
446
250
332
299
248
278
272
269
329
319
335
469
337
346
352
477
337
481
248
485
331
387
390
383
343
277
57
396
125
249
404
213
512
210
516
227
415
410
524
224
270
288
418
282
341
426
221
296
275
208
325
388
353
379
251
210
408
142
280
46
256
570
315
456
578
372
271
396
586
453
590
232
594
331
32
354
388
449
386
389
234
461
288
175
335
516
367
418
331
373
328
13
345
379
372
527
342
450
406
330
286
384
437
256
414
462
65
360
329
362
374
389
500
365
331
106
33
427
167
587
691
383
458
698
493
598
324
706
574
144
353
500
452
498
475
119
239
400
470
513
628
477
530
194
485
459
125
361
357
455
498
212
562
347
336
496
361
466
368
530
574
410
95
561
474
428
399
189
192
327
218
498
396
624
699
455
393
157
810
115
710
815
818
582
609
483
448
454
698
348
477
509
576
108
599
615
243
537
118
423
597
237
290
469
604
610
321
522
586
448
488
473
307
248
339
556
474
207
623
480
417
511
545
304
398
175
688
508
555
681
316
505
454
922
491
697
751
930
582
105
159
619
242
942
569
549
109
610
333
310
518
825
226
489
733
500
655
624
541
370
233
245
587
616
522
417
640
625
588
294
363
499
671
226
157
434
595
466
495
179
241
523
290
544
623
672
796
525
378
815
913
682
812
296
1045
463
220
618
734
764
709
544
286
224
171
448
1069
633
676
341
621
848
437
770
781
416
616
348
627
589
751
637
385
755
193
552
743
344
426
552
752
272
421
710
626
610
353
356
443
291
412
738
306
806
650
493
671
1028
694
826
546
1052
739
181
702
708
423
590
659
609
228
891
393
723
629
258
333
298
736
996
723
703
531
748
360
451
704
908
586
751
870
764
667
509
459
317
667
867
271
550
825
876
622
348
340
750
406
338
853
567
921
536
427
327
1009
600
941
664
1167
818
296
670
823
863
585
826
343
431
508
614
744
733
448
904
847
851
382
838
466
1117
475
824
819
681
572
701
1029
985
872
782
885
361
630
671
386
985
829
668
737
834
455
466
965
453
869
562
539
536
1121
442
1053
715
1083
779
807
822
677
694
878
614
753
850
546
729
818
678
822
1019
569
855
476
497
922
1232
804
780
1088
796
756
687
464
966
774
839
489
1000
932
504
840
1100
1065
946
969
639
562
1066
671
899
645
1183
551
922
710
756
652
916
714
786
849
987
918
862
922
781
564
1014
576
958
1022
1095
652
880
1188
896
856
1063
871
936
918
1097
934
601
1159
1197
1063
929
733
1160
659
993
659
1277
801
732
847
746
831
775
657
1078
943
953
852
872
655
1105
667
1113
1183
743
981
1279
966
647
844
796
1081
1009
1279
1025
1011
1093
741
995
741
717
1251
883
750
929
1368
913
823
857
1160
745
895
951
1071
940
1111
996
1060
1358
1045
872
923
1160
964
922
1249
1169
1090
1071
820
793
1327
959
826
1005
1339
989
899
933
1236
821
971
861
1147
877
1187
1072
1136
1196
1015
948
893
1085
1040
998
1325
1137
1166
972
896
1400
921
1409
1081
859
1006
1309
932
934
944
1087
1039
1145
1263
1069
1015
1088
1003
966
894
1158
1204
1228
1039
1239
1467
969
1363
926
994
1154
999
925
1382
1103
1157
1327
1215
1079
1139
1067
1158
958
1004
1163
1295
1528
1172
1424
1036
1057
1061
989
1446
1282
1037
1003
1133
1212
1051
1413
1094
1344
1068
1249
1236
1100
1328
1125
1049
1397
1125
1098
1459
1390
1194
1112
1155
1129
1374
1310
1160
1095
1161
1171
1376
1455
1297
1148
1207
1420
1181
1141
1257
1212
1217
1213
1422
1343
1507
1200
1196
1259
1187
1233
1309
1465
1264
1277
1352
1239
1249
1230
1308
1363
1307
1320
1395
1348
1400
1382
1327
1416
1361
1450
1484
1518
1552
1586
1620
1654
1688
1722
1756
4
4
8
8
12
12
16
16
20
20
24
24
28
28
32
32
36
36
40
40
44
44
48
48
52
52
56
56
60
60
64
64
68
68
72
72
76
76
80
80
84
84
88
88
92
92
96
96
100
100
104
104
108
108
112
112
116
116
120
120
124
124
128
128
131
131
135
135
139
139
143
143
147
147
151
151
155
155
159
159
163
163
167
167
171
171
175
175
179
179
183
183
187
187
191
191
195
195
199
199
203
203
207
207
211
211
215
215
219
219
223
223
227
227
231
231
235
235
239
239
243
243
247
247
251
251
255
255
133
122
262
76
97
13
107
103
32
158
279
87
182
284
287
109
291
173
166
111
192
169
303
137
204
308
183
313
316
147
320
210
210
80
142
329
172
181
336
337
240
224
73
237
225
198
189
211
255
232
360
141
364
183
6
108
266
244
376
251
243
194
187
131
218
221
228
276
153
397
121
402
211
227
306
291
83
229
280
287
290
255
316
322
427
431
65
265
435
328
310
198
443
330
284
299
337
347
269
342
299
355
235
316
367
329
200
350
352
259
316
301
382
226
487
362
319
210
133
41
393
79
503
121
262
225
314
397
352
416
7
44
245
195
230
295
286
238
207
160
404
248
205
330
440
551
429
189
386
453
264
237
319
567
451
408
306
285
468
218
136
119
476
359
300
337
450
163
471
476
380
306
242
363
217
611
314
443
331
153
162
337
200
627
242
386
346
186
518
87
537
479
165
134
316
269
416
357
359
413
281
138
369
531
451
332
121
567
553
678
510
316
388
580
467
364
427
594
379
383
257
412
483
345
421
246
409
268
422
464
501
290
363
603
338
433
435
490
452
738
283
463
192
280
363
464
268
608
639
108
433
313
147
214
258
479
537
161
270
396
402
484
490
540
452
265
242
554
536
261
184
694
509
805
343
588
546
339
491
500
721
234
510
604
401
426
472
530
222
543
395
512
379
352
299
359
730
440
560
573
491
253
865
313
590
368
286
389
489
760
735
554
235
119
338
271
230
382
606
661
288
394
278
325
422
454
550
576
392
235
681
660
388
308
639
532
932
712
470
463
673
507
513
358
698
443
637
550
528
549
468
510
349
636
522
476
506
483
426
564
857
697
425
377
618
321
992
492
579
150
413
777
616
562
762
243
182
287
465
375
357
520
733
410
415
449
405
578
549
598
677
359
519
784
496
288
304
656
766
836
359
432
424
631
699
375
640
567
825
674
764
673
544
634
595
517
337
600
447
504
633
553
442
631
823
442
552
613
745
271
1119
898
706
683
440
261
626
408
889
496
309
641
592
531
315
402
744
699
244
719
424
480
505
905
804
409
646
592
623
431
957
393
553
486
640
551
496
826
564
643
795
836
692
891
636
671
638
457
721
464
625
574
674
319
752
569
407
950
613
540
392
872
918
1246
804
622
382
567
421
753
659
892
520
436
520
611
675
442
719
871
598
371
1023
551
412
632
710
742
899
773
473
629
758
453
487
520
682
613
913
579
810
853
754
770
756
963
839
880
743
646
622
584
740
562
525
443
731
693
510
1074
1036
664
922
996
1370
536
746
774
691
635
636
516
1016
790
438
834
735
713
437
907
799
527
825
750
860
1014
891
588
747
723
571
602
495
652
598
1028
697
816
971
869
888
871
978
954
998
571
764
737
702
855
680
715
603
898
1029
1031
645
645
972
749
1485
743
622
561
675
751
819
1131
643
553
1013
682
633
552
807
914
1120
587
724
829
763
708
1006
758
683
1134
607
922
710
975
665
977
1083
1060
1000
677
1090
699
967
961
876
704
821
658
1004
1015
715
1141
852
757
1084
775
1597
919
855
743
673
816
1240
904
788
1103
684
874
826
827
724
866
1228
1109
704
786
1068
762
1151
953
787
1097
1049
1083
705
1064
871
968
801
1103
755
824
1129
755
1019
873
1688
901
946
989
1328
1188
959
908
806
792
1198
1191
786
1150
1029
1233
1173
1159
1128
974
784
947
1047
1044
1199
1089
903
1606
834
859
952
1398
878
910
1264
862
879
1261
1271
859
931
1223
1243
1306
891
1201
1044
908
1002
1114
1165
1159
901
1676
904
929
1331
945
1331
980
946
1328
1234
1287
998
1370
1172
958
1265
1111
975
1066
1070
1232
1125
965
1743
968
1395
1009
1292
1389
1295
1348
1230
1431
1066
1326
1174
1128
1177
1795
1023
1290
1064
1347
1441
1229
1282
1403
1350
1118
1381
1226
1183
1098
1711
1078
1342
1493
1278
1452
1334
1399
1430
1160
1232
1147
1760
1127
1284
1542
1209
1501
1166
1342
1479
1209
1178
1657
1330
1176
1453
1258
1212
1550
1391
1528
1700
1227
1225
1493
1489
1318
1606
1574
1397
1268
1643
1532
1361
1617
1434
1542
1306
1654
1576
1343
1691
1444
1725
1478
1759
1793
1827
1861
1793
1827
1721
1755
4
4
8
8
12
12
16
16
20
20
24
24
28
28
32
32
36
36
40
40
44
44
48
48
52
52
56
56
60
60
64
64
68
68
72
72
76
76
80
80
84
84
88
88
92
92
96
96
100
100
104
104
108
108
112
112
116
116
120
120
124
124
128
128
131
131
135
135
139
139
143
143
147
147
151
151
155
155
159
159
163
163
167
167
171
171
175
175
179
179
183
183
187
187
191
191
195
195
199
199
203
203
207
207
211
211
215
215
219
219
223
223
227
227
231
231
235
235
239
239
243
243
247
247
251
251
255
255
132
159
51
99
158
267
160
54
274
275
179
85
14
283
176
154
158
170
53
295
146
57
99
53
162
192
210
311
147
315
219
94
203
157
130
210
139
231
335
228
186
107
343
343
347
229
141
208
101
221
230
260
256
256
234
368
221
372
264
51
261
253
283
172
223
279
249
281
178
216
399
206
303
283
138
275
300
291
282
314
177
178
270
174
223
313
286
306
334
319
271
215
343
278
327
331
254
352
263
349
348
228
310
339
168
350
471
329
265
342
225
381
354
377
380
320
358
374
345
172
388
196
385
270
109
399
290
334
350
62
376
227
176
404
526
270
430
257
117
435
241
188
295
182
148
434
220
427
350
440
296
336
353
297
398
330
360
357
238
242
387
199
472
460
254
471
292
44
460
219
389
229
495
329
438
401
492
275
163
469
314
213
70
315
391
233
361
414
352
474
183
500
348
300
381
650
391
451
378
241
183
365
309
419
303
272
555
344
447
356
323
420
457
477
418
336
451
484
478
69
363
365
320
138
477
599
480
381
581
232
510
171
515
346
222
356
474
456
284
528
134
402
191
596
408
340
482
442
473
159
203
339
348
601
502
510
354
774
375
575
304
18
430
348
316
346
538
273
568
468
444
480
578
544
377
331
433
460
417
336
383
193
283
489
598
262
601
723
532
382
372
356
636
295
343
328
595
363
297
434
255
533
171
377
529
561
413
225
494
397
324
283
469
463
523
725
475
634
496
14
310
901
440
541
437
145
659
475
689
473
459
400
699
426
498
607
554
349
538
458
504
485
404
463
268
61
616
589
198
10
850
656
509
496
316
760
318
467
455
615
490
421
561
379
660
295
504
549
688
537
352
618
524
194
280
485
590
647
852
494
761
431
141
561
1028
443
668
589
272
708
316
580
600
820
110
619
553
675
634
525
476
198
419
405
612
389
482
710
188
131
639
671
325
482
977
780
636
588
443
736
445
424
482
391
617
275
209
670
787
626
631
312
692
603
324
657
344
407
612
575
421
979
679
888
561
707
1152
826
672
698
396
938
440
627
724
793
234
643
577
316
758
523
600
400
543
736
708
606
786
760
597
317
895
934
505
757
737
564
539
380
506
603
390
586
647
330
741
908
296
647
769
813
445
530
465
788
528
494
696
793
1100
659
843
1044
1131
733
793
714
517
448
404
422
845
472
355
506
698
814
778
767
721
569
664
628
752
611
727
843
703
526
438
482
1055
750
774
844
573
399
501
600
707
885
591
761
765
890
811
756
417
1023
476
830
646
811
814
545
1218
519
961
569
487
1249
803
735
532
864
522
666
963
725
473
799
816
620
896
576
839
743
782
870
821
745
821
729
556
682
1061
854
892
732
691
1114
715
921
721
525
876
569
880
926
817
532
843
591
642
761
680
929
881
1333
1076
819
1364
897
918
647
805
1075
758
925
930
814
808
948
981
891
837
839
854
601
930
720
1167
916
859
715
797
753
712
833
827
869
750
811
970
1032
861
878
1029
866
1433
742
1049
1051
1326
907
866
671
1172
1022
790
911
855
1045
988
897
936
814
756
1027
1140
746
956
927
806
803
795
1012
963
968
905
732
802
955
913
1123
1527
1143
763
1420
960
801
1266
826
982
1064
1005
892
1139
904
784
1030
850
840
1121
1234
815
1050
900
889
875
849
956
893
941
1046
1110
1618
886
1134
1315
944
1357
1073
996
929
1230
995
923
1121
941
1212
1222
1024
934
957
1128
1192
1700
1216
1397
1026
1439
1042
991
1011
1312
1077
1203
1291
1301
1103
1204
1163
1776
1357
1099
1512
1115
1382
1147
1257
1253
1268
1227
1840
1421
1163
1576
1179
1446
1211
1321
1317
1332
1160
1904
1364
1637
1504
1169
1185
1387
1215
1959
1419
1692
1559
1224
1240
1442
1270
2014
1744
1611
1289
1491
2060
1790
1657
1335
1537
2106
1836
1703
1381
1583
2152
1882
1643
1626
2195
1925
1686
1669
2238
1968
1709
2278
1869
1749
2318
1909
1789
2358
1809
1829
2398
1849
1869
2438
1727
1909
2478
1767
1949
2518
1807
1989
2558
1847
2029
2598
2066
2635
2103
2672
2036
2709
2073
2746
2780
2814
2848
2882
2916
2950
2984
3018
3052
3086
3120
3154
3188
3087
3121
3155
3189
3035
3069
2943
2977
4
4
8
8
12
12
16
16
20
20
24
24
28
28
32
32
36
36
40
40
44
44
48
48
52
52
56
56
60
60
64
64
68
68
72
72
76
76
80
80
84
84
88
88
92
92
96
96
100
100
104
104
108
108
112
112
116
116
120
120
124
124
128
128
131
131
135
135
139
139
143
143
147
147
151
151
155
155
159
159
163
163
167
167
171
171
175
175
179
179
183
183
187
187
191
191
195
195
199
199
203
203
207
207
211
211
215
215
219
219
223
223
227
227
231
231
235
235
239
239
243
243
247
247
251
251
255
255
258
126
161
161
266
142
270
166
118
151
148
141
91
157
100
146
169
291
295
190
4
192
303
304
115
131
311
159
193
202
174
202
212
324
223
156
170
332
201
336
187
340
128
145
167
349
247
174
122
220
359
14
363
187
367
226
65
194
254
244
210
279
253
260
285
388
390
236
290
266
275
209
265
218
281
22
270
238
293
311
211
7
128
316
312
248
239
255
314
283
295
326
333
326
344
339
291
280
322
456
308
299
249
347
288
269
368
24
243
298
480
344
359
138
488
311
186
350
375
318
331
27
374
108
173
75
406
512
65
204
284
193
293
333
301
232
258
146
213
362
332
301
131
430
440
233
372
222
242
413
407
340
195
313
326
252
463
338
296
129
448
367
423
406
471
356
291
11
148
496
312
477
358
606
262
200
307
332
474
306
442
351
151
291
232
524
199
183
636
402
328
411
317
85
259
422
356
379
334
483
453
422
142
414
387
354
372
343
363
20
528
461
316
434
447
373
434
459
417
250
569
488
412
527
471
477
412
132
617
430
598
476
727
380
321
425
453
592
427
560
472
269
222
350
645
317
754
520
344
267
227
203
377
540
330
497
351
601
437
540
260
532
505
356
490
25
246
317
646
141
321
582
444
448
552
372
90
436
687
371
530
12
589
546
66
449
409
253
629
437
423
280
848
401
442
402
396
713
421
681
246
390
343
251
766
265
875
534
465
388
348
208
498
661
451
618
472
722
558
459
381
653
262
477
496
146
367
438
767
130
442
601
565
569
570
493
211
557
661
372
291
133
366
667
187
570
530
747
44
541
561
842
404
560
525
514
526
539
589
364
635
461
514
884
375
652
389
506
999
326
589
779
306
121
622
438
420
91
734
631
583
463
505
144
386
422
620
248
491
719
714
687
400
611
689
419
694
490
335
251
785
336
415
576
490
119
311
751
484
543
168
963
685
681
343
635
412
282
710
350
756
468
635
1005
396
773
510
460
1120
292
490
900
427
242
743
559
541
212
855
752
704
584
407
265
401
543
741
208
612
701
835
641
521
732
810
540
815
509
279
372
800
457
402
697
611
240
261
872
605
664
289
963
806
802
464
756
533
403
645
471
288
589
636
1003
517
760
429
581
1241
413
611
855
548
535
864
330
437
753
976
601
716
528
534
522
323
862
816
610
756
486
729
642
512
931
624
936
371
400
642
921
679
523
773
613
1072
382
776
726
865
924
512
429
437
461
472
763
1112
406
869
754
585
519
363
547
964
1256
644
729
439
566
862
982
710
555
643
1094
432
834
808
464
865
490
838
980
621
728
537
604
656
480
1049
751
896
788
845
710
442
739
728
885
497
974
634
621
546
1039
581
544
1024
576
978
878
694
726
472
631
923
523
632
1368
841
826
678
655
1094
749
551
538
796
914
573
760
599
782
1089
490
721
643
762
586
1155
730
1002
616
951
816
548
845
603
734
1080
737
596
1142
684
541
1127
978
1081
826
671
731
1023
623
732
1221
941
926
670
755
1194
849
651
638
896
913
673
860
882
1186
590
818
638
859
686
1252
830
878
716
784
715
697
818
722
834
1131
1180
696
635
784
1072
1119
816
1181
825
771
717
1315
728
1035
764
920
1288
718
844
877
1007
764
729
1174
865
793
729
950
777
1343
811
969
875
803
906
810
788
1219
1268
784
723
872
1034
1207
904
1269
772
753
805
1403
816
935
852
1008
1376
806
932
965
981
852
817
1262
953
881
817
1428
865
1054
899
850
891
873
980
1353
1113
801
856
1182
851
1351
884
835
1482
1014
931
882
1170
1054
938
913
931
887
1234
935
1504
958
1013
926
1417
865
1056
1246
1415
1189
932
957
943
1435
1006
1237
974
1005
948
998
996
1301
1019
1571
1478
1080
1203
1473
1089
1490
1061
1021
1029
1050
1003
1221
1051
1623
1530
1009
1255
1525
1141
1273
1073
1049
1102
1273
1573
1675
1172
1061
1568
1089
1325
1613
1151
1212
1067
1608
1724
1135
1233
1653
1252
1508
1764
1175
1273
1693
1171
1548
1689
1733
1211
1723
1485
1773
1757
1251
1525
1791
1813
1291
1566
1850
1328
1600
1887
1634
1921
1668
1780
1702
1814
1594
1848
1628
1761
1561
1795
1595
4
4
8
8
12
12
16
16
20
20
24
24
28
28
32
32
36
36
40
40
44
44
48
48
52
52
56
56
60
60
64
64
68
68
72
72
76
76
80
80
84
84
88
88
92
92
96
96
100
100
104
104
108
108
112
112
116
116
120
120
124
124
128
128
131
131
135
135
139
139
143
143
147
147
151
151
155
155
159
159
163
163
167
167
171
171
175
175
179
179
183
183
187
187
191
191
195
195
199
199
203
203
207
207
211
211
215
215
219
219
223
223
227
227
231
231
235
235
239
239
243
243
247
247
251
251
255
255
138
258
150
262
266
7
84
43
163
276
143
64
155
284
71
148
292
146
296
139
300
189
138
304
188
207
91
28
179
200
213
220
157
221
219
330
227
334
225
237
130
227
238
346
157
350
247
247
194
229
115
257
163
247
216
370
373
236
256
80
268
122
384
158
202
106
281
114
261
397
69
185
276
405
192
269
267
48
260
418
310
256
218
110
309
328
212
149
300
321
334
341
42
278
345
340
76
348
457
346
357
251
364
359
354
278
78
368
477
315
374
236
356
284
384
337
374
174
186
226
363
166
207
505
249
15
264
230
228
238
418
190
189
288
355
208
230
169
381
397
319
152
339
231
430
242
109
158
305
319
323
462
163
399
325
194
469
575
360
475
269
370
480
193
296
19
489
489
436
358
357
383
70
291
248
301
295
357
347
73
287
364
516
345
136
213
385
533
349
304
15
470
195
345
412
496
332
434
110
319
47
545
524
224
279
420
156
438
369
12
285
446
208
398
690
395
445
452
485
596
113
487
134
396
604
607
473
423
498
616
406
427
416
484
472
197
188
375
351
296
255
354
328
640
520
102
271
404
340
176
307
139
611
319
434
429
434
138
517
234
165
171
535
648
553
297
127
280
323
493
805
280
560
400
357
522
519
228
576
125
720
719
350
388
361
483
731
373
406
145
740
587
551
303
608
466
205
370
499
443
420
635
478
386
541
455
226
422
528
726
300
549
141
431
443
632
553
280
262
650
174
543
665
242
418
330
611
920
398
675
518
472
508
243
581
240
702
834
465
503
476
598
846
488
521
260
855
403
473
418
723
581
320
118
295
267
428
233
460
564
97
315
659
420
209
415
646
716
315
549
259
549
451
634
563
202
238
768
292
661
107
260
786
448
347
1038
57
793
735
590
402
361
434
358
632
775
705
404
826
558
226
506
460
518
519
418
693
979
230
597
379
847
345
444
676
419
427
552
532
584
527
221
828
669
661
333
550
770
746
439
314
383
664
575
466
687
372
362
321
142
1150
231
905
910
540
471
473
181
470
859
887
526
516
558
670
608
618
727
630
950
350
805
584
342
643
387
542
313
1103
673
721
425
971
513
424
437
543
835
541
773
606
662
345
732
793
323
227
776
777
578
443
484
343
433
537
1158
563
1017
317
652
266
585
217
582
1034
322
595
628
980
668
647
628
679
641
729
917
848
454
1071
499
306
425
573
785
764
537
491
625
1224
726
549
631
947
545
760
664
622
662
844
727
435
466
760
772
588
348
596
898
412
564
1270
464
1004
658
590
684
592
438
694
335
434
1046
624
713
780
940
740
765
753
374
917
711
566
966
467
1083
429
424
897
691
443
882
737
609
542
1342
905
844
872
749
734
779
956
572
547
642
872
581
700
887
708
649
524
560
1182
660
1116
643
702
704
1149
806
816
439
1043
736
763
740
477
700
814
714
876
1029
1186
678
668
579
982
541
709
1009
1442
555
780
849
711
654
526
1017
672
984
742
811
842
978
746
811
657
627
757
1285
740
1087
695
1042
913
698
791
1039
542
860
726
786
843
970
803
856
817
762
962
1076
664
662
1536
1106
874
786
805
748
620
911
766
950
933
905
678
925
643
777
744
1188
1178
1130
786
1001
789
1127
882
948
814
874
798
807
902
944
1047
850
749
1164
750
1191
1624
871
962
676
763
996
742
1035
864
851
763
1010
728
862
829
1273
711
899
1086
766
852
836
1033
796
880
778
892
865
929
987
813
831
1249
1273
1706
953
847
758
845
962
824
901
946
933
1092
841
972
1223
1159
793
909
972
848
934
851
878
814
804
1002
886
947
1033
1069
1779
1251
920
834
877
1038
977
1009
926
1060
1030
917
1036
1299
915
878
902
956
1011
1094
1840
1312
981
906
938
1064
1115
987
1240
1091
1097
954
976
1014
1361
1025
1898
955
1039
1042
1286
1143
1149
1028
1287
1066
1077
1082
1950
1214
1192
1327
1092
1120
1993
1251
1204
1235
1135
1121
1163
2036
1241
1278
1178
1158
1206
2079
1164
1321
1195
2116
1201
1207
2153
1235
1244
2190
2224
2071
2105
2139
2173
2081
2115
2149
2026
2060
2094
2128
2162
2091
2125
2043
2077
1959
1993
