4
5
9
10
12
5
21
15
19
12
29
18
34
27
24
25
18
29
43
47
41
49
44
37
45
60
57
25
54
39
37
29
75
64
63
73
80
82
70
75
29
87
36
88
84
95
30
63
100
97
108
97
90
111
99
112
92
110
111
102
73
115
125
118
127
109
98
108
126
135
130
140
120
152
127
131
139
145
95
142
151
130
121
157
158
168
158
162
147
177
189
172
152
146
149
191
157
173
155
179
203
193
170
151
199
155
216
187
198
150
224
219
182
225
226
207
223
217
227
197
242
129
167
185
169
245
230
245
240
219
235
186
169
233
263
239
262
243
254
244
259
216
266
260
260
244
235
249
271
271
272
261
292
302
298
268
249
260
271
270
316
274
303
317
283
260
323
316
281
339
275
315
301
270
258
303
337
350
353
332
314
342
331
291
326
288
257
289
308
350
359
363
352
357
309
288
316
366
346
369
369
345
333
372
324
388
346
384
372
358
345
388
365
379
398
412
391
412
424
381
388
436
390
357
391
369
358
438
444
381
382
418
396
358
462
445
442
443
399
403
418
440
466
398
448
404
450
452
406
466
396
418
408
422
475
456
460
479
465
447
409
437
450
460
497
479
461
438
501
477
515
503
467
505
475
517
493
500
490
493
530
499
465
465
503
529
560
492
486
499
551
577
487
531
541
511
513
568
577
534
561
558
552
508
517
517
502
572
507
568
589
536
566
532
577
572
559
600
601
550
561
551
607
594
625
568
553
618
569
618
595
621
600
614
591
587
576
592
609
639
670
599
586
655
653
632
587
620
651
605
637
660
643
661
657
620
618
677
614
647
667
671
661
653
647
685
642
635
648
695
696
677
643
653
646
653
706
667
680
668
724
721
698
733
751
716
724
695
716
747
699
704
714
758
733
735
705
718
701
737
745
739
743
725
778
725
743
765
780
752
781
735
759
775
801
769
780
745
793
763
788
786
820
815
817
816
795
771
791
808
789
809
802
796
843
815
821
828
800
811
846
804
822
849
824
838
883
825
846
839
869
869
869
859
865
852
893
855
862
858
916
882
871
891
908
909
885
885
889
938
921
899
924
913
923
909
943
911
937
926
945
952
940
983
971
947
973
975
988
969
981
984
1014
1001
1010
1007
1020
1032
1032
1041
10
7
4
5
7
5
22
4
8
26
10
11
11
29
34
35
13
42
37
48
47
39
48
46
18
58
59
53
64
41
57
67
48
48
70
47
80
64
87
44
64
49
96
69
97
98
99
102
100
100
109
96
89
107
103
88
106
100
111
102
102
130
124
97
122
102
117
73
128
126
122
147
108
95
140
119
89
158
161
136
166
110
166
160
156
161
126
140
174
101
180
162
159
187
186
181
164
155
143
189
190
202
169
189
172
178
190
220
222
217
154
214
164
210
218
220
226
209
173
214
226
225
229
236
235
226
224
249
176
231
175
193
246
230
262
232
216
224
230
265
245
190
257
272
210
290
287
292
281
256
266
251
225
301
273
282
251
276
308
224
270
291
316
231
303
307
239
256
287
292
312
312
340
345
337
280
335
248
344
330
257
341
329
294
351
309
334
297
352
297
372
346
358
297
305
260
336
328
319
387
348
326
381
351
299
311
385
374
413
311
413
376
371
402
374
377
413
345
385
376
382
373
316
431
363
395
356
433
407
429
383
361
405
396
422
432
464
440
349
435
449
427
385
438
373
408
453
426
443
382
457
383
478
453
474
420
468
437
390
489
453
425
441
459
467
415
449
491
417
427
508
480
521
459
539
498
494
437
486
483
539
491
489
545
501
502
441
536
468
548
470
465
482
515
479
547
512
546
546
523
584
564
498
520
484
560
542
519
543
490
577
504
586
566
595
521
573
555
554
603
535
534
585
575
547
535
607
587
623
546
654
596
609
541
565
617
634
552
599
602
558
603
643
567
590
563
649
585
666
572
583
616
634
658
659
687
622
630
622
637
664
627
604
607
649
674
641
620
701
648
710
697
670
630
653
663
632
642
672
651
678
647
730
699
690
720
702
695
670
677
680
743
711
684
668
736
731
691
676
712
735
735
730
776
708
729
719
739
763
730
702
720
766
743
719
781
747
806
782
762
754
756
741
753
746
774
801
816
773
772
760
774
821
770
806
777
804
808
807
771
803
792
795
807
852
799
812
800
841
823
851
831
833
818
863
823
824
888
825
830
862
863
887
849
845
847
916
855
857
865
898
890
890
918
876
928
897
891
907
923
901
901
968
947
917
937
932
936
949
1008
976
970
977
1021
1002
1042
1036
1069
1103
1132
4
7
9
10
6
14
10
12
22
12
28
23
23
28
25
38
28
35
18
39
46
36
49
25
58
57
47
53
60
39
69
34
47
67
77
47
75
81
74
80
89
76
74
74
93
81
101
101
104
105
93
72
111
78
94
93
97
109
110
118
117
105
105
113
122
122
126
93
132
130
106
138
127
136
131
143
126
96
163
114
110
123
165
138
154
138
137
164
178
177
180
167
96
174
123
186
186
109
155
177
145
197
181
188
186
212
197
195
189
209
216
188
215
227
187
215
205
222
213
208
165
207
238
224
230
211
240
222
248
235
218
247
241
233
263
223
216
250
268
208
184
244
241
290
245
229
176
261
246
219
279
239
299
296
279
306
285
221
301
250
234
298
293
279
318
261
292
294
329
287
290
314
278
314
291
320
256
339
303
278
317
329
323
336
328
281
338
337
327
345
340
366
358
369
303
337
333
366
350
363
360
328
327
381
365
365
399
368
328
364
381
376
315
412
356
382
396
374
431
422
346
352
335
407
406
422
394
407
387
438
376
411
400
393
415
398
400
374
440
410
425
428
374
442
456
448
453
455
405
442
463
461
472
467
493
416
484
432
458
458
492
481
476
410
429
483
506
479
491
448
480
443
488
432
489
476
539
512
491
541
484
449
534
520
477
505
528
504
535
466
502
516
564
488
519
512
515
510
521
516
500
491
505
574
538
564
564
521
573
580
561
575
567
605
581
574
579
561
542
593
557
572
578
538
605
619
605
582
594
594
560
606
563
600
582
654
622
582
654
636
632
569
610
618
633
593
617
597
672
613
634
625
614
673
601
637
617
624
628
678
673
642
671
702
666
658
648
644
685
692
660
669
645
644
648
718
661
657
716
696
711
710
697
704
665
752
666
673
726
711
743
699
703
693
714
765
705
732
715
701
750
713
713
721
723
776
759
747
785
750
753
730
736
750
774
735
754
734
735
809
758
765
781
785
782
789
799
758
786
818
778
834
780
788
819
789
818
830
823
850
800
858
819
826
807
812
852
826
820
831
876
839
849
860
857
863
871
839
851
856
862
883
889
866
873
908
872
908
876
879
932
899
899
921
922
911
930
911
911
944
925
967
945
957
940
968
942
972
968
953
987
973
993
989
1011
1005
1011
1025
1028
1040
6
5
16
8
20
20
16
9
5
15
19
17
37
28
28
24
33
36
20
32
17
32
44
58
61
63
61
64
46
66
40
53
68
68
71
57
75
74
69
86
82
95
88
80
94
81
102
93
101
104
62
106
86
97
86
61
105
107
97
93
75
124
122
138
121
81
133
105
137
134
124
122
117
148
124
144
103
133
143
139
161
131
156
162
139
176
121
182
163
161
182
157
180
187
194
185
191
196
129
182
185
183
189
199
188
211
203
188
208
222
177
183
202
193
216
204
224
225
180
217
221
148
170
216
221
241
200
251
226
253
261
238
176
237
220
241
265
252
248
251
275
258
277
232
234
186
257
277
228
290
284
267
299
296
259
304
277
234
272
282
319
307
310
296
314
318
285
312
298
279
311
310
319
291
321
314
344
288
294
315
314
288
321
338
347
283
336
322
272
341
299
294
338
332
384
374
370
332
357
389
346
383
364
341
347
361
383
321
369
354
358
391
309
359
392
390
391
349
397
437
425
424
406
430
356
394
425
411
419
403
425
431
390
433
394
451
437
399
406
414
443
426
402
460
443
452
408
383
463
398
438
447
487
454
484
407
468
427
461
498
476
465
440
455
489
444
484
480
475
433
428
507
504
506
466
478
508
540
473
515
561
464
543
489
542
502
516
535
523
486
499
508
553
542
479
518
557
537
511
516
507
536
531
515
564
550
567
557
510
567
548
513
579
528
560
595
588
578
566
566
595
554
559
593
592
605
598
568
585
603
622
579
605
660
591
613
659
651
632
623
598
619
613
598
652
655
603
659
612
622
618
645
650
664
628
608
648
642
625
656
644
657
669
659
668
665
698
648
674
649
672
654
678
698
676
707
695
698
668
680
674
759
742
696
728
751
679
709
716
749
689
752
754
739
694
720
737
731
722
753
738
733
734
747
744
737
756
736
766
745
780
742
760
741
759
768
831
756
760
791
827
759
785
834
800
805
824
777
776
817
802
798
827
803
809
810
819
818
835
808
817
824
859
831
834
828
904
852
869
902
844
869
875
894
869
853
859
872
872
886
870
915
885
891
954
887
922
912
951
922
949
925
913
924
933
926
935
944
953
974
945
971
951
980
954
979
1001
987
1001
1003
1022
1002
1033
1053
1031
1071
1062
1097
1119
1148
5
6
7
6
8
8
17
14
15
31
27
23
19
27
21
25
28
46
31
48
43
51
56
52
29
57
35
62
64
64
67
17
43
60
79
44
81
87
73
80
75
94
94
88
94
97
100
103
91
60
94
101
96
84
108
106
116
111
97
84
118
117
124
117
116
114
125
115
122
121
137
117
117
117
137
135
142
134
149
147
142
171
157
147
158
143
170
174
175
175
184
160
183
192
191
196
189
184
196
100
125
198
194
211
173
185
218
188
208
212
193
186
218
211
210
226
210
184
160
220
204
202
186
229
232
208
236
239
213
228
236
227
211
227
241
242
242
247
238
242
244
265
227
243
239
281
262
285
273
282
290
296
271
300
273
295
299
285
289
243
252
302
318
333
321
248
319
298
218
331
284
285
346
311
319
322
303
324
286
319
331
316
339
353
318
305
328
351
307
334
312
331
296
341
307
373
302
296
320
297
347
359
359
372
379
375
368
373
377
399
380
376
410
390
386
412
362
414
414
430
428
402
431
431
330
393
379
372
456
437
414
415
465
432
383
403
409
415
444
436
433
400
398
463
413
405
431
442
467
450
444
482
442
383
411
397
438
459
429
481
427
466
404
479
453
508
473
445
477
502
509
504
483
517
498
533
507
493
509
531
501
501
493
464
520
535
550
528
551
484
458
462
505
508
576
522
516
548
504
564
496
536
541
541
509
565
538
535
584
500
526
561
524
570
513
590
556
577
578
577
572
581
571
583
577
586
607
591
569
601
610
579
624
594
627
623
642
633
608
639
650
608
596
587
633
649
588
642
598
630
601
598
634
611
665
609
679
654
628
616
652
651
649
632
679
648
633
683
661
683
662
656
664
685
702
683
668
695
682
698
713
676
699
672
724
728
688
708
692
708
707
674
695
732
729
721
686
702
726
693
738
697
710
723
727
746
716
733
772
743
723
751
754
744
770
758
756
799
771
739
786
768
754
757
762
789
819
808
789
770
776
778
782
767
816
793
806
812
825
795
807
795
815
815
837
821
808
817
830
848
874
849
825
856
832
835
851
881
895
855
844
853
853
889
854
884
883
880
867
895
898
890
879
935
887
888
927
902
916
944
922
914
915
932
925
962
930
952
946
977
953
997
979
987
1020
1003
1023
1052
1052
1057
5
4
9
10
16
8
19
19
21
24
30
23
9
7
29
41
45
20
46
45
33
26
45
53
31
61
63
62
27
62
36
63
75
51
67
78
81
66
87
84
80
89
83
52
61
74
100
103
98
101
111
104
95
89
103
111
107
113
113
101
117
85
116
126
94
78
125
88
106
101
132
123
128
153
121
89
110
125
156
154
138
166
142
138
150
151
163
152
183
138
170
175
174
138
163
152
137
197
200
189
190
204
192
192
207
190
172
207
163
166
230
181
225
205
201
238
187
219
228
194
238
229
226
237
198
223
241
220
188
194
210
244
212
205
248
255
253
249
191
246
240
231
276
281
282
262
249
241
273
263
269
288
238
296
286
297
257
263
268
278
323
249
310
326
259
294
263
315
306
318
326
293
285
242
306
350
287
340
286
297
330
310
265
333
354
340
348
350
328
324
347
366
282
309
364
325
332
301
325
340
352
371
370
318
346
366
380
396
373
388
368
373
353
395
394
384
410
347
421
409
390
352
388
380
361
430
449
415
418
377
401
368
414
378
416
451
367
401
475
392
467
396
399
441
393
386
417
465
461
465
448
440
418
466
482
395
428
482
449
430
409
447
398
401
491
480
420
467
464
491
523
473
508
472
486
511
505
529
511
536
472
445
531
505
459
475
507
561
554
526
521
522
487
528
495
512
491
486
571
580
516
576
505
518
552
507
510
533
560
557
588
558
524
517
588
600
511
537
600
555
544
516
570
604
551
565
582
610
606
623
592
590
594
619
592
639
559
639
554
597
609
663
660
623
633
603
589
631
591
620
601
644
681
629
592
611
612
642
623
608
625
665
662
679
609
654
657
641
638
702
647
688
654
661
633
700
684
690
709
695
670
719
689
733
741
669
664
691
697
764
671
722
685
704
684
715
744
707
702
733
706
735
711
763
715
743
747
785
739
714
714
750
777
783
753
774
775
783
815
788
749
752
838
783
800
771
781
782
788
774
762
772
810
787
802
782
809
845
792
796
857
841
823
836
841
847
849
854
857
843
902
871
836
854
837
839
861
843
863
871
910
911
879
899
883
899
911
882
884
884
888
931
894
916
895
908
903
949
931
933
926
930
934
936
933
966
979
961
996
973
971
976
972
971
982
989
1020
1009
1004
1034
4
5
6
8
10
8
17
17
14
12
4
6
21
10
32
32
29
43
44
39
38
48
35
43
55
45
60
58
64
55
65
60
66
73
66
63
77
8
41
86
60
65
86
93
90
69
71
86
88
107
107
110
107
100
115
113
102
114
98
107
118
64
95
89
128
123
135
101
130
114
134
117
137
150
140
115
129
149
124
134
126
153
157
151
170
176
143
147
162
180
167
174
177
158
182
145
149
185
183
161
203
152
155
206
136
207
213
166
187
203
203
213
172
220
189
225
234
205
227
215
231
201
219
196
230
205
221
254
178
235
188
225
240
253
231
237
213
225
244
242
276
243
236
276
248
286
264
228
282
279
234
269
271
262
247
295
290
256
304
195
284
283
267
249
289
254
285
306
222
303
334
237
324
298
296
340
334
333
345
328
328
334
356
340
287
326
332
285
320
284
323
328
288
339
371
330
342
331
350
380
385
325
370
361
341
369
360
388
376
345
392
381
416
344
312
380
399
412
381
392
375
316
428
346
366
401
383
438
369
420
380
371
404
447
428
453
349
439
427
470
451
400
459
440
420
390
455
433
468
396
443
485
399
444
413
452
440
483
436
483
446
456
452
463
462
490
449
506
477
508
495
485
505
440
436
480
509
527
454
451
503
525
462
520
470
444
489
459
505
528
540
532
461
549
529
477
561
509
543
581
524
557
559
595
577
508
530
558
498
520
522
552
505
508
549
594
542
555
532
519
535
599
535
602
567
565
595
566
545
615
612
636
561
636
605
607
611
569
628
609
602
616
634
573
652
587
606
584
670
600
581
580
691
641
592
650
628
674
607
649
625
645
675
659
701
650
641
664
645
645
652
668
696
660
724
639
715
654
679
668
657
709
695
719
666
657
711
704
675
736
665
689
700
728
733
749
732
751
709
737
772
702
796
745
699
739
733
715
707
732
729
770
726
743
759
770
750
741
749
789
772
785
746
799
776
785
816
758
757
771
803
764
793
773
820
810
873
825
801
834
784
836
808
815
836
825
846
827
818
853
816
847
843
824
826
894
851
845
862
867
888
857
911
867
860
869
895
937
900
881
904
925
909
949
894
911
923
929
913
914
929
943
986
953
983
1001
1009
985
980
991
1026
993
999
1052
1069
1040
1091
1103
1124
1162
5
7
11
10
17
12
18
18
25
16
19
7
33
22
34
35
26
33
43
52
37
49
33
52
36
55
60
62
57
71
60
66
74
67
68
66
42
77
87
92
93
92
88
73
92
101
103
91
99
81
99
94
69
110
110
79
100
76
98
106
110
94
84
58
103
136
88
125
122
96
109
150
134
141
133
144
124
155
109
132
132
75
155
133
148
138
185
157
172
125
176
170
181
178
182
171
204
138
198
207
191
199
177
178
195
200
213
202
219
198
180
220
232
189
221
222
213
218
224
214
242
231
208
193
209
211
221
206
224
213
160
225
258
211
255
229
174
240
280
211
270
220
261
276
275
239
261
300
261
274
268
260
263
301
255
293
264
322
307
318
295
304
261
275
273
300
276
333
286
325
317
295
324
326
324
341
329
281
316
329
314
357
320
324
341
319
361
342
299
343
339
281
332
367
334
324
348
362
337
386
347
341
356
390
336
377
350
366
396
384
367
336
407
369
380
373
367
411
410
409
423
376
452
349
372
390
425
404
374
434
424
390
455
437
427
427
423
427
435
415
448
435
397
443
458
478
477
405
448
425
417
436
470
446
451
447
484
450
446
455
482
467
499
449
465
468
499
500
498
480
518
488
477
497
485
463
523
474
539
489
570
528
489
536
537
500
479
511
534
523
565
558
544
513
538
551
548
550
538
535
505
512
571
559
574
596
562
526
518
508
581
515
554
559
600
534
561
562
543
579
606
546
575
573
599
618
609
576
576
630
583
594
575
577
577
630
594
655
589
655
654
594
615
619
593
627
639
630
652
650
655
617
632
636
660
656
655
645
622
661
677
701
687
676
640
633
637
692
642
656
670
716
674
679
718
655
679
692
717
665
661
712
669
705
732
680
727
700
743
686
695
719
706
691
697
733
742
741
720
749
702
722
745
761
761
758
728
720
727
767
744
779
746
771
729
791
776
754
761
817
777
762
819
758
798
775
760
759
790
786
799
801
796
775
790
792
794
787
809
810
821
808
813
834
829
831
830
809
816
817
834
829
859
861
881
837
902
851
845
865
855
884
869
848
873
873
866
868
859
871
883
884
897
895
895
904
897
888
906
912
967
905
910
913
929
927
928
930
931
930
932
958
944
966
952
1024
979
983
1000
1040
5
6
12
8
16
13
18
23
17
26
27
16
22
18
33
36
24
7
25
44
47
44
51
52
51
45
59
61
65
64
61
49
68
73
76
62
83
70
85
77
80
76
88
93
95
89
78
96
18
104
104
50
105
98
93
110
109
122
89
100
79
84
117
116
109
124
100
105
135
113
113
133
146
132
138
135
143
127
141
153
166
143
160
139
154
148
159
137
160
173
174
170
180
161
158
184
192
196
189
185
158
195
188
207
149
189
201
215
212
211
211
218
184
219
154
227
219
226
229
242
207
219
211
166
212
216
234
220
230
223
189
239
255
225
243
222
225
241
254
221
207
240
274
262
276
183
225
289
254
273
302
284
266
289
295
313
309
279
290
277
284
304
316
305
311
300
322
321
287
302
319
296
326
332
324
296
270
330
305
262
311
339
315
360
334
316
326
328
312
289
343
309
327
361
322
351
367
353
359
376
374
366
374
367
312
380
388
400
383
321
350
397
403
339
381
373
392
421
416
366
402
398
364
416
399
371
397
402
433
440
351
386
440
399
458
461
372
446
425
466
427
372
462
453
411
449
428
448
409
448
429
457
446
468
447
409
468
426
453
457
454
497
471
445
471
505
422
456
494
440
507
507
501
455
500
486
516
527
542
481
451
484
490
558
534
532
518
538
492
515
552
530
515
507
495
503
518
502
534
517
538
525
496
524
583
563
603
539
516
542
569
566
560
570
580
587
584
589
584
588
581
584
605
623
554
567
555
595
629
579
565
580
641
640
589
595
571
580
639
595
589
618
625
625
658
667
596
659
614
607
688
661
611
656
629
648
630
615
649
643
663
642
687
625
635
653
698
634
672
717
645
665
669
675
699
683
687
728
699
745
723
723
708
711
717
701
742
697
696
700
725
705
690
699
764
706
720
728
711
727
748
739
734
755
773
766
756
758
729
777
751
766
752
770
796
759
800
776
771
756
790
822
802
835
766
787
779
791
806
805
792
842
871
849
849
835
854
825
812
812
813
854
835
896
844
874
863
836
838
888
851
872
859
885
869
904
876
861
868
893
880
896
872
912
908
885
898
938
947
924
944
951
920
947
962
943
932
962
956
947
958
955
969
965
973
967
986
988
1024
1017
1017
1024
1035
1029
1038
1036
1040
1051
1084
1104
4
7
6
10
13
12
17
26
22
26
16
30
32
23
32
35
35
41
31
39
37
49
58
38
51
46
64
60
63
10
64
67
78
52
42
51
78
77
8
55
90
90
73
95
78
97
101
81
80
100
108
55
113
101
98
108
90
66
87
113
110
110
76
127
135
102
104
117
127
122
149
133
113
117
148
118
137
118
148
153
168
157
148
115
171
152
162
179
166
167
154
139
124
188
168
152
151
203
164
160
193
192
136
135
214
213
215
185
207
184
186
157
214
197
164
235
208
220
233
220
186
213
239
196
230
236
254
174
226
231
227
171
242
240
254
270
222
237
214
274
236
262
271
237
268
290
232
273
267
285
300
288
260
283
247
278
301
242
275
291
313
268
267
290
319
282
251
253
332
337
310
326
293
333
269
298
323
315
355
280
330
332
300
358
322
308
320
358
362
327
297
374
349
314
350
361
362
373
365
361
348
395
339
383
343
336
381
414
379
391
317
407
385
405
396
388
387
402
371
342
427
402
396
378
414
412
390
390
435
367
374
457
457
436
437
452
400
405
432
429
473
433
447
471
424
414
414
448
440
445
480
492
401
428
457
470
454
466
463
496
457
480
439
518
444
504
501
445
492
526
494
462
515
503
526
503
512
472
517
539
513
523
517
486
466
505
543
482
555
575
550
526
534
528
512
570
523
536
537
510
575
505
512
547
575
560
594
546
537
556
566
555
569
575
550
614
566
593
536
547
536
589
605
589
604
613
635
612
603
584
626
559
644
610
616
585
583
611
588
651
684
625
618
612
638
629
602
679
632
638
626
619
676
608
611
651
651
670
691
623
643
648
649
639
642
676
672
704
637
696
702
677
661
690
708
699
704
680
692
720
729
714
711
680
689
732
711
725
681
703
757
727
709
749
731
707
715
720
735
722
773
729
716
752
750
779
758
728
774
743
751
734
762
752
763
786
769
761
766
810
796
762
759
794
797
804
829
778
786
790
785
809
799
803
845
823
825
842
829
812
816
814
812
826
828
839
862
853
850
844
858
839
853
839
898
867
870
860
887
914
861
871
922
883
891
898
895
890
888
897
935
901
903
938
956
925
928
936
935
926
932
930
943
941
954
958
958
960
964
972
965
971
1015
992
991
1016
1007
1032
1049
1068
4
9
11
9
8
21
9
19
21
28
26
20
15
15
24
34
29
44
43
48
41
33
5
33
61
46
31
52
62
55
51
72
40
75
64
61
60
68
86
89
91
92
87
66
93
91
102
98
80
103
99
96
51
112
82
87
104
105
125
121
105
114
106
107
125
131
116
77
147
131
139
115
151
135
121
151
139
125
144
72
152
144
149
164
153
160
154
110
171
162
157
107
135
181
151
163
188
167
178
167
192
184
208
202
177
200
139
196
205
200
176
200
214
199
220
194
237
177
205
198
224
202
247
225
214
228
227
230
239
215
195
177
248
266
241
259
250
277
236
226
234
254
182
264
203
278
285
241
276
271
231
217
274
295
218
279
295
229
271
268
293
306
292
302
274
268
306
334
316
298
293
265
296
316
327
299
324
322
317
333
297
361
317
314
328
329
345
353
347
249
343
354
341
344
300
319
384
365
372
358
393
373
339
361
365
355
367
293
397
325
351
407
383
396
351
388
387
396
328
347
386
369
397
428
398
408
406
386
357
446
385
421
425
368
391
422
401
369
448
433
447
447
427
474
393
435
425
437
426
474
469
450
430
460
431
439
463
479
420
477
506
491
451
470
476
473
466
441
488
510
472
509
521
461
465
487
510
445
511
502
509
510
468
505
456
457
537
453
516
474
501
525
556
483
539
502
540
551
486
544
487
527
536
486
592
524
526
533
505
568
588
545
539
564
548
582
525
559
605
557
567
596
577
613
584
560
568
588
560
543
628
571
571
626
609
570
628
608
625
566
619
564
626
649
614
628
577
614
668
595
626
639
598
640
614
599
666
590
659
628
627
677
637
624
618
642
672
636
623
644
668
631
662
710
646
672
705
681
714
693
642
722
659
667
678
731
734
725
715
666
741
705
712
713
704
763
680
706
730
717
713
719
765
751
722
724
704
703
706
750
718
715
731
756
719
734
788
795
763
801
747
785
758
809
800
757
796
752
814
791
760
802
790
798
787
802
797
853
808
796
830
815
824
803
793
832
827
857
817
869
864
866
823
860
832
849
879
894
881
834
848
870
866
874
892
912
862
909
881
923
908
894
917
886
893
899
948
928
920
918
930
945
966
926
944
930
964
986
958
953
960
984
985
977
978
1005
996
1001
1004
1020
4
8
8
5
13
15
12
24
13
30
22
26
33
23
27
27
22
42
45
4
51
54
53
56
47
39
61
61
48
69
38
62
39
71
82
82
40
45
91
63
88
78
94
91
82
100
96
98
107
77
107
97
98
106
102
112
82
104
106
118
116
112
107
92
92
126
117
122
140
102
67
134
149
117
101
128
150
121
141
138
156
130
172
163
130
176
144
159
183
174
149
171
187
161
176
148
180
191
190
145
199
213
169
198
181
212
202
205
214
192
185
127
200
223
186
207
218
225
193
206
214
134
226
240
244
198
224
195
206
236
255
259
248
190
228
251
263
210
238
266
223
260
216
255
251
294
236
186
283
258
303
268
278
273
274
309
277
292
280
298
268
277
307
318
241
292
329
303
324
305
334
334
291
293
301
303
335
306
316
342
323
294
325
330
332
354
308
335
307
287
352
355
382
363
291
341
361
369
311
353
378
343
361
310
367
338
407
354
306
399
380
362
373
387
384
425
376
389
398
413
378
384
421
412
352
413
445
378
441
416
416
439
410
383
415
407
394
432
452
400
442
376
443
435
473
423
413
421
405
406
467
468
477
494
458
399
461
478
472
421
462
499
427
478
450
420
437
520
516
421
474
490
507
478
494
532
485
471
515
526
462
501
527
516
464
523
551
493
557
498
527
550
530
504
484
480
552
503
502
573
563
525
563
572
510
527
518
578
510
572
576
565
610
562
520
582
595
535
542
611
533
581
581
638
596
586
587
590
586
641
617
584
560
626
650
614
633
629
595
624
618
595
628
603
599
664
651
607
658
590
599
593
665
658
678
638
666
637
626
626
683
686
642
681
652
696
658
665
680
675
646
704
647
670
694
691
693
671
684
692
702
681
682
732
688
672
685
750
679
747
710
707
726
708
740
735
696
697
757
761
763
755
712
711
745
744
773
764
750
742
784
742
748
788
808
742
775
813
764
817
815
755
776
793
800
803
791
780
805
799
779
792
778
796
803
809
836
830
845
863
851
819
838
859
816
853
856
835
837
837
852
853
898
842
897
849
876
879
888
879
902
905
874
895
883
907
903
941
892
923
940
892
901
903
921
903
920
931
910
946
957
974
949
961
942
947
985
960
979
996
1015
1015
1012
1027
1025
1028
1041
1057
1060
1064
5
8
6
10
15
14
11
22
21
26
10
20
19
22
19
38
37
27
8
36
26
49
16
35
43
28
37
58
41
57
69
56
72
43
63
60
69
59
61
77
83
78
76
63
97
96
43
100
101
92
93
92
92
108
99
116
114
106
118
112
117
117
119
112
124
118
113
105
125
126
142
127
139
119
151
123
150
124
107
159
162
103
140
125
131
123
169
157
159
106
135
158
176
189
186
190
175
149
171
187
159
173
183
172
194
191
185
183
162
155
195
217
228
216
208
189
197
211
217
217
191
163
223
226
221
241
201
231
193
152
224
224
210
236
228
229
233
268
247
227
241
282
243
258
287
251
225
274
248
274
231
233
267
283
224
287
269
294
313
287
316
255
267
283
299
315
290
289
296
283
315
308
277
318
271
320
343
318
340
318
241
310
338
318
336
330
268
320
329
308
354
323
352
287
321
349
356
338
353
334
362
373
364
341
408
403
322
369
359
358
341
384
387
367
327
348
390
366
427
406
434
420
360
406
409
372
403
376
412
438
419
384
372
397
352
415
460
441
432
446
362
426
441
437
438
435
440
439
457
466
411
465
406
403
441
442
407
461
439
483
437
437
458
513
475
447
475
470
494
475
442
459
482
454
503
521
449
531
466
496
550
469
551
480
475
543
512
479
519
505
494
519
531
550
494
554
565
525
549
539
552
525
539
538
562
536
510
559
519
563
547
530
527
554
525
579
561
529
583
612
576
555
605
559
545
546
576
568
604
553
555
635
650
641
653
576
584
565
612
575
628
658
602
592
635
605
595
621
662
664
642
655
621
655
653
638
635
645
633
615
677
671
622
625
656
655
685
628
710
639
631
679
650
649
709
650
670
685
656
736
706
718
659
668
698
761
734
671
684
714
673
715
752
708
737
744
714
704
718
749
722
748
721
768
751
715
706
715
731
748
719
767
728
726
749
787
786
771
812
762
753
755
755
841
757
791
827
786
811
817
827
816
844
821
828
824
786
795
806
812
810
854
805
822
806
849
852
859
839
845
844
883
837
896
878
881
846
843
893
865
907
889
856
894
893
870
893
870
895
898
906
920
891
922
936
907
947
906
966
953
935
976
954
926
962
957
984
952
972
993
986
988
1009
1012
997
1005
1040
1019
1025
1046
9
9
10
7
5
19
16
11
23
15
27
20
29
25
31
24
25
47
36
34
42
49
44
59
45
35
35
67
61
60
49
37
75
78
62
74
71
46
86
84
90
94
69
81
100
100
93
95
101
93
101
79
102
107
112
113
101
107
111
67
82
111
107
122
117
108
143
128
123
141
109
117
133
137
95
137
147
120
153
146
148
92
115
152
142
156
164
117
159
152
143
181
156
156
186
199
147
186
184
141
201
161
176
208
178
166
221
218
180
206
181
200
218
224
223
217
196
231
231
213
242
221
213
188
184
230
220
177
222
261
229
245
251
230
261
256
238
185
229
240
264
233
248
231
274
232
200
239
257
273
279
279
231
250
274
243
298
309
272
259
328
307
316
303
265
225
278
287
337
328
283
289
332
300
284
336
323
347
308
308
323
350
360
344
330
257
323
304
299
324
348
325
295
326
383
353
365
374
350
358
385
352
306
383
352
372
335
394
331
312
332
380
323
394
397
341
407
381
374
408
356
352
438
442
382
434
403
380
404
388
454
408
396
455
444
376
389
413
415
415
399
454
437
420
474
448
445
458
403
421
420
447
452
437
403
436
499
450
484
496
469
474
481
471
427
494
446
492
437
514
455
435
440
494
517
494
528
464
484
498
474
525
553
476
491
561
520
523
488
481
488
527
564
560
496
491
548
498
512
523
490
542
496
540
556
566
588
576
558
542
521
536
567
555
520
555
573
549
593
597
560
574
592
589
589
553
588
560
629
550
556
632
614
643
604
597
593
580
634
661
569
632
670
580
628
636
589
664
606
672
606
622
636
647
614
642
652
667
694
678
628
640
630
647
674
656
669
653
687
667
655
641
695
678
651
665
727
647
685
715
691
731
676
665
678
732
763
765
732
721
684
736
703
756
704
693
715
720
699
731
711
747
736
743
734
754
729
756
736
746
737
741
753
752
737
737
774
810
799
804
758
760
775
846
798
783
807
801
787
829
782
790
809
782
828
800
821
808
828
809
833
808
827
812
869
834
822
819
822
855
871
837
869
836
923
854
844
847
855
907
882
865
876
874
891
900
891
896
882
910
911
929
976
916
904
916
918
959
943
937
923
935
970
1017
964
986
968
971
970
985
981
1010
1000
1053
1035
1010
1027
1081
1040
1072
5
10
10
11
4
6
21
12
24
17
21
24
16
33
37
29
25
24
41
30
46
48
48
36
43
56
59
57
46
35
36
64
66
70
64
63
78
81
68
87
34
61
66
95
36
57
81
85
102
30
99
84
75
91
111
101
106
115
105
110
95
99
96
119
130
114
131
138
122
111
113
120
136
148
142
131
140
146
152
162
155
156
152
118
130
159
159
154
160
140
182
179
145
175
181
170
182
179
167
107
189
178
189
185
182
202
217
203
200
182
193
212
192
208
161
145
211
186
152
211
207
236
211
240
197
215
243
225
241
248
227
244
198
179
246
223
229
262
191
245
244
245
277
249
254
275
274
296
297
254
282
290
230
288
283
265
275
285
267
296
306
273
307
320
295
276
289
292
215
297
293
267
316
293
323
228
304
300
309
318
345
281
293
338
270
353
298
253
303
303
371
360
359
340
345
291
354
338
368
390
332
355
304
383
356
403
365
365
381
337
381
394
380
349
409
367
405
420
359
400
420
402
421
403
391
394
408
427
427
400
428
450
411
398
410
414
441
400
382
390
380
422
404
396
422
472
440
467
401
446
471
455
483
460
430
430
486
408
424
463
408
470
447
481
514
475
459
422
487
517
531
512
488
427
467
477
510
515
464
503
492
507
544
532
530
501
523
562
523
479
514
502
556
472
542
511
517
504
533
524
566
500
496
574
509
592
517
527
515
592
599
512
589
550
529
585
619
582
563
557
593
629
588
573
574
552
588
604
589
564
549
619
612
626
619
619
590
626
580
603
605
617
647
613
643
591
617
646
615
600
666
591
593
614
601
603
622
667
615
652
690
645
705
613
627
675
703
629
633
670
726
669
670
679
705
682
739
697
682
714
648
669
710
694
676
709
725
707
677
682
708
725
731
714
697
753
696
717
700
721
769
694
785
776
715
718
709
738
806
747
741
718
777
770
813
766
766
740
789
774
777
784
759
794
768
786
759
793
810
799
791
793
767
780
823
813
782
791
795
798
862
791
879
834
805
828
873
839
813
859
864
850
840
865
824
842
834
860
864
863
900
898
937
856
888
918
913
892
895
917
905
908
892
895
915
953
973
927
960
943
952
939
938
934
999
999
956
1006
997
1025
1027
1014
1012
1035
1063
1052
1068
1091
1086
1115
