5
5
11
15
12
20
5
6
39
47
36
11
40
51
40
12
73
9
82
11
32
69
23
91
8
10
6
114
101
81
78
27
82
80
129
34
75
79
59
61
113
66
120
120
145
117
31
148
27
155
183
199
199
96
200
206
46
190
64
190
66
189
223
191
229
258
233
258
233
230
264
265
238
265
230
233
289
235
266
239
264
243
267
246
244
274
248
271
258
250
291
267
255
236
261
306
268
270
309
273
313
277
281
320
283
322
282
320
286
276
277
287
278
272
282
280
275
437
248
397
213
210
403
280
312
283
471
136
368
290
322
284
322
277
329
274
330
248
332
236
330
207
189
338
195
337
169
538
140
133
531
130
107
538
89
540
67
544
68
548
26
555
557
531
565
33
524
518
566
525
582
526
584
524
584
528
521
592
524
588
528
583
582
537
586
539
590
528
594
531
597
528
601
524
526
609
530
616
534
620
506
624
509
626
515
623
514
626
627
516
520
745
516
626
627
649
644
590
644
643
598
641
555
217
558
648
698
563
566
704
564
699
563
567
706
647
651
706
709
705
663
708
708
669
659
702
658
702
660
664
667
714
718
670
716
665
715
711
672
704
676
702
679
703
681
704
683
702
687
705
686
708
675
711
669
707
675
709
706
680
702
680
703
682
700
685
695
689
691
700
704
693
701
691
702
695
706
699
705
698
695
700
694
701
698
684
700
686
704
684
708
687
708
694
711
698
710
700
714
703
706
704
703
707
709
706
708
716
712
718
710
716
711
718
710
718
711
717
714
714
711
717
712
710
711
698
715
697
719
695
720
696
720
700
723
704
726
707
728
700
731
694
734
692
736
689
740
682
735
684
730
683
733
687
733
683
736
685
735
688
728
671
729
658
724
724
718
709
712
699
997
703
997
707
1001
709
1003
713
1004
713
1007
1010
719
1012
720
1016
724
1020
1014
1259
1018
1255
1018
1246
1017
1237
1004
1241
1003
1207
1006
1204
1008
1208
1012
1210
1012
1203
1011
1192
1012
1196
1014
1196
1014
1189
1018
1017
1196
1013
1191
1017
1186
1014
1172
1018
1119
1019
1122
1000
1117
1002
1111
1005
1114
1004
1102
1008
1101
1009
1091
1010
1092
1001
1089
1003
1086
1002
1076
1000
1071
1003
1072
1000
1074
1003
1072
997
1076
1001
1074
1004
1076
998
1002
1076
1000
1067
1003
1066
1006
1070
1010
1073
1014
1074
1017
1074
1019
1075
1046
1017
1039
1038
1023
1040
1027
1042
1027
1009
1031
1033
1033
1033
1528
1033
1532
1037
1530
1040
1534
1042
1527
1045
1527
1047
1528
1050
1527
1053
1496
1496
1493
1493
1497
1501
1525
1484
1528
1470
1524
1460
1504
1454
1492
1412
1489
1386
1490
1378
1489
1378
1487
1371
1482
1370
1474
1368
1457
1357
1461
1352
1454
1311
1456
1301
1452
1299
1453
1300
1433
1276
1430
1259
1432
1261
1434
1259
1437
1260
1441
1258
1433
1251
1435
1215
1427
1210
1427
1416
1531
1417
1524
1412
1518
1413
1519
1413
1478
1411
1482
1415
1485
1409
1475
1409
1479
1412
1477
1410
1462
1389
1466
1393
1445
1390
1433
1380
1437
1382
1429
1381
1432
1377
1421
1378
1416
1380
1412
1361
1397
1350
1393
1351
1395
1346
1392
1345
1391
1368
1814
1815
1807
1807
1811
1812
1811
1666
1810
1607
1801
1488
1802
1805
1801
1804
1797
1801
1798
1798
1788
1791
2021
1789
2021
1793
2023
1797
2017
1801
2021
1804
2013
1808
2002
1810
2003
1814
2000
1817
1996
1821
1997
1822
1998
1823
1996
1820
1997
1812
1991
1816
1995
1820
1994
1807
1998
1802
1997
1802
1997
1793
1995
1795
1997
1790
1995
1787
1998
1787
1984
1787
1988
1791
1990
1795
1992
1799
1994
1798
1994
1790
1998
1793
1991
1797
1991
1993
1803
1996
1802
1997
1803
2000
1802
1998
1805
1979
1805
1983
1809
1987
1813
1990
1815
1992
1813
1991
1810
1991
1809
1994
1813
1994
1815
1994
1808
1998
1804
2001
1798
1994
1798
1997
1799
1988
1798
1975
1793
1979
1794
1983
1793
1984
1796
1978
1794
1980
1795
1984
1789
1985
1981
1782
1982
1980
1984
1985
1986
1979
2272
1978
2216
1980
2211
1979
2203
1979
2168
1983
2137
1985
2140
1989
2025
1993
1976
1986
1990
1993
1993
1996
1990
1991
1986
1987
1985
2358
1985
2350
1989
2342
1993
2335
1997
2317
1999
2222
1996
2223
1998
2199
1993
2151
1997
2143
1993
2136
1995
2110
1994
2104
1985
2099
1984
2083
1981
2087
1980
2066
1983
2066
2010
2589
2591
2595
2599
2594
2593
2589
2583
2581
2582
2573
2573
2574
2575
2570
2574
2578
2579
2579
2582
2584
2587
2571
2570
2570
2574
2577
2578
2581
2575
2578
2580
2563
2567
2571
2568
2551
2544
2547
2548
2529
2533
2527
2520
2518
2515
2517
2521
2521
2520
2519
2518
2522
2526
2521
2523
2524
2527
2527
2531
2525
2526
2525
2525
2524
2528
2532
2535
2536
2539
2540
2538
2538
2533
2812
2536
2537
2541
2544
2545
2540
2542
2544
2547
2548
2535
2531
2529
2520
2521
2524
2522
2525
2526
2519
2521
2525
2520
2519
3455
3427
3391
3354
3352
3316
3286
3278
3244
3223
2944
4330
4331
4326
4321
4307
4305
4279
4282
4277
4279
4281
4263
4260
4254
4239
4239
4233
4227
4210
4199
4194
4183
4181
4174
4147
4107
4105
4057
4040
4034
4008
4010
4007
4001
3998
3978
3979
5
5
9
13
17
13
26
11
21
38
39
29
43
43
35
39
47
53
45
60
58
63
65
67
68
55
98
54
35
107
108
110
96
108
20
108
109
26
28
12
31
115
113
38
112
40
138
33
53
26
131
10
133
13
135
5
159
142
157
137
105
134
8
126
138
127
5
132
131
236
128
130
17
134
244
132
5
136
137
252
141
136
137
270
138
230
138
142
146
149
39
152
54
152
153
256
324
251
308
233
74
220
324
90
331
327
99
327
77
329
38
332
42
22
24
412
270
414
417
32
420
7
424
418
6
16
415
415
418
18
421
9
407
68
411
12
412
8
415
455
6
424
422
419
467
421
469
425
453
429
444
428
434
432
437
433
434
440
436
441
439
70
441
461
13
188
430
37
188
415
165
403
167
145
407
404
71
39
107
103
504
109
560
109
558
490
460
629
526
106
535
532
647
530
472
495
456
546
460
452
456
547
551
360
202
558
560
460
556
463
557
465
560
466
560
470
562
453
563
454
559
457
562
458
559
438
563
446
592
436
753
590
585
438
589
423
591
427
604
827
610
830
610
833
616
452
619
623
453
623
819
625
861
669
637
638
465
641
363
711
661
511
493
663
500
667
500
662
487
665
489
669
669
497
672
501
500
884
500
884
500
504
887
490
889
493
892
880
449
881
902
979
903
905
497
906
490
987
742
508
735
735
497
735
501
738
1016
742
1015
746
1004
737
732
1011
722
1010
721
1010
724
1004
728
982
732
980
982
740
984
743
980
745
979
737
973
740
975
740
978
974
745
977
748
981
753
985
756
983
978
757
754
976
754
980
757
983
759
986
739
736
990
734
985
737
983
735
987
735
987
731
991
735
988
733
991
734
984
738
986
742
987
737
985
741
989
989
736
977
739
978
743
979
746
980
730
980
734
983
987
991
990
987
991
990
989
1222
986
1226
988
1225
987
1229
990
1233
993
1221
987
1218
1192
992
1196
995
1197
995
1201
999
1205
1003
1200
1001
1204
988
1208
991
1209
978
1207
981
1210
973
1211
976
1215
977
1212
977
1215
980
1218
984
1220
983
1212
987
1216
980
1220
984
1218
977
1221
974
1225
974
1229
974
1225
977
1204
980
1204
984
1204
980
1202
982
1205
983
1206
985
1207
985
1211
984
1212
983
1202
973
1201
1198
1066
1202
1031
1205
1030
1209
1034
1210
1025
1207
1210
1458
1214
1456
1210
1441
1213
1441
1216
1438
1210
1442
1208
1446
1210
1448
1209
1446
1213
1446
1215
1449
1213
1452
1210
1444
1214
1441
1194
1435
1195
1438
1198
1442
1202
1437
1203
1433
1195
1419
1199
1423
1200
1418
1193
1409
1180
1409
1179
1412
1182
1412
1185
1183
1416
1185
1420
1189
1424
1180
1421
1183
1411
1183
1403
1187
1391
1190
1389
1194
1389
1385
1383
1383
1368
1370
1565
1355
1566
1339
1569
1335
1567
1338
1556
1342
1553
1338
1555
1329
1556
1330
1557
1329
1561
1333
1564
1330
1567
1333
1571
1335
1575
1331
1578
1319
1578
1315
1580
1303
1581
1568
1568
1568
1570
1572
1575
1576
1579
1583
1579
1580
1570
1570
1573
1577
1573
1575
1575
1578
1572
1573
1577
1575
1571
1572
1982
1572
1973
1573
1954
1576
1956
1578
1954
1582
1954
1585
1952
1589
1946
1588
1943
1586
1947
1589
1939
1592
1927
1590
1925
1592
1592
1933
1595
1935
1598
1934
1601
1931
1600
1934
1604
1938
1608
1938
1610
1939
1613
1935
1613
1939
1617
1943
1619
1934
1622
1937
1615
1939
1617
1931
1619
1932
1614
1936
1615
1940
1614
1942
1618
1936
1620
1931
1623
1932
1623
1936
1626
1939
1628
1937
1627
1923
1925
1919
1920
1921
1908
1912
1915
1916
1909
1913
1909
1911
1914
1916
1918
1915
1916
1913
1904
1902
1905
1908
1908
1910
2276
1914
2279
1918
2283
1921
2264
1923
2268
1927
2271
1902
2267
1904
2231
1906
2228
1906
2212
1909
2204
2205
1907
2195
1892
2197
1888
2201
1891
2201
1892
2205
1885
2203
1884
2206
1884
2200
1887
2176
1888
2147
1885
2145
1889
2125
1888
2119
1879
2123
1883
2120
1886
2123
1889
2121
1893
2110
1894
2112
2116
2120
2124
2125
2111
2103
2100
2096
2084
2080
2074
2076
2080
2074
2071
2072
2076
2080
2067
2047
2535
2036
2538
2016
2542
2546
2548
2550
2553
2555
2553
2552
2554
2553
2551
2549
2549
2542
2546
2546
2546
2550
2554
2552
2556
2552
2554
2557
2556
2551
2553
2553
2557
2561
2564
2563
2567
2564
2556
2558
2557
2557
2553
2552
2556
2550
2553
2557
2559
2553
2555
2533
2524
2525
2525
2521
2518
2521
2521
2525
2527
2523
2526
2515
2513
2504
2507
2501
2505
2505
2502
2502
2497
2493
2496
2498
2490
2491
2494
2493
2489
2491
2494
2495
2494
2482
2481
2477
2480
2483
2480
2479
2483
2483
2485
2484
2486
2480
2480
2482
3140
3143
3142
3096
3098
3070
3056
3057
3054
3047
3047
3048
3016
3003
3002
2927
2927
2904
2904
2901
2849
2840
2836
3538
3494
3442
3421
3282
3269
3238
3239
3193
3080
3032
5319
5312
5315
5307
5286
5279
5274
5273
5248
5250
5248
5250
5252
5250
5254
5220
5222
5222
5226
5212
5216
5188
5174
5113
5115
5118
5121
5108
5112
5095
5090
5094
5088
5090
5090
5086
5087
5084
5045
5039
5025
5020
5019
5005
5003
5007
5007
5010
5013
5017
5
19
5
20
19
6
30
43
37
24
51
26
64
66
51
72
80
81
81
51
82
91
84
11
78
98
78
94
72
95
96
41
95
35
28
102
104
36
100
19
104
21
108
25
111
9
115
12
119
195
199
164
127
184
118
113
215
111
219
214
116
210
219
124
128
228
130
230
128
267
124
271
120
278
119
115
267
119
119
289
106
102
14
103
104
308
94
146
145
23
148
107
310
111
112
312
316
117
117
344
121
124
345
128
334
132
331
131
127
337
129
130
345
131
341
327
134
330
331
143
366
120
367
122
125
432
431
119
123
455
126
461
132
458
135
449
135
138
300
135
274
122
117
287
114
287
114
281
111
104
433
108
436
108
95
282
99
280
96
434
97
101
556
101
104
425
106
429
95
554
98
94
578
98
571
88
78
343
76
583
405
583
409
581
382
584
313
299
616
194
582
172
585
156
152
591
595
597
596
598
602
664
293
665
659
628
622
625
627
680
640
748
645
749
753
642
756
645
759
646
763
649
767
652
770
659
769
657
765
661
769
655
763
657
761
651
753
756
808
756
662
758
749
761
764
828
768
679
772
671
773
776
677
764
676
765
754
860
758
787
761
599
761
764
764
916
763
803
767
770
774
773
803
777
800
779
801
776
796
779
800
781
790
764
793
767
796
762
800
765
797
767
768
803
770
806
773
809
777
777
813
772
813
775
815
767
819
770
820
821
777
822
781
812
785
789
780
775
784
779
788
777
791
769
794
771
792
796
764
799
744
794
742
798
737
798
740
802
735
800
731
800
734
800
803
740
804
741
808
738
805
726
807
729
811
718
799
1093
800
802
1002
809
802
735
806
736
808
731
810
811
738
814
732
816
817
1186
817
1148
816
814
733
816
1202
810
809
810
1077
811
1077
810
763
812
812
1234
812
815
1235
815
808
1238
807
1233
809
1237
812
1240
814
1240
814
1137
816
815
1127
819
1125
822
826
828
1344
831
1272
829
1272
832
1144
830
831
1244
1159
1076
1074
1074
1038
1023
992
962
1359
1241
1372
992
995
995
996
986
986
1297
1301
1347
1428
1332
1329
1310
1230
1197
1175
1180
1171
1162
1147
1118
1411
1639
1414
1634
1418
1636
1417
1639
1416
1641
1413
1638
1411
1635
1413
1637
1414
1631
1402
1625
1403
1628
1401
1628
1403
1632
1407
1636
1405
1639
1409
1637
1404
1637
1407
1640
1408
1411
1641
1645
1397
1648
1390
1650
1393
1643
1395
1631
1391
1634
1389
1635
1390
1635
1389
1631
1393
1635
1395
1635
1399
1637
1400
1640
1403
1638
1406
1634
1403
1638
1403
1637
1403
1641
1403
1645
1404
1645
1407
1646
1408
1649
1398
1653
1401
1656
1405
1658
1399
1652
1656
1407
1660
1411
1663
1411
1656
1415
1655
1419
1652
1423
1648
1415
1647
1413
1649
1408
1649
1410
1650
1654
1418
1658
1422
1662
1412
1665
1406
1667
1410
1669
1410
1673
1410
1671
1414
1675
1677
1724
1679
1716
1682
1709
1681
1708
1675
1701
1679
1657
1683
1654
1685
1644
1684
1644
1682
1632
1683
1635
1687
1630
1691
1619
1695
1611
1699
1592
1699
1575
1701
1579
1704
1568
1705
1571
1705
1554
1709
1541
1707
1711
1714
1709
1711
1712
1716
1720
1722
2001
1726
2002
1727
2001
1729
1987
1725
1990
1715
1988
1718
1992
1718
1992
1720
1987
1724
1985
1728
1989
1732
1992
1735
1971
1739
1975
1739
1970
1734
1974
1737
1972
1737
1973
1734
1972
1734
1975
1732
1978
1736
1981
1738
1970
1736
1974
1739
1978
1740
1980
1741
1981
1743
1982
1745
1985
1745
1972
1742
1965
1745
1967
1747
1966
1748
1964
1749
1752
1968
1756
1971
1759
1973
1763
1974
1765
1977
1769
1964
1772
1962
1776
1962
1780
1954
1952
1950
1949
1953
1950
1952
1947
1951
1954
1955
1957
1957
1961
1964
1961
1957
1956
1950
1954
1937
1939
1942
1946
1945
1948
1948
1944
1943
1939
1937
2475
1940
2462
1944
2452
1948
2456
2428
2460
2384
2463
2307
2459
2302
2458
1996
2461
2448
2451
2445
2443
2446
2444
2444
2447
2446
2450
2531
2450
2534
2448
2445
2539
2420
2541
2418
2539
2422
2537
2425
2537
2427
2534
2412
2532
2413
2533
2388
2531
2381
2530
2380
2528
2377
2532
2379
2524
2382
2508
2380
2509
2381
2507
2357
2510
2360
2513
2353
2512
2348
2516
2336
2519
2339
2523
2340
2522
2341
2524
2336
2507
2335
2508
2335
2512
2315
2512
2310
2512
2314
2505
2310
2508
2295
2512
2296
2504
2292
2508
2278
2511
2280
2514
2279
2505
2275
2506
2271
2500
2260
2501
2263
2495
2497
2498
2501
2501
2492
2495
2496
2493
2494
2491
2491
2492
2496
2497
2491
2492
2488
2490
2491
2489
2490
2494
2495
2491
2494
2494
2498
2500
2499
2495
2496
2487
2484
2486
2490
2490
2487
2480
2481
2483
2479
2478
2478
2472
3086
3068
3057
3057
3049
3051
3046
3050
3043
3020
2993
2991
2960
2950
2954
2939
2935
2935
2934
2938
2942
2936
2938
2927
2923
2927
2908
2908
2912
2913
2903
2906
2896
2885
2888
2887
2886
2881
2885
2882
2856
2859
2858
3420
3422
3416
3415
3395
3368
3359
3324
3235
3230
3216
3211
3185
3182
3183
3176
3175
3173
3170
3155
3127
3115
3112
3113
3094
3075
3077
3044
3136
3136
3138
3116
4424
4422
4290
4287
4264
4231
4215
4171
4142
4132
4098
4083
4067
9
9
15
12
17
29
31
15
11
42
17
43
28
57
57
54
65
75
19
82
77
89
18
90
10
94
18
97
21
25
125
29
114
115
117
93
137
151
153
140
154
143
142
151
152
147
98
159
153
154
183
184
172
191
165
181
172
176
171
136
176
178
12
176
91
176
79
176
67
177
179
264
181
249
183
87
190
189
267
192
87
170
164
92
165
77
164
155
102
154
310
161
140
318
120
321
127
57
128
334
130
126
18
126
128
329
122
331
113
325
328
326
125
329
124
125
125
435
118
20
72
448
42
450
38
450
37
41
370
39
377
43
377
35
21
32
22
386
388
29
260
500
38
500
33
408
35
28
36
31
9
13
423
483
305
177
143
6
83
291
54
293
8
522
8
19
540
542
551
552
552
553
524
467
516
429
497
354
494
211
468
105
470
445
563
379
564
382
568
366
562
338
553
553
302
550
271
553
265
557
249
561
564
567
253
559
254
556
168
546
481
546
483
550
479
545
458
531
450
529
440
514
438
509
416
512
408
510
397
497
399
495
386
497
372
491
373
493
373
495
377
499
378
496
354
499
349
501
502
343
506
508
351
506
347
510
346
514
334
517
326
518
319
514
517
518
509
511
509
510
512
510
514
514
511
824
515
825
514
829
516
832
511
833
514
835
517
838
518
840
522
844
524
843
528
847
528
848
530
851
533
854
530
858
534
862
527
859
528
857
532
851
536
852
530
856
529
851
531
854
528
857
530
860
534
535
867
532
868
513
870
516
874
873
875
870
874
873
875
878
881
882
884
885
886
889
889
889
880
882
890
894
1160
889
1161
888
1160
892
1164
894
1168
898
1169
899
1170
895
1171
895
1175
890
1175
891
1176
884
1180
886
1179
888
1171
884
1173
887
1175
888
1179
891
1181
883
1185
887
1182
886
1181
889
1185
889
1189
890
1192
885
1186
879
1186
885
1189
889
1191
891
1189
890
1184
888
1188
887
1191
891
1190
894
1191
893
1191
893
1192
895
1169
888
1165
892
1163
892
1167
893
1171
890
1174
892
1177
893
1179
895
1176
894
1180
889
1184
886
1188
890
1189
889
1192
893
1191
894
1193
889
1185
891
1189
1177
1181
1179
1182
1182
1181
1183
1185
1186
1187
1190
1181
1182
1186
1185
1469
1183
1472
1176
1473
1177
1473
1176
1472
1178
1472
1176
1470
1178
1465
1180
1462
1181
1455
1177
1451
1180
1453
1184
1456
1184
1456
1186
1456
1190
1459
1184
1447
1188
1450
1191
1449
1180
1448
1181
1435
1184
1434
1180
1437
1182
1432
1184
1432
1186
1427
1186
1430
1190
1432
1191
1436
1193
1438
1197
1441
1194
1444
1198
1444
1202
1442
1206
1442
1208
1444
1212
1446
1216
1447
1220
1440
1224
1441
1226
1444
1229
1448
1228
1437
1230
1434
1233
1434
1232
1435
1236
1438
1239
1442
1237
1443
1236
1416
1235
1412
1231
1414
1232
1416
1420
1423
1426
1807
1426
1810
1430
1814
1432
1815
1420
1815
1402
1816
1401
1819
1401
1823
1397
1815
1401
1819
1399
1821
1402
1817
1405
1819
1409
1823
1407
1821
1410
1823
1414
1824
1418
1827
1422
1811
1413
1815
1412
1819
1412
1820
1416
1821
1415
1819
1417
1823
1413
1826
1416
1829
1416
1829
1418
1832
1418
1834
1418
1835
1415
1837
1419
1840
1415
1844
1848
1851
1977
1849
1844
1972
1847
1958
1851
1957
1855
1940
1859
1931
1862
1917
1864
1913
1862
1913
1865
1914
1860
1897
1863
1896
1858
1895
1860
1880
1863
1859
1867
1862
1871
1855
1873
1859
1866
1863
1867
1844
1868
1830
1867
1834
1869
1837
1873
1837
1876
1840
1880
1837
1879
1824
1883
1823
1881
1819
1874
1819
1878
1822
1880
1825
1881
1807
1884
1796
1882
1778
1883
1777
1885
1776
1889
1777
1892
1778
1894
1781
1896
1783
1900
1782
1904
1779
1900
1778
1895
1774
1897
1892
1780
1894
1763
1898
1760
1900
1739
1895
1739
1899
1732
1898
1734
1902
1736
1905
1739
1901
1729
1905
1707
1906
1908
1902
1903
1905
1904
1908
1910
1909
1905
1891
2244
1890
2244
1893
2245
1895
2215
1897
2219
1900
2206
1900
2208
1894
2196
1898
2180
1900
2120
1896
2100
1898
2051
1901
1910
1896
1911
1900
1911
1902
1897
1901
1872
1903
1907
1904
1904
1906
1910
1913
1917
2447
1914
2446
1914
2450
1905
2436
1908
2438
1912
2420
1914
2402
1918
2394
1921
2395
1924
2390
2371
2336
2332
2287
2251
2255
2259
2231
2193
2174
2122
2114
2088
2090
2094
2087
2086
2030
2632
2606
2578
2491
2472
2453
2317
2226
2229
2215
2766
2766
2769
2770
2774
2752
2754
2758
2743
2746
2726
2728
2730
2731
2728
2725
2721
2722
2725
2720
2721
2720
2714
2703
2694
2698
2701
2702
2695
2698
2697
2700
2702
2703
2701
2691
2690
2690
2688
2689
2692
2696
2700
2699
2697
2697
2699
2688
2686
2690
2694
2681
2683
2677
2676
2664
2664
2666
2670
2674
2678
2681
2668
2663
2667
2661
2665
2651
2653
2657
2654
2656
2658
2649
2641
2634
2638
2640
2642
2645
2645
2647
2643
2637
2640
3697
3699
3700
3673
3663
3664
3663
3652
3630
3632
3630
3633
3617
3620
3623
3612
3614
3616
3620
3608
3611
3608
3610
3568
3570
3572
3574
3547
3548
3529
3527
3525
3526
3521
3513
3512
3516
3520
3516
3477
3481
3479
3471
3443
3443
3439
3425
3429
3418
3421
3425
3426
5
9
6
14
6
21
27
32
25
6
48
6
51
54
23
61
65
62
68
57
67
60
68
61
73
65
100
110
87
85
89
92
89
94
132
95
95
97
43
98
78
124
145
137
115
143
120
6
112
153
106
105
6
91
93
210
99
78
106
214
105
107
151
109
152
110
114
9
123
125
166
128
169
123
166
124
159
127
163
130
129
207
132
200
131
21
123
127
187
131
134
285
141
288
289
149
145
149
181
156
158
75
154
51
156
9
25
158
26
162
344
146
340
150
336
12
338
157
80
161
163
347
167
157
158
86
153
348
149
350
152
154
348
152
6
442
161
477
163
166
27
168
169
57
48
48
171
26
169
407
170
170
483
173
173
480
172
176
48
175
450
179
440
182
172
563
171
174
176
516
480
181
169
589
163
159
483
162
166
49
169
483
172
72
175
177
454
169
444
172
173
491
173
483
175
486
178
171
470
170
496
170
499
172
176
472
179
451
182
184
439
180
443
176
423
166
416
167
411
170
167
415
166
257
260
760
430
756
740
410
736
740
385
730
371
721
373
719
296
721
256
716
710
371
703
614
707
693
677
357
673
351
673
343
669
837
669
347
674
673
669
739
670
743
662
739
662
734
651
652
737
642
740
638
741
630
744
620
730
616
729
619
621
728
620
731
623
732
625
734
622
738
624
737
624
628
388
629
632
754
628
754
629
728
629
722
631
725
629
717
621
721
623
714
625
716
614
707
610
711
588
703
592
699
589
700
593
704
597
704
593
805
594
593
764
595
598
723
595
701
592
697
553
614
535
604
521
599
520
592
524
589
582
1064
1120
1048
1118
980
1113
984
972
1115
932
1117
878
1113
840
1111
842
1114
817
1116
753
1114
647
1118
1159
1122
1157
1124
1160
1128
1162
1132
1161
1135
1165
1124
1169
1125
1173
1125
1175
1128
1177
1123
1166
1116
1167
1116
1165
1114
1161
1099
1163
1100
1152
1102
1156
1104
1160
1099
1162
1103
1152
1094
1155
1095
1153
1097
1157
1099
1161
1103
1165
1106
1169
1108
1170
1110
1173
1109
1176
1099
1174
1101
1170
1166
1100
1169
1104
1170
1108
1174
1097
1176
1093
1170
1091
1172
1091
1173
1093
1178
1095
1181
1098
1173
1099
1170
1100
1172
1098
1172
1098
1170
1101
1172
1103
1173
1107
1176
1111
1168
1114
1171
1117
1164
1113
1167
1111
1147
1115
1151
1119
1154
1113
1152
1114
1154
1113
1156
1151
1121
1151
1121
1152
1114
1148
1112
1145
1116
1148
1119
1147
1119
1147
1123
1151
1124
1153
1123
1155
1127
1153
1123
1153
1116
1156
1120
1158
1123
1161
1124
1163
1124
1167
1128
1164
1569
1168
1171
1139
1171
1156
1145
1152
1152
1147
1156
1151
1160
1144
1147
1168
1148
1166
1148
1161
1149
1164
1147
1150
1171
1150
1171
1153
1173
1155
1177
1152
1165
1156
1169
1159
1169
1159
1171
1163
1175
1167
1165
1166
1166
1165
1167
1166
1170
1168
1173
1171
1176
1165
1174
1166
1173
1172
1175
1417
1421
1418
1422
1423
1422
1417
1420
1419
1420
1423
1417
1414
1413
1416
1420
1412
1398
1402
1396
1395
1391
1374
1381
1382
1384
1387
1384
1383
1385
1389
1389
1383
1384
1379
1925
1923
1927
1867
1824
1745
1737
1740
1670
2001
1624
2004
1567
2006
1538
2010
1528
2011
1518
2008
1499
2010
2010
2007
2010
2012
2016
2043
2017
2046
2021
2020
2023
2007
2020
2008
2020
2011
2023
2013
2027
2014
2025
2014
2015
2011
2016
2007
2007
2005
2007
2009
1999
2013
1998
2017
1952
2010
1951
2011
1945
2014
1946
2017
1950
2020
1945
2023
1944
2022
1945
2025
1948
2027
1949
2023
1949
2022
1953
2020
1938
2019
1939
2020
1935
2021
1938
2018
1935
2020
1931
2012
1923
2013
1925
2013
1927
2015
1928
2014
1931
2015
1935
2018
1938
2021
1930
2023
1933
2026
1930
2025
1933
2028
1926
2025
1925
2028
1924
2031
1924
2034
1915
2033
1907
2033
1895
2019
1876
2022
1875
2023
1868
2024
1872
2027
1874
2025
1877
2023
1875
2025
1879
2009
1877
2008
1876
2008
1874
2009
1857
2011
1840
2014
1815
2016
1810
2010
1814
2012
1811
2008
2012
2008
2011
2015
2017
2019
2019
2022
2025
2320
2026
2300
2029
2278
2030
2278
2030
2281
2034
2271
2035
2244
2039
2241
2036
2242
2040
2244
2042
2248
2046
2251
2050
2251
2053
2226
2054
2219
2058
2223
2051
2211
2054
2212
2057
2194
2046
2196
2050
2198
2054
2188
2057
2191
2056
2173
2055
2143
2056
2142
2056
2130
2059
2133
2063
2096
2066
2076
2065
2078
2068
2077
2058
2064
2060
2062
2059
2056
2053
2055
2052
2054
2054
2987
2988
2985
2988
2989
2984
2979
2982
2981
2980
2981
2984
2988
2990
2983
2971
2975
2976
2979
2980
2976
2977
2976
2964
2968
2963
2964
2964
2966
2970
2974
2978
2971
2973
2973
2977
2979
2975
2973
2965
2954
2955
2959
2962
2964
2963
2955
2954
2958
2959
2963
2962
2966
2969
2960
2961
2957
2951
2953
2956
2960
2961
2955
2958
2952
2952
2938
2940
2930
2933
2930
2933
2937
2933
2936
2924
2927
2925
2923
2921
2921
2924
2916
2909
2883
2887
2891
2895
2864
2862
2863
2916
2915
2913
3398
3389
3384
3363
3360
3339
3341
3320
3323
3312
3309
3292
3294
3289
3284
3278
3276
3271
3273
3270
3264
3235
3228
3224
3193
3181
3176
3173
3167
3163
3158
3133
3137
3133
3124
3128
3119
3115
5
5
9
6
6
24
14
22
39
28
48
37
34
55
62
45
18
64
73
63
74
65
6
64
67
83
67
76
100
84
85
106
88
92
106
98
102
97
104
101
6
138
141
118
121
120
125
133
113
133
174
137
140
156
188
117
188
122
224
188
227
185
234
221
238
78
225
124
241
219
23
194
162
250
254
173
254
173
259
252
265
179
268
301
267
267
9
303
273
308
273
271
313
270
317
269
312
271
311
6
324
285
89
291
331
295
298
224
300
163
304
165
300
46
9
311
32
305
304
38
305
308
26
311
200
315
301
169
300
139
302
85
302
83
305
300
6
300
303
305
98
309
303
357
304
94
302
351
303
12
22
310
313
76
37
19
326
360
330
362
327
363
331
336
339
21
342
544
346
508
343
511
346
349
519
350
518
344
509
346
348
507
352
511
351
351
515
353
503
357
492
361
487
364
489
367
483
366
461
362
446
364
394
362
371
363
358
367
369
364
373
351
375
340
378
334
381
328
385
332
379
331
378
308
379
284
385
287
389
281
392
266
394
265
397
391
267
393
264
391
265
385
384
276
371
274
373
275
372
274
375
270
374
272
271
376
264
379
373
377
379
380
344
376
379
371
370
372
366
360
349
677
343
680
347
655
351
647
340
651
568
566
546
539
535
490
878
489
875
479
878
477
871
471
857
857
852
856
984
854
985
856
854
979
855
978
858
978
856
978
860
979
864
863
985
863
986
863
985
861
988
864
992
867
995
869
995
873
996
877
986
880
990
880
994
875
989
876
878
996
882
999
882
1002
881
1000
884
1003
888
1004
892
1003
886
1007
890
1011
892
1015
895
1016
889
1018
887
1011
889
1013
892
1011
896
1003
895
1007
892
1007
890
999
894
994
881
998
882
997
886
1001
885
1003
882
1007
885
1011
888
1011
892
1012
878
1014
880
1009
875
1000
873
994
875
997
877
996
881
987
883
951
887
950
885
951
879
954
881
956
879
954
877
953
853
954
854
956
856
860
959
864
962
867
951
857
950
858
951
851
950
855
949
859
953
847
955
850
950
844
954
848
957
852
957
855
961
855
960
857
964
855
963
859
964
861
965
865
961
856
963
860
964
864
965
865
965
868
968
962
959
962
957
960
1430
958
1427
961
1431
964
1435
966
1414
964
1415
961
1411
965
1415
968
1409
1409
973
1393
974
1397
973
1380
972
1382
1380
1521
1381
1520
1381
1523
1384
1522
1380
1513
1365
1515
1367
1511
1371
1515
1362
1502
1359
1492
1358
1495
1346
1493
1344
1496
1348
1496
1345
1497
1332
1493
1335
1495
1327
1492
1326
1494
1320
1483
1321
1478
1315
1481
1315
1484
1296
1482
1290
1486
1289
1483
1289
1482
1288
1484
1289
1487
1290
1463
1272
1462
1276
1466
1278
1466
1277
1470
1279
1470
1272
1466
1267
1460
1271
1460
1274
1459
1278
1458
1265
1461
1269
1458
1272
1459
1268
1446
1267
1450
1257
1447
1261
1446
1265
1449
1263
1453
1262
1457
1252
1459
1256
1462
1259
1466
1254
1462
1465
1459
1463
1455
1458
1460
1448
1449
1452
1447
1444
1446
1675
1441
1421
1427
1342
1431
1430
1428
1432
1436
1434
1438
1441
1442
1442
1444
1447
1451
1451
1446
1449
1441
1434
1435
1432
1428
1421
1965
1969
1960
1955
1954
1948
1950
1951
1953
1952
1956
1953
1952
1948
1952
1956
1962
1956
1933
1955
1936
1955
1901
1959
1901
1963
1905
1961
1898
1963
1901
1965
1903
1961
1878
1965
1882
1964
1882
1967
1871
1969
1864
1964
1858
1967
1856
1970
1860
1961
1844
1965
1838
1969
1837
1969
1790
1960
1787
1963
1788
1959
1754
1939
1754
1942
1737
1945
1722
1947
1701
1949
1704
1953
1705
1954
1672
1958
1674
1959
1678
1955
1670
1946
1949
1953
1951
1948
1948
1950
1947
1951
1955
1958
1961
2228
1958
2212
1958
2212
1959
2210
1963
2210
1962
2208
1959
2203
1961
2202
1965
2206
1964
2208
1964
2206
1964
2206
1966
2207
1965
2202
1965
2204
1967
2206
1969
2181
1973
2183
1958
2178
1962
2178
1961
2180
1957
2179
1950
2174
1948
2174
1950
2172
1952
2171
1954
2170
1958
2167
1956
2163
1958
2163
1961
2161
1954
2165
1958
2155
1958
2148
1955
2152
1950
2138
1953
2137
1954
2141
1958
2144
1961
2118
1962
2118
1964
2118
1960
2122
1958
2126
1949
2126
1948
2103
2106
2101
2102
2100
2081
2072
2073
2077
2080
2063
2067
2056
2051
2051
2040
2031
2492
2433
2415
2409
2343
2305
2251
2247
2248
2222
2196
2130
2130
3046
3040
3040
3038
3036
3038
3040
3035
3025
3028
3029
3027
3020
3023
3023
3026
3030
3031
3030
3028
3028
3030
3018
3017
3021
3019
3017
3012
3014
3017
3016
3020
3024
3026
3027
3029
3032
3030
3034
3028
3029
3027
3028
3030
3031
3034
3033
3036
3037
3036
3034
3033
3033
3037
3041
3040
3037
3037
3039
3038
3041
3039
3027
3013
3013
3010
3010
3014
3018
3021
3024
3021
3022
3022
3022
3020
3019
3008
3010
2998
2999
3002
2995
2998
3002
3003
3002
3000
2998
2999
3001
3003
3007
3002
3004
3007
3004
3005
3009
3012
3012
3014
3018
3019
3023
3026
3022
3019
3020
3023
3026
3030
3034
3035
4344
4344
4339
4336
4322
4277
4273
4264
4266
4173
4146
4118
4052
3982
3980
3939
5
5
8
6
9
27
26
17
39
37
42
49
50
64
68
58
69
82
48
85
95
84
90
101
93
72
100
24
115
118
116
88
119
138
131
19
144
147
138
153
146
157
149
99
75
157
177
171
168
183
6
190
178
181
184
218
173
21
195
215
198
110
205
246
209
211
116
214
215
247
210
287
214
218
281
218
222
225
296
294
230
234
305
235
304
236
311
237
310
241
312
245
238
240
325
237
325
238
233
350
357
344
250
251
228
293
209
127
174
271
170
278
159
159
278
155
110
289
85
293
85
297
66
293
422
426
303
418
308
418
310
504
10
300
320
479
317
320
322
123
324
528
328
329
327
328
136
332
256
336
68
339
343
130
350
570
353
574
353
352
578
356
356
65
359
574
363
578
364
586
365
365
369
544
364
366
531
370
523
251
526
161
497
385
374
482
376
431
374
432
372
434
366
387
367
373
371
377
371
378
293
216
377
379
195
383
189
379
658
378
644
381
643
384
388
644
388
637
391
629
394
630
396
633
398
399
638
402
634
406
629
410
630
412
631
416
633
419
636
412
639
413
642
412
632
413
631
414
633
416
634
412
630
416
626
418
621
421
624
425
627
427
625
426
620
430
617
426
618
423
619
426
622
415
624
419
628
628
424
632
422
421
637
420
636
423
632
427
635
430
639
432
638
435
437
627
438
626
442
630
442
631
438
635
636
639
641
637
639
632
625
623
627
629
1023
1027
633
1030
636
1025
640
996
643
996
638
996
641
1000
643
987
647
989
631
982
633
985
636
988
628
969
632
962
636
962
637
963
641
951
636
955
638
958
632
961
956
638
959
631
956
634
944
637
938
639
928
638
924
643
926
647
905
644
878
1155
878
1152
879
1156
873
1159
873
1161
874
1164
873
1166
871
1167
863
860
1172
1167
853
1171
852
1173
825
1174
823
1175
827
1171
827
1173
824
1168
824
1171
825
1171
828
1172
829
1171
819
1172
819
1175
814
1165
818
1164
816
1168
806
1171
801
1159
804
1161
805
1163
806
1160
808
1159
812
1159
814
1163
1337
1165
1339
1336
1167
1333
1170
1337
1167
1334
1171
1334
1175
1334
1176
1338
1169
1342
1167
1345
1169
1348
1173
1352
1177
1351
1177
1355
1180
1355
1183
1358
1187
1360
1187
1364
1191
1361
1191
1358
1188
1353
1170
1355
1173
1347
1174
1346
1176
1349
1165
1347
1165
1350
1162
1352
1151
1351
1144
1350
1147
1352
1150
1353
1150
1357
1154
1348
1150
1349
1350
1157
1333
1156
1337
1157
1341
1161
1345
1157
1331
1161
1327
1165
1330
1166
1330
1170
1333
1170
1337
1171
1339
1174
1341
1165
1338
1167
1340
1143
1339
1145
1333
1337
1150
1340
1154
1343
1150
1345
1152
1339
1155
1343
1156
1341
1152
1329
1153
1331
1137
1324
1138
1320
1130
1323
1315
1317
1659
1321
1659
1325
1322
1660
1325
1658
1329
1652
1332
1655
1330
1636
1328
1632
1328
1636
1331
1636
1639
1329
1640
1331
1642
1333
1645
1336
1646
1335
1646
1338
1644
1329
1647
1333
1645
1337
1645
1334
1649
1334
1325
1649
1329
1647
1323
1635
1324
1638
1326
1638
1330
1635
1332
1635
1316
1631
1312
1623
1315
1605
1315
1609
1319
1610
1320
1614
1322
1609
1604
1592
1586
1586
1590
1580
1577
1579
1581
1581
1583
1578
1581
1581
1584
1583
1920
1586
1921
1584
1924
1561
1926
1559
1930
1563
1934
1565
1938
1559
1936
1563
1939
1567
1940
1567
1938
1567
1935
1570
1932
1574
1936
1576
1934
1573
1936
1569
1940
1573
1937
1576
1935
1579
1939
1583
1940
1588
1930
1589
1933
1591
1925
1594
1929
1594
1932
1597
1936
1597
1940
1600
1944
1600
1942
1602
1940
1603
1930
1605
1928
1595
1923
1596
1922
1599
1919
1595
1918
1597
1914
1598
1918
1918
1916
1919
1919
1918
1921
1919
1922
1919
1923
2151
1923
2138
1923
2099
1925
2099
1929
2103
1931
1932
2102
1936
2093
1940
2084
1942
2058
1927
2035
1929
2034
1929
2033
1932
2014
1924
2016
1927
2018
1931
2021
1930
2020
1926
2017
1928
1931
2011
1931
2012
1931
2002
1934
2003
1936
2007
1936
1996
1933
1994
1934
1965
1936
1960
1936
1904
1934
1890
1935
1884
1933
1884
1935
1887
1936
1891
1936
1894
1938
1892
1928
1886
1931
1864
1924
1867
1911
1866
1915
1911
1913
1916
1918
1919
1922
1925
1929
1930
1928
1932
1936
1940
1940
1944
1938
1939
2554
2402
2392
2367
2369
2340
2298
2285
2273
2240
3023
3016
3018
2990
2973
2957
2961
2956
2952
2948
2949
2936
2921
2907
2909
2913
2916
2906
2888
2873
2860
2817
2811
2790
2779
2776
2758
2757
2747
2728
2729
2730
2709
2690
2900
3317
3320
3321
3312
3296
3297
3301
3297
3293
3290
3282
3286
3285
3288
3279
3251
3254
3236
3236
3240
3241
3244
3242
3244
3200
3198
3200
3199
3195
3193
3193
3180
3179
3183
3183
3185
3177
3149
3153
3148
3149
3152
3152
3143
3147
3145
3149
3152
3138
3135
3139
3138
3131
3123
3123
3126
3121
3120
3122
3218
3218
3212
3192
3196
3172
3166
3168
3171
3171
3848
3842
3843
3845
3848
3851
3845
3847
3837
3820
3823
3821
3806
3806
3780
3784
3785
3787
3781
3727
3713
3708
3700
3700
3703
3705
3698
3701
3696
3684
3664
3662
3659
3629
3619
3621
3617
3613
3593
3576
3573
3577
3579
3570
3568
3565
3559
3539
6
5
5
15
20
22
14
21
36
22
33
25
54
61
38
68
65
20
65
68
72
69
66
73
67
64
98
100
62
64
66
59
39
113
29
120
34
109
40
140
152
41
170
94
6
143
5
139
143
72
160
150
12
157
156
220
64
33
176
107
183
9
117
25
111
29
95
98
96
213
215
125
217
104
209
205
102
200
106
203
107
198
199
196
107
193
111
113
111
14
103
10
358
210
23
212
216
376
384
218
388
208
205
395
200
28
175
18
179
10
174
11
179
178
178
178
179
170
155
459
152
461
151
159
314
158
274
162
166
281
169
247
170
496
173
176
503
174
175
249
174
265
173
171
42
174
172
24
155
252
153
240
156
283
156
153
204
567
185
571
575
130
579
123
94
584
580
102
583
98
584
81
585
84
74
584
217
591
190
598
627
602
628
606
628
609
631
613
634
612
636
636
620
639
622
639
624
641
619
635
622
639
626
641
624
640
627
644
631
639
635
640
638
644
633
633
725
636
729
639
642
720
641
721
645
718
646
722
645
715
640
707
640
643
714
643
711
644
701
633
703
636
703
639
642
703
639
706
642
706
640
702
643
708
645
649
716
650
719
657
712
659
713
658
717
657
718
658
719
661
715
658
717
661
720
664
717
661
707
664
710
662
711
662
935
663
665
870
666
869
670
866
674
838
677
836
666
840
667
837
652
800
655
657
746
659
726
657
729
657
644
659
590
655
561
658
524
656
512
659
485
644
924
644
927
647
650
826
652
829
651
822
648
645
821
634
820
630
824
633
637
972
641
642
645
979
645
646
1038
650
1044
654
1034
657
1012
649
653
962
655
964
646
940
645
938
648
649
945
653
930
650
935
648
908
652
656
906
654
873
649
872
651
876
857
844
839
804
777
778
759
743
715
716
714
1249
1265
1214
1268
1218
1270
1197
1273
1193
1277
1189
1280
1188
1281
1178
1275
1156
1279
1146
1283
1124
1284
1120
1285
1090
1288
1087
1288
1288
1088
1284
1070
1283
1062
1285
1024
1287
1019
1289
1011
1290
990
1294
980
1298
982
1302
975
1298
967
1299
971
1303
965
1307
959
1310
953
1313
957
1311
897
1313
901
1314
1318
1316
1318
1319
1305
1319
1309
1322
1310
1322
1314
1320
1315
1323
1302
1301
1302
1302
1299
1297
1301
1301
1302
1289
1306
1293
1310
1283
1311
1284
1315
1284
1318
1273
1321
1277
1316
1280
1318
1276
1317
1273
1319
1277
1319
1276
1321
1270
1325
1273
1327
1266
1331
1266
1335
1269
1327
1273
1321
1264
1320
1267
1324
1266
1323
1268
1327
1269
1324
1273
1312
1274
1316
1276
1312
1279
1313
1283
1316
1279
1315
1278
1318
1276
1321
1278
1323
1275
1327
1272
1330
1265
1330
1267
1334
1259
1335
1263
1339
1259
1343
1254
1347
1251
1345
1254
1348
1241
1349
1240
1353
1243
1357
1246
1359
1247
1354
1246
1356
1246
1360
1248
1355
1252
1356
1256
1357
1259
1358
1263
1350
1267
1353
1357
1275
1359
1276
1354
1280
1358
1281
1360
1274
1362
1276
1365
1274
1369
1275
1361
1278
1355
1279
1358
1280
1362
1281
1364
1280
1359
1362
1361
1363
1362
1850
1361
1825
1360
1806
1361
1759
1358
1754
1362
1752
1366
1685
1370
1372
1678
1373
1650
1377
1602
1381
1574
1383
1568
1385
1564
1388
1491
1392
1446
1396
1443
1400
1445
1404
1407
1413
1410
1415
1411
1414
1650
1654
1642
1627
1623
1620
1621
1583
1566
1524
1524
1529
1528
1531
2136
2139
2139
2142
2146
2148
2133
2134
2131
2135
2134
2134
2138
2140
2141
2125
2128
2131
2135
2135
2137
2141
2140
2132
2120
2113
2111
2114
2121
2118
2121
2118
2118
2110
2114
2118
2122
2116
2091
2315
2095
2318
2096
2319
2072
2322
2075
2316
2079
2320
2079
2323
2071
2323
2069
2320
2067
2323
2071
2324
2073
2327
2072
2320
2061
2324
2052
2328
2053
2327
2057
2331
2048
2335
2051
2339
2055
2337
2059
2341
2058
2344
2043
2345
2043
2347
2038
2344
2032
2345
2029
2345
2019
2332
2023
2335
2015
2331
2014
2334
2012
2316
2015
2290
2015
2293
2017
2296
2020
2299
2024
2292
2024
2271
2023
2275
2021
2278
2024
2282
2028
2286
2028
2290
2293
2027
2291
2292
2030
2288
2023
2288
2021
2291
2020
2295
2024
2295
2298
2302
2310
2301
2289
2281
2279
2272
2268
2272
2276
2278
2274
2278
2275
2271
2263
2259
2263
2265
2266
2261
2264
2263
2265
2267
2259
2259
2258
2261
2265
2268
2272
2257
2259
2258
2259
2261
2258
2456
2261
2416
2262
2341
2264
2331
2254
2319
2254
2322
2291
2272
2276
2589
2592
2596
2595
2598
2597
2601
2592
2594
2596
2596
2598
2600
2592
2588
2590
2583
2576
2577
2560
2564
2568
2564
2557
2561
2558
2548
2527
2520
2504
2506
2502
2502
2493
2486
2477
2472
6044
6044
6047
6050
6036
6032
6030
6017
6017
6021
6022
6024
6025
6028
6028
6032
6035
6037
6041
6040
6044
6048
6046
6047
6050
6052
6050
6054
6023
6005
6002
6006
6010
6004
6005
6005
6009
6012
6015
6013
6017
6015
6015
6008
6008
6005
6008
6010
6008
6004
6002
5992
5995
5998
5998
6000
5997
5998
5988
5983
5986
5984
5988
5990
5994
5998
5998
5985
5987
5986
5989
5984
5987
5991
5994
5991
5994
5997
5989
5988
5978
5962
5957
5959
5959
5959
5952
5956
5957
5960
5963
5961
5958
5960
5959
5
5
6
6
5
11
16
28
12
9
29
31
6
33
55
52
63
50
10
50
49
5
57
8
60
5
71
68
20
71
72
75
74
133
102
111
139
146
116
147
122
151
117
155
40
134
123
128
126
97
129
138
132
182
127
126
5
162
159
159
225
179
228
148
239
154
242
136
126
186
59
25
128
125
266
266
88
78
26
277
228
297
279
301
278
274
80
276
239
249
253
219
257
258
256
8
243
268
6
271
265
5
269
297
273
300
276
301
275
296
281
10
306
279
278
365
279
283
345
285
275
296
276
247
280
237
360
412
409
192
416
369
418
408
83
412
400
80
404
402
516
404
521
385
525
387
388
528
529
391
530
376
519
383
516
383
521
367
525
370
527
371
531
351
354
521
350
522
351
526
528
344
529
338
498
337
493
341
341
490
337
493
339
496
337
491
476
329
475
326
327
478
299
592
299
303
599
305
305
603
306
610
307
610
309
614
300
608
300
608
298
600
292
593
295
297
289
550
270
551
270
554
278
282
279
572
283
575
285
572
288
576
292
571
291
568
270
564
271
565
275
567
277
673
424
676
336
682
317
678
659
594
647
649
598
644
600
643
646
608
650
611
652
618
652
620
656
627
656
621
658
617
658
616
659
619
645
620
646
624
646
514
649
651
637
646
641
645
644
636
635
651
632
656
635
659
635
637
665
638
662
639
664
641
663
645
662
642
666
640
664
642
642
665
644
666
631
667
635
674
639
677
637
640
674
641
674
638
676
639
665
643
661
645
665
632
667
622
669
622
666
624
661
627
662
616
659
620
635
624
630
616
628
616
628
616
629
607
634
608
626
611
626
624
625
629
632
630
629
811
777
771
762
744
727
714
775
764
742
745
705
706
1204
1207
1202
1206
1208
1210
1212
1211
1213
1217
1246
1204
1239
1203
1242
1202
1190
1206
1158
1205
1158
1207
1203
1164
1200
1167
1196
1151
1199
1200
1117
1203
1116
1201
1117
1205
1109
1207
1069
1206
1058
1210
1012
1212
1008
1212
999
1212
998
1214
996
1212
991
1214
979
1216
971
1217
966
1221
949
1224
949
1228
952
1223
955
1205
946
1205
927
1208
927
1209
934
1211
938
1208
1211
1212
1216
1219
1482
1223
1485
1225
1483
1223
1481
1227
1478
1475
1223
1459
1225
1450
1224
1444
1221
1410
1219
1403
1223
1396
1217
1391
1221
1390
1225
1389
1223
1378
1218
1221
1357
1219
1356
1215
1332
1216
1329
1220
1327
1217
1331
1218
1331
1221
1335
1224
1335
1228
1337
1232
1338
1234
1333
1237
1297
1241
1297
1242
1297
1245
1288
1227
1278
1227
1258
1230
1258
1229
1252
1232
1253
1235
1255
1237
1258
1238
1253
1233
1257
1226
1260
1221
1241
1224
1235
1225
1216
1226
1211
1221
1202
1221
1197
1225
1558
1221
1562
1221
1561
1225
1562
1224
1559
1224
1562
1224
1566
1224
1563
1228
1563
1232
1558
1551
1553
1556
1546
1548
1549
1553
1557
1558
1560
1564
1566
1564
1543
1534
1535
1535
1539
1543
1545
1794
1547
1798
1551
1802
1553
1799
1551
1802
1551
1799
1554
1800
1558
1803
1561
1805
1564
1799
1788
1567
1789
1570
1788
1574
1792
1567
1796
1568
1797
1572
1799
1570
1803
1574
1786
1578
1786
1581
1787
1584
1790
1576
1790
1580
1793
1575
1793
1578
1793
1572
1796
1572
1798
1574
1794
1579
1797
1575
1798
1576
1794
1580
1791
1581
1793
1584
1796
1570
1799
1567
1799
1559
1800
1559
1804
1562
1808
1564
1810
1568
1813
1572
1809
1569
1812
1571
1815
1564
1808
1809
1813
1813
1817
1819
1819
2086
1821
2090
1825
2087
1829
2090
1827
2091
1819
2092
1813
2090
1817
2067
1819
2071
1817
2072
1817
2071
1808
2058
1811
2057
1813
2058
1817
2059
1820
2057
1820
2054
1821
2042
1817
2044
1814
2023
1803
2016
1807
1991
1807
1986
1809
1989
1798
1993
1796
1988
1794
1968
1792
1963
1779
1966
1781
1957
1779
1955
1778
1950
1780
1946
1781
1930
1785
1921
1786
1919
1790
1914
1794
1911
1795
1910
1796
1914
1901
1897
1891
1876
1864
1868
1855
1852
1855
1851
2411
2409
2409
2408
2403
2395
2379
2381
2385
2384
2383
2378
2380
2384
2379
2382
2386
2385
2386
2382
2381
2375
2378
2380
2380
2380
2383
2387
2391
2389
2387
2391
2395
2376
2356
2355
2359
2362
2350
2337
2332
2332
2332
2335
2327
2331
2330
2330
2334
2333
2332
2333
2335
2332
2328
2332
2333
2337
2339
2343
2346
2349
2350
2354
2357
2359
2363
2367
2371
2375
2379
2382
2386
2388
2386
2388
2392
2394
2384
2388
2388
2389
2380
2379
2381
2381
2383
2387
2387
2386
2384
2383
2387
2376
2379
2382
2380
2382
2383
2387
2385
2391
2394
2592
2562
2545
3344
3316
3293
3295
3230
3116
3107
3079
3072
3041
3032
3968
3938
3914
3915
3880
3876
3874
3862
3811
3774
3755
3759
3748
3739
3733
3688
3673
3652
3621
3625
3600
3590
3584
3580
3584
4685
4688
4689
4672
4656
4649
4646
4639
4630
4633
4629
4624
4611
4612
4608
4612
4616
4617
4618
4622
4621
4617
4620
4624
4626
4629
4625
4624
4615
4616
4601
4605
4606
4606
4607
4598
4599
4603
4603
4602
4591
4588
4574
4576
4572
4572
4566
4570
4568
4555
4551
4555
4552
4545
4546
4543
4543
4543
4537
4537
4538
4540
4529
4530
4534
4538
4537
4535
4527
4510
4510
4510
4503
4505
5
5
5
12
5
22
6
32
35
18
15
46
7
31
9
40
66
40
74
48
45
41
25
66
6
5
74
59
7
38
79
26
74
22
78
46
73
8
69
153
55
153
60
146
57
39
152
35
146
28
31
171
35
175
26
7
171
206
179
207
5
186
219
224
195
5
226
201
227
230
226
242
233
79
230
259
228
226
232
225
261
224
228
255
217
286
218
221
295
127
227
235
132
238
136
238
99
64
40
31
249
249
117
251
84
249
250
256
260
262
344
263
338
266
330
268
304
257
304
255
311
257
314
254
318
261
12
258
261
5
265
436
268
265
26
266
5
268
270
272
22
262
15
255
21
258
383
262
266
381
266
263
380
250
55
16
31
35
262
53
265
261
38
38
12
19
276
18
275
428
277
429
426
283
282
428
283
415
287
415
287
399
291
400
294
406
293
408
286
404
286
376
283
377
285
285
371
289
372
276
367
280
369
364
289
364
279
352
279
350
283
350
286
351
286
347
285
351
287
315
290
310
286
290
287
291
277
277
281
271
285
266
288
242
292
296
253
298
253
302
257
301
296
263
296
256
291
258
295
255
296
254
299
244
281
285
238
279
262
265
268
812
270
804
807
806
801
803
806
810
810
791
796
799
801
798
795
799
797
795
774
777
763
767
770
772
773
777
962
783
964
777
960
781
960
775
963
777
964
780
968
778
971
780
972
777
971
776
973
776
973
767
975
768
977
767
980
768
983
750
987
749
988
747
985
749
988
751
988
755
991
754
994
748
994
750
996
740
997
742
1000
743
1001
743
1005
745
1003
746
1000
739
1004
741
1007
741
1004
745
1007
748
1011
751
1015
749
1012
752
1003
756
760
1008
760
1012
764
1014
760
1013
761
1014
760
1011
751
1010
750
1005
749
991
744
994
748
991
751
991
755
989
755
759
995
759
996
762
995
761
994
764
990
764
993
768
990
769
994
771
996
769
985
772
986
775
988
776
987
780
979
775
981
775
985
774
988
777
984
777
987
781
987
785
991
789
984
793
988
793
989
793
990
793
993
993
992
989
1359
991
1360
995
1338
998
1334
994
1337
992
1338
992
1331
996
1332
1000
1317
1003
1321
1000
1325
997
1322
992
1325
989
1323
991
1315
994
1303
996
1294
1000
1296
1004
1300
1002
1301
1004
1300
1004
1301
1005
1305
999
1302
1003
1303
1004
1299
1006
1303
1007
1268
1008
1265
1012
1256
1012
1240
1010
1224
1012
1222
1011
1220
1014
1219
1015
1219
1009
1219
1013
1217
1017
1203
1001
1180
1169
1164
1154
1154
1157
1156
1159
1163
1159
1154
1153
1156
1142
1144
1145
1144
1148
1151
1148
1150
1136
1138
1140
1683
1646
1601
1588
1568
1572
1502
1447
1446
1377
1380
1384
1771
1380
1772
1352
1775
1348
1779
1324
1783
1321
1784
1277
1788
1273
1790
1269
1790
1267
1794
1257
1798
1261
1800
1262
1799
1263
1803
1804
1806
1807
1810
1805
1809
1806
1795
1799
1803
1806
1810
1814
1818
1849
1821
1750
1820
1737
1824
1575
1824
1566
1828
1536
1832
1535
1823
1532
1827
1506
1831
1505
1835
1495
1834
1470
1837
1456
1836
1437
1828
1832
1835
1837
1962
1835
1938
1839
1940
1831
1943
1834
1947
1838
1941
1841
1943
1839
1842
1950
1844
1947
1845
1942
1844
1945
1844
1942
1842
1941
1845
1945
1847
1948
1846
1949
1850
1929
1853
1931
1857
1934
1860
1930
1858
1932
1859
1929
1858
1925
1844
1924
1838
1923
1841
1894
1845
1898
1847
1902
1851
1906
1854
1910
1858
1892
1846
1883
1849
1886
1848
1889
1849
1891
1852
1895
1855
1892
1859
1885
1863
1888
1865
1885
1864
1883
1868
1881
1863
1883
1865
1887
1865
1883
1869
1885
1870
1888
1859
1882
1855
1874
1859
1877
1862
1880
1866
1873
1870
1876
1873
1879
1865
1883
1867
1885
1859
1860
1855
1862
1856
1866
1860
1870
1854
1872
1856
1876
1858
1872
1855
1863
1856
1866
1853
1857
1855
1856
1855
1860
1859
1862
1860
1866
1852
1868
1854
1867
1857
1867
1861
1869
1860
1860
1863
1864
1860
1867
1864
1866
1856
1850
1870
1853
1869
1857
1865
1857
1857
1857
1861
1859
1862
1859
1865
1859
1862
1862
1863
1866
1863
1868
1867
1870
2240
2231
2226
2228
2223
2198
2187
2191
2181
2182
2183
2187
2188
2187
2191
2188
2168
2163
2165
2166
2170
2174
2159
2160
2159
2157
2156
2142
2142
2120
2117
2121
2124
2435
2127
2418
2111
2406
2113
2398
2110
2401
2114
2400
2108
2399
2096
2390
2098
2393
2098
2396
2102
2398
2391
2392
2386
2387
2387
2371
2367
2359
2353
2278
2278
2256
2259
2261
2260
2255
2247
2242
2239
2239
2243
2244
2238
2227
2230
3438
3403
3346
3304
3306
3258
3210
3213
3210
3210
3196
3185
3151
3136
3114
3118
3095
3039
3037
3018
3022
4424
4424
4428
4426
4429
4428
4430
4425
4427
4431
4432
4428
4416
4414
4410
4411
4411
4409
4393
4397
4398
4392
4396
4391
4393
4396
4393
4396
4387
4388
4386
4377
4360
4361
4362
4354
4352
4345
4338
4336
4338
4340
4344
4347
4350
4344
4348
4352
4350
4348
4348
4352
4334
4335
4328
4323
4318
4308
4302
4293
4290
4287
4288
4290
4294
4286
4289
4289
4290
4288
4292
4295
4295
4298
4294
4298
4300
4304
4299
4299
4303
4297
4295
4288
4290
4291
5
5
9
18
5
24
32
24
37
27
44
50
6
6
48
17
57
60
13
58
5
72
36
13
57
5
48
51
84
102
69
67
104
73
101
74
37
167
20
149
7
142
125
96
152
97
155
91
157
210
164
190
178
173
177
177
181
183
187
15
194
17
198
203
236
190
196
193
197
254
200
208
213
211
214
309
280
223
277
198
278
237
240
331
248
216
245
67
304
223
219
304
213
272
219
278
288
97
286
285
85
282
48
283
50
274
53
274
42
38
7
283
327
286
5
293
7
298
8
300
6
342
307
340
314
481
314
484
318
488
325
487
326
326
488
334
495
333
402
327
327
506
330
513
334
336
381
502
41
509
525
529
352
349
338
313
356
359
544
362
106
549
367
367
441
356
448
360
439
364
579
370
581
374
580
377
570
378
576
378
574
382
574
370
578
374
572
378
568
375
375
608
377
589
381
525
387
390
194
390
383
605
382
384
604
382
391
241
391
621
394
624
393
621
393
623
397
394
629
397
629
388
630
390
626
388
618
541
616
619
470
616
616
473
618
447
621
403
619
405
623
391
625
628
631
445
635
445
633
443
637
438
641
441
644
442
646
646
448
644
447
646
443
648
444
650
446
653
438
657
442
658
446
660
446
664
449
660
450
663
451
665
455
669
454
667
453
665
457
459
671
461
666
464
668
467
463
675
460
672
464
676
467
680
670
671
673
587
666
542
669
669
671
675
679
674
673
676
680
1013
684
1012
684
1016
668
1018
667
1022
668
1021
665
1016
665
1018
667
1022
664
1025
653
1024
1022
663
1023
665
1024
669
1026
670
1026
669
1029
671
1028
673
1028
671
1027
671
1027
674
1031
677
1032
677
1036
678
1040
677
1018
680
1000
684
1004
687
1001
691
986
695
986
695
969
696
972
974
956
952
954
957
960
967
1268
969
1253
968
1232
943
1159
945
1126
948
1115
949
1111
931
1080
934
1057
933
1048
924
1052
908
901
1044
886
1014
886
1018
887
1016
888
953
888
950
892
944
894
902
892
900
892
901
855
890
884
888
891
889
888
1301
892
1261
895
1215
898
1206
897
1182
895
1168
899
1122
966
962
961
930
1363
1022
1452
1425
1027
1531
1526
1525
1528
1527
1528
1530
1533
1530
1524
1579
1527
1575
1524
1577
1528
1576
1523
1568
1507
1569
1505
1565
1567
1500
1570
1493
1570
1482
1573
1481
1556
1471
1556
1463
1560
1461
1560
1465
1563
1465
1567
1465
1563
1466
1567
1467
1568
1455
1572
1457
1562
1455
1557
1454
1561
1443
1554
1446
1557
1449
1556
1443
1554
1446
1551
1446
1545
1540
1453
1541
1452
1543
1454
1534
1457
1536
1461
1539
1462
1542
1458
1539
1461
1542
1456
1542
1458
1540
1459
1535
1455
1529
1450
1531
1454
1531
1458
1522
1443
1445
1526
1449
1524
1452
1528
1452
1531
1454
1534
1450
1536
1454
1539
1455
1542
1446
1545
1450
1526
1454
1529
1457
1521
1456
1520
1453
1523
1455
1521
1455
1516
1453
1518
1457
1522
1461
1516
1465
1515
1468
1519
1468
1521
1468
1524
1465
1527
1463
1525
1460
1527
1425
1525
1425
1529
1412
1533
1413
1537
1416
1526
1419
1530
1534
1530
1528
1531
1533
1536
1531
2007
1531
2009
1531
1999
1531
1996
1534
2000
1531
1995
1527
1999
1528
1987
1531
1990
1529
1994
1525
1990
1529
1987
1531
1967
1535
1959
1538
1955
1538
1945
1542
1941
1544
1938
1940
1941
1945
1949
1947
1946
1944
1946
1935
1926
1929
1932
1915
1919
1910
1908
1893
1891
1891
1892
1890
1891
1878
1873
1873
1867
1870
1869
1873
1833
1830
1827
1830
1819
1793
1791
1793
1797
1801
1803
1802
1806
1806
1807
1810
1793
1794
1781
2146
2149
2150
2152
2152
2151
2153
2157
2159
2158
2159
2161
2161
2164
2167
2164
2159
2161
2154
2151
2140
2127
2123
2114
2397
2116
2401
2120
2403
2120
2405
2124
2407
2128
2407
2123
2411
2124
2407
2128
2403
2126
2405
2123
2404
2109
2403
2113
2404
2107
2402
2111
2401
2107
2404
2111
2402
2111
2399
2112
2402
2113
2405
2115
2400
2107
2404
2097
2407
2087
2406
2091
2407
2093
2411
2097
2413
2100
2417
2103
2419
2105
2417
2107
2415
2108
2419
2107
2423
2100
2427
2101
2429
2087
2428
2086
2431
2433
2431
2434
2438
2442
2440
2440
2440
2441
2439
2442
2440
2443
2439
2442
2443
2442
2445
2441
2444
2446
2446
2445
2449
2450
2448
2451
2451
2455
2457
2459
2461
2465
2459
2631
2461
2625
2464
2595
2466
2576
2470
2543
2466
2501
2467
2467
2470
2372
2472
2367
2476
2371
2480
2363
2484
2330
2482
2474
2476
2468
2468
2463
2464
2460
2461
2457
2460
2464
2467
2471
2473
2477
2480
2483
2486
2490
2493
2494
2498
2502
2499
2496
2489
2493
2497
2499
2502
2506
2506
2509
2500
2504
2503
2503
3317
3319
3284
3287
3290
3286
3253
3257
3239
3238
3242
3236
3221
3213
3212
3212
3204
3208
3200
3196
3195
3164
3162
3112
3113
3117
3107
3108
3111
3097
3091
3091
3086
3090
3088
3074
3074
3074
3065
3039
3038
3037
3036
3025
3027
3026
3025
3680
3680
3672
3652
3636
3640
3626
3612
3608
3605
3604
3606
3606
3602
3601
3571
3541
3542
3530
3533
3536
3533
3533
3513
3505
3504
3505
3505
3472
3458
3440
3439
3417
3418
3414
3395
3398
3387
3386
3388
3375
3373
3352
3347
3346
3346
5
5
11
20
20
25
25
5
40
40
37
44
50
65
43
68
71
10
43
14
74
84
78
80
75
63
79
50
80
6
81
85
72
49
51
126
55
50
38
130
45
149
45
17
45
172
154
41
154
17
49
6
168
5
160
17
64
49
50
114
45
86
40
89
24
82
5
85
78
5
126
266
5
268
6
271
144
26
10
23
275
285
279
75
280
12
282
300
280
265
282
285
260
273
248
276
277
13
101
243
288
237
280
232
286
233
283
229
286
224
290
227
293
229
297
224
295
223
224
303
230
297
292
6
284
5
238
289
236
291
294
296
230
296
225
291
222
291
217
292
12
280
284
203
286
277
28
281
199
275
203
26
20
16
299
16
282
542
276
290
277
291
277
280
293
283
287
434
288
392
287
393
289
364
285
288
606
292
610
555
555
355
353
320
315
358
349
570
345
574
349
577
333
580
333
377
329
324
325
321
329
297
332
447
335
164
332
437
329
408
327
317
414
311
376
314
297
293
320
315
298
311
304
314
296
313
312
262
306
259
310
311
382
311
338
305
313
309
309
287
308
287
297
275
301
305
309
510
305
308
844
307
846
305
853
309
850
304
850
846
555
854
558
855
562
853
566
852
566
856
570
860
561
853
563
851
853
566
855
570
857
574
856
577
855
576
857
577
579
865
580
867
584
871
587
871
585
855
856
592
858
590
858
593
858
593
849
594
853
597
850
601
844
602
848
606
841
599
845
603
846
600
843
604
846
608
847
610
841
611
605
848
609
849
612
853
611
857
590
857
584
860
582
856
578
860
574
862
567
569
868
572
872
570
573
1123
873
1126
869
1125
867
1119
869
1119
872
866
1123
870
1127
870
1120
1123
877
1118
880
1122
881
1120
877
1117
880
1118
883
1103
881
1102
884
1105
887
1101
889
1099
892
1103
896
1107
891
1107
895
1109
888
1113
889
1109
892
1113
893
1117
894
1117
898
1120
893
897
1125
900
1124
904
1128
907
1132
902
1130
901
1128
903
1131
1134
904
1136
897
1134
901
1132
903
1131
902
1128
904
1130
898
1131
902
895
1137
885
1139
880
1141
880
1145
1148
885
1149
885
1152
887
1155
890
1157
890
1159
889
1160
892
1163
889
1162
891
1159
895
1163
891
1152
894
1151
1153
1154
1156
1451
1154
1453
1145
1454
1149
1454
1149
1450
1149
1454
1147
1446
1144
1445
1144
1449
1145
1444
1144
1443
1143
1426
1147
1430
1145
1432
1146
1148
1442
1151
1155
1437
1153
1438
1157
1440
1160
1441
1157
1444
1161
1445
1163
1447
1160
1451
1162
1452
1165
1456
1153
1457
1153
1457
1149
1451
1149
1452
1141
1443
1134
1443
1138
1445
1449
1138
1446
1136
1450
1140
1453
1140
1450
1142
1453
1146
1456
1147
1446
1151
1448
1148
1437
1147
1433
1144
1433
1144
1434
1140
1431
1432
1417
1408
1411
1407
1409
1398
1402
1406
1405
1409
1409
1404
1408
1410
1412
1416
1255
1401
1408
1412
1415
1417
1421
1425
1428
1425
1429
1428
1432
1430
1433
1437
1440
1435
1438
1442
1440
1440
1441
1443
1435
1436
1440
1443
1441
1443
1445
1450
1452
1448
1435
1439
1442
1438
1442
1446
1439
1441
1837
1799
1783
1786
1740
1737
1721
1718
1720
1719
1710
1705
1691
1688
1637
1641
1636
1637
1637
1640
1634
1636
1612
1599
1589
1586
1587
2172
2175
2175
2160
2157
2160
2162
2163
2157
2156
2160
2158
2152
2151
2154
2155
2158
2159
2159
2156
2157
2160
2160
2158
2161
2155
2157
2153
2154
2147
2131
2123
2117
2120
2117
2115
2119
2115
2119
2100
2101
2104
2107
2102
2093
2089
2089
2082
2072
2070
2069
2069
2072
2071
2073
2058
2060
2060
2061
2065
2068
2055
2054
2055
2050
2030
2029
2030
2024
2022
2026
2029
2022
2026
2030
2556
2025
2560
2022
2564
2029
2567
2025
2565
2567
2568
2571
2566
2559
2563
2563
2565
2566
2570
2568
2567
2571
2574
2575
2577
2579
2577
2580
2648
2584
2636
2581
2612
2584
2602
2586
2588
2582
2580
2584
2578
2587
2569
2590
2542
2593
2541
2592
2468
2595
2445
2598
2420
2601
2424
2605
2397
2607
2399
2611
2360
2611
2353
2615
2340
2613
2301
2614
2292
2618
2276
2620
2265
2624
2269
2628
2262
2632
2255
2633
2249
2637
2641
2643
2644
2648
2652
2654
2655
2645
2648
2650
2653
2654
2655
2659
2658
2660
2663
2667
2670
2671
2666
2670
2671
2675
2671
2675
2678
2680
2684
2676
2674
2674
2661
2664
2668
2665
2665
2669
2671
2669
2673
2673
2674
2677
2678
2681
2685
2952
2689
2948
2693
2951
2696
2952
2699
2951
2703
2955
2702
2940
2693
2941
2697
2939
2690
2940
2690
2940
2690
2943
2687
2945
2689
2942
2689
2943
2693
2936
2696
2936
2689
2933
2693
2932
2692
2936
2690
2938
2692
2927
2696
2915
2697
2914
2701
2918
2703
2917
2707
2914
2710
2918
2711
2913
2702
2911
2695
2902
2694
2902
2698
2903
2698
2904
2699
2904
2701
2901
2699
2894
2703
2898
2705
2902
2707
2876
2710
2879
2707
2881
2710
2874
2710
2874
2713
2875
2715
2875
2718
2869
2866
2869
2858
2853
2836
2838
2842
2846
2843
2847
2850
2853
2851
2854
2842
2844
2845
2847
2839
2837
2838
2830
3360
3353
3330
3334
3334
3334
3331
3294
3292
3270
3269
3273
3264
3265
3259
3263
3267
3239
3239
4025
4010
3960
3700
3666
5
6
12
9
5
38
37
40
14
42
41
41
45
55
59
57
57
62
74
64
58
68
6
71
45
75
68
110
84
70
74
128
9
84
86
140
142
86
60
149
153
128
97
150
76
154
5
125
160
139
160
140
140
5
144
154
144
139
58
138
93
18
234
164
164
254
158
158
249
157
18
159
162
273
253
167
15
177
268
273
294
190
296
194
201
289
202
291
292
303
289
310
313
336
339
58
338
84
337
76
321
67
67
352
355
351
352
356
30
359
357
362
366
395
362
390
363
367
367
369
349
372
354
412
340
344
366
340
366
343
342
373
344
377
346
371
350
375
353
355
458
353
6
357
397
362
479
479
515
479
28
471
377
498
36
487
366
492
365
453
555
548
550
458
523
450
450
395
443
442
401
403
443
402
405
451
400
440
441
406
443
407
447
411
414
652
418
198
421
420
663
422
463
422
420
457
420
150
424
427
688
689
161
691
689
588
684
688
178
690
169
693
660
690
650
696
606
700
613
702
611
539
612
543
617
551
513
621
630
619
631
620
527
608
595
528
530
754
607
663
759
664
779
668
766
675
679
770
679
681
778
684
780
686
769
685
777
688
775
687
770
691
694
696
842
844
691
845
695
699
702
799
800
707
707
807
703
701
806
705
810
709
810
708
805
709
905
710
713
817
716
706
700
829
692
826
696
784
700
699
838
701
842
705
834
708
827
714
829
712
836
713
831
715
718
828
713
826
716
830
720
832
723
821
721
822
723
825
727
823
731
824
734
826
734
824
735
735
827
735
823
732
826
826
739
824
738
815
742
817
745
749
824
743
825
738
946
738
742
840
743
745
844
745
746
845
748
832
752
834
756
838
752
839
749
844
753
848
754
846
754
846
758
840
761
844
765
768
852
770
773
860
772
864
761
1218
764
768
1214
772
775
886
768
771
889
774
890
777
891
774
772
1254
1246
1236
1223
1244
1213
1243
1189
1234
1186
1212
1160
1201
1155
1143
1208
1143
1213
1124
1211
1127
1206
1126
1203
1120
1204
1073
1040
1208
1041
1193
1022
1192
1024
1184
1012
1185
1012
1008
1164
1011
1158
1014
1152
1017
1124
1004
1122
1008
1112
1000
1107
992
1102
995
1101
997
1102
995
1097
976
1085
955
1087
954
1089
1077
1078
1081
1084
1223
1088
1226
1079
1228
1083
1232
1085
1234
1087
1236
1079
1240
1081
1244
1061
1246
1058
1244
1057
1242
1057
1242
1057
1244
1061
1241
1062
1234
1064
1226
1229
1230
1228
1227
1188
1223
1191
1225
1195
1215
1197
1216
1185
1214
1185
1218
1181
1218
1184
1220
1185
1224
1180
1217
1182
1215
1186
1217
1213
1185
1213
1180
1212
1182
1214
1180
1212
1182
1214
1180
1218
1184
1216
1186
1220
1190
1216
1517
1219
1502
1221
1447
1224
1410
1227
1395
1227
1393
1228
1333
1230
1286
1233
1271
1273
1271
1256
1744
1729
1692
1674
1665
1662
1646
1618
1589
1563
1546
1528
1507
1481
1472
1474
1401
1401
1740
1740
1744
1726
1720
1721
1725
1725
1724
1727
1723
1725
2008
1727
2008
1729
1984
1732
1985
1728
1989
1726
1984
1711
1967
1710
1961
1706
1955
1708
1959
1704
1960
1677
1962
1681
1960
1679
1955
1678
1956
1657
1960
1656
1958
1652
1953
1638
1954
1638
1947
1642
1945
1637
1949
1641
1943
1644
1940
1648
1943
1650
1935
1648
1939
1649
1934
1648
1938
1646
1932
1638
1936
1634
1933
1935
1639
1934
1640
1934
1933
1918
1921
1924
1928
1932
1928
1930
1932
1935
1939
1940
1940
2246
1943
2241
1946
2238
1949
2236
1949
2232
1953
2234
1954
2233
1954
2230
1957
2233
1960
2232
1959
2229
1963
2222
1946
2217
1934
2220
1937
2223
1932
2225
1931
2212
1933
2209
1936
2212
1934
2213
1933
2216
1933
2200
1930
2204
1932
2204
1934
2190
1938
2191
1934
2189
1933
2185
1937
2182
1928
2186
1932
2166
1928
2167
1906
2164
1910
2167
1913
2167
1917
2143
1919
2144
1921
2144
1924
2119
1928
2117
1932
2119
1936
1938
2126
1942
2128
1944
2131
1945
2129
1948
2128
1949
2131
1950
2131
1954
2133
1955
2132
1959
2123
2115
2115
2111
2110
2114
2118
2108
2110
2114
2102
2103
2109
2105
2108
2100
2094
2093
2091
2092
2094
2079
2069
2073
2587
2542
2522
2477
2373
2348
2350
2304
2296
2236
2856
2616
2444
2800
2794
2798
2796
2799
2800
2797
2797
2799
2803
2801
2805
2809
2795
2797
2796
2798
2800
2793
2797
2799
2795
2785
2786
2789
2788
2791
2777
2774
2776
2780
2782
2786
2786
2790
2794
2797
2801
2800
2793
2795
2794
2795
2798
2795
2799
2801
2801
2805
2805
2809
2800
2796
2800
2799
2797
2787
2789
2784
2781
2780
2776
2770
2771
2771
2761
2764
2762
2760
2764
2768
2770
2771
2771
2774
2776
2761
2759
2762
2766
2743
2742
2739
2743
2741
2743
2741
2745
3332
3330
3321
3304
3298
3302
3241
3237
3190
3182
3170
3149
3122
3103
3106
3075
3043
2988
2987
2978
2944
3564
3568
3569
3572
3574
3575
3576
3561
3565
3557
3560
3555
3547
3546
3545
3533
3536
3536
3539
3537
3540
3524
3526
3524
3528
3521
3523
3524
3525
3529
3513
3516
3520
3516
3511
3511
3492
3474
3478
3472
3473
3455
3446
3446
3449
3452
3447
3440
3444
3447
3444
3438
3428
3412
3404
3403
3405
3407
3401
3383
3384
3385
3386
5
5
5
6
15
23
15
13
23
27
47
19
43
23
43
60
61
23
65
67
59
86
55
83
55
91
56
51
101
55
55
107
108
63
110
25
43
77
156
120
164
86
163
40
160
7
105
185
112
116
134
104
103
102
104
100
115
104
104
107
107
226
107
223
110
223
226
105
227
107
225
105
108
224
10
220
115
201
119
202
114
199
117
199
117
117
207
119
204
122
204
116
206
118
210
114
200
117
205
128
320
132
314
132
303
135
132
136
313
316
136
300
19
296
144
299
147
299
301
153
155
291
153
295
293
142
293
142
376
146
442
10
404
160
376
164
369
28
333
321
84
75
471
190
328
187
189
330
8
273
204
274
207
161
209
161
208
48
212
216
215
35
219
31
222
29
224
15
16
232
20
236
533
240
527
244
248
446
244
448
247
546
249
250
501
249
499
246
503
249
251
466
254
431
250
251
377
255
375
257
337
253
324
256
312
239
290
242
287
279
237
259
237
255
237
228
228
232
212
223
211
224
210
228
202
226
202
230
234
238
241
566
242
244
410
244
613
244
616
246
571
247
562
250
558
250
561
247
553
250
550
250
546
254
547
548
552
773
777
556
764
554
759
556
762
554
766
556
762
559
765
561
767
554
762
554
758
553
762
557
765
559
764
560
768
564
767
565
771
561
775
565
774
551
766
546
770
547
771
543
774
538
771
538
774
540
776
530
776
528
770
530
757
531
758
535
757
538
760
542
755
532
759
528
760
531
748
532
752
532
754
534
750
532
754
536
758
538
757
533
758
532
762
535
759
534
761
537
755
541
753
545
756
535
760
535
762
539
765
535
764
536
768
769
773
1088
775
1090
774
1093
778
1096
778
1100
781
1087
784
1081
777
1085
779
1074
779
1074
783
1064
773
1068
777
1069
778
1073
779
1068
783
1071
787
1071
790
1075
793
1071
797
1070
797
1074
788
1077
792
1073
781
1072
773
1073
774
1075
763
1079
762
1080
760
1084
759
1085
760
1088
748
1084
747
1079
734
1083
728
1087
721
1084
725
1083
729
1071
1075
1284
1076
1287
1071
1291
1073
1275
1074
1278
1071
1254
1073
1247
1072
1235
1071
1226
1073
1227
1074
1223
1078
1198
1065
1182
1066
1145
1066
1144
1066
1134
1069
1134
1061
1136
1060
1128
1056
1117
1058
1116
1060
1083
1063
1085
1056
1085
1054
1070
1057
1060
1057
1056
1059
1059
1058
1058
1061
1058
1061
1030
1058
1022
1061
1018
1052
1019
1055
1012
1051
1012
1038
1010
1037
1014
1041
1018
1044
1008
1045
1012
1044
1014
1047
986
1050
981
1044
974
1046
974
1049
1050
1047
1051
1054
1058
1062
1057
1059
1058
1053
1055
1059
1054
1052
1048
1052
1054
1058
1613
1614
1618
1614
1615
1612
1611
1611
1581
1581
1587
1589
1592
1595
1598
1598
1598
1680
1672
1625
1627
1586
1590
1577
1565
1489
1442
1403
1393
1379
1334
1332
1798
1264
1801
1265
1804
1805
1806
1808
1716
1806
1719
1806
1715
1806
1805
1708
1803
1709
1803
1713
1807
1713
1809
1717
1813
1714
1814
1718
1815
1724
1809
1727
1810
1724
1813
1728
1811
1732
1812
1736
1810
1737
1808
1739
1809
1739
1809
1738
1804
1742
1804
1743
1796
1740
1799
1743
1801
1747
1796
1750
1800
1754
1804
1756
1797
1758
1792
1755
1789
1752
1791
1755
1793
1753
1795
1750
1799
1753
1801
1754
1801
1753
1803
1754
1805
1755
1808
1758
1800
1761
1800
1765
1800
1769
1804
1768
1805
1766
1804
1769
1807
1763
1811
1765
1810
1765
1808
1765
1810
1767
1804
1771
1808
1774
1809
1775
1812
1778
1812
1777
1802
1777
1799
1775
1786
1774
1781
1777
1783
1779
1783
1780
1787
1791
1771
1793
1775
1782
1774
1784
1772
1774
1776
1770
1775
1771
1777
1773
1780
1769
1782
1771
1785
1775
1784
1779
1787
1778
1787
1780
1784
1784
1788
1786
1785
1786
1788
1786
1792
1790
1792
1791
1793
1791
1773
1795
1772
1799
1772
1793
1773
1794
1765
1798
1764
1798
1766
1801
1761
1804
1808
1764
1810
1767
1814
1768
1817
1771
1820
1763
1819
1766
1823
1767
1826
1829
1829
1827
1831
1834
1838
1841
1830
1834
1838
1841
1844
1846
1850
1850
1851
1855
2269
2273
2263
2234
2223
2226
2219
2221
2220
2217
2218
2211
2212
2214
2217
2220
2222
2216
2210
2212
2214
2217
2216
2198
2191
2192
2187
2180
2170
2174
2167
2165
2163
2166
2169
2169
2166
2151
2148
2152
2154
2145
2147
2133
2136
2126
2128
2126
2132
2132
2126
2781
2776
2780
2777
2773
2751
2735
2735
2678
2656
2646
2643
2646
2628
2632
2614
2611
2590
2592
2588
2581
2569
2559
2560
2542
2532
2515
2517
2520
2497
2492
2484
2457
2917
2852
2855
2793
2623
2609
2558
3344
3343
3344
3343
3334
3309
3267
3268
3257
3258
3244
3206
3203
3204
3208
3210
3197
3175
3157
3160
3158
3155
3156
3151
3154
3141
3126
3129
3120
3119
3117
3121
3117
3119
3093
3087
3065
3045
6603
6596
6588
6580
6582
6566
6560
6563
6565
6564
6568
6566
6563
6535
6538
6535
6534
6522
6508
6502
6502
6505
6490
6491
6491
6468
6472
6475
6476
6465
6467
6465
6468
6471
6471
6456
6460
6458
6453
6447
6437
6438
6426
6425
6429
6432
6432
6432
6423
6426
6430
6434
6433
6423
6419
6423
6421
6409
6412
6413
6408
6397
6399
6387
6391
6393
6
8
16
11
15
27
26
19
33
47
37
30
57
9
59
72
44
59
42
78
81
48
67
84
95
18
94
25
7
101
69
81
68
78
51
5
5
9
5
162
105
104
162
166
101
164
104
163
162
108
168
108
111
101
182
184
11
31
106
14
109
23
22
116
101
82
22
12
19
98
13
300
144
301
9
112
107
103
324
102
328
6
332
94
333
91
334
93
329
88
334
83
338
317
339
274
345
334
93
336
297
340
105
338
333
95
335
97
330
334
393
337
393
127
57
117
396
234
398
158
6
158
401
134
138
364
105
153
101
417
86
77
424
85
173
430
431
22
442
444
469
23
120
29
103
463
82
473
86
477
60
479
63
462
53
464
20
466
24
28
414
480
482
385
369
352
550
294
542
278
545
274
547
235
550
226
536
96
540
681
535
678
537
536
528
677
530
680
534
684
534
688
538
692
542
695
543
697
546
698
542
667
541
545
746
548
636
542
540
540
761
538
765
538
766
540
537
631
541
766
543
768
546
769
550
763
553
761
557
753
559
755
562
757
566
757
567
760
568
764
570
572
770
569
771
570
773
573
823
574
825
575
578
579
827
578
824
579
575
809
576
580
810
584
810
587
811
591
809
593
592
803
589
816
590
590
810
594
810
586
811
590
591
590
834
585
830
592
834
595
818
599
805
600
795
604
783
608
774
610
614
956
618
617
964
618
617
961
620
967
624
967
623
969
627
630
956
632
959
635
638
971
639
641
1000
641
991
639
994
628
632
951
634
633
1005
634
951
629
632
948
628
948
631
949
630
632
1038
630
778
628
626
774
616
758
619
614
711
617
674
997
997
1083
1066
1169
1069
1172
1073
1176
1077
1175
1073
1163
1164
1035
1164
1163
1163
1047
1165
1048
1167
1164
1250
1167
1161
1169
1164
1164
1246
1180
1172
1180
1173
1173
1174
1178
1181
1275
1185
1242
1184
1221
1186
1217
1190
1193
1189
1193
1180
1192
1180
1195
1179
1156
1181
1180
1094
1180
1087
1176
1087
1175
1064
1171
1038
1170
974
1174
1177
961
1180
950
1181
936
1184
938
1185
929
1185
864
1187
1186
1321
1189
1325
1190
1325
1189
1328
1183
1330
1185
1303
1189
1307
1187
1308
1181
1309
1182
1288
1177
1287
1170
1286
1172
1290
1175
1176
1280
1171
1281
1169
1275
1171
1269
1172
1257
1176
1255
1172
1257
1169
1260
1173
1176
1262
1175
1264
1173
1255
1175
1244
1178
1246
1165
1248
1168
1251
1166
1246
1165
1248
1162
1250
1161
1251
1161
1252
1163
1223
1162
1227
1155
1228
1159
1219
1156
1221
1152
1219
1152
1220
1142
1220
1138
1205
1137
1202
1140
1204
1132
1207
1131
1191
1131
1193
1129
1193
1195
1153
1139
1389
1386
1383
1386
1368
1363
1365
1367
1355
1354
1353
1356
1353
1354
1356
1352
1327
1330
1333
1331
1326
1327
1331
1326
1320
1315
1303
1303
1298
1297
1666
1663
1667
1667
1664
1668
1666
1661
1653
1657
1650
1648
1643
1599
1596
1586
1590
1593
1591
1585
1581
1585
1570
1569
1572
1573
1573
1570
1572
1573
1575
1572
1569
1569
1566
1550
1548
1552
1548
1540
1532
1522
2114
2113
2116
2125
2112
2126
2114
2111
2117
2114
2117
2118
2121
2110
2125
2114
2128
2118
2130
2122
2127
2121
2126
2128
2127
2129
2125
2119
2124
2123
2122
2121
2125
2122
2110
2111
2108
2115
2110
2119
2114
2115
2113
2118
2112
2117
2111
2120
2110
2122
2101
2123
2102
2124
2102
2127
2104
2128
2108
2116
2110
2112
2109
2098
2112
2094
2110
2097
2110
2084
2108
2086
2109
2086
2107
2079
2110
2083
2104
2087
2102
2091
2102
2087
2106
2091
2109
2075
2091
2079
2095
2083
2099
2078
2096
2068
2098
2068
2099
2069
2102
2068
2105
2057
2098
2056
2098
2060
2096
2058
2098
2059
2100
2059
2104
2058
2103
2058
2106
2062
2110
2066
2107
2068
2110
2071
2114
2074
2110
2064
2114
2065
2114
2062
2118
2054
2120
2057
2120
2060
2124
2063
2127
2066
2120
2066
2118
2065
2113
2066
2102
2069
2104
2072
2107
2073
2095
2070
2098
2062
2098
2064
2102
2068
2105
2070
2094
2069
2087
2072
2081
2064
2076
2067
2074
2057
2068
2058
2060
2045
2053
2048
2049
2037
2051
2041
2052
2030
2048
2016
2046
2049
2051
2047
2051
2615
2614
2618
2619
2617
2611
2605
2596
2595
2595
2598
2595
2597
2598
2599
2603
2602
2603
2607
2600
2601
2605
2598
2602
2597
2605
2609
2611
2611
2615
2614
2615
2619
2616
2616
2617
2621
2615
2619
2622
2619
2620
2622
2625
2622
2621
2621
2610
2613
2612
2611
2613
2617
2620
2622
2623
2621
2623
2614
2615
2615
2616
2611
2609
2613
2613
2615
2606
2607
2602
2599
2602
2606
2594
2592
2593
2595
3178
3180
3160
3161
3146
3140
3134
3136
3137
3130
3124
3063
3057
3051
3043
3037
3038
3041
3037
2986
2990
2983
2975
2977
2978
2979
4077
4071
4048
4051
4054
4049
4047
4051
4053
4056
4057
4060
4064
4066
4067
4069
4067
4069
4073
4076
4075
4077
4081
4085
4084
4086
4087
4074
4076
4070
4074
4076
4074
4076
4076
4080
4078
4076
4080
4083
4084
4079
4081
4084
4079
4079
4075
4079
4081
4082
4072
4073
4072
4076
4080
4084
4084
4085
4087
4074
4061
4050
4050
4052
4056
4052
4056
4060
4051
4050
4049
4048
4051
4047
4050
4053
4047
4049
4046
4033
4037
4040
4044
4046
4031
4032
4034
4034
