4
4
4
8
8
8
12
12
12
16
16
16
20
20
20
24
24
24
28
28
28
32
32
32
36
36
36
40
40
40
44
44
44
48
48
48
52
52
52
56
56
56
60
60
60
64
64
64
68
68
68
72
72
72
76
76
76
80
80
80
84
84
85
88
88
89
91
91
93
95
95
97
99
99
101
103
103
105
107
107
109
111
111
113
115
115
117
119
119
121
123
123
125
127
127
129
131
131
133
135
135
137
139
139
141
143
143
145
147
147
149
151
151
153
155
155
157
159
159
161
163
163
167
167
166
171
171
171
175
175
178
178
182
182
184
187
188
189
191
194
197
199
200
201
205
205
207
210
212
214
219
219
220
223
223
225
227
227
230
233
233
238
245
247
250
252
254
256
255
261
260
263
265
269
272
274
281
280
285
288
290
292
297
299
301
307
311
312
322
326
327
331
336
338
10
11
353
355
360
364
34
19
380
44
388
393
397
46
20
23
10
421
426
73
47
430
47
33
40
11
29
100
74
52
463
469
38
72
16
101
82
71
24
20
94
505
511
131
114
58
54
124
50
113
6
544
150
20
23
87
94
17
574
39
47
180
53
124
120
50
604
72
30
213
157
77
9
99
637
63
246
33
15
667
5
93
276
60
4
42
29
700
4
87
29
34
14
72
7
733
25
117
37
37
59
102
34
47
21
52
147
769
73
89
73
10
29
86
60
116
808
37
112
65
143
93
29
844
148
19
167
101
31
132
68
43
191
16
886
140
67
38
215
73
19
12
52
922
94
242
176
74
46
39
5
26
26
272
21
79
32
9
59
53
305
54
59
112
33
80
92
23
338
86
142
20
17
47
122
368
116
172
50
71
8
13
50
398
34
149
8
205
38
32
18
49
28
32
434
70
182
241
48
68
58
467
212
103
10
78
277
6
88
35
242
158
30
11
43
111
310
15
20
68
272
191
60
41
141
340
45
50
302
90
364
77
388
101
14
412
4
38
22
28
46
14
8
38
32
62
24
86
7
48
11
6
113
34
35
30
8
12
143
62
54
35
39
170
22
89
29
62
24
197
49
116
16
30
20
59
17
18
57
227
146
46
60
50
89
47
48
12
19
90
116
39
46
117
143
66
141
8
173
20
35
44
200
19
25
13
224
46
49
40
25
248
64
19
49
275
17
27
88
49
18
305
44
20
115
57
45
332
47
27
28
87
14
16
362
57
55
16
38
120
43
34
7
401
52
156
70
43
437
22
31
103
467
46
61
15
133
497
39
19
160
524
16
16
46
187
551
43
40
73
214
578
64
97
241
11
605
6
26
26
94
41
629
33
53
56
4
21
653
28
45
677
21
19
704
48
5
43
734
5
32
17
21
32
283
44
17
51
59
313
47
83
81
19
11
5
7
43
113
108
41
32
25
37
135
143
49
73
8
26
28
106
41
59
61
139
89
22
17
17
94
46
44
41
27
25
70
10
17
60
58
43
13
14
50
23
17
88
40
41
50
44
112
28
67
71
77
136
55
94
14
163
79
23
41
190
106
50
214
133
238
262
28
18
5
292
58
48
29
18
322
88
53
42
349
9
77
7
7
376
101
16
36
4
34
18
30
40
409
128
66
31
49
64
37
60
54
442
96
67
469
7
14
97
10
499
38
37
22
37
27
127
65
529
9
49
67
29
64
157
60
17
9
559
101
97
45
41
65
586
20
42
124
27
68
137
613
47
31
151
72
57
98
167
27
643
77
61
181
102
87
197
12
57
673
211
132
224
36
700
238
5
248
14
27
5
23
730
268
275
35
44
57
35
50
760
302
298
84
74
21
62
80
8
790
37
111
101
338
57
116
817
135
44
128
73
23
6
844
71
165
16
868
56
39
198
892
49
5
89
13
228
6
919
79
32
6
40
31
33
258
946
109
23
36
58
17
970
288
139
53
994
88
47
315
166
1018
342
193
1042
369
220
1066
25
399
19
15
1093
23
253
31
58
49
432
47
6
1123
51
61
289
71
7
811
465
39
88
16
322
11
98
26
34
844
498
46
41
58
56
525
408
73
71
86
552
438
17
101
8
579
465
44
32
606
489
630
12
22
657
39
46
684
66
711
6
738
33
765
13
60
30
37
87
15
57
12
29
61
117
42
87
39
34
7
85
26
62
72
150
69
50
64
37
177
96
74
91
204
5
98
123
11
228
32
150
19
23
38
27
4
258
177
49
50
65
31
57
24
8
288
25
83
6
98
51
26
315
41
24
58
36
128
53
81
342
85
24
54
155
108
369
51
179
132
396
156
420
4
4
4
8
8
8
12
12
12
16
16
16
20
20
20
24
24
24
28
28
28
32
32
32
36
36
36
40
40
40
44
44
44
48
48
48
52
52
52
56
56
56
60
60
60
64
64
64
68
68
68
72
72
72
76
76
76
80
80
80
84
84
85
88
88
89
91
91
93
95
95
97
99
99
101
103
103
105
107
107
109
111
111
113
115
115
117
119
119
121
123
123
125
127
127
129
131
131
133
135
135
137
139
139
141
143
143
145
147
147
149
151
151
153
155
155
157
159
159
161
163
163
167
167
167
171
171
175
175
178
178
178
182
184
184
186
189
190
192
194
194
196
198
198
200
204
207
206
208
212
213
218
217
219
223
223
223
228
229
229
234
233
236
237
240
240
246
245
249
253
256
258
262
263
262
269
270
269
273
273
276
282
282
288
289
295
295
299
302
302
306
306
306
315
315
7
322
329
328
331
10
335
338
342
351
356
355
43
37
367
42
378
379
383
21
387
19
10
403
406
78
410
48
414
5
423
37
55
437
436
7
442
32
14
64
459
9
466
91
9
43
478
91
16
50
39
495
496
36
127
79
118
46
523
63
154
145
73
550
90
24
4
172
6
19
103
580
51
120
31
202
36
49
133
150
63
232
14
177
87
14
7
38
204
26
114
18
44
34
234
42
56
74
16
264
25
40
291
24
8
52
48
32
11
35
21
59
7
27
29
48
11
37
54
59
75
41
14
84
86
105
11
68
44
14
30
22
114
119
38
101
41
138
63
55
162
79
17
186
103
24
15
41
216
127
25
54
45
151
49
246
72
73
273
6
97
102
303
121
36
6
9
145
15
33
9
36
6
4
175
28
34
45
66
39
33
69
55
37
24
67
11
99
63
51
26
38
90
78
53
65
117
24
9
18
48
36
5
9
48
20
19
32
36
47
43
56
71
80
28
13
52
37
23
47
5
14
13
15
8
29
77
44
7
43
53
45
38
37
77
24
101
5
48
128
17
32
14
155
41
16
59
41
182
43
86
16
9
212
8
12
46
36
242
38
39
21
66
269
48
293
72
317
5
341
14
29
28
5
365
29
4
41
14
389
62
35
24
61
20
62
37
6
44
416
51
17
65
50
101
70
39
443
74
78
8
95
53
80
137
102
72
104
41
125
14
167
126
134
22
155
34
191
47
46
32
170
67
12
62
200
21
39
224
21
48
66
45
18
22
42
46
70
19
21
46
48
11
4
4
35
28
28
59
10
34
23
8
15
24
53
39
38
54
83
32
84
12
113
21
65
36
117
146
54
6
60
11
104
7
14
185
87
17
42
40
8
50
143
44
46
41
117
224
38
81
79
7
65
74
182
147
28
260
89
117
40
104
177
16
58
218
113
296
30
153
10
137
210
49
91
251
12
26
329
37
186
66
39
82
121
284
56
16
362
219
99
115
317
43
21
4
14
398
26
255
7
25
27
51
41
353
40
39
56
12
37
52
440
32
68
297
69
395
78
56
92
51
479
336
116
506
363
140
28
533
31
390
170
58
560
61
417
26
85
590
447
56
109
5
9
14
13
626
483
36
38
41
46
15
659
516
71
39
10
689
546
101
34
8
719
576
131
32
749
606
161
9
779
636
33
191
809
57
666
221
25
81
839
696
251
49
105
24
872
729
129
284
57
759
314
786
341
813
368
840
395
867
422
894
449
921
476
948
503
975
530
1002
557
1029
584
1056
611
1083
638
1110
665
1137
692
1164
719
1191
746
1218
773
797
821
845
869
893
917
941
965
989
1013
1037
1061
1085
1109
1133
1157
1181
1205
1229
1253
1277
1301
1325
1349
1373
1397
1421
1445
1469
1493
1517
1541
1565
1589
1613
1637
1661
1685
1709
1733
1757
1781
1805
1829
1853
1877
1901
1925
1949
1973
1997
2021
2045
2069
2093
2117
2141
2165
2189
2213
2237
2261
2285
2309
2333
2357
2381
2405
2429
2453
2477
2501
2525
2549
2573
2597
2621
2645
2669
2693
2717
2741
2765
2789
2813
2837
2861
2885
2909
2933
2957
2981
3005
3029
3053
3077
3101
3125
3149
3173
3197
3221
3245
3269
3293
3317
3341
3365
3389
3413
3437
3461
3485
3509
3533
3557
3581
3605
3629
3653
3677
3701
3725
3749
3773
3797
3821
3845
3869
3893
3917
3941
3965
3989
4013
4037
4061
4085
4109
4133
4157
4181
4205
4229
4253
4277
4301
4325
4349
4373
4397
4421
4445
4469
4493
4517
4541
4565
4589
4613
4637
4661
4685
4709
4733
4757
4781
4805
4829
4853
4877
4901
4925
4949
4973
4997
5021
5045
5069
5093
5117
5141
5165
5189
5213
5237
5261
5285
5309
5333
5357
5381
5405
5429
5453
5477
5501
5525
5549
5573
5597
5621
5645
5669
5693
5717
5741
5765
5789
5813
5837
5861
5885
5909
5933
5957
5981
6005
6029
6053
6077
6101
6125
6149
6173
6197
6221
6245
6269
6293
6317
6341
6365
6389
6413
4
4
4
8
8
8
12
12
12
16
16
16
20
20
20
24
24
24
28
28
28
32
32
32
36
36
36
40
40
40
44
44
44
48
48
48
52
52
52
56
56
56
60
60
60
64
64
64
68
68
68
72
72
72
76
76
76
80
80
80
84
84
85
88
88
89
91
91
93
95
95
97
99
99
101
103
103
105
107
107
109
111
111
113
115
115
117
119
119
121
123
123
125
127
127
129
131
131
133
135
135
137
139
139
141
143
143
145
147
147
149
151
151
153
155
155
157
159
159
161
163
163
167
167
171
171
172
175
175
178
179
179
183
184
185
190
190
191
194
196
200
204
204
209
211
215
217
224
224
230
232
234
236
245
244
254
254
261
268
272
281
285
292
299
308
309
316
326
333
18
340
353
357
364
45
10
381
383
388
24
37
5
408
5
412
30
29
57
5
23
38
18
63
29
90
56
42
80
66
24
10
5
104
25
51
12
23
24
37
35
134
55
30
42
56
57
65
167
7
30
25
19
66
92
95
11
37
203
49
66
49
125
73
64
44
236
19
155
97
21
94
74
266
18
49
51
188
107
299
75
51
221
140
35
99
335
36
257
68
18
368
69
290
42
101
401
102
66
323
12
16
431
96
18
23
458
45
49
15
26
48
56
32
72
48
59
89
23
16
68
99
28
95
43
18
56
18
101
20
61
67
128
48
89
48
134
50
91
94
161
13
78
122
167
118
127
16
40
105
194
22
155
145
200
10
67
160
49
8
230
172
52
191
40
94
236
79
16
196
44
266
22
121
29
70
43
109
230
275
235
148
52
302
70
136
65
266
311
175
79
271
163
338
101
302
14
350
20
310
377
338
44
50
386
36
349
68
416
33
422
72
385
452
69
458
108
421
488
12
184
141
454
168
36
8
217
174
487
28
11
201
35
204
55
35
25
23
79
234
55
7
28
22
59
270
52
40
12
55
92
76
70
28
36
119
52
60
97
23
76
87
21
50
100
27
45
117
80
124
6
12
72
60
23
148
33
4
42
99
50
175
60
31
69
4
77
202
87
31
101
226
114
13
27
4
138
37
54
20
15
31
168
19
55
53
48
7
49
4
31
28
55
6
19
9
52
25
85
36
43
39
79
22
52
21
115
66
46
79
48
142
20
7
73
106
75
169
47
34
196
13
20
37
5
6
44
19
29
68
33
46
60
15
26
73
42
5
53
100
21
77
35
130
18
51
5
10
104
65
45
160
32
12
37
131
10
17
187
39
26
34
44
214
58
53
238
71
18
80
9
16
25
26
48
110
39
8
46
11
55
56
30
19
38
41
43
60
10
84
34
22
13
49
24
5
21
14
46
82
57
32
41
54
79
23
22
21
62
5
50
49
48
89
29
113
18
137
11
11
19
45
35
35
46
59
83
25
49
19
14
46
41
15
39
63
18
23
90
42
50
117
4
28
24
20
48
23
47
30
9
53
77
60
33
24
83
8
51
107
35
8
27
131
81
27
10
35
68
10
60
158
5
114
60
40
37
90
185
32
144
31
67
117
56
215
30
17
67
103
251
66
53
103
139
287
11
86
136
12
175
35
323
122
172
48
356
25
17
155
205
49
386
41
410
22
434
46
22
458
70
46
19
485
18
46
28
515
42
76
18
58
4
31
42
26
109
12
91
16
37
15
64
28
59
142
45
39
49
6
9
21
63
64
172
33
39
87
51
91
202
111
78
135
24
15
9
165
54
18
45
33
195
42
25
24
9
66
17
228
49
57
90
26
42
50
76
261
24
114
90
56
28
106
291
138
18
54
120
86
58
136
42
321
113
150
163
348
4
187
372
28
211
396
5
4
55
420
238
32
16
31
82
16
447
268
28
62
106
46
46
12
477
58
133
25
4
42
507
163
20
52
34
20
13
534
193
47
64
50
558
40
10
74
226
10
582
28
100
70
86
9
29
31
20
49
31
43
612
265
21
67
103
42
139
64
65
53
64
39
76
645
88
54
304
136
75
175
94
86
106
72
678
121
337
166
105
208
124
116
136
708
151
367
151
143
163
735
178
187
170
202
762
211
197
226
789
235
250
224
816
259
274
251
843
283
298
867
307
322
891
331
346
915
355
370
939
379
394
963
403
418
987
427
442
1011
451
466
1035
475
490
1059
499
514
1083
523
538
1107
547
562
1131
571
586
1155
595
1179
619
1203
643
1227
667
691
715
739
763
787
811
835
859
883
907
931
955
979
1003
1027
1051
1075
1099
1123
1147
1171
1195
1219
1243
1267
1291
1315
1339
1363
1387
1411
1435
1459
1483
1507
1531
1555
1579
1603
1627
4
4
4
8
8
8
12
12
12
16
16
16
20
20
20
24
24
24
28
28
28
32
32
32
36
36
36
40
40
40
44
44
44
48
48
48
52
52
52
56
56
56
60
60
60
64
64
64
68
68
68
72
72
72
76
76
76
80
80
80
84
84
85
88
88
89
91
91
93
95
95
97
99
99
101
103
103
105
107
107
109
111
111
113
115
115
117
119
119
121
123
123
125
127
127
129
131
131
133
135
135
137
139
139
141
143
143
145
147
147
149
151
151
153
155
155
157
159
159
161
163
163
167
167
171
171
170
175
175
174
181
181
183
185
185
189
189
189
194
194
194
198
198
200
202
205
205
206
210
212
212
216
217
220
221
226
225
225
231
233
236
236
239
240
242
244
247
247
248
252
254
254
258
259
264
267
272
273
273
278
278
282
283
288
290
300
302
303
306
308
312
313
320
22
330
332
5
336
338
27
343
345
350
55
360
362
38
366
38
60
378
380
12
390
392
88
396
18
68
408
410
42
14
420
422
121
426
98
51
14
440
444
9
50
453
122
459
157
87
473
50
42
146
480
86
486
492
36
16
33
9
199
509
129
519
519
40
125
10
528
75
45
72
238
22
168
13
555
558
46
164
564
24
8
114
111
20
40
277
61
207
33
597
597
35
88
606
150
66
310
62
240
103
64
75
639
24
130
343
648
108
94
104
145
54
373
678
169
687
124
140
400
711
202
151
720
4
173
427
7
178
744
235
31
753
454
34
28
17
208
774
265
783
17
484
64
58
47
238
804
295
12
813
19
50
517
97
268
834
840
42
14
16
49
547
298
864
69
870
43
44
574
325
14
96
897
903
601
16
8
80
352
123
50
933
628
35
939
52
379
150
15
83
655
966
972
406
177
17
42
685
993
12
999
436
207
47
7
1020
39
718
234
469
18
1044
25
40
751
258
502
1071
51
52
5
73
285
784
258
535
79
84
32
18
312
23
814
6
565
30
294
339
51
841
56
592
39
57
366
868
83
619
390
18
895
646
11
414
45
922
29
31
438
676
41
952
58
59
462
68
706
11
982
489
89
736
38
1012
516
119
65
766
543
1042
28
17
95
796
573
1072
58
47
826
15
600
85
1105
856
45
627
112
1135
6
25
886
654
28
33
1165
52
25
916
681
33
61
25
52
1201
708
952
69
5
732
58
1234
5
22
25
4
991
29
33
108
765
97
55
1273
44
58
37
23
49
66
798
1036
88
1312
83
76
825
62
1072
115
40
852
1351
122
115
13
142
17
1108
879
76
1387
40
169
44
1138
906
22
1414
13
29
73
199
1165
77
6
936
55
1444
29
46
62
106
232
1195
110
36
969
1474
76
62
136
262
1225
27
140
23
206
1504
106
95
6
1255
169
295
60
173
53
5
1534
242
139
39
1285
4
202
331
83
38
1564
169
1315
229
34
28
361
8
1591
68
28
202
19
1345
58
391
38
1621
46
58
232
1375
418
65
1651
259
1402
442
1678
283
466
1429
11
1705
310
490
1456
12
38
26
22
1732
30
20
1483
343
523
45
56
1759
55
60
1510
53
373
556
5
1786
78
88
90
1537
403
86
589
1813
35
6
118
120
1567
116
619
62
1843
33
10
36
147
1597
30
649
92
1873
22
66
66
43
1627
23
60
122
682
889
55
73
1654
25
56
916
152
712
85
1681
103
55
86
943
5
182
745
1708
118
136
22
970
209
38
1735
778
11
607
52
17
239
802
1765
41
23
637
82
47
269
829
1795
50
667
293
856
77
1825
23
317
11
18
700
886
11
28
341
1861
53
48
20
47
22
919
736
368
47
64
1897
86
47
81
55
83
14
952
772
398
13
83
100
80
1933
82
979
47
119
431
808
46
119
109
1966
1006
13
458
152
28
841
152
142
1999
1039
482
16
46
188
61
877
506
1069
2032
49
27
221
910
1096
2065
82
54
37
1123
943
2098
115
1147
10
73
979
1171
2134
10
151
46
1012
1195
34
2167
184
79
1219
1045
8
2200
217
1246
112
1078
35
1493
1273
250
145
1111
17
1300
1526
283
178
44
1144
1327
7
943
71
1354
1174
37
973
98
1381
1204
9
1003
1405
27
16
1237
25
42
1429
1036
43
32
63
52
1273
1453
78
1072
70
79
1477
68
99
1309
1105
1501
129
1339
1525
1135
1366
1549
1162
1393
1573
1189
1597
1420
1216
1621
1447
1243
1645
1474
1270
1669
1501
1297
1693
1528
1717
1324
1555
1741
1351
1582
1765
1378
1789
1402
1813
1426
1837
1450
1861
1474
1885
1498
1909
1522
1933
1546
1957
1570
1981
1594
2005
649
2029
673
2053
2077
2101
2125
2149
2173
2197
2221
2245
2269
2293
2317
2341
2365
2389
2413
2437
2461
2485
2509
2533
2557
2581
2605
2629
2653
2677
2701
2725
2749
2773
2797
2821
2845
2869
2893
2917
2941
2965
2989
3013
2578
2602
1645
4
4
4
8
8
8
12
12
12
16
16
16
20
20
20
24
24
24
28
28
28
32
32
32
36
36
36
40
40
40
44
44
44
48
48
48
52
52
52
56
56
56
60
60
60
64
64
64
68
68
68
72
72
72
76
76
76
80
80
80
84
84
85
88
88
89
91
91
93
95
95
97
99
99
101
103
103
105
107
107
109
111
111
113
115
115
117
119
119
121
123
123
125
127
127
129
131
131
133
135
135
137
139
139
141
143
143
145
147
147
149
151
151
153
155
155
157
159
159
161
163
163
167
167
166
171
171
170
175
175
177
181
183
185
185
188
191
191
192
196
197
198
201
203
205
207
210
212
213
218
220
222
221
224
227
230
231
235
236
238
240
245
246
254
257
257
261
263
268
270
275
279
284
287
295
296
300
311
315
11
319
323
27
335
339
346
350
354
50
54
362
23
30
16
374
376
12
5
27
389
28
9
393
398
56
63
49
410
409
48
38
60
61
42
425
429
89
434
82
65
446
4
93
75
458
462
32
467
125
28
28
482
105
23
33
62
497
55
501
64
19
37
135
50
521
92
82
72
536
49
77
70
165
109
554
122
566
104
79
136
581
593
160
608
22
620
184
24
4
635
49
647
48
31
662
76
674
58
4
103
701
8
85
31
130
728
32
28
29
115
61
56
758
55
59
142
91
14
25
83
791
82
169
19
41
55
110
109
821
196
49
68
137
136
848
12
223
21
98
163
875
39
250
48
125
190
902
277
21
78
149
13
220
932
307
173
51
108
43
250
23
197
16
12
277
50
43
39
304
77
70
66
331
94
93
21
358
118
120
45
142
385
147
11
18
169
415
8
177
45
41
196
445
32
207
220
56
231
244
80
23
255
9
268
10
279
53
292
39
40
18
303
316
19
67
45
340
43
29
97
4
364
75
70
59
127
388
31
105
97
11
89
412
157
61
135
31
130
436
44
119
29
187
97
165
18
460
67
166
18
152
62
220
198
139
51
97
196
20
45
253
166
124
231
223
50
9
17
151
289
250
6
267
42
50
178
30
277
322
300
8
9
17
208
78
307
86
9
358
20
5
41
42
47
241
111
39
340
388
50
38
271
412
370
436
394
9
21
21
418
24
463
39
6
8
22
48
57
445
490
60
31
75
42
49
517
44
58
93
24
23
76
547
4
51
53
577
75
34
83
607
99
64
113
123
637
13
94
147
143
667
37
124
171
173
30
700
32
195
9
206
63
733
33
65
16
239
9
28
763
95
33
43
16
269
55
793
125
60
79
43
299
11
823
155
90
38
850
182
117
21
337
212
141
10
51
165
367
242
4
37
189
266
30
7
16
37
213
10
293
10
73
21
66
43
240
46
73
37
323
26
46
18
51
73
273
350
56
5
48
97
303
377
32
121
327
404
145
59
431
22
169
86
17
9
458
193
52
47
482
217
39
82
14
4
77
244
109
38
30
34
104
274
136
60
64
131
21
304
163
90
158
45
94
334
190
4
10
121
188
23
20
28
364
40
151
218
52
53
50
394
245
76
80
421
9
272
23
107
448
36
47
23
299
137
478
71
63
326
53
167
508
95
90
353
83
20
535
122
117
380
110
47
562
144
407
137
71
431
20
164
455
47
191
479
10
11
11
218
24
509
37
35
41
25
245
54
8
64
542
49
272
35
21
91
569
45
593
27
620
17
54
27
41
650
54
65
677
23
5
84
92
16
710
50
33
41
120
52
13
77
746
69
77
28
43
107
776
11
102
11
110
61
76
809
44
41
135
143
91
23
842
24
115
27
50
869
51
139
54
896
75
4
166
81
923
31
193
108
950
58
12
220
135
977
36
244
162
1004
60
268
189
84
292
1031
216
23
108
319
1058
243
50
132
346
1085
270
156
77
373
1112
297
397
1139
324
8
421
7
1172
24
357
25
41
40
51
1205
7
10
52
1232
34
34
1259
7
61
28
1286
34
20
55
27
24
1316
50
8
48
60
467
83
41
497
113
524
140
31
554
58
6
4
581
11
13
24
28
36
191
41
40
52
54
218
5
67
76
81
32
100
56
124
80
148
104
172
128
196
152
220
176
244
200
268
224
292
248
316
340
364
388
412
436
460
484
508
532
556
580
604
628
652
676
700
724
748
772
796
820
844
868
892
916
940
964
988
1012
1036
1060
1084
1108
1132
1156
1180
1204
1228
1252
1276
1300
1324
1348
1372
1396
1420
1444
1468
1492
1516
1540
1564
1588
1612
1636
1660
1684
1708
1732
1756
1780
1804
1828
1852
1876
1900
1924
1948
1972
1996
2020
2044
2068
2092
2116
2140
2164
2188
2212
2236
2260
2284
2308
2332
2356
2380
4
4
4
8
8
8
12
12
12
16
16
16
20
20
20
24
24
24
28
28
28
32
32
32
36
36
36
40
40
40
44
44
44
48
48
48
52
52
52
56
56
56
60
60
60
64
64
64
68
68
68
72
72
72
76
76
76
80
80
80
84
84
85
88
88
89
91
91
93
95
95
97
99
99
101
103
103
105
107
107
109
111
111
113
115
115
117
119
119
121
123
123
125
127
127
129
131
131
133
135
135
137
139
139
141
143
143
145
147
147
149
151
151
153
155
155
157
159
159
161
163
163
167
167
167
171
171
175
175
174
178
180
180
184
184
186
188
189
190
192
193
197
200
201
203
205
207
208
212
215
217
219
221
223
225
229
229
233
233
234
239
240
249
248
249
256
260
260
262
265
269
270
274
279
284
284
289
298
302
308
308
313
313
318
323
332
338
337
344
349
354
356
359
361
18
377
386
385
42
23
407
409
416
25
53
443
49
467
6
494
20
10
36
524
50
34
14
551
9
21
575
41
33
599
48
68
11
60
623
75
26
95
38
87
650
102
53
122
65
21
680
129
83
17
51
153
710
16
116
41
23
740
46
27
146
31
53
57
61
84
11
20
24
35
44
48
7
6
59
72
74
20
37
86
36
22
47
64
113
11
49
74
88
140
38
18
112
16
9
104
31
10
48
139
43
36
134
15
61
40
78
16
70
169
17
167
48
108
94
73
4
49
13
205
14
53
118
203
84
144
109
40
29
85
52
8
50
244
25
92
239
123
180
35
148
26
68
52
32
94
269
286
210
62
134
56
165
79
41
193
299
113
77
89
328
106
27
176
207
8
83
235
122
155
139
367
60
215
41
246
32
26
155
128
172
280
200
71
22
415
185
36
202
266
297
83
77
15
101
328
215
248
232
70
39
463
84
131
314
345
245
262
63
370
290
18
161
115
508
275
87
33
356
7
387
6
23
329
197
57
114
37
544
34
314
392
72
423
12
31
45
144
62
368
73
580
350
39
428
108
33
64
171
28
401
87
37
104
616
115
195
464
392
150
100
21
75
70
15
5
219
443
132
79
658
20
157
434
139
246
60
114
54
41
482
168
47
118
30
193
323
276
470
8
512
201
57
350
226
303
30
503
41
542
11
330
57
256
533
569
12
41
283
360
560
593
15
45
310
390
13
617
263
45
19
417
641
343
46
296
441
665
52
376
79
465
689
25
406
14
109
489
716
27
55
41
436
516
139
743
54
4
85
71
466
14
546
773
84
34
112
25
493
47
9
579
803
139
55
520
29
36
830
609
166
30
547
85
59
66
32
860
193
642
60
574
118
96
62
890
171
90
598
7
89
129
622
198
923
22
37
8
646
159
953
22
49
35
29
19
676
189
983
52
19
59
706
52
222
1016
31
89
52
736
85
7
255
1049
37
67
12
769
115
285
40
1079
70
36
100
145
802
1106
100
130
172
832
1133
22
28
160
199
1160
862
46
58
1184
889
1208
913
27
29
30
1241
60
11
65
4
10
69
1280
7
47
28
20
20
46
34
105
1316
52
83
47
19
56
61
82
141
1352
17
43
119
88
92
118
44
177
1388
115
30
12
158
74
210
145
1421
63
42
191
14
107
1451
22
181
93
221
47
140
1481
55
123
214
170
1508
23
241
10
153
31
14
14
200
13
34
1544
59
274
189
64
50
6
11
233
53
46
307
957
30
34
97
228
89
50
266
23
54
337
37
127
999
76
296
78
270
17
131
370
62
76
102
42
326
47
1041
309
9
170
403
14
75
1074
36
430
342
38
203
108
63
1107
457
62
375
21
236
23
93
18
487
45
1140
266
18
5
56
48
126
72
1170
520
45
23
38
1194
27
89
105
550
11
4
81
28
4
59
1221
74
63
125
141
586
47
55
40
1248
117
40
110
161
622
1272
24
83
7
144
4
79
1299
51
197
34
171
658
119
36
43
1326
78
31
121
198
9
36
700
1353
161
105
78
225
36
70
160
75
1380
132
739
252
200
117
1404
159
279
769
144
1428
186
306
796
171
1452
14
10
333
1479
41
37
360
23
24
1506
71
17
47
393
1530
57
104
50
1554
16
426
90
19
1578
140
40
86
27
462
52
64
1605
173
54
10
492
82
1635
203
37
522
112
1662
233
552
1686
260
15
1710
579
13
39
290
1734
609
23
28
43
320
1758
23
50
639
55
26
347
1788
53
666
56
374
1818
693
83
401
86
1848
720
428
113
1875
747
455
140
1902
774
482
167
1929
801
194
1956
825
221
849
1983
248
409
2010
275
433
2037
2061
2085
2109
2133
2157
2181
2205
2229
2253
2277
2301
2325
2349
2373
2397
2421
2445
2469
1869
1893
1917
4
4
4
8
8
8
12
12
12
16
16
16
20
20
20
24
24
24
28
28
28
32
32
32
36
36
36
40
40
40
44
44
44
48
48
48
52
52
52
56
56
56
60
60
60
64
64
64
68
68
68
72
72
72
76
76
76
80
80
80
84
84
85
88
88
89
91
91
93
95
95
97
99
99
101
103
103
105
107
107
109
111
111
113
115
115
117
119
119
121
123
123
125
127
127
129
131
131
133
135
135
137
139
139
141
143
143
145
147
147
149
151
151
153
155
155
157
159
159
161
163
163
167
167
167
171
171
173
175
175
177
178
181
181
182
185
186
186
190
191
193
195
195
198
199
199
202
203
205
206
207
209
211
212
215
217
220
221
224
223
225
229
229
228
233
237
238
239
241
243
245
246
249
250
254
256
259
259
263
265
264
269
270
274
275
274
278
282
283
292
293
294
301
302
304
306
307
308
311
316
318
324
326
328
335
334
337
338
344
346
351
354
356
361
25
364
368
370
377
379
381
389
391
391
58
400
401
407
412
415
421
422
91
8
434
437
451
452
121
22
464
41
470
18
482
24
487
151
494
58
26
77
506
48
54
515
38
20
184
19
527
529
59
35
116
44
545
93
551
77
560
31
36
61
68
571
68
584
26
587
132
92
596
67
4
72
97
607
4
59
620
620
31
629
127
31
637
29
89
650
650
61
659
157
667
56
119
680
680
9
187
697
149
280
710
39
217
727
21
737
310
66
247
45
757
764
30
69
277
22
787
791
60
93
9
49
310
818
820
26
42
16
842
343
853
59
40
866
75
21
376
886
11
893
9
48
111
8
412
922
923
47
45
35
147
17
6
953
451
961
86
44
15
183
18
45
490
68
1000
39
22
128
39
92
60
63
87
532
19
1042
10
64
119
78
90
46
123
37
568
146
1078
117
12
11
156
173
601
141
1111
38
45
14
165
189
203
634
1144
28
15
78
44
22
195
222
55
667
45
1177
71
52
111
18
72
700
79
141
99
48
730
171
123
78
760
147
201
19
787
19
27
177
231
49
817
49
57
207
261
847
18
87
234
291
27
45
880
23
27
36
264
324
60
47
6
913
57
294
69
23
357
12
93
42
946
327
56
19
390
45
126
75
979
360
52
75
423
14
159
13
1012
387
9
29
102
85
189
20
50
414
1042
49
129
45
65
216
441
1069
56
86
156
28
243
468
1096
183
52
270
14
495
1126
210
24
300
44
525
1156
240
14
54
1180
267
38
1204
291
28
62
10
10
12
1237
318
61
37
43
24
45
348
1270
94
76
51
78
375
19
1303
5
127
78
402
108
46
310
32
105
157
429
6
138
76
340
12
453
7
165
31
42
112
477
48
189
43
6
26
67
78
507
213
81
30
76
39
16
59
240
108
540
22
63
43
106
267
13
87
141
55
12
30
19
139
16
46
117
174
42
46
88
60
15
46
201
20
115
79
4
51
228
13
142
85
59
13
10
21
258
40
87
172
49
40
92
40
48
288
73
202
67
119
7
21
78
34
229
143
37
7
48
108
64
170
72
34
197
96
4
221
28
26
245
13
25
55
53
37
49
26
28
53
55
18
11
25
4
45
38
52
31
20
79
18
27
47
10
106
45
54
17
74
37
44
64
71
5
15
29
18
6
26
45
22
33
48
5
56
49
75
29
60
4
81
76
28
19
108
29
21
93
40
109
61
52
141
62
54
126
73
142
94
174
153
103
6
124
204
180
6
33
154
33
16
57
7
181
81
60
43
34
208
105
87
235
114
7
15
25
16
13
144
37
52
45
40
40
174
14
6
11
64
201
18
41
33
38
4
31
5
48
63
34
58
35
61
85
7
8
109
34
35
15
9
62
42
33
89
16
40
19
25
43
49
67
17
18
91
22
25
47
14
118
48
49
55
25
38
75
148
79
29
58
99
25
109
59
88
49
139
73
18
18
169
48
14
51
202
44
81
232
256
10
13
34
37
61
15
14
39
14
38
16
5
28
26
66
8
41
22
46
35
53
58
68
49
38
73
15
65
88
13
79
42
4
95
37
118
106
61
34
125
148
130
14
5
88
28
152
175
41
32
11
115
55
182
205
59
142
41
212
86
169
68
239
113
196
95
140
223
22
250
49
18
280
21
18
17
15
85
45
54
316
41
54
7
51
12
121
90
68
352
34
90
36
10
95
120
11
382
120
66
9
28
43
412
44
150
99
42
58
76
442
77
132
466
106
107
162
490
136
137
514
192
166
167
538
222
194
562
249
586
221
245
269
293
317
341
365
389
413
437
461
485
509
533
4
4
4
8
8
8
12
12
12
16
16
16
20
20
20
24
24
24
28
28
28
32
32
32
36
36
36
40
40
40
44
44
44
48
48
48
52
52
52
56
56
56
60
60
60
64
64
64
68
68
68
72
72
72
76
76
76
80
80
80
84
84
85
88
88
89
91
91
93
95
95
97
99
99
101
103
103
105
107
107
109
111
111
113
115
115
117
119
119
121
123
123
125
127
127
129
131
131
133
135
135
137
139
139
141
143
143
145
147
147
149
151
151
153
155
155
157
159
159
161
163
163
167
167
166
171
171
170
175
175
174
178
178
178
182
186
188
189
190
193
195
196
197
200
201
201
207
208
208
211
212
212
215
217
216
220
220
224
229
230
232
234
236
238
241
244
244
246
248
248
250
253
253
258
264
263
268
268
272
272
277
277
280
283
281
284
288
286
292
295
296
300
301
304
305
312
310
313
314
318
317
319
322
326
329
334
334
340
343
345
343
347
349
347
352
360
364
362
364
33
373
379
377
376
380
34
387
6
385
395
399
397
403
406
410
409
72
413
418
39
73
426
425
430
438
439
442
439
443
443
111
72
457
455
39
463
469
474
472
473
478
476
31
105
485
493
75
496
499
35
503
505
509
513
517
27
141
70
526
530
532
68
36
541
545
549
32
553
66
553
557
106
180
571
69
582
580
580
586
584
584
71
139
105
219
607
612
610
611
166
620
138
252
634
639
638
643
653
663
282
661
665
673
683
687
312
689
703
711
713
713
342
733
735
737
743
372
759
763
761
773
402
783
785
793
803
807
432
809
823
831
833
833
462
853
855
857
863
492
879
883
881
893
522
903
905
913
923
927
552
929
943
951
953
953
582
973
975
977
983
612
999
1003
1001
616
642
1023
1025
1033
646
1047
672
1049
1063
1071
676
1073
1090
1095
703
1097
1117
1119
730
1121
1144
1143
1145
757
1167
1171
1169
784
1191
829
1193
811
1215
1217
856
838
1239
1241
862
1263
1265
886
1287
1289
910
1311
1313
934
1335
1337
958
1359
1361
982
1383
1385
1006
1407
1409
1030
1431
1433
1054
1455
1457
1078
1479
1481
1102
1503
1505
1126
1527
1529
1150
1551
1553
1174
1575
1577
1198
1599
1601
1222
1623
1625
1246
1647
1649
1270
1671
1673
1294
1695
1697
1318
1719
1721
1743
1745
1767
1769
1791
1793
1815
1817
1839
1841
1863
1865
1887
1889
1911
1913
1935
1937
1959
1961
1983
1985
2007
2009
2031
2033
2055
2057
2079
2081
2103
2105
2127
2129
2151
2153
2175
2177
2199
2201
2223
2225
2247
2249
2271
2273
2295
2297
2319
2321
2343
2345
2367
2369
2391
2393
2415
2417
2439
2441
2463
2465
2487
2489
2511
2513
2535
2537
2559
2561
2583
2585
2607
2609
2631
2633
2655
2657
2679
2681
2703
2705
2727
2729
2751
2753
2775
2777
2799
2801
2823
2825
2847
2849
2871
2873
2895
2897
2921
2945
2969
2993
3017
3041
3065
3089
3113
3137
3161
3185
3209
3233
3257
3281
3305
3329
3353
3377
3401
3425
3449
3473
3497
3521
3545
3569
3593
3617
3641
3665
3689
3713
3737
3761
3785
3809
3833
3857
3881
3905
3929
3953
3977
4001
4025
4049
4073
4097
4121
4145
4169
4193
4217
4241
4265
4289
4313
4337
4361
4385
4409
4433
4457
4481
4505
4529
4553
4577
4601
4625
4649
4673
4697
4721
4745
4769
4793
4817
4841
4865
4889
4913
4937
4961
4985
5009
5033
5057
5081
5105
5129
5153
5177
5201
5225
5249
5273
5297
5321
5345
5369
5393
5417
5441
5465
5489
5513
5537
5561
5585
5609
5633
5657
5681
5705
5729
5753
5777
5801
5825
5849
5873
5897
5921
5945
5969
5993
6017
6041
6065
6089
6113
6137
6161
6185
6209
6233
6257
6281
6305
6329
6353
6377
6401
6425
6449
6473
6497
6521
6545
6569
6593
6617
6641
6665
6689
6713
6737
6761
6785
6809
6833
6857
6881
6905
6929
6953
6977
7001
7025
7049
7073
7097
7121
7145
7169
7193
7217
7241
7265
7289
7313
7337
7361
7385
7409
7433
7457
7481
7505
7529
7553
7577
7601
7625
7649
7673
7697
7721
7745
7769
7793
7817
7841
7865
7889
7913
7937
7961
7985
8009
8033
8057
8081
8105
8129
8153
8177
8201
8225
8249
8273
8297
8321
8345
8369
8393
8417
8441
8465
8489
8513
8537
8561
8585
8609
8633
8657
8681
8705
8729
8753
8777
8801
8825
8849
8873
8897
8921
8945
8969
8993
9017
9041
9065
9089
9113
9137
9161
9185
9209
9233
9257
9281
9305
9329
9353
9377
9401
9425
9449
9473
9497
9521
9545
9569
9593
9617
9641
9665
9689
9713
9737
9761
9785
9809
9833
9857
9881
9905
9929
9953
9977
10001
10025
10049
10073
10097
10121
10145
10169
10193
10217
10241
10265
10289
10313
10337
10361
10385
10409
10433
10457
10481
10505
10529
10553
10577
10601
10625
10649
10673
10697
10721
10745
10769
10793
10817
10841
10865
10889
10913
10937
10961
10985
11009
11033
11057
11081
11105
11129
11153
11177
11201
11225
11249
11273
11297
11321
11345
11369
11393
11417
11441
11465
11489
11513
11537
11561
11585
11609
11633
11657
11681
11705
11729
11753
11777
11801
11825
11849
11873
11897
11921
11945
11969
11993
12017
12041
12065
12089
12113
12137
12161
12185
12209
12233
12257
12281
12305
12329
12353
12377
12401
12425
12449
12473
12497
12521
12545
12569
12593
12617
12641
12665
12689
12713
12737
12761
12785
12809
12833
12857
12881
12905
12929
12953
4
4
4
8
8
8
12
12
12
16
16
16
20
20
20
24
24
24
28
28
28
32
32
32
36
36
36
40
40
40
44
44
44
48
48
48
52
52
52
56
56
56
60
60
60
64
64
64
68
68
68
72
72
72
76
76
76
80
80
80
84
84
85
88
88
89
91
91
93
95
95
97
99
99
101
103
103
105
107
107
109
111
111
113
115
115
117
119
119
121
123
123
125
127
127
129
131
131
133
135
135
137
139
139
141
143
143
145
147
147
149
151
151
153
155
155
157
159
159
161
163
163
167
167
166
171
171
172
175
175
176
178
178
180
182
184
184
188
188
190
193
194
198
198
199
202
203
204
206
208
208
212
212
215
216
217
223
223
227
227
230
232
235
236
239
240
244
245
249
251
253
255
260
262
266
266
269
272
274
274
281
285
287
289
296
298
299
301
302
307
317
318
322
323
328
329
332
337
347
348
350
352
355
359
12
367
34
375
377
379
383
388
389
6
45
12
23
400
405
409
410
70
419
422
32
424
39
45
81
433
59
438
442
443
452
65
457
460
30
92
469
470
35
487
488
8
493
493
66
8
68
517
517
521
38
9
526
38
24
21
547
547
551
68
39
556
22
68
51
57
30
577
581
98
586
72
98
55
81
60
607
611
128
616
128
111
5
637
641
646
29
14
661
673
685
41
7
700
712
26
34
727
10
31
56
34
21
27
22
61
8
45
46
57
91
38
70
118
24
4
24
71
28
54
54
22
12
22
49
36
49
76
5
9
17
79
26
106
32
41
39
23
53
133
59
68
50
157
7
181
31
205
229
18
19
253
42
43
4
277
23
22
24
28
15
73
34
307
53
51
52
58
42
103
337
83
78
69
127
364
105
96
388
16
132
123
25
13
40
418
55
64
43
7
67
14
31
38
62
86
16
110
40
6
14
137
30
26
41
164
14
50
71
21
41
10
19
27
101
48
43
37
54
6
10
78
70
33
37
97
60
61
23
18
23
8
7
50
45
47
35
19
34
71
43
10
9
22
34
33
46
58
19
25
85
7
46
52
112
34
22
136
16
46
160
40
184
64
14
25
38
49
20
13
47
40
74
7
31
26
7
58
53
9
31
21
88
14
36
48
10
20
41
26
75
40
13
25
20
53
59
40
73
52
53
15
67
100
79
19
42
16
94
31
124
106
52
75
4
49
17
121
154
133
64
20
7
34
108
47
151
184
47
34
22
135
178
77
214
52
202
22
4
107
244
46
82
229
31
17
137
274
10
262
164
47
301
40
4
191
328
77
29
33
34
355
107
56
63
20
385
134
86
8
5
50
158
415
35
23
32
9
9
22
62
26
56
33
10
45
4
58
62
22
28
46
16
92
52
40
76
122
64
103
4
88
15
11
28
19
9
35
42
43
8
36
32
22
5
56
49
8
17
13
24
35
86
32
44
43
54
116
8
21
140
32
45
24
59
8
51
32
19
56
5
43
83
32
24
15
14
48
6
27
42
30
41
75
54
4
25
17
72
102
60
71
34
55
47
126
98
4
61
82
153
125
31
85
109
180
152
136
204
179
8
231
203
35
227
24
48
24
7
48
22
34
17
15
49
61
41
25
42
76
88
52
103
16
127
5
4
7
26
43
25
32
157
31
53
37
31
55
59
64
55
83
10
23
12
110
37
50
39
137
77
23
63
167
87
50
194
111
218
135
16
17
245
159
5
4
41
46
275
15
189
26
35
34
302
50
45
219
64
326
75
249
350
94
29
108
374
282
30
4
130
398
65
315
28
63
422
163
52
98
348
446
96
196
76
131
470
381
100
226
494
161
11
31
414
127
259
518
38
194
28
64
447
292
52
227
97
480
325
260
130
513
358
293
163
546
391
326
576
421
356
606
451
386
636
481
416
666
511
446
317
541
476
347
571
506
377
601
536
407
631
566
437
661
685
709
733
757
781
805
829
853
877
901
925
949
973
997
1021
1045
1069
1093
1117
1141
1165
1189
1213
1237
1261
1285
1309
1333
1357
1381
1405
1429
1453
1477
1501
1525
1549
1573
1597
1621
1645
1669
1693
1717
1741
1765
1789
1813
1837
1861
1885
1909
1933
1957
1981
2005
2029
2053
2077
2101
2125
2149
2173
2197
2221
2245
2269
2293
2317
2341
2365
2389
2413
2437
2461
2485
2509
2533
2557
2581
2605
2629
2653
2677
2701
2725
2749
2773
2797
2821
2845
2869
2893
2917
2941
2965
2989
3013
3037
3061
3085
3109
3133
3157
3181
3205
3229
3253
3277
3301
3325
3349
3373
3397
3421
3445
3469
3493
3517
3541
3565
3589
3613
3637
3661
3685
3709
3733
3757
3781
3805
3829
3853
3877
3901
3925
3949
3973
3997
4021
4045
4069
4093
4117
4141
4165
4189
4213
4237
4261
4285
4309
4
4
4
8
8
8
12
12
12
16
16
16
20
20
20
24
24
24
28
28
28
32
32
32
36
36
36
40
40
40
44
44
44
48
48
48
52
52
52
56
56
56
60
60
60
64
64
64
68
68
68
72
72
72
76
76
76
80
80
80
84
84
85
88
88
89
91
91
93
95
95
97
99
99
101
103
103
105
107
107
109
111
111
113
115
115
117
119
119
121
123
123
125
127
127
129
131
131
133
135
135
137
139
139
141
143
143
145
147
147
149
151
151
153
155
155
157
159
159
161
163
163
167
167
168
171
171
172
175
175
177
178
181
181
183
187
189
191
193
194
201
202
204
207
208
208
211
212
213
216
217
219
220
223
226
227
231
235
236
240
243
244
248
249
253
256
262
263
266
273
276
280
286
286
293
306
310
310
5
334
337
7
13
27
5
8
41
34
373
35
54
52
44
47
8
80
412
31
77
24
32
113
15
445
51
64
6
42
475
78
18
33
502
42
24
529
21
66
51
4
22
556
48
93
31
49
580
22
73
604
14
46
24
41
51
23
13
13
50
19
25
40
5
19
77
46
52
20
29
35
104
61
55
82
53
47
68
94
77
112
9
7
139
33
34
166
20
193
47
8
220
32
244
13
56
17
271
40
41
5
4
301
10
28
35
20
331
14
40
58
19
358
53
67
4
50
19
385
94
55
37
83
43
14
412
127
6
41
113
439
157
18
36
13
68
466
143
187
45
40
95
493
170
10
122
194
520
14
7
37
149
221
547
21
41
37
22
22
248
67
182
580
51
67
55
272
55
18
20
78
613
94
299
45
47
105
640
74
129
667
7
153
104
697
21
32
40
32
45
730
65
73
14
72
65
18
763
11
10
98
34
50
5
108
34
793
54
4
47
70
32
820
28
19
847
25
7
49
877
49
30
22
40
24
73
907
49
60
70
51
937
90
100
967
120
20
130
997
14
150
47
160
21
12
1027
44
180
77
6
14
48
193
42
29
1060
107
33
35
216
75
50
229
56
21
134
60
1099
102
74
255
83
161
87
265
57
129
36
12
1138
113
188
114
294
156
304
39
72
26
33
25
11
1177
152
186
340
49
56
16
66
41
1210
216
12
188
25
76
15
43
89
379
246
1246
48
58
45
24
415
273
1282
91
297
57
448
1315
321
124
27
17
481
348
1348
15
44
160
63
517
375
1384
51
10
196
402
28
553
11
1420
37
87
21
432
61
35
586
26
1453
48
459
91
616
50
28
483
1486
22
24
646
58
510
49
1516
48
31
17
537
88
75
1546
61
44
6
561
118
1576
91
15
585
33
24
1603
4
26
42
121
60
615
23
13
7
57
1639
84
59
40
157
648
59
46
108
43
89
1675
76
678
132
76
73
1705
705
5
21
159
100
14
1732
732
35
48
189
21
130
44
759
1762
216
51
783
160
22
1792
11
7
810
46
190
38
1822
37
70
837
28
4
30
223
1855
97
864
55
31
60
253
1885
9
4
127
894
61
280
1912
39
31
924
91
307
1939
69
27
12
954
121
340
1972
99
60
26
45
987
154
373
2005
18
135
22
62
13
20
1026
193
406
2038
19
57
58
98
49
56
1062
17
229
442
2074
55
18
1089
25
256
47
472
2104
85
48
1116
26
33
283
58
505
2137
5
118
1146
60
313
59
21
538
2170
38
151
1179
346
92
5
54
571
16
2206
27
1209
187
376
32
12
128
87
26
54
610
55
1242
2245
409
25
229
45
78
24
170
68
1275
652
102
442
2284
64
78
268
8
57
209
18
10
34
1314
691
32
481
2323
103
117
245
54
46
70
1350
727
517
2359
153
37
281
103
29
1383
763
550
2395
5
73
17
317
1413
65
580
29
799
2431
47
1443
350
610
15
829
2461
1470
380
39
637
859
12
2491
1497
204
410
36
889
10
17
2524
1524
231
443
63
37
922
50
1551
2557
17
90
476
64
1578
955
83
2590
44
20
19
43
1605
518
19
1000
128
1629
2635
65
64
88
563
64
1045
17
173
2680
7
16
599
100
44
40
34
1081
209
2716
635
58
136
30
1120
248
2755
82
674
175
106
69
16
1159
287
2794
130
40
713
12
1195
323
2830
749
48
6
1231
359
2866
24
785
33
84
1267
19
395
2902
54
29
63
824
49
33
846
84
434
2941
93
68
863
111
72
885
120
473
2514
138
201
147
918
506
2547
165
234
205
189
2095
232
213
2122
237
2146
261
2170
285
2194
309
2218
333
2242
357
2266
381
2290
405
2314
429
2338
453
2362
477
2386
501
2410
525
2434
549
2458
573
2482
597
1146
621
1170
645
804
669
828
693
717
741
765
789
813
837
861
885
909
933
957
981
1005
1029
1053
1077
1101
1125
1149
1173
1197
1221
1245
1269
1293
1317
4
4
4
8
8
8
12
12
12
16
16
16
20
20
20
24
24
24
28
28
28
32
32
32
36
36
36
40
40
40
44
44
44
48
48
48
52
52
52
56
56
56
60
60
60
64
64
64
68
68
68
72
72
72
76
76
76
80
80
80
84
84
85
88
88
89
91
91
93
95
95
97
99
99
101
103
103
105
107
107
109
111
111
113
115
115
117
119
119
121
123
123
125
127
127
129
131
131
133
135
135
137
139
139
141
143
143
145
147
147
149
151
151
153
155
155
157
159
159
161
163
163
167
167
166
171
171
170
175
175
174
178
178
180
182
184
186
187
190
192
193
194
196
197
198
202
202
203
206
207
208
210
212
212
217
217
218
221
226
226
228
231
235
236
236
240
241
246
247
251
254
256
258
260
265
267
269
274
274
279
279
284
284
286
289
292
294
302
303
308
310
310
314
315
319
325
326
331
332
6
336
8
344
346
351
352
356
361
361
5
368
373
45
47
385
388
390
18
394
400
401
31
47
42
418
86
29
424
427
431
432
31
66
445
27
76
451
92
457
90
464
71
469
474
60
73
10
23
487
490
117
22
497
107
505
510
40
53
520
520
147
52
527
16
143
541
546
547
174
23
79
556
557
21
6
55
26
4
577
204
582
583
59
592
593
57
42
31
62
610
615
619
625
626
92
640
645
649
655
656
10
673
13
676
678
683
15
37
43
703
708
710
11
7
48
10
64
13
733
14
38
740
744
43
40
91
7
39
763
65
52
770
53
118
265
82
24
46
794
13
17
78
98
91
151
301
7
821
118
60
44
82
49
134
10
848
40
109
19
93
82
37
4
170
875
46
112
34
200
902
142
926
227
950
251
10
24
14
977
278
37
48
41
1004
24
305
4
75
31
329
9
51
1037
37
353
64
22
42
1070
6
380
49
23
1097
19
30
410
50
1124
15
46
57
437
1148
42
84
461
11
1175
38
8
32
18
56
42
19
66
43
90
67
23
114
9
21
97
53
141
39
48
80
22
171
66
78
52
90
201
15
117
42
144
69
16
17
40
14
17
15
47
7
67
20
44
39
47
16
77
40
50
14
74
46
27
38
98
73
54
62
18
125
78
45
24
69
7
48
93
31
20
72
117
16
10
26
47
141
102
46
53
40
165
23
135
77
79
189
73
56
12
168
112
216
86
39
198
29
113
53
225
140
77
164
101
125
9
24
152
36
48
14
7
182
26
41
34
209
53
233
77
11
257
104
38
281
22
9
131
7
16
68
311
22
52
33
164
37
49
101
55
79
11
14
64
200
21
85
106
137
38
91
91
13
50
51
8
167
121
118
40
22
35
145
46
10
34
18
29
23
7
28
48
59
53
34
6
55
89
11
36
25
22
119
41
22
49
49
146
49
73
31
170
76
22
97
58
197
49
121
15
224
22
39
79
254
63
52
109
284
13
37
24
17
48
17
41
28
44
19
55
43
17
14
12
12
47
13
38
45
45
14
43
11
18
22
78
41
78
35
45
52
105
5
29
6
25
30
49
14
38
19
62
43
12
19
36
43
13
5
4
20
67
33
46
29
22
37
91
53
66
27
46
118
90
54
8
114
20
20
32
141
44
14
47
168
71
20
41
74
6
47
33
74
98
23
18
128
53
6
48
158
30
182
206
230
10
254
34
58
8
5
32
85
32
17
41
20
9
22
47
36
46
6
74
9
9
63
33
33
36
57
11
60
8
87
41
24
38
117
25
51
141
52
15
78
168
102
42
195
126
18
69
222
150
42
96
249
174
66
14
123
276
198
93
41
150
222
303
120
28
327
249
55
7
351
13
276
7
37
375
300
43
23
40
399
324
23
73
79
18
59
423
351
56
106
447
45
112
378
133
471
4
402
157
5
28
429
181
26
32
55
14
456
27
208
53
41
483
54
235
68
510
81
262
537
286
108
564
310
135
19
334
591
162
10
43
361
618
189
17
40
67
18
28
645
216
397
91
22
53
51
61
675
115
246
430
52
28
81
139
708
457
279
58
163
108
738
484
309
187
135
88
11
768
514
211
339
15
165
41
798
235
544
369
16
45
195
71
262
5
574
831
402
43
225
101
289
24
35
861
607
432
313
131
54
65
891
637
462
337
161
918
664
489
361
188
945
691
516
215
972
718
543
242
999
745
570
269
1026
772
597
296
1053
799
323
1077
826
350
1101
853
1125
377
880
1149
404
907
1173
431
934
1197
958
1221
982
1245
1006
1269
1030
1293
1054
1317
1078
1341
1102
1365
1126
1389
1150
1413
1174
1437
1198
1461
1222
1485
1246
1064
1270
1088
1294
1318
1342
4
4
4
8
8
8
12
12
12
16
16
16
20
20
20
24
24
24
28
28
28
32
32
32
36
36
36
40
40
40
44
44
44
48
48
48
52
52
52
56
56
56
60
60
60
64
64
64
68
68
68
72
72
72
76
76
76
80
80
80
84
84
85
88
88
89
91
91
93
95
95
97
99
99
101
103
103
105
107
107
109
111
111
113
115
115
117
119
119
121
123
123
125
127
127
129
131
131
133
135
135
137
139
139
141
143
143
145
147
147
149
151
151
153
155
155
157
159
159
161
163
163
167
167
168
171
171
172
175
175
176
178
180
181
184
185
185
188
190
191
192
198
199
201
202
203
205
208
208
210
212
212
216
217
219
221
224
226
228
229
230
233
234
236
243
244
248
250
252
254
257
257
259
261
267
268
272
277
278
278
285
287
289
293
297
298
4
305
6
307
311
313
314
317
328
330
332
37
337
338
39
346
347
353
28
53
362
367
371
373
376
386
28
83
64
17
403
403
407
25
412
58
422
44
100
430
52
439
23
443
448
22
457
76
136
50
5
11
478
482
487
100
487
61
32
30
39
124
53
514
520
524
529
103
538
72
81
7
44
98
565
565
569
574
34
148
23
23
126
89
595
143
64
610
17
53
614
619
193
625
68
41
131
185
652
28
649
656
16
661
107
52
676
685
43
7
689
694
79
703
715
34
719
11
724
727
20
745
64
749
41
754
751
50
775
779
775
784
25
74
24
12
805
809
808
814
98
58
57
45
835
122
839
844
841
12
91
25
90
868
872
871
877
49
45
13
4
901
898
905
910
28
40
925
931
596
940
23
67
952
964
629
94
973
56
503
15
1000
1006
527
89
13
48
1033
11
37
1042
11
22
84
9
1069
47
1078
49
47
36
120
1105
1111
1132
21
1138
11
22
48
1165
38
5
49
1192
26
19
25
16
35
1219
43
56
8
22
55
46
24
70
1249
21
35
52
76
51
11
97
609
51
31
121
84
633
44
16
84
21
28
64
151
660
117
46
17
48
117
58
687
181
147
76
75
47
147
22
88
717
177
15
105
77
177
115
52
747
42
104
16
204
79
225
14
69
134
43
249
41
31
99
161
8
68
58
19
126
188
35
31
20
98
46
153
22
58
8
50
128
180
32
52
80
4
59
6
34
89
36
13
64
37
88
25
64
22
55
94
52
15
85
124
8
42
22
115
12
35
49
142
36
59
166
60
83
12
110
5
39
21
17
29
143
19
72
54
53
50
176
43
6
77
80
206
7
101
36
6
110
236
125
34
66
33
15
21
4
18
14
266
155
42
51
31
48
41
293
185
69
320
209
23
233
347
50
257
374
17
27
284
401
22
44
27
60
428
317
55
71
23
60
21
93
458
350
101
23
53
90
48
488
377
20
131
117
53
78
515
404
50
158
22
144
108
542
431
80
185
171
52
569
138
458
212
7
201
162
596
5
7
491
239
40
234
189
623
34
38
266
524
26
30
73
219
653
64
296
551
6
56
15
100
66
683
9
30
578
326
261
106
28
48
710
57
353
48
69
52
300
7
145
740
93
383
84
14
25
333
40
178
773
416
38
12
360
58
205
7
6
806
449
39
387
232
14
37
36
836
479
414
69
259
44
863
66
506
441
99
286
890
93
25
10
536
471
126
316
17
920
55
40
20
153
566
504
44
349
950
85
180
73
596
53
537
382
980
115
626
106
86
570
415
1010
32
145
28
656
6
148
1040
609
175
454
71
686
67
11
45
1073
187
648
716
493
110
41
106
1103
223
746
684
22
529
146
142
1130
773
46
717
562
1157
179
175
800
30
750
595
1187
10
212
208
525
60
34
303
1217
628
245
555
241
58
1244
336
661
278
82
26
1271
366
691
308
53
16
12
1301
20
399
724
40
341
83
42
1331
53
36
757
113
1358
13
10
66
787
1382
34
43
814
1406
58
26
10
1430
841
50
37
1454
405
1478
429
11
18
1502
453
16
38
45
1529
43
22
1556
5
70
49
1583
32
97
14
1610
20
38
1637
20
47
1664
44
14
77
1694
44
107
16
1724
74
6
40
140
17
1757
27
64
110
42
41
1790
88
60
24
72
68
19
112
1820
54
98
11
139
49
1844
84
27
13
41
76
1871
22
111
21
6
57
43
71
106
1901
52
141
51
36
1928
75
168
28
1955
192
55
1982
216
24
82
2009
240
48
22
112
264
2039
52
24
145
288
28
4
2075
12
88
315
60
28
181
64
39
20
2111
33
345
19
47
2141
21
63
375
19
49
48
2171
402
43
9
76
2198
429
103
2225
453
130
477
2252
157
2279
184
2306
211
2333
238
2360
265
289
313
337
4
4
4
8
8
8
12
12
12
16
16
16
20
20
20
24
24
24
28
28
28
32
32
32
36
36
36
40
40
40
44
44
44
48
48
48
52
52
52
56
56
56
60
60
60
64
64
64
68
68
68
72
72
72
76
76
76
80
80
80
84
84
85
88
88
89
91
91
93
95
95
97
99
99
101
103
103
105
107
107
109
111
111
113
115
115
117
119
119
121
123
123
125
127
127
129
131
131
133
135
135
137
139
139
141
143
143
145
147
147
149
151
151
153
155
155
157
159
159
161
163
163
167
167
166
171
171
170
175
175
174
178
178
179
182
182
183
186
187
192
193
196
197
198
201
202
202
206
207
207
211
212
213
216
218
217
220
221
223
224
225
227
228
229
231
233
235
238
241
242
246
247
249
251
252
257
258
259
262
265
269
269
273
273
277
282
283
283
287
290
292
296
300
302
306
308
307
313
316
320
323
327
331
335
336
339
344
32
349
30
355
355
360
362
374
374
378
24
379
71
390
69
394
28
401
404
39
406
54
416
25
420
55
423
113
433
433
437
440
78
55
453
455
459
27
457
152
14
470
472
25
479
88
41
486
487
60
494
12
498
32
47
191
506
511
58
19
518
519
80
523
62
533
48
536
537
83
27
233
549
52
553
560
556
92
10
113
572
576
22
82
66
582
272
9
30
586
592
12
143
599
49
112
611
615
61
105
616
621
311
48
173
69
631
51
638
142
650
646
654
654
81
203
144
350
81
29
670
677
676
684
690
108
56
180
386
706
703
711
723
213
11
419
727
739
738
756
751
38
246
452
765
35
775
8
775
7
10
792
798
288
799
494
77
817
37
819
50
823
21
52
843
843
333
539
847
859
60
867
21
15
879
874
29
369
575
22
895
32
21
900
34
48
912
57
62
910
605
925
21
65
61
933
60
942
31
73
635
95
946
955
57
98
966
972
93
64
106
665
128
985
979
996
1002
123
94
136
695
1015
1009
12
1023
121
153
1035
166
728
1039
1048
1050
45
35
1063
1071
7
764
1077
1084
81
1087
71
34
1107
1104
800
1111
1120
33
14
23
1128
110
16
1138
1149
17
1152
41
845
4
14
14
1168
81
1168
71
10
1179
61
31
44
1194
62
890
1198
59
1206
40
1213
113
30
1225
1230
1236
67
929
1249
28
9
1254
63
1258
1269
100
962
1282
61
1278
18
45
1299
1294
992
136
1302
1312
51
78
1329
1326
4
1022
1330
172
87
1356
1350
114
1049
34
43
1369
1374
211
1383
1076
126
153
73
1398
1410
1405
1103
247
1422
162
189
1437
109
1130
1441
1446
283
1464
222
1157
142
1470
1474
316
1491
1184
255
1494
1504
346
636
1211
1518
285
1534
663
376
1542
1238
315
1564
690
1566
406
1265
345
1590
717
1594
1292
436
375
1614
744
1624
1319
466
1638
405
771
1346
1654
496
1662
435
798
1373
1684
1686
526
825
465
1400
1710
1714
556
1424
1734
1741
583
1448
1758
1768
610
1782
1795
637
1806
1822
664
1830
1849
691
1854
1876
1878
718
1903
1902
745
1926
1930
1950
1954
1974
1978
1998
2002
2022
2026
2046
2050
2070
2074
2094
2098
2118
2122
2142
2146
2166
2170
2190
2194
2214
2218
2238
2242
2262
2266
2286
2290
2310
2314
2338
2362
2386
2410
2434
2458
2482
2506
2530
2554
2578
2602
2626
2650
2674
2698
2722
2746
2770
2794
2818
2842
2866
2890
2914
2938
2962
2986
3010
3034
3058
3082
3106
3130
3154
3178
3202
3226
3250
3274
3298
3322
3346
3370
3394
3418
3442
3466
3490
3514
3538
3562
3586
3610
3634
3658
3682
3706
3730
3754
3778
3802
3826
3850
3874
3898
3922
3946
3970
3994
4018
4042
4066
4090
4114
4138
4162
4186
4210
4234
4258
4282
4306
4330
4354
4378
4402
4426
4450
4474
4498
4522
4546
4570
4594
4618
4642
4666
4690
4714
4738
4762
4786
4810
4834
4858
4882
4906
4930
4954
4978
5002
5026
5050
5074
5098
5122
5146
5170
5194
5218
5242
5266
5290
5314
5338
5362
5386
5410
5434
5458
5482
5506
5530
5554
5578
5602
5626
5650
5674
5698
5722
5746
5770
5794
5818
5842
5866
5890
5914
5938
5962
5986
6010
6034
6058
6082
6106
6130
6154
6178
6202
6226
6250
6274
6298
6322
6346
6370
6394
6418
6442
6466
6490
6514
6538
6562
6586
6610
6634
6658
6682
6706
6730
6754
6778
6802
6826
6850
6874
6898
6922
6946
6970
6994
7018
7042
7066
7090
7114
7138
7162
7186
7210
7234
7258
7282
7306
7330
7354
7378
7402
7426
7450
7474
7498
7522
7546
7570
7594
7618
7642
7666
7690
7714
7738
7762
7786
7810
7834
7858
7882
7906
7930
7954
7978
8002
8026
8050
8074
8098
8122
8146
8170
8194
8218
8242
8266
8290
8314
8338
8362
8386
8410
8434
8458
8482
8506
8530
8554
8578
8602
8626
8650
8674
8698
8722
8746
8770
8794
8818
8842
8866
8890
8914
8938
8962
8986
9010
9034
9058
9082
9106
9130
9154
9178
9202
9226
9250
9274
9298
9322
9346
9370
9394
9418
9442
9466
9490
9514
9538
9562
9586
9610
9634
9658
9682
9706
9730
9754
9778
9802
9826
9850
9874
9898
9922
9946
9970
9994
10018
10042
10066
10090
10114
10138
10162
10186
10210
10234
4
4
4
8
8
8
12
12
12
16
16
16
20
20
20
24
24
24
28
28
28
32
32
32
36
36
36
40
40
40
44
44
44
48
48
48
52
52
52
56
56
56
60
60
60
64
64
64
68
68
68
72
72
72
76
76
76
80
80
80
84
84
85
88
88
89
91
91
93
95
95
97
99
99
101
103
103
105
107
107
109
111
111
113
115
115
117
119
119
121
123
123
125
127
127
129
131
131
133
135
135
137
139
139
141
143
143
145
147
147
149
151
151
153
155
155
157
159
159
161
163
163
167
167
166
171
171
171
175
175
175
178
179
181
183
183
186
188
190
192
193
196
198
201
202
202
205
206
208
210
211
213
214
217
217
219
221
223
227
226
226
231
231
235
239
243
244
246
250
250
256
256
260
264
267
271
272
273
280
283
286
290
294
300
300
304
310
313
317
327
330
334
337
341
343
354
360
364
365
364
373
6
381
12
389
391
396
406
408
39
413
418
45
435
436
437
14
459
460
464
28
483
484
44
494
58
507
508
17
24
14
80
530
532
534
94
19
53
22
60
44
559
116
31
564
569
49
49
93
586
28
61
594
599
79
7
123
613
58
624
244
109
30
34
26
640
156
651
277
664
63
59
23
7
307
691
93
89
50
31
337
718
123
10
742
364
19
150
37
766
391
46
25
22
180
793
52
49
10
207
823
76
82
40
234
4
853
103
112
261
4
70
31
15
8
886
133
31
291
145
103
48
38
55
919
163
321
21
178
136
31
82
84
190
48
955
14
11
30
169
9
112
220
22
70
5
123
44
41
994
60
142
208
250
48
15
35
61
159
71
90
7
1030
172
283
244
48
117
104
1057
40
199
22
271
319
1084
223
137
73
298
55
4
352
247
1114
170
106
88
271
31
5
1141
112
27
298
1165
32
139
54
325
1189
5
8
78
349
1219
4
35
14
38
105
376
1249
31
65
41
403
10
1276
15
71
7
6
37
1303
42
4
98
37
33
1330
69
4
14
34
10
128
1354
99
34
44
37
1378
158
61
1402
182
6
85
5
1426
212
10
39
109
1450
38
245
43
133
72
1474
5
6
19
11
275
1501
166
38
39
26
38
52
302
15
1528
199
56
79
332
1552
45
226
12
1576
89
365
250
19
42
1603
392
274
46
16
72
1630
31
425
1654
21
49
105
28
64
458
45
1681
20
85
55
23
27
14
488
1711
19
50
50
88
41
515
60
1744
52
77
539
5
13
1771
29
569
37
8
1795
38
62
1819
602
41
15
1843
629
20
42
1867
653
47
69
1891
9
677
9
1915
8
701
102
42
20
42
1939
23
728
41
135
47
75
1966
75
29
755
53
74
102
5
23
102
782
2002
65
126
38
5
806
56
2035
21
156
830
35
2059
51
854
14
186
2086
15
27
13
884
41
213
2113
10
45
57
40
240
914
71
2143
40
75
264
87
23
101
947
2173
35
288
128
53
977
26
2203
312
65
1004
53
4
336
2233
1028
13
83
363
34
2263
1052
40
390
61
2290
1076
414
6
2317
1100
10
19
33
444
1124
2344
9
40
30
49
474
375
2371
36
15
57
8
10
402
2398
507
84
48
41
426
2425
43
540
27
18
2449
74
76
12
573
42
2476
60
23
39
600
69
2503
50
31
26
627
19
21
99
2533
17
53
83
16
64
654
52
18
54
2566
50
678
28
49
97
13
85
51
87
705
2599
58
22
127
30
43
115
27
117
735
2629
52
57
73
54
145
147
765
2659
84
82
4
103
178
31
795
183
2695
130
40
23
214
67
154
219
2357
47
11
178
250
103
38
258
2396
202
50
289
142
226
20
77
297
2106
24
44
253
89
328
4
181
333
54
13
2142
71
13
283
16
37
128
8
367
43
369
1609
313
49
46
35
67
14
164
30
403
14
29
405
1645
62
85
82
19
47
41
63
439
22
89
65
441
1681
121
118
4
55
19
9
86
58
474
101
1714
31
36
85
154
55
122
171
1286
60
115
184
13
201
1316
20
145
37
231
44
279
175
61
7
27
8
267
85
315
40
32
60
109
300
22
7
76
16
34
336
58
40
43
112
70
372
142
100
402
172
429
453
15
25
477
39
49
25
22
49
6
49
73
7
22
36
4
16
79
37
49
12
14
30
29
34
46
109
42
5
56
44
60
76
139
80
72
35
29
103
169
20
104
127
59
199
128
21
53
151
5
9
92
232
54
29
33
24
125
265
87
20
23
57
158
44
47
84
185
68
23
111
212
47
7
138
239
17
31
168
33
272
55
50
63
28
17
87
55
21
44
45
69
93
117
141
165
189
213
237
261
285
309
333
357
381
405
429
453
477
501
525
549
573
597
621
645
669
4
4
4
8
8
8
12
12
12
16
16
16
20
20
20
24
24
24
28
28
28
32
32
32
36
36
36
40
40
40
44
44
44
48
48
48
52
52
52
56
56
56
60
60
60
64
64
64
68
68
68
72
72
72
76
76
76
80
80
80
84
84
85
88
88
89
91
91
93
95
95
97
99
99
101
103
103
105
107
107
109
111
111
113
115
115
117
119
119
121
123
123
125
127
127
129
131
131
133
135
135
137
139
139
141
143
143
145
147
147
149
151
151
153
155
155
157
159
159
161
163
163
167
167
166
171
171
170
175
175
174
178
178
179
182
183
183
186
188
190
190
193
194
195
198
200
203
203
205
208
208
209
212
212
215
216
218
221
220
222
227
226
229
231
232
234
236
238
240
241
244
245
248
253
254
257
256
259
263
262
264
267
267
272
274
277
280
283
284
286
287
290
291
292
295
297
298
303
305
310
310
310
314
320
319
323
16
325
331
331
334
336
340
340
11
343
9
353
352
356
358
358
362
13
364
368
64
373
376
379
382
29
30
48
388
391
392
62
394
49
404
409
413
62
415
419
422
421
427
430
78
439
442
451
10
455
466
469
466
475
34
40
490
494
490
22
505
18
508
36
517
517
82
46
15
532
152
48
11
13
547
550
78
559
45
35
133
40
191
10
19
589
72
592
120
67
34
601
175
99
233
61
631
159
640
123
214
97
24
667
150
673
18
127
54
697
180
703
48
157
30
207
730
6
736
75
60
234
30
760
20
102
766
6
261
44
790
5
796
23
285
20
39
74
35
823
6
33
309
832
59
53
107
333
856
63
39
14
865
83
92
137
360
11
41
892
110
898
164
125
387
5
44
925
140
411
931
194
158
35
77
435
170
958
964
224
191
459
197
20
988
251
13
221
13
489
224
50
1018
278
43
251
43
251
519
305
1048
543
278
1072
332
23
567
308
1096
362
53
591
1120
338
392
615
1144
365
419
639
16
1171
392
23
663
43
449
15
23
1201
422
690
53
25
16
479
20
48
33
53
1234
720
455
55
49
509
53
63
83
1264
750
485
85
539
93
113
1288
780
515
569
1312
123
804
8
545
1339
599
153
828
35
575
16
11
1369
629
8
10
858
602
20
68
31
656
44
52
41
4
17
891
46
632
29
56
104
67
44
37
921
659
79
59
137
71
948
21
4
16
18
167
98
975
10
16
51
34
46
48
197
128
1005
40
46
28
64
78
155
227
1035
11
58
94
20
260
1062
38
47
287
1089
74
1113
314
1137
338
19
362
1164
46
25
386
1191
49
410
1215
73
1239
14
97
1263
38
121
1287
23
7
21
1314
50
34
20
16
48
1344
40
47
10
23
5
1374
20
34
28
36
37
17
32
56
10
1407
50
58
67
7
69
14
24
50
40
1437
16
88
97
40
24
44
57
1467
46
127
68
6
54
87
1497
76
157
36
84
117
24
8
1527
109
187
12
16
150
35
1554
57
214
142
9
45
46
21
1584
87
244
36
172
51
1614
196
274
10
11
1641
34
223
301
16
38
1668
61
250
43
1692
274
88
1716
298
112
10
429
322
136
37
346
456
160
64
370
184
483
22
208
397
507
20
52
6
169
427
50
82
33
4
196
457
109
60
28
484
84
52
508
18
111
76
532
45
138
162
4
6
28
30
11
24
16
35
51
28
43
17
78
16
55
44
15
40
8
42
8
35
5
69
35
26
32
96
5
53
123
19
29
150
5
46
25
14
32
52
25
41
76
52
11
19
68
103
35
79
46
19
95
31
43
122
58
67
82
91
106
12
115
17
36
142
44
9
169
33
193
217
22
46
15
6
73
12
10
25
42
21
33
39
103
37
29
55
72
11
60
54
56
102
84
41
12
108
36
22
135
11
60
49
162
35
84
186
25
108
210
26
49
8
50
237
35
74
264
62
98
11
291
122
35
25
318
17
55
348
34
19
50
88
9
381
43
67
26
33
13
411
9
53
37
438
33
21
462
45
26
486
50
510
11
183
35
207
17
41
21
24
45
28
11
12
51
72
55
35
39
99
59
19
66
31
83
4
12
43
132
27
61
11
116
34
45
60
88
44
61
149
115
71
88
176
200
224
248
272
296
320
344
368
392
416
440
464
488
512
536
560
584
608
632
656
680
704
728
752
776
800
824
848
872
896
920
944
968
992
1016
1040
1064
1088
1112
1136
1160
1184
1208
1232
1256
1280
1304
1328
1352
1376
1400
1424
1448
1472
1496
1520
1544
1568
1592
1616
1640
1664
1688
1712
1736
1760
1784
1808
1832
1856
1880
1904
1928
1952
1976
2000
2024
2048
2072
2096
2120
2144
2168
2192
2216
2240
2264
2288
2312
2336
2360
2384
2408
2432
2456
2480
