23
16
35
6
11
25
21
26
6
44
15
38
7
53
29
45
29
34
54
52
38
18
12
50
69
71
48
9
65
94
33
85
34
14
11
58
17
49
58
33
55
11
4
17
20
14
24
29
55
50
29
54
6
46
10
49
56
100
43
42
48
29
50
5
21
54
30
39
92
26
36
7
5
20
27
33
27
44
17
51
42
12
54
54
37
52
31
4
20
43
6
29
49
36
22
38
25
100
40
54
30
10
6
56
16
32
29
53
34
49
25
28
9
34
13
63
39
76
28
36
60
31
42
35
30
24
35
10
7
40
66
55
33
23
39
44
20
34
38
19
99
35
14
20
56
33
25
24
43
37
21
10
51
37
9
19
53
63
7
31
34
74
18
41
23
43
7
43
17
48
33
22
48
9
23
19
38
60
4
49
28
18
52
19
67
34
68
30
21
33
55
37
41
11
7
29
38
10
29
44
23
11
24
69
17
8
43
29
28
52
37
46
54
26
10
33
9
40
15
69
34
70
28
42
23
29
16
39
17
91
38
72
59
22
42
30
85
39
29
32
41
24
36
16
22
78
6
20
78
28
30
35
58
16
49
45
28
43
36
85
34
26
81
37
69
26
55
43
18
43
28
13
8
6
84
16
59
14
40
48
34
4
49
44
45
21
14
45
46
70
8
17
29
89
62
9
25
12
21
76
36
38
33
38
38
8
6
47
17
16
45
9
26
31
9
50
37
39
43
54
10
53
8
6
49
56
25
49
60
47
59
83
21
43
53
17
37
53
22
77
39
15
5
10
46
5
34
20
28
18
7
59
47
17
49
32
80
6
94
19
35
49
58
12
61
59
56
45
14
129
43
78
42
19
32
50
34
16
35
5
52
20
72
56
16
27
64
54
22
37
44
27
86
56
10
28
60
42
55
43
68
22
44
45
120
14
111
9
53
92
52
44
22
90
72
71
23
8
22
38
42
39
40
4
153
10
6
92
49
30
24
31
59
19
51
9
32
71
34
12
18
18
77
5
23
40
46
96
7
15
55
11
65
59
6
54
4
34
73
20
67
38
84
22
5
18
40
57
11
27
21
56
75
25
24
75
57
55
101
48
16
18
35
31
28
19
43
19
48
37
50
62
54
29
76
62
58
88
44
75
4
4
21
4
22
35
9
36
41
38
14
8
43
17
16
42
27
29
49
49
24
44
60
48
41
4
48
39
16
4
8
51
4
46
66
70
72
81
66
29
37
4
17
41
45
6
7
14
50
10
48
13
58
31
11
67
26
85
140
23
76
111
71
11
71
63
41
25
63
41
132
38
121
28
58
12
18
55
66
22
81
13
39
32
115
49
11
12
18
15
29
88
131
37
13
36
53
32
43
39
142
53
24
22
65
58
34
36
9
135
54
5
105
31
36
4
60
19
41
10
189
26
8
6
96
26
46
17
60
62
55
46
44
9
70
30
50
11
112
40
42
101
27
43
17
35
58
45
55
46
39
38
91
24
72
27
61
45
27
18
32
74
38
36
9
22
40
105
149
32
31
13
13
36
23
56
56
20
21
18
55
196
29
138
71
79
115
60
9
40
11
6
25
27
91
37
12
22
18
32
81
56
22
34
11
55
21
21
56
11
42
12
73
55
79
49
84
42
15
58
24
37
34
13
49
38
88
24
24
46
60
18
41
120
42
27
62
68
76
66
44
5
6
75
45
46
21
60
32
13
50
79
44
43
101
47
8
10
52
46
23
34
43
56
55
115
53
27
65
28
61
56
25
5
4
49
65
65
16
24
33
21
34
38
15
54
33
30
52
40
12
116
7
25
45
22
42
61
26
39
6
72
53
12
100
36
35
45
40
23
52
40
5
29
32
28
9
12
30
35
21
46
34
7
17
36
60
8
53
22
21
47
12
28
45
20
35
44
47
11
9
6
21
44
30
52
11
15
44
40
5
15
31
107
11
25
25
66
60
11
38
39
46
37
47
22
55
40
51
5
59
33
52
72
40
51
53
61
47
15
49
12
15
46
92
43
40
102
11
7
19
11
33
13
21
52
64
71
6
60
21
27
6
40
32
25
5
7
12
99
47
9
14
52
4
14
53
23
7
45
56
31
31
28
53
4
36
39
24
55
61
29
154
81
22
46
47
75
30
83
35
41
34
55
16
13
15
8
25
66
18
69
32
52
18
86
59
37
82
15
13
42
74
5
19
70
35
29
7
7
42
16
10
34
36
37
123
83
59
8
43
43
35
11
80
68
35
18
44
38
13
48
32
22
32
39
36
48
43
105
15
12
19
29
34
35
5
11
8
35
32
22
27
16
30
38
81
35
19
19
40
35
33
27
64
52
6
24
77
15
84
19
16
45
52
38
65
20
47
126
77
12
7
42
36
47
13
36
35
52
40
48
52
33
149
107
59
21
56
60
38
86
54
28
62
32
6
20
33
56
96
48
60
46
13
15
41
8
30
33
34
31
8
41
24
40
107
14
21
23
71
17
50
18
44
34
5
34
41
50
61
57
45
26
42
34
24
25
28
50
46
14
53
42
21
15
30
24
34
7
43
5
4
53
34
47
36
4
72
29
15
8
113
16
42
61
36
18
17
4
9
42
19
4
29
61
17
106
28
32
52
55
19
36
50
52
8
45
44
33
51
107
31
32
32
45
39
59
10
6
43
58
35
73
19
39
44
37
39
5
110
13
35
62
11
26
27
37
29
14
136
55
13
13
53
35
33
63
9
25
10
58
52
41
64
5
53
18
96
5
52
29
24
14
66
4
18
41
80
53
84
41
80
7
42
10
45
85
27
10
46
63
44
34
16
14
39
8
61
57
39
16
58
31
73
55
30
28
53
9
36
45
44
4
39
11
75
46
81
23
11
12
10
6
8
58
19
21
36
16
67
40
76
9
46
6
124
48
34
5
49
13
28
33
129
8
13
49
15
44
8
10
31
60
41
41
36
25
49
42
47
22
22
19
62
20
48
44
69
4
57
28
36
47
34
94
59
24
49
82
13
9
50
29
12
45
32
36
27
33
62
24
34
4
4
32
28
59
17
22
28
14
21
21
44
59
23
43
28
26
32
36
21
34
12
32
32
7
38
42
36
45
50
31
56
13
38
30
13
69
18
72
11
26
17
10
34
6
14
70
31
39
31
87
23
32
11
11
59
58
31
23
23
26
46
31
12
26
6
16
61
34
21
50
5
75
60
6
44
126
45
44
94
63
47
24
87
43
8
8
122
44
46
68
44
4
7
40
49
25
28
20
20
16
21
17
55
56
81
34
55
12
42
50
31
14
10
24
53
37
54
12
85
56
18
77
22
48
37
37
86
41
11
52
24
40
48
53
43
38
38
22
12
133
55
42
15
16
63
118
75
96
50
68
26
48
84
43
32
15
39
20
8
175
25
44
69
36
86
106
8
34
8
31
32
14
30
23
22
23
14
25
8
49
54
35
19
21
13
34
7
30
23
37
77
17
36
28
32
15
52
41
45
49
65
59
118
7
6
38
6
9
18
43
40
25
85
35
70
29
5
19
11
14
10
28
5
23
42
46
14
81
51
12
14
19
7
36
42
8
10
27
40
19
31
29
19
33
15
32
17
25
12
58
5
34
37
77
16
44
11
53
18
12
39
25
42
66
64
23
12
34
32
19
18
33
16
72
26
55
50
46
34
59
57
50
65
36
24
80
68
24
63
16
16
88
81
24
53
27
44
66
75
19
42
22
58
96
35
8
17
26
10
49
10
11
8
46
60
11
10
27
24
13
54
39
71
41
39
56
7
28
19
10
13
56
14
61
25
61
7
28
6
11
7
10
85
43
11
72
18
36
37
55
8
13
30
25
4
49
52
27
44
53
41
71
38
33
36
19
68
85
61
40
9
56
45
22
88
35
10
13
44
51
55
42
111
13
36
15
30
25
36
53
35
37
37
18
20
49
22
29
9
69
5
36
31
68
45
31
74
45
36
16
46
52
44
77
47
9
89
39
48
22
40
22
10
41
27
36
16
41
32
13
109
29
46
22
83
25
8
31
37
41
35
16
30
30
11
31
37
38
14
29
43
19
43
36
46
4
16
41
36
12
31
34
4
18
21
43
49
24
8
36
39
107
7
96
59
84
34
30
50
54
110
16
59
4
75
79
50
45
33
80
128
63
93
110
66
22
54
45
13
22
39
43
60
22
4
56
21
47
65
30
22
9
47
5
30
38
153
121
93
18
19
18
44
55
42
14
9
65
7
156
39
42
40
33
36
30
10
37
13
56
61
17
33
40
81
8
27
14
51
46
40
10
61
54
26
62
10
56
17
74
53
66
81
15
61
22
5
89
19
33
109
82
14
68
22
41
13
52
109
37
56
57
56
5
103
17
28
6
15
35
14
39
147
17
33
14
46
91
80
53
56
68
177
34
42
80
51
7
4
26
62
22
103
46
57
52
11
56
13
128
41
27
31
42
13
48
27
37
61
5
36
75
43
31
36
44
24
7
68
33
10
63
52
78
54
88
22
55
59
62
15
54
51
9
26
22
30
65
46
80
36
57
55
65
111
100
19
9
35
16
41
35
18
29
42
18
29
34
35
44
11
13
14
35
7
13
27
45
33
50
56
19
19
27
13
4
40
46
22
11
24
11
16
27
46
38
56
52
46
36
44
30
38
21
13
11
57
18
7
56
36
59
45
15
55
37
41
10
5
11
21
33
59
68
5
80
39
44
56
61
42
33
7
40
38
24
51
73
30
70
18
56
37
21
61
9
36
40
116
12
17
49
5
69
38
53
25
4
12
26
29
31
69
36
29
7
30
33
51
51
38
29
41
38
35
7
51
23
4
48
30
41
39
61
20
28
5
15
39
58
33
11
20
33
5
42
44
43
66
24
24
38
36
47
10
43
13
7
49
47
47
5
25
4
24
37
15
43
28
18
82
38
18
49
31
24
13
17
34
82
58
42
38
13
35
38
37
33
22
10
27
96
7
37
11
16
17
25
29
113
30
50
46
35
39
21
11
33
61
17
33
32
53
30
44
30
7
47
10
40
30
24
41
45
13
32
7
20
58
7
37
36
66
15
19
49
36
40
24
26
38
14
30
8
19
38
21
73
30
41
10
5
22
37
16
17
42
28
11
6
57
20
31
43
22
56
8
42
33
23
8
28
44
43
15
73
19
21
13
23
30
4
31
20
16
33
55
36
28
24
31
11
44
18
64
49
25
27
51
47
16
45
41
10
46
62
11
29
23
18
12
10
48
4
50
36
20
38
4
10
55
35
26
8
30
45
8
34
29
17
22
6
53
7
63
17
28
8
46
48
11
7
88
83
50
44
19
12
104
88
43
58
50
48
20
41
66
17
7
52
67
46
41
14
16
27
43
20
4
93
85
49
7
53
36
7
42
24
29
27
31
27
50
12
69
25
38
56
40
47
20
37
14
64
18
30
8
81
44
48
42
18
42
17
47
37
21
40
41
47
26
41
64
12
29
9
9
16
49
28
4
68
48
34
41
99
56
6
15
40
26
7
12
36
60
59
8
47
63
38
14
40
31
39
43
31
55
85
56
86
38
52
10
70
20
36
64
121
4
45
50
15
28
65
65
32
51
128
106
41
41
38
27
8
31
39
11
19
39
36
21
22
4
26
39
38
54
32
10
69
22
70
20
14
11
59
48
17
20
7
29
27
12
27
64
52
15
20
13
30
19
12
30
39
9
18
31
55
23
23
7
55
11
18
49
24
33
43
36
35
37
13
26
51
41
18
26
44
53
49
9
15
41
51
12
52
5
29
44
48
35
8
22
40
51
18
44
4
16
46
19
12
11
17
44
12
34
40
26
21
40
34
22
40
55
6
37
12
40
17
23
29
51
36
49
44
23
27
42
34
41
34
8
31
71
5
13
10
76
24
5
28
30
14
35
37
78
41
39
17
13
31
5
28
47
17
51
28
21
19
26
20
6
34
37
9
42
33
37
6
46
5
24
24
48
8
39
24
5
50
41
49
66
23
11
46
48
51
8
56
56
7
38
51
75
26
64
51
17
21
19
40
39
92
25
22
22
32
58
39
24
24
48
39
4
93
28
13
14
52
14
41
25
42
33
31
15
28
8
21
17
80
25
30
65
23
12
38
12
48
59
19
46
12
7
29
4
10
21
42
6
27
51
35
5
42
65
9
21
19
43
68
33
24
41
47
75
27
11
24
10
73
73
15
57
31
87
10
24
94
43
51
47
33
15
46
4
6
10
40
41
26
84
17
51
57
100
4
12
59
28
57
18
47
34
28
66
5
35
29
21
62
7
13
28
70
54
95
26
13
51
82
30
43
14
62
6
34
78
48
20
14
17
95
8
24
111
61
49
30
24
15
17
52
95
19
50
55
13
50
29
44
62
27
12
9
30
18
20
11
37
26
63
89
62
62
28
40
102
59
7
19
26
16
24
22
53
20
50
46
30
30
28
57
31
52
15
58
26
28
17
97
64
8
25
26
40
5
4
43
40
9
24
56
28
11
52
63
57
28
23
58
46
27
29
30
49
20
43
13
5
89
37
43
16
18
7
6
27
12
72
12
39
29
42
38
22
22
25
28
9
42
52
29
26
54
24
31
43
55
7
45
6
18
42
5
18
18
20
53
47
50
53
10
31
41
6
24
47
31
20
72
52
36
90
28
48
25
49
42
30
25
44
70
31
42
6
41
90
138
45
42
32
39
42
45
4
44
11
7
60
46
13
45
36
12
42
16
4
13
45
50
16
18
5
31
6
9
109
56
53
11
94
43
48
48
9
56
18
12
37
128
35
4
50
30
8
7
11
32
48
34
34
52
41
174
7
9
6
30
6
33
35
36
25
60
25
10
30
35
36
29
7
43
21
58
30
42
4
43
5
56
29
19
30
31
25
52
34
34
41
11
68
43
42
25
41
39
5
34
16
6
67
22
25
54
17
14
48
55
93
51
4
13
6
50
50
54
23
13
39
64
40
69
58
131
35
23
49
29
18
22
89
37
51
56
52
33
66
52
56
10
13
28
8
26
132
35
41
59
13
41
48
46
41
61
53
45
17
11
112
130
17
24
73
102
10
34
31
167
32
67
17
35
42
46
56
51
40
46
58
34
86
26
19
18
33
28
53
20
12
28
41
14
72
26
43
10
36
8
16
76
39
48
21
4
53
6
13
36
22
38
9
18
12
14
34
23
34
47
44
41
9
44
51
32
25
9
34
60
41
16
58
76
77
40
27
11
18
87
23
31
12
101
113
9
20
51
8
29
6
36
19
67
40
55
41
12
35
4
27
35
23
5
83
34
19
67
32
4
39
53
27
40
50
47
14
43
25
19
22
11
41
36
12
76
19
6
42
48
4
47
4
9
52
13
38
11
34
60
54
88
36
70
52
20
40
28
52
73
45
48
97
17
4
94
36
36
63
69
8
42
103
31
68
44
18
8
75
35
25
22
11
21
25
17
5
50
27
26
51
20
7
24
35
35
4
29
53
36
18
44
11
21
33
36
14
10
22
68
20
71
32
30
19
11
30
58
15
23
14
51
33
5
43
40
127
48
44
23
78
16
17
7
40
69
39
35
22
56
5
26
78
34
51
41
23
79
71
14
55
42
12
35
7
96
59
13
33
62
22
33
64
84
23
60
19
71
23
46
12
44
49
63
34
44
72
7
28
5
34
38
8
29
40
50
28
19
63
62
85
7
23
32
58
92
6
6
108
19
53
34
50
32
9
64
106
79
50
120
30
56
68
61
32
55
15
11
39
37
55
37
41
84
31
58
89
72
44
56
71
61
23
45
37
34
58
47
7
88
37
36
41
9
51
67
55
8
86
51
43
24
24
51
20
19
60
46
27
20
103
18
28
38
19
41
31
102
44
96
6
36
9
20
51
5
15
16
58
53
146
61
27
56
56
16
27
16
142
34
23
79
19
12
5
32
31
48
23
25
24
53
51
37
60
34
13
6
10
12
19
25
9
4
27
43
8
5
27
47
25
56
49
52
20
31
42
49
66
37
29
31
22
10
25
46
32
31
23
42
52
24
45
36
56
11
29
56
49
36
61
34
17
58
8
47
29
16
12
8
106
37
38
14
32
42
23
77
23
13
41
53
30
24
24
7
34
67
36
10
17
15
16
14
8
20
43
41
34
11
43
18
25
33
15
42
28
36
56
6
4
77
9
23
28
56
20
42
57
61
32
8
12
10
15
54
12
6
60
17
26
19
17
59
42
66
43
43
53
26
59
31
61
15
34
40
35
22
64
61
4
53
33
29
27
25
21
19
10
23
31
33
17
32
19
33
45
31
46
51
43
12
24
47
16
8
40
40
52
65
6
8
42
23
22
82
46
40
25
9
23
37
43
50
31
41
40
70
51
32
39
45
53
51
21
9
53
83
48
9
19
7
37
6
6
40
12
32
30
44
17
55
8
34
21
34
27
22
13
33
38
43
50
33
39
53
10
10
39
41
20
40
13
17
24
31
15
15
15
22
44
60
10
28
31
19
4
27
44
38
40
25
6
49
19
37
53
10
24
46
60
12
28
53
15
57
26
58
11
52
47
95
56
33
18
73
31
12
54
50
4
14
30
32
23
21
40
38
44
22
40
35
18
29
14
46
13
18
25
9
22
23
66
22
23
24
29
6
6
11
78
46
46
13
69
5
40
19
49
39
36
43
46
35
25
41
10
18
26
64
122
56
24
105
17
9
38
8
53
27
65
58
72
21
54
183
4
5
33
12
52
42
4
35
101
4
16
9
35
45
33
142
33
4
7
24
10
37
21
80
84
69
4
41
55
25
13
65
41
4
49
8
48
24
14
27
36
39
18
64
5
16
38
24
52
110
55
40
25
24
10
17
99
28
32
44
28
10
31
50
27
21
73
92
29
51
13
52
56
6
35
54
34
8
28
40
17
71
68
34
21
80
33
7
34
10
26
26
4
60
27
47
34
55
26
10
21
48
28
16
56
31
39
41
90
49
17
49
21
5
5
57
32
57
19
36
55
15
75
43
20
23
34
28
35
69
20
23
63
44
64
11
38
46
58
16
40
65
46
120
56
23
35
46
26
55
43
49
108
43
93
88
102
95
139
130
20
21
8
7
43
17
29
4
31
13
30
27
75
14
36
55
5
28
7
30
15
77
41
33
5
10
39
22
80
29
88
18
8
76
51
60
40
32
39
33
5
50
42
65
6
16
13
22
13
46
33
17
16
33
21
13
17
31
29
18
57
8
9
35
48
16
50
32
53
40
12
35
107
4
9
36
5
37
41
46
68
34
46
4
39
10
51
6
41
13
71
30
51
45
6
36
19
30
45
29
16
28
28
59
31
15
7
19
10
25
79
31
25
109
25
19
46
5
18
30
50
45
5
56
51
31
26
27
135
5
31
107
49
13
29
24
51
46
74
64
23
55
51
37
118
52
25
34
14
53
117
30
26
6
54
31
24
59
12
34
22
15
70
13
57
5
85
106
26
16
23
42
53
40
48
53
59
26
42
81
15
39
45
39
6
15
26
120
26
53
94
17
13
10
47
133
39
26
58
20
25
69
51
5
15
55
63
17
40
60
42
25
35
58
19
10
57
34
64
32
31
23
39
43
10
7
94
68
49
29
20
12
72
28
46
22
39
24
6
40
17
6
50
29
23
34
25
11
63
45
40
18
27
10
50
38
20
40
43
10
10
104
37
51
57
9
20
42
32
13
38
31
22
44
13
38
32
41
50
49
27
76
35
12
24
49
21
43
46
8
48
31
45
41
41
15
63
45
39
39
21
36
23
22
17
15
17
53
17
24
25
7
18
18
18
10
69
15
21
54
40
42
11
14
19
19
27
20
36
51
83
32
73
54
6
38
55
21
30
18
47
48
18
25
29
31
64
31
19
8
5
19
35
14
7
34
17
10
40
16
16
28
47
31
37
21
22
54
47
19
48
57
35
18
31
32
18
29
70
59
16
48
56
20
91
105
39
97
35
29
54
52
54
33
36
78
54
41
140
144
59
44
37
14
41
17
28
25
13
28
61
46
40
28
155
63
51
184
35
53
28
39
41
23
98
36
9
24
36
60
21
21
104
41
225
59
30
39
11
44
33
70
36
11
89
62
25
32
48
25
21
10
47
76
56
4
23
11
19
59
32
72
6
57
48
42
57
97
19
38
18
11
66
33
30
20
22
33
46
29
41
110
28
31
45
41
41
41
22
37
33
29
44
48
83
38
119
64
39
77
6
15
10
13
31
26
7
40
21
45
6
47
4
46
67
6
35
18
20
23
24
16
37
30
13
28
47
31
35
39
8
27
48
14
5
50
37
32
35
22
48
25
25
13
15
46
25
52
34
43
28
17
37
9
47
40
5
31
35
62
40
45
25
73
93
15
27
18
11
41
19
50
21
41
18
22
36
6
7
133
18
42
20
41
24
49
21
34
37
36
23
22
53
42
6
47
12
52
45
31
23
21
36
22
33
27
41
22
8
9
21
18
39
33
40
5
27
14
4
4
18
47
40
11
41
11
16
19
19
27
20
54
47
38
49
68
29
21
37
38
22
33
14
81
74
20
29
33
43
37
10
28
7
25
62
21
25
15
38
25
23
74
19
28
38
33
62
36
56
15
52
49
67
17
35
30
26
53
42
52
10
35
16
44
36
29
41
38
22
17
24
8
48
38
17
99
5
90
34
40
12
54
34
68
78
42
52
41
23
24
47
9
109
59
12
42
60
137
23
9
4
51
62
52
8
20
52
105
50
47
35
40
42
36
46
48
48
41
29
69
34
34
30
31
31
83
35
26
14
4
16
18
50
58
19
11
44
35
38
42
30
20
136
8
27
124
14
79
17
38
46
40
58
90
49
4
47
19
60
35
52
76
30
46
30
16
26
56
30
26
51
22
48
8
8
52
31
43
9
41
66
47
25
23
13
24
66
31
37
21
50
21
27
30
82
40
19
49
56
4
15
40
28
32
33
104
44
98
6
32
6
48
78
67
32
60
20
41
7
18
37
40
20
12
24
14
32
20
36
5
33
29
54
13
18
61
71
13
47
15
4
65
28
59
15
27
48
42
53
24
32
37
15
88
46
50
58
21
21
66
44
49
8
38
10
31
25
34
45
98
7
48
19
24
18
30
49
58
50
22
19
31
38
19
30
10
57
16
141
26
21
9
61
20
58
109
64
44
55
49
21
14
20
9
62
74
74
9
99
21
37
33
62
24
35
58
8
35
32
25
49
48
114
100
31
48
4
6
37
87
34
21
36
10
36
116
40
17
48
19
59
42
8
14
5
67
8
72
8
7
87
14
40
78
36
19
36
32
45
47
48
16
47
28
62
32
30
14
38
55
53
64
12
21
31
32
38
45
51
50
16
9
27
14
27
40
23
31
43
8
13
25
22
44
37
16
42
23
17
19
14
4
33
21
22
6
46
17
20
10
41
40
33
29
4
33
6
20
37
9
63
53
15
25
9
50
22
31
43
24
96
16
35
22
51
21
8
20
52
47
29
57
39
89
21
31
87
49
26
49
40
5
34
51
31
40
37
89
43
24
14
52
21
15
26
44
64
29
25
7
44
47
4
62
57
25
37
56
36
41
43
87
42
16
7
19
47
29
14
73
21
30
53
33
8
67
23
36
41
45
31
40
50
4
24
6
8
25
33
54
56
35
11
21
42
33
16
41
78
20
53
62
60
29
4
11
51
8
53
47
13
33
47
55
47
34
7
96
33
23
39
103
99
23
53
14
24
16
9
31
36
8
129
67
19
16
47
41
24
18
45
20
9
4
29
9
34
31
84
16
12
38
50
31
57
42
9
14
15
51
37
5
24
7
35
7
8
80
33
29
5
11
40
11
63
65
37
33
41
24
37
43
79
10
4
59
56
11
26
50
33
57
62
8
5
38
68
49
44
39
18
60
40
17
65
45
115
29
8
44
31
50
20
6
51
8
63
29
23
51
21
59
16
27
43
45
42
12
20
15
80
32
43
36
6
15
6
38
11
47
16
27
25
57
49
22
46
5
101
47
16
4
71
71
27
11
36
126
13
4
9
28
4
30
14
26
47
36
40
39
20
15
33
32
19
16
15
11
7
56
18
30
29
44
6
23
28
27
14
44
13
27
42
9
27
28
46
19
20
44
8
6
50
37
28
46
45
42
45
82
11
4
21
44
26
14
58
8
43
31
32
22
65
16
69
17
58
86
32
21
4
20
13
45
40
51
98
6
28
75
34
16
33
33
18
89
15
36
42
103
55
36
26
38
15
41
30
40
17
164
96
52
45
38
42
10
49
56
41
44
10
93
75
78
88
35
45
44
55
14
70
20
33
110
22
71
107
6
47
10
12
128
28
35
49
26
75
11
40
95
21
13
12
48
41
101
36
32
27
136
32
42
30
47
18
42
42
23
63
31
17
82
61
44
20
12
65
182
39
60
95
6
9
25
57
36
101
31
4
11
27
112
43
24
20
51
22
31
48
73
40
43
54
62
38
38
52
64
74
94
10
16
12
7
15
18
38
14
24
30
7
34
42
37
4
19
36
24
42
44
14
15
14
12
59
17
27
23
23
76
38
14
53
8
21
15
27
56
7
10
43
14
63
11
44
30
42
38
62
23
37
65
25
35
34
43
24
7
17
27
24
27
4
44
55
40
28
31
10
31
19
25
76
6
8
29
13
78
23
49
44
27
29
6
23
45
26
12
22
14
51
52
33
110
81
50
25
57
18
31
8
46
82
37
27
36
20
38
22
20
11
42
6
16
13
11
27
22
30
40
19
44
34
37
26
36
22
32
27
32
39
32
11
29
13
20
51
26
46
33
36
47
9
50
30
58
8
27
20
27
43
41
34
39
58
13
44
18
36
6
36
4
69
20
37
37
51
19
21
32
23
28
21
18
12
35
31
57
13
10
16
30
13
53
61
15
35
34
51
41
23
13
34
36
37
35
5
39
14
9
70
57
47
26
5
9
62
36
6
23
40
41
50
39
39
32
38
55
44
47
16
7
34
56
46
40
14
35
43
34
73
19
33
90
36
37
20
57
10
46
48
15
21
47
17
65
36
32
12
71
24
37
35
37
111
89
90
27
45
36
25
85
84
35
19
54
15
76
27
38
15
73
9
19
60
47
43
40
26
50
41
53
31
38
58
8
47
19
16
21
35
35
20
17
13
8
52
15
36
68
47
7
50
36
41
8
12
22
56
39
39
89
19
51
7
46
42
14
26
11
39
5
50
24
35
50
5
56
56
59
26
7
30
42
38
17
18
31
37
6
28
10
18
24
49
66
53
33
7
35
31
14
43
9
41
32
34
11
21
36
40
11
56
59
19
34
30
9
16
25
24
51
39
50
53
27
49
13
18
68
15
43
39
62
23
29
22
51
14
34
34
40
12
28
20
65
31
26
11
99
52
41
21
43
5
84
34
54
12
18
35
5
67
105
83
6
57
92
63
47
59
5
59
25
27
11
31
121
46
52
70
10
57
8
93
17
132
7
36
14
53
39
30
46
33
44
23
8
154
72
53
48
10
23
22
54
11
32
24
42
62
75
88
68
19
23
89
13
52
47
29
71
38
81
12
127
30
84
35
30
33
13
46
33
21
19
36
13
17
32
15
20
139
68
182
80
44
55
40
98
6
6
4
7
29
38
25
5
41
40
26
10
35
7
38
50
7
38
24
13
6
47
5
16
35
10
7
7
29
31
27
11
9
27
29
35
28
45
21
41
21
10
40
41
34
31
32
9
11
19
9
21
7
26
20
19
19
20
43
4
27
45
6
31
37
6
13
6
42
8
57
28
8
64
39
31
52
20
27
11
50
26
37
38
107
71
32
53
36
27
65
33
38
17
14
20
34
8
35
46
41
42
61
43
13
24
37
92
25
65
6
54
38
7
53
14
65
42
54
22
81
11
41
15
27
60
18
54
70
23
15
46
20
40
21
31
52
38
74
66
16
51
46
10
8
37
14
11
38
50
18
14
7
40
12
42
48
17
53
12
84
28
51
8
39
65
28
5
27
28
100
17
27
48
15
46
34
49
91
49
34
39
12
28
35
38
70
46
31
5
40
30
15
55
21
49
40
36
7
65
16
49
18
43
52
78
45
10
18
16
6
109
37
38
37
15
53
10
89
13
41
133
35
29
7
11
36
41
20
49
42
53
43
15
56
15
56
23
8
48
81
34
42
63
60
41
47
41
22
55
42
92
38
25
69
62
80
41
12
91
64
8
15
16
34
44
51
112
48
52
94
7
35
43
21
23
119
6
16
32
9
39
71
21
58
62
35
28
11
30
64
49
110
42
5
24
12
24
10
42
14
75
53
51
21
28
38
26
49
52
15
58
29
27
49
9
51
24
47
61
27
81
13
20
26
30
27
21
17
66
21
39
9
53
17
44
21
44
42
34
46
16
112
37
49
5
39
55
24
40
103
47
75
4
45
27
33
28
48
44
95
27
5
32
49
40
30
39
20
11
132
28
64
56
78
19
38
4
7
30
11
20
18
57
24
47
69
35
48
61
78
71
74
22
45
46
36
60
54
105
65
13
38
70
8
13
106
9
46
29
5
40
88
20
12
48
25
46
39
38
6
48
22
20
12
27
6
33
16
29
43
21
40
28
47
36
29
39
14
5
17
71
47
7
32
37
32
28
16
43
28
30
30
16
47
25
47
30
24
32
18
50
39
17
27
24
48
42
31
31
41
18
17
22
51
21
6
92
34
52
19
13
4
50
43
43
45
35
8
47
71
26
64
30
55
40
59
58
82
68
5
10
23
16
30
31
11
27
13
48
4
35
24
43
20
16
35
33
48
6
49
19
26
6
28
27
18
39
55
41
79
63
25
75
48
57
34
23
25
25
45
31
47
30
41
93
44
58
18
41
60
5
31
42
21
54
56
26
35
5
8
37
20
11
19
47
25
19
42
28
47
47
35
44
39
38
44
36
87
37
8
6
39
78
70
15
27
16
18
6
35
23
11
10
30
11
26
39
86
42
53
32
47
12
32
41
6
40
59
52
48
23
55
28
8
47
13
22
7
46
23
13
21
7
18
25
14
6
35
28
24
28
15
55
25
19
56
56
18
78
37
41
51
18
29
46
8
52
32
12
37
12
88
31
13
74
49
43
38
46
70
58
4
55
52
85
42
57
94
39
5
26
27
81
17
9
34
18
37
26
21
26
27
31
46
49
59
43
57
8
17
36
44
22
29
67
43
10
79
24
35
9
8
85
36
5
46
6
14
55
31
26
8
24
52
27
54
61
42
62
46
40
43
21
25
9
37
33
44
13
27
51
18
33
38
76
85
39
96
16
44
23
57
6
62
6
63
6
25
25
11
61
20
44
90
38
35
32
10
37
27
30
40
76
28
17
45
55
54
43
40
8
23
35
34
60
23
46
21
19
34
21
31
43
95
59
34
50
14
25
76
28
35
19
31
21
63
37
45
19
10
20
79
69
144
33
36
85
44
38
31
42
17
21
50
56
40
5
65
122
50
25
25
35
41
63
15
37
12
35
86
38
18
60
11
6
42
49
6
11
24
43
84
47
27
50
35
28
39
5
40
50
24
39
56
30
57
127
28
84
36
56
49
9
28
10
26
27
9
18
42
19
9
31
55
8
26
44
12
42
13
36
24
43
20
18
19
21
51
49
4
30
45
22
11
59
40
4
64
93
20
35
44
43
21
43
18
4
8
26
14
45
5
10
67
65
35
53
11
29
35
43
88
40
14
34
33
16
17
30
13
16
41
20
20
50
39
27
38
54
28
24
26
4
6
25
41
84
20
30
48
8
43
16
21
49
31
23
17
45
28
43
32
27
42
35
15
21
26
19
33
15
47
16
45
38
14
43
26
48
27
38
28
12
53
54
7
15
39
27
50
44
10
50
38
47
49
36
41
49
9
8
5
24
29
19
32
12
15
38
46
50
47
36
49
18
47
23
54
16
25
44
4
6
40
20
68
31
36
21
40
27
77
41
48
30
37
16
20
38
25
29
14
38
12
82
26
20
23
87
35
52
68
39
15
39
24
66
14
22
22
9
35
56
45
44
10
16
26
29
27
23
5
34
47
9
47
10
21
39
22
20
30
16
30
29
15
13
38
46
36
28
23
9
45
13
19
39
49
19
32
48
30
22
11
48
52
36
26
75
24
18
18
27
9
20
37
7
52
14
31
16
67
56
26
46
27
49
13
26
12
60
29
44
33
21
32
51
10
16
25
45
41
13
42
79
15
13
29
88
22
21
36
15
26
4
43
22
46
89
28
47
48
44
33
42
31
73
31
56
7
31
43
49
8
47
61
65
6
23
66
54
30
18
36
22
28
7
53
42
58
31
16
32
32
25
62
28
30
14
27
31
28
107
15
19
20
11
29
24
56
61
72
36
23
15
29
81
77
147
14
32
11
22
46
5
7
53
42
37
26
31
24
106
33
32
203
28
28
14
55
65
25
37
22
36
35
40
86
76
62
47
251
36
13
49
43
21
27
33
48
20
27
36
202
60
15
12
14
5
27
56
9
31
52
43
235
50
32
43
43
33
54
18
47
20
64
49
7
35
21
36
178
8
85
13
82
38
9
38
38
42
59
43
56
30
22
117
57
23
26
53
6
54
39
12
19
20
7
31
37
29
32
25
8
14
30
16
52
18
45
4
17
43
36
50
29
41
16
66
57
45
18
8
34
35
34
9
46
29
36
11
32
34
50
17
4
41
48
30
32
28
42
16
10
34
32
37
28
40
39
13
9
39
56
46
26
46
8
36
18
30
26
70
23
26
48
25
8
31
17
26
56
7
16
105
16
29
60
45
57
24
14
50
7
18
23
17
88
22
50
24
25
59
44
71
25
8
35
24
57
95
43
5
53
60
35
78
27
37
13
36
46
23
49
29
67
35
34
49
48
54
53
98
33
31
17
28
24
41
36
12
34
33
5
33
46
49
38
43
11
47
33
82
44
9
36
59
12
15
8
29
50
33
37
14
25
70
12
43
66
33
37
38
52
29
43
16
20
43
24
24
31
10
5
48
89
26
32
38
