4
4
4
8
8
8
12
12
12
16
16
16
20
20
20
24
24
24
28
28
28
32
32
32
36
36
36
40
40
40
44
44
44
48
48
48
52
52
52
56
56
56
60
60
60
64
64
64
68
68
68
72
72
72
76
76
76
80
80
80
84
84
85
88
88
89
91
91
93
95
95
97
99
99
101
103
103
105
107
107
109
111
111
113
115
115
117
119
119
121
123
123
125
127
127
129
131
131
133
135
135
137
139
139
141
143
143
145
147
147
149
151
151
153
155
155
157
159
159
161
163
163
167
167
171
171
170
175
175
180
180
183
185
189
189
192
193
197
199
203
206
209
210
210
214
219
221
223
225
228
233
239
240
243
244
250
255
258
263
267
269
273
274
277
288
294
296
300
312
318
323
327
336
342
350
354
360
366
377
384
390
401
414
425
438
449
462
473
486
497
510
521
534
545
558
569
582
593
606
617
630
641
654
665
678
689
702
713
726
737
750
761
774
785
798
809
822
833
846
857
870
881
894
905
918
18
932
18
942
17
45
959
42
969
44
12
72
986
996
36
13
18
99
10
1013
16
1026
43
126
48
37
1040
43
1056
153
73
64
1067
1083
1091
17
1107
41
1131
18
1158
11
18
48
35
1188
48
59
1215
83
1239
1263
1287
10
1311
20
34
11
1335
47
5
6
7
41
1362
32
31
33
1389
55
14
1413
82
1437
9
41
21
7
112
33
1464
71
51
34
1491
75
61
1518
17
99
1542
41
123
1566
147
11
1590
23
171
38
1614
50
195
1638
74
12
1665
98
39
1692
122
66
146
1719
93
170
1746
120
24
6
1773
18
147
51
30
80
22
45
174
107
46
69
201
134
14
93
158
38
117
21
5
25
51
35
55
62
10
34
14
38
8
32
14
38
19
65
22
8
52
98
55
41
25
131
52
158
11
182
15
38
206
42
230
11
254
35
278
17
11
41
35
25
22
68
52
46
95
119
7
16
31
40
64
88
112
6
12
136
30
11
39
10
163
4
41
37
190
31
28
55
217
9
12
58
247
21
21
42
39
48
91
280
54
66
121
310
148
337
175
199
223
247
271
295
319
343
367
391
415
439
463
487
511
535
559
583
607
631
655
679
703
727
751
775
799
823
847
871
895
919
943
967
991
1015
1039
1063
1087
1111
1135
1159
1183
1207
1231
1255
1279
4
4
4
8
8
8
12
12
12
16
16
16
20
20
20
24
24
24
28
28
28
32
32
32
36
36
36
40
40
40
44
44
44
48
48
48
52
52
52
56
56
56
60
60
60
64
64
64
68
68
68
72
72
72
76
76
76
80
80
80
84
84
85
88
88
89
91
91
93
95
95
97
99
99
101
103
103
105
107
107
109
111
111
113
115
115
117
119
119
121
123
123
125
127
127
129
131
131
133
135
135
137
139
139
141
143
143
145
147
147
149
151
151
153
155
155
157
159
159
161
163
163
167
167
166
171
171
170
175
175
174
178
180
182
183
184
186
187
190
190
191
194
195
198
198
200
202
204
205
207
209
211
211
214
215
219
220
228
231
232
232
236
238
238
241
243
246
247
252
256
259
258
261
265
270
271
274
277
278
282
283
286
285
288
291
292
298
307
309
313
313
317
318
322
322
327
342
343
346
349
350
354
355
358
363
375
380
382
385
388
393
405
410
412
418
423
432
437
442
450
459
464
469
477
486
491
496
513
518
540
564
588
21
14
45
23
38
47
62
86
15
22
42
11
52
16
38
40
10
26
62
67
34
53
94
7
118
31
13
142
10
9
58
40
172
14
40
21
39
91
202
30
47
70
69
54
15
127
232
66
100
45
15
259
160
127
18
42
286
187
154
31
42
69
316
214
184
66
61
12
96
241
346
29
93
217
39
123
22
268
17
379
62
21
123
250
153
55
298
44
15
412
95
51
153
283
183
328
88
42
6
445
180
84
30
216
118
69
361
475
114
93
60
388
148
505
412
175
532
436
202
559
460
229
586
484
256
613
508
283
532
640
310
556
667
337
580
694
364
604
721
628
391
748
652
418
775
676
445
802
700
472
829
724
499
748
856
526
772
883
553
796
910
580
820
937
844
607
964
868
634
991
892
1015
916
1039
940
1063
964
1087
988
1111
1012
1135
1036
1159
1060
1183
1084
1207
1108
1231
1132
1255
1156
1279
1180
1303
1204
1327
1228
1351
1252
1375
1276
1399
1300
1423
1324
1447
1348
1471
1372
1495
1396
1519
1420
1543
1444
1567
1468
1591
1492
1615
1516
1639
1540
1663
1564
1687
1588
1711
1612
1735
1636
1759
1660
1783
1684
1807
1708
1831
1732
1855
1756
1879
1780
1903
1804
1927
1828
1951
1852
1975
1999
2023
2047
2071
2095
2119
2143
2167
2191
2215
2239
2263
2287
2311
2335
2359
4
4
4
8
8
8
12
12
12
16
16
16
20
20
20
24
24
24
28
28
28
32
32
32
36
36
36
40
40
40
44
44
44
48
48
48
52
52
52
56
56
56
60
60
60
64
64
64
68
68
68
72
72
72
76
76
76
80
80
80
84
84
85
88
88
89
91
91
93
95
95
97
99
99
101
103
103
105
107
107
109
111
111
113
115
115
117
119
119
121
123
123
125
127
127
129
131
131
133
135
135
137
139
139
141
143
143
145
147
147
149
151
151
153
155
155
157
159
159
161
163
163
167
167
166
171
171
175
175
175
178
178
179
182
182
185
187
189
192
192
193
197
197
202
202
206
206
210
209
211
216
216
215
220
221
226
229
230
236
237
236
242
243
248
248
254
255
259
261
260
266
271
275
278
285
286
284
290
296
303
308
310
308
317
324
329
332
341
350
357
356
362
380
387
392
410
417
422
440
447
452
470
477
501
525
549
12
36
5
18
14
12
63
21
32
12
45
4
39
44
93
51
62
42
72
29
17
34
69
123
81
30
56
44
8
150
111
80
57
35
177
104
201
12
6
36
13
28
30
10
63
40
55
37
24
90
67
16
64
51
114
43
138
21
162
45
186
69
210
234
258
14
282
6
38
306
30
62
4
28
333
57
31
21
55
360
87
48
384
72
408
96
432
120
22
456
144
46
480
168
16
507
192
43
534
25
216
5
70
49
561
243
32
97
588
56
124
615
80
151
6
642
107
178
33
134
21
202
24
161
48
17
48
72
41
72
22
6
68
99
7
49
36
98
126
8
40
150
128
13
41
15
26
28
174
76
25
42
49
53
77
198
64
112
69
61
19
80
225
85
113
20
46
145
99
94
252
47
73
126
118
17
97
150
26
41
174
50
65
74
17
41
13
9
15
40
21
36
42
67
48
10
91
34
58
82
24
109
51
12
136
36
22
78
60
46
102
28
84
19
52
43
23
11
47
35
22
46
21
45
23
47
24
8
48
32
9
33
6
23
57
33
50
81
74
5
29
5
21
29
45
69
21
13
17
48
40
41
16
64
13
43
40
64
17
88
41
112
14
11
7
5
139
44
20
38
37
35
8
166
47
65
35
7
89
59
31
9
113
10
86
55
36
34
113
63
58
87
82
111
4
4
4
8
8
8
12
12
12
16
16
16
20
20
20
24
24
24
28
28
28
32
32
32
36
36
36
40
40
40
44
44
44
48
48
48
52
52
52
56
56
56
60
60
60
64
64
64
68
68
68
72
72
72
76
76
76
80
80
80
84
84
85
88
88
89
91
91
93
95
95
97
99
99
101
103
103
105
107
107
109
111
111
113
115
115
117
119
119
121
123
123
125
127
127
129
131
131
133
135
135
137
139
139
141
143
143
145
147
147
149
151
151
153
155
155
157
159
159
161
163
163
167
167
166
171
171
170
175
175
177
178
180
185
186
186
190
191
192
195
195
196
199
200
201
203
204
206
209
210
211
214
215
217
220
222
224
225
229
232
237
237
237
242
242
244
246
248
250
252
253
254
257
261
266
268
271
273
273
278
279
282
283
286
287
290
294
301
303
305
308
310
312
313
318
317
325
329
331
333
335
339
344
343
347
354
362
361
363
366
373
377
384
387
392
391
396
404
411
414
418
422
426
431
435
444
445
452
456
458
459
474
482
482
486
504
506
512
516
530
534
542
546
554
569
573
578
596
600
602
623
627
626
650
650
654
677
674
681
698
704
722
728
746
752
770
776
794
800
818
824
842
848
866
872
890
896
914
920
11
938
30
950
962
41
60
21
980
6
17
87
48
30
44
111
20
20
78
135
44
47
4
10
68
7
31
37
31
12
17
64
58
8
39
47
18
85
94
38
42
121
65
9
66
23
154
98
42
56
187
131
25
14
217
49
161
44
73
188
71
97
215
13
98
121
14
242
40
145
41
7
22
30
269
34
17
52
57
299
8
50
85
332
41
115
21
362
71
45
145
392
101
175
15
422
10
23
131
39
205
37
50
18
77
45
104
12
72
36
96
60
84
108
132
4
156
28
18
42
25
25
49
17
49
41
25
68
22
52
46
12
70
36
94
25
60
121
52
12
17
5
42
47
35
10
74
6
16
40
36
46
70
23
25
16
53
55
14
46
38
70
4
7
28
31
55
5
5
82
32
29
109
133
157
181
9
33
23
47
12
18
71
4
36
95
45
31
27
122
7
54
149
31
81
176
108
132
13
8
37
32
17
14
9
38
44
68
92
116
140
164
188
212
236
260
284
308
332
356
380
4
4
4
8
8
8
12
12
12
16
16
16
20
20
20
24
24
24
28
28
28
32
32
32
36
36
36
40
40
40
44
44
44
48
48
48
52
52
52
56
56
56
60
60
60
64
64
64
68
68
68
72
72
72
76
76
76
80
80
80
84
84
85
88
88
89
91
91
93
95
95
97
99
99
101
103
103
105
107
107
109
111
111
113
115
115
117
119
119
121
123
123
125
127
127
129
131
131
133
135
135
137
139
139
141
143
143
145
147
147
149
151
151
153
155
155
157
159
159
161
163
163
167
167
166
171
171
170
175
175
174
178
179
179
182
183
186
187
187
190
191
193
195
198
199
200
202
203
206
206
207
211
211
212
215
215
216
219
220
223
224
224
228
228
230
233
237
238
241
241
242
247
247
250
251
256
256
258
260
260
265
264
266
269
273
276
277
280
282
283
286
287
289
294
293
295
302
305
310
312
315
316
319
320
323
331
332
341
342
343
346
347
349
351
359
362
367
370
372
374
377
379
382
392
399
400
406
410
415
425
430
433
443
448
454
458
466
476
481
491
506
518
533
545
560
572
587
599
614
626
641
653
668
692
716
22
46
15
73
42
25
49
12
73
36
21
100
48
127
24
13
4
51
9
28
4
40
20
52
39
34
10
17
50
4
22
37
64
44
34
83
46
37
64
33
67
22
116
73
88
24
63
52
4
27
112
54
28
136
54
17
24
84
160
55
19
44
54
82
46
11
71
109
35
98
136
59
18
8
160
86
42
35
184
23
8
59
214
53
38
244
14
268
38
16
292
40
8
316
32
23
343
50
370
394
6
30
16
54
40
5
18
81
22
32
45
108
49
73
5
100
32
127
14
151
38
175
62
199
223
247
12
27
39
54
11
78
7
35
105
34
59
132
4
19
28
159
46
13
55
186
6
40
210
30
234
6
26
7
23
261
33
53
34
47
288
61
71
315
95
339
119
363
143
387
26
167
414
191
53
23
441
215
80
47
5
239
471
110
35
13
263
501
9
37
290
525
36
549
573
16
597
40
621
12
645
36
21
669
17
45
696
44
69
22
18
11
49
42
38
76
66
65
103
14
95
24
136
47
128
57
77
7
158
31
182
206
22
17
24
230
46
44
51
70
75
94
99
25
126
4
4
4
8
8
8
12
12
12
16
16
16
20
20
20
24
24
24
28
28
28
32
32
32
36
36
36
40
40
40
44
44
44
48
48
48
52
52
52
56
56
56
60
60
60
64
64
64
68
68
68
72
72
72
76
76
76
80
80
80
84
84
85
88
88
89
91
91
93
95
95
97
99
99
101
103
103
105
107
107
109
111
111
113
115
115
117
119
119
121
123
123
125
127
127
129
131
131
133
135
135
137
139
139
141
143
143
145
147
147
149
151
151
153
155
155
157
159
159
161
163
163
167
167
166
171
171
172
175
175
178
178
178
183
184
184
187
189
191
191
193
195
196
197
200
202
203
206
207
208
210
211
214
215
217
219
224
226
227
229
232
235
235
235
240
240
244
248
248
253
253
254
257
260
262
264
268
272
276
280
284
285
286
289
289
293
293
298
304
305
309
310
312
320
322
325
327
329
331
335
334
344
345
356
358
358
363
367
371
372
383
382
391
396
399
400
406
410
423
426
427
430
437
450
454
454
461
477
478
485
501
502
525
526
549
550
573
574
597
598
621
622
645
646
669
670
693
694
717
718
741
742
765
766
789
790
814
838
862
886
910
934
958
982
1006
1030
1054
1078
1102
1126
1150
1174
1198
1222
1246
1270
1294
1318
1342
1366
1390
1414
1438
1462
1486
1510
1534
1558
1582
1606
1630
1654
1678
1702
1726
1750
1774
1798
1822
1846
1870
1894
1918
1942
1966
1990
2014
2038
2062
2086
2110
2134
2158
2182
2206
2230
2254
2278
2302
2326
2350
2374
2398
2422
2446
2470
2494
2518
2542
2566
2590
2614
2638
2662
2686
2710
2734
2758
2782
2806
2830
2854
2878
2902
2926
2950
2974
2998
3022
3046
3070
3094
3118
3142
3166
3190
3214
3238
3262
3286
3310
3334
3358
3382
3406
3430
3454
3478
3502
3526
3550
3574
3598
3622
3646
3670
3694
3718
3742
3766
3790
3814
3838
3862
3886
3910
3934
3958
3982
4006
4030
4054
4078
4102
4126
4150
4174
4198
4222
4246
4270
4294
4318
4342
4366
4390
4414
4438
4462
4486
4510
4534
4558
4582
4606
4630
4654
4678
4702
4726
4750
4774
4798
4822
4846
4870
4894
4918
4942
4966
4990
5014
5038
5062
5086
5110
5134
5158
5182
5206
5230
5254
5278
5302
5326
5350
5374
5398
5422
5446
5470
5494
5518
5542
5566
5590
5614
5638
5662
5686
5710
5734
5758
5782
5806
5830
5854
5878
5902
5926
5950
5974
5998
6022
6046
6070
6094
6118
6142
6166
6190
6214
6238
6262
6286
6310
6334
6358
6382
6406
6430
6454
6478
6502
6526
6550
6574
6598
6622
6646
4
4
4
8
8
8
12
12
12
16
16
16
20
20
20
24
24
24
28
28
28
32
32
32
36
36
36
40
40
40
44
44
44
48
48
48
52
52
52
56
56
56
60
60
60
64
64
64
68
68
68
72
72
72
76
76
76
80
80
80
84
84
85
88
88
89
91
91
93
95
95
97
99
99
101
103
103
105
107
107
109
111
111
113
115
115
117
119
119
121
123
123
125
127
127
129
131
131
133
135
135
137
139
139
141
143
143
145
147
147
149
151
151
153
155
155
157
159
159
161
163
163
167
167
167
171
171
175
175
178
178
178
183
185
186
189
190
192
195
196
196
199
200
202
206
210
210
214
217
217
221
221
222
226
225
229
232
232
237
238
243
246
248
247
254
255
259
258
263
265
268
271
276
277
284
284
285
288
295
295
301
301
307
309
314
315
317
325
328
334
334
342
341
342
352
358
364
365
369
372
379
388
389
399
403
415
413
426
427
442
453
477
501
525
549
573
24
48
21
4
5
48
28
32
16
20
40
15
47
42
16
18
40
42
7
64
14
16
69
34
91
28
40
44
96
17
121
34
64
61
10
126
47
88
151
64
7
40
156
112
77
28
181
94
37
70
186
139
14
31
55
110
15
217
70
216
166
44
34
140
67
51
253
246
106
167
70
21
4
84
286
139
48
31
114
13
316
26
141
40
17
343
53
168
41
370
14
17
195
397
41
44
222
424
24
71
249
14
451
11
51
38
279
481
41
62
33
312
23
514
86
63
47
14
8
113
74
41
35
140
59
164
9
33
4
11
28
17
38
7
13
47
34
37
74
61
61
25
49
6
30
11
35
4
17
28
41
52
25
65
79
52
106
18
19
25
45
46
49
72
73
5
99
97
19
35
18
129
121
49
42
145
156
169
193
217
20
44
68
92
24
27
51
54
78
102
19
15
129
39
46
156
11
63
183
26
16
38
210
53
43
65
237
92
25
264
49
288
73
13
312
97
37
336
10
61
34
85
58
82
106
130
154
17
28
178
44
55
202
71
226
250
7
16
26
31
10
14
283
49
59
38
43
316
62
89
73
346
86
119
373
110
146
400
134
173
427
200
454
478
502
526
550
574
598
622
646
670
694
718
742
766
790
814
838
862
886
910
934
958
4
4
4
8
8
8
12
12
12
16
16
16
20
20
20
24
24
24
28
28
28
32
32
32
36
36
36
40
40
40
44
44
44
48
48
48
52
52
52
56
56
56
60
60
60
64
64
64
68
68
68
72
72
72
76
76
76
80
80
80
84
84
85
88
88
89
91
91
93
95
95
97
99
99
101
103
103
105
107
107
109
111
111
113
115
115
117
119
119
121
123
123
125
127
127
129
131
131
133
135
135
137
139
139
141
143
143
145
147
147
149
151
151
153
155
155
157
159
159
161
163
163
167
167
166
171
171
172
175
175
177
178
180
181
186
186
190
192
193
194
196
197
200
200
201
204
205
208
209
210
213
214
217
219
222
223
225
226
231
236
237
238
241
242
245
245
247
250
256
256
258
262
264
270
271
272
275
277
281
281
286
286
292
294
298
300
301
305
308
310
314
317
327
328
331
337
341
347
352
357
361
364
368
377
387
391
392
407
416
417
421
437
440
447
451
464
467
477
481
488
505
512
529
536
553
560
577
601
625
649
8
7
35
6
34
62
5
30
61
89
29
88
116
7
118
9
10
13
21
37
36
34
40
48
16
63
58
9
43
87
82
36
26
73
66
56
19
103
96
43
86
24
8
67
113
48
16
91
7
38
21
143
10
46
45
30
26
37
5
173
43
76
60
59
24
35
25
48
19
49
22
9
43
46
27
4
36
28
54
25
78
49
9
15
33
39
4
10
63
28
6
34
23
87
33
50
111
60
135
77
14
87
159
38
10
114
183
37
141
207
165
231
189
255
213
279
237
303
261
327
285
351
17
11
375
312
35
44
399
16
6
62
426
43
33
89
453
70
116
477
97
501
143
16
124
31
170
531
46
151
61
197
561
76
178
6
224
591
18
106
205
6
251
39
42
624
232
139
39
278
72
259
657
172
305
72
27
105
289
690
205
54
105
138
316
723
238
340
168
753
268
364
198
783
388
298
228
412
813
21
328
21
258
439
48
843
21
358
45
288
469
24
873
48
72
388
318
496
51
903
418
520
75
348
933
544
99
375
960
568
123
402
987
592
147
429
1014
616
171
456
640
195
1041
483
219
1068
510
243
1095
537
267
1122
291
564
1149
315
591
1176
339
618
1203
363
645
1230
387
672
1257
699
1284
726
4
4
4
8
8
8
12
12
12
16
16
16
20
20
20
24
24
24
28
28
28
32
32
32
36
36
36
40
40
40
44
44
44
48
48
48
52
52
52
56
56
56
60
60
60
64
64
64
68
68
68
72
72
72
76
76
76
80
80
80
84
84
85
88
88
89
91
91
93
95
95
97
99
99
101
103
103
105
107
107
109
111
111
113
115
115
117
119
119
121
123
123
125
127
127
129
131
131
133
135
135
137
139
139
141
143
143
145
147
147
149
151
151
153
155
155
157
159
159
161
163
163
167
167
166
171
171
171
175
175
176
179
179
181
183
187
187
187
191
192
195
196
196
200
200
204
205
209
212
213
214
216
218
220
220
222
224
227
231
235
239
239
239
243
247
247
249
252
255
256
260
261
266
269
273
282
283
287
291
290
297
303
306
319
323
327
330
333
339
356
363
369
386
410
434
458
482
506
530
554
578
602
626
650
674
698
722
746
770
794
18
42
25
49
19
8
18
43
35
17
67
45
22
44
91
69
6
49
21
71
93
121
36
17
51
120
151
44
9
78
147
178
33
4
171
202
28
195
226
250
23
274
6
10
47
30
301
71
37
19
54
328
6
98
67
46
29
358
36
128
56
385
27
409
51
433
5
12
15
457
32
39
8
39
13
484
63
35
37
511
61
535
14
88
11
562
41
115
38
589
68
142
8
30
613
7
104
637
178
44
66
43
661
140
214
685
167
241
709
265
733
289
757
313
781
337
805
361
829
385
853
409
433
457
481
505
529
553
577
601
625
649
673
697
721
745
769
793
817
841
865
889
913
937
961
985
1009
1033
1057
1081
1105
1129
1153
1177
1201
1225
1249
1273
1297
1321
1345
1369
1393
1417
1441
1465
1489
1513
1537
1561
1585
1609
1633
1657
1681
1705
1729
1753
1777
1801
1825
1849
1873
1897
1921
1945
1969
1993
2017
2041
2065
2089
2113
2137
2161
2185
2209
2233
2257
2281
2305
2329
2353
2377
2401
2425
2449
2473
2497
2521
2545
2569
2593
2617
2641
2665
2689
2713
2737
2761
2785
2809
2833
2857
2881
2905
2929
2953
2977
3001
3025
3049
3073
3097
3121
3145
3169
3193
3217
3241
3265
3289
3313
3337
3361
3385
3409
3433
3457
3481
3505
3529
3553
3577
3601
3625
3649
3673
3697
3721
3745
3769
3793
3817
3841
3865
3889
3913
3937
3961
3985
4009
4033
4057
4081
4105
4129
4153
4177
4201
4225
4249
4273
4297
4321
4345
4369
4393
4417
4441
4
4
4
8
8
8
12
12
12
16
16
16
20
20
20
24
24
24
28
28
28
32
32
32
36
36
36
40
40
40
44
44
44
48
48
48
52
52
52
56
56
56
60
60
60
64
64
64
68
68
68
72
72
72
76
76
76
80
80
80
84
84
85
88
88
89
91
91
93
95
95
97
99
99
101
103
103
105
107
107
109
111
111
113
115
115
117
119
119
121
123
123
125
127
127
129
131
131
133
135
135
137
139
139
141
143
143
145
147
147
149
151
151
153
155
155
157
159
159
161
163
163
167
167
167
171
171
171
175
175
176
179
180
180
185
186
189
192
192
194
197
199
200
202
203
206
207
210
212
213
221
222
224
231
235
236
237
242
242
251
257
261
264
269
269
275
278
285
290
296
299
305
309
317
323
341
347
371
395
20
13
13
47
40
37
7
61
11
34
85
19
38
112
23
46
47
71
17
95
41
23
5
65
11
47
27
35
41
57
65
71
11
95
35
5
8
19
62
32
35
46
59
22
11
21
25
49
35
48
49
28
59
72
22
20
23
17
83
17
61
102
55
50
56
107
50
4
50
5
85
83
86
80
37
83
38
115
12
116
70
116
36
71
149
35
21
179
65
51
25
78
52
105
129
153
177
11
201
35
225
249
22
273
46
15
297
39
321
23
66
345
50
369
93
77
393
120
15
5
104
420
147
42
29
16
131
16
53
174
453
9
46
20
46
201
483
33
47
228
507
252
531
15
555
39
579
63
603
87
6
7
30
31
54
5
25
29
49
16
40
9
10
36
19
37
43
16
9
22
27
40
33
49
54
57
78
27
105
54
6
132
30
81
159
21
183
45
17
210
44
4
237
28
9
12
261
33
23
285
39
50
309
66
333
77
357
101
8
13
381
128
31
32
405
43
9
158
61
18
62
429
73
39
188
48
453
10
103
218
477
40
133
501
248
160
525
275
549
187
302
10
573
217
332
19
40
600
247
362
46
70
627
389
73
654
413
437
8
461
32
485
56
509
18
42
17
23
44
50
71
23
77
47
98
104
18
74
12
131
45
101
39
125
149
7
23
176
31
16
4
53
206
58
46
31
85
70
58
112
94
136
118
24
160
142
48
184
166
208
190
232
214
256
238
280
304
328
352
376
400
4
4
4
8
8
8
12
12
12
16
16
16
20
20
20
24
24
24
28
28
28
32
32
32
36
36
36
40
40
40
44
44
44
48
48
48
52
52
52
56
56
56
60
60
60
64
64
64
68
68
68
72
72
72
76
76
76
80
80
80
84
84
85
88
88
89
91
91
93
95
95
97
99
99
101
103
103
105
107
107
109
111
111
113
115
115
117
119
119
121
123
123
125
127
127
129
131
131
133
135
135
137
139
139
141
143
143
145
147
147
149
151
151
153
155
155
157
159
159
161
163
163
167
167
168
171
171
173
175
175
177
178
178
182
182
185
188
191
191
195
195
196
199
201
201
204
205
206
208
209
210
215
217
220
219
221
227
230
233
234
240
240
240
244
246
248
253
263
263
264
273
273
277
279
281
286
296
296
306
306
310
312
319
326
329
336
339
340
345
352
356
362
366
370
372
378
386
392
396
400
405
416
426
429
430
446
453
456
460
476
486
490
506
516
520
536
546
550
566
576
580
596
606
610
626
636
640
656
666
670
686
696
700
716
726
730
746
756
760
776
787
803
814
830
841
857
868
29
887
898
59
15
917
928
89
39
947
13
958
119
5
24
977
19
40
34
991
152
32
51
46
1010
33
6
27
73
78
70
1030
191
38
54
1052
75
48
1069
78
230
77
1091
102
1102
17
263
110
21
1124
41
1135
296
16
48
143
65
1157
1168
43
329
176
1190
67
1201
11
362
1220
35
1231
16
392
21
1250
62
40
1261
48
422
20
64
26
92
1288
449
9
47
91
53
119
21
1321
482
18
42
121
83
54
1354
21
48
24
518
110
1384
12
51
51
1411
39
78
22
1435
105
5
49
1459
29
132
76
1483
53
13
26
9
1510
17
80
40
53
36
1537
44
107
1561
63
28
71
134
28
27
1588
55
93
161
101
55
1615
57
82
123
82
131
1642
106
155
109
130
1669
179
136
154
1696
203
163
178
1723
202
190
1750
226
217
1777
244
1804
271
1831
298
1858
325
1885
352
1912
379
1939
406
1966
433
1993
460
2020
487
2047
514
2074
541
2101
568
2128
595
2155
622
2182
649
2209
676
2236
703
2263
730
2290
757
2317
2341
2365
2389
2413
2437
2461
2485
2509
2533
2557
2581
2605
2629
2653
2677
2701
2725
2749
2773
2797
2821
2845
2869
2893
2917
2941
2965
2989
3013
3037
3061
3085
3109
3133
3157
3181
3205
3229
2069
2093
4
4
4
8
8
8
12
12
12
16
16
16
20
20
20
24
24
24
28
28
28
32
32
32
36
36
36
40
40
40
44
44
44
48
48
48
52
52
52
56
56
56
60
60
60
64
64
64
68
68
68
72
72
72
76
76
76
80
80
80
84
84
85
88
88
89
91
91
93
95
95
97
99
99
101
103
103
105
107
107
109
111
111
113
115
115
117
119
119
121
123
123
125
127
127
129
131
131
133
135
135
137
139
139
141
143
143
145
147
147
149
151
151
153
155
155
157
159
159
161
163
163
167
167
166
171
171
171
175
175
178
178
182
183
187
188
191
193
195
196
197
199
202
203
202
207
209
211
213
214
222
221
225
227
232
233
238
238
238
242
242
246
247
248
253
254
258
264
267
265
272
272
275
277
277
281
284
285
292
293
292
297
303
302
308
311
316
317
326
326
330
333
341
341
350
350
359
360
363
368
374
374
383
387
392
395
396
398
407
414
422
422
426
437
441
449
452
456
467
468
476
482
486
495
497
503
512
516
522
527
530
542
546
549
557
572
573
576
587
597
602
606
617
621
632
636
645
647
662
669
674
689
693
701
716
717
728
743
741
755
765
779
789
813
837
9
8
861
33
32
885
57
909
81
933
105
957
15
132
11
981
21
45
4
162
41
48
31
78
31
195
74
75
7
64
9
111
61
34
33
135
6
88
9
8
33
8
36
32
18
17
32
42
41
56
66
80
90
104
17
5
17
131
41
27
29
44
27
158
54
71
54
185
78
98
212
125
239
152
266
7
179
293
6
34
14
206
320
33
22
38
64
344
63
52
15
94
371
17
31
45
118
41
401
61
142
17
65
431
5
166
44
458
29
190
71
485
4
98
14
512
31
5
41
5
536
6
58
35
14
68
560
38
85
39
44
28
584
98
68
115
69
608
74
58
98
142
632
99
23
125
169
656
126
50
150
74
174
15
101
198
42
128
10
225
69
20
37
252
96
47
64
279
123
74
91
306
17
98
121
336
122
47
151
146
366
170
390
11
4
197
35
31
59
224
14
248
38
272
62
296
22
320
21
20
92
52
44
51
122
82
149
173
16
8
25
200
19
35
46
55
227
49
251
14
278
41
305
16
68
332
40
8
11
32
28
38
56
62
80
4
4
4
8
8
8
12
12
12
16
16
16
20
20
20
24
24
24
28
28
28
32
32
32
36
36
36
40
40
40
44
44
44
48
48
48
52
52
52
56
56
56
60
60
60
64
64
64
68
68
68
72
72
72
76
76
76
80
80
80
84
84
85
88
88
89
91
91
93
95
95
97
99
99
101
103
103
105
107
107
109
111
111
113
115
115
117
119
119
121
123
123
125
127
127
129
131
131
133
135
135
137
139
139
141
143
143
145
147
147
149
151
151
153
155
155
157
159
159
161
163
163
167
167
167
171
171
171
175
175
175
179
179
181
183
183
186
188
190
190
193
195
198
199
200
203
204
207
207
211
211
212
215
216
216
221
220
224
225
224
229
229
233
237
237
238
241
242
246
247
248
252
252
256
257
256
260
261
260
265
266
275
276
280
280
281
284
285
285
288
289
293
293
295
300
306
309
313
314
317
318
318
322
323
326
328
330
339
342
345
346
345
350
356
358
361
365
369
372
372
376
378
377
392
397
399
401
399
403
405
404
414
428
426
426
430
433
431
437
441
450
453
453
457
466
470
474
477
480
483
484
499
503
501
507
507
511
516
525
532
536
534
540
538
549
549
561
565
569
573
573
582
585
599
597
603
612
609
621
630
633
639
645
657
657
669
681
681
693
705
705
729
729
753
753
777
777
801
801
825
825
849
849
873
873
897
897
921
921
18
945
945
4
42
969
972
31
993
999
25
1017
1026
52
7
1041
14
1053
15
34
1068
41
22
1077
61
45
1098
1101
52
75
23
1128
1125
82
47
1149
1155
109
1173
1182
136
27
1200
1209
54
1227
1233
10
1251
1257
34
14
4
28
1284
1281
58
44
31
58
1311
1311
85
1335
1338
1359
112
1365
1383
139
1392
1407
166
1419
1431
193
1446
1455
220
1473
1479
247
1500
1503
274
1527
1527
301
1551
1554
1575
328
1581
1599
355
1608
1623
382
1647
406
1671
430
1695
454
1719
478
1743
502
1767
526
1791
550
1815
574
1839
598
1863
622
1887
646
1911
670
1935
694
1959
718
1983
742
2007
766
2031
2055
2079
2103
2127
2151
2175
2199
2223
2247
2271
2295
2319
2343
2367
2391
2415
2439
2463
2487
2511
2535
2559
2583
2607
2631
2655
2679
2703
2727
2751
2775
2799
2823
2847
2871
2895
2919
2943
2967
2991
3015
3039
3063
3087
3111
3135
3159
3183
3207
3231
3255
3279
3303
3327
3351
3375
3399
3423
3447
3471
4
4
4
8
8
8
12
12
12
16
16
16
20
20
20
24
24
24
28
28
28
32
32
32
36
36
36
40
40
40
44
44
44
48
48
48
52
52
52
56
56
56
60
60
60
64
64
64
68
68
68
72
72
72
76
76
76
80
80
80
84
84
85
88
88
89
91
91
93
95
95
97
99
99
101
103
103
105
107
107
109
111
111
113
115
115
117
119
119
121
123
123
125
127
127
129
131
131
133
135
135
137
139
139
141
143
143
145
147
147
149
151
151
153
155
155
157
159
159
161
163
163
167
167
169
171
171
173
175
175
178
179
181
182
186
188
189
190
192
194
194
196
198
198
200
202
203
204
206
208
208
211
212
213
215
218
218
222
226
226
227
230
234
237
240
242
242
244
246
247
248
250
252
253
257
257
260
266
268
270
276
278
280
281
283
284
285
288
289
296
303
304
306
311
312
316
316
322
329
333
333
337
339
341
346
349
355
360
362
363
366
370
371
376
382
387
388
393
393
395
401
403
406
414
415
420
421
423
428
431
436
436
441
447
448
453
454
461
461
466
469
483
484
491
491
496
499
513
514
521
521
526
529
544
548
551
553
559
574
575
580
581
589
602
604
607
611
619
629
634
634
641
649
656
661
664
671
679
683
688
694
701
709
710
715
724
731
737
742
751
758
764
769
778
785
791
805
812
815
832
839
859
866
886
893
913
920
4
940
947
28
967
52
974
6
30
5
79
1000
1007
33
63
106
38
1033
60
1040
133
21
1060
17
1067
160
45
1087
44
1094
23
1114
47
1121
12
1141
74
1148
39
15
18
1171
104
1178
42
48
11
25
1201
8
1208
30
143
78
81
1231
50
64
1238
47
69
182
1262
77
33
31
18
19
1289
8
113
45
8
69
5
67
55
69
44
35
32
149
105
88
25
96
179
135
10
52
123
121
212
168
147
43
154
171
245
201
76
187
278
234
109
220
19
311
267
43
17
338
294
41
5
368
32
395
14
38
23
65
50
92
24
116
48
15
140
39
164
63
188
87
12
212
19
111
39
7
239
46
135
34
70
159
183
207
21
231
26
14
48
255
38
53
75
279
62
17
99
306
44
10
123
333
14
37
147
16
360
41
171
43
387
6
23
73
5
417
33
53
32
444
60
15
18
84
471
39
108
495
519
4
4
4
8
8
8
12
12
12
16
16
16
20
20
20
24
24
24
28
28
28
32
32
32
36
36
36
40
40
40
44
44
44
48
48
48
52
52
52
56
56
56
60
60
60
64
64
64
68
68
68
72
72
72
76
76
76
80
80
80
84
84
85
88
88
89
91
91
93
95
95
97
99
99
101
103
103
105
107
107
109
111
111
113
115
115
117
119
119
121
123
123
125
127
127
129
131
131
133
135
135
137
139
139
141
143
143
145
147
147
149
151
151
153
155
155
157
159
159
161
163
163
167
167
171
171
170
175
175
174
178
178
179
182
182
183
188
188
189
194
195
197
199
199
201
203
205
205
209
209
214
216
215
218
220
219
223
225
227
226
230
232
235
236
239
242
246
250
252
252
256
257
258
262
265
269
268
272
275
282
285
286
285
289
291
292
296
301
308
312
316
315
318
322
321
322
329
331
341
342
345
349
351
355
358
362
369
372
374
376
384
385
388
395
396
403
407
409
417
421
423
428
430
440
450
450
454
457
461
473
477
483
484
487
494
506
508
516
520
527
532
539
549
553
556
560
572
582
580
586
593
605
615
619
626
638
648
652
659
671
682
689
701
712
728
739
755
766
782
5
29
19
8
46
35
15
39
25
23
49
47
24
71
48
11
95
28
21
4
8
15
41
122
58
48
31
21
27
38
31
23
51
31
91
48
61
60
53
64
84
61
91
91
83
17
118
110
41
24
148
140
19
10
26
54
178
34
170
46
53
84
26
208
76
83
29
114
56
106
56
31
83
144
58
171
85
109
10
17
136
37
41
163
64
6
16
193
94
22
30
46
223
46
124
76
18
73
151
19
31
103
51
106
52
127
64
16
84
139
154
85
97
43
117
181
172
118
4
205
147
202
28
229
174
229
52
253
253
76
277
277
100
27
301
301
51
325
325
10
4
21
355
40
45
34
22
388
69
49
415
439
17
463
41
487
511
5
535
29
25
25
559
49
49
583
23
73
76
607
23
97
53
50
13
121
80
5
37
77
148
107
11
32
64
175
131
14
38
155
202
41
179
229
203
253
6
230
277
29
36
301
260
59
66
290
93
29
320
123
59
350
153
377
180
404
207
431
234
458
482
506
530
554
578
602
626
650
674
698
722
