5
4
22
20
6
20
19
19
25
27
37
29
20
5
18
24
5
15
32
20
28
55
18
20
31
35
59
33
18
27
26
14
16
36
25
6
12
22
37
23
26
4
16
17
4
45
43
33
46
29
63
50
26
43
59
47
74
16
61
111
32
60
57
35
107
36
37
110
81
85
53
20
129
105
28
128
92
181
35
146
96
207
58
179
145
50
23
55
184
7
157
189
81
68
202
243
5
40
119
26
32
199
297
32
61
174
233
162
202
4
26
265
235
156
150
245
203
284
169
202
64
50
237
252
17
200
55
9
249
13
35
243
32
40
34
169
18
9
92
30
12
58
23
16
49
45
14
5
35
17
54
18
24
7
22
44
17
58
45
52
13
65
15
11
72
32
25
17
36
47
7
10
18
61
35
56
14
4
7
35
30
23
33
21
13
44
51
76
9
16
105
55
125
56
120
130
33
166
176
6
216
46
241
46
250
111
127
269
116
41
43
5
23
229
107
98
195
97
123
118
86
96
51
178
44
33
55
39
46
35
95
104
12
75
77
169
9
44
99
22
100
89
70
75
138
94
118
50
122
91
55
47
159
111
55
61
81
123
59
92
129
111
41
54
41
92
23
36
85
57
77
66
64
120
119
29
101
172
61
102
229
36
50
131
213
76
212
42
106
264
4
36
80
69
297
74
129
43
257
4
113
61
37
314
65
372
41
25
434
28
42
7
472
101
53
529
16
155
112
568
209
22
128
243
10
247
12
182
240
232
228
281
145
259
252
192
272
274
148
325
325
129
347
236
22
129
370
238
53
104
359
262
105
408
308
14
40
319
242
28
44
4
302
4
144
229
92
5
9
45
281
196
33
4
244
11
170
55
22
198
37
33
193
65
38
181
45
29
124
40
151
55
27
160
47
23
132
18
168
25
8
32
33
35
18
43
46
5
4
67
16
88
93
44
47
4
32
123
65
31
60
39
4
62
45
37
40
29
76
9
45
49
83
76
66
35
72
6
115
99
27
93
27
49
37
9
148
55
66
69
51
32
45
5
28
70
42
31
8
40
6
49
41
5
31
59
67
32
10
16
52
53
7
11
11
49
7
20
38
22
50
5
48
43
38
52
52
42
51
19
9
64
20
45
26
19
12
60
70
125
20
5
14
26
24
5
20
10
10
31
25
45
23
33
5
41
22
30
28
42
40
22
32
37
9
34
11
28
24
15
43
38
18
26
71
32
43
25
16
10
16
24
32
56
18
28
14
55
47
44
90
20
35
50
60
9
77
34
31
49
53
23
78
19
26
80
80
8
5
126
113
31
54
59
64
14
75
56
29
39
53
69
80
9
72
29
66
125
86
128
27
173
56
5
188
48
116
153
84
32
14
55
117
96
97
7
154
133
64
48
4
57
171
123
102
61
49
6
148
101
24
59
143
129
32
48
27
168
128
25
13
33
60
17
7
11
14
60
65
29
51
26
14
10
64
44
5
55
21
10
6
48
30
55
39
70
37
4
47
12
67
58
65
70
19
57
43
12
9
22
5
36
35
67
30
10
19
47
40
29
46
9
85
96
37
33
136
24
43
133
49
32
100
114
6
6
149
146
22
46
188
9
170
32
45
21
17
18
210
29
67
232
31
261
12
48
292
203
7
184
27
196
18
46
186
164
15
182
13
122
42
99
94
16
104
47
7
85
66
15
37
150
121
70
82
211
184
26
131
137
244
193
64
41
189
185
240
74
205
128
182
76
215
188
222
51
256
229
272
34
305
258
166
11
43
336
309
180
15
197
366
52
47
11
174
423
101
65
204
487
107
5
88
42
118
27
365
275
168
136
60
61
77
89
128
165
45
181
126
11
81
30
157
45
4
6
7
6
26
20
31
34
31
6
28
20
15
4
27
6
19
17
38
39
23
55
11
4
30
5
16
25
23
62
53
27
49
4
40
23
24
7
61
15
47
33
53
12
42
5
63
62
39
26
11
63
11
38
66
70
62
32
51
102
5
9
10
47
56
8
37
47
44
18
47
5
6
6
32
49
8
5
14
5
45
56
68
9
24
14
20
53
7
58
62
49
22
18
18
18
16
30
19
31
35
30
18
5
11
52
4
17
14
12
35
30
4
31
47
21
50
15
43
55
8
49
11
35
34
46
11
4
79
73
62
54
114
65
9
45
28
21
26
31
40
24
10
10
57
59
25
45
49
14
24
47
28
24
5
46
4
59
64
45
69
40
4
46
60
51
99
64
37
30
161
16
34
71
225
32
42
40
90
266
121
282
61
283
273
247
5
20
9
14
18
6
9
26
4
17
16
16
14
40
21
8
8
22
9
9
9
15
24
20
38
10
6
4
8
14
5
8
17
25
21
24
38
10
5
40
8
53
49
52
24
9
47
52
85
66
6
62
6
12
49
10
20
15
26
12
5
5
44
52
18
22
15
25
19
16
47
8
39
41
48
31
25
78
103
21
16
41
12
15
24
15
30
57
6
39
31
62
7
28
15
19
25
14
52
57
13
10
108
22
47
8
37
80
40
32
40
36
28
32
52
32
22
46
6
21
5
12
29
51
56
5
10
15
7
5
43
51
22
4
28
54
9
62
20
110
33
56
125
139
94
98
85
48
44
63
85
54
40
44
128
59
19
36
12
17
48
61
59
29
96
80
40
156
23
144
20
7
124
84
69
11
177
34
87
51
55
225
141
87
205
30
37
200
151
62
80
33
210
27
123
267
28
158
25
47
64
4
18
23
7
56
50
94
33
154
9
196
63
29
55
119
110
76
47
21
154
141
16
59
84
37
126
81
59
13
138
48
38
102
130
103
35
61
36
74
87
10
10
52
28
145
89
208
16
78
61
54
269
20
125
24
263
20
148
63
265
73
46
126
328
136
101
288
37
42
276
36
39
61
24
331
17
42
40
380
4
97
61
338
220
48
27
34
93
276
56
255
9
69
68
111
239
195
35
41
241
6
203
6
7
212
16
213
52
5
55
19
246
72
196
36
65
155
17
87
144
59
11
171
32
99
14
116
39
106
37
69
24
91
87
24
69
51
119
37
80
48
44
94
4
48
131
45
61
61
33
49
78
20
61
9
129
29
47
107
46
136
56
161
92
187
50
43
19
86
219
44
63
140
274
8
100
182
315
42
148
215
246
85
53
88
235
309
137
120
266
348
60
136
118
45
308
336
91
182
46
153
264
358
115
127
54
259
392
13
177
7
94
4
277
197
404
371
227
150
12
5
226
372
236
352
48
77
398
83
401
12
12
395
220
32
15
46
51
32
40
22
9
32
41
29
54
22
34
27
25
6
28
48
47
6
4
19
26
25
52
30
56
8
86
88
31
23
5
91
80
64
5
82
37
51
18
15
22
7
60
32
48
9
25
22
8
20
54
46
10
7
63
112
83
47
90
155
79
212
17
21
7
18
18
7
38
5
9
10
24
28
38
6
9
34
26
35
31
14
26
9
44
56
6
28
72
53
64
40
14
72
15
22
23
52
62
13
34
81
48
87
68
25
23
81
54
40
57
17
41
16
98
48
43
56
39
26
55
100
100
64
48
50
32
14
39
64
6
27
21
36
11
9
6
25
24
65
63
52
30
4
40
16
55
29
60
33
92
56
16
6
39
43
48
40
52
40
44
62
37
74
72
29
43
16
60
4
32
12
44
36
30
12
37
8
40
23
8
28
53
17
85
37
84
15
12
21
24
42
29
35
27
12
12
33
30
28
37
43
46
18
6
89
35
29
32
54
54
68
6
84
97
66
92
82
151
20
95
60
121
9
54
35
174
4
157
51
21
54
141
82
66
8
98
193
77
52
102
87
105
21
24
133
166
23
163
222
74
24
194
129
169
183
12
224
187
48
275
198
58
94
326
232
26
11
115
377
213
124
314
163
58
31
57
374
169
117
62
47
60
437
47
21
468
64
8
85
448
90
60
367
65
32
422
34
34
404
66
73
49
36
452
121
42
13
437
151
61
51
386
213
108
38
445
225
33
111
89
476
253
98
89
505
179
40
72
99
561
141
109
531
200
148
61
533
204
168
16
554
237
197
493
240
11
192
37
52
504
199
9
248
36
35
524
86
61
276
27
494
26
334
491
70
303
354
19
55
357
19
377
52
339
383
5
374
16
416
49
319
26
480
13
37
39
336
77
473
56
389
141
516
323
148
565
348
193
543
61
341
142
520
53
388
35
358
103
13
36
325
4
411
325
144
111
62
369
24
195
271
135
10
156
13
111
7
4
20
12
45
28
29
49
13
53
50
58
9
7
11
41
49
11
25
23
4
59
15
26
4
21
6
41
15
23
46
40
13
61
21
37
30
5
10
22
25
28
41
8
32
34
24
21
21
11
22
18
20
40
9
57
40
13
9
101
15
7
47
62
27
12
14
59
76
8
31
11
64
49
54
56
53
52
39
109
37
83
14
77
48
13
116
53
32
4
38
123
97
82
57
20
107
123
78
13
163
162
97
48
98
60
226
65
19
88
155
102
95
161
4
107
205
55
8
51
170
263
72
208
320
242
333
272
365
428
476
520
545
535
584
15
6
26
30
4
26
21
4
10
33
25
16
15
6
8
8
27
27
27
20
19
24
24
28
28
4
67
15
49
33
23
27
8
29
19
26
53
8
10
29
11
48
9
58
56
54
64
27
98
103
122
39
164
64
60
219
17
6
262
26
326
26
53
83
329
76
63
114
302
18
118
101
80
341
24
159
127
263
66
25
196
296
60
8
321
122
56
63
19
163
28
17
7
76
16
36
64
68
57
47
50
15
111
33
119
47
47
159
171
28
112
84
170
7
47
33
32
195
90
86
165
101
135
178
11
94
98
182
47
12
28
214
100
26
82
180
139
45
87
46
38
63
63
131
71
33
112
82
48
127
44
94
44
119
36
138
176
13
56
233
36
50
259
80
29
221
117
87
278
18
151
330
57
31
138
388
32
193
388
90
210
439
4
109
88
5
244
225
455
345
148
42
160
184
6
400
162
356
206
18
55
56
293
80
314
97
31
241
11
259
30
251
23
264
17
251
28
33
5
264
267
152
24
166
106
15
10
5
25
5
41
7
10
37
10
41
12
4
47
42
9
33
30
49
6
35
57
66
48
51
43
11
87
40
23
81
37
70
29
28
34
48
86
100
59
56
14
41
57
31
104
36
95
39
123
111
84
83
16
151
146
59
57
182
19
163
37
83
126
182
22
37
104
16
189
66
156
16
129
49
47
79
126
163
93
90
131
162
49
201
64
186
33
230
222
232
48
284
26
15
118
90
227
10
54
86
42
145
53
99
99
34
18
24
12
81
74
58
37
33
19
20
110
94
50
91
76
37
41
131
100
53
102
4
54
173
128
165
58
182
52
103
36
224
83
25
266
6
13
25
40
288
76
79
281
53
6
121
136
116
34
163
55
127
47
71
101
13
91
115
20
163
149
176
22
179
110
174
242
115
27
247
129
35
62
240
169
63
41
20
279
199
117
46
313
92
60
314
99
108
8
323
151
61
56
315
7
88
125
11
363
136
60
38
37
227
62
168
46
243
140
51
66
263
175
63
258
237
13
196
299
48
247
23
344
56
283
65
400
56
277
52
309
7
175
48
67
252
235
119
172
296
161
22
286
214
48
12
340
263
87
60
359
302
109
64
122
330
311
25
176
380
295
108
403
55
232
81
245
142
14
7
5
14
27
14
24
41
17
31
15
33
39
34
37
18
71
19
79
39
30
24
40
47
5
5
38
7
23
26
9
30
74
58
56
45
57
49
54
64
4
7
90
22
98
16
33
26
64
19
24
76
29
102
5
10
22
53
17
58
11
17
48
12
64
27
56
28
32
67
30
46
6
27
27
47
52
35
59
18
51
35
29
96
53
67
15
19
90
106
81
17
36
5
8
21
45
4
35
29
11
50
55
17
68
25
26
28
45
10
39
58
14
22
18
22
45
9
41
4
9
5
7
8
6
56
21
43
33
33
30
27
10
67
12
11
6
46
29
49
7
19
16
17
39
27
48
7
14
25
32
13
25
56
7
11
42
25
40
13
42
30
18
48
17
32
44
38
61
88
48
63
62
48
59
39
67
73
39
49
87
42
70
28
51
111
35
33
38
30
12
6
58
27
52
52
62
72
4
32
47
39
47
35
83
71
25
49
47
101
21
82
29
5
55
44
73
30
120
53
81
6
9
15
28
16
10
48
19
52
4
26
62
57
34
47
6
30
76
42
7
17
19
56
13
82
21
10
36
99
45
9
74
38
49
33
7
9
61
69
38
43
24
56
30
12
19
59
31
25
28
82
40
52
19
40
41
89
64
48
18
20
48
10
47
22
12
4
31
33
14
22
37
26
54
50
6
16
9
26
42
46
12
61
5
61
53
7
14
11
26
41
8
21
11
36
4
17
35
40
21
6
60
64
46
41
15
23
76
97
60
66
57
32
146
16
67
12
178
63
6
31
228
49
188
35
39
198
101
16
176
17
7
17
17
59
228
43
56
67
37
105
259
113
125
304
7
143
65
259
40
56
188
47
299
75
213
60
139
66
15
45
84
145
57
22
103
30
202
112
51
98
243
153
4
83
29
197
138
259
72
5
11
60
286
75
52
46
241
15
58
53
62
25
6
16
97
26
43
46
7
115
8
38
161
93
197
14
175
9
164
16
8
226
49
43
13
32
138
21
72
72
44
38
48
118
92
71
99
118
118
179
53
70
17
39
78
36
9
65
86
88
48
19
79
28
18
16
41
38
63
81
104
18
107
49
103
81
42
121
41
156
24
71
71
216
51
36
83
40
4
104
83
81
57
51
96
56
38
84
4
23
10
14
15
30
9
18
18
29
30
15
5
19
9
14
16
24
21
50
39
37
10
5
53
12
12
40
36
9
35
8
9
54
48
30
24
20
68
18
31
6
5
23
27
26
38
53
55
28
31
32
30
38
43
47
4
64
35
4
22
4
25
23
45
14
17
83
42
12
33
13
81
52
51
16
68
86
60
15
76
14
117
12
49
63
36
139
56
96
102
76
78
46
120
153
31
133
48
92
100
18
182
61
17
100
67
23
166
64
6
68
140
218
103
188
41
159
41
241
87
13
140
260
85
110
322
94
145
36
364
65
209
70
23
361
118
266
67
387
48
123
38
33
297
81
168
213
66
53
40
122
36
52
41
59
52
102
44
11
148
13
44
65
34
163
129
102
186
38
65
26
41
135
93
76
73
51
191
138
79
126
157
199
57
137
52
181
111
199
112
186
36
119
140
250
60
26
187
15
310
103
57
4
59
138
299
132
22
54
17
112
74
359
110
10
276
151
49
46
257
55
53
22
70
266
41
64
103
186
42
4
23
92
122
238
4
17
153
180
198
33
29
58
190
69
261
53
88
123
29
175
34
300
86
89
91
214
327
148
58
237
35
367
164
12
247
13
420
113
66
275
65
334
175
98
39
243
28
297
172
60
199
89
323
115
50
242
138
337
55
294
374
36
275
426
80
309
343
67
304
43
189
80
340
69
226
129
16
356
41
213
191
400
252
200
98
115
202
119
7
154
253
13
105
4
204
157
44
132
220
99
23
183
264
61
47
13
196
240
24
8
28
114
296
56
25
44
305
35
64
14
355
59
73
320
64
13
63
42
313
62
10
74
177
133
223
64
193
251
26
94
46
132
277
63
91
86
182
45
70
88
195
60
143
247
42
77
183
300
33
59
81
63
10
225
289
25
181
333
55
52
14
242
377
67
98
425
36
50
64
489
42
48
83
41
509
22
136
61
513
24
186
58
447
48
46
48
118
116
511
6
114
178
540
58
114
223
547
58
41
66
226
486
106
76
123
120
478
127
185
88
520
24
109
220
27
445
44
271
363
320
42
342
11
22
201
24
404
56
43
162
307
61
139
305
29
62
8
55
307
49
248
11
55
28
280
15
5
44
243
50
81
242
83
99
251
137
194
152
12
11
4
17
8
13
6
22
22
17
15
23
32
29
34
37
24
32
42
47
28
17
6
39
58
12
13
8
8
25
49
54
54
64
24
65
36
75
60
33
46
6
7
59
49
5
23
29
23
16
32
26
52
28
52
14
62
57
62
33
111
105
108
80
18
73
121
165
34
171
216
32
40
203
251
10
86
235
299
35
59
259
321
4
45
109
196
345
98
18
11
24
10
53
56
22
5
16
67
90
61
126
115
177
54
57
39
9
62
155
56
11
97
63
84
84
4
99
75
78
13
145
105
129
40
131
149
155
46
140
126
101
42
29
169
40
143
35
5
13
177
121
36
35
79
60
49
53
110
65
56
70
21
107
8
27
33
8
17
22
29
8
5
4
45
43
18
45
5
25
39
26
26
27
44
9
24
40
31
15
65
30
21
64
60
11
83
89
9
61
103
21
122
53
4
164
17
10
34
7
23
5
5
4
16
23
53
55
41
57
59
41
83
58
71
37
8
46
11
18
40
23
15
39
52
35
55
8
6
102
33
67
29
45
36
34
8
23
53
4
46
24
19
56
34
31
45
32
23
55
47
44
4
25
47
14
27
31
51
23
24
5
32
31
22
4
97
37
76
51
75
81
28
27
54
55
5
7
17
17
5
9
21
6
7
55
44
25
12
61
57
22
76
40
16
9
4
36
4
5
42
10
51
6
61
4
14
15
40
16
10
30
31
42
42
57
4
60
108
26
9
33
47
38
11
23
23
28
44
5
33
26
37
17
26
24
44
28
13
52
5
15
4
35
6
18
4
21
38
50
58
84
23
22
41
27
24
56
61
35
47
80
5
56
28
25
36
32
11
25
28
44
26
27
27
57
17
18
4
24
28
12
9
22
7
9
56
39
53
22
7
43
15
83
59
61
52
31
20
86
83
6
93
11
4
22
31
74
17
20
6
30
130
78
186
44
14
248
98
78
201
15
80
213
267
58
327
63
390
41
58
6
103
406
56
43
50
153
408
39
111
77
383
12
116
56
375
60
66
170
44
325
116
83
322
115
32
76
23
158
39
21
40
136
20
29
154
63
64
180
38
4
6
243
78
225
66
46
269
4
266
11
279
48
155
6
42
25
113
63
4
35
8
9
16
19
36
39
48
34
5
18
12
6
19
13
23
31
46
12
15
35
30
19
26
21
15
15
32
7
41
20
14
20
60
18
32
19
46
53
44
59
42
35
37
31
17
64
16
18
32
23
46
20
62
26
73
50
38
44
38
42
53
57
6
20
26
5
24
28
5
19
20
25
26
33
46
4
11
45
45
65
35
18
15
24
40
25
14
13
28
6
33
4
15
15
35
35
25
36
48
31
53
4
47
8
53
4
12
36
23
24
9
29
31
59
27
62
88
51
11
5
44
85
75
73
59
44
45
6
8
56
110
60
14
105
81
22
114
13
41
107
8
70
22
11
24
35
8
17
26
4
9
12
20
27
21
9
56
72
19
15
20
10
5
100
115
130
119
48
95
46
88
44
64
61
4
4
5
48
48
52
28
60
40
26
35
9
65
30
59
29
23
55
41
55
49
49
56
40
63
45
64
48
52
23
39
4
5
12
7
41
33
61
40
5
29
62
38
48
93
36
31
53
10
5
20
14
63
54
42
17
22
63
41
58
37
81
81
97
12
16
4
14
8
50
65
31
12
58
44
87
108
99
102
12
21
113
58
164
50
141
23
145
46
84
65
106
75
10
70
131
22
20
50
34
182
42
169
53
63
99
187
135
40
247
16
7
187
46
283
59
68
146
101
330
105
46
159
323
136
49
109
160
174
167
73
70
131
220
13
55
128
149
230
46
5
111
145
198
190
251
60
253
59
29
99
311
187
28
116
47
87
23
30
138
80
64
5
22
38
122
91
8
44
59
52
87
41
34
94
17
66
83
51
60
110
26
43
56
87
16
81
16
89
49
8
21
127
5
34
115
52
52
52
36
64
41
7
106
13
116
15
29
62
55
37
67
34
77
35
40
21
40
12
45
10
21
13
5
31
6
11
18
40
12
10
25
34
10
30
16
25
75
17
52
51
53
32
11
25
19
10
12
20
31
35
53
67
19
38
85
21
5
29
29
49
11
20
29
10
74
38
46
15
86
42
39
37
108
34
131
68
139
32
23
164
144
61
18
12
38
18
20
10
40
52
29
54
17
52
29
30
87
41
28
133
66
16
189
40
78
52
62
65
121
119
7
59
178
131
39
113
222
184
150
4
277
274
168
149
249
244
170
288
281
296
299
316
316
25
13
30
22
17
52
8
19
17
17
10
17
38
23
39
22
30
15
13
48
19
5
37
42
47
42
14
46
87
83
38
30
16
58
61
6
37
43
60
49
34
26
16
62
59
85
107
166
56
44
18
179
19
27
51
17
218
36
274
57
59
328
120
64
364
65
159
119
373
69
122
55
360
21
179
322
58
338
57
5
380
52
40
375
48
381
110
444
126
42
23
373
4
171
348
22
54
173
339
17
192
62
37
372
13
231
14
39
265
231
195
6
236
47
183
196
103
53
235
196
78
285
167
29
319
47
170
60
302
98
178
325
43
4
225
39
188
32
27
37
321
29
55
250
298
37
48
238
63
337
55
265
315
76
56
313
42
4
352
50
350
52
19
341
285
12
15
326
29
304
15
319
209
8
323
304
188
181
7
308
333
201
8
196
185
37
4
197
60
127
133
202
9
57
36
20
166
18
37
20
104
81
38
36
36
5
90
52
21
38
39
17
44
17
58
71
50
22
21
19
25
26
85
28
28
36
34
75
76
8
105
79
17
9
9
23
65
29
15
16
44
10
58
19
5
4
26
21
25
8
14
4
17
6
6
22
10
11
13
22
15
31
42
44
48
38
43
23
11
12
59
48
12
34
41
83
6
49
22
50
68
8
46
10
111
31
25
109
174
29
59
47
54
187
68
62
62
221
77
80
143
77
95
25
167
89
50
220
29
141
82
246
50
37
268
39
5
50
217
58
34
15
100
25
211
45
15
73
53
180
41
36
51
20
5
138
42
63
30
62
80
41
124
56
45
101
124
100
124
110
139
25
6
124
155
89
133
15
126
128
43
192
45
61
145
85
250
39
12
89
10
66
304
57
27
139
360
107
88
177
14
26
36
305
138
80
224
37
361
192
55
210
42
337
243
36
142
377
149
377
141
366
77
53
404
139
62
405
109
64
5
47
377
130
64
121
54
304
148
88
62
70
112
201
78
80
52
232
125
144
36
295
182
85
347
34
242
28
295
76
288
218
35
283
12
55
256
82
326
182
136
179
226
172
152
13
270
207
206
64
32
29
281
256
256
50
67
313
309
43
103
329
182
57
61
23
13
298
113
39
24
120
26
319
100
342
98
15
191
6
159
204
206
260
185
261
245
259
315
367
10
8
22
29
33
15
7
16
33
9
16
20
12
28
12
17
13
34
30
35
14
45
6
42
62
9
41
34
60
72
11
21
85
18
34
27
42
21
70
31
104
9
135
5
82
47
19
11
14
30
46
10
37
40
32
35
5
13
20
4
43
26
13
34
27
8
27
21
52
12
25
80
33
10
33
24
33
39
43
19
16
69
30
26
92
53
27
55
35
12
46
83
16
55
45
128
50
12
76
30
49
116
55
173
97
40
235
59
75
89
50
16
44
31
70
73
29
39
56
54
72
53
79
112
48
102
50
38
68
165
88
14
103
196
75
144
61
219
34
60
184
64
116
38
68
54
237
166
95
84
113
177
24
63
151
58
63
30
4
81
106
77
61
43
47
131
129
52
90
75
37
111
45
6
62
52
55
55
40
45
25
4
17
13
53
19
28
64
63
24
31
47
32
65
42
51
18
29
55
89
53
71
120
100
86
92
180
4
23
132
155
191
19
46
123
220
7
11
102
63
143
39
59
53
198
29
121
108
30
49
50
72
116
7
111
26
96
154
9
47
88
151
141
51
115
30
203
94
17
63
63
131
150
35
89
124
71
188
17
61
133
180
214
147
201
63
222
38
59
106
109
105
259
42
12
106
159
141
278
22
5
163
15
181
313
215
177
316
173
56
184
358
174
56
171
373
199
120
308
32
215
184
51
358
133
188
113
294
47
58
172
161
125
239
50
36
231
117
9
56
283
35
56
112
233
97
49
174
285
130
35
88
326
173
92
115
49
345
85
164
342
144
6
202
4
399
385
151
254
46
66
45
399
89
32
28
31
82
33
37
11
70
33
11
42
27
59
69
22
69
11
33
17
30
61
69
48
18
43
32
8
11
18
38
23
19
29
27
54
21
81
60
34
84
89
119
79
28
30
20
6
38
7
27
22
31
63
44
46
15
47
29
4
49
7
22
34
33
45
84
94
110
63
62
31
83
52
21
9
69
6
48
70
131
61
71
100
33
95
20
45
108
162
60
84
53
96
218
108
132
45
129
81
108
95
155
97
19
146
189
25
97
19
194
107
14
45
142
31
101
60
70
110
95
54
154
56
25
144
28
150
204
87
188
5
166
80
6
43
50
47
9
20
43
141
149
56
68
139
119
8
6
23
4
26
7
18
11
35
15
21
50
13
29
12
10
5
30
7
10
29
6
29
32
24
30
12
39
37
11
22
21
27
46
30
45
21
24
51
34
8
43
58
89
84
34
4
18
10
26
4
22
28
18
17
29
56
37
36
63
5
51
18
56
69
44
63
61
30
4
58
4
23
35
28
25
32
77
42
76
59
12
21
137
4
53
50
16
83
118
86
126
141
149
20
148
13
39
27
31
143
32
116
10
11
14
63
57
34
15
19
43
42
4
34
28
24
6
63
30
30
39
4
24
27
22
13
54
23
22
8
4
17
13
25
22
9
28
22
27
6
49
53
32
6
37
20
75
22
42
4
20
4
17
39
29
14
17
21
28
8
7
44
4
40
9
57
8
63
19
55
8
55
40
22
4
59
37
10
120
13
57
163
25
17
7
38
60
33
43
105
53
61
37
23
166
28
48
184
52
11
104
154
89
31
152
139
124
48
36
175
141
58
25
79
235
103
41
264
159
48
62
258
216
51
122
226
15
279
55
28
122
158
32
331
69
39
50
171
142
9
365
15
79
49
420
72
48
386
44
128
71
158
57
181
120
68
171
52
176
132
218
29
200
125
153
151
133
53
158
171
40
94
196
42
102
48
159
176
62
59
172
111
37
79
223
4
5
160
165
111
222
85
33
12
228
196
49
206
56
68
242
21
9
175
4
171
125
111
20
138
46
118
119
166
35
108
19
146
39
161
41
5
150
23
165
123
58
70
18
7
89
86
31
28
93
42
39
13
135
25
123
39
4
15
6
144
65
46
29
12
18
49
37
30
26
18
16
6
24
15
54
47
43
23
25
53
19
37
36
15
22
64
8
53
36
53
39
38
6
9
7
24
49
26
4
60
58
75
109
19
115
39
28
65
118
49
128
15
68
22
134
5
116
18
155
39
150
61
6
35
5
14
18
96
15
45
8
37
32
37
70
28
6
5
16
13
23
7
21
7
47
49
6
50
9
11
44
25
8
52
9
32
60
48
54
79
35
42
86
21
57
132
10
56
113
25
66
96
124
85
30
63
179
144
63
102
112
120
134
90
76
180
25
33
50
235
21
92
269
46
7
134
35
35
307
137
40
315
13
6
158
29
45
319
125
249
170
189
242
4
21
24
5
9
16
8
25
24
27
19
4
11
22
19
10
10
5
8
19
12
14
7
22
11
48
17
10
6
12
4
26
39
41
33
16
30
36
52
8
25
47
62
47
63
11
22
43
79
23
75
29
7
73
16
54
14
8
27
25
5
42
32
23
39
22
23
40
14
45
42
9
41
29
47
37
56
45
59
24
47
56
100
42
40
9
54
4
106
103
39
42
45
4
57
13
8
8
44
9
55
65
13
11
112
22
127
42
11
41
162
17
181
44
202
13
87
42
37
15
25
36
11
18
19
14
8
26
10
36
38
64
53
54
23
58
25
27
65
26
75
9
27
24
23
106
92
107
51
19
51
95
31
68
146
14
4
60
87
58
153
33
145
62
27
105
22
28
200
40
157
61
65
55
44
216
59
192
41
9
16
105
45
70
56
247
9
118
112
127
57
77
111
17
115
47
92
34
8
31
80
8
44
67
5
30
59
23
9
15
30
11
7
30
7
20
26
60
8
37
14
5
49
46
46
35
9
43
37
29
29
54
53
38
25
99
25
44
60
156
55
85
154
23
40
154
55
13
17
50
12
132
107
43
89
53
149
5
95
137
42
203
9
94
76
96
34
126
90
65
165
113
63
15
197
122
75
81
40
35
62
54
102
42
76
56
41
130
79
69
44
183
119
133
103
22
29
228
106
137
83
291
136
55
334
44
29
162
81
74
172
145
52
65
153
22
19
146
56
34
173
59
95
24
63
20
122
71
72
46
82
28
52
14
93
73
80
16
27
78
27
33
112
61
33
67
148
115
79
193
171
54
74
80
142
54
6
47
119
35
194
67
50
171
5
129
56
122
62
27
40
184
79
73
215
10
23
117
218
55
39
155
279
53
84
84
75
343
122
123
378
13
23
54
5
54
438
440
9
32
25
15
19
29
482
477
6
48
43
33
306
42
284
13
57
22
275
293
28
69
18
35
74
234
38
39
61
200
9
114
56
62
220
38
8
27
34
27
20
23
22
17
27
4
58
23
26
14
69
34
67
17
27
39
14
18
58
26
52
9
77
70
38
29
9
12
80
60
9
30
54
57
61
25
22
25
11
45
4
53
71
18
64
53
101
64
100
124
23
158
46
4
211
31
77
51
60
69
116
104
21
20
18
6
23
13
11
20
31
9
21
31
23
12
17
26
7
16
8
8
16
12
4
25
13
7
25
15
38
29
20
36
48
36
57
31
65
33
7
63
18
10
37
20
20
11
23
18
7
22
39
20
13
14
9
39
40
22
4
54
99
28
20
21
57
48
40
45
22
48
20
15
45
6
47
54
25
61
11
32
73
43
40
82
47
79
8
54
50
102
52
99
51
116
44
48
26
4
89
4
11
103
18
42
7
93
59
16
36
14
6
39
14
66
20
31
8
9
15
40
13
28
22
14
32
31
12
14
36
11
38
22
65
66
14
16
52
90
14
20
6
30
43
30
64
12
55
37
58
40
106
43
92
29
9
134
30
62
17
8
10
4
48
27
63
31
14
10
55
41
101
98
10
55
8
48
142
9
52
110
130
25
102
186
153
39
211
21
164
70
235
184
111
256
235
160
320
14
25
11
291
217
20
71
54
52
350
61
71
42
414
85
44
85
404
52
128
4
140
80
382
289
11
10
179
10
30
96
126
42
71
45
35
52
48
21
38
28
9
10
43
40
58
20
49
65
17
76
33
46
71
15
31
23
92
24
42
61
66
96
9
112
131
53
123
60
55
63
34
54
131
119
60
190
24
183
185
11
38
172
46
51
99
52
53
77
7
138
33
56
115
102
57
166
12
152
96
162
40
221
44
61
71
28
233
31
92
55
37
133
141
151
5
20
165
52
191
153
248
54
48
130
32
313
9
149
25
247
212
195
31
38
250
42
60
177
4
285
223
64
5
8
200
46
184
26
143
132
59
10
41
188
56
16
188
40
19
18
57
129
47
113
11
17
16
94
110
13
64
27
52
5
51
62
27
24
50
51
50
40
38
6
38
53
13
7
53
41
60
6
15
21
79
33
69
28
49
14
45
64
55
31
67
38
48
47
44
58
5
77
70
32
43
51
52
4
15
32
13
34
16
39
48
37
15
27
5
5
89
30
22
16
29
11
18
32
33
28
16
40
6
7
66
31
19
19
43
51
68
62
62
11
51
13
102
67
51
11
25
51
60
52
80
48
122
70
4
54
87
91
94
54
89
25
74
8
15
131
58
141
43
54
8
42
133
90
49
18
21
31
106
12
116
48
17
20
25
95
91
112
5
25
15
6
8
18
32
12
13
22
42
25
38
17
5
10
54
26
27
10
23
20
18
11
25
7
23
14
35
16
24
36
24
27
5
10
20
8
56
7
52
7
40
31
25
15
55
58
55
51
33
58
33
40
72
70
4
4
63
58
9
44
49
42
43
86
45
47
45
24
18
24
16
60
17
16
20
64
50
27
61
50
9
52
104
78
5
103
138
44
21
24
133
95
21
5
43
74
15
37
40
63
89
97
43
22
153
155
29
56
6
128
218
58
82
54
248
36
11
114
38
242
116
39
54
269
42
135
23
320
51
157
17
65
331
10
22
207
37
121
376
65
268
71
385
21
310
133
329
44
11
139
360
39
132
8
418
74
90
10
47
440
16
121
54
462
149
194
34
164
13
11
168
80
32
210
25
103
94
246
81
113
97
42
95
84
37
116
76
52
143
43
110
4
150
55
108
92
13
109
16
40
55
154
101
212
15
163
12
269
130
31
5
317
22
183
27
58
349
59
31
118
19
318
115
25
346
161
10
392
65
13
4
404
399
37
66
71
63
312
59
308
6
361
360
252
249
46
148
46
137
47
51
21
123
56
53
43
12
86
49
25
13
56
48
70
41
113
84
43
16
64
37
25
39
5
13
13
51
12
37
31
13
44
45
52
36
44
52
15
9
20
10
19
12
29
8
45
20
5
36
47
71
40
62
72
11
101
38
112
6
38
33
59
26
39
4
102
48
69
17
6
44
58
47
12
40
28
26
29
60
46
27
71
73
76
109
126
104
60
163
150
12
131
58
158
10
181
13
88
239
33
67
235
50
123
145
59
125
9
204
157
61
240
5
133
121
5
11
118
47
46
165
20
22
32
32
20
40
28
22
43
30
40
30
22
46
8
9
33
36
9
28
42
49
4
24
27
36
21
34
11
25
18
41
8
29
64
33
24
26
10
28
26
33
18
19
5
39
19
37
6
24
47
75
28
91
46
32
57
5
18
85
32
58
33
19
21
62
46
64
67
21
35
37
14
46
103
84
92
54
97
11
8
53
59
25
72
42
114
18
31
18
34
53
35
35
65
65
7
17
19
36
61
15
51
51
28
47
23
50
60
28
66
103
50
14
128
17
15
137
66
42
65
118
62
61
85
90
140
