12
22
25
32
33
39
40
43
43
48
51
64
65
68
70
72
74
78
81
83
85
89
93
98
103
106
108
109
119
121
127
58
129
131
85
89
145
51
85
156
85
62
162
166
169
102
94
106
177
181
108
189
191
193
197
195
201
164
112
168
208
207
211
216
155
220
185
134
144
227
168
148
196
172
238
240
209
154
190
253
161
224
262
264
228
177
273
236
275
240
218
222
287
251
292
291
255
295
261
234
265
305
241
235
271
245
275
243
279
326
256
292
260
334
251
264
338
268
264
260
272
268
276
275
280
360
284
283
364
288
292
372
296
376
379
300
383
384
342
390
346
358
315
347
340
354
409
324
347
328
380
424
427
427
428
431
354
394
354
358
398
377
365
406
367
369
373
378
464
377
466
468
381
472
471
409
476
475
413
480
417
421
483
425
487
495
429
491
499
433
403
407
439
511
443
515
520
459
451
524
463
455
528
459
536
504
470
508
550
474
554
554
558
497
520
501
524
568
505
488
572
476
577
538
480
581
542
502
546
518
502
522
601
510
530
605
534
610
554
614
558
542
572
562
576
626
544
630
548
560
564
664
668
673
629
677
633
681
688
687
692
691
696
695
657
699
661
703
707
711
719
723
727
706
742
731
710
746
735
750
739
754
743
758
747
718
751
722
755
687
759
691
722
748
726
752
756
708
712
809
813
813
817
817
820
760
764
830
734
835
834
738
839
785
808
845
789
812
849
751
853
755
857
861
869
865
873
869
877
877
873
881
881
877
828
885
881
889
835
885
893
839
889
897
843
893
901
847
897
869
851
901
873
855
905
859
909
863
913
867
917
871
921
875
925
945
879
929
949
883
933
953
887
937
915
891
941
919
895
945
923
899
949
927
903
953
931
907
957
935
911
961
939
915
965
943
919
969
947
923
973
951
927
977
955
931
981
918
935
985
922
939
989
943
993
947
997
951
1001
955
1005
959
1009
963
1013
967
1017
971
1021
975
1025
979
1029
983
1033
1080
1037
1084
1041
1047
1091
1045
1051
1095
1049
1055
1060
1053
1012
1064
1057
1016
1024
1061
1020
1028
1065
1024
1032
1035
1028
1036
1039
1032
1036
1163
1167
1171
1171
1175
1175
1145
1179
1149
1183
1087
1187
1191
1203
1207
1211
1215
1219
1185
1189
1233
1237
1187
1191
1162
1166
1315
1319
1285
1289
1293
1263
1267
2081
2085
12
22
25
32
33
39
40
43
43
48
12
21
64
69
68
70
72
78
81
83
85
89
92
90
98
99
102
104
105
117
117
127
128
129
28
140
87
141
91
108
42
153
116
159
44
164
166
52
172
172
175
179
138
182
94
190
150
132
156
160
122
146
168
172
81
131
225
100
95
104
232
192
189
239
197
249
251
161
125
259
263
213
183
217
178
190
282
281
146
216
289
290
293
294
159
188
301
301
192
236
308
196
312
312
200
316
316
270
325
200
293
231
337
235
224
342
219
346
231
296
313
238
365
329
374
376
292
378
341
345
387
388
394
394
306
398
398
405
281
410
412
333
380
418
321
340
325
430
342
329
352
437
333
441
337
449
445
404
453
449
408
389
453
393
426
331
471
381
478
482
381
385
380
489
494
493
387
404
497
408
395
505
416
466
456
469
424
473
428
479
477
483
483
481
448
485
491
452
489
495
456
552
418
556
422
506
479
426
460
483
464
477
546
550
522
592
520
526
530
529
534
565
608
538
569
524
542
528
546
484
497
550
491
501
558
564
638
642
613
617
652
582
656
586
625
590
629
669
594
556
673
598
560
638
602
642
606
692
610
614
700
618
703
666
622
654
626
673
658
630
585
616
588
589
620
592
596
735
600
739
740
604
703
684
748
707
688
752
674
692
704
678
696
708
635
661
712
639
665
716
669
777
720
673
781
724
785
728
681
745
732
685
749
677
689
706
681
693
710
697
811
680
701
815
684
705
835
843
807
809
852
776
780
863
749
827
753
785
789
886
751
890
755
852
900
856
904
824
908
828
875
879
883
887
891
936
895
828
942
866
832
905
870
836
912
825
916
829
920
833
868
837
872
841
981
985
942
946
999
898
1003
902
925
1011
929
1014
1015
1018
1019
1023
910
1034
914
1038
994
998
961
965
969
936
940
1043
1047
1089
1093
1093
1097
1044
1101
1103
1048
1105
1107
984
1075
1111
988
1079
1115
1040
1119
1044
1123
1048
1127
1055
1059
1063
1067
1071
1078
1082
1086
1209
1213
1217
1121
1227
1125
1231
1129
1196
1237
1133
1200
1241
1137
1166
1211
1141
1170
1215
1145
1174
1219
1149
1184
1153
1188
1157
1153
1161
1157
1165
1161
1169
1165
1173
1169
1177
1173
1181
1177
1185
1181
1189
1185
1189
1193
1333
1337
1308
1312
1316
1263
1267
1271
1434
1438
1308
1312
1456
1418
1422
1356
1360
1544
1548
1518
1522
12
22
25
32
33
39
40
43
43
48
16
60
59
24
28
67
32
28
81
82
86
88
89
93
95
97
102
102
19
114
117
123
123
127
127
129
135
81
105
85
148
148
153
152
157
160
161
167
70
110
136
178
177
178
185
182
183
189
189
199
111
115
203
104
210
153
214
220
218
221
160
222
164
185
230
240
193
241
247
201
254
145
258
149
262
265
266
270
204
220
277
230
284
285
290
288
294
204
248
301
304
305
241
263
315
317
289
293
332
295
260
263
264
210
267
222
214
252
226
299
256
356
319
363
365
320
369
333
269
337
303
337
280
307
392
278
399
400
404
361
410
410
365
376
319
374
425
384
378
433
344
322
400
326
351
350
403
410
370
458
343
377
347
425
338
471
376
478
435
380
384
358
498
501
378
505
505
382
462
389
466
518
522
523
484
527
528
492
534
501
496
540
505
426
471
430
475
552
554
558
507
504
468
508
453
498
457
502
499
461
465
488
506
590
457
591
594
509
505
513
509
481
479
530
485
483
489
487
619
542
521
623
548
552
533
556
518
510
526
656
522
660
526
569
609
613
628
674
589
678
593
640
644
571
597
612
601
616
641
657
666
645
628
670
632
618
636
625
640
629
610
734
633
614
738
637
742
641
645
749
688
652
692
656
660
660
771
664
664
775
668
783
672
746
750
797
689
762
801
693
766
769
810
728
773
814
739
735
743
708
747
774
751
833
728
705
732
709
815
819
823
859
827
816
798
820
824
805
792
772
796
766
779
770
774
778
906
782
910
786
914
790
918
794
922
926
798
926
930
802
930
934
934
903
810
938
907
814
942
876
818
946
880
822
950
884
888
919
970
852
923
974
856
978
860
982
864
986
868
990
872
998
994
876
1002
998
880
972
1002
884
976
1006
980
1010
1014
983
954
1018
987
958
1022
955
1026
959
1030
963
1034
1038
1042
1049
1053
1075
1015
1079
1019
1083
1051
1055
999
1044
1003
1048
1004
1008
1012
1016
1020
1180
1181
1184
1185
1188
1065
1192
1069
1196
1150
1154
1105
1109
1222
1226
1158
1162
1239
1105
1243
1109
1247
1251
1144
1148
1218
1182
1279
1186
1283
1190
1243
1247
1336
1340
1348
1313
1317
1321
1289
1293
1258
1262
1266
1462
1466
1401
1405
1348
1352
1450
1454
1458
1462
1466
1470
1474
1478
1482
1486
1490
1450
1454
1458
1462
1466
1672
1676
1680
1649
1653
1617
1621
12
22
25
32
33
39
40
43
43
48
18
27
64
69
68
70
72
78
81
83
85
88
54
92
98
99
99
105
12
111
112
118
123
124
126
128
134
136
137
142
144
110
150
153
54
121
123
168
131
171
175
179
182
110
101
190
105
109
201
203
206
208
207
213
212
217
219
222
182
226
229
231
178
186
242
240
251
253
199
254
259
260
258
266
226
213
196
211
278
200
282
164
161
168
228
254
297
232
301
174
305
309
241
313
268
245
275
323
248
282
201
335
211
215
294
342
248
223
319
355
356
323
361
316
275
324
279
277
379
279
383
336
284
328
340
288
332
347
289
297
355
407
361
359
411
416
380
328
366
332
380
386
433
308
379
393
346
363
408
371
355
359
375
378
417
379
382
421
342
346
390
429
348
402
355
487
485
364
447
368
495
451
402
503
455
406
459
511
463
436
479
433
440
483
444
448
525
411
409
537
540
501
476
544
505
509
467
552
477
471
454
481
479
505
461
509
465
576
513
469
580
463
547
549
471
501
553
505
519
604
608
542
486
558
490
562
494
515
530
498
519
534
502
552
506
531
510
645
649
643
618
647
659
651
655
666
631
659
635
581
639
585
667
579
671
583
675
587
679
591
683
687
703
691
707
662
627
666
631
670
725
726
674
729
730
678
694
734
682
698
702
686
667
690
709
671
694
649
638
698
653
642
702
646
662
650
666
654
658
662
726
730
799
734
807
808
738
812
742
816
746
819
780
824
784
795
732
799
839
788
803
843
807
847
764
815
851
768
855
771
763
775
764
782
845
905
849
909
853
913
857
917
822
921
826
925
893
897
901
953
965
934
974
976
938
978
980
942
982
984
988
991
990
926
995
994
930
999
906
897
1003
910
901
931
914
905
935
903
1022
907
1026
903
1035
907
1039
971
975
944
1057
948
1061
1009
1013
1017
1021
1099
1103
1101
1107
1060
1111
1064
1074
1029
1078
1033
1034
1037
1038
1041
1009
1045
1013
1049
1153
1053
1157
1118
1122
1086
1090
1181
1094
1185
1060
1144
1064
1148
1092
1096
1178
1182
1186
1157
1161
1284
1243
1247
1251
1255
1259
1314
1208
1318
1212
1253
1216
1257
1328
1332
1336
1340
1344
1348
1352
1356
1360
1364
1368
1335
1339
1303
1307
1311
1429
1433
1373
1377
1337
1341
1495
1499
1503
1507
1511
1515
1519
1523
1527
1497
1501
1505
1465
1469
1790
1794
1798
1802
1806
1810
12
22
25
32
33
39
40
43
43
48
51
60
59
25
29
67
71
79
83
84
89
94
96
98
101
104
105
112
115
119
119
123
43
68
89
93
56
29
22
148
39
152
30
156
159
161
160
163
165
109
172
173
178
179
146
187
189
130
152
94
196
200
201
171
108
214
112
121
162
225
166
130
230
104
152
112
246
160
250
254
258
220
260
228
224
231
232
154
235
276
161
248
286
249
252
290
247
206
259
298
206
214
302
218
230
276
234
316
321
204
278
208
282
329
212
278
224
285
231
235
347
239
246
288
362
253
292
366
257
273
370
261
277
323
265
380
269
384
332
273
338
355
342
363
312
406
316
351
320
355
342
327
346
362
317
321
325
434
324
402
441
442
406
445
446
449
452
450
417
456
421
330
360
472
364
476
481
447
482
485
486
455
454
410
425
458
414
429
462
380
388
384
392
513
513
396
517
517
400
480
404
529
488
411
533
434
438
419
423
549
551
427
553
555
431
460
559
435
563
467
439
567
443
539
571
447
543
575
451
475
579
455
583
556
587
563
594
532
598
502
606
544
610
619
614
623
572
597
622
576
626
647
630
651
634
654
586
638
658
590
642
626
543
646
547
633
650
637
679
658
683
662
652
689
666
656
645
670
660
649
674
664
610
678
668
614
623
686
627
690
631
694
698
702
706
710
748
749
714
752
753
718
693
714
722
697
718
726
701
686
730
690
734
694
738
674
657
742
681
661
746
685
684
689
688
693
812
812
816
816
784
788
792
758
839
762
842
843
766
846
807
812
811
816
815
820
819
865
789
777
793
784
876
797
830
801
884
834
762
888
766
811
901
815
905
819
909
823
913
875
879
928
883
932
887
936
938
891
876
895
895
880
899
901
860
872
864
876
880
972
976
977
930
981
934
943
947
912
916
920
890
981
894
985
1025
1026
1029
1030
1033
1037
1041
1041
1045
1010
1055
1014
1059
1183
1187
1158
1162
1203
1166
1207
1170
1139
1174
1143
1178
1147
1149
1151
1153
1155
1233
1159
1237
1163
1193
1167
1197
1171
1133
1137
1259
1179
1141
1263
1183
1267
1187
1191
1195
1199
1203
1207
1211
1215
1219
1223
1227
1231
1235
1239
1243
1247
1251
1255
1430
1434
1394
1398
1367
1371
1497
1501
1505
1511
1462
1515
1466
1485
1436
1489
1440
1493
1759
1763
1734
1738
1742
1746
1750
1702
1706
1897
1901
1905
1854
1858
12
27
28
40
40
42
46
48
50
70
71
78
81
82
87
46
50
98
98
50
105
106
54
58
113
119
72
76
126
80
132
135
139
142
142
147
148
149
154
62
159
161
163
124
170
169
128
132
54
136
58
185
186
126
97
130
149
198
201
153
210
211
166
214
215
173
227
176
227
231
233
231
204
238
240
208
248
252
201
209
260
205
213
264
266
220
237
275
276
241
281
238
285
285
289
293
297
239
297
243
259
305
263
309
244
218
313
248
252
281
293
256
297
333
233
337
337
244
241
350
315
276
319
280
323
364
327
318
301
326
327
305
333
381
272
284
385
276
292
349
398
354
357
405
409
372
364
413
376
418
417
380
422
421
384
370
388
382
374
392
386
325
396
444
329
400
333
404
453
337
408
341
460
415
345
464
419
353
426
479
430
361
440
434
365
486
438
369
498
373
445
449
507
453
504
514
457
511
518
461
465
443
469
529
473
480
533
501
417
481
466
552
444
512
448
559
516
559
561
511
566
573
570
533
574
582
489
588
582
497
551
501
555
600
519
608
523
609
612
490
576
616
497
584
623
501
544
627
548
539
631
543
635
643
639
646
607
609
650
611
583
617
587
665
614
591
669
618
577
599
581
625
562
686
629
566
690
633
694
637
700
698
606
704
610
614
711
656
618
715
660
622
682
629
686
633
637
694
734
641
698
701
702
705
671
622
646
675
650
682
763
686
758
767
690
762
694
723
775
698
727
779
702
731
783
706
735
731
710
735
675
739
727
679
707
731
711
687
694
775
698
740
702
744
774
782
847
851
808
855
812
863
816
749
820
753
767
775
779
889
783
780
849
784
816
902
820
836
788
840
792
844
923
924
924
927
928
928
897
885
893
901
889
897
905
849
901
909
853
905
913
909
917
913
917
966
921
970
925
919
876
923
880
987
991
993
943
997
947
933
937
1006
905
956
909
960
1022
913
908
1026
917
912
1030
921
916
1034
1038
1042
1046
1050
1054
1058
947
951
955
1096
1100
1107
1111
1079
1083
1044
1048
1083
1137
1087
1141
1091
1096
1100
1155
1159
1163
1167
1171
1175
1179
1183
1187
1196
1191
1200
1157
1204
1161
1165
1169
1173
1177
1181
1185
1189
1193
1197
1162
1166
1324
1328
1290
1294
1228
1232
1417
1421
1425
1429
1433
1437
1468
1472
1476
1480
1958
1962
1925
1929
1933
1937
1883
1887
12
27
28
40
40
42
46
48
50
58
61
63
71
74
84
86
91
94
97
98
101
103
108
107
112
113
119
119
55
126
85
133
138
79
69
98
146
148
68
106
82
160
118
161
167
169
125
129
177
180
122
128
187
77
193
155
150
201
154
207
168
212
211
171
133
228
226
192
234
142
186
241
146
205
150
248
154
214
201
256
265
183
270
272
273
274
277
238
286
227
290
293
259
295
299
300
266
263
262
309
266
272
270
316
220
286
277
326
290
221
331
332
225
287
257
302
306
295
265
351
299
358
360
318
362
364
252
333
256
294
341
382
298
384
389
347
391
359
395
311
363
399
358
322
403
326
313
410
418
414
324
422
418
328
426
422
430
336
434
430
328
402
398
402
409
355
406
374
359
370
378
374
353
382
371
433
377
478
381
396
452
391
393
395
463
397
402
415
503
406
419
512
410
414
478
519
418
421
425
459
429
463
428
468
547
472
458
554
553
556
560
562
521
480
525
573
462
490
494
580
470
584
477
595
601
603
547
608
551
610
612
493
613
571
497
575
589
623
631
597
558
638
562
566
646
655
665
659
669
587
668
673
603
622
607
694
636
698
590
661
598
602
672
676
609
684
730
688
734
651
702
655
706
710
704
714
708
677
712
765
681
716
769
685
720
726
724
734
730
681
738
734
685
742
689
746
704
708
807
810
811
817
757
818
821
761
822
825
826
829
830
833
837
841
845
849
853
857
861
865
882
810
883
886
814
887
890
774
858
778
862
902
866
906
828
862
832
866
835
839
932
936
898
954
957
902
961
921
925
979
980
983
924
928
994
998
1002
1004
1006
1008
1010
1012
1014
1016
1018
1020
1022
1024
1026
1028
1030
978
1034
982
1038
986
1042
1003
1007
965
969
1077
1081
1085
1089
1093
1097
1101
1105
1109
1113
1129
1117
1133
1121
1086
1125
1090
1129
1133
1137
1141
1145
1149
1153
1157
1161
1165
1169
1173
1177
1206
1181
1210
1185
1189
1193
1197
1201
1205
1209
1213
1217
1221
1225
1229
1233
1237
1188
1192
1196
1345
1349
1317
1359
1321
1363
1365
1367
1369
1371
1373
1375
1377
1344
1381
1348
1385
1293
1389
1297
1393
1301
1397
1305
1401
1309
1405
1313
1409
1317
1335
1321
1339
1325
1329
1333
1337
1472
1476
1480
1484
1426
1430
1434
1551
1555
1612
1616
1620
1624
1628
1632
1636
1640
1644
1648
1652
1610
1614
1581
1585
1808
1812
1816
1772
1776
1958
1928
1932
12
27
28
40
40
42
46
50
53
55
62
64
68
70
74
81
83
84
88
88
94
96
40
102
44
108
112
113
116
119
57
20
78
130
131
134
33
138
145
146
146
150
153
116
154
163
158
124
170
171
165
129
133
114
136
181
118
185
122
189
149
130
193
208
197
169
160
173
218
164
225
168
229
231
232
148
198
208
152
133
212
174
137
178
256
134
258
263
138
150
268
271
234
230
238
280
190
239
194
291
295
201
205
304
191
273
267
282
258
276
248
280
252
267
284
256
230
206
234
229
351
238
355
316
245
360
365
366
364
322
256
326
339
263
345
349
270
347
307
347
311
403
354
315
316
284
366
320
288
291
421
295
425
427
429
426
433
374
439
357
398
361
382
402
365
334
406
369
410
373
414
369
377
381
421
385
355
425
429
375
409
433
413
491
437
417
441
401
382
405
386
448
390
452
456
518
460
422
464
426
468
531
472
540
476
419
544
480
423
551
553
487
557
491
559
508
562
512
523
475
573
479
577
580
440
584
584
554
447
546
593
559
554
597
521
558
601
511
570
605
515
571
616
575
624
583
583
552
587
638
639
642
509
513
536
605
543
612
665
669
632
636
676
636
680
681
566
644
605
574
648
578
589
657
593
563
557
567
627
571
668
575
672
579
602
676
606
728
732
607
736
594
611
685
740
615
689
699
630
703
755
634
630
759
634
718
722
665
777
669
781
789
711
793
715
724
722
728
726
732
730
675
679
821
825
829
836
833
837
840
793
841
797
797
801
762
764
766
857
768
734
861
772
738
776
742
871
780
746
875
784
801
747
805
758
775
762
779
914
918
923
884
927
888
892
844
848
949
952
953
956
958
960
962
964
860
968
864
913
830
917
834
983
987
990
914
994
997
918
998
1001
1002
1005
1006
935
1010
939
1014
900
946
904
950
908
891
895
1052
1056
1027
1031
971
975
979
981
985
989
993
997
1001
1005
976
1130
1134
1079
1083
1030
1034
1038
1161
1042
1165
1208
1086
1090
1094
1098
1283
1287
1195
1199
1329
1333
1221
1225
1413
1417
1370
1374
1378
1382
1386
1390
1394
1398
1402
1406
1410
1414
1418
1422
1426
1430
1434
1438
1442
1446
1450
1454
1458
1462
1466
1470
1474
1478
1482
1486
1490
1494
1498
1502
1506
1510
1668
1672
1617
1621
1575
1579
1720
1673
1677
1634
1638
1872
1876
1845
1849
1818
1822
1781
1785
12
27
28
40
40
42
46
48
53
52
62
62
64
69
72
72
78
81
37
85
92
46
94
96
101
102
10
108
14
112
37
116
118
41
124
128
129
133
6
140
140
110
148
149
154
156
155
164
127
166
118
99
176
178
87
123
187
127
131
194
135
198
67
205
110
114
210
80
219
84
149
85
230
234
234
235
237
241
243
250
113
177
258
256
262
192
232
176
275
138
185
244
189
149
157
153
220
202
301
182
171
308
171
277
175
204
331
335
335
339
339
339
301
310
346
314
314
351
355
318
314
223
314
230
318
328
376
378
332
383
385
246
391
341
395
356
345
281
403
318
410
369
322
414
323
313
419
317
425
350
312
395
294
358
442
404
408
382
408
412
386
412
422
461
463
385
411
467
435
428
419
347
479
423
404
427
486
431
446
435
368
439
502
372
401
508
510
405
512
481
485
489
527
488
531
484
423
462
488
427
466
477
421
459
551
425
463
452
477
427
456
427
567
488
571
492
574
488
449
492
592
498
466
565
470
506
499
607
510
503
556
612
618
622
546
568
575
574
572
536
557
580
552
516
550
591
520
518
524
618
522
528
572
573
577
581
636
578
582
691
650
586
695
699
658
656
662
606
660
666
618
580
670
622
584
674
626
588
678
588
592
682
592
599
603
611
615
619
763
767
767
688
771
738
742
778
749
645
753
757
653
797
761
767
661
765
771
769
811
682
773
815
686
777
756
781
763
731
834
735
718
838
722
804
808
853
812
857
816
861
820
824
868
735
878
739
834
882
841
832
836
896
840
851
900
844
858
848
862
918
922
856
860
850
944
854
948
878
882
957
961
967
965
971
969
897
973
901
979
977
861
983
981
865
987
985
868
991
989
872
995
993
876
999
997
880
1003
1001
884
1007
1005
888
975
1009
1028
979
1013
1032
1017
1000
1021
1004
1025
1045
1008
1029
1007
1012
1033
1011
1016
1037
1015
985
1041
984
989
997
988
993
992
961
1004
996
965
956
1000
960
1004
1008
1012
1016
1020
1024
1028
1032
1133
1137
1101
1105
1035
1039
1043
1047
1223
1227
1231
1149
1153
1119
1123
1127
1131
1238
1194
1198
1338
1342
1346
1316
1354
1320
1358
1289
1303
1293
1307
1297
1274
1264
1278
1268
1272
1276
1280
1342
1494
1498
1462
1466
1470
1433
1437
1596
1600
1604
1574
1578
1540
1544
1509
1513
1679
1683
1604
1608
1612
1616
1569
1573
12
27
28
40
40
42
46
48
53
52
64
70
72
73
76
82
17
85
91
95
103
106
70
111
115
78
26
131
63
131
138
140
143
146
148
150
153
152
157
157
166
169
124
108
128
94
69
180
98
184
138
149
196
198
89
205
205
205
159
213
172
163
221
220
130
227
229
182
235
172
146
176
243
193
247
153
157
257
205
161
264
200
213
272
270
276
213
280
277
215
285
293
222
227
297
302
256
228
263
311
232
267
280
252
284
249
279
282
253
257
287
235
291
343
239
257
353
323
361
327
365
271
285
365
302
289
369
379
376
388
387
380
392
384
395
388
392
396
372
400
418
404
372
422
376
426
412
429
430
416
400
370
420
404
374
373
428
378
382
404
454
458
411
462
415
411
450
415
454
396
458
431
486
489
438
446
493
442
454
507
484
512
488
515
516
495
482
499
486
503
444
532
448
536
510
486
540
514
490
544
518
460
548
522
464
526
555
561
559
522
565
563
569
567
573
533
571
577
575
512
541
579
583
549
535
510
533
539
514
543
518
536
582
586
546
550
588
592
592
599
600
604
655
608
659
612
627
670
616
631
620
581
677
683
589
687
596
649
647
715
657
668
719
664
670
643
674
731
672
676
665
680
747
684
672
751
689
755
675
693
759
700
684
770
688
707
774
697
701
787
705
791
728
795
801
805
803
743
807
747
811
756
819
763
827
767
798
850
809
854
764
810
786
768
793
875
800
879
804
838
842
842
846
849
821
806
814
837
843
821
848
930
864
941
909
913
917
878
921
963
925
970
889
974
893
978
897
982
901
905
990
909
994
913
998
917
1002
1009
1025
1016
1029
961
1039
965
1009
958
1013
1053
963
1057
967
1061
971
1065
975
1069
1069
979
1075
1073
983
1081
1042
1046
992
996
1094
1004
1011
1015
1012
1016
1020
1024
1024
1028
1032
1152
1156
1121
1162
1163
1125
1166
1167
1129
1170
1171
1174
1107
1178
1111
1182
1115
1186
1119
1190
1123
1194
1127
1198
1131
1202
1135
1206
1139
1210
1143
1214
1147
1218
1151
1222
1155
1226
1159
1230
1163
1234
1238
1171
1242
1175
1246
1179
1250
1254
1258
1262
1266
1270
1274
1278
1309
1282
1313
1286
1317
1290
1288
1294
1292
1256
1296
1260
1353
1306
1319
1323
1285
1289
1293
1433
1437
1441
1388
1392
1443
1444
1447
1448
1398
1452
1402
1511
1515
1447
1451
1566
1570
1574
1578
1546
1550
1647
1647
1651
1651
1569
1573
12
27
28
40
40
42
46
48
14
22
61
63
71
74
75
41
18
86
88
93
92
57
21
105
68
109
22
115
34
122
127
130
132
133
139
142
147
149
150
158
158
162
165
162
166
169
173
178
177
181
185
120
192
195
105
200
109
151
210
155
160
214
94
164
90
224
190
94
228
231
230
234
203
239
242
173
243
126
247
253
258
254
257
261
192
265
269
273
269
278
280
277
288
286
291
292
298
261
299
302
303
266
265
316
316
269
277
237
323
328
283
291
295
331
290
299
294
250
272
265
254
276
223
272
234
227
363
361
279
370
283
373
379
377
258
386
381
301
390
385
305
355
360
356
359
364
406
368
414
410
418
418
417
424
382
431
433
435
355
359
402
441
445
447
450
449
461
426
463
430
469
435
420
481
400
485
485
404
407
362
435
491
386
422
465
469
512
438
442
440
476
398
444
402
405
533
404
412
408
546
548
550
552
500
516
504
520
557
464
524
564
468
528
472
580
532
451
500
587
588
585
499
503
598
513
602
473
606
610
477
610
610
618
614
614
544
618
618
548
626
515
519
604
638
650
608
654
646
557
555
650
565
603
563
569
610
573
676
577
680
673
632
687
644
636
691
648
607
695
571
611
699
575
663
710
582
667
586
717
721
725
732
729
611
697
618
701
699
669
755
703
673
759
707
722
659
726
663
777
667
667
717
671
671
721
789
675
791
793
795
716
799
724
807
775
779
826
783
830
787
728
795
736
763
767
856
859
816
863
820
867
790
871
794
875
839
843
888
844
847
850
848
810
854
852
814
825
856
818
829
860
833
800
804
808
934
938
908
912
953
884
922
888
836
929
840
900
844
904
983
862
987
866
944
996
948
999
1000
902
1003
906
940
973
944
981
948
942
916
946
920
1009
1013
1073
1077
1008
1081
1012
1085
1016
1089
1096
981
1093
1100
985
1097
1104
989
1101
1066
993
1105
1070
997
1109
1113
1003
1006
1007
1010
1038
1013
1042
1017
1008
1021
1145
1012
1149
1117
1121
1066
1070
1195
1199
1084
1203
1088
1091
1092
1095
1096
1252
1256
1218
1222
1190
1231
1194
1235
1239
1243
1247
1251
1255
1259
1308
1206
1312
1210
1332
1336
1280
1284
1237
1241
1245
1249
1403
1407
1411
1378
1382
1319
1323
1433
1327
1437
1331
1407
1411
1376
1380
1486
1490
1437
1441
1406
1410
1525
1529
1533
1576
1537
1541
1648
1585
1589
1536
1540
12
27
28
40
40
42
46
48
59
64
71
71
72
79
83
87
88
88
94
95
94
101
103
104
38
111
28
116
118
123
124
134
132
135
141
142
146
108
150
150
154
159
160
92
105
96
79
173
115
133
139
181
186
118
191
122
195
203
98
102
210
211
172
171
220
176
139
177
228
228
181
237
152
198
241
155
248
252
252
252
168
256
261
264
265
269
271
205
273
282
213
284
290
288
292
227
300
258
304
309
310
308
317
318
317
325
321
329
325
336
298
341
248
302
348
256
271
319
260
323
360
362
364
284
319
368
372
375
245
348
333
343
347
383
351
361
336
355
324
274
407
278
369
414
417
353
421
387
382
357
391
386
353
390
358
327
445
362
331
449
366
414
457
459
463
379
426
467
430
472
376
475
479
479
483
383
483
404
487
492
491
398
413
450
417
405
458
409
513
462
519
519
466
409
430
527
413
488
540
453
547
511
551
515
462
555
442
557
522
459
567
526
482
535
481
539
584
543
485
547
554
489
516
558
520
607
524
528
492
540
496
511
548
515
519
555
642
642
646
650
659
663
620
664
624
668
678
628
672
682
632
676
586
680
690
590
684
694
688
643
692
647
696
586
700
590
660
664
726
668
730
638
675
642
740
679
744
683
714
687
750
718
691
659
722
695
726
699
767
730
703
771
734
707
715
738
711
719
742
715
723
705
719
671
709
688
675
674
692
711
678
715
682
719
686
723
690
727
694
731
698
735
835
702
739
839
706
743
843
747
847
751
818
755
822
759
826
771
766
775
770
774
778
782
786
790
903
794
907
798
871
802
875
806
810
814
818
890
950
858
954
954
958
902
867
906
849
850
853
854
858
860
867
996
902
1000
953
963
967
889
971
893
903
900
907
904
989
1042
1046
985
969
989
973
948
952
946
950
954
958
962
966
970
1112
1026
1125
1064
1068
1091
1095
1099
1055
1059
1168
1172
1175
1096
1179
1100
1138
1114
1104
1142
1118
1108
1146
1122
1112
1104
1126
1108
1130
1078
1134
1082
1086
1226
1230
1235
1234
1239
1193
1243
1197
1175
1247
1151
1179
1251
1155
1255
1141
1159
1259
1145
1163
1220
1224
1281
1285
1252
1256
1224
1228
1305
1241
1245
1402
1406
1330
1334
1466
1470
1474
1437
1441
1509
1480
1484
1449
1453
1610
1614
1618
1622
1641
1645
1614
1618
1690
1694
1698
1665
1669
1673
1677
1681
1685
1689
1639
1643
22
26
26
35
42
44
48
50
53
65
65
68
74
74
81
82
85
86
89
93
58
96
62
106
111
110
116
118
79
130
83
133
87
140
54
49
146
149
153
153
156
159
27
76
167
69
171
127
73
175
131
43
90
187
190
143
191
194
102
106
202
204
206
173
177
130
216
222
221
167
226
226
232
236
202
156
243
160
248
253
252
254
256
174
261
260
269
264
243
273
247
281
251
291
285
255
256
296
255
260
227
308
263
231
278
318
282
280
322
286
188
192
330
281
273
340
277
344
291
232
275
317
236
274
314
307
318
293
279
257
283
380
261
251
336
388
255
340
398
280
405
368
284
409
288
360
379
383
419
296
346
344
350
431
346
316
350
360
323
328
415
335
419
459
464
464
468
429
468
400
425
436
479
432
493
394
501
500
504
370
504
513
396
417
517
400
521
388
525
408
476
480
487
555
491
555
447
526
487
530
491
454
474
575
437
481
581
582
551
450
558
558
562
562
601
566
521
605
570
539
529
574
489
581
493
631
633
635
637
528
646
532
650
653
654
657
658
661
662
621
616
666
671
620
597
624
593
592
626
596
630
690
646
585
650
589
654
623
658
714
662
630
718
666
634
680
670
638
684
674
642
589
678
646
593
647
651
749
609
753
613
757
761
692
729
696
733
699
698
703
702
655
706
659
663
797
667
702
805
706
746
710
750
754
758
831
762
835
766
838
839
770
842
724
774
801
728
744
805
748
809
874
878
882
886
890
894
898
914
840
844
925
805
929
809
933
937
903
945
911
953
879
911
887
843
920
926
850
933
861
865
865
869
873
1010
1014
1020
1018
1024
1022
1028
1026
998
1030
995
1002
1034
999
963
1038
963
967
1042
967
920
1046
1059
924
1050
1063
1054
954
1058
958
1062
962
1066
1081
1070
1085
1074
1050
1090
1078
1054
1094
1082
1023
1098
1086
1027
1069
1090
978
1073
1094
982
1036
1010
986
1040
1014
1044
1130
1048
1134
1101
1143
1105
1147
1075
1027
1079
1031
1083
1035
1045
1049
1042
1046
1203
1207
1211
1166
1170
1134
1138
1142
1125
1129
1254
1131
1258
1135
1264
1163
1139
1268
1167
1237
1137
1241
1141
1179
1145
1183
1149
1309
1313
1271
1271
1275
1275
1279
1279
1283
1283
1287
1287
1209
1203
1213
1207
1211
1215
1219
1395
1399
1277
1281
1423
1427
1431
1398
1402
1366
1370
1374
1378
1382
1386
1390
1551
1555
1521
1525
1494
1498
1655
1659
22
26
26
35
42
44
48
50
62
62
63
67
70
75
77
81
82
86
86
38
93
93
47
46
8
108
108
12
16
115
118
121
25
128
29
131
139
143
150
149
152
49
156
91
164
163
168
62
175
175
179
72
186
76
187
135
196
196
139
89
203
111
213
213
115
179
217
119
183
224
229
230
197
233
173
177
204
139
246
252
252
259
259
224
265
228
230
276
275
277
282
283
188
250
220
161
257
268
232
169
247
214
189
251
179
255
197
259
190
289
338
296
340
342
292
304
207
352
212
322
359
280
313
330
287
377
383
384
384
245
388
395
350
252
256
404
407
408
411
364
371
418
419
379
422
324
383
328
431
390
437
435
446
402
452
349
456
456
353
423
321
427
427
325
407
328
329
411
479
441
483
387
341
421
499
385
503
504
389
470
414
451
474
455
521
524
410
414
416
537
420
494
466
498
470
548
454
474
552
426
513
517
515
467
521
569
576
537
528
580
532
583
528
536
587
532
485
556
489
466
569
473
603
502
573
504
581
486
582
535
490
534
539
520
538
508
576
534
546
641
550
596
541
527
603
656
607
660
516
619
666
615
623
670
619
573
623
580
631
688
635
693
692
639
697
696
643
701
704
647
705
708
585
709
672
589
713
676
593
680
646
684
646
732
654
650
679
620
683
624
630
754
752
638
758
756
645
760
649
764
768
772
776
780
794
754
743
745
716
747
749
720
710
714
821
823
825
827
769
788
833
792
837
728
780
764
732
749
768
736
753
772
776
746
863
750
867
833
837
814
774
759
778
892
763
782
896
900
902
865
904
906
823
865
816
827
869
820
782
831
824
786
835
828
797
883
887
805
891
809
895
813
854
858
961
964
968
936
974
940
978
906
919
910
923
877
927
996
881
931
1000
885
935
1004
889
869
1008
893
873
1012
897
1016
901
1020
905
1024
909
995
913
999
1043
917
939
1047
921
943
995
925
999
929
933
937
1105
1109
1049
1053
1014
1018
1122
1126
1130
1134
1138
1142
1192
1146
1196
1200
1165
1169
1133
1137
1141
1106
1110
1242
1114
1246
1118
1203
1255
1207
1259
1172
1263
1176
1267
1145
1149
1202
1153
1206
1156
1160
1399
1403
1342
1346
1294
1298
1369
1373
1324
1328
1557
1561
1464
1468
1579
1535
1539
1820
1824
1826
1794
1830
1798
1834
1806
1808
1770
1812
1774
1774
1778
1778
1782
1786
1753
1757
22
26
26
35
42
44
48
50
62
62
63
67
70
33
74
37
78
85
87
87
96
97
97
104
108
111
111
119
121
125
127
129
88
53
138
139
102
144
66
150
152
153
156
159
162
160
164
168
170
174
172
174
178
182
183
128
150
190
132
154
198
158
198
202
207
209
210
211
213
215
219
217
221
225
228
225
233
193
229
197
236
133
247
240
249
142
256
255
260
260
268
272
272
188
192
278
280
284
285
293
296
240
301
263
309
277
271
316
281
279
322
247
251
284
334
280
291
284
295
288
288
299
292
352
266
310
270
251
314
368
318
372
322
376
326
339
380
330
343
300
391
352
397
364
314
358
318
304
373
322
377
326
384
330
314
334
318
395
338
329
342
333
407
447
451
453
455
457
398
459
402
464
424
372
399
476
403
399
480
434
433
416
437
448
420
388
502
428
461
506
510
472
481
476
406
485
440
414
482
531
526
535
453
530
493
534
538
554
542
444
490
546
562
550
567
470
554
574
558
539
578
562
543
582
566
513
570
522
517
578
598
504
607
515
566
540
596
527
600
582
632
608
586
612
640
543
644
562
566
550
571
554
558
579
620
562
667
569
566
573
674
577
631
629
633
585
581
695
606
699
613
666
670
621
674
712
625
681
719
654
685
619
658
689
623
662
644
648
745
652
749
643
718
720
722
724
738
728
742
672
746
676
750
680
754
758
792
762
796
731
800
802
735
806
739
769
773
777
826
781
830
785
796
789
800
793
797
801
858
805
862
809
831
763
871
835
767
875
839
771
879
843
775
822
847
779
826
851
794
817
858
798
821
816
802
825
820
829
915
824
919
923
927
931
866
942
870
946
874
884
888
884
892
888
892
977
896
989
903
993
907
953
911
957
915
903
919
907
923
1016
927
1025
934
1029
1033
942
946
1005
950
1009
954
958
962
966
1026
970
1030
974
1034
978
996
982
1000
986
1004
990
994
1101
998
1058
1002
1062
1006
1018
1010
1022
1014
1051
1018
1086
1090
1169
1173
1143
1147
1151
1122
1126
1094
1098
1102
1341
1345
1284
1353
1288
1357
1327
1331
1275
1279
1283
1427
1431
1435
1438
1439
1442
1443
1403
1447
1407
1451
1411
1379
1382
1383
1386
1390
1394
1398
1487
1402
1492
1491
1496
1453
1442
1457
1446
1419
1423
1551
1555
1491
1495
1590
1594
1520
1524
1892
1896
1843
1847
1812
1816
2098
2102
2068
2072
