5 1.4
10 5.8
15 8
20 9.8
25 9.2
30 7.4
35 9.6
40 9.6
45 5.8
50 9.8
55 2.8
60 2.4
65 3
70 1.4
75 2.2
80 1.2
85 1.2
90 2
95 1
100 1
105 1
110 0.6
115 0.8
120 0.8
125 0.4
130 0
135 0.4
140 0.4
145 0.4
150 0
155 0
160 0
165 0.2
170 0.4
175 0
180 0
185 0
190 0
195 0
200 0
205 0
210 0
215 0
220 0
225 0
230 0
235 0
240 0
245 0
250 0
255 0
260 0
265 0
270 0
275 0
280 0
285 0
290 0
295 0
300 0
305 0
310 0
315 0
320 0
325 0
330 0
335 0
340 0
345 0
350 0
355 0
360 0
365 0
370 0
375 0
380 0
385 0
390 0
395 0
400 0
405 0
410 0
415 0
420 0
425 0
430 0
435 0
440 0
445 0
450 0
455 0
460 0
465 0
470 0
475 0
480 0
485 0
490 0
495 0
166 0
5 0.8
10 5.4
15 7.6
20 9.6
25 6.8
30 6.6
35 6.2
40 8.4
45 7.4
50 6
55 4
60 3.2
65 2.8
70 1.4
75 3
80 1.6
85 2.8
90 2
95 1.8
100 1.2
105 1.2
110 1.2
115 1.2
120 0.6
125 1
130 0.6
135 0.6
140 1.2
145 0.2
150 0.4
155 0.2
160 0.6
165 0.2
170 0.4
175 0
180 0.2
185 0.2
190 0.2
195 0.2
200 0.2
205 0
210 0.2
215 0
220 0.2
225 0
230 0.4
235 0
240 0
245 0
250 0
255 0
260 0
265 0
270 0
275 0
280 0
285 0
290 0
295 0
300 0
305 0
310 0
315 0
320 0
325 0
330 0
335 0
340 0
345 0
350 0
355 0
360 0
365 0
370 0
375 0
380 0
385 0
390 0
395 0
400 0
405 0
410 0
415 0
420 0
425 0
430 0
435 0
440 0
445 0
450 0
455 0
460 0
465 0
470 0
475 0
480 0
485 0
490 0
495 0
227 0
5 1.6
10 6.2
15 7.4
20 9.6
25 9
30 7.2
35 10.6
40 8.4
45 6.4
50 6.6
55 3.8
60 3.6
65 2.6
70 2.8
75 1.4
80 1.2
85 1.6
90 1.6
95 1
100 0.8
105 0.6
110 1
115 0.6
120 0.6
125 0.8
130 0.2
135 0.6
140 0.6
145 0.2
150 0.2
155 0.2
160 0
165 0
170 0.2
175 0
180 0
185 0.4
190 0
195 0.2
200 0.2
205 0
210 0
215 0
220 0
225 0
230 0
235 0
240 0
245 0
250 0
255 0
260 0
265 0
270 0
275 0
280 0
285 0
290 0
295 0
300 0
305 0
310 0
315 0
320 0
325 0
330 0
335 0
340 0
345 0
350 0
355 0
360 0
365 0
370 0
375 0
380 0
385 0
390 0
395 0
400 0
405 0
410 0
415 0
420 0
425 0
430 0
435 0
440 0
445 0
450 0
455 0
460 0
465 0
470 0
475 0
480 0
485 0
490 0
495 0
196 0
5 1.8
10 10.2
15 7.2
20 8
25 10.8
30 8.8
35 11
40 8
45 6.2
50 7.4
55 3.8
60 3.6
65 2
70 2.8
75 1.6
80 0.6
85 0.4
90 0.4
95 0.6
100 0.8
105 1
110 0.2
115 0.4
120 0.6
125 0.6
130 0
135 0.6
140 0.2
145 0.2
150 0
155 0
160 0.2
165 0
170 0
175 0
180 0
185 0
190 0
195 0
200 0
205 0
210 0
215 0
220 0
225 0
230 0
235 0
240 0
245 0
250 0
255 0
260 0
265 0
270 0
275 0
280 0
285 0
290 0
295 0
300 0
305 0
310 0
315 0
320 0
325 0
330 0
335 0
340 0
345 0
350 0
355 0
360 0
365 0
370 0
375 0
380 0
385 0
390 0
395 0
400 0
405 0
410 0
415 0
420 0
425 0
430 0
435 0
440 0
445 0
450 0
455 0
460 0
465 0
470 0
475 0
480 0
485 0
490 0
495 0
159 0
5 1.6
10 10.2
15 11
20 12
25 11.6
30 9.4
35 8.4
40 8.8
45 5.6
50 4.4
55 3
60 3
65 1.8
70 1.8
75 1.6
80 1.2
85 0.6
90 0.6
95 0.8
100 0.2
105 0.2
110 0.4
115 0
120 0.2
125 1
130 0
135 0.2
140 0.2
145 0.2
150 0
155 0
160 0
165 0
170 0
175 0
180 0
185 0
190 0
195 0
200 0
205 0
210 0
215 0
220 0
225 0
230 0
235 0
240 0
245 0
250 0
255 0
260 0
265 0
270 0
275 0
280 0
285 0
290 0
295 0
300 0
305 0
310 0
315 0
320 0
325 0
330 0
335 0
340 0
345 0
350 0
355 0
360 0
365 0
370 0
375 0
380 0
385 0
390 0
395 0
400 0
405 0
410 0
415 0
420 0
425 0
430 0
435 0
440 0
445 0
450 0
455 0
460 0
465 0
470 0
475 0
480 0
485 0
490 0
495 0
140 0
5 2.2
10 8.4
15 10.8
20 8
25 10
30 7.2
35 9.8
40 7.6
45 7
50 5.6
55 4.2
60 3.6
65 1.4
70 2.4
75 3
80 1.4
85 1
90 0.4
95 1.4
100 1.2
105 0.6
110 0.2
115 0.4
120 0.2
125 0
130 0
135 0.4
140 0.6
145 0.2
150 0.2
155 0.2
160 0
165 0
170 0.2
175 0
180 0
185 0
190 0
195 0
200 0
205 0
210 0
215 0
220 0
225 0.2
230 0
235 0
240 0
245 0
250 0
255 0
260 0
265 0
270 0
275 0
280 0
285 0
290 0
295 0
300 0
305 0
310 0
315 0
320 0
325 0
330 0
335 0
340 0
345 0
350 0
355 0
360 0
365 0
370 0
375 0
380 0
385 0
390 0
395 0
400 0
405 0
410 0
415 0
420 0
425 0
430 0
435 0
440 0
445 0
450 0
455 0
460 0
465 0
470 0
475 0
480 0
485 0
490 0
495 0
222 0
5 3
10 11
15 9.2
20 7.6
25 7.8
30 9.8
35 7.6
40 10.4
45 6
50 5
55 2.6
60 4.6
65 2.8
70 2.4
75 1.8
80 1.2
85 1.8
90 1.2
95 0.4
100 1.2
105 0.2
110 1
115 0.2
120 0
125 0.2
130 0.2
135 0
140 0
145 0
150 0
155 0.2
160 0
165 0
170 0
175 0
180 0
185 0.2
190 0.2
195 0
200 0
205 0
210 0.2
215 0
220 0
225 0
230 0
235 0
240 0
245 0
250 0
255 0
260 0
265 0
270 0
275 0
280 0
285 0
290 0
295 0
300 0
305 0
310 0
315 0
320 0
325 0
330 0
335 0
340 0
345 0
350 0
355 0
360 0
365 0
370 0
375 0
380 0
385 0
390 0
395 0
400 0
405 0
410 0
415 0
420 0
425 0
430 0
435 0
440 0
445 0
450 0
455 0
460 0
465 0
470 0
475 0
480 0
485 0
490 0
495 0
206 0
5 2.6
10 7.8
15 8
20 9.4
25 9
30 10
35 10
40 9.8
45 7.8
50 5
55 2.6
60 2.4
65 2.8
70 1.4
75 3
80 1.4
85 0.6
90 1.4
95 1.2
100 1.2
105 0.6
110 0.6
115 0.2
120 0.2
125 0
130 0
135 0.2
140 0.2
145 0.2
150 0
155 0
160 0
165 0
170 0
175 0
180 0
185 0.2
190 0.2
195 0
200 0
205 0
210 0
215 0
220 0
225 0
230 0
235 0
240 0
245 0
250 0
255 0
260 0
265 0
270 0
275 0
280 0
285 0
290 0
295 0
300 0
305 0
310 0
315 0
320 0
325 0
330 0
335 0
340 0
345 0
350 0
355 0
360 0
365 0
370 0
375 0
380 0
385 0
390 0
395 0
400 0
405 0
410 0
415 0
420 0
425 0
430 0
435 0
440 0
445 0
450 0
455 0
460 0
465 0
470 0
475 0
480 0
485 0
490 0
495 0
186 0
5 1.6
10 7.8
15 8
20 7.2
25 11.2
30 9.8
35 9.6
40 7.6
45 8.8
50 6.8
55 5.6
60 2.8
65 2.4
70 1.2
75 1.8
80 1.8
85 1.6
90 1
95 1
100 0.2
105 0.6
110 0.4
115 0.8
120 0
125 0
130 0.4
135 0
140 0
145 0
150 0
155 0
160 0
165 0
170 0
175 0
180 0
185 0
190 0
195 0
200 0
205 0
210 0
215 0
220 0
225 0
230 0
235 0
240 0
245 0
250 0
255 0
260 0
265 0
270 0
275 0
280 0
285 0
290 0
295 0
300 0
305 0
310 0
315 0
320 0
325 0
330 0
335 0
340 0
345 0
350 0
355 0
360 0
365 0
370 0
375 0
380 0
385 0
390 0
395 0
400 0
405 0
410 0
415 0
420 0
425 0
430 0
435 0
440 0
445 0
450 0
455 0
460 0
465 0
470 0
475 0
480 0
485 0
490 0
495 0
129 0
5 2
10 10.2
15 10.2
20 7.2
25 8.6
30 11.4
35 9.6
40 9.2
45 8.2
50 4.4
55 2.8
60 3
65 3
70 1.4
75 1
80 1.2
85 0.8
90 1.2
95 1.2
100 0.2
105 0.4
110 0.2
115 0.2
120 0
125 0.4
130 0.2
135 0
140 0.4
145 0
150 0.2
155 0
160 0.2
165 0
170 0.2
175 0.2
180 0
185 0.2
190 0
195 0.4
200 0
205 0
210 0
215 0
220 0
225 0
230 0
235 0
240 0
245 0
250 0
255 0
260 0
265 0
270 0
275 0
280 0
285 0
290 0
295 0
300 0
305 0
310 0
315 0
320 0
325 0
330 0
335 0
340 0
345 0
350 0
355 0
360 0
365 0
370 0
375 0
380 0
385 0
390 0
395 0
400 0
405 0
410 0
415 0
420 0
425 0
430 0
435 0
440 0
445 0
450 0
455 0
460 0
465 0
470 0
475 0
480 0
485 0
490 0
495 0
194 0
5 0.6
10 5.2
15 8.8
20 12.4
25 9.8
30 9.6
35 8
40 9.4
45 8.4
50 9.4
55 3.6
60 2.6
65 2
70 2.6
75 1.2
80 1
85 2
90 1.2
95 0.4
100 0.6
105 0
110 0.4
115 0.4
120 0
125 0.4
130 0
135 0
140 0
145 0
150 0
155 0
160 0
165 0
170 0
175 0
180 0
185 0
190 0
195 0
200 0
205 0
210 0
215 0
220 0
225 0
230 0
235 0
240 0
245 0
250 0
255 0
260 0
265 0
270 0
275 0
280 0
285 0
290 0
295 0
300 0
305 0
310 0
315 0
320 0
325 0
330 0
335 0
340 0
345 0
350 0
355 0
360 0
365 0
370 0
375 0
380 0
385 0
390 0
395 0
400 0
405 0
410 0
415 0
420 0
425 0
430 0
435 0
440 0
445 0
450 0
455 0
460 0
465 0
470 0
475 0
480 0
485 0
490 0
495 0
123 0
5 2.4
10 8.2
15 9.4
20 6.2
25 9.4
30 10.4
35 9.8
40 8.6
45 7.4
50 5.4
55 4.2
60 3.4
65 3.6
70 2.6
75 1.4
80 2.2
85 1.4
90 1.6
95 0.6
100 0.2
105 0
110 0.6
115 0.2
120 0.4
125 0.2
130 0.2
135 0
140 0
145 0
150 0
155 0
160 0
165 0
170 0
175 0
180 0
185 0
190 0
195 0
200 0
205 0
210 0
215 0
220 0
225 0
230 0
235 0
240 0
245 0
250 0
255 0
260 0
265 0
270 0
275 0
280 0
285 0
290 0
295 0
300 0
305 0
310 0
315 0
320 0
325 0
330 0
335 0
340 0
345 0
350 0
355 0
360 0
365 0
370 0
375 0
380 0
385 0
390 0
395 0
400 0
405 0
410 0
415 0
420 0
425 0
430 0
435 0
440 0
445 0
450 0
455 0
460 0
465 0
470 0
475 0
480 0
485 0
490 0
495 0
125 0
5 1
10 6.6
15 8.4
20 10.8
25 8.4
30 8
35 7.2
40 6.6
45 6.2
50 8.4
55 6
60 2.8
65 2.2
70 2.8
75 2
80 1.8
85 1.4
90 1.4
95 0.8
100 1.8
105 0.4
110 0.6
115 0.8
120 1.4
125 0.4
130 0.6
135 0.2
140 0.2
145 0
150 0
155 0.4
160 0
165 0
170 0
175 0
180 0.2
185 0
190 0
195 0.2
200 0
205 0
210 0
215 0
220 0
225 0
230 0
235 0
240 0
245 0
250 0
255 0
260 0
265 0
270 0
275 0
280 0
285 0
290 0
295 0
300 0
305 0
310 0
315 0
320 0
325 0
330 0
335 0
340 0
345 0
350 0
355 0
360 0
365 0
370 0
375 0
380 0
385 0
390 0
395 0
400 0
405 0
410 0
415 0
420 0
425 0
430 0
435 0
440 0
445 0
450 0
455 0
460 0
465 0
470 0
475 0
480 0
485 0
490 0
495 0
190 0
5 1.8
10 7
15 8.6
20 8.2
25 9
30 9.2
35 8.4
40 10.4
45 11.4
50 4.2
55 3.6
60 2.4
65 1.2
70 2.6
75 2.2
80 2.4
85 0.8
90 1
95 0.8
100 1.6
105 0.4
110 0.2
115 0.2
120 0.2
125 0
130 0
135 0.2
140 0.4
145 0.4
150 0.2
155 0
160 0.2
165 0
170 0
175 0.2
180 0
185 0.2
190 0
195 0
200 0
205 0.2
210 0
215 0
220 0.2
225 0
230 0
235 0
240 0
245 0
250 0
255 0
260 0
265 0
270 0
275 0
280 0
285 0
290 0
295 0
300 0
305 0
310 0
315 0
320 0
325 0
330 0
335 0
340 0
345 0
350 0
355 0
360 0
365 0
370 0
375 0
380 0
385 0
390 0
395 0
400 0
405 0
410 0
415 0
420 0
425 0
430 0
435 0
440 0
445 0
450 0
455 0
460 0
465 0
470 0
475 0
480 0
485 0
490 0
495 0
218 0
5 1.6
10 7.6
15 8.6
20 9
25 9
30 8.6
35 9
40 9.6
45 7.2
50 6.4
55 2.8
60 2.2
65 2.8
70 1.2
75 1.4
80 1.2
85 2
90 0.8
95 1.8
100 1.8
105 0.4
110 0.4
115 0.6
120 0.6
125 0.2
130 0.4
135 0.2
140 0.2
145 0.4
150 0.4
155 0.6
160 0.6
165 0.4
170 0
175 0
180 0
185 0
190 0
195 0
200 0
205 0
210 0
215 0
220 0
225 0
230 0
235 0
240 0
245 0
250 0
255 0
260 0
265 0
270 0
275 0
280 0
285 0
290 0
295 0
300 0
305 0
310 0
315 0
320 0
325 0
330 0
335 0
340 0
345 0
350 0
355 0
360 0
365 0
370 0
375 0
380 0
385 0
390 0
395 0
400 0
405 0
410 0
415 0
420 0
425 0
430 0
435 0
440 0
445 0
450 0
455 0
460 0
465 0
470 0
475 0
480 0
485 0
490 0
495 0
163 0
