5 0.72
10 2.72
15 3.02
20 3.3
25 3.14
30 2.72
35 3
40 2.56
45 2.28
50 2.86
55 3.22
60 3.12
65 2.94
70 3.02
75 2.16
80 1.98
85 1.36
90 1.56
95 1.08
100 1.34
105 1.12
110 1.04
115 0.84
120 1
125 0.88
130 0.78
135 0.92
140 0.78
145 0.5
150 0.68
155 0.62
160 0.68
165 0.76
170 0.54
175 0.46
180 0.4
185 0.42
190 0.54
195 0.4
200 0.64
205 0.4
210 0.46
215 0.3
220 0.28
225 0.32
230 0.42
235 0.32
240 0.42
245 0.42
250 0.28
255 0.34
260 0.22
265 0.2
270 0.36
275 0.3
280 0.44
285 0.22
290 0.34
295 0.22
300 0.12
305 0.26
310 0.18
315 0.24
320 0.28
325 0.36
330 0.22
335 0.16
340 0.22
345 0.12
350 0.24
355 0.16
360 0.34
365 0.2
370 0.08
375 0.28
380 0.14
385 0.2
390 0.14
395 0.18
400 0.18
405 0.12
410 0.14
415 0.18
420 0.18
425 0.22
430 0.14
435 0.18
440 0.16
445 0.12
450 0.1
455 0.1
460 0.26
465 0.12
470 0.12
475 0.16
480 0.12
485 0.12
490 0.1
495 0.16
11029 24.54
5 0.58
10 2.76
15 2.84
20 2.84
25 2.64
30 3.28
35 3.26
40 2.34
45 1.9
50 3.12
55 2.9
60 2.84
65 2.64
70 3.38
75 2.54
80 1.54
85 1.24
90 1.42
95 1.22
100 0.86
105 1.4
110 1.3
115 0.82
120 0.88
125 0.88
130 0.7
135 0.56
140 0.84
145 0.78
150 0.74
155 0.62
160 0.74
165 0.62
170 0.32
175 0.48
180 0.6
185 0.6
190 0.46
195 0.4
200 0.62
205 0.22
210 0.42
215 0.38
220 0.5
225 0.32
230 0.36
235 0.42
240 0.36
245 0.32
250 0.26
255 0.48
260 0.32
265 0.22
270 0.38
275 0.36
280 0.22
285 0.26
290 0.34
295 0.22
300 0.12
305 0.34
310 0.3
315 0.24
320 0.12
325 0.36
330 0.22
335 0.14
340 0.28
345 0.28
350 0.24
355 0.2
360 0.16
365 0.22
370 0.14
375 0.2
380 0.16
385 0.2
390 0.18
395 0.18
400 0.12
405 0.2
410 0.22
415 0.12
420 0.16
425 0.18
430 0.1
435 0.1
440 0.16
445 0.12
450 0.18
455 0.16
460 0.1
465 0.2
470 0.04
475 0.14
480 0.1
485 0.14
490 0.18
495 0.08
19241 26.06
5 0.56
10 3.16
15 2.7
20 3.38
25 3.5
30 3.28
35 3.28
40 2.76
45 2.6
50 2.8
55 3.2
60 3.32
65 3.54
70 3.36
75 2.52
80 1.58
85 1.28
90 1.24
95 1.22
100 1.4
105 1.4
110 1.32
115 0.9
120 0.66
125 0.7
130 0.8
135 0.78
140 0.76
145 0.98
150 0.6
155 0.64
160 0.52
165 0.44
170 0.6
175 0.36
180 0.72
185 0.5
190 0.42
195 0.5
200 0.32
205 0.52
210 0.3
215 0.4
220 0.34
225 0.58
230 0.36
235 0.34
240 0.38
245 0.34
250 0.3
255 0.22
260 0.44
265 0.4
270 0.22
275 0.28
280 0.3
285 0.3
290 0.24
295 0.14
300 0.4
305 0.2
310 0.24
315 0.3
320 0.28
325 0.16
330 0.22
335 0.28
340 0.16
345 0.28
350 0.22
355 0.28
360 0.14
365 0.14
370 0.22
375 0.16
380 0.16
385 0.26
390 0.18
395 0.14
400 0.2
405 0.14
410 0.18
415 0.16
420 0.2
425 0.12
430 0.18
435 0.12
440 0.14
445 0.08
450 0.2
455 0.16
460 0.12
465 0.14
470 0.14
475 0.08
480 0.1
485 0.22
490 0.12
495 0.08
12773 21.7
5 0.52
10 2.76
15 3.02
20 3.12
25 3.26
30 3.16
35 3.12
40 2.72
45 2.6
50 2.48
55 3.1
60 3.16
65 3.08
70 3.14
75 2.6
80 1.84
85 1.46
90 1.2
95 1.44
100 1.36
105 1.02
110 1.08
115 0.98
120 0.92
125 0.72
130 0.78
135 0.74
140 0.8
145 0.68
150 0.68
155 0.58
160 0.76
165 0.44
170 0.46
175 0.54
180 0.54
185 0.52
190 0.42
195 0.58
200 0.38
205 0.4
210 0.34
215 0.42
220 0.5
225 0.32
230 0.48
235 0.3
240 0.3
245 0.2
250 0.3
255 0.28
260 0.28
265 0.36
270 0.3
275 0.24
280 0.24
285 0.08
290 0.32
295 0.22
300 0.26
305 0.22
310 0.26
315 0.24
320 0.12
325 0.16
330 0.18
335 0.26
340 0.22
345 0.16
350 0.1
355 0.18
360 0.2
365 0.14
370 0.12
375 0.24
380 0.1
385 0.18
390 0.1
395 0.12
400 0.12
405 0.18
410 0.1
415 0.24
420 0.04
425 0.18
430 0.1
435 0.06
440 0.12
445 0.1
450 0.16
455 0.14
460 0.06
465 0.1
470 0.12
475 0.08
480 0.1
485 0.14
490 0.12
495 0.1
11217 25.44
5 0.5
10 2.18
15 2.44
20 2.48
25 3.14
30 2.08
35 1.96
40 2.14
45 2.06
50 2.28
55 2.4
60 2.78
65 2.32
70 2.1
75 2.06
80 1.5
85 1.16
90 1.38
95 1.04
100 0.94
105 0.74
110 0.86
115 0.76
120 0.52
125 0.94
130 0.58
135 0.68
140 0.5
145 0.44
150 0.46
155 0.44
160 0.5
165 0.5
170 0.58
175 0.38
180 0.38
185 0.38
190 0.4
195 0.42
200 0.34
205 0.5
210 0.34
215 0.28
220 0.34
225 0.32
230 0.24
235 0.3
240 0.42
245 0.36
250 0.24
255 0.18
260 0.22
265 0.28
270 0.32
275 0.18
280 0.32
285 0.38
290 0.2
295 0.18
300 0.12
305 0.24
310 0.2
315 0.14
320 0.44
325 0.2
330 0.18
335 0.24
340 0.1
345 0.16
350 0.2
355 0.2
360 0.24
365 0.16
370 0.2
375 0.18
380 0.08
385 0.16
390 0.18
395 0.14
400 0.16
405 0.2
410 0.18
415 0.08
420 0.1
425 0.14
430 0.1
435 0.16
440 0.14
445 0.24
450 0.12
455 0.02
460 0.2
465 0.08
470 0.1
475 0.08
480 0.18
485 0.22
490 0.04
495 0.2
29979 38.16
5 0.58
10 2.16
15 2.14
20 2.48
25 2.46
30 2.52
35 2.64
40 2.06
45 1.98
50 2.32
55 2.14
60 2.02
65 2.68
70 2.92
75 1.94
80 1.52
85 1.54
90 1.12
95 0.82
100 1.16
105 1.36
110 0.8
115 0.64
120 0.78
125 0.84
130 0.48
135 0.74
140 0.72
145 0.7
150 0.52
155 0.44
160 0.54
165 0.54
170 0.5
175 0.58
180 0.62
185 0.42
190 0.3
195 0.38
200 0.32
205 0.48
210 0.44
215 0.48
220 0.42
225 0.32
230 0.26
235 0.28
240 0.32
245 0.38
250 0.36
255 0.28
260 0.4
265 0.22
270 0.18
275 0.16
280 0.26
285 0.38
290 0.34
295 0.26
300 0.28
305 0.16
310 0.1
315 0.2
320 0.2
325 0.32
330 0.28
335 0.16
340 0.2
345 0.1
350 0.12
355 0.18
360 0.12
365 0.28
370 0.2
375 0.14
380 0.18
385 0.1
390 0.1
395 0.22
400 0.16
405 0.22
410 0.14
415 0.16
420 0.1
425 0.1
430 0.2
435 0.08
440 0.16
445 0.12
450 0.18
455 0.12
460 0.1
465 0.14
470 0.14
475 0.08
480 0.12
485 0.14
490 0.12
495 0.08
19925 36.06
5 0.24
10 1.08
15 1.12
20 0.98
25 1.3
30 0.92
35 1.22
40 0.94
45 0.86
50 1.1
55 1.3
60 0.96
65 1.04
70 0.98
75 1.2
80 0.6
85 0.48
90 0.52
95 0.36
100 0.34
105 0.56
110 0.4
115 0.24
120 0.24
125 0.32
130 0.2
135 0.22
140 0.32
145 0.28
150 0.2
155 0.12
160 0.16
165 0.24
170 0.24
175 0.18
180 0.3
185 0.2
190 0.08
195 0.14
200 0.16
205 0.18
210 0.14
215 0.16
220 0.24
225 0.12
230 0.12
235 0.12
240 0.14
245 0.14
250 0.18
255 0.18
260 0.14
265 0.1
270 0.06
275 0.06
280 0.08
285 0.16
290 0.06
295 0.2
300 0.14
305 0.06
310 0.04
315 0.06
320 0.06
325 0.14
330 0.08
335 0.16
340 0.1
345 0.02
350 0.02
355 0.1
360 0.08
365 0.08
370 0.08
375 0.12
380 0.08
385 0.04
390 0.02
395 0.1
400 0.06
405 0.08
410 0
415 0.08
420 0.04
425 0.08
430 0
435 0.1
440 0.1
445 0.02
450 0.02
455 0.04
460 0.02
465 0.04
470 0.08
475 0.04
480 0.08
485 0
490 0.02
495 0.08
83444 72.52
5 0.7
10 3.2
15 3.16
20 3.34
25 3.4
30 3.72
35 3.88
40 2.56
45 2.98
50 2.94
55 3.22
60 3.08
65 4.1
70 3.76
75 2.64
80 2.12
85 1.52
90 1.18
95 1.48
100 1.36
105 1.7
110 1.4
115 0.92
120 1.1
125 1.06
130 0.74
135 0.54
140 1.08
145 0.8
150 0.7
155 0.72
160 0.62
165 0.54
170 0.5
175 0.52
180 0.54
185 0.56
190 0.56
195 0.48
200 0.46
205 0.38
210 0.4
215 0.34
220 0.5
225 0.3
230 0.34
235 0.3
240 0.34
245 0.38
250 0.28
255 0.24
260 0.32
265 0.32
270 0.18
275 0.18
280 0.36
285 0.18
290 0.28
295 0.22
300 0.2
305 0.26
310 0.18
315 0.28
320 0.18
325 0.3
330 0.24
335 0.2
340 0.18
345 0.2
350 0.26
355 0.14
360 0.16
365 0.24
370 0.2
375 0.22
380 0.18
385 0.14
390 0.26
395 0.08
400 0.22
405 0.16
410 0.2
415 0.2
420 0.14
425 0.16
430 0.16
435 0.22
440 0.06
445 0.16
450 0.2
455 0.14
460 0.18
465 0.12
470 0.18
475 0.12
480 0.08
485 0.08
490 0.14
495 0.1
4290 17.16
5 0.94
10 3.46
15 3.22
20 3.34
25 3.6
30 3.48
35 3.68
40 2.82
45 2.86
50 3.06
55 3.56
60 3.5
65 3.44
70 3.62
75 2.64
80 1.88
85 1.6
90 1.44
95 1.54
100 1.48
105 1.5
110 1.18
115 0.94
120 0.86
125 0.82
130 0.88
135 1
140 0.86
145 0.62
150 0.64
155 0.54
160 0.56
165 0.68
170 0.58
175 0.64
180 0.58
185 0.46
190 0.5
195 0.38
200 0.4
205 0.58
210 0.42
215 0.5
220 0.36
225 0.46
230 0.32
235 0.3
240 0.42
245 0.42
250 0.46
255 0.26
260 0.34
265 0.24
270 0.32
275 0.3
280 0.32
285 0.4
290 0.3
295 0.26
300 0.16
305 0.28
310 0.26
315 0.36
320 0.34
325 0.24
330 0.22
335 0.22
340 0.22
345 0.22
350 0.26
355 0.32
360 0.18
365 0.12
370 0.24
375 0.22
380 0.22
385 0.18
390 0.2
395 0.26
400 0.1
405 0.14
410 0.18
415 0.22
420 0.18
425 0.16
430 0.28
435 0.16
440 0.06
445 0.1
450 0.18
455 0.16
460 0.08
465 0.26
470 0.18
475 0.12
480 0.02
485 0.2
490 0.12
495 0.12
5928 15.5
5 0.46
10 1.84
15 1.66
20 1.9
25 1.62
30 1.86
35 1.96
40 1.5
45 1.64
50 1.52
55 2
60 1.6
65 1.96
70 1.74
75 1.48
80 1.2
85 0.86
90 0.76
95 0.76
100 0.5
105 0.74
110 0.54
115 0.62
120 0.38
125 0.74
130 0.48
135 0.28
140 0.6
145 0.36
150 0.4
155 0.3
160 0.38
165 0.42
170 0.24
175 0.42
180 0.32
185 0.3
190 0.2
195 0.32
200 0.3
205 0.34
210 0.26
215 0.28
220 0.2
225 0.26
230 0.18
235 0.26
240 0.2
245 0.32
250 0.22
255 0.2
260 0.16
265 0.18
270 0.14
275 0.22
280 0.26
285 0.12
290 0.14
295 0.14
300 0.22
305 0.16
310 0.2
315 0.2
320 0.12
325 0.1
330 0.12
335 0.14
340 0.14
345 0.12
350 0.18
355 0.18
360 0.06
365 0.14
370 0.16
375 0.06
380 0.2
385 0.14
390 0.1
395 0.14
400 0.1
405 0.08
410 0.12
415 0.14
420 0.12
425 0.12
430 0.16
435 0.1
440 0.08
445 0.12
450 0.04
455 0.2
460 0.08
465 0.12
470 0.12
475 0.08
480 0.12
485 0.04
490 0.12
495 0.1
81143 53.72
5 0.58
10 3.54
15 3.22
20 3.38
25 3.62
30 2.98
35 3.36
40 2.94
45 2.78
50 3
55 3.56
60 3.56
65 3.14
70 3.32
75 2.68
80 1.94
85 1.62
90 1.3
95 1.22
100 1.26
105 1.14
110 1.28
115 0.98
120 1.18
125 0.96
130 0.78
135 0.74
140 0.74
145 0.72
150 0.92
155 0.74
160 0.68
165 0.58
170 0.56
175 0.52
180 0.52
185 0.58
190 0.52
195 0.46
200 0.5
205 0.5
210 0.46
215 0.36
220 0.34
225 0.54
230 0.46
235 0.42
240 0.38
245 0.34
250 0.34
255 0.34
260 0.32
265 0.36
270 0.44
275 0.24
280 0.3
285 0.3
290 0.26
295 0.28
300 0.26
305 0.3
310 0.26
315 0.22
320 0.3
325 0.28
330 0.2
335 0.14
340 0.16
345 0.28
350 0.36
355 0.18
360 0.16
365 0.28
370 0.16
375 0.14
380 0.16
385 0.34
390 0.14
395 0.14
400 0.16
405 0.16
410 0.2
415 0.14
420 0.14
425 0.24
430 0.1
435 0.16
440 0.2
445 0.14
450 0.16
455 0.08
460 0.12
465 0.12
470 0.16
475 0.14
480 0.16
485 0.16
490 0.08
495 0.12
5705 17.52
5 0.48
10 2.68
15 2.7
20 2.7
25 2.86
30 2.94
35 3.26
40 2.18
45 2.26
50 2.46
55 2.66
60 2.9
65 2.78
70 3.22
75 2.38
80 1.72
85 1.24
90 1.02
95 0.92
100 1.38
105 0.84
110 1.04
115 1.06
120 0.88
125 0.62
130 0.48
135 0.76
140 0.64
145 0.58
150 0.52
155 0.74
160 0.42
165 0.34
170 0.48
175 0.56
180 0.48
185 0.36
190 0.46
195 0.48
200 0.32
205 0.24
210 0.42
215 0.36
220 0.48
225 0.36
230 0.38
235 0.28
240 0.18
245 0.28
250 0.34
255 0.34
260 0.34
265 0.24
270 0.24
275 0.28
280 0.2
285 0.18
290 0.26
295 0.3
300 0.26
305 0.22
310 0.24
315 0.22
320 0.2
325 0.18
330 0.26
335 0.26
340 0.24
345 0.1
350 0.28
355 0.08
360 0.18
365 0.22
370 0.2
375 0.22
380 0.14
385 0.16
390 0.16
395 0.12
400 0.18
405 0.16
410 0.18
415 0.2
420 0.1
425 0.12
430 0.1
435 0.2
440 0.2
445 0.14
450 0.16
455 0.12
460 0.16
465 0.1
470 0.12
475 0.14
480 0.24
485 0.08
490 0.1
495 0.2
12881 30.56
5 0.62
10 3.3
15 2.6
20 3.54
25 3.28
30 3.34
35 2.44
40 2.48
45 2.7
50 2.88
55 3.14
60 3.28
65 3.06
70 3.28
75 1.78
80 1.74
85 1.8
90 1.4
95 1.12
100 1.28
105 1.1
110 1.12
115 0.86
120 0.8
125 0.8
130 0.66
135 0.74
140 0.68
145 0.76
150 0.68
155 0.58
160 0.44
165 0.58
170 0.58
175 0.44
180 0.5
185 0.62
190 0.5
195 0.42
200 0.5
205 0.5
210 0.4
215 0.38
220 0.46
225 0.38
230 0.4
235 0.42
240 0.32
245 0.44
250 0.32
255 0.28
260 0.2
265 0.28
270 0.32
275 0.32
280 0.26
285 0.3
290 0.26
295 0.22
300 0.12
305 0.24
310 0.24
315 0.38
320 0.18
325 0.28
330 0.12
335 0.26
340 0.14
345 0.16
350 0.28
355 0.2
360 0.22
365 0.14
370 0.16
375 0.16
380 0.22
385 0.18
390 0.2
395 0.18
400 0.18
405 0.1
410 0.12
415 0.16
420 0.28
425 0.2
430 0.08
435 0.22
440 0.1
445 0.08
450 0.16
455 0.16
460 0.3
465 0.1
470 0.12
475 0.24
480 0.1
485 0.06
490 0.06
495 0.24
11357 24
5 0.46
10 2.14
15 2.1
20 2.44
25 1.86
30 2.66
35 2.26
40 1.82
45 1.64
50 1.82
55 2.04
60 2.44
65 2.24
70 2.36
75 1.82
80 1.52
85 1.24
90 1
95 0.9
100 1.2
105 1.04
110 0.8
115 0.8
120 0.72
125 0.7
130 0.7
135 0.6
140 0.88
145 0.58
150 0.56
155 0.58
160 0.48
165 0.42
170 0.38
175 0.6
180 0.42
185 0.4
190 0.44
195 0.3
200 0.5
205 0.3
210 0.32
215 0.32
220 0.38
225 0.32
230 0.26
235 0.22
240 0.32
245 0.32
250 0.24
255 0.26
260 0.22
265 0.24
270 0.28
275 0.14
280 0.28
285 0.28
290 0.24
295 0.18
300 0.22
305 0.2
310 0.24
315 0.2
320 0.14
325 0.24
330 0.22
335 0.14
340 0.16
345 0.28
350 0.24
355 0.1
360 0.22
365 0.12
370 0.16
375 0.16
380 0.2
385 0.2
390 0.12
395 0.16
400 0.18
405 0.06
410 0.16
415 0.14
420 0.24
425 0.18
430 0.06
435 0.16
440 0.14
445 0.1
450 0.02
455 0.14
460 0.2
465 0.16
470 0.1
475 0.12
480 0.1
485 0.08
490 0
495 0.14
22131 40.82
5 0.68
10 2.58
15 2.66
20 2.92
25 2.66
30 2.6
35 2.8
40 2.3
45 1.96
50 2.52
55 2.8
60 3.02
65 2.44
70 2.88
75 2.08
80 1.58
85 1.62
90 1.18
95 1.16
100 1.32
105 0.94
110 0.98
115 0.92
120 0.92
125 0.7
130 0.84
135 0.72
140 0.5
145 0.68
150 0.76
155 0.72
160 0.46
165 0.48
170 0.66
175 0.5
180 0.4
185 0.5
190 0.52
195 0.5
200 0.4
205 0.38
210 0.48
215 0.44
220 0.38
225 0.32
230 0.42
235 0.26
240 0.44
245 0.28
250 0.26
255 0.36
260 0.4
265 0.22
270 0.26
275 0.34
280 0.32
285 0.14
290 0.24
295 0.38
300 0.24
305 0.22
310 0.18
315 0.2
320 0.28
325 0.12
330 0.28
335 0.2
340 0.22
345 0.26
350 0.18
355 0.14
360 0.24
365 0.2
370 0.16
375 0.22
380 0.22
385 0.18
390 0.08
395 0.12
400 0.22
405 0.16
410 0.12
415 0.22
420 0.2
425 0.1
430 0.08
435 0.16
440 0.2
445 0.1
450 0.18
455 0.1
460 0.12
465 0.16
470 0.14
475 0.12
480 0.16
485 0.14
490 0.1
495 0.14
19816 29.96
