7
12
20
35
19
19
31
47
55
47
6
68
10
62
47
12
54
102
102
49
77
55
130
108
87
67
149
59
138
118
35
101
171
167
151
63
67
186
193
111
215
93
220
193
77
145
214
217
215
138
81
254
227
191
257
154
274
210
8
206
248
281
33
235
139
260
326
206
149
328
343
265
217
23
306
326
8
279
36
49
198
334
398
254
14
184
375
428
324
284
382
406
29
55
337
124
10
464
415
313
63
458
147
489
377
460
307
475
11
179
406
535
496
349
494
193
564
440
381
533
522
9
472
203
554
604
419
19
571
183
627
499
355
597
594
40
525
214
592
675
391
45
640
243
693
559
28
384
639
663
590
292
668
728
430
271
710
758
638
459
16
709
737
662
22
13
322
737
809
500
26
322
766
839
707
506
770
792
738
344
790
882
525
373
839
907
787
499
834
862
801
422
859
948
548
427
911
954
833
576
905
937
861
472
929
1000
613
502
986
1030
894
615
970
1011
923
550
993
1074
606
554
1055
1104
948
630
1016
1082
953
590
1044
1151
678
593
1129
1181
983
669
1078
1151
966
586
1104
1222
697
612
1159
1251
1012
711
1137
1190
1034
640
1167
1296
736
661
1232
1326
1045
702
1203
1252
1076
710
1215
1351
747
733
1291
1371
1106
768
1244
1313
1134
780
1232
1413
770
798
1361
1441
1167
791
1280
1391
1198
1484
1311
1430
1505
1225
1345
1440
1249
1538
1375
1478
1564
1289
1414
1494
1316
1589
1438
1536
1613
1344
1477
1565
1363
1650
1494
1587
1655
1398
1531
1614
1426
1686
1519
1657
1685
1468
1558
1683
1486
1725
1572
1718
1756
1503
1605
1746
1525
1797
1629
1783
1828
1566
1633
1811
1588
1866
1660
1843
1895
1628
1687
1874
1659
1923
1718
1898
1954
1697
1757
1910
1702
1996
1783
1945
2013
1713
1823
1946
1724
2054
1787
1982
2068
1758
1816
2005
1776
2110
1841
2047
2137
1799
1884
2072
1822
2174
1896
2115
2205
1864
1938
2138
1877
2243
1966
2180
2273
1894
1978
2201
1921
2312
1986
2244
2343
1956
2028
2257
1980
2379
2046
2294
2402
1997
2086
2322
2114
2429
2357
2453
2142
2382
2167
2493
2418
2503
2206
2432
2217
2516
2475
2543
2257
2489
2277
2586
2526
2607
2314
2551
2340
2638
2570
2646
2375
2584
2400
2680
2622
2706
2638
2741
2667
2767
2693
2806
2733
2834
2760
2864
2798
2883
2808
2918
2833
2940
2860
2949
2894
2963
2896
2988
2933
3006
2959
3040
2995
3062
3022
3096
3062
3119
3087
3156
3122
3159
3149
3174
3186
3191
3213
3230
3242
3239
3260
3264
3293
3288
3309
3339
3367
3404
9
22
26
19
22
41
42
46
11
23
14
54
55
86
85
50
31
81
76
119
40
55
35
113
14
19
113
71
151
27
71
16
147
113
169
107
107
48
172
13
124
147
202
33
145
88
39
209
163
174
244
76
184
96
250
38
170
216
286
77
223
137
276
58
184
257
328
232
172
13
310
96
296
366
30
276
212
345
111
333
403
300
248
384
23
145
365
440
45
339
268
422
142
399
477
376
303
9
462
174
440
513
34
411
338
501
177
467
549
432
376
22
543
38
202
507
592
462
389
583
239
625
546
42
424
506
615
277
582
15
662
531
470
661
275
684
612
47
491
556
698
312
641
725
573
537
38
742
334
11
752
682
566
621
766
346
703
779
621
574
803
370
810
731
600
662
813
412
760
855
691
631
845
441
883
803
592
721
869
455
830
921
747
475
915
481
951
864
498
792
946
489
891
997
816
511
991
519
1016
919
533
861
1023
551
950
1060
876
564
1068
558
1084
992
598
918
1095
579
1018
1128
948
633
1133
609
1153
1048
626
951
1167
621
1066
1199
979
668
1213
585
1229
1110
700
1016
1247
624
1143
1261
1015
675
1293
1289
1183
706
1059
1306
1205
1335
1089
730
1343
1366
1251
1129
1368
1269
1155
1411
1408
1439
1313
1201
1425
1320
1224
1485
1459
1499
1360
1257
1483
1381
1283
1539
1526
1563
1409
1319
1534
1420
1336
1609
1579
1637
1465
1366
1607
1487
1383
1675
1652
1701
1498
1412
1664
1524
1429
1746
1690
1764
1547
1470
1713
1572
1496
1810
1749
1838
1606
1533
1774
1626
1556
1864
1814
1886
1671
1597
1838
1697
1606
1931
1878
1953
1726
1626
1880
1751
1652
1999
1916
2023
1787
1682
1940
1798
1697
2066
1974
2085
1842
1743
1977
1852
1764
2131
2023
2147
1878
1805
2037
1890
1796
2173
2078
2193
1936
1837
2104
1952
1865
2238
2150
2236
1983
1902
2170
2007
1902
2281
2210
2293
2037
1946
2232
2039
1972
2338
2278
2355
2075
2018
2306
2096
2044
2392
2351
2407
2142
2083
2372
2144
2097
2448
2415
2461
2183
2133
2423
2208
2161
2503
2453
2518
2248
2201
2480
2250
2227
2548
2523
2576
2295
2546
2322
2618
2589
2644
2357
2611
2378
2677
2642
2694
2415
2666
2737
2705
2755
2706
2798
2736
2821
2760
2855
2787
2872
2799
2912
2836
2932
2861
2962
2898
2982
2923
3025
2935
3050
2953
3084
2990
3106
3012
3147
3052
3163
3073
3205
3113
3226
3135
3268
3161
3279
3175
3307
3215
3332
3240
3370
3265
3382
3285
3415
3326
3438
3341
3480
3502
3535
3541
3578
3599
3626
3642
3680
3700
3740
3752
3781
3804
3836
3855
3895
3916
6
18
30
15
19
29
30
40
31
23
7
68
69
80
69
20
49
26
86
4
88
106
95
75
36
113
112
36
131
150
63
119
140
34
181
117
22
175
137
78
185
144
9
209
230
100
31
151
207
253
142
177
230
136
151
239
231
47
141
286
34
232
265
276
236
204
289
177
218
290
307
197
331
293
317
350
305
210
344
227
211
358
375
227
399
11
394
362
416
377
225
407
287
230
426
448
299
477
461
429
456
444
267
473
333
269
490
520
349
445
38
534
479
448
494
284
552
6
407
300
563
595
392
507
606
554
511
9
573
30
328
624
286
390
637
672
401
681
570
10
643
550
650
46
324
34
705
279
715
463
414
754
761
609
721
610
725
54
320
782
314
788
474
452
819
807
682
795
689
767
381
856
386
859
510
497
878
885
754
818
760
822
419
925
404
922
557
504
946
936
811
888
798
894
459
976
441
981
577
575
1007
1013
858
965
861
971
477
1054
477
1051
630
626
1080
1086
929
1040
917
1041
541
1107
485
1110
670
640
1159
1158
988
1094
991
1097
551
1178
551
1184
686
691
1225
1230
1048
1157
1050
1148
624
1255
1247
745
741
1289
1293
1121
1115
1221
1217
1302
1294
812
809
1366
1363
1162
1153
1289
1292
1366
1354
880
856
1424
1415
1225
1172
1355
1359
1414
1401
919
898
1478
1476
1241
1239
1412
1406
1468
1450
1543
1546
1273
1276
1475
1469
1514
1515
1616
1619
1344
1329
1512
1511
1574
1547
1678
1681
1390
1394
1577
1564
1616
1614
1747
1746
1461
1464
1632
1633
1676
1680
1779
1781
1534
1504
1699
1685
1749
1744
1842
1846
1573
1549
1746
1746
1809
1812
1914
1913
1608
1599
1799
1770
1881
1884
1975
1978
1639
1640
1832
1836
1954
1949
2044
2046
1697
1695
1905
1897
2019
2018
2116
2115
1752
1749
1966
1969
2087
2085
2176
2175
1807
1805
2036
2030
2154
2158
2244
2238
1874
1871
2067
2064
2216
2185
2308
2301
1922
1923
2131
2132
2239
2240
2366
2370
1990
1987
2186
2187
2293
2294
2436
2436
2056
2253
2352
2459
2312
2403
2524
2378
2435
2589
2427
2492
2648
2492
2550
2710
2548
2614
2766
2600
2679
2821
2633
2743
2886
2677
2806
2948
2736
2856
2989
2801
2918
3050
2823
2980
3098
2878
3041
3164
3089
3224
3152
3284
3215
3343
3272
3404
3329
3469
3379
3527
3416
3591
3476
3654
3534
3712
3583
3773
3644
3832
3708
3883
3773
3945
3814
4001
3878
4066
3939
4116
4003
4178
4242
4297
4361
4414
4477
4525
4585
4633
4695
4746
4807
4865
4929
4991
5053
5115
5179
5224
5288
5347
5410
5473
5534
5598
5662
5716
5777
5
6
13
14
24
14
37
28
46
22
55
50
6
68
49
70
60
83
92
21
100
62
113
27
89
123
132
138
66
144
67
107
165
161
34
179
80
182
90
127
195
63
204
215
80
209
134
49
235
243
61
256
240
165
276
278
288
107
284
58
312
321
13
139
318
315
8
354
107
23
343
345
178
27
366
118
376
404
56
198
334
396
11
429
143
33
356
427
230
104
437
458
463
258
403
407
15
487
138
417
510
21
287
158
447
13
538
538
308
472
453
552
5
180
486
580
363
195
507
600
376
602
27
523
529
36
619
516
58
217
658
10
402
180
674
592
393
672
55
611
567
686
73
581
69
238
727
35
457
247
744
670
419
733
127
680
632
750
135
591
83
244
806
50
482
262
817
735
485
794
135
749
650
792
149
665
304
872
548
302
887
810
546
824
828
720
841
736
318
926
596
323
944
888
615
886
907
791
890
810
375
1005
666
389
1010
965
681
940
983
861
955
879
367
1069
735
1081
1043
735
1007
1059
926
1021
937
1127
745
1137
1106
747
1056
1113
996
1063
1000
1191
802
1193
1172
798
1114
1187
1058
1127
1074
1251
859
1257
1239
818
1187
1247
1114
1187
1124
1317
875
1323
1303
891
1248
1318
1180
1254
1196
1374
944
1390
1378
947
1299
1387
1250
1305
1215
1444
1004
1460
1437
981
1280
1441
1250
1285
1248
1512
1036
1526
1491
1043
1346
1493
1303
1355
1313
1575
1083
1589
1545
1094
1412
1555
1372
1426
1370
1644
1105
1646
1602
1603
1470
1431
1481
1439
1702
1715
1661
1674
1526
1499
1514
1509
1776
1772
1726
1737
1564
1542
1570
1554
1833
1828
1794
1794
1605
1599
1616
1609
1881
1885
1851
1851
1673
1670
1681
1672
1945
1954
1910
1913
1740
1693
1739
1704
1998
2009
1956
1967
1795
1762
1803
1771
2069
2081
2009
2017
1852
1828
1858
1835
2131
2137
2077
2086
1917
1873
1922
1883
2198
2207
2127
2137
1962
1923
1974
1934
2266
2273
2197
2200
1965
1987
1962
1999
2333
2344
2260
2273
2018
2057
2031
2069
2384
2395
2325
2335
2091
2116
2102
2128
2452
2465
2396
2405
2163
2185
2169
2187
2516
2529
2459
2452
2223
2241
2234
2245
2590
2601
2506
2511
2286
2292
2297
2303
2659
2666
2569
2573
2354
2364
2357
2699
2691
2609
2613
2747
2751
2671
2673
2797
2802
2731
2741
2860
2859
2785
2792
2903
2903
2846
2846
2949
2948
2898
2897
3000
3010
2949
2934
3064
3074
2990
2990
3131
3134
3045
3029
3172
3180
3086
3090
3238
3234
3146
3155
3288
3292
3205
3213
3348
3354
3263
3263
3395
3401
3316
3422
3426
3470
3467
3523
3501
13
18
15
36
25
43
44
26
54
34
51
29
30
58
51
73
64
94
90
40
95
94
111
102
116
110
129
108
124
153
144
145
27
174
38
188
147
43
101
193
205
76
173
67
75
236
229
105
236
69
264
182
139
229
257
33
186
89
9
297
265
144
5
294
125
326
234
301
167
315
50
170
270
369
338
204
353
185
39
376
314
226
387
387
53
217
344
425
410
271
432
246
459
374
293
379
466
50
386
266
8
508
412
328
55
509
284
542
433
458
327
539
73
310
462
588
494
359
86
583
347
622
490
27
387
515
620
391
511
63
659
543
392
661
427
695
531
92
422
580
690
30
35
463
571
119
740
601
420
44
737
68
496
609
780
639
463
773
476
817
647
649
479
793
518
675
844
675
517
829
537
876
708
705
524
864
576
735
879
741
550
904
609
915
762
784
526
932
635
793
957
797
569
974
654
994
834
840
587
1008
647
850
1025
874
614
1043
675
1045
883
906
633
1076
680
920
1087
937
646
1110
679
1111
955
959
651
1146
639
977
1154
991
666
1189
643
1183
1012
1033
694
1209
673
1035
1225
1070
733
1252
708
1245
1064
1112
768
1285
1274
1091
1149
786
1315
1308
1116
1185
780
1350
1343
1137
1219
815
1374
1376
1168
1234
844
1407
1410
1188
1261
873
1438
1442
1222
1284
902
1475
1479
1253
1317
940
1513
1502
1286
1353
1544
1309
1539
1387
1583
1569
1335
1414
1617
1356
1608
1430
1651
1642
1386
1467
1681
1410
1673
1494
1716
1706
1431
1534
1693
1461
1734
1557
1726
1748
1494
1595
1756
1510
1788
1626
1795
1822
1544
1660
1829
1560
1861
1691
1864
1884
1599
1722
1883
1629
1924
1752
1923
1948
1629
1751
1954
1661
1963
1781
1982
1993
1695
1817
2011
1725
2028
1844
2050
2050
1761
1882
2065
1795
2086
1916
2097
2116
1835
1940
2110
1859
2151
1974
2149
2185
1893
2005
2183
1927
2222
2037
2220
2246
1962
2042
2240
1985
2282
2072
2272
2316
2019
2106
2299
2047
2351
2127
2339
2384
2071
2141
2366
2100
2420
2171
2406
2450
2127
2206
2429
2153
2480
2232
2458
2513
2187
2269
2490
2221
2551
2290
2527
2582
2325
2546
2608
2358
2576
2639
2395
2604
2669
2419
2641
2698
2449
2667
2729
2472
2695
2755
2508
2727
2791
2538
2751
2822
2571
2779
2848
2814
2878
2843
2911
2875
2940
2892
2973
2925
3004
2941
3026
2959
3053
2988
3081
3025
3111
3050
3146
3044
3167
3068
3184
3078
3206
3102
3241
3126
3254
3154
3287
3187
3318
3215
3336
3367
3398
3422
3455
3483
3511
3539
3569
3597
3631
3660
3694
3722
3731
3733
3758
3788
14
17
17
36
47
43
6
46
38
57
45
63
92
83
81
93
36
105
126
113
116
36
57
134
139
138
172
140
35
163
33
77
175
206
184
180
53
196
102
157
249
222
221
92
235
82
191
287
257
36
261
135
275
113
206
330
299
293
173
316
130
226
333
363
333
146
349
163
216
394
366
344
189
390
217
400
428
13
199
385
412
33
444
252
417
435
227
236
454
462
473
249
10
466
476
473
25
491
285
503
300
50
285
529
530
328
512
11
548
543
520
83
564
331
578
355
340
599
596
61
346
581
616
624
591
637
389
659
400
398
666
660
409
649
59
676
697
656
690
63
437
724
444
464
734
477
728
734
710
746
716
738
469
800
469
521
810
519
800
811
778
787
767
793
507
863
516
497
874
509
862
868
824
826
835
822
581
936
567
566
943
567
935
945
900
885
905
884
615
1009
541
606
1013
593
993
998
965
941
976
933
607
1080
584
636
1092
631
1056
1068
1042
996
981
1009
639
1151
652
673
1163
632
1126
1123
1038
1072
1051
1062
711
1221
716
690
1222
631
1188
1196
1107
1127
1109
1138
777
1263
730
1276
1258
1269
1160
1182
1110
1178
789
1334
798
1347
1310
1320
1165
1227
1176
1236
833
1407
844
1419
1371
1372
1229
1299
1240
1304
903
1483
897
1491
1436
1445
1301
1368
1311
1381
1546
1559
1499
1505
1364
1407
1375
1401
1620
1631
1542
1552
1427
1460
1430
1469
1688
1684
1604
1600
1486
1530
1478
1531
1727
1730
1661
1670
1524
1567
1529
1580
1790
1802
1728
1738
1561
1628
1564
1629
1863
1871
1788
1799
1617
1690
1620
1695
1919
1924
1859
1865
1676
1751
1674
1757
1985
1994
1916
1908
1734
1805
1737
1797
2053
2064
1965
1974
1791
1850
1802
1863
2115
2127
2033
2045
1862
1912
1875
1902
2186
2181
2100
2088
1936
1954
1925
1964
2218
2230
2149
2158
1985
2009
1949
1997
2287
2284
2217
2226
2008
2057
2014
2041
2344
2355
2281
2294
2058
2098
2068
2072
2414
2424
2352
2361
2110
2117
2123
2102
2482
2492
2420
2432
2170
2161
2176
2171
2548
2550
2487
2500
2229
2242
2607
2617
2558
2570
2300
2312
2675
2682
2627
2631
2737
2749
2686
2693
2798
2811
2738
2714
2840
2851
2735
2747
2901
2905
2802
2804
2951
2961
2853
2865
3010
3003
2912
2919
3054
3045
2964
2972
3099
3112
3021
3025
3162
3173
3069
3081
3226
3237
3135
3147
3289
3295
3202
3209
3343
3352
3253
3251
3402
3391
3296
3305
3439
3448
3359
3367
3493
3498
3413
3419
3553
3566
3473
3484
3611
3619
3668
3671
3712
3725
3775
3785
3834
3842
3889
3901
3941
3951
4001
4012
11
13
21
20
36
8
53
48
55
43
35
69
23
85
90
95
81
92
59
124
110
136
48
126
9
144
163
152
76
167
42
5
196
169
46
82
183
193
200
79
54
237
202
127
10
238
104
274
248
92
113
243
269
7
271
116
63
322
280
158
318
143
355
305
89
156
313
333
43
337
15
162
329
395
118
45
385
175
19
424
382
139
63
366
416
413
98
87
161
390
471
173
168
448
491
192
455
139
442
470
451
30
218
446
532
223
243
524
540
241
495
45
496
538
482
519
284
575
278
18
264
589
595
43
283
516
38
578
585
45
535
55
51
602
283
654
343
38
303
634
665
360
581
90
655
659
588
113
337
678
708
405
337
711
736
389
640
40
718
725
661
728
374
780
432
377
805
770
441
700
780
794
719
798
348
860
421
349
872
840
445
770
853
841
774
870
391
927
496
415
950
894
488
816
913
913
810
933
429
1005
542
388
1028
957
545
860
985
968
883
997
425
1063
600
433
1086
1016
562
928
1051
1031
946
1070
1136
547
1153
1075
564
992
1105
1092
1015
1130
1177
594
1198
1124
1059
1173
1146
1080
1188
1241
1246
1195
1118
1240
1217
1136
1239
1294
1314
1260
1177
1291
1261
1185
1295
1366
1380
1303
1227
1340
1315
1241
1350
1429
1451
1365
1288
1402
1371
1298
1402
1494
1504
1419
1338
1452
1438
1357
1463
1526
1543
1488
1405
1510
1505
1413
1526
1590
1602
1556
1465
1576
1578
1465
1597
1636
1642
1627
1516
1647
1636
1524
1660
1694
1711
1688
1574
1711
1710
1593
1720
1758
1780
1751
1644
1757
1773
1661
1750
1832
1849
1823
1711
1800
1838
1730
1820
1895
1914
1874
1778
1868
1881
1797
1882
1960
1974
1924
1849
1927
1943
1867
1939
2014
2031
1982
1912
1969
2002
1930
1986
2081
2097
2038
1970
2036
2049
1992
2056
2137
2154
2097
2041
2092
2118
2058
2110
2204
2222
2161
2107
2154
2183
2128
2172
2274
2293
2231
2169
2221
2243
2183
2243
2311
2331
2291
2233
2276
2309
2236
2296
2379
2391
2353
2276
2342
2360
2279
2355
2443
2464
2412
2331
2368
2426
2353
2390
2510
2528
2458
2379
2437
2471
2401
2458
2559
2567
2521
2441
2502
2538
2462
2495
2618
2616
2590
2486
2547
2608
2506
2564
2666
2680
2655
2555
2598
2668
2560
2619
2731
2748
2712
2609
2605
2709
2631
2625
2799
2821
2758
2682
2778
2697
2870
2892
2825
2742
2839
2941
2959
2887
2898
3008
3017
2943
2960
3058
3065
3008
3017
3114
3131
3045
3056
3178
3194
3093
3098
3239
3251
3140
3154
3296
3289
3332
3347
3392
3402
3438
3452
3498
3514
3552
3571
3615
3617
3662
3677
4
16
18
22
9
31
38
39
42
59
51
65
80
73
77
62
45
104
100
109
110
99
24
138
8
130
129
130
135
171
31
156
163
153
142
27
4
188
62
11
194
186
209
167
66
225
11
229
232
220
205
78
255
53
254
259
272
233
113
31
298
290
309
294
276
143
68
332
319
320
348
304
183
373
350
384
350
19
209
340
374
10
380
380
363
425
233
14
415
353
32
458
29
219
432
413
448
38
443
65
413
388
516
253
59
398
528
504
267
498
461
516
521
54
451
421
576
319
73
338
587
573
340
562
504
573
6
587
44
531
391
642
357
396
651
623
366
621
575
639
40
630
26
600
406
682
358
430
705
693
372
684
645
717
32
687
666
47
484
765
463
433
779
778
423
740
777
684
759
694
513
835
492
438
852
838
431
818
848
743
833
756
536
913
525
458
923
899
447
893
914
783
910
764
575
974
582
492
985
963
505
954
981
822
973
840
643
1036
620
556
1051
1007
563
1033
1020
884
1046
903
671
1110
670
511
1112
1069
524
1099
1073
955
1114
972
670
1167
656
566
1160
1128
579
1171
1146
1023
1159
1019
713
1221
654
1226
1195
1217
1213
1075
1236
1084
678
1279
663
1298
1268
1289
1280
1139
1281
1115
1352
1370
1321
1335
1338
1168
1345
1187
1425
1444
1390
1397
1405
1236
1388
1240
1499
1510
1460
1431
1479
1289
1404
1308
1558
1577
1529
1426
1544
1350
1425
1348
1606
1620
1599
1469
1608
1402
1485
1415
1668
1662
1662
1535
1681
1466
1538
1474
1686
1687
1736
1577
1755
1526
1582
1527
1740
1752
1803
1629
1817
1581
1643
1596
1796
1812
1860
1678
1879
1650
1677
1658
1865
1879
1926
1718
1944
1711
1733
1727
1925
1941
1997
1772
2006
1774
1791
1784
1996
2000
2061
1840
2080
1829
1815
1828
2047
2064
2127
1870
2145
1867
1866
1873
2102
2119
2183
1899
2197
1927
1888
1913
2165
2170
2250
1943
2260
1966
1950
1983
2215
2230
2303
1983
2322
2010
1997
2025
2277
2294
2371
2046
2363
2070
2058
2086
2321
2340
2418
2112
2435
2133
2121
2149
2393
2412
2487
2157
2488
2179
2164
2195
2459
2467
2538
2235
2552
2249
2511
2530
2603
2282
2615
2574
2583
2656
2646
2613
2617
2680
2692
2664
2669
2739
2748
2720
2734
2793
2801
2779
2777
2850
2857
2811
2812
2898
2912
2863
2877
2960
2967
2912
2927
3018
3019
2977
2992
3069
3085
3042
3058
3110
3126
3110
3112
3178
3188
3163
3178
3238
3241
3229
3240
3282
3287
3289
3302
3338
3350
3316
3312
3397
3409
3361
3458
3464
3501
3509
3561
3566
3609
3620
3671
3679
3728
3740
3791
3798
9
13
13
5
38
21
41
18
43
40
55
45
54
69
38
85
80
88
86
90
110
76
80
122
25
131
118
114
143
107
105
143
148
11
67
148
186
138
144
179
186
20
105
206
187
186
192
213
139
195
214
223
233
253
158
238
232
265
260
288
198
267
271
295
284
320
207
294
308
323
316
353
29
234
345
27
334
361
347
384
257
368
340
63
383
404
419
31
355
299
63
417
438
425
468
320
445
403
99
410
485
502
33
48
426
366
119
495
509
462
535
369
523
465
152
437
552
567
496
405
18
560
574
457
21
607
406
592
531
65
472
613
644
4
551
455
91
641
648
515
8
689
484
672
600
139
528
695
705
35
637
517
93
719
727
570
747
512
752
663
595
762
780
535
693
795
794
547
821
554
827
704
576
836
853
584
702
873
842
619
890
610
889
734
644
872
912
639
764
917
906
688
957
661
944
810
712
946
987
707
828
986
980
710
1030
723
997
859
738
1024
1054
710
886
1042
1057
784
1074
717
1072
932
794
1096
1108
748
954
1116
1106
805
1145
781
1139
995
839
1142
1177
821
1016
1179
1175
847
1206
832
1209
1057
881
1205
1231
853
1088
1255
1227
927
1271
831
1287
1089
951
1261
1270
871
1120
1333
1277
967
1315
901
1365
1164
970
1318
1341
922
1187
1411
1346
992
1385
946
1444
1209
1000
1386
1411
990
1243
1464
1391
982
1455
1018
1496
1283
1009
1422
1474
1315
1530
1442
1051
1509
1563
1333
1066
1480
1533
1314
1594
1514
1105
1566
1619
1340
1132
1544
1598
1362
1660
1567
1617
1693
1398
1591
1643
1428
1733
1612
1679
1757
1444
1647
1710
1471
1766
1651
1727
1788
1507
1690
1758
1538
1796
1698
1797
1827
1578
1732
1826
1594
1866
1734
1863
1895
1626
1762
1894
1645
1932
1784
1918
1965
1684
1822
1938
1712
1999
1843
1977
2030
1752
1877
2005
1784
2069
1863
2044
2102
1815
1902
2074
1846
2135
1931
2114
2167
1867
1964
2137
1900
2185
1995
2177
2211
1930
2032
2210
1961
2232
2048
2249
2255
1992
2087
2281
2006
2291
2118
2320
2324
2031
2151
2354
2061
2357
2164
2393
2377
2199
2419
2412
2209
2455
2446
2240
2485
2480
2266
2519
2507
2293
2541
2541
2321
2574
2568
2608
2596
2639
2630
2662
2661
2693
2695
2725
2728
2751
2757
2765
2791
2794
2823
2819
2852
2839
2886
2835
2917
2840
2948
2872
2976
2902
2999
2936
3029
2959
3050
2975
3079
2996
3105
3022
3131
3056
3162
3085
3185
3093
3216
3127
3241
3159
3272
3186
3297
3220
3325
3253
3356
3285
3379
3319
3409
3353
3427
3446
3466
3499
3529
3551
3568
5
7
18
29
32
38
42
47
69
7
72
70
39
80
80
106
37
113
101
130
9
21
134
45
115
16
57
122
122
186
70
139
192
193
201
53
85
182
48
83
17
198
197
14
253
207
14
251
262
264
84
102
266
44
101
269
266
15
323
281
318
326
334
153
326
130
72
328
344
81
378
356
61
349
385
12
13
364
188
396
169
116
400
85
385
4
395
432
70
434
434
435
60
205
205
473
477
119
121
466
470
502
63
501
509
77
273
553
181
532
562
553
328
618
246
598
6
622
620
354
685
312
664
686
25
687
51
407
746
363
721
757
751
419
802
376
790
809
816
485
871
435
853
855
852
516
932
461
912
923
914
539
995
500
979
991
981
601
1053
564
1046
1052
1050
633
1114
624
1115
1114
1114
696
1182
689
1181
1150
1183
751
1238
752
1236
1199
1252
819
1295
742
1293
1267
1299
879
1340
753
1358
1327
1359
945
1405
1424
1385
1421
1009
1467
1490
1450
1453
1034
1526
1558
1516
1513
1080
1582
1619
1583
1568
1137
1635
1681
1651
1628
1204
1696
1721
1697
1690
1266
1763
1780
1753
1751
1310
1815
1845
1819
1803
1347
1881
1911
1886
1850
1942
1941
1941
1910
1999
1997
2005
1964
2065
2059
2071
2028
2127
2116
2126
2092
2187
2175
2192
2148
2241
2238
2259
2211
2308
2302
2308
2268
2375
2360
2370
2328
2442
2417
2422
2392
2501
2481
2487
2453
2561
2547
2542
2507
2626
2613
2608
2572
2685
2677
2663
2617
2752
2744
2726
2672
2808
2794
2765
2736
2873
2861
2804
2802
2940
2917
2860
2854
3002
2984
2895
2908
3068
3044
2952
2971
3134
3105
3007
3035
3200
3172
3074
3096
3266
3238
3128
3155
3333
3301
3187
3214
3400
3368
3252
3272
3459
3426
3314
3339
3524
3492
3377
3401
3584
3554
3399
3460
3651
3614
3447
3523
3716
3666
3503
3589
3783
3733
3565
3639
3838
3790
3613
3702
3903
3856
3672
3747
3960
3900
3736
3807
4027
3967
3797
3860
4083
4034
3861
3927
4150
4085
3924
3979
4209
4143
3988
4033
4272
4196
4044
4097
4336
4263
4089
4152
4399
4300
4154
4206
4457
4366
4212
4270
4514
4425
4279
4337
4575
4482
4335
4399
4642
4543
4397
4446
4690
4603
4454
4511
4741
4667
4518
4576
4807
4731
4584
4642
4874
4789
4688
4939
4854
4749
5004
4915
4802
5054
4980
4864
5119
5039
4927
5183
5102
4981
5237
5162
5047
5297
5228
5108
5354
5286
5412
5349
5475
5408
5538
5471
5591
5518
5654
5576
5710
5634
5775
5693
5839
5735
5897
5794
5960
5857
6017
5916
6082
5965
6145
6023
6204
6087
6259
6323
6385
6448
6508
6571
6631
6690
6754
6818
6877
6907
6964
7026
7090
7150
7195
7254
7307
7370
8
10
17
10
26
37
42
16
63
76
77
50
92
41
101
14
119
51
24
116
53
149
137
87
43
153
40
60
183
175
125
42
30
193
96
202
222
25
164
65
224
27
90
225
252
7
165
91
261
56
114
264
291
33
189
129
276
92
331
301
31
229
167
301
38
131
340
373
257
174
345
151
407
385
181
293
374
195
418
437
324
221
29
420
202
462
438
26
218
359
451
50
471
250
390
504
246
63
495
265
530
520
276
432
525
91
544
312
4
578
467
324
571
338
589
587
37
307
516
594
616
385
67
634
529
343
643
391
656
664
113
352
569
670
7
671
102
429
599
669
403
447
721
688
716
379
150
637
750
24
40
746
481
661
737
425
64
512
801
767
786
443
696
819
815
554
717
809
482
546
856
840
846
498
765
882
874
531
782
875
514
526
931
898
921
531
829
947
932
531
856
946
573
533
987
976
978
584
900
1005
1009
531
910
1008
569
523
1044
1036
1053
597
959
1057
1024
493
976
1076
639
510
1105
1104
1072
631
1020
1120
1103
545
1048
1148
668
537
1155
1175
1133
697
1096
1183
1155
1219
1108
726
1224
1246
1194
725
1129
1250
1225
1291
1153
768
1291
1304
1252
770
1199
1320
1266
1350
1228
787
1349
1379
1282
812
1273
1368
1309
1416
1269
849
1403
1428
1339
873
1301
1405
1369
1472
1321
1444
1497
1400
1347
1474
1431
1525
1373
1511
1550
1472
1415
1534
1485
1592
1431
1565
1613
1507
1464
1592
1534
1652
1494
1630
1682
1570
1535
1654
1601
1723
1535
1688
1735
1642
1575
1717
1663
1773
1597
1760
1803
1692
1633
1788
1723
1846
1625
1817
1874
1760
1663
1840
1787
1915
1684
1875
1941
1823
1723
1899
1853
1955
1752
1923
1985
1855
1791
1943
1855
2020
1816
1982
2049
1898
1847
2012
1902
2082
1875
2044
2104
1939
1917
2057
1953
2135
1904
2096
2164
1990
1903
2127
1994
2206
1920
2166
2206
2029
1958
2194
2049
2248
1965
2237
2279
2062
2002
2264
2091
2317
2024
2306
2347
2131
2051
2332
2145
2367
2082
2368
2398
2174
2123
2394
2195
2441
2152
2422
2465
2233
2166
2452
2261
2494
2483
2518
2298
2510
2322
2554
2545
2565
2356
2572
2378
2579
2609
2605
2416
2617
2434
2621
2660
2632
2464
2688
2479
2674
2726
2697
2751
2737
2791
2763
2819
2802
2853
2825
2879
2849
2916
2875
2944
2905
2980
2929
2994
2965
3031
2991
3058
3022
3096
3049
3120
3074
3156
3078
3178
3107
3204
3132
3231
3167
3262
3181
3281
3217
3310
3242
3324
3271
3359
3287
3379
3312
3418
3439
3472
3492
3531
3552
3591
3611
3649
3674
3706
3725
3749
3760
4
12
18
36
30
29
34
53
9
73
25
59
50
38
71
93
6
118
5
29
111
90
118
45
154
35
66
117
154
154
42
196
72
21
93
184
161
19
71
195
235
111
196
139
223
211
91
8
279
147
227
237
11
125
248
310
255
181
279
275
109
19
357
191
306
304
133
325
390
54
287
156
356
354
163
91
439
372
23
190
336
26
388
456
357
33
50
382
147
425
234
71
174
495
450
260
411
433
517
7
439
104
450
208
506
291
91
185
520
571
295
488
53
511
578
468
25
124
505
244
575
327
118
266
600
633
349
525
82
550
643
546
569
300
653
403
280
674
694
415
600
42
707
624
614
54
627
53
331
734
62
468
316
750
771
424
671
87
793
680
687
79
698
377
800
476
395
814
849
495
733
753
856
753
760
435
866
553
434
882
906
571
767
804
915
761
821
476
940
619
484
962
965
632
788
860
977
799
877
500
1010
542
518
1024
1033
533
851
930
1051
870
942
572
1081
585
559
1102
1101
606
925
971
1118
930
980
609
1158
616
599
1180
1172
633
985
1029
1180
986
1050
628
1229
681
602
1234
1230
685
1043
1099
1235
1060
1118
1276
730
1295
1274
730
1115
1140
1285
1131
1149
1350
781
1371
1333
803
1184
1194
1352
1203
1216
1414
852
1421
1405
872
1257
1264
1426
1273
1283
1462
1479
1477
1319
1332
1499
1336
1340
1522
1534
1542
1378
1392
1557
1380
1403
1585
1598
1597
1409
1451
1605
1423
1471
1650
1649
1651
1438
1510
1666
1454
1522
1699
1716
1717
1495
1565
1737
1515
1583
1768
1757
1789
1560
1613
1794
1579
1631
1806
1822
1837
1630
1674
1846
1646
1684
1872
1892
1895
1690
1715
1914
1706
1721
1938
1960
1961
1757
1767
1973
1773
1776
2008
2023
2009
1816
1813
2028
1838
1819
2069
2087
2063
1873
1866
2080
1884
1874
2136
2158
2128
1919
1926
2150
1933
1940
2209
2231
2184
1984
1961
2204
1986
1972
2260
2280
2252
2031
2014
2260
2047
2028
2327
2343
2311
2097
2080
2332
2116
2085
2393
2414
2382
2167
2135
2401
2182
2135
2466
2480
2448
2232
2183
2462
2251
2201
2522
2540
2508
2289
2247
2528
2295
2586
2605
2575
2339
2593
2358
2657
2676
2643
2404
2655
2415
2712
2728
2699
2459
2715
2766
2757
2735
2747
2793
2808
2792
2799
2856
2872
2850
2866
2882
2883
2917
2933
2928
2933
2984
2998
2984
2976
3023
3031
3022
3038
3083
3088
3088
3097
3135
3151
3132
3134
3198
3211
3179
3195
3261
3272
3240
3256
3323
3339
3307
3318
3389
3402
3370
3383
3425
3437
3414
3425
3476
3487
3469
3539
3533
3578
3588
3636
3648
12
13
14
24
26
35
39
42
59
43
47
77
24
89
75
50
97
110
117
85
73
131
64
98
112
141
64
157
116
57
158
99
186
176
152
43
95
155
49
170
172
215
54
232
189
96
232
134
197
247
223
120
122
215
214
243
273
294
237
15
300
169
255
320
277
43
148
273
46
305
290
342
68
377
57
301
33
362
64
202
399
337
46
369
68
225
323
369
337
423
5
454
91
333
451
121
275
383
475
422
58
212
401
12
436
382
503
535
364
47
517
97
550
255
427
259
494
441
53
461
429
54
583
610
437
594
68
617
326
503
313
426
516
422
34
503
660
512
671
667
677
361
564
356
566
492
492
579
64
740
573
740
750
744
58
30
430
8
640
413
631
492
485
70
72
644
49
638
825
826
62
451
704
517
120
709
892
893
126
514
756
572
161
773
940
957
197
583
820
616
831
1004
1019
652
882
640
878
1070
1086
714
943
703
942
1131
1147
751
999
762
1011
1193
1209
814
1059
778
1071
1262
1262
826
1121
842
1125
1327
1328
879
1170
850
1175
1388
1365
925
1238
880
1206
1454
1425
985
1304
943
1258
1517
1493
1048
1370
990
1308
1586
1561
1105
1436
1058
1352
1645
1628
1038
1461
1102
1412
1711
1697
1048
1530
1169
1478
1777
1748
1597
1229
1542
1842
1813
1660
1270
1607
1884
1880
1726
1273
1665
1944
1937
1785
1731
2005
1989
1845
1792
2062
2052
1903
1835
2127
2090
1966
1895
2160
2145
2033
1959
2204
2211
2088
2022
2262
2271
2123
2089
2310
2315
2190
2151
2370
2381
2238
2217
2436
2445
2273
2268
2487
2512
2296
2332
2552
2547
2360
2363
2619
2610
2424
2430
2686
2672
2480
2490
2750
2736
2518
2557
2809
2794
2555
2582
2876
2859
2619
2646
2928
2924
2666
2713
2973
2983
2728
2777
3037
3049
2784
2799
3083
3099
2843
2860
3133
3166
2887
2889
3195
3216
2954
2945
3258
3281
3017
3011
3317
3341
3056
3068
3383
3405
3103
3108
3444
3472
3153
3160
3504
3515
3208
3216
3547
3577
3269
3278
3610
3641
3336
3341
3674
3707
3391
3740
3772
3432
3806
3832
3497
3858
3897
3558
3918
3963
3982
4021
4045
4086
4109
4139
4155
4193
4215
4257
4280
4320
4340
4383
4405
4440
4465
4505
4521
4558
4581
4620
4645
4683
4708
4747
4759
4796
4817
4856
4881
4903
4924
4963
4968
5028
5029
5085
5086
5149
5150
5190
5208
5246
5273
5299
5337
5364
5402
5423
5467
5483
5519
5545
5582
5608
5635
5665
5694
5718
5756
5782
5812
5834
5869
5895
5925
5954
5980
6019
6045
6077
6096
6129
6147
6187
6209
6252
6258
6314
6312
6376
6365
6424
6484
6534
6586
6647
5
14
23
31
28
25
41
11
13
50
76
68
9
51
21
106
22
88
96
83
53
27
46
15
10
118
154
131
74
133
29
152
21
153
165
167
82
54
50
29
194
201
70
196
215
16
73
226
80
211
244
244
67
77
113
267
264
259
89
288
121
291
156
289
297
321
78
141
47
159
329
343
107
341
371
370
162
145
369
368
401
134
173
172
4
396
406
136
423
448
394
215
420
140
450
468
158
200
124
469
26
178
407
476
54
525
431
107
502
174
526
551
229
165
537
224
472
552
14
591
446
220
576
589
612
247
248
567
7
268
478
630
27
664
501
40
654
298
625
684
317
34
325
649
23
210
552
709
6
734
577
92
726
352
679
754
201
345
692
39
139
632
783
809
648
800
35
393
826
751
186
386
758
198
707
851
887
716
863
443
902
817
225
455
804
223
769
917
954
768
916
510
971
856
510
868
819
974
1027
826
992
497
1042
925
500
943
878
1047
1093
868
1063
558
1109
1000
560
978
917
1101
1152
924
1118
618
1155
961
612
938
925
1176
1213
943
1194
654
1229
986
637
996
995
1233
1284
1009
1246
625
1300
1051
639
1067
1057
1304
1348
1070
1320
670
1366
1123
1133
1122
1374
1420
1129
1384
1429
1187
1191
1183
1442
1483
1195
1430
1495
1232
1246
1242
1482
1535
1238
1495
1542
1304
1298
1285
1552
1594
1297
1549
1604
1330
1307
1355
1604
1646
1371
1592
1655
1354
1367
1415
1649
1697
1422
1660
1708
1402
1411
1477
1707
1750
1493
1720
1766
1460
1475
1546
1778
1818
1560
1788
1826
1513
1517
1609
1843
1884
1611
1853
1900
1573
1588
1660
1898
1945
1665
1909
1959
1646
1660
1723
1961
2017
1711
1963
2032
1714
1724
1762
2012
2087
1777
2015
2099
1782
1798
1834
2073
2155
1818
2088
2141
1844
1858
1875
2142
2189
1877
2149
2205
1898
1911
1911
2198
2261
1869
2210
2271
1941
1941
1919
2251
2317
1929
2257
2331
1973
1973
1977
2314
2384
1963
2327
2391
2020
2025
2021
2383
2427
2382
2435
2083
2087
2434
2479
2447
2490
2135
2127
2495
2542
2504
2536
2559
2590
2549
2600
2602
2649
2602
2656
2651
2709
2662
2711
2717
2765
2729
2773
2764
2827
2768
2808
2797
2858
2807
2871
2857
2921
2862
2932
2915
2975
2927
2984
2982
3015
2978
2991
3027
3037
3036
3046
3080
3101
3091
3114
3133
3164
3142
3163
3192
3203
3202
3216
3255
3267
3268
3280
3321
3334
3319
3347
3356
3395
3367
3404
3421
3451
3434
3462
3484
3511
3490
3523
3541
3573
3546
3583
3601
3636
3613
3648
3630
3698
3643
3705
3688
3738
3700
3739
3781
3781
3832
3845
10
12
29
35
31
21
37
43
38
50
54
74
48
77
44
86
14
108
99
103
59
16
33
126
137
159
153
149
176
51
71
181
175
14
60
206
198
24
230
227
225
109
254
244
249
29
135
251
24
21
254
308
300
274
39
332
38
188
314
301
26
190
320
55
42
335
391
376
347
407
26
374
242
369
26
224
99
360
115
412
465
439
405
481
18
454
270
403
26
285
150
410
38
154
458
551
461
521
541
530
41
329
478
329
452
223
218
17
510
610
499
602
600
597
354
523
360
510
278
270
62
40
558
662
540
664
670
675
71
69
43
385
590
362
593
296
285
46
613
744
747
135
46
434
666
337
678
38
816
805
109
478
737
406
746
882
873
149
541
806
461
808
950
942
603
853
486
875
1016
1008
671
905
555
944
1071
1064
654
973
624
971
1140
1129
696
1029
656
1037
1209
1193
723
1089
717
1100
1275
1258
789
1149
768
1169
1341
1326
829
1217
830
1218
1401
1391
894
1280
830
1285
1470
1459
937
1337
841
1306
1539
1525
976
1406
909
1369
1607
1583
1005
1462
975
1429
1672
1649
1065
1505
968
1488
1741
1711
1130
1552
1529
1806
1765
1182
1595
1595
1871
1832
1244
1663
1654
1934
1892
1229
1724
1721
1991
1958
1297
1785
1784
2055
2015
1851
1847
2110
2077
1908
1914
2165
2142
1969
1932
2220
2209
2031
1993
2277
2270
2097
2039
2323
2337
2162
2102
2387
2404
2214
2168
2454
2466
2260
2216
2509
2531
2327
2275
2573
2594
2381
2321
2631
2659
2446
2388
2695
2720
2510
2439
2759
2782
2561
2500
2822
2834
2620
2560
2884
2881
2673
2612
2945
2945
2728
2666
3003
2993
2788
2732
3069
3038
2855
2798
3108
3101
2902
2847
3154
3165
2959
2914
3213
3224
3022
2977
3228
3283
3080
3043
3287
3334
3144
3105
3351
3395
3211
3170
3418
3460
3272
3235
3481
3521
3335
3288
3548
3585
3393
3335
3615
3650
3454
3394
3678
3713
3519
3443
3742
3767
3586
3502
3796
3804
3642
3563
3862
3870
3693
3600
3908
3937
3731
3638
3973
3992
3793
3695
4040
4041
3849
3751
4107
4098
3912
3818
4147
4161
3969
4205
4214
4033
4265
4271
4096
4327
4336
4149
4393
4389
4211
4458
4453
4262
4498
4518
4308
4559
4583
4374
4580
4647
4438
4642
4705
4481
4687
4770
4540
4718
4830
4599
4781
4894
4652
4845
4955
4694
4897
5015
4759
4952
5065
5015
5127
5063
5181
5127
5221
5183
5284
5247
5346
5310
5410
5375
5454
5436
5509
5482
5572
5546
5630
5608
5674
5669
5735
5734
5799
5797
5864
5856
5923
5921
5984
5982
6048
6035
6108
6100
6162
6126
6225
6190
6288
6250
6306
6365
6429
6491
6552
6599
6648
