5 4.3
10 11.4
15 9
20 7.2
25 10
30 6.6
35 7.1
40 7.3
45 5.5
50 7.4
55 7.3
60 5.1
65 5.8
70 2.1
75 0.6
80 0.4
85 0.2
90 0.6
95 0.3
100 0.2
105 0.3
110 0.3
115 0.4
120 0.2
125 0
130 0.1
135 0
140 0
145 0
150 0.2
155 0
160 0
165 0
170 0
175 0
180 0.1
185 0
190 0
195 0
200 0
205 0
210 0
215 0
220 0
225 0
230 0
235 0
240 0
245 0
250 0
255 0
260 0
265 0
270 0
275 0
280 0
285 0
290 0
295 0
300 0
305 0
310 0
315 0
320 0
325 0
330 0
335 0
340 0
345 0
350 0
355 0
360 0
365 0
370 0
375 0
380 0
385 0
390 0
395 0
400 0
405 0
410 0
415 0
420 0
425 0
430 0
435 0
440 0
445 0
450 0
455 0
460 0
465 0
470 0
475 0
480 0
485 0
490 0
495 0
178 0
5 3.1
10 14.8
15 10.5
20 9.8
25 7.9
30 8.4
35 7.8
40 6.9
45 6.4
50 6.2
55 5.9
60 4.5
65 4.2
70 2.1
75 0.1
80 0.5
85 0.2
90 0.2
95 0.2
100 0.2
105 0.1
110 0
115 0
120 0
125 0
130 0
135 0
140 0
145 0
150 0
155 0
160 0
165 0
170 0
175 0
180 0
185 0
190 0
195 0
200 0
205 0
210 0
215 0
220 0
225 0
230 0
235 0
240 0
245 0
250 0
255 0
260 0
265 0
270 0
275 0
280 0
285 0
290 0
295 0
300 0
305 0
310 0
315 0
320 0
325 0
330 0
335 0
340 0
345 0
350 0
355 0
360 0
365 0
370 0
375 0
380 0
385 0
390 0
395 0
400 0
405 0
410 0
415 0
420 0
425 0
430 0
435 0
440 0
445 0
450 0
455 0
460 0
465 0
470 0
475 0
480 0
485 0
490 0
495 0
102 0
5 5.3
10 13.1
15 7.3
20 9.5
25 7.8
30 7.1
35 7.7
40 6.1
45 5.8
50 6.8
55 7.3
60 5.3
65 6
70 2.3
75 0.7
80 0.2
85 0
90 0.2
95 0.1
100 0.2
105 0.2
110 0.3
115 0.1
120 0
125 0.1
130 0.4
135 0
140 0
145 0
150 0
155 0
160 0
165 0.1
170 0
175 0
180 0
185 0
190 0
195 0
200 0
205 0
210 0
215 0
220 0
225 0
230 0
235 0
240 0
245 0
250 0
255 0
260 0
265 0
270 0
275 0
280 0
285 0
290 0
295 0
300 0
305 0
310 0
315 0
320 0
325 0
330 0
335 0
340 0
345 0
350 0
355 0
360 0
365 0
370 0
375 0
380 0
385 0
390 0
395 0
400 0
405 0
410 0
415 0
420 0
425 0
430 0
435 0
440 0
445 0
450 0
455 0
460 0
465 0
470 0
475 0
480 0
485 0
490 0
495 0
163 0
5 4.4
10 12.1
15 9.2
20 8.4
25 8.1
30 7.2
35 7.7
40 6.2
45 6.4
50 7.8
55 5.8
60 6
65 5.9
70 2.9
75 0.8
80 0.2
85 0.4
90 0.2
95 0
100 0.1
105 0
110 0
115 0.1
120 0.1
125 0
130 0
135 0
140 0
145 0
150 0
155 0
160 0
165 0
170 0
175 0
180 0
185 0
190 0
195 0
200 0
205 0
210 0
215 0
220 0
225 0
230 0
235 0
240 0
245 0
250 0
255 0
260 0
265 0
270 0
275 0
280 0
285 0
290 0
295 0
300 0
305 0
310 0
315 0
320 0
325 0
330 0
335 0
340 0
345 0
350 0
355 0
360 0
365 0
370 0
375 0
380 0
385 0
390 0
395 0
400 0
405 0
410 0
415 0
420 0
425 0
430 0
435 0
440 0
445 0
450 0
455 0
460 0
465 0
470 0
475 0
480 0
485 0
490 0
495 0
117 0
5 4.7
10 12.5
15 11.6
20 8.1
25 8.6
30 8.9
35 7.2
40 5.9
45 7.3
50 5.5
55 6.4
60 5.8
65 4.7
70 1.4
75 0.3
80 0
85 0.1
90 0.1
95 0.5
100 0
105 0.1
110 0.2
115 0.1
120 0
125 0
130 0
135 0
140 0
145 0
150 0
155 0
160 0
165 0
170 0
175 0
180 0
185 0
190 0
195 0
200 0
205 0
210 0
215 0
220 0
225 0
230 0
235 0
240 0
245 0
250 0
255 0
260 0
265 0
270 0
275 0
280 0
285 0
290 0
295 0
300 0
305 0
310 0
315 0
320 0
325 0
330 0
335 0
340 0
345 0
350 0
355 0
360 0
365 0
370 0
375 0
380 0
385 0
390 0
395 0
400 0
405 0
410 0
415 0
420 0
425 0
430 0
435 0
440 0
445 0
450 0
455 0
460 0
465 0
470 0
475 0
480 0
485 0
490 0
495 0
112 0
5 3.6
10 12.1
15 9.8
20 7.1
25 8.7
30 7.2
35 6.2
40 8.5
45 6.3
50 6.3
55 7.4
60 5.2
65 5.3
70 2.8
75 0.8
80 0.4
85 0.4
90 0.2
95 0.4
100 0.4
105 0.2
110 0.1
115 0.2
120 0.1
125 0.2
130 0
135 0
140 0
145 0.1
150 0
155 0
160 0
165 0
170 0
175 0
180 0
185 0
190 0
195 0
200 0
205 0
210 0
215 0
220 0
225 0
230 0
235 0
240 0
245 0
250 0
255 0
260 0
265 0
270 0
275 0
280 0
285 0
290 0
295 0
300 0
305 0
310 0
315 0
320 0
325 0
330 0
335 0
340 0
345 0
350 0
355 0
360 0
365 0
370 0
375 0
380 0
385 0
390 0
395 0
400 0
405 0
410 0
415 0
420 0
425 0
430 0
435 0
440 0
445 0
450 0
455 0
460 0
465 0
470 0
475 0
480 0
485 0
490 0
495 0
141 0
5 4.6
10 12.4
15 10.3
20 10.9
25 8.1
30 10.2
35 6.8
40 7
45 6
50 4.8
55 4.7
60 5.1
65 5.4
70 2.7
75 0.3
80 0.1
85 0.1
90 0.1
95 0
100 0.3
105 0
110 0
115 0
120 0
125 0
130 0.1
135 0
140 0
145 0
150 0
155 0
160 0
165 0
170 0
175 0
180 0
185 0
190 0
195 0
200 0
205 0
210 0
215 0
220 0
225 0
230 0
235 0
240 0
245 0
250 0
255 0
260 0
265 0
270 0
275 0
280 0
285 0
290 0
295 0
300 0
305 0
310 0
315 0
320 0
325 0
330 0
335 0
340 0
345 0
350 0
355 0
360 0
365 0
370 0
375 0
380 0
385 0
390 0
395 0
400 0
405 0
410 0
415 0
420 0
425 0
430 0
435 0
440 0
445 0
450 0
455 0
460 0
465 0
470 0
475 0
480 0
485 0
490 0
495 0
127 0
5 4.6
10 14.2
15 7.7
20 8.3
25 8.1
30 7.2
35 6.7
40 6.9
45 6.5
50 5.5
55 7.3
60 7.3
65 5.6
70 2.2
75 0.3
80 0.2
85 0.1
90 0.4
95 0.1
100 0.1
105 0.1
110 0.1
115 0.1
120 0.1
125 0
130 0
135 0.2
140 0
145 0
150 0
155 0
160 0
165 0
170 0
175 0.1
180 0
185 0
190 0
195 0
200 0
205 0
210 0
215 0
220 0
225 0
230 0
235 0
240 0
245 0
250 0
255 0
260 0
265 0
270 0
275 0
280 0
285 0
290 0
295 0
300 0
305 0
310 0
315 0
320 0
325 0
330 0
335 0
340 0
345 0
350 0
355 0
360 0
365 0
370 0
375 0
380 0
385 0
390 0
395 0
400 0
405 0
410 0
415 0
420 0
425 0
430 0
435 0
440 0
445 0
450 0
455 0
460 0
465 0
470 0
475 0
480 0
485 0
490 0
495 0
172 0
5 5.2
10 13.6
15 9.8
20 7.5
25 7.8
30 8.4
35 6.8
40 6.2
45 5.1
50 6.1
55 7.5
60 5.7
65 5.6
70 2.4
75 0.3
80 0.3
85 0.7
90 0.1
95 0.3
100 0.1
105 0.1
110 0.2
115 0
120 0.1
125 0.1
130 0
135 0
140 0
145 0
150 0
155 0
160 0
165 0
170 0
175 0
180 0
185 0
190 0
195 0
200 0
205 0
210 0
215 0
220 0
225 0
230 0
235 0
240 0
245 0
250 0
255 0
260 0
265 0
270 0
275 0
280 0
285 0
290 0
295 0
300 0
305 0
310 0
315 0
320 0
325 0
330 0
335 0
340 0
345 0
350 0
355 0
360 0
365 0
370 0
375 0
380 0
385 0
390 0
395 0
400 0
405 0
410 0
415 0
420 0
425 0
430 0
435 0
440 0
445 0
450 0
455 0
460 0
465 0
470 0
475 0
480 0
485 0
490 0
495 0
121 0
5 3.1
10 11.5
15 10.1
20 8.9
25 9
30 8.1
35 7.2
40 5.9
45 8.5
50 7.5
55 6.5
60 5.5
65 3.7
70 3
75 0.5
80 0.3
85 0.2
90 0
95 0
100 0.1
105 0.1
110 0
115 0
120 0.2
125 0
130 0.1
135 0
140 0
145 0
150 0
155 0
160 0
165 0
170 0
175 0
180 0
185 0
190 0
195 0
200 0
205 0
210 0
215 0
220 0
225 0
230 0
235 0
240 0
245 0
250 0
255 0
260 0
265 0
270 0
275 0
280 0
285 0
290 0
295 0
300 0
305 0
310 0
315 0
320 0
325 0
330 0
335 0
340 0
345 0
350 0
355 0
360 0
365 0
370 0
375 0
380 0
385 0
390 0
395 0
400 0
405 0
410 0
415 0
420 0
425 0
430 0
435 0
440 0
445 0
450 0
455 0
460 0
465 0
470 0
475 0
480 0
485 0
490 0
495 0
128 0
5 4.1
10 13.9
15 8.2
20 7.8
25 9.3
30 5.8
35 7.8
40 7.7
45 7.4
50 7.1
55 6.5
60 5.7
65 4
70 3
75 0.9
80 0.1
85 0.1
90 0.1
95 0.1
100 0
105 0.2
110 0
115 0.1
120 0
125 0.1
130 0
135 0
140 0
145 0
150 0
155 0
160 0
165 0
170 0
175 0
180 0
185 0
190 0
195 0
200 0
205 0
210 0
215 0
220 0
225 0
230 0
235 0
240 0
245 0
250 0
255 0
260 0
265 0
270 0
275 0
280 0
285 0
290 0
295 0
300 0
305 0
310 0
315 0
320 0
325 0
330 0
335 0
340 0
345 0
350 0
355 0
360 0
365 0
370 0
375 0
380 0
385 0
390 0
395 0
400 0
405 0
410 0
415 0
420 0
425 0
430 0
435 0
440 0
445 0
450 0
455 0
460 0
465 0
470 0
475 0
480 0
485 0
490 0
495 0
120 0
5 5.5
10 12.1
15 9.9
20 8.9
25 7.3
30 7.5
35 7.1
40 9
45 5.9
50 5.7
55 6.4
60 5.3
65 5
70 2.7
75 0.4
80 0.2
85 0.2
90 0.2
95 0
100 0
105 0.4
110 0.3
115 0
120 0
125 0
130 0
135 0
140 0
145 0
150 0
155 0
160 0
165 0
170 0
175 0
180 0
185 0
190 0
195 0
200 0
205 0
210 0
215 0
220 0
225 0
230 0
235 0
240 0
245 0
250 0
255 0
260 0
265 0
270 0
275 0
280 0
285 0
290 0
295 0
300 0
305 0
310 0
315 0
320 0
325 0
330 0
335 0
340 0
345 0
350 0
355 0
360 0
365 0
370 0
375 0
380 0
385 0
390 0
395 0
400 0
405 0
410 0
415 0
420 0
425 0
430 0
435 0
440 0
445 0
450 0
455 0
460 0
465 0
470 0
475 0
480 0
485 0
490 0
495 0
109 0
5 5.3
10 13.5
15 9.2
20 10
25 7.3
30 7.2
35 8.6
40 5.2
45 6.6
50 5.3
55 6.4
60 6.2
65 5.5
70 2
75 0.3
80 0.1
85 0.3
90 0.1
95 0
100 0.3
105 0.1
110 0.4
115 0.1
120 0
125 0
130 0
135 0
140 0
145 0
150 0
155 0
160 0
165 0
170 0
175 0
180 0
185 0
190 0
195 0
200 0
205 0
210 0
215 0
220 0
225 0
230 0
235 0
240 0
245 0
250 0
255 0
260 0
265 0
270 0
275 0
280 0
285 0
290 0
295 0
300 0
305 0
310 0
315 0
320 0
325 0
330 0
335 0
340 0
345 0
350 0
355 0
360 0
365 0
370 0
375 0
380 0
385 0
390 0
395 0
400 0
405 0
410 0
415 0
420 0
425 0
430 0
435 0
440 0
445 0
450 0
455 0
460 0
465 0
470 0
475 0
480 0
485 0
490 0
495 0
112 0
5 4.5
10 14.3
15 9.9
20 8.5
25 9.5
30 6.6
35 7.5
40 6
45 7.3
50 6.2
55 7.1
60 5.1
65 4.6
70 1.6
75 0.2
80 0.1
85 0.1
90 0.1
95 0
100 0.1
105 0.2
110 0.2
115 0.1
120 0.1
125 0.1
130 0
135 0
140 0
145 0
150 0
155 0
160 0
165 0
170 0
175 0
180 0
185 0
190 0
195 0
200 0
205 0
210 0
215 0
220 0
225 0
230 0
235 0
240 0
245 0
250 0
255 0
260 0
265 0
270 0
275 0
280 0
285 0
290 0
295 0
300 0
305 0
310 0
315 0
320 0
325 0
330 0
335 0
340 0
345 0
350 0
355 0
360 0
365 0
370 0
375 0
380 0
385 0
390 0
395 0
400 0
405 0
410 0
415 0
420 0
425 0
430 0
435 0
440 0
445 0
450 0
455 0
460 0
465 0
470 0
475 0
480 0
485 0
490 0
495 0
124 0
5 4.9
10 14.5
15 10.7
20 8.1
25 8.1
30 8.4
35 6.4
40 6.1
45 6
50 7.1
55 6.2
60 5.1
65 4.6
70 2.1
75 0.7
80 0
85 0.3
90 0.1
95 0
100 0
105 0.2
110 0.1
115 0
120 0.2
125 0
130 0.1
135 0
140 0
145 0
150 0
155 0
160 0
165 0
170 0
175 0
180 0
185 0
190 0
195 0
200 0
205 0
210 0
215 0
220 0
225 0
230 0
235 0
240 0
245 0
250 0
255 0
260 0
265 0
270 0
275 0
280 0
285 0
290 0
295 0
300 0
305 0
310 0
315 0
320 0
325 0
330 0
335 0
340 0
345 0
350 0
355 0
360 0
365 0
370 0
375 0
380 0
385 0
390 0
395 0
400 0
405 0
410 0
415 0
420 0
425 0
430 0
435 0
440 0
445 0
450 0
455 0
460 0
465 0
470 0
475 0
480 0
485 0
490 0
495 0
126 0
