4
5
8
9
12
13
16
17
20
21
24
25
28
29
32
33
36
37
40
41
44
45
48
49
52
53
56
57
60
61
64
65
67
68
71
73
72
75
77
76
79
81
80
83
85
84
87
89
88
91
93
92
95
97
96
99
101
100
103
105
104
107
109
108
111
113
112
115
117
116
119
121
120
123
125
124
127
129
128
133
136
135
138
140
139
144
145
145
148
149
152
153
156
160
161
164
163
168
172
173
176
180
184
182
188
192
196
194
199
203
207
213
215
219
224
224
229
236
245
245
250
257
268
266
278
282
286
290
284
294
298
302
306
310
302
314
318
322
326
330
320
334
338
341
345
338
349
353
357
361
365
356
369
373
377
381
385
374
389
393
397
401
392
405
409
414
419
410
428
432
437
428
442
447
452
446
466
471
464
489
507
525
543
561
579
12
13
17
30
31
35
6
24
13
31
17
35
16
34
18
17
36
35
11
22
53
32
43
5
14
26
35
5
10
16
23
28
18
34
41
46
36
54
72
90
10
17
31
38
15
52
33
14
32
12
30
15
15
12
33
33
30
51
22
69
40
87
21
61
42
82
100
9
27
19
37
4
19
25
40
17
19
38
18
40
8
36
26
54
18
36
7
10
9
25
31
30
5
8
23
26
41
12
18
19
33
36
40
20
10
38
28
46
8
26
4
44
22
12
30
15
33
15
33
51
17
35
17
56
38
11
29
10
28
17
5
35
23
11
17
29
35
47
12
19
30
37
55
9
73
27
13
11
31
29
21
7
39
25
14
32
12
50
30
11
29
47
12
19
30
37
55
73
8
91
26
109
127
10
148
31
15
169
33
52
4
12
193
54
76
5
33
28
217
75
23
100
238
14
17
32
35
4
22
6
24
18
36
12
30
9
27
11
9
29
10
13
27
9
28
34
30
55
5
76
26
97
47
13
6
121
34
24
142
5
55
45
163
26
66
181
7
199
87
28
217
108
235
7
253
25
10
271
21
31
289
42
307
325
10
343
28
361
379
17
397
35
415
53
13
31
14
32
8
4
26
22
7
44
25
9
43
27
5
23
41
9
62
30
4
14
22
14
35
6
7
41
30
31
11
29
47
10
65
28
11
9
83
29
27
101
19
17
37
15
38
18
55
39
39
73
60
60
91
81
109
99
127
117
135
7
25
15
43
5
20
6
36
61
23
24
41
57
62
5
23
13
4
31
22
18
36
54
72
90
12
108
30
20
8
41
29
12
30
14
17
32
16
35
34
5
53
52
23
71
41
89
7
107
17
19
28
125
37
38
143
20
55
161
11
41
12
179
32
62
7
30
200
80
28
221
98
49
116
242
70
263
15
281
33
12
299
30
317
10
335
17
28
7
35
46
356
28
377
15
52
401
15
39
33
422
440
17
458
35
476
494
512
19
530
37
548
55
566
9
584
27
602
620
638
6
656
24
674
42
692
710
18
5
731
39
23
752
20
41
773
41
794
812
830
848
866
884
902
920
938
956
974
992
1010
1028
17
16
35
34
16
12
5
34
33
16
26
55
54
37
72
12
30
13
14
31
32
5
23
41
59
77
9
27
14
32
5
50
18
23
68
36
41
59
77
13
31
15
15
14
33
33
32
10
28
19
37
5
23
14
21
32
13
39
31
6
24
19
37
11
29
47
65
9
27
17
35
19
37
8
11
26
29
13
31
18
36
10
13
28
31
14
46
32
50
10
28
15
18
33
36
16
57
37
16
78
34
9
27
13
31
5
6
23
24
41
17
35
6
24
15
33
9
27
10
8
28
26
9
27
4
22
14
8
32
26
17
35
53
17
35
17
6
35
24
53
6
4
24
22
9
42
27
14
32
10
28
19
37
11
55
29
14
7
10
35
25
31
56
43
52
61
79
18
18
36
36
9
27
10
28
10
28
10
28
14
32
18
36
8
9
54
29
22
30
75
43
61
79
97
11
9
29
16
47
30
14
37
32
50
11
13
15
68
32
31
36
4
22
10
19
7
28
40
28
9
16
27
13
34
8
31
26
49
44
62
7
9
18
28
27
39
7
25
16
5
34
23
18
5
36
23
10
28
13
10
31
28
17
4
35
22
9
27
15
33
9
20
27
38
56
74
7
9
28
30
10
28
4
22
7
25
16
19
34
37
52
70
4
88
22
13
10
31
28
16
34
15
33
6
24
42
60
8
9
26
27
4
22
19
14
40
35
9
27
19
45
37
11
29
18
36
9
8
27
7
26
25
19
37
5
23
17
35
10
28
46
16
7
34
25
52
43
61
12
4
8
12
16
20
24
28
32
36
40
44
48
52
56
60
64
67
71
73
75
77
79
81
83
85
87
89
91
93
95
97
99
101
103
105
107
109
111
113
115
117
119
121
123
125
127
129
133
136
136
140
142
141
144
146
146
148
150
151
152
154
156
158
160
162
164
166
168
167
170
172
174
172
176
178
180
182
184
186
188
190
188
192
194
193
196
198
202
202
205
209
209
209
213
217
214
219
221
225
226
229
233
230
237
235
241
245
249
253
257
253
261
265
271
272
275
276
271
279
283
282
287
287
291
295
289
299
300
303
307
306
311
315
307
319
323
327
331
334
325
338
342
346
350
343
354
358
362
366
370
374
378
382
386
390
394
397
401
407
411
416
420
425
429
436
440
457
19
37
21
39
10
28
4
17
22
35
6
11
24
29
17
35
7
25
4
19
22
5
37
23
13
31
18
4
36
22
54
72
4
10
17
12
93
25
31
5
13
30
44
46
29
48
37
9
27
12
30
7
25
4
22
16
43
37
17
35
17
35
53
71
89
13
9
107
31
27
125
143
10
19
164
31
37
18
185
55
36
203
16
34
11
29
20
38
10
28
9
19
27
37
12
12
17
58
30
33
35
79
53
71
17
35
18
53
18
36
74
6
39
24
95
60
42
116
81
15
18
19
36
36
8
40
26
5
23
4
41
4
25
59
25
14
32
5
23
6
17
24
35
8
53
26
44
62
80
98
10
28
9
11
30
32
12
30
8
13
26
31
49
18
17
36
35
16
54
34
72
90
108
7
129
15
9
28
33
27
45
63
81
99
117
5
23
10
28
19
12
5
12
37
30
23
30
55
13
73
51
34
6
24
42
12
5
33
26
8
17
9
17
26
38
35
30
44
59
62
51
13
7
31
25
43
4
6
61
25
27
17
35
8
7
29
28
50
18
8
36
71
8
29
26
17
35
16
34
7
25
9
27
15
33
10
28
5
22
5
26
23
43
13
44
34
15
33
16
34
52
70
14
32
15
33
13
31
4
15
22
6
33
24
18
45
39
8
4
29
25
5
50
23
68
4
22
10
28
5
23
5
23
11
44
19
32
37
9
7
27
21
28
45
8
42
11
26
60
29
6
4
24
17
22
35
18
12
36
30
7
25
11
6
32
18
30
56
42
77
95
113
131
149
167
185
17
35
13
14
31
32
49
8
26
11
29
19
37
17
5
35
23
16
34
5
23
9
27
13
14
23
37
38
47
61
79
12
30
16
48
34
66
84
14
32
18
36
18
36
11
29
47
65
4
17
22
35
7
10
43
28
28
8
15
26
33
9
19
27
37
45
19
37
55
11
29
12
22
33
43
18
36
5
23
10
7
28
25
6
6
19
24
24
37
42
60
78
12
30
17
16
35
10
37
53
31
10
6
28
24
42
8
26
6
24
19
37
11
29
6
5
7
24
15
23
28
42
36
60
49
78
96
5
23
10
28
7
25
10
19
6
28
37
20
24
38
56
16
19
34
37
5
23
41
15
33
6
19
24
37
19
37
6
8
24
26
9
27
13
48
34
69
6
90
27
111
48
10
28
14
10
19
52
38
28
43
16
34
12
19
33
10
40
28
58
19
8
40
29
61
11
11
6
29
6
29
24
47
24
13
31
11
29
16
13
34
31
13
52
6
34
24
42
4
63
25
84
9
46
27
64
82
6
100
24
118
10
136
28
154
15
33
11
51
29
69
13
31
9
27
17
11
35
19
29
37
47
55
8
26
14
14
32
32
6
18
24
36
16
34
9
6
27
24
15
7
8
33
25
26
51
69
10
28
10
46
28
46
64
6
24
42
60
8
14
26
32
9
27
18
36
12
16
30
34
16
13
14
34
31
32
49
50
68
15
9
36
30
57
9
12
27
30
9
27
7
19
25
37
43
61
14
32
4
50
22
15
33
13
31
21
39
57
10
9
78
31
27
99
16
4
34
22
12
30
16
11
19
34
32
40
58
5
23
10
9
28
27
45
63
11
4
10
81
29
25
31
47
7
68
4
28
22
7
25
15
7
36
28
5
23
41
16
18
34
36
17
12
35
30
11
8
29
26
44
15
33
9
27
45
10
17
28
35
53
5
23
41
19
37
55
15
11
33
29
47
65
83
16
101
34
119
52
70
6
19
6
6
88
27
40
27
27
48
61
15
45
4
69
82
36
25
90
103
16
121
34
18
16
36
34
18
36
11
18
32
39
12
57
30
48
18
36
16
7
34
25
12
52
9
30
27
48
16
17
34
35
19
37
6
24
42
4
5
5
8
9
9
12
13
13
16
17
17
20
21
21
24
25
25
28
29
29
32
33
33
36
37
37
40
41
41
44
45
45
48
49
49
52
53
53
56
57
57
60
61
61
64
65
65
67
68
68
71
73
72
72
75
77
76
76
79
81
80
80
83
85
84
84
87
89
88
88
91
93
92
92
95
97
96
96
99
101
100
100
103
105
104
104
107
109
108
108
111
113
112
112
115
117
116
116
119
121
120
120
123
125
124
124
127
129
128
128
133
131
131
132
136
135
135
138
140
139
141
144
144
146
148
150
152
151
156
156
160
158
158
162
164
162
162
168
166
168
172
170
174
176
180
178
184
183
183
188
185
189
192
189
191
196
195
203
202
204
208
207
212
209
212
216
216
220
226
223
228
230
236
241
241
245
246
249
248
259
263
264
268
266
273
277
287
284
292
297
295
302
311
316
320
332
337
338
355
356
373
374
391
409
427
445
463
481
499
13
13
31
31
19
37
55
10
28
14
32
50
17
68
35
53
6
24
12
9
30
27
48
16
15
69
37
9
33
90
13
27
58
54
111
34
45
8
129
52
66
29
70
47
88
19
37
17
35
53
9
27
45
10
63
28
81
99
8
26
12
30
4
15
25
36
54
8
72
4
26
90
17
22
44
111
38
40
62
132
58
80
16
98
6
34
8
24
26
44
10
28
11
29
12
30
48
14
66
32
10
7
28
25
10
28
6
10
24
28
12
18
30
36
4
48
8
22
66
26
84
8
11
26
29
7
25
17
15
35
33
53
12
30
16
15
34
33
52
51
7
25
6
43
24
7
8
17
12
28
29
38
11
36
32
20
20
41
41
20
38
19
17
40
12
38
61
30
10
28
18
46
36
11
29
10
28
6
24
42
4
18
22
36
15
33
19
7
37
25
14
32
6
24
10
28
5
22
23
40
41
59
5
77
23
95
21
44
113
42
16
21
131
7
71
149
40
25
45
95
167
66
84
6
24
10
28
18
13
8
46
17
26
42
37
10
44
61
34
6
24
17
35
22
40
4
22
10
28
21
15
52
45
39
4
22
6
24
19
37
55
8
76
29
97
115
133
151
4
169
22
187
205
7
20
223
28
41
18
241
36
259
8
11
57
29
29
25
50
46
4
5
22
23
7
25
4
22
7
22
28
43
9
61
27
18
15
36
33
18
5
36
23
41
59
12
16
30
34
13
31
14
32
17
9
38
30
13
31
14
32
6
24
4
22
17
35
53
4
11
8
74
22
29
29
20
11
19
47
38
32
40
17
35
7
25
10
28
14
19
32
37
9
27
22
40
11
29
19
37
13
31
12
49
30
67
85
103
121
139
7
157
25
12
175
4
193
33
25
211
229
247
10
268
8
31
9
289
18
26
52
30
310
39
328
346
364
17
382
35
12
400
7
418
33
28
436
454
5
23
18
5
36
23
9
27
45
16
5
34
23
6
24
16
4
34
22
16
15
34
33
52
11
29
5
23
12
41
15
33
12
62
36
33
83
54
9
104
75
27
125
13
143
4
34
161
25
179
55
16
197
46
34
15
10
215
33
28
233
18
51
46
251
17
36
269
35
287
305
323
341
16
359
8
34
17
383
32
41
15
13
13
33
31
31
11
14
32
35
9
27
45
63
81
9
27
13
9
31
27
45
63
14
32
12
30
16
8
34
26
16
34
8
26
44
62
13
31
13
49
31
5
14
23
17
32
35
14
32
50
5
23
4
22
19
37
8
19
26
37
5
4
4
26
22
25
18
43
11
36
29
13
31
49
67
19
4
40
25
61
8
6
26
24
42
12
18
60
30
36
14
32
8
10
29
31
50
52
71
73
5
23
5
23
19
7
37
17
25
55
35
73
18
91
13
36
10
25
109
37
127
34
49
61
145
163
181
199
12
30
16
21
48
7
37
66
42
25
58
84
102
9
20
30
41
51
62
72
10
28
12
30
48
66
84
21
12
105
42
30
126
144
162
180
9
201
16
30
5
34
14
225
13
26
32
31
49
67
16
34
17
10
35
28
53
71
5
89
23
4
107
10
25
125
31
4
22
4
14
25
35
4
11
22
18
29
17
36
47
35
5
65
23
83
101
19
119
37
137
55
155
9
27
4
22
19
16
37
34
4
22
9
6
30
16
30
54
40
6
24
42
14
7
32
25
12
15
12
30
46
36
30
67
57
48
66
15
11
10
33
29
10
31
31
49
11
29
4
22
5
18
23
36
8
19
26
37
13
55
31
19
6
49
76
40
24
97
61
118
82
4
5
8
9
12
13
16
17
20
21
24
25
28
29
32
33
36
37
40
41
44
45
48
49
52
53
56
57
60
61
64
65
67
68
71
73
72
75
77
76
79
81
80
83
85
84
87
89
88
91
93
92
95
97
96
99
101
100
103
105
104
107
109
108
111
113
112
115
117
116
119
121
120
123
125
124
127
129
128
131
133
133
136
137
139
140
144
144
148
149
152
156
158
160
164
168
172
176
180
184
188
192
196
199
206
210
209
214
215
218
222
226
230
230
234
238
236
242
246
250
254
251
258
262
266
269
269
273
277
281
285
289
287
293
297
301
305
309
305
313
317
321
325
329
332
336
340
346
350
354
359
363
370
379
387
394
408
426
444
462
480
498
516
534
552
570
588
606
624
642
660
678
696
714
732
750
768
786
804
822
840
12
858
30
16
876
34
894
912
930
948
966
984
12
1002
30
1020
5
1038
23
1056
41
9
1077
23
33
1101
47
1122
1140
8
1158
26
1176
1194
1212
1230
1248
16
1266
34
1284
1302
1320
21
1341
42
1362
63
1383
84
7
1407
18
108
8
31
36
1431
26
1449
10
15
1467
28
33
1485
46
1503
1521
1539
1557
1575
1593
1611
8
11
1632
29
29
1653
1671
9
1692
30
14
48
32
22
40
58
15
76
33
94
51
9
27
7
25
16
19
34
13
37
31
55
49
73
5
13
23
31
9
6
10
30
24
31
51
17
6
35
24
8
26
7
14
15
25
12
35
36
30
12
4
30
22
48
40
66
18
6
36
24
15
33
51
69
13
90
34
18
111
14
129
39
35
147
165
6
186
13
4
27
6
31
207
22
6
27
27
48
5
23
41
59
77
7
25
5
46
14
26
32
17
35
13
31
7
10
11
28
31
29
49
19
70
9
40
91
27
61
9
45
112
27
130
45
148
15
166
33
20
7
184
17
11
38
25
205
38
29
226
15
59
33
77
14
21
35
42
18
36
9
27
17
35
14
13
35
34
52
70
88
106
6
18
24
36
54
72
19
37
15
33
11
29
13
6
17
9
24
34
17
27
38
55
35
59
10
17
79
31
35
53
71
19
7
16
37
25
34
43
52
4
70
22
88
14
106
32
10
50
127
8
31
68
26
148
166
18
187
15
42
211
39
232
17
35
10
28
7
25
16
34
16
34
6
24
17
35
9
27
45
6
16
24
34
4
11
9
22
32
20
14
36
44
38
10
12
28
22
33
43
16
13
34
8
31
17
26
15
38
36
5
23
7
25
43
12
61
30
79
14
32
19
15
40
36
61
57
10
7
82
28
25
100
6
24
5
18
23
36
9
12
27
30
5
23
4
22
17
35
8
53
4
26
22
22
47
7
43
68
19
25
37
13
9
14
31
27
32
49
50
11
29
8
26
13
31
13
49
31
11
29
11
11
29
29
6
24
4
22
6
24
13
15
31
33
49
18
15
36
33
6
24
5
23
19
44
40
22
17
40
35
11
6
29
24
47
65
7
83
25
101
43
15
119
61
12
33
82
33
10
28
9
18
27
36
54
12
30
19
15
37
33
9
27
10
5
28
23
46
64
10
28
14
10
46
32
28
46
16
34
4
22
40
58
76
94
112
130
148
166
184
15
17
202
33
35
220
5
4
51
23
241
25
262
46
283
67
17
18
19
88
38
39
40
8
109
60
26
127
145
163
181
13
202
34
223
241
15
259
33
18
5
277
36
23
295
313
331
9
7
27
25
10
43
19
28
37
55
14
32
17
35
6
24
4
22
10
40
11
7
31
58
32
19
28
52
76
53
4
40
49
22
40
58
13
31
13
11
31
29
9
13
27
12
31
30
18
36
12
30
19
37
55
6
24
10
28
5
23
8
17
29
38
17
50
5
59
35
23
17
16
35
17
34
35
18
53
36
71
54
72
5
90
23
15
108
33
126
5
144
23
162
180
198
11
216
29
234
47
252
8
270
26
288
306
324
4
22
13
31
16
52
37
73
91
19
109
37
4
19
5
25
15
40
23
9
33
11
61
10
44
6
30
16
22
82
31
38
51
30
37
46
52
5
4
15
9
23
22
33
27
45
7
25
8
15
9
26
33
27
44
9
27
45
63
81
13
99
31
117
18
17
135
36
35
20
156
53
4
44
71
25
15
7
33
25
7
25
11
29
14
32
17
35
53
71
8
5
26
23
5
23
41
4
19
22
37
20
38
22
40
6
24
11
42
29
19
17
37
35
14
32
6
24
13
31
11
29
47
65
17
83
4
35
21
7
25
53
20
25
45
7
71
44
89
28
20
12
9
38
30
27
56
19
37
4
5
5
8
9
9
12
13
13
16
17
17
20
21
21
24
25
25
28
29
29
32
33
33
36
37
37
40
41
41
44
45
45
48
49
49
52
53
53
56
57
57
60
61
61
64
65
65
67
68
68
71
73
72
72
75
77
76
76
79
81
80
80
83
85
84
84
87
89
88
88
91
93
92
92
95
97
96
96
99
101
100
100
103
105
104
104
107
109
108
108
111
113
112
112
115
117
116
116
119
121
120
120
123
125
124
124
127
129
128
128
131
133
131
135
136
135
136
140
140
144
144
146
148
152
151
153
156
156
156
160
160
164
163
168
167
172
171
171
173
176
180
180
184
183
188
192
189
191
196
197
212
218
4
22
14
32
6
50
24
6
68
42
24
13
6
11
45
34
24
29
66
47
10
28
17
35
8
26
44
4
22
19
9
37
27
13
55
31
15
8
33
26
19
37
17
17
8
35
35
26
53
17
35
9
27
5
5
6
23
23
24
13
31
13
31
18
36
5
23
4
17
25
38
12
30
18
36
19
18
37
9
36
27
11
17
29
35
16
34
6
24
6
24
15
33
8
10
26
28
18
15
36
19
33
37
51
69
16
34
11
29
18
36
54
72
4
17
22
35
9
19
30
16
40
34
16
18
34
36
19
12
37
30
48
12
4
5
33
23
25
43
7
5
25
23
4
22
6
24
13
17
31
35
4
4
25
25
46
64
6
24
13
31
17
35
53
14
19
35
40
56
18
36
14
12
57
35
30
4
7
22
25
40
43
58
61
76
17
35
8
10
26
5
28
23
7
25
14
32
14
32
50
8
71
29
92
16
110
34
128
7
149
28
12
46
30
10
8
28
8
15
26
29
36
44
9
15
15
62
27
57
36
33
45
78
57
51
19
63
102
40
81
123
99
10
141
117
28
11
13
29
31
18
16
36
34
54
72
10
90
28
108
46
64
82
100
118
18
10
136
36
28
54
72
90
11
5
29
23
11
41
29
10
28
18
36
54
15
9
33
27
51
15
33
51
19
37
5
23
20
10
44
41
28
46
17
35
18
11
9
36
29
27
47
12
30
17
35
18
15
39
15
36
33
16
34
9
27
45
63
16
81
34
99
117
135
19
153
19
37
174
40
195
213
231
249
267
14
285
32
303
50
321
68
15
339
12
36
357
33
57
375
54
393
21
81
14
78
414
45
105
35
4
435
66
126
22
453
87
147
17
471
168
489
38
189
507
18
207
528
13
39
549
31
567
7
588
28
14
609
32
16
630
50
37
16
68
654
37
86
675
104
693
122
711
10
20
140
28
732
41
158
753
176
771
194
789
13
21
218
807
5
37
18
45
825
242
23
36
843
260
861
278
879
296
6
897
314
24
18
36
12
30
14
32
10
4
31
25
9
27
16
34
13
31
11
29
11
29
9
27
4
22
11
29
4
22
40
58
8
76
26
12
4
30
15
22
33
17
40
35
58
8
76
26
7
94
47
28
112
68
130
148
166
184
202
220
19
238
37
256
55
274
73
292
16
8
34
26
52
70
17
35
9
27
10
28
46
8
26
19
37
7
16
28
37
49
67
10
85
28
9
103
27
14
121
9
32
27
19
37
55
73
91
19
109
37
127
11
29
22
50
43
12
30
13
31
12
19
14
30
37
32
19
37
13
31
49
5
70
26
4
22
40
10
11
8
31
29
29
52
50
68
4
86
16
22
20
34
38
52
70
88
6
106
24
124
7
25
8
26
18
36
5
22
26
43
10
17
28
35
19
37
55
6
24
10
28
13
8
6
31
26
16
24
49
34
16
42
34
60
52
78
70
96
88
114
9
27
9
27
13
31
4
22
6
24
19
37
11
29
12
5
30
23
48
66
8
13
26
31
44
62
4
80
22
5
16
4
12
23
37
22
7
33
7
40
25
16
28
58
37
18
36
7
19
25
14
40
6
8
38
27
26
21
39
17
57
35
75
19
37
11
29
14
47
9
32
27
10
28
14
32
10
28
4
22
15
33
11
17
32
38
11
10
14
28
32
10
38
46
31
59
10
28
13
13
31
31
49
10
67
28
85
18
103
9
39
121
30
48
19
19
37
37
14
32
4
7
13
25
25
34
43
61
79
97
17
35
12
53
30
16
13
34
31
52
70
88
106
124
16
145
37
166
13
31
11
6
15
29
27
36
54
72
21
93
42
20
117
41
24
141
18
65
48
36
165
9
183
8
27
17
201
26
35
219
237
255
273
291
309
327
13
345
31
7
19
25
37
18
36
54
72
90
108
10
28
18
4
8
12
16
20
24
28
32
36
40
44
48
52
56
60
64
67
71
75
79
83
87
91
95
99
103
107
111
115
119
123
127
130
134
137
141
140
145
149
150
153
155
157
159
161
165
169
173
177
177
181
185
189
193
197
195
200
204
206
208
210
212
214
216
218
220
222
224
226
228
230
232
234
236
238
240
242
244
246
248
250
252
254
256
258
260
262
266
269
273
273
277
281
285
289
293
297
301
305
309
313
317
321
325
329
334
340
344
351
356
362
369
367
373
373
377
377
381
385
384
389
389
393
397
401
401
405
409
408
413
417
421
425
429
426
432
436
440
444
448
452
456
460
464
468
472
476
480
484
488
492
496
504
509
518
522
540
14
10
35
31
49
12
30
8
26
12
30
16
9
16
21
34
34
19
30
42
20
37
55
51
16
41
76
34
94
112
12
9
33
30
16
34
16
18
34
36
5
16
23
20
34
38
56
74
92
9
6
27
8
24
26
7
25
43
61
13
31
18
36
5
23
41
59
77
95
113
7
131
25
149
16
9
21
170
34
27
18
11
42
191
55
36
32
209
76
54
8
26
44
6
62
24
80
42
98
116
134
15
33
6
24
15
33
17
35
11
29
5
23
41
15
6
10
33
19
24
31
42
40
13
60
16
19
13
31
4
37
40
34
25
13
13
31
13
31
49
31
49
8
49
67
16
26
34
17
8
35
26
18
36
18
5
36
23
8
26
10
28
17
35
7
25
19
5
40
7
29
28
50
19
6
13
6
52
40
27
24
34
73
61
48
42
55
94
82
69
60
115
100
78
8
96
26
114
44
4
132
62
22
150
80
168
98
186
116
12
134
30
17
35
9
27
18
22
39
43
60
78
20
99
41
10
28
46
8
7
29
28
19
8
37
6
26
17
24
35
42
4
8
25
29
12
5
33
17
26
54
35
4
22
10
28
18
36
4
22
17
35
7
25
12
8
30
26
9
27
12
30
18
36
14
32
50
14
12
32
30
48
11
29
47
8
26
44
13
31
15
52
12
39
24
79
39
19
48
103
63
37
72
127
87
148
108
12
169
129
30
7
190
25
208
6
43
13
22
24
229
8
34
40
26
250
13
58
268
31
76
14
286
94
32
16
304
115
37
322
136
340
358
19
376
37
19
11
394
37
21
29
18
415
42
47
36
436
65
17
454
83
35
13
475
4
22
104
34
22
43
17
6
35
14
24
19
32
37
12
30
13
31
7
25
16
12
34
19
30
37
55
21
39
57
15
6
14
33
24
32
51
50
11
68
29
6
24
14
4
32
22
4
22
7
25
13
13
31
31
11
29
6
24
13
7
31
25
19
37
13
7
34
28
55
21
76
42
14
12
32
30
8
26
8
18
29
39
7
25
7
25
16
6
46
34
18
27
36
54
6
72
24
12
30
7
25
15
9
33
27
4
22
18
36
10
12
57
30
31
78
52
16
34
13
11
8
6
31
29
13
26
13
24
31
31
42
13
31
49
11
29
47
5
15
9
23
33
27
7
11
25
29
47
5
23
4
22
40
11
58
29
76
47
65
19
37
55
73
91
18
109
36
127
54
72
7
90
8
8
25
14
108
26
29
9
35
27
7
25
11
43
29
8
26
17
5
35
23
18
36
7
19
25
37
55
14
5
32
23
50
7
41
68
25
6
24
9
27
45
63
13
31
14
49
32
19
10
16
40
31
34
9
52
27
70
16
5
34
8
23
26
15
33
16
34
52
7
70
25
15
33
12
30
17
35
5
23
12
41
30
5
23
16
34
10
8
17
9
13
26
31
35
27
6
24
44
37
24
45
62
58
18
66
36
79
87
100
8
111
124
11
32
29
145
53
16
166
74
34
187
205
223
241
259
5
277
23
17
295
35
313
10
4
28
22
4
19
17
16
25
40
38
11
37
29
14
32
8
50
26
15
33
4
22
17
19
35
37
21
39
11
57
29
6
24
6
24
9
27
45
5
10
23
10
28
6
28
11
46
27
32
6
24
18
36
14
5
35
26
10
28
10
28
10
28
10
28
4
20
22
38
40
56
58
76
94
7
112
11
25
29
12
13
12
30
31
30
10
51
31
17
35
17
14
35
14
32
53
17
35
38
4
22
5
23
9
27
10
19
5
28
18
37
23
36
8
4
26
22
40
58
76
94
112
18
17
130
36
35
148
11
169
32
190
208
226
244
262
19
280
37
298
316
7
334
25
352
370
388
406
19
4
37
16
22
34
4
22
40
15
58
33
11
76
51
29
94
69
21
112
39
130
4
8
12
16
20
24
28
32
36
40
44
48
52
56
60
64
67
71
73
75
77
79
81
83
85
87
89
91
93
95
97
99
101
103
105
107
109
111
113
115
117
119
121
123
125
127
129
131
133
135
136
140
142
144
144
146
148
148
150
152
154
156
158
160
159
162
164
166
168
170
172
174
176
178
177
180
182
184
186
188
190
192
194
196
198
202
205
208
209
213
216
217
221
225
229
233
234
237
241
245
249
253
257
261
265
271
273
275
277
279
281
283
287
287
291
295
299
300
303
307
305
311
315
319
323
323
327
331
334
338
342
346
350
354
358
362
366
370
374
378
382
386
390
394
397
403
411
415
424
436
445
457
466
478
496
514
10
28
19
17
37
35
4
5
22
23
18
36
6
24
10
13
28
31
15
33
8
51
26
69
7
6
28
27
17
35
12
53
30
17
35
5
23
41
15
12
33
14
30
32
18
36
8
15
26
20
36
16
44
8
37
26
44
11
62
29
80
47
98
17
9
35
27
14
32
50
7
25
7
19
43
28
40
61
49
61
10
28
14
32
7
25
12
30
48
13
31
18
36
10
28
15
11
46
17
33
29
67
38
20
54
12
41
30
48
10
28
10
28
16
6
34
24
52
12
30
10
28
46
7
5
28
26
49
14
67
32
13
53
14
7
34
32
8
52
28
50
29
14
32
50
8
16
26
4
34
18
47
22
39
12
30
17
35
5
23
12
14
30
32
9
9
5
14
30
27
26
32
15
33
10
28
46
9
27
45
7
63
25
9
9
30
30
14
32
14
6
35
27
7
25
14
19
32
37
55
15
33
11
4
51
29
22
7
47
11
25
65
29
83
47
101
65
83
101
16
34
52
70
4
88
22
106
8
127
29
148
50
14
12
68
35
33
56
15
74
33
12
92
51
30
6
110
16
24
34
4
42
22
18
36
5
23
5
9
26
30
6
24
42
6
13
24
31
6
42
24
14
42
32
7
60
25
78
12
19
30
99
9
40
120
27
138
8
26
13
9
31
27
19
45
14
37
32
14
11
35
14
32
32
50
13
68
31
17
49
6
35
24
14
5
18
35
23
39
7
25
43
10
16
64
31
34
85
19
37
8
26
13
44
31
9
13
27
31
18
6
36
24
21
39
12
30
8
26
13
31
5
49
23
6
24
4
22
10
28
11
15
7
18
49
32
36
28
36
10
70
53
15
49
28
60
74
36
92
110
128
146
164
16
34
5
52
23
41
13
31
8
49
26
16
44
34
4
17
22
35
17
35
8
53
26
71
89
4
22
20
18
38
36
19
37
17
35
18
36
17
35
53
71
18
36
12
30
18
13
51
39
22
15
34
43
33
55
51
11
9
29
27
10
45
28
17
6
35
24
19
56
40
19
17
61
40
35
8
26
11
14
29
32
16
34
12
30
4
22
13
31
10
28
8
11
26
29
6
44
24
9
5
27
23
6
44
27
65
15
33
51
8
5
26
23
10
16
28
34
19
37
8
26
10
28
17
46
35
9
53
27
71
8
89
26
107
9
16
27
34
11
12
29
30
48
19
37
9
55
27
7
4
16
28
25
34
4
22
10
40
20
28
61
46
41
82
100
16
118
13
34
139
34
160
55
181
18
199
36
5
217
23
4
238
25
259
19
18
37
8
39
55
29
73
91
13
109
12
31
4
30
130
25
43
13
13
61
31
31
49
22
70
43
8
26
15
33
10
28
46
64
82
13
14
31
32
10
6
28
24
12
30
16
16
37
6
37
9
27
30
18
36
14
19
32
37
16
34
6
6
24
24
42
8
26
14
8
14
32
19
26
35
40
58
6
11
24
29
47
65
83
101
19
119
37
137
55
155
73
173
91
191
12
212
9
36
236
33
4
22
40
19
37
9
16
30
37
15
10
33
28
4
22
11
40
14
4
32
22
35
53
4
22
8
26
15
33
11
29
19
37
7
6
28
27
7
8
28
29
49
50
22
40
13
31
4
22
4
7
22
25
5
18
23
36
41
7
25
8
26
13
31
6
9
24
27
42
45
4
17
22
35
12
18
30
36
10
16
28
34
17
6
17
38
27
35
53
71
15
6
92
24
36
42
54
72
90
7
108
25
43
18
36
17
14
38
35
16
59
34
77
12
55
19
33
37
12
30
8
26
9
12
12
10
30
15
33
33
31
33
8
49
54
16
29
75
34
93
111
129
147
20
38
8
8
26
26
44
10
18
28
17
36
46
35
64
53
82
71
100
89
118
107
136
125
154
143
161
4
179
22
40
58
4
5
8
9
12
13
16
17
20
21
24
25
28
29
32
33
36
37
40
41
44
45
48
49
52
53
56
57
60
61
64
65
67
68
71
73
72
75
77
76
79
81
80
83
85
84
87
89
88
91
93
92
95
97
96
99
101
100
103
105
104
107
109
108
111
113
112
115
117
116
119
121
120
123
125
124
127
129
128
133
131
135
136
135
140
144
144
146
148
148
152
156
156
156
160
161
164
168
172
172
176
180
184
182
188
192
196
200
208
213
217
218
235
236
253
254
272
290
308
326
344
362
380
398
416
434
452
470
488
506
524
542
560
578
596
614
632
650
668
704
708
712
716
720
724
728
732
736
740
744
748
752
756
760
764
767
771
775
779
783
787
791
795
799
803
807
811
815
819
823
827
836
841
846
852
867
873
9
27
13
22
34
43
11
29
47
9
27
45
63
5
23
7
17
28
38
9
6
6
27
24
24
42
7
25
15
43
6
33
5
19
6
30
16
29
37
30
34
22
17
52
40
35
70
7
6
28
9
27
27
9
27
12
5
30
19
23
37
55
73
19
94
40
7
25
5
23
41
17
59
4
35
77
22
53
95
40
113
58
4
134
76
25
11
155
29
173
14
194
12
38
218
18
36
62
242
36
260
278
296
13
11
31
11
29
29
47
9
17
68
27
10
38
89
28
107
46
64
82
9
6
100
27
24
8
26
11
4
29
22
16
34
5
23
41
11
10
59
29
28
47
7
14
25
15
32
14
33
32
50
68
13
11
31
29
5
23
11
17
41
29
35
59
47
6
53
77
65
24
83
15
101
33
17
35
14
56
35
6
14
24
5
32
42
23
22
53
60
43
74
17
21
38
42
16
34
14
32
50
6
9
6
30
33
30
9
27
12
9
19
5
30
8
7
33
23
43
25
32
12
30
12
30
48
18
16
36
34
54
7
75
28
96
16
7
7
117
34
28
25
138
156
18
174
36
192
13
31
18
36
17
35
53
8
26
6
24
15
33
51
9
27
45
63
4
22
7
9
28
20
33
41
14
32
4
22
6
24
42
14
19
32
37
18
19
39
40
58
76
14
32
10
28
15
33
11
29
11
29
11
29
16
47
34
7
8
25
26
7
43
25
61
17
14
38
35
9
27
14
32
10
15
28
6
33
24
16
34
14
8
32
26
11
11
17
32
17
32
35
4
16
38
25
34
15
12
33
30
12
51
30
69
48
12
87
30
7
25
7
13
25
31
4
22
14
32
13
50
31
49
14
32
19
14
37
5
35
55
26
73
16
15
34
33
4
22
17
35
12
8
10
30
26
28
48
6
20
27
41
48
66
14
32
15
33
5
23
41
18
36
13
31
8
12
29
33
4
19
22
37
55
18
36
9
27
7
14
8
28
26
35
5
53
23
5
23
6
41
10
24
59
12
31
7
77
36
19
28
37
9
27
19
37
18
36
20
5
38
23
15
33
10
28
46
4
64
7
22
85
28
16
22
37
43
6
61
24
79
20
15
38
33
15
56
51
33
69
12
87
30
105
16
34
14
32
19
37
19
37
55
14
12
73
32
30
18
94
39
4
17
25
18
41
39
13
4
18
22
22
37
42
40
46
64
18
82
17
7
36
35
25
54
72
90
8
26
4
5
17
25
7
26
38
46
28
11
29
7
25
12
30
11
29
14
32
12
30
48
66
5
8
23
26
17
44
35
62
80
98
116
16
137
37
158
21
17
179
35
42
200
53
19
218
71
37
236
89
254
272
290
308
326
4
344
22
362
16
12
380
34
18
30
398
36
19
48
416
17
7
18
37
440
36
41
31
11
464
9
482
32
30
500
518
536
554
15
572
33
590
5
608
23
626
41
644
662
5
680
23
698
41
8
716
14
19
29
737
35
40
50
6
758
12
24
779
33
800
54
821
839
857
875
13
893
31
911
929
947
13
7
965
31
25
983
15
16
55
1001
39
40
1019
58
1037
76
1055
1073
15
1091
33
1109
1127
1145
15
1163
33
1181
21
1199
39
1217
1235
1253
1271
1289
1307
1325
8
1343
26
1361
1379
1397
1415
1433
505
523
11
29
4
7
5
10
28
31
23
19
34
52
37
16
6
34
6
27
27
48
66
84
18
36
8
54
15
26
33
44
19
51
37
15
33
7
51
5
11
28
72
26
5
32
44
9
26
5
30
47
23
41
18
36
13
31
5
6
18
23
24
36
42
13
31
5
23
20
44
41
19
9
37
18
30
55
12
16
42
34
33
7
25
16
34
52
7
25
14
32
50
5
23
17
10
35
28
46
8
26
5
18
23
36
4
8
12
16
20
24
28
32
36
40
44
48
52
56
60
64
67
71
73
75
77
79
81
83
85
87
89
91
93
95
97
99
101
103
105
107
109
111
113
115
117
119
121
123
125
127
129
131
133
136
140
144
146
148
152
156
160
164
168
172
176
180
184
188
192
196
199
206
206
210
214
213
218
217
222
222
226
230
234
233
238
242
240
246
244
250
254
258
262
261
266
265
269
273
277
281
285
282
289
286
293
297
301
305
304
309
313
317
321
325
322
329
334
338
342
340
350
356
361
358
365
377
376
385
389
397
401
394
405
409
413
417
421
412
425
429
433
437
441
445
449
453
457
460
464
468
472
476
480
484
488
492
496
500
504
508
512
516
520
525
530
16
34
13
13
31
31
14
11
32
29
9
22
16
30
43
34
51
19
10
37
28
8
46
8
26
10
29
31
9
27
45
16
34
13
4
31
22
40
17
4
35
22
53
40
71
89
10
7
28
25
16
34
14
32
14
32
10
28
7
4
25
22
43
40
8
58
26
76
13
94
31
112
16
5
4
23
37
25
58
76
8
26
14
18
5
32
39
50
26
23
68
63
4
44
86
8
22
104
26
122
140
158
176
194
212
230
248
266
5
284
23
302
320
338
356
12
8
377
33
17
29
398
38
416
50
434
452
470
11
491
12
32
512
30
10
530
28
548
566
584
602
16
623
37
644
58
665
683
15
33
17
51
35
14
32
13
14
53
32
34
6
55
27
4
16
22
34
6
8
24
14
26
11
42
35
4
35
59
28
80
49
67
15
85
33
103
17
124
38
12
30
48
15
16
33
34
12
12
30
30
11
29
21
50
42
10
71
28
89
46
64
10
28
19
37
55
73
91
109
17
13
35
31
15
49
33
51
12
69
30
19
11
37
29
11
18
29
36
22
50
54
43
71
64
17
35
22
40
6
7
24
25
42
43
61
5
23
41
8
14
26
13
32
47
19
37
50
71
68
43
86
104
14
5
5
32
23
23
22
41
40
59
58
17
35
5
53
23
71
17
35
53
71
4
16
22
19
37
40
6
58
24
17
35
4
4
7
22
22
25
13
31
49
9
27
12
30
17
35
18
8
39
29
47
65
83
101
5
119
23
137
11
41
158
32
59
179
14
197
19
32
215
37
50
233
11
251
29
18
269
36
18
19
36
37
54
8
26
16
34
16
34
52
7
25
14
32
17
35
6
17
10
24
35
28
4
22
21
39
57
15
13
33
31
5
49
23
67
9
88
30
109
127
145
16
34
17
12
35
30
15
8
33
5
26
23
16
22
37
43
13
31
12
17
30
22
38
14
43
32
18
36
54
14
32
14
5
32
23
17
15
38
36
54
17
35
5
23
13
31
17
35
15
4
16
39
28
40
49
61
19
14
37
32
19
37
7
4
28
8
25
26
15
44
33
14
32
17
8
35
26
44
62
9
4
27
22
45
63
81
14
32
19
37
12
30
18
36
15
33
9
27
7
25
43
61
18
82
39
4
19
22
37
13
6
31
24
49
42
60
17
81
38
102
120
12
9
30
7
27
25
12
30
48
15
69
36
18
36
17
54
35
72
53
90
71
108
126
12
8
30
26
44
7
19
25
17
37
35
4
53
22
16
34
22
55
43
8
5
15
29
23
36
54
12
30
48
16
34
19
37
13
31
16
34
16
13
34
31
6
18
27
19
39
19
40
57
19
40
11
78
37
32
55
13
73
31
10
28
12
46
30
64
48
66
16
34
9
27
6
16
9
24
34
27
52
12
30
9
27
5
45
23
16
63
34
5
19
23
37
55
73
91
19
37
8
26
7
25
15
33
4
22
11
29
10
16
28
34
11
29
17
47
35
65
83
101
17
22
122
10
35
46
31
17
67
52
35
88
19
106
37
11
8
127
21
9
32
29
10
27
42
5
28
63
26
46
84
20
38
7
13
25
22
31
40
19
49
37
12
55
30
73
10
91
28
109
127
145
163
181
199
217
6
24
42
11
29
17
16
35
34
5
23
11
41
15
17
18
29
33
38
39
47
65
15
33
17
35
12
30
13
4
31
15
22
33
40
14
32
16
17
34
35
19
37
22
40
12
30
8
9
26
27
8
17
26
6
35
24
10
19
28
37
55
18
73
11
11
36
91
10
32
32
109
28
53
46
19
8
17
26
40
38
44
24
59
45
13
13
31
31
14
9
35
30
48
12
30
6
10
24
28
13
4
49
31
25
70
49
18
36
7
25
5
23
10
28
5
46
23
22
40
58
11
5
29
23
17
4
5
5
8
9
9
12
13
13
16
17
17
20
21
21
24
25
25
28
29
29
32
33
33
36
37
37
40
41
41
44
45
45
48
49
49
52
53
53
56
57
57
60
61
61
64
65
65
67
68
68
71
73
72
72
75
77
76
76
79
81
80
80
83
85
84
84
87
89
88
88
91
93
92
92
95
97
96
96
99
101
100
100
103
105
104
104
107
109
108
108
111
113
112
112
115
117
116
116
119
121
120
120
123
125
124
124
127
129
128
128
131
133
136
135
140
139
143
144
143
144
147
148
147
148
152
152
156
156
160
159
164
165
168
168
172
170
176
177
180
184
188
186
192
196
195
202
211
215
223
229
238
250
13
16
34
11
37
55
29
73
47
21
91
39
109
127
15
148
9
36
169
27
7
22
187
25
40
205
22
226
43
10
28
7
11
25
19
29
19
40
40
14
64
64
38
88
88
109
109
127
145
163
181
199
17
217
35
235
6
24
42
4
60
22
12
7
30
25
48
66
14
32
50
15
33
8
17
29
38
6
19
9
27
40
27
15
33
8
6
26
7
24
25
42
12
30
14
32
50
68
86
104
122
13
140
31
5
13
23
31
5
23
8
5
8
26
23
26
11
47
19
32
37
7
9
25
27
7
43
45
25
61
43
79
15
61
19
103
4
39
43
22
61
4
8
22
26
16
34
19
18
40
6
39
61
24
60
42
82
81
103
102
124
18
142
36
160
54
178
196
16
214
34
232
8
250
26
268
6
286
24
304
322
17
340
35
358
376
394
7
6
25
415
27
43
436
11
454
29
16
472
47
18
34
493
65
39
514
83
60
101
535
119
553
137
571
9
155
13
589
27
15
607
34
45
36
625
643
5
5
23
23
13
14
41
31
44
59
35
11
29
12
30
10
28
7
11
28
32
17
35
14
7
35
28
6
46
8
24
64
26
16
15
15
4
34
33
36
25
51
57
69
11
29
11
16
29
34
52
18
36
7
25
15
33
6
24
14
32
5
7
17
26
25
38
8
26
18
44
36
62
80
98
12
116
6
30
19
27
40
58
13
76
31
17
35
6
24
7
15
25
33
43
7
25
7
14
8
32
28
5
29
23
47
65
10
17
28
35
5
23
41
19
4
40
12
25
30
43
48
14
32
9
27
9
27
45
11
29
17
6
35
24
42
16
60
34
6
24
9
27
10
28
7
25
8
7
26
25
16
6
11
14
34
24
32
35
10
53
28
71
46
15
10
8
64
33
31
82
29
100
118
136
154
172
190
11
208
18
29
36
47
65
83
101
16
17
34
13
35
52
31
70
19
37
13
58
34
79
13
31
10
28
6
4
24
20
25
41
59
77
95
113
4
16
25
15
37
33
55
7
12
8
25
30
26
44
5
23
12
11
30
29
47
65
6
9
17
24
27
35
13
16
31
34
15
33
10
28
8
26
10
28
17
35
7
13
25
31
16
34
9
15
27
33
5
12
45
11
54
23
33
63
29
75
54
81
10
12
28
30
13
12
31
30
14
32
12
10
30
28
12
49
33
10
28
16
34
7
52
25
13
16
31
34
10
11
28
29
17
35
6
11
13
27
31
32
11
8
32
25
32
46
12
17
30
35
19
48
37
16
66
34
84
6
22
27
43
7
25
6
24
42
60
8
78
26
14
32
9
27
12
15
30
33
48
10
54
31
7
8
78
25
29
14
5
32
16
23
50
34
11
21
29
39
14
13
32
31
50
49
6
24
42
5
60
23
78
12
30
15
33
6
15
24
33
16
14
34
32
12
52
30
12
9
30
27
16
34
8
26
9
27
15
33
8
15
29
36
5
23
12
30
48
8
20
7
72
8
35
47
25
32
50
19
37
8
55
26
73
44
8
26
9
44
27
5
8
62
23
26
80
98
116
134
19
152
37
170
21
39
14
12
16
32
30
34
14
32
5
23
15
10
33
28
11
29
47
65
4
86
16
25
17
34
35
52
70
7
25
43
19
37
17
35
19
37
4
14
22
32
50
7
19
25
17
37
18
35
36
54
72
90
108
16
9
126
34
27
144
162
180
12
201
33
51
5
23
41
8
59
19
26
37
9
5
27
18
10
23
36
28
46
64
9
82
27
45
15
33
51
19
37
9
14
18
30
35
36
5
56
26
17
35
8
26
17
35
11
29
19
37
8
26
13
31
21
39
6
24
42
60
78
5
13
4
23
31
22
41
14
32
18
36
8
26
44
8
26
44
62
6
16
27
14
40
12
35
30
19
37
17
35
18
36
10
28
15
33
4
5
8
9
12
13
16
17
20
21
24
25
28
29
32
33
36
37
40
41
44
45
48
49
52
53
56
57
60
61
64
65
67
68
71
73
72
75
77
76
79
81
80
83
85
84
87
89
88
91
93
92
95
97
96
99
101
100
103
105
104
107
109
108
111
113
112
115
117
116
119
121
120
123
125
124
127
129
128
133
132
136
135
138
140
142
141
143
144
146
148
148
150
152
154
153
156
158
156
160
160
162
164
166
168
170
170
172
174
176
175
178
180
182
180
184
186
188
190
192
194
196
194
198
200
202
199
205
205
204
209
210
213
217
219
221
220
225
225
225
229
230
233
237
241
245
241
249
246
253
257
261
265
264
269
274
279
284
282
289
296
300
300
317
318
335
336
353
371
389
12
30
8
8
26
26
9
27
6
5
24
23
10
41
28
14
21
59
49
32
8
45
50
25
32
13
46
53
31
16
67
34
85
10
21
103
31
10
42
13
28
52
31
46
70
49
64
88
82
5
100
23
14
32
50
9
68
10
27
28
45
18
63
22
39
43
8
26
44
19
37
14
32
4
4
25
25
43
6
10
61
24
11
28
10
32
46
31
53
64
17
19
74
38
37
55
12
30
11
29
16
34
19
37
55
14
32
14
13
32
31
18
19
36
37
4
19
25
19
40
37
55
7
25
7
25
9
43
27
4
9
45
22
27
6
18
24
36
54
72
90
108
18
126
36
54
12
15
75
17
33
14
33
38
51
12
35
69
30
87
4
105
22
123
141
4
162
25
183
201
10
28
7
21
6
46
28
42
24
64
60
82
5
9
103
23
30
124
10
51
145
28
163
14
181
32
199
50
9
22
30
6
43
24
61
8
26
44
15
15
18
36
33
39
12
16
30
34
52
10
28
9
5
27
23
4
5
18
7
22
26
36
28
12
30
48
5
7
23
25
41
59
77
95
8
113
26
131
149
6
24
6
24
22
7
21
40
28
42
58
49
76
10
28
46
9
15
30
36
9
27
19
45
37
63
81
5
99
23
14
120
35
10
28
46
7
4
25
22
6
17
24
35
10
28
19
49
40
58
4
22
11
4
29
22
11
29
17
21
38
42
4
9
22
27
10
28
6
12
24
30
21
6
42
27
9
12
27
17
14
30
48
35
18
35
69
36
18
6
36
24
16
34
5
7
23
9
28
41
30
18
36
6
24
7
25
19
37
8
15
7
26
33
25
18
36
4
6
22
24
16
34
15
33
7
51
19
12
28
37
12
33
30
48
10
28
17
35
53
71
13
17
92
31
38
49
10
67
28
4
22
9
27
10
28
8
26
15
10
33
28
46
64
12
30
15
48
33
10
28
6
24
16
42
34
52
70
5
91
26
7
44
25
9
27
5
11
23
29
41
10
28
13
6
31
24
42
11
63
5
32
15
26
36
18
36
11
29
19
37
16
13
34
31
52
70
8
15
26
33
7
25
12
4
33
25
54
8
7
29
28
5
23
10
28
14
17
32
35
11
14
17
32
35
35
15
19
56
33
40
77
61
11
98
29
116
134
19
37
11
29
16
34
5
23
17
13
38
34
7
4
25
13
22
13
31
16
40
31
9
22
34
58
30
43
76
9
94
9
27
115
30
136
51
6
157
24
72
178
93
199
6
217
24
235
13
256
34
11
277
29
295
47
14
316
35
337
56
358
376
394
412
12
430
16
30
34
52
15
33
7
25
4
7
22
15
28
10
36
28
54
6
24
7
11
25
29
4
14
9
25
32
30
7
53
11
31
77
35
98
56
119
137
155
173
4
22
12
40
30
14
58
51
76
35
72
11
90
29
47
12
30
14
32
19
50
37
5
22
6
29
46
30
16
34
7
25
43
61
13
31
49
67
14
85
5
32
106
8
26
127
26
145
44
14
163
32
181
50
199
5
68
23
10
15
28
33
17
10
19
35
28
37
46
15
22
16
39
46
40
13
31
7
25
12
13
33
13
34
31
54
12
30
8
9
9
29
30
27
11
29
47
65
83
101
16
21
37
42
5
23
18
36
54
5
75
4
7
22
29
22
99
25
46
40
53
123
21
11
141
42
32
159
63
7
81
25
15
43
33
61
13
51
82
34
9
103
27
121
10
10
4
31
31
22
49
14
14
32
32
19
8
40
19
29
37
8
26
44
11
29
11
9
22
29
27
40
58
8
16
76
29
37
12
13
30
11
8
34
32
26
20
8
50
44
32
4
22
13
40
19
31
58
49
76
67
94
85
112
103
130
121
148
166
184
202
220
238
256
274
4
8
12
16
20
24
28
32
36
40
44
48
52
56
60
64
67
71
73
75
77
79
81
83
85
87
89
91
93
95
97
99
101
103
105
107
109
111
113
115
117
119
121
123
125
127
129
131
133
135
136
140
140
142
144
146
145
148
150
152
152
154
156
156
158
160
160
162
164
166
165
168
170
169
172
174
174
176
178
180
179
182
184
186
188
190
188
192
194
196
195
198
202
204
205
203
209
209
213
213
212
217
217
221
225
229
233
234
237
238
241
245
249
253
257
255
261
259
265
268
271
272
275
279
276
280
283
280
287
287
291
292
295
299
298
303
298
307
307
311
315
316
319
316
323
327
331
328
334
338
334
342
346
350
354
358
352
362
366
370
374
378
370
382
386
390
394
388
399
405
412
406
417
429
424
447
442
465
460
483
478
501
519
537
12
30
12
30
13
31
49
17
17
35
35
8
26
20
16
18
44
40
17
42
68
35
4
22
8
26
19
12
37
21
30
39
18
36
14
32
17
35
8
6
26
24
44
42
20
65
60
41
86
78
10
96
8
28
117
29
6
24
42
13
31
8
15
29
36
16
50
34
13
31
18
36
14
32
14
11
32
29
47
20
68
41
18
36
12
30
48
19
66
21
40
84
42
6
24
12
30
19
37
7
12
25
30
48
17
35
9
27
8
26
7
25
15
19
43
33
10
40
31
8
26
19
11
37
29
55
9
47
73
27
91
10
109
16
28
127
34
46
6
11
24
29
47
65
83
13
31
4
22
13
31
49
67
17
85
35
103
53
121
139
19
157
37
8
26
17
35
19
18
9
40
27
39
14
61
32
60
5
23
41
12
6
30
24
8
5
12
26
4
23
30
22
48
14
32
10
28
6
24
16
42
10
34
12
31
33
17
7
35
25
19
8
37
26
9
19
27
37
45
55
12
30
11
29
4
47
22
65
83
101
119
17
137
35
53
10
28
46
7
10
67
25
31
88
10
28
12
30
13
31
10
28
15
11
33
29
8
14
26
11
35
17
32
35
13
31
18
49
36
14
32
5
11
23
29
5
17
23
35
41
8
26
15
10
33
28
4
22
40
16
34
19
37
10
28
46
15
8
13
33
26
31
44
13
62
31
5
23
16
34
19
37
17
7
12
35
19
25
30
37
14
58
35
53
15
71
33
16
89
51
34
107
8
26
12
47
33
68
5
54
23
17
89
75
9
35
110
27
53
71
18
19
36
6
37
19
10
27
58
40
31
58
79
5
12
9
30
26
30
48
19
37
55
9
76
30
6
100
10
27
121
17
31
139
9
41
7
157
30
25
175
9
27
12
30
8
7
26
25
17
14
35
32
5
23
41
18
36
54
12
30
8
26
14
32
14
32
8
11
12
26
29
30
44
11
62
51
32
80
98
4
18
22
36
54
72
14
19
32
37
7
25
8
5
26
23
16
34
15
7
36
28
46
13
64
31
49
4
22
7
25
5
23
18
36
14
6
32
24
42
60
16
34
17
35
10
28
9
27
19
37
4
22
19
17
37
35
19
37
9
16
27
34
52
15
73
36
94
15
57
115
13
36
133
34
57
151
169
187
13
205
31
15
226
36
247
265
283
17
8
304
38
26
325
13
44
19
343
31
37
18
361
36
379
6
17
397
24
35
12
415
45
433
33
66
451
469
9
487
27
505
523
16
544
14
37
32
55
8
26
44
9
62
27
80
12
11
30
29
7
11
53
31
35
77
56
98
116
134
9
27
5
23
41
59
8
26
14
32
15
4
33
22
17
35
16
53
6
34
21
71
24
39
89
57
107
14
11
78
125
35
29
14
143
32
161
21
39
8
5
26
10
23
28
46
64
7
82
25
100
118
9
27
13
7
34
8
28
55
26
49
76
6
24
42
13
31
13
31
49
17
67
35
5
85
23
15
33
51
69
87
105
123
141
159
8
26
8
13
26
13
34
34
21
39
5
23
10
18
28
36
15
46
33
64
17
35
17
12
35
30
18
36
8
26
11
29
14
32
5
9
23
16
27
41
34
59
6
24
4
7
22
25
18
36
7
25
18
18
46
39
36
57
18
9
39
23
33
63
47
84
102
22
40
21
39
17
21
60
35
18
45
84
42
16
18
15
60
34
36
33
78
19
5
99
40
23
41
13
31
5
23
8
26
7
25
14
32
17
50
35
7
25
10
28
6
24
17
8
35
26
44
13
11
31
18
29
17
36
50
38
56
16
34
6
24
18
36
12
30
19
37
15
12
7
33
30
25
4
16
43
22
34
6
24
11
4
8
12
16
20
24
28
32
36
40
44
48
52
56
60
64
67
71
73
75
77
79
81
83
85
87
89
91
93
95
97
99
101
103
105
107
109
111
113
115
117
119
121
123
125
127
129
131
133
136
138
140
142
143
144
146
148
148
150
152
154
155
156
158
159
160
162
163
164
166
168
167
170
172
174
174
176
178
180
182
181
184
186
188
190
192
194
196
198
195
202
205
206
209
213
213
217
221
225
224
229
233
231
237
241
242
245
249
253
249
257
261
260
265
273
279
278
284
288
295
302
306
310
308
314
318
322
326
326
330
334
338
342
346
350
354
358
362
365
369
373
377
381
385
389
393
397
401
405
409
413
417
421
425
434
439
443
448
454
469
6
24
13
45
10
34
12
28
52
30
70
48
16
88
66
34
106
7
25
9
18
27
36
13
31
7
15
25
33
7
10
25
16
28
34
7
46
12
55
64
28
6
30
18
76
49
88
30
42
97
112
20
8
118
130
41
26
4
148
9
25
166
30
13
46
51
31
49
67
14
32
13
16
31
34
12
49
52
30
70
88
17
109
38
130
59
151
80
98
116
6
134
24
21
155
42
15
33
6
54
27
75
15
93
33
111
129
147
14
165
32
9
183
50
27
201
68
6
86
24
16
13
104
34
31
7
25
43
14
19
32
37
13
55
31
14
32
4
16
22
34
52
12
11
21
5
33
29
42
12
26
47
54
63
33
4
47
81
22
22
102
40
18
43
36
14
32
50
68
86
16
104
34
122
11
29
18
36
10
6
28
24
15
49
10
36
28
17
35
17
17
35
35
53
17
16
5
38
37
23
59
12
30
48
66
9
27
45
10
28
6
15
24
33
5
23
13
31
6
24
42
19
37
55
73
9
91
27
17
35
13
6
34
27
45
12
12
30
16
30
34
9
4
7
27
22
25
45
43
6
24
4
42
22
60
12
78
17
30
96
35
114
132
8
4
26
153
25
174
192
210
5
231
26
252
7
270
19
25
288
37
306
324
342
10
18
363
31
36
384
402
8
420
26
438
44
456
62
8
80
26
44
5
12
23
30
5
23
10
18
14
31
36
35
16
34
13
20
31
38
6
24
11
29
19
17
37
35
55
73
4
6
22
24
5
40
23
18
36
19
37
15
33
22
40
58
76
5
23
12
30
4
4
25
9
25
27
5
23
41
59
77
95
14
10
116
32
31
10
28
11
4
29
5
25
26
6
18
24
13
36
13
31
54
31
13
31
6
24
42
60
22
40
16
34
10
4
28
22
18
40
36
5
23
6
24
7
19
25
18
40
39
9
27
12
30
13
31
10
28
17
35
18
36
54
72
90
4
108
4
8
25
129
7
25
5
35
150
52
34
32
168
76
186
10
28
4
15
22
33
51
69
9
5
10
27
23
28
45
41
12
5
30
23
6
24
13
9
31
27
16
34
52
16
22
73
16
37
43
94
37
112
130
148
7
25
6
24
42
15
33
11
29
9
47
27
45
63
6
81
14
5
30
99
38
29
117
59
135
77
153
19
19
37
174
40
55
195
213
231
11
9
4
255
35
8
33
25
279
29
54
300
9
318
27
336
19
22
6
360
43
24
46
17
8
387
18
26
38
36
408
11
54
426
13
29
444
31
462
49
20
480
38
498
10
56
516
15
31
534
36
552
570
588
606
12
624
30
642
660
678
696
10
17
4
717
28
22
38
9
738
46
7
27
756
25
774
792
810
7
828
25
846
6
864
24
882
17
900
35
918
13
936
31
19
957
40
978
61
999
82
5
4
1020
23
22
1038
41
1056
4
8
1074
22
26
1092
40
1110
1128
1146
1164
6
1185
27
1206
1224
1242
1260
1278
5
1299
26
1320
1338
17
13
35
31
4
56
4
25
22
6
24
11
29
7
25
9
27
8
26
19
37
12
55
30
73
14
91
32
109
127
19
17
15
145
40
35
163
36
61
181
57
199
217
235
253
271
289
307
325
343
361
379
397
415
433
451
469
487
505
523
541
559
577
595
613
631
649
667
685
703
721
739
757
775
793
811
829
847
865
883
901
919
937
955
973
991
1009
1027
1045
1063
1081
1099
1117
1135
1153
1171
1189
1207
1225
1243
1261
1279
1297
1315
1333
1351
1369
1387
1405
1423
1441
1459
1477
1495
1513
1531
1549
1567
1585
1603
1621
1639
1657
1675
1693
1711
1729
1747
1765
1783
1801
1819
1837
1855
1873
1891
1909
1927
1945
1963
1981
1999
2017
2035
2053
2071
2089
2107
2125
2143
2161
2179
2197
2215
2233
2251
2269
2287
2305
2323
2341
2359
2377
2395
2413
2431
2449
2467
2485
2503
2521
2539
2557
2575
2593
2611
2629
2647
2665
2683
2701
2719
2737
2755
2773
2791
2809
4
8
12
16
20
24
28
32
36
40
44
48
52
56
60
64
67
71
75
79
83
87
91
95
99
103
107
111
115
119
123
127
130
135
137
141
140
145
145
149
150
153
154
157
159
161
165
169
170
173
177
177
181
185
189
193
191
197
200
204
208
212
216
220
224
228
232
236
240
244
248
252
256
260
263
267
270
274
273
278
282
286
286
290
294
294
298
302
306
307
310
314
318
315
322
326
330
333
333
337
341
345
349
353
351
357
361
365
369
373
369
377
381
385
389
393
399
403
407
411
410
415
419
423
427
431
435
439
443
447
451
455
459
462
466
470
474
478
482
486
490
494
498
502
506
510
514
518
522
530
541
551
569
587
605
623
641
659
677
695
713
731
749
767
785
803
15
9
33
22
27
14
40
45
32
8
26
44
15
65
15
36
86
33
6
104
24
122
140
12
161
8
33
26
51
8
8
29
18
32
39
13
53
31
11
29
14
32
14
5
32
23
18
36
6
24
9
27
8
26
17
35
53
15
33
7
25
12
43
5
30
61
23
8
26
44
14
32
15
4
21
36
22
42
17
18
14
35
63
36
35
53
71
89
107
10
128
31
18
36
16
34
14
32
19
37
15
33
9
27
4
45
22
19
37
10
21
31
42
17
9
35
27
53
19
74
40
14
19
35
7
40
56
25
18
77
39
98
60
4
119
22
137
10
11
28
4
29
49
25
47
13
31
8
26
15
19
16
33
37
34
21
52
39
18
36
54
7
72
25
90
20
108
38
126
144
4
162
10
22
4
183
17
22
31
204
35
52
53
70
71
88
106
7
22
5
130
17
31
8
26
49
38
55
32
76
94
15
33
10
17
13
31
31
38
9
49
27
67
85
19
11
11
109
43
29
35
133
11
29
14
32
50
68
86
6
24
12
13
33
34
5
12
4
13
26
33
15
22
31
33
11
29
9
27
19
45
19
40
63
40
11
4
16
32
25
34
12
30
14
13
32
31
19
14
37
10
35
16
6
31
19
14
34
16
24
59
19
40
38
37
83
43
61
79
5
23
10
28
6
24
10
14
31
35
18
14
36
32
8
26
15
15
36
36
57
12
14
30
5
35
48
26
66
10
44
84
28
62
102
19
37
55
14
73
32
17
91
50
35
7
112
53
28
4
133
22
151
13
5
40
172
31
17
26
35
16
34
15
15
33
33
10
11
11
29
31
32
18
17
17
36
38
38
16
34
9
27
13
5
15
31
23
4
36
41
25
17
57
62
38
83
101
9
119
27
15
137
21
33
10
158
42
28
179
197
18
18
36
36
54
72
7
93
28
19
37
7
25
6
24
13
5
34
26
10
8
13
28
29
34
46
52
64
70
82
11
100
29
12
118
30
10
9
31
9
30
27
48
16
34
4
22
8
8
26
26
44
62
19
5
37
23
55
8
5
26
23
11
41
29
59
47
77
65
7
25
5
23
7
14
18
25
35
39
6
56
4
24
74
22
92
11
29
47
65
5
23
7
8
25
26
43
61
16
34
52
8
13
26
4
31
22
17
35
5
53
23
8
41
26
59
44
77
95
13
8
31
116
29
6
140
27
161
179
197
13
215
14
31
233
17
32
49
8
35
50
254
29
53
18
36
6
24
10
4
28
22
46
4
22
13
31
14
32
15
14
33
32
4
15
22
12
33
7
33
28
54
6
5
24
23
42
41
60
59
77
9
27
11
13
9
29
31
4
20
27
50
22
41
71
89
107
18
36
7
25
43
61
9
27
5
22
23
5
40
41
23
58
15
44
76
36
65
83
101
19
119
37
137
55
155
73
173
91
109
15
33
7
25
43
11
29
18
36
12
30
13
31
6
24
9
27
11
11
32
14
35
35
56
12
17
30
35
48
9
56
66
30
16
34
7
25
18
17
43
36
35
61
79
97
115
14
133
32
7
22
151
25
53
43
169
12
21
30
190
14
45
214
38
235
13
253
7
31
271
25
7
289
25
307
12
43
325
30
61
343
361
379
397
18
16
418
36
17
37
8
439
35
26
17
44
35
62
16
83
37
104
6
58
11
24
8
29
42
26
18
36
12
30
8
48
26
66
19
9
37
27
14
32
6
50
24
19
68
37
86
15
33
13
31
16
34
8
52
26
16
70
34
5
52
23
41
59
77
10
15
28
14
33
13
32
31
8
49
26
5
14
23
19
32
37
12
12
30
30
48
15
19
33
37
13
31
9
49
27
7
25
12
6
30
24
9
13
27
13
34
34
52
16
34
16
52
34
9
70
27
45
63
8
4
5
5
8
9
9
12
13
13
16
17
17
20
21
21
24
25
25
28
29
29
32
33
33
36
37
37
40
41
41
44
45
45
48
49
49
52
53
53
56
57
57
60
61
61
64
65
65
67
68
68
71
73
72
72
75
77
76
76
79
81
80
80
83
85
84
84
87
89
88
88
91
93
92
92
95
97
96
96
99
101
100
100
103
105
104
104
107
109
108
108
111
113
112
112
115
117
116
116
119
121
120
120
123
125
124
124
127
129
128
128
133
131
136
135
136
140
140
141
144
148
152
156
157
160
158
162
164
168
172
176
176
180
178
184
183
188
192
196
194
200
201
210
214
221
219
234
238
245
259
266
284
17
35
12
30
7
48
25
9
27
16
34
7
52
25
18
36
18
54
36
17
6
35
24
5
11
23
29
6
24
13
9
31
27
15
45
33
63
10
28
13
31
49
67
17
11
12
88
6
38
29
33
27
13
16
31
34
9
16
27
34
45
5
4
6
63
26
22
27
18
36
54
17
72
35
90
108
7
25
19
17
37
35
13
31
8
19
26
37
14
17
35
38
56
14
32
18
19
53
39
37
55
12
30
48
16
34
18
36
8
26
11
29
4
22
13
5
43
31
26
64
16
47
34
85
12
106
33
127
145
5
23
19
37
11
4
11
32
22
32
53
53
71
14
32
9
27
11
7
4
32
25
25
13
31
16
34
15
33
12
16
30
34
52
8
26
11
29
10
11
28
29
46
64
15
8
33
26
17
35
18
14
36
32
17
35
4
14
22
32
50
10
28
6
24
16
34
52
70
8
26
4
22
10
4
28
22
40
58
18
36
16
54
34
16
34
19
18
40
39
18
11
36
29
15
12
33
30
19
13
37
9
31
27
19
37
55
12
11
30
29
48
66
4
5
6
90
22
29
30
114
132
150
13
168
31
7
21
28
18
42
49
36
67
13
11
31
29
49
67
11
85
10
9
29
103
28
27
17
35
14
53
32
19
37
5
10
23
28
41
59
77
95
8
26
17
14
16
35
32
34
5
6
23
10
24
28
17
10
35
28
13
31
17
49
35
67
85
6
8
24
26
44
4
15
14
22
33
32
5
23
17
35
19
12
37
30
13
31
13
31
13
31
49
6
8
24
26
17
35
10
4
28
22
46
9
4
64
30
25
10
28
18
19
39
40
21
39
10
28
17
17
35
35
8
26
16
17
4
35
37
8
25
18
12
18
29
39
33
15
39
60
36
10
84
16
31
105
34
9
27
10
28
12
30
14
32
50
18
68
36
14
32
7
25
17
9
38
24
33
28
48
49
12
30
4
22
17
35
15
33
12
30
17
18
10
35
39
31
8
26
15
9
36
30
48
13
31
6
8
24
26
19
37
8
26
21
39
4
22
10
28
6
24
5
23
41
59
11
29
9
11
30
32
51
69
4
87
22
105
15
7
123
33
25
141
51
159
69
177
4
195
22
213
231
249
267
8
285
26
303
44
321
10
339
28
357
46
375
64
393
7
411
25
429
7
447
25
16
465
34
483
501
5
11
23
29
12
12
30
30
6
48
24
66
14
32
50
10
68
28
16
46
8
34
64
17
26
35
16
12
34
30
13
19
34
17
40
35
53
71
19
89
37
10
5
28
23
4
20
22
38
5
56
23
74
14
92
32
8
26
15
33
4
22
19
37
19
12
14
40
30
35
16
34
5
15
23
12
33
6
30
24
6
24
42
11
17
29
35
17
53
35
53
6
71
24
17
35
5
23
41
4
22
18
19
7
36
37
25
54
21
72
39
90
9
27
14
7
32
22
25
40
6
18
24
36
42
16
6
34
24
17
13
12
31
38
6
33
49
59
24
77
95
7
25
19
37
18
36
17
35
5
23
15
15
33
33
16
6
37
27
8
22
11
29
16
43
22
32
37
40
53
58
15
58
74
33
92
110
128
146
16
164
34
182
200
9
22
9
221
5
43
27
36
242
36
32
260
54
19
72
37
18
36
18
6
36
24
4
22
7
12
25
30
8
43
12
29
61
33
13
82
51
34
19
37
16
34
12
4
30
22
48
66
5
4
23
22
4
22
18
36
4
10
25
31
10
19
28
37
46
4
22
40
58
76
94
112
130
13
17
31
35
4
22
18
36
13
31
12
4
30
22
18
51
39
5
72
6
23
24
6
24
17
35
4
15
25
36
46
19
5
37
23
41
22
19
40
37
11
29
47
9
65
27
17
48
38
7
25
8
26
13
4
31
22
10
28
46
18
11
67
36
32
54
88
10
28
