16
18
22
26
31
32
33
40
41
42
44
47
49
50
55
55
59
61
62
65
66
67
69
70
73
76
77
78
82
88
88
86
91
95
90
95
101
100
102
105
106
106
106
112
113
115
118
120
122
123
128
127
127
131
134
135
137
139
143
142
144
146
152
153
154
156
157
158
158
160
165
165
166
171
169
173
174
175
178
181
181
183
185
185
189
193
189
197
199
196
206
207
204
210
210
211
214
214
220
219
218
224
223
222
222
233
229
231
238
237
233
235
242
241
237
246
245
250
250
247
253
257
251
255
266
266
267
259
270
270
274
274
266
278
276
282
286
284
298
288
299
302
303
296
309
300
313
315
304
319
328
337
325
341
329
345
352
356
360
372
372
376
378
380
382
386
394
398
399
401
398
402
403
406
408
410
413
414
426
430
457
461
482
486
490
500
504
566
570
598
667
671
5
9
5
5
9
9
5
12
20
23
27
31
5
9
5
9
5
9
5
9
16
5
18
9
5
9
5
25
13
9
38
17
42
5
5
46
9
9
50
54
5
58
5
9
62
9
66
73
5
9
80
13
84
88
95
102
106
110
114
118
122
126
130
134
138
142
146
150
161
165
169
173
177
181
185
189
193
197
201
205
209
213
217
221
225
229
5
233
9
237
13
241
17
245
249
253
257
261
265
269
261
265
269
273
290
297
301
5
305
9
309
313
317
321
5
328
9
332
5
13
336
9
17
340
344
348
352
356
360
114
118
5
9
13
10
17
34
5
5
9
9
5
9
13
17
21
25
29
15
23
58
62
66
70
74
5
9
5
13
9
5
9
5
9
5
9
5
9
5
9
5
9
13
17
21
25
29
33
37
41
45
49
5
9
6
10
14
5
9
5
9
5
9
5
9
5
9
13
5
9
5
9
5
9
13
5
9
5
9
5
9
5
9
13
17
21
25
29
33
5
9
5
9
13
5
17
9
21
13
25
29
33
37
41
45
49
53
57
61
65
69
73
77
81
85
89
93
5
9
5
9
13
17
21
25
29
33
5
37
9
41
13
45
5
49
9
53
13
57
64
75
79
83
87
91
95
102
106
110
114
118
122
126
92
96
100
104
108
112
5
9
13
5
9
13
5
5
9
9
5
9
5
8
9
16
23
27
5
16
18
22
26
31
32
33
41
44
45
44
49
48
52
53
54
55
61
61
62
65
65
66
70
70
72
75
78
76
83
84
87
87
91
94
94
99
100
101
102
106
107
108
111
112
113
115
116
124
124
124
127
128
132
135
135
134
138
141
139
145
144
146
149
149
155
157
157
159
161
161
163
164
168
167
171
174
172
173
178
177
174
181
181
185
185
181
189
189
185
189
196
202
193
204
206
197
211
212
210
201
215
214
219
218
210
225
226
222
214
226
234
221
237
230
238
225
242
246
245
246
233
253
254
253
257
257
258
259
258
262
262
267
266
266
274
267
270
278
271
276
282
275
280
286
279
284
290
283
288
294
287
292
296
308
312
313
316
325
327
331
321
335
338
339
341
332
345
336
349
340
353
344
357
362
348
361
366
365
370
355
369
374
376
373
378
380
377
384
389
381
393
385
397
397
389
401
401
393
407
409
405
397
411
413
401
415
419
423
430
415
434
438
426
442
446
433
437
459
441
464
463
445
468
467
449
472
453
457
461
465
493
469
497
473
505
504
509
513
517
521
549
553
557
561
575
579
583
585
587
589
672
676
680
726
730
5
9
13
17
21
25
5
29
9
5
13
16
20
26
30
34
38
42
5
46
9
50
5
54
9
5
9
5
5
9
16
13
20
28
32
27
32
30
5
51
34
15
12
19
19
56
23
27
63
35
5
5
67
39
9
9
71
43
13
17
78
5
21
82
9
25
86
10
70
40
5
78
9
82
48
55
118
59
100
104
48
108
112
5
116
5
9
9
5
9
5
9
192
196
5
9
13
17
21
25
29
33
5
37
9
5
44
9
51
55
62
70
74
78
5
82
9
86
90
94
102
106
110
114
118
122
126
130
134
131
135
139
143
5
147
9
5
9
5
9
5
5
9
9
13
13
17
17
21
21
25
25
29
29
33
33
37
37
41
41
45
49
53
57
5
9
5
5
9
9
5
9
13
5
9
13
17
5
9
5
9
13
17
21
25
29
5
33
9
37
13
41
17
45
49
53
57
61
65
5
69
9
73
77
81
85
89
93
97
101
105
109
113
5
117
9
121
13
125
17
129
133
137
5
141
9
145
13
8
12
167
25
178
182
186
53
57
5
9
5
13
9
5
9
20
22
30
32
33
34
39
39
41
43
43
45
49
48
50
53
53
57
58
61
63
66
70
72
73
74
76
80
80
80
83
85
86
89
92
94
96
96
99
102
105
107
111
108
115
115
118
119
121
124
125
127
124
129
132
133
136
140
143
147
151
152
150
159
159
158
163
160
162
165
167
170
171
172
175
177
179
180
181
186
183
184
185
191
189
192
194
195
196
198
199
202
202
203
206
212
212
210
214
214
221
220
218
225
231
232
226
235
236
236
230
234
244
243
248
247
242
251
256
257
260
261
262
263
265
267
267
269
272
264
274
273
276
268
278
272
282
289
276
286
280
290
284
297
304
288
301
309
305
292
305
313
309
296
309
313
300
313
317
304
321
308
331
320
325
312
335
324
329
316
328
342
333
320
332
349
337
324
336
353
341
328
340
357
345
332
344
349
336
348
353
352
344
375
357
356
348
379
361
360
352
365
364
356
369
368
360
373
372
364
377
376
368
381
372
385
384
376
389
388
380
393
392
384
397
396
401
392
403
405
396
407
409
400
411
413
446
404
415
417
450
408
419
421
412
423
425
416
427
429
420
431
433
424
435
437
428
439
441
432
443
445
436
447
449
440
451
453
444
455
457
448
459
461
452
463
465
456
467
469
471
519
473
475
523
477
526
479
527
481
530
483
531
485
534
487
489
493
495
497
499
501
503
557
505
507
561
509
511
513
517
521
525
586
588
529
590
533
537
541
545
614
549
618
557
561
634
565
638
569
573
577
581
585
589
593
597
601
680
605
684
685
609
688
689
613
692
617
696
621
700
625
704
713
629
708
717
633
712
721
637
719
641
732
723
645
736
727
649
731
653
735
657
752
739
661
756
669
673
677
681
688
692
696
700
704
708
712
716
720
724
728
732
736
740
744
748
752
756
876
760
880
764
768
772
776
780
784
788
792
796
800
804
808
812
816
820
824
828
832
836
840
848
852
856
860
864
868
872
876
880
884
891
895
899
903
907
911
915
919
923
927
931
935
939
943
947
951
955
959
963
967
971
975
1151
1159
1163
1001
1005
1009
1013
1017
1021
1025
1029
1033
1037
1041
1045
1049
1053
1057
1061
1065
1069
1073
1077
1269
1081
1273
1085
1089
1093
1097
1101
1105
1109
1113
1117
1121
1125
1129
1133
1137
1470
1474
1580
1584
1770
1774
20
22
30
32
33
34
39
39
41
43
43
49
49
50
53
60
62
64
67
69
71
72
74
78
81
80
86
85
85
88
90
93
94
96
98
100
103
104
104
107
108
110
111
116
116
116
118
121
123
126
127
127
131
130
131
135
138
138
138
139
144
145
143
148
151
155
158
160
162
164
168
169
169
171
173
175
177
177
179
183
184
185
190
187
189
193
194
196
193
200
200
203
200
204
207
211
211
215
215
219
221
222
225
220
225
229
236
235
244
244
242
249
248
251
253
255
256
257
260
261
264
263
265
269
267
272
269
273
271
273
277
280
275
277
281
284
279
281
289
283
285
293
287
289
297
291
293
305
297
309
299
310
301
313
303
314
305
317
310
309
313
318
317
322
321
326
325
330
348
329
334
352
333
338
337
342
341
346
345
349
354
353
358
357
386
362
387
361
390
366
391
365
369
373
373
377
377
385
381
389
385
393
389
397
393
401
397
401
408
405
412
409
413
419
417
461
421
465
425
435
429
439
433
443
437
447
441
451
445
455
449
459
453
463
457
467
461
471
465
475
469
479
473
483
477
487
481
491
485
495
489
499
493
503
497
507
501
511
505
515
509
519
513
523
517
527
521
531
528
539
532
543
536
547
540
551
544
555
548
552
556
633
560
637
564
568
572
655
576
580
584
588
674
592
596
683
600
604
608
696
612
700
616
704
620
708
624
712
628
716
632
720
636
640
738
644
742
648
652
656
660
664
770
668
774
672
676
684
688
798
692
802
696
806
700
704
708
712
716
720
724
844
728
732
852
736
856
740
744
865
748
752
756
760
764
768
772
776
780
784
788
792
796
800
804
808
812
816
820
824
828
832
836
840
844
848
852
856
860
864
868
872
876
880
884
888
892
896
900
904
908
912
916
920
924
928
932
936
940
944
948
952
960
964
968
972
976
980
984
988
992
996
1000
1004
1008
1012
1016
1020
1024
1028
1032
1036
1040
1044
1048
1052
1056
1060
1064
1068
1072
1076
1080
1084
1088
1092
1096
1100
1104
1108
1112
1116
1120
1124
1128
1132
1136
1140
1144
1148
1152
1156
1160
1164
1168
1172
1176
1180
1184
1188
1192
1196
1200
1204
1208
1212
1216
1220
1224
1228
1232
1236
1240
1244
1248
1252
1256
1260
1264
1268
1272
1276
1280
1284
1288
1292
1296
1304
1308
1312
1316
1320
1324
1328
1332
1960
1964
1968
2016
2020
20
22
30
32
33
34
39
39
41
43
43
49
48
49
50
53
55
58
62
65
67
70
71
75
75
80
83
84
88
93
93
97
99
101
106
106
109
112
113
114
116
119
120
122
121
125
135
136
137
137
139
140
141
146
147
147
149
151
153
157
157
158
158
161
165
165
166
165
169
169
175
173
176
177
177
180
182
187
190
191
194
196
198
200
201
200
202
204
205
203
210
208
209
215
213
216
219
219
220
224
223
228
225
231
232
233
233
236
237
240
240
245
247
249
249
253
250
255
253
259
257
261
257
263
261
267
267
265
269
276
279
272
280
279
276
286
287
287
290
290
291
294
294
295
291
302
299
304
303
308
310
307
307
314
311
311
318
321
318
325
322
338
326
333
342
346
337
346
350
350
341
354
354
345
358
349
362
353
367
366
357
371
361
375
379
365
382
383
369
386
387
373
390
377
394
396
381
398
402
412
415
419
419
426
431
430
435
437
439
444
439
448
443
447
451
455
459
471
463
475
467
482
486
486
490
494
500
498
504
502
508
512
516
520
524
530
528
640
644
754
758
5
5
9
9
13
5
9
27
16
26
26
30
5
17
9
21
29
5
50
9
54
5
12
23
27
5
31
9
35
39
43
47
51
55
5
5
59
9
63
8
13
67
15
25
78
29
82
33
37
90
41
94
45
98
49
102
53
110
57
5
61
9
65
13
17
69
17
73
24
21
77
28
25
81
35
32
85
89
40
93
98
97
47
102
101
51
167
105
55
171
109
175
63
113
179
67
117
183
71
121
187
125
6
191
129
10
195
133
199
137
203
141
207
145
28
211
5
149
215
9
153
219
99
157
223
103
161
227
125
165
231
129
235
172
133
239
137
243
182
141
186
145
190
149
194
153
198
157
161
206
5
165
210
9
169
214
173
5
218
177
9
222
181
13
226
185
17
230
189
234
193
238
197
201
246
205
250
258
262
266
270
274
5
278
9
282
293
297
304
308
312
5
316
9
5
320
13
9
324
331
335
339
343
5
347
9
351
100
107
111
115
119
123
127
138
142
149
153
157
5
161
9
168
172
179
183
187
191
195
199
203
207
211
215
134
138
429
440
19
23
27
31
35
39
43
47
51
55
59
63
67
71
75
79
83
87
91
95
99
20
22
30
32
33
34
39
39
41
43
43
45
49
48
50
53
53
57
58
61
63
66
67
70
73
76
77
79
80
81
84
87
86
88
91
92
94
96
97
102
103
103
104
107
109
111
114
117
116
120
120
125
126
124
130
128
135
134
134
132
142
136
144
147
149
149
151
151
153
155
157
160
159
159
161
168
168
171
172
173
172
176
177
178
179
181
185
189
190
189
193
197
193
199
201
197
205
206
201
209
205
214
213
218
218
217
220
222
222
228
227
231
232
235
236
238
240
239
244
244
248
247
252
253
254
251
257
259
255
261
259
265
263
269
267
273
271
277
275
281
279
283
297
287
301
291
309
295
313
299
317
303
307
325
311
329
337
315
341
341
319
342
345
345
346
350
354
361
360
358
365
364
362
369
375
370
374
378
388
392
399
403
407
420
424
446
450
461
465
469
484
488
492
492
496
496
500
504
508
512
516
520
524
528
532
536
549
540
553
544
591
595
674
678
5
5
9
9
5
9
5
5
9
9
5
13
9
5
13
9
7
5
11
9
13
5
5
9
9
5
9
9
23
5
6
5
9
9
13
13
17
17
21
31
25
39
29
33
69
37
41
48
45
65
5
5
69
9
73
13
16
77
17
20
81
85
27
108
31
112
35
101
105
109
113
117
121
125
9
5
13
9
5
9
13
5
5
9
9
222
5
226
9
230
234
238
242
5
5
9
9
5
13
9
5
9
23
13
18
17
22
26
5
5
9
9
13
5
5
9
9
13
17
8
12
16
5
5
9
9
13
5
9
5
9
5
5
9
9
13
13
17
17
21
25
29
5
9
5
9
5
9
5
9
5
9
5
9
13
17
5
21
9
25
13
29
33
37
41
5
9
5
9
5
9
5
13
9
17
24
38
42
5
46
9
50
13
46
17
50
5
54
9
58
62
66
70
74
89
93
100
104
5
108
9
13
51
17
55
21
25
29
5
9
5
9
5
9
5
9
5
9
5
13
9
23
31
35
5
39
9
43
46
50
54
5
9
5
9
5
9
5
9
13
17
5
9
5
9
13
17
5
9
13
5
9
5
9
5
13
9
13
5
9
5
9
5
9
13
5
9
5
9
13
5
5
9
9
13
5
9
13
5
9
13
5
9
20
17
21
20
22
30
32
33
34
39
39
41
43
43
45
49
50
53
53
59
57
61
63
67
69
76
78
79
84
85
87
88
91
93
95
98
100
100
102
105
104
103
108
108
113
115
115
119
119
119
118
123
124
128
128
130
127
132
132
138
139
135
136
143
139
140
144
143
151
154
148
156
158
155
157
162
167
161
166
170
165
173
172
177
176
180
185
184
184
189
188
191
195
193
192
195
199
200
202
203
204
209
212
205
216
217
209
219
220
221
213
223
224
225
217
227
228
229
221
233
236
238
229
242
246
246
253
256
250
257
260
261
267
264
269
271
274
273
268
278
277
272
280
281
276
286
289
280
290
290
293
284
299
288
302
303
292
304
307
296
307
315
319
311
323
315
326
319
330
331
334
323
334
335
338
327
344
342
331
344
348
346
335
351
339
355
343
347
369
351
372
373
355
376
378
359
382
363
367
390
371
394
375
397
383
401
387
405
391
409
395
413
399
417
403
421
407
425
411
444
429
415
448
433
419
452
437
441
426
445
430
471
449
434
475
453
438
479
457
442
483
461
446
487
450
468
491
454
472
495
458
476
499
462
480
503
466
484
470
488
523
492
527
496
500
504
551
555
559
571
575
575
579
579
595
599
599
603
606
610
614
618
622
627
626
630
635
673
676
677
680
681
705
709
809
813
5
9
5
9
5
5
9
12
5
16
9
13
24
17
21
38
42
5
9
5
9
13
5
5
9
9
5
9
5
9
5
9
13
5
17
9
5
5
9
9
7
13
11
15
5
9
13
5
9
13
17
5
9
13
17
5
5
21
9
9
13
5
9
13
5
9
5
5
9
9
13
5
9
13
17
5
9
13
17
5
9
5
9
5
9
14
18
22
30
38
46
50
54
58
62
87
91
5
9
5
9
5
13
9
5
9
5
9
5
9
5
9
13
5
9
5
9
5
9
5
13
9
17
5
9
13
17
5
9
5
5
9
9
5
9
5
9
13
17
21
25
5
9
13
17
21
25
29
33
37
41
45
49
53
57
61
65
69
5
9
5
9
5
13
9
17
21
5
9
5
9
13
17
21
25
5
9
5
9
5
9
13
5
9
13
17
21
5
9
5
9
13
5
9
13
5
9
5
9
5
9
13
5
9
13
17
5
20
22
30
32
33
34
39
39
41
43
43
49
49
50
53
60
62
64
67
69
70
72
71
74
76
79
78
82
87
88
89
92
93
96
100
104
104
106
106
111
114
113
115
120
122
126
127
124
126
131
135
130
138
139
143
143
146
145
151
150
153
149
154
152
161
156
156
164
160
160
169
167
164
164
176
178
168
182
182
172
186
190
191
193
194
195
198
199
189
201
203
204
207
197
209
211
201
212
216
215
205
223
209
226
213
226
230
217
230
234
237
234
242
224
241
238
228
251
247
242
255
255
259
249
259
259
253
263
267
266
257
267
271
261
276
271
272
265
280
276
269
290
273
289
294
277
288
293
298
292
284
302
296
308
288
306
300
312
292
310
316
296
316
321
320
323
325
327
324
327
333
335
334
335
343
343
348
352
352
357
356
361
360
364
365
364
368
369
368
372
374
378
376
375
380
385
379
384
389
383
393
387
398
397
391
401
409
398
411
413
402
415
417
406
419
422
421
410
426
414
430
429
418
433
440
437
446
441
450
445
449
457
465
465
469
469
480
484
488
492
496
500
504
508
512
521
525
534
538
542
562
566
570
570
574
574
570
574
578
582
586
590
619
594
623
598
631
632
602
635
636
606
610
614
618
622
629
668
633
637
676
641
645
649
653
657
661
665
669
673
677
681
685
689
693
697
701
705
709
713
717
721
725
729
733
737
741
745
749
753
757
761
765
769
773
777
781
789
793
797
801
805
809
813
817
821
825
829
833
837
841
845
849
853
857
861
865
869
873
877
881
885
889
893
897
901
905
909
913
917
921
925
929
933
937
941
945
949
953
957
961
965
969
1092
973
977
981
985
989
1141
5
1145
9
1149
5
5
1153
9
9
1157
1161
1165
5
1169
9
1173
13
5
9
5
5
9
9
13
13
5
5
9
9
1269
5
9
5
9
13
5
9
13
5
9
1436
5
1440
9
5
9
13
5
9
1520
13
20
1547
5
9
5
13
9
5
5
9
10
18
5
6
9
19
46
50
54
58
62
5
66
9
70
74
78
82
86
5
90
9
94
13
17
21
25
29
33
37
41
45
49
53
5
57
9
61
5
9
5
9
13
17
21
5
9
13
17
6
10
14
5
9
13
5
9
13
5
17
9
21
22
29
29
33
37
41
45
20
22
30
32
33
34
39
39
41
43
43
49
49
50
53
55
60
62
64
67
68
69
74
75
76
76
79
82
82
87
88
88
89
95
95
96
94
102
106
106
110
113
110
116
119
121
124
125
125
132
136
136
137
136
141
143
144
144
144
151
152
153
155
152
158
161
163
162
162
165
167
166
171
175
172
175
176
180
179
181
180
183
192
192
196
198
196
202
203
203
203
207
207
207
206
209
212
211
217
213
216
215
221
228
220
225
223
236
235
238
239
240
237
242
247
241
251
252
246
254
255
256
258
260
253
262
264
257
273
269
265
277
280
276
281
272
280
287
285
276
284
291
289
280
296
284
292
299
288
296
303
292
300
310
307
296
304
319
311
308
323
304
312
318
308
316
322
334
312
320
338
316
324
343
342
320
347
324
332
331
340
335
344
339
348
352
356
350
381
360
383
385
385
387
382
389
389
393
366
398
397
370
374
407
399
378
411
391
382
386
413
432
408
436
412
440
443
419
444
447
423
448
458
459
459
463
466
470
446
474
450
477
454
481
458
485
462
489
466
493
470
507
508
511
513
512
517
521
521
491
525
495
529
499
533
537
506
541
545
514
549
518
553
522
557
526
561
530
565
534
569
538
542
546
550
554
558
562
566
570
574
578
582
586
644
590
594
598
602
606
610
614
618
622
626
630
638
642
646
650
727
654
731
658
735
666
670
748
674
752
678
682
763
686
767
690
771
694
698
706
710
800
804
808
819
823
837
841
858
862
880
936
940
974
978
982
986
990
994
998
1002
1006
1010
1014
1018
1022
1026
1030
1034
1038
1042
1046
1050
1054
1058
1115
1119
1123
13
17
21
5
25
9
29
8
33
12
37
41
5
9
9
5
9
5
13
9
29
13
17
5
37
21
9
84
25
13
88
29
32
92
33
36
96
37
29
100
41
45
58
5
49
62
9
53
66
70
5
9
5
9
5
5
9
9
13
5
5
9
12
5
5
9
9
32
40
5
50
9
19
23
31
77
81
5
50
9
98
13
67
71
79
87
91
95
99
5
103
9
107
111
119
5
123
9
127
131
135
139
12
5
211
9
29
13
223
227
184
188
192
196
5
200
204
20
16
24
31
224
31
42
5
46
9
50
259
5
9
5
9
13
5
9
2030
2034
2038
740
744
748
12
20
22
27
31
32
38
38
40
43
47
48
52
52
54
55
58
59
61
63
65
67
71
74
75
77
82
82
83
84
88
88
92
93
95
96
98
97
100
104
105
105
109
109
113
117
120
120
123
121
125
124
132
129
133
132
136
133
141
141
141
147
148
145
153
155
158
160
153
163
166
160
167
170
170
164
171
176
177
172
181
181
183
176
185
188
193
192
197
197
200
188
204
205
204
207
213
215
219
219
219
223
224
223
227
228
231
237
238
235
241
242
245
246
249
249
253
256
255
258
260
259
262
263
264
269
270
273
275
274
279
280
278
283
284
282
291
291
295
300
304
307
311
316
315
320
330
333
334
337
337
338
341
347
351
351
352
355
356
358
359
362
364
368
368
372
372
381
385
388
392
420
424
428
432
436
440
444
480
484
5
9
5
9
5
9
13
17
21
25
29
5
33
9
5
37
12
5
23
5
9
5
9
28
9
13
32
17
36
21
40
5
25
44
9
29
48
13
52
5
17
56
9
21
60
12
5
26
35
5
9
45
5
9
22
6
14
43
52
92
101
105
188
192
196
8
16
20
27
31
35
43
47
51
55
59
63
67
71
75
79
299
303
23
27
319
323
327
127
140
150
5
154
9
158
13
162
17
166
21
170
25
174
16
69
20
73
47
51
55
5
5
9
9
13
5
9
5
9
13
5
9
13
5
9
5
9
5
9
5
9
5
9
5
9
5
9
5
9
13
5
9
5
9
13
5
9
13
5
9
5
9
13
17
21
5
9
13
17
21
25
29
33
37
41
45
49
53
57
5
9
5
9
5
9
13
17
21
25
29
40
21
5
9
8
13
25
59
5
9
5
9
7
11
5
9
5
9
5
9
5
9
5
9
13
17
21
25
5
9
13
5
9
13
5
9
5
13
9
17
21
25
29
33
37
41
45
5
49
9
53
57
61
5
9
13
17
21
25
29
33
37
41
45
49
53
57
61
65
69
73
77
81
85
89
93
97
101
105
109
113
117
5
121
9
125
13
129
17
133
137
141
145
149
153
157
161
165
169
173
177
181
185
189
193
197
201
205
209
5
9
5
13
9
17
13
21
17
21
25
29
33
5
9
5
9
13
5
17
9
5
9
5
9
5
9
5
9
13
5
12
20
22
27
31
32
38
38
40
43
47
48
52
52
54
55
58
59
61
63
67
70
71
71
75
79
80
83
84
87
89
91
98
97
100
102
108
109
110
108
117
117
117
118
123
122
124
125
128
130
133
132
135
137
139
139
146
147
147
150
151
154
157
158
155
163
164
162
165
168
168
166
169
170
179
179
174
180
183
183
178
188
187
187
182
191
194
186
195
190
201
199
194
205
205
198
212
212
216
216
219
220
223
227
224
230
234
235
238
238
239
245
241
248
252
252
252
254
256
258
259
259
261
263
268
272
270
277
280
281
284
282
284
285
292
289
293
299
297
304
301
308
315
324
328
329
332
332
333
336
345
349
353
357
368
370
372
374
376
378
406
408
410
412
412
415
416
416
419
420
420
444
451
455
472
476
517
5
9
5
9
5
9
9
13
5
9
5
9
5
9
5
9
5
9
5
5
6
9
5
10
19
26
30
38
5
42
9
46
13
50
5
9
60
13
64
17
21
5
5
9
9
5
9
13
9
13
17
13
17
21
25
5
29
9
33
37
5
9
5
12
25
34
5
38
9
13
17
5
9
5
5
9
9
13
17
21
25
29
33
37
41
45
49
53
57
61
65
69
73
77
81
5
9
5
5
12
9
15
19
23
27
31
5
9
5
9
5
13
9
5
9
5
9
13
5
9
5
9
5
9
13
17
21
25
29
14
22
26
34
38
42
46
5
50
9
97
101
105
109
113
117
121
125
129
133
137
141
145
172
179
5
188
9
27
31
69
73
5
5
9
9
13
17
5
9
5
9
13
5
9
5
9
13
5
9
13
5
9
5
9
5
9
5
9
13
17
5
21
9
25
29
33
37
5
9
5
9
13
17
21
5
9
13
5
17
9
21
25
5
29
9
13
17
5
9
5
13
9
17
21
25
29
33
37
41
45
5
9
5
9
5
12
13
17
21
5
25
9
29
5
9
5
9
13
5
9
13
17
21
5
25
9
29
33
5
37
9
41
45
49
53
57
61
65
69
73
77
5
9
5
15
20
24
5
9
5
9
5
9
13
5
9
5
9
5
9
13
17
5
9
5
9
13
5
9
5
9
5
9
13
17
21
5
9
5
9
13
17
21
25
29
33
37
41
45
49
53
57
61
12
20
22
27
31
32
38
38
40
43
47
48
52
52
54
55
58
59
61
63
67
70
71
71
75
75
79
80
85
88
88
91
91
95
96
96
99
99
103
102
106
110
110
112
117
114
116
120
118
122
120
127
127
126
131
131
136
138
140
142
143
144
149
150
150
151
156
160
158
163
165
167
169
173
174
177
183
178
180
188
187
188
191
192
190
192
197
196
194
196
201
198
205
206
205
209
211
213
215
217
213
219
224
226
226
223
232
233
230
234
236
234
240
238
244
243
248
250
246
252
254
258
250
256
258
262
254
264
266
258
264
273
262
268
278
277
266
275
282
270
279
287
286
274
283
291
290
287
295
282
291
299
286
295
303
290
307
298
317
302
321
323
325
306
327
310
314
340
318
353
330
355
357
334
361
338
365
375
376
379
380
382
386
392
396
397
401
401
402
405
406
410
409
414
413
417
421
428
425
431
432
429
435
433
440
444
455
448
459
452
456
460
464
468
472
476
483
487
511
491
515
495
519
499
503
510
514
518
522
526
530
534
542
546
550
554
558
562
566
570
574
578
582
586
590
594
598
602
606
610
614
618
622
626
630
634
638
642
646
650
654
658
662
666
670
674
678
682
686
690
694
698
702
706
710
714
718
722
726
730
734
738
742
831
835
847
851
855
859
863
867
871
875
879
883
887
895
899
903
907
911
915
919
923
987
991
995
999
1003
1094
1098
1102
5
9
5
9
5
9
5
13
9
5
9
5
9
5
5
9
9
5
9
5
5
9
9
13
17
21
36
40
34
38
42
46
5
5
9
9
13
17
21
25
37
5
9
9
13
13
34
17
38
42
1404
1408
5
9
5
9
13
17
21
25
29
33
37
41
45
49
53
57
61
65
5
69
9
73
77
81
85
89
93
97
5
13
9
21
124
128
132
136
140
144
148
152
156
160
164
168
172
176
180
184
188
192
196
200
204
208
212
216
220
224
228
232
236
240
244
248
252
256
260
264
268
272
276
280
284
288
292
296
300
304
308
312
316
320
324
328
332
336
340
344
348
352
356
360
364
368
372
376
380
384
388
392
396
400
404
408
412
416
420
424
428
432
436
440
444
448
452
456
460
464
468
472
476
480
484
488
492
496
500
504
508
512
516
520
524
528
532
536
12
20
22
27
31
32
38
38
40
43
47
48
52
52
54
55
58
59
61
63
65
67
71
74
75
77
77
79
81
83
83
85
88
91
93
95
97
98
99
105
106
104
108
109
111
113
112
117
117
121
121
123
126
125
128
130
132
135
136
137
140
142
144
141
146
148
149
150
157
157
157
157
161
166
167
169
170
171
169
173
176
173
179
180
181
177
185
186
181
189
189
190
185
193
197
194
189
199
201
198
193
206
202
197
208
201
217
218
205
223
222
209
224
227
226
213
230
230
217
221
241
240
239
225
245
243
229
247
233
256
237
260
262
241
264
266
268
270
272
279
276
283
287
288
293
288
295
297
292
299
301
296
303
310
303
307
318
320
323
324
332
331
336
335
339
351
352
355
359
363
367
374
371
378
375
379
383
392
393
396
397
419
423
428
435
447
451
454
458
486
490
508
512
516
555
559
560
563
564
568
572
576
580
584
588
592
596
600
604
5
9
5
9
13
5
9
5
13
9
5
17
9
21
13
25
5
5
9
9
13
5
17
9
21
5
9
9
13
17
5
9
13
17
5
9
5
5
13
9
6
18
17
21
5
25
9
37
41
55
59
63
5
9
5
9
5
9
5
17
9
27
13
31
35
15
19
5
33
9
37
41
5
45
9
13
5
9
5
9
5
9
5
9
13
5
9
5
9
13
5
17
9
21
25
29
5
9
5
9
13
17
21
25
29
5
9
13
5
5
9
9
13
13
17
17
5
9
5
9
5
9
13
17
5
9
5
9
13
17
5
9
5
9
13
5
5
9
9
13
5
17
9
21
13
5
9
5
5
9
9
5
9
5
9
5
9
5
9
13
17
5
9
5
5
9
9
13
13
17
5
21
9
13
5
17
9
21
25
5
29
9
33
13
37
17
41
45
49
53
57
13
5
9
21
84
88
92
96
100
104
108
112
116
120
124
128
132
136
140
144
148
152
5
156
9
160
13
164
168
172
176
180
184
188
192
196
200
204
5
208
9
212
13
17
224
228
241
245
249
11
61
65
31
282
286
5
290
9
294
298
302
306
310
314
318
322
326
330
5
9
13
17
21
5
9
5
9
5
9
13
17
5
9
5
5
9
9
13
17
21
25
29
5
9
5
9
13
17
5
9
12
20
22
27
31
32
38
38
40
43
47
49
53
54
54
56
60
61
63
63
66
70
72
71
77
77
77
85
86
87
89
91
94
94
97
98
100
105
107
109
110
109
114
115
116
117
118
122
121
125
125
125
129
133
132
138
136
140
145
147
148
152
153
153
157
158
159
157
161
168
166
169
170
172
173
174
178
176
177
181
180
181
184
188
190
188
190
192
200
196
197
202
204
206
204
209
208
210
208
214
217
212
219
219
225
223
223
229
227
227
239
231
240
242
243
235
244
246
249
250
250
255
257
257
258
259
261
263
265
265
267
271
269
274
275
273
281
279
277
281
283
281
285
291
285
291
289
289
293
297
298
293
297
301
297
308
312
313
313
317
321
325
322
325
329
329
336
340
354
358
361
364
365
368
374
372
377
378
386
390
394
394
395
398
398
399
402
403
406
407
410
416
414
420
418
424
428
432
454
458
462
478
482
486
498
502
502
506
568
572
576
580
819
5
9
5
13
9
8
12
16
5
20
9
30
37
5
30
9
34
38
5
9
5
5
9
9
5
9
13
17
21
5
5
9
9
13
5
9
13
5
9
5
9
20
19
23
5
5
9
16
20
27
40
5
5
9
9
13
17
5
9
5
9
5
9
13
17
21
25
29
33
37
41
45
49
53
57
61
65
5
69
9
73
5
9
5
9
5
9
5
9
13
17
21
25
29
5
9
11
15
49
53
5
57
9
61
13
17
21
5
9
5
9
5
9
13
5
5
9
9
13
13
17
21
28
17
21
5
9
13
17
21
25
29
33
37
41
45
49
53
57
5
9
13
17
21
25
29
33
37
41
45
5
9
5
9
13
5
17
9
21
25
29
33
37
41
5
9
5
9
5
9
13
5
9
13
5
9
5
9
5
9
5
9
13
17
21
11
36
26
5
9
34
23
27
5
9
13
17
21
25
5
29
9
33
37
41
5
45
12
49
13
53
5
17
57
9
61
5
65
9
69
73
77
5
9
9
16
20
28
114
5
9
13
5
9
5
13
5
9
17
9
13
17
21
25
29
33
37
5
9
5
9
13
17
5
9
5
9
13
17
21
25
29
5
33
9
37
13
41
45
49
53
57
5
61
9
5
9
13
17
5
9
5
9
5
9
13
17
12
20
22
27
31
32
38
38
40
43
47
49
53
54
54
56
60
61
63
63
70
72
73
74
76
78
78
84
86
86
86
92
91
94
96
96
102
105
108
108
110
113
114
115
118
122
121
121
127
126
128
133
134
136
137
137
142
141
141
145
150
151
149
154
154
158
159
161
163
164
168
169
172
173
178
178
177
182
182
187
181
191
194
193
196
200
202
200
205
201
209
204
205
213
208
219
212
219
224
216
226
228
220
232
224
227
234
228
238
245
232
242
248
236
246
251
240
257
257
253
247
263
264
267
267
268
254
271
272
258
275
275
276
262
279
280
283
287
294
298
299
295
301
302
306
309
310
313
318
317
322
324
319
328
327
338
335
340
342
339
344
343
347
357
351
362
361
366
366
366
370
370
370
374
382
386
389
393
397
397
401
401
405
405
409
409
413
415
422
426
430
456
460
466
464
467
470
471
474
478
486
489
490
493
512
519
523
527
611
615
5
5
9
5
9
5
13
9
13
9
17
13
17
21
17
21
25
25
29
33
37
41
45
49
5
9
13
17
21
5
25
9
29
5
33
9
37
5
12
49
14
21
18
25
29
5
9
5
9
5
9
5
9
5
5
9
9
13
5
9
5
9
13
11
19
23
46
50
54
5
58
9
5
13
9
5
9
13
5
9
13
5
9
5
16
9
23
13
39
17
43
21
47
25
51
29
55
5
59
63
12
67
71
75
25
5
79
5
9
32
83
9
87
13
91
17
95
21
99
25
103
29
107
33
111
115
119
5
5
9
9
13
17
5
9
5
5
9
9
13
13
5
9
5
9
5
11
18
5
25
9
29
13
33
37
41
48
52
56
72
76
80
84
88
92
96
100
5
9
5
9
5
9
13
5
9
13
5
9
13
17
5
21
9
5
25
9
8
12
5
10
5
9
23
31
5
9
5
9
9
13
5
9
5
9
5
9
5
5
13
9
9
13
17
21
5
9
5
9
43
58
62
5
9
13
17
5
9
13
17
21
25
5
9
13
5
9
13
17
21
25
5
9
13
17
5
9
5
9
5
9
13
17
21
5
9
13
5
9
5
9
5
9
5
5
9
9
13
5
9
13
5
9
5
9
5
9
5
13
9
17
13
21
17
21
5
9
13
17
21
