5 3
10 8
15 4
20 1
25 6
30 4
35 8
40 7
45 5
50 4
55 2
60 4
65 4
70 4
75 4
80 6
85 2
90 2
95 4
100 3
105 3
110 2
115 3
120 1
125 1
130 3
135 0
140 1
145 0
150 1
155 0
160 0
165 0
170 0
175 0
180 0
185 0
190 0
195 0
200 0
205 0
210 0
215 0
220 0
225 0
230 0
235 0
240 0
245 0
250 0
255 0
260 0
265 0
270 0
275 0
280 0
285 0
290 0
295 0
300 0
305 0
310 0
315 0
320 0
325 0
330 0
335 0
340 0
345 0
350 0
355 0
360 0
365 0
370 0
375 0
380 0
385 0
390 0
395 0
400 0
405 0
410 0
415 0
420 0
425 0
430 0
435 0
440 0
445 0
450 0
455 0
460 0
465 0
470 0
475 0
480 0
485 0
490 0
495 0
146 0
5 0
10 7
15 6
20 2
25 7
30 3
35 7
40 3
45 7
50 4
55 4
60 7
65 3
70 3
75 6
80 2
85 2
90 4
95 6
100 2
105 3
110 3
115 2
120 1
125 3
130 0
135 1
140 1
145 0
150 1
155 0
160 0
165 0
170 0
175 0
180 0
185 0
190 0
195 0
200 0
205 0
210 0
215 0
220 0
225 0
230 0
235 0
240 0
245 0
250 0
255 0
260 0
265 0
270 0
275 0
280 0
285 0
290 0
295 0
300 0
305 0
310 0
315 0
320 0
325 0
330 0
335 0
340 0
345 0
350 0
355 0
360 0
365 0
370 0
375 0
380 0
385 0
390 0
395 0
400 0
405 0
410 0
415 0
420 0
425 0
430 0
435 0
440 0
445 0
450 0
455 0
460 0
465 0
470 0
475 0
480 0
485 0
490 0
495 0
148 0
5 0
10 6
15 5
20 6
25 6
30 6
35 6
40 4
45 2
50 8
55 3
60 5
65 6
70 2
75 3
80 6
85 4
90 3
95 2
100 5
105 2
110 1
115 3
120 1
125 2
130 1
135 1
140 0
145 0
150 0
155 1
160 0
165 0
170 0
175 0
180 0
185 0
190 0
195 0
200 0
205 0
210 0
215 0
220 0
225 0
230 0
235 0
240 0
245 0
250 0
255 0
260 0
265 0
270 0
275 0
280 0
285 0
290 0
295 0
300 0
305 0
310 0
315 0
320 0
325 0
330 0
335 0
340 0
345 0
350 0
355 0
360 0
365 0
370 0
375 0
380 0
385 0
390 0
395 0
400 0
405 0
410 0
415 0
420 0
425 0
430 0
435 0
440 0
445 0
450 0
455 0
460 0
465 0
470 0
475 0
480 0
485 0
490 0
495 0
152 0
5 2
10 7
15 5
20 3
25 7
30 2
35 7
40 8
45 3
50 6
55 4
60 5
65 1
70 7
75 3
80 5
85 2
90 4
95 3
100 5
105 2
110 1
115 2
120 3
125 2
130 1
135 0
140 0
145 0
150 0
155 0
160 0
165 0
170 0
175 0
180 0
185 0
190 0
195 0
200 0
205 0
210 0
215 0
220 0
225 0
230 0
235 0
240 0
245 0
250 0
255 0
260 0
265 0
270 0
275 0
280 0
285 0
290 0
295 0
300 0
305 0
310 0
315 0
320 0
325 0
330 0
335 0
340 0
345 0
350 0
355 0
360 0
365 0
370 0
375 0
380 0
385 0
390 0
395 0
400 0
405 0
410 0
415 0
420 0
425 0
430 0
435 0
440 0
445 0
450 0
455 0
460 0
465 0
470 0
475 0
480 0
485 0
490 0
495 0
128 0
5 3
10 6
15 7
20 5
25 2
30 4
35 6
40 4
45 4
50 9
55 3
60 3
65 5
70 4
75 2
80 6
85 2
90 6
95 4
100 2
105 2
110 1
115 2
120 2
125 1
130 2
135 0
140 1
145 1
150 0
155 0
160 0
165 0
170 1
175 0
180 0
185 0
190 0
195 0
200 0
205 0
210 0
215 0
220 0
225 0
230 0
235 0
240 0
245 0
250 0
255 0
260 0
265 0
270 0
275 0
280 0
285 0
290 0
295 0
300 0
305 0
310 0
315 0
320 0
325 0
330 0
335 0
340 0
345 0
350 0
355 0
360 0
365 0
370 0
375 0
380 0
385 0
390 0
395 0
400 0
405 0
410 0
415 0
420 0
425 0
430 0
435 0
440 0
445 0
450 0
455 0
460 0
465 0
470 0
475 0
480 0
485 0
490 0
495 0
167 0
5 0
10 7
15 6
20 6
25 6
30 4
35 5
40 2
45 5
50 8
55 5
60 4
65 5
70 2
75 4
80 5
85 5
90 4
95 3
100 3
105 3
110 2
115 0
120 4
125 0
130 1
135 0
140 0
145 0
150 1
155 0
160 0
165 0
170 0
175 0
180 0
185 0
190 0
195 0
200 0
205 0
210 0
215 0
220 0
225 0
230 0
235 0
240 0
245 0
250 0
255 0
260 0
265 0
270 0
275 0
280 0
285 0
290 0
295 0
300 0
305 0
310 0
315 0
320 0
325 0
330 0
335 0
340 0
345 0
350 0
355 0
360 0
365 0
370 0
375 0
380 0
385 0
390 0
395 0
400 0
405 0
410 0
415 0
420 0
425 0
430 0
435 0
440 0
445 0
450 0
455 0
460 0
465 0
470 0
475 0
480 0
485 0
490 0
495 0
148 0
5 3
10 7
15 4
20 5
25 4
30 4
35 2
40 6
45 8
50 4
55 4
60 7
65 2
70 1
75 7
80 2
85 3
90 5
95 5
100 0
105 1
110 1
115 0
120 2
125 2
130 1
135 1
140 3
145 1
150 1
155 3
160 0
165 0
170 0
175 0
180 0
185 0
190 0
195 0
200 1
205 0
210 0
215 0
220 0
225 0
230 0
235 0
240 0
245 0
250 0
255 0
260 0
265 0
270 0
275 0
280 0
285 0
290 0
295 0
300 0
305 0
310 0
315 0
320 0
325 0
330 0
335 0
340 0
345 0
350 0
355 0
360 0
365 0
370 0
375 0
380 0
385 0
390 0
395 0
400 0
405 0
410 0
415 0
420 0
425 0
430 0
435 0
440 0
445 0
450 0
455 0
460 0
465 0
470 0
475 0
480 0
485 0
490 0
495 0
197 0
5 1
10 7
15 6
20 2
25 7
30 6
35 5
40 4
45 5
50 3
55 6
60 5
65 2
70 5
75 4
80 4
85 4
90 4
95 2
100 1
105 3
110 0
115 1
120 2
125 1
130 3
135 0
140 1
145 0
150 1
155 0
160 0
165 2
170 0
175 0
180 0
185 0
190 1
195 0
200 1
205 0
210 0
215 0
220 0
225 1
230 0
235 0
240 0
245 0
250 0
255 0
260 0
265 0
270 0
275 0
280 0
285 0
290 0
295 0
300 0
305 0
310 0
315 0
320 0
325 0
330 0
335 0
340 0
345 0
350 0
355 0
360 0
365 0
370 0
375 0
380 0
385 0
390 0
395 0
400 0
405 0
410 0
415 0
420 0
425 0
430 0
435 0
440 0
445 0
450 0
455 0
460 0
465 0
470 0
475 0
480 0
485 0
490 0
495 0
222 0
5 2
10 6
15 4
20 4
25 5
30 5
35 4
40 3
45 5
50 9
55 5
60 3
65 6
70 5
75 3
80 6
85 2
90 2
95 4
100 5
105 2
110 5
115 1
120 1
125 1
130 1
135 0
140 1
145 0
150 0
155 0
160 0
165 0
170 0
175 0
180 0
185 0
190 0
195 0
200 0
205 0
210 0
215 0
220 0
225 0
230 0
235 0
240 0
245 0
250 0
255 0
260 0
265 0
270 0
275 0
280 0
285 0
290 0
295 0
300 0
305 0
310 0
315 0
320 0
325 0
330 0
335 0
340 0
345 0
350 0
355 0
360 0
365 0
370 0
375 0
380 0
385 0
390 0
395 0
400 0
405 0
410 0
415 0
420 0
425 0
430 0
435 0
440 0
445 0
450 0
455 0
460 0
465 0
470 0
475 0
480 0
485 0
490 0
495 0
137 0
5 2
10 8
15 2
20 3
25 6
30 2
35 10
40 5
45 4
50 5
55 5
60 2
65 4
70 6
75 3
80 5
85 4
90 3
95 3
100 3
105 3
110 2
115 2
120 0
125 2
130 1
135 0
140 2
145 1
150 0
155 1
160 0
165 0
170 0
175 0
180 1
185 0
190 0
195 0
200 0
205 0
210 0
215 0
220 0
225 0
230 0
235 0
240 0
245 0
250 0
255 0
260 0
265 0
270 0
275 0
280 0
285 0
290 0
295 0
300 0
305 0
310 0
315 0
320 0
325 0
330 0
335 0
340 0
345 0
350 0
355 0
360 0
365 0
370 0
375 0
380 0
385 0
390 0
395 0
400 0
405 0
410 0
415 0
420 0
425 0
430 0
435 0
440 0
445 0
450 0
455 0
460 0
465 0
470 0
475 0
480 0
485 0
490 0
495 0
176 0
5 1
10 8
15 3
20 7
25 5
30 4
35 3
40 5
45 6
50 7
55 3
60 4
65 4
70 2
75 4
80 5
85 4
90 5
95 2
100 0
105 4
110 5
115 3
120 1
125 1
130 2
135 0
140 2
145 0
150 0
155 0
160 0
165 0
170 0
175 0
180 0
185 0
190 0
195 0
200 0
205 0
210 0
215 0
220 0
225 0
230 0
235 0
240 0
245 0
250 0
255 0
260 0
265 0
270 0
275 0
280 0
285 0
290 0
295 0
300 0
305 0
310 0
315 0
320 0
325 0
330 0
335 0
340 0
345 0
350 0
355 0
360 0
365 0
370 0
375 0
380 0
385 0
390 0
395 0
400 0
405 0
410 0
415 0
420 0
425 0
430 0
435 0
440 0
445 0
450 0
455 0
460 0
465 0
470 0
475 0
480 0
485 0
490 0
495 0
135 0
5 2
10 6
15 7
20 3
25 7
30 5
35 3
40 3
45 6
50 5
55 6
60 4
65 6
70 4
75 2
80 2
85 4
90 2
95 1
100 4
105 2
110 4
115 3
120 3
125 3
130 1
135 2
140 0
145 0
150 0
155 0
160 0
165 0
170 0
175 0
180 0
185 0
190 0
195 0
200 0
205 0
210 0
215 0
220 0
225 0
230 0
235 0
240 0
245 0
250 0
255 0
260 0
265 0
270 0
275 0
280 0
285 0
290 0
295 0
300 0
305 0
310 0
315 0
320 0
325 0
330 0
335 0
340 0
345 0
350 0
355 0
360 0
365 0
370 0
375 0
380 0
385 0
390 0
395 0
400 0
405 0
410 0
415 0
420 0
425 0
430 0
435 0
440 0
445 0
450 0
455 0
460 0
465 0
470 0
475 0
480 0
485 0
490 0
495 0
134 0
5 1
10 8
15 4
20 3
25 6
30 2
35 6
40 7
45 5
50 4
55 4
60 5
65 3
70 4
75 4
80 3
85 5
90 6
95 0
100 5
105 3
110 2
115 2
120 4
125 1
130 0
135 0
140 0
145 1
150 1
155 0
160 1
165 0
170 0
175 0
180 0
185 0
190 0
195 0
200 0
205 0
210 0
215 0
220 0
225 0
230 0
235 0
240 0
245 0
250 0
255 0
260 0
265 0
270 0
275 0
280 0
285 0
290 0
295 0
300 0
305 0
310 0
315 0
320 0
325 0
330 0
335 0
340 0
345 0
350 0
355 0
360 0
365 0
370 0
375 0
380 0
385 0
390 0
395 0
400 0
405 0
410 0
415 0
420 0
425 0
430 0
435 0
440 0
445 0
450 0
455 0
460 0
465 0
470 0
475 0
480 0
485 0
490 0
495 0
158 0
5 3
10 5
15 6
20 5
25 2
30 7
35 6
40 3
45 5
50 4
55 4
60 9
65 2
70 4
75 2
80 5
85 4
90 1
95 4
100 3
105 4
110 1
115 1
120 2
125 1
130 0
135 0
140 2
145 0
150 0
155 1
160 0
165 0
170 1
175 0
180 0
185 2
190 0
195 0
200 0
205 0
210 0
215 0
220 0
225 0
230 0
235 1
240 0
245 0
250 0
255 0
260 0
265 0
270 0
275 0
280 0
285 0
290 0
295 0
300 0
305 0
310 0
315 0
320 0
325 0
330 0
335 0
340 0
345 0
350 0
355 0
360 0
365 0
370 0
375 0
380 0
385 0
390 0
395 0
400 0
405 0
410 0
415 0
420 0
425 0
430 0
435 0
440 0
445 0
450 0
455 0
460 0
465 0
470 0
475 0
480 0
485 0
490 0
495 0
232 0
5 1
10 7
15 7
20 7
25 2
30 3
35 8
40 4
45 3
50 7
55 4
60 6
65 3
70 5
75 3
80 5
85 4
90 2
95 4
100 2
105 3
110 2
115 2
120 1
125 1
130 1
135 1
140 1
145 0
150 1
155 0
160 0
165 0
170 0
175 0
180 0
185 0
190 0
195 0
200 0
205 0
210 0
215 0
220 0
225 0
230 0
235 0
240 0
245 0
250 0
255 0
260 0
265 0
270 0
275 0
280 0
285 0
290 0
295 0
300 0
305 0
310 0
315 0
320 0
325 0
330 0
335 0
340 0
345 0
350 0
355 0
360 0
365 0
370 0
375 0
380 0
385 0
390 0
395 0
400 0
405 0
410 0
415 0
420 0
425 0
430 0
435 0
440 0
445 0
450 0
455 0
460 0
465 0
470 0
475 0
480 0
485 0
490 0
495 0
145 0
