6
15
9
11
18
11
8
8
23
30
7
33
10
28
13
32
28
13
5
29
28
40
9
20
47
35
6
22
46
26
4
47
31
28
30
30
36
40
37
50
55
39
4
31
46
8
23
64
19
31
19
52
28
27
12
24
52
19
20
27
24
36
33
16
14
35
15
26
9
67
16
31
34
8
44
10
63
29
8
32
29
62
40
12
24
72
27
31
42
27
5
22
38
27
33
33
14
24
20
28
39
23
28
14
7
36
12
69
8
7
10
34
33
26
31
39
24
38
30
60
17
39
17
31
24
45
36
18
48
20
36
8
16
20
39
38
28
9
20
43
27
45
5
63
35
44
55
49
28
45
64
9
59
30
21
59
18
23
7
24
12
71
26
29
53
16
16
63
10
20
40
35
28
17
24
18
61
24
19
5
39
12
40
32
37
29
37
37
39
60
14
55
37
58
56
80
9
32
24
53
10
49
23
40
26
26
33
27
43
13
18
16
40
55
36
41
40
18
49
27
34
21
21
13
30
40
42
26
41
26
62
8
27
39
57
14
31
55
70
33
20
51
8
25
11
16
19
51
72
23
23
7
35
14
24
50
30
61
24
26
96
46
35
32
41
16
36
41
15
11
15
29
10
45
38
31
28
51
44
79
14
21
59
45
54
88
28
44
49
14
59
10
54
13
60
41
32
4
4
61
47
15
17
24
80
77
13
81
16
85
22
40
17
58
13
18
23
23
32
22
22
18
104
26
39
8
53
33
16
30
30
66
15
5
30
45
12
19
7
21
10
64
62
4
27
42
76
39
8
13
25
27
39
16
12
60
28
60
17
33
32
44
6
11
33
15
41
26
24
32
22
13
14
39
19
49
83
7
7
8
35
68
21
59
56
39
67
60
54
74
20
15
39
65
66
66
70
15
19
46
86
29
22
29
23
18
6
30
6
65
97
38
39
12
28
101
21
32
5
6
93
26
39
110
14
18
21
44
10
10
41
116
68
37
7
21
81
62
12
72
10
47
41
44
6
81
39
48
30
29
38
18
28
74
34
48
27
70
112
34
6
58
34
61
26
10
15
23
60
50
70
4
28
22
66
20
36
26
47
33
28
42
27
28
14
35
7
39
52
25
20
43
60
17
22
46
46
35
49
49
4
11
11
18
18
4
23
14
26
21
10
12
6
7
12
27
15
14
9
10
18
32
29
13
38
17
33
21
9
18
19
28
4
12
12
29
50
33
7
15
33
21
15
21
50
47
32
45
11
63
35
21
44
26
20
37
11
6
11
32
29
77
51
5
22
38
30
88
49
16
10
51
33
43
27
9
7
61
47
69
46
17
59
51
41
69
7
63
27
84
49
69
46
111
35
94
26
35
11
87
36
41
43
9
31
46
54
18
17
85
46
41
43
34
11
40
5
72
91
37
12
33
25
38
77
35
12
40
25
13
78
7
52
58
21
36
48
6
47
9
41
25
20
39
63
79
5
8
78
7
17
19
16
46
38
31
58
40
30
65
31
25
69
12
28
43
29
59
62
53
45
28
28
12
5
57
35
50
88
21
62
6
8
37
19
62
96
19
41
7
71
121
58
29
64
66
47
57
14
45
114
18
78
53
30
31
49
24
29
15
63
32
54
47
18
16
66
47
13
64
85
10
97
31
49
52
31
31
99
46
20
15
25
69
34
68
27
32
38
25
41
32
46
12
52
18
15
32
113
91
46
62
139
8
27
68
34
32
34
16
97
67
88
81
24
63
41
75
11
37
120
110
46
18
86
23
34
50
30
151
10
27
45
12
32
22
17
83
39
30
27
25
57
37
145
50
38
51
56
29
57
100
114
24
25
118
27
76
38
17
90
183
23
69
71
33
53
36
59
6
49
36
31
17
8
32
8
138
40
64
91
75
27
17
30
5
48
23
30
41
64
9
13
14
19
43
27
45
62
34
15
90
89
25
55
4
53
24
42
26
19
51
102
97
90
40
12
26
71
59
18
31
55
17
40
25
34
10
40
82
55
29
89
45
9
55
32
50
26
18
46
71
27
58
38
49
14
20
15
94
14
4
34
45
9
34
65
62
45
28
24
38
7
47
15
30
31
12
52
6
9
12
14
24
35
47
47
19
12
25
49
23
28
41
41
48
8
91
49
35
69
47
8
18
6
23
57
23
11
11
16
78
29
43
12
8
29
13
56
62
84
25
24
64
6
4
37
34
32
36
73
21
15
49
8
49
14
24
37
17
43
31
89
40
18
93
25
134
23
31
22
34
38
68
92
49
52
52
94
123
16
4
12
18
4
4
14
33
14
11
15
37
29
29
30
29
39
26
16
18
12
5
58
42
11
11
15
11
20
19
17
36
26
17
23
33
11
27
6
32
80
14
14
6
24
25
8
23
23
20
33
23
53
21
13
43
14
36
34
34
41
29
25
5
8
26
35
4
39
20
38
33
25
18
90
19
32
42
17
8
34
32
70
44
25
39
19
77
22
38
77
24
36
25
71
39
10
80
20
55
20
55
39
48
33
38
37
85
37
72
17
40
14
24
39
38
19
51
4
58
40
50
36
77
14
105
12
19
38
45
5
34
36
41
35
20
9
5
28
31
22
17
7
8
57
82
20
139
107
9
61
9
34
17
11
57
16
32
74
6
56
49
16
11
31
33
23
11
23
14
11
9
145
38
44
4
33
23
6
54
37
29
10
31
67
24
24
5
105
36
61
39
16
71
34
59
7
79
43
42
27
91
47
42
30
57
26
45
17
7
107
25
42
52
27
104
5
17
24
56
48
41
117
34
91
70
41
58
20
6
16
23
24
26
29
51
34
51
56
5
31
24
32
11
48
20
141
107
25
9
23
16
30
31
60
35
9
8
26
38
6
7
33
47
45
34
174
42
17
28
30
48
14
18
29
24
54
62
44
6
36
38
6
21
43
58
30
9
28
20
29
33
23
176
24
27
47
4
31
89
16
6
8
39
14
17
25
47
11
32
33
25
38
66
27
18
17
47
33
55
134
47
22
34
4
4
8
23
20
29
5
41
32
33
28
69
43
18
73
37
16
42
147
14
21
13
23
34
33
23
43
17
48
22
42
32
30
6
5
15
30
40
5
13
11
15
19
31
92
12
18
51
22
51
35
12
67
44
20
98
44
42
28
86
44
24
19
63
25
61
36
62
36
40
18
23
21
7
50
102
24
44
36
18
57
52
38
5
13
4
26
61
26
77
40
43
41
11
100
22
53
31
48
64
19
53
21
59
27
46
25
53
64
10
36
16
4
12
7
38
46
83
24
21
20
34
92
22
39
61
51
8
94
78
9
28
93
29
24
31
80
29
98
8
43
7
125
18
20
13
26
37
25
38
51
27
32
32
70
64
27
36
59
131
49
47
39
108
64
33
102
64
71
82
81
83
82
94
96
110
5
9
13
9
7
24
20
12
11
27
8
9
12
6
20
5
5
15
27
4
60
35
36
11
27
32
16
26
32
25
4
4
44
8
17
20
20
29
29
8
4
15
64
30
8
52
14
17
11
13
20
57
29
45
26
29
33
22
59
17
35
42
44
44
32
41
17
93
90
18
18
17
19
55
45
10
35
25
27
75
29
50
61
62
20
54
7
40
8
19
13
12
75
14
9
23
46
47
24
89
20
68
17
36
11
21
31
16
11
6
8
42
17
43
13
35
15
61
14
122
26
31
5
7
13
31
46
25
13
13
45
5
19
6
18
5
30
36
12
5
30
8
37
28
19
41
9
26
39
7
27
44
9
54
30
20
53
37
55
22
37
64
50
64
40
37
21
21
65
49
34
47
19
27
37
8
9
84
65
90
63
12
108
23
4
20
36
6
92
17
23
26
34
17
16
11
15
74
31
48
28
23
33
33
38
49
20
37
49
32
48
39
46
37
22
52
16
4
29
17
23
78
17
44
35
42
47
43
4
46
5
82
27
8
36
15
11
77
37
11
43
11
24
31
46
38
9
35
61
58
29
89
14
13
41
28
94
33
24
45
8
30
22
7
37
27
8
31
41
22
52
32
44
51
75
26
42
52
10
87
43
12
4
24
34
52
33
41
28
43
45
43
49
33
19
37
67
32
26
48
95
10
11
41
38
32
49
120
23
44
10
42
72
66
18
12
7
25
45
41
68
31
32
29
20
45
42
54
27
14
7
18
51
38
169
50
8
25
34
46
71
12
25
39
31
8
36
74
36
6
43
36
39
42
35
40
29
33
22
95
24
30
30
79
12
45
159
103
38
36
43
49
76
60
60
28
11
60
103
64
34
45
58
16
28
32
47
13
10
40
28
24
59
64
45
47
26
25
23
51
7
111
40
95
32
64
11
20
46
26
86
46
27
54
101
15
17
58
44
56
42
23
14
111
6
74
49
59
52
21
51
88
47
53
59
56
73
50
91
13
42
36
50
18
34
11
27
87
18
29
5
32
38
29
80
102
40
4
17
76
19
10
22
49
63
44
27
58
25
50
40
43
36
82
27
16
31
28
133
19
9
38
61
31
47
10
88
24
57
37
51
31
72
39
111
57
39
43
60
63
5
7
9
14
22
10
26
26
10
28
20
23
25
31
43
28
14
9
27
6
4
36
25
27
46
10
26
73
44
13
26
5
47
18
43
9
40
60
15
16
20
22
43
34
6
9
5
51
23
29
55
29
51
38
31
7
103
6
86
35
10
107
13
29
6
28
43
37
32
7
42
16
26
57
28
75
35
15
61
14
18
22
35
19
44
32
5
46
13
15
16
16
26
5
45
42
28
7
72
38
50
86
37
52
57
26
15
48
67
29
25
11
56
17
36
44
10
53
20
88
28
12
65
40
42
44
101
52
46
25
57
46
28
66
50
100
21
47
80
80
15
12
5
8
21
110
45
14
43
34
69
41
6
46
22
31
20
42
74
39
22
96
4
12
57
33
31
32
9
61
10
102
50
133
28
28
39
69
5
56
98
60
14
35
22
37
30
7
11
87
15
34
17
17
19
7
81
24
38
21
55
80
10
187
23
47
15
10
33
40
47
48
39
42
19
24
22
27
12
48
30
16
8
28
27
34
18
29
49
36
76
70
9
11
156
21
43
12
67
33
8
69
29
78
68
80
16
30
46
74
14
46
33
7
71
21
85
24
45
32
57
21
55
69
80
187
4
71
78
62
65
8
17
19
42
89
38
35
73
19
101
16
43
43
19
51
10
63
35
52
23
22
76
72
30
6
42
44
33
49
38
34
49
5
41
17
46
48
84
32
46
63
16
61
13
41
31
28
73
42
70
15
7
39
29
32
66
38
5
43
24
34
45
92
5
40
52
12
34
27
40
12
7
54
41
61
73
46
30
60
28
51
108
60
79
66
49
64
28
50
43
9
92
28
56
17
67
54
86
23
51
19
59
11
17
23
42
101
15
45
9
46
4
11
131
44
36
49
65
64
22
32
69
42
31
53
28
47
40
31
54
16
37
16
57
28
83
128
27
56
82
64
29
72
32
49
17
6
19
18
21
41
38
89
46
7
45
36
71
90
34
27
43
27
109
14
24
63
17
36
38
27
49
113
17
16
44
25
13
72
40
54
46
6
126
81
46
11
91
20
47
22
29
91
32
11
8
22
61
57
40
22
68
28
32
27
96
64
55
39
21
174
20
58
40
55
37
93
35
51
47
45
59
54
67
140
208
95
156
111
11
14
7
10
18
11
18
27
25
11
7
29
17
24
31
37
15
4
39
15
31
28
30
25
14
35
25
26
29
62
24
30
15
32
12
42
26
34
19
20
36
14
46
22
4
31
34
29
20
16
31
26
35
18
24
16
30
25
36
18
36
17
35
32
13
77
32
31
50
28
9
38
32
47
11
17
68
27
48
64
29
16
20
37
42
44
21
45
41
36
45
12
36
30
20
21
41
71
38
34
6
22
8
13
37
70
23
39
17
7
22
16
30
24
51
33
31
32
35
45
9
24
57
24
31
44
43
43
54
51
27
20
50
31
32
36
51
38
32
78
75
62
24
48
43
26
10
52
52
22
59
49
17
37
65
33
56
29
11
10
44
91
35
46
28
20
60
19
67
43
29
30
37
35
5
12
19
101
72
36
6
9
19
59
10
8
90
28
104
30
23
41
39
11
111
49
14
53
18
18
9
30
29
55
25
12
10
104
28
8
21
21
125
26
38
60
79
22
76
31
12
79
158
66
14
55
17
25
23
16
48
21
86
31
7
73
9
74
44
10
5
9
9
37
28
30
31
15
23
33
30
95
9
22
37
33
47
54
7
26
14
32
41
11
27
30
18
21
42
33
41
46
31
16
12
35
4
54
53
43
27
26
20
26
62
33
50
58
25
40
45
43
87
37
87
14
54
41
15
30
68
46
79
17
4
37
27
21
41
49
14
19
28
35
62
30
55
64
38
98
17
34
20
97
29
14
16
101
49
39
46
44
31
19
33
43
39
33
55
26
7
125
18
23
17
28
38
71
42
6
13
22
19
24
46
76
43
4
36
57
115
20
6
19
22
22
20
48
22
42
17
112
4
24
34
16
87
31
6
6
38
27
16
80
45
49
15
29
26
30
15
38
36
32
13
16
36
34
13
71
11
49
48
8
5
25
68
16
55
87
29
36
69
7
43
46
29
69
34
5
9
11
19
34
34
36
27
27
12
11
77
56
8
39
36
26
51
11
19
5
100
55
30
18
86
33
4
26
37
37
63
13
32
50
35
12
25
30
17
55
42
28
36
14
4
65
44
32
11
20
107
76
31
25
18
18
17
45
62
32
25
31
40
82
76
24
69
23
47
19
55
26
54
57
40
66
42
41
51
85
13
7
16
23
4
10
9
26
20
15
17
32
7
29
26
11
10
4
33
8
12
12
32
35
33
19
36
38
30
19
31
12
9
40
35
9
27
44
4
10
40
5
20
13
28
4
9
33
15
30
16
6
31
49
8
41
34
21
15
28
11
35
23
7
53
34
50
36
21
35
24
30
17
8
84
29
4
13
34
6
72
14
21
12
50
30
37
36
33
4
87
37
60
44
9
70
51
23
37
39
16
26
52
29
14
18
43
46
35
60
62
10
78
25
50
13
26
69
43
38
37
19
70
27
40
57
22
21
24
22
15
83
45
9
62
29
23
23
12
24
23
27
37
18
78
52
20
27
45
80
26
13
20
14
17
14
62
57
31
68
53
14
49
100
76
21
67
26
6
104
39
8
87
51
79
72
48
64
8
31
28
55
40
27
53
22
31
30
11
40
42
11
18
21
85
20
98
39
27
161
21
59
19
25
67
32
55
91
26
6
50
40
26
4
18
24
7
56
29
91
5
43
30
34
40
170
20
69
60
110
123
93
14
43
27
85
26
18
37
44
27
35
125
32
39
20
57
32
4
27
29
15
132
105
8
34
76
12
16
28
42
13
34
40
48
21
23
40
11
57
107
46
27
20
24
30
10
38
85
44
29
26
4
15
19
21
21
34
15
14
10
28
47
54
39
40
19
20
14
62
37
11
5
47
39
18
42
28
77
24
67
93
24
40
6
45
19
14
25
31
26
29
31
6
5
15
28
32
32
43
20
31
30
64
31
36
23
91
26
57
28
42
35
26
49
59
59
38
77
24
10
40
15
10
49
48
43
39
22
35
39
51
23
26
81
35
16
77
18
14
43
30
28
29
23
6
30
10
8
43
54
25
60
13
16
29
80
38
9
60
44
36
54
65
48
24
39
9
41
23
16
32
48
24
92
15
68
27
18
91
83
4
14
34
89
21
63
8
24
8
10
23
88
36
116
20
20
23
56
36
38
27
17
53
27
41
26
20
41
13
6
7
31
28
46
55
42
28
49
40
33
7
15
27
8
40
13
26
34
29
51
41
29
24
67
36
47
40
25
37
64
4
44
44
10
23
65
41
37
68
47
74
46
24
54
29
44
74
69
70
38
96
47
51
54
75
64
97
126
148
5
11
16
20
11
25
19
7
29
9
18
29
23
24
34
31
19
48
11
48
18
31
24
32
14
26
49
18
4
48
37
66
25
35
13
64
7
37
53
59
18
28
22
6
4
19
59
39
71
16
15
48
46
48
77
30
95
41
5
15
20
24
18
38
4
24
26
100
47
94
64
44
34
6
32
19
21
17
27
47
61
22
132
31
96
16
30
16
61
23
22
18
29
23
43
57
8
28
4
34
14
17
61
25
46
4
24
28
18
47
55
13
60
107
11
47
39
49
13
35
59
36
58
35
9
20
31
52
52
64
22
37
17
31
22
63
17
59
27
27
8
15
24
96
74
48
48
41
21
86
53
83
42
42
43
20
34
52
32
56
31
75
36
38
62
57
34
10
33
38
7
52
44
26
55
65
40
17
14
63
55
85
4
11
48
78
19
74
47
43
37
15
51
50
37
32
26
79
9
43
102
36
23
87
39
39
25
59
17
25
13
38
42
5
18
95
8
4
15
16
91
43
26
17
125
24
8
50
42
50
34
32
26
13
33
25
39
61
40
21
43
44
45
9
38
13
13
42
7
46
13
39
44
34
47
94
13
37
32
18
6
70
22
15
38
55
35
7
13
18
33
20
55
30
24
8
34
43
31
55
83
31
6
85
108
35
19
46
28
28
35
6
27
83
9
9
22
48
41
102
52
23
26
58
96
33
62
23
39
51
15
40
49
6
40
63
131
30
5
109
32
31
34
47
29
15
7
36
35
76
14
19
30
8
53
13
20
41
60
28
74
28
6
13
12
23
14
38
7
14
39
37
26
23
59
13
4
51
24
10
30
38
22
17
29
29
89
34
19
33
42
10
7
28
66
41
23
63
8
42
13
26
35
49
32
36
34
29
21
64
63
43
36
17
39
39
33
43
132
16
75
14
29
37
35
9
14
68
13
12
34
18
7
75
75
61
64
14
4
69
29
26
28
10
145
47
34
56
8
19
70
97
9
49
38
32
5
32
67
47
24
32
67
28
23
73
9
34
40
105
8
19
49
29
13
25
28
54
11
14
19
22
48
21
71
71
40
17
6
40
67
15
41
19
5
63
48
20
36
32
45
72
25
44
35
51
28
28
40
85
51
52
66
46
62
60
62
64
85
71
4
5
11
4
21
17
13
9
21
13
15
27
7
22
30
13
34
11
41
26
32
16
29
36
47
30
7
16
42
11
14
57
45
43
26
16
15
18
26
25
63
34
46
37
6
32
32
43
47
33
57
9
17
40
4
11
12
52
10
40
9
14
14
72
41
21
49
28
41
33
77
13
70
24
53
60
30
37
34
21
41
31
34
17
66
36
41
46
25
25
53
5
38
29
25
61
93
71
44
55
9
59
5
31
9
50
44
8
30
39
16
48
11
21
72
26
55
36
13
34
36
54
11
21
34
10
55
37
26
31
71
17
8
8
52
22
17
73
32
35
57
4
10
23
33
61
46
52
24
35
24
64
28
16
26
6
113
8
22
41
61
52
24
39
79
34
53
10
20
32
45
55
37
59
45
46
9
23
34
21
15
33
16
26
60
69
33
11
5
80
61
10
28
91
58
70
50
8
32
109
57
42
14
55
17
37
36
61
10
74
51
6
70
24
28
26
25
124
32
7
29
74
48
16
11
48
16
32
35
84
42
22
20
99
56
30
23
15
34
27
47
45
34
24
27
62
21
74
93
81
55
29
22
29
36
5
70
38
63
5
73
27
32
45
46
37
34
27
95
79
28
24
20
46
54
92
58
42
37
16
6
138
25
9
69
41
18
17
40
26
11
7
70
7
37
37
31
68
19
43
17
128
24
71
52
62
60
73
46
74
37
94
18
8
24
13
31
26
12
4
34
23
52
29
13
41
6
55
62
46
47
33
126
37
73
17
64
11
55
58
29
49
69
37
43
121
41
43
76
13
53
74
23
60
98
40
63
147
52
76
48
16
48
9
59
26
24
79
37
12
33
62
37
78
31
20
45
21
161
134
12
37
19
5
55
8
72
32
27
20
33
7
89
11
95
17
53
22
14
26
16
18
8
15
88
6
10
99
20
63
8
59
35
70
27
43
27
11
73
42
72
22
19
66
42
37
68
38
122
151
71
22
16
43
35
5
21
28
90
70
24
39
49
32
18
26
13
20
38
4
128
41
37
55
33
30
14
49
28
31
18
22
9
38
71
39
12
26
4
9
26
20
24
163
34
40
33
83
49
38
50
18
33
36
30
36
49
35
37
35
38
179
109
71
54
84
203
80
191
214
8
15
10
8
25
17
22
13
4
7
11
27
23
30
27
24
27
26
12
5
29
38
17
18
59
13
26
8
27
37
10
29
45
47
21
44
18
7
17
39
31
44
18
40
20
47
22
33
78
44
30
11
19
17
37
27
16
82
31
40
33
15
42
9
39
11
20
34
13
8
29
37
43
56
23
46
20
21
9
34
38
49
28
126
37
42
27
52
26
44
57
29
8
32
31
13
42
21
55
15
13
36
60
75
25
51
4
36
17
69
12
29
39
43
11
28
74
42
6
53
86
55
16
45
92
110
19
33
38
24
47
39
30
38
8
43
5
17
11
48
59
37
58
67
100
18
31
38
76
41
11
26
73
29
68
7
50
25
86
18
52
98
21
17
33
53
11
23
35
55
40
7
61
65
32
4
26
14
19
6
133
18
14
52
21
32
24
4
11
30
36
28
83
22
24
57
111
16
10
48
30
52
23
5
28
18
4
36
6
34
79
51
4
19
47
14
37
28
34
32
7
40
18
33
17
20
20
73
27
37
29
39
30
53
62
39
6
20
18
55
56
5
13
36
25
61
20
29
24
37
40
35
34
92
18
48
44
39
32
5
36
22
42
11
58
61
30
6
44
37
26
42
15
51
13
48
10
12
32
29
22
17
27
26
14
58
17
28
58
29
13
63
69
19
37
51
30
47
68
23
5
58
7
5
28
6
53
30
71
39
17
26
49
29
10
21
44
59
19
66
5
7
75
7
34
80
7
57
25
17
9
48
7
20
73
114
51
22
53
17
108
18
9
47
19
55
4
28
9
32
54
16
12
97
5
34
17
12
38
44
45
6
85
4
22
77
38
36
12
33
49
18
53
27
37
57
51
37
54
11
106
25
42
10
18
39
23
18
43
73
100
46
69
25
56
26
7
34
53
79
16
46
40
42
33
7
53
23
101
55
26
43
24
67
8
70
6
18
24
27
55
13
18
42
43
37
4
24
44
32
10
10
24
20
19
22
61
40
62
37
50
35
45
22
18
46
21
12
52
34
6
23
49
35
83
24
45
18
53
79
15
15
31
48
45
46
24
58
67
99
26
31
28
30
10
30
54
33
49
31
46
23
63
30
47
40
58
21
25
97
35
36
86
55
56
67
93
107
76
131
6
10
20
18
4
7
14
31
12
4
6
24
16
16
20
24
37
26
39
27
38
21
34
62
23
57
15
28
7
38
27
29
28
18
14
37
26
14
12
19
42
34
7
31
38
21
5
43
31
25
11
48
21
51
83
23
16
47
42
15
78
6
54
28
49
26
33
42
10
71
34
20
28
8
18
22
44
101
41
18
33
42
111
96
35
17
39
24
30
46
30
6
34
41
39
26
30
42
100
33
54
36
46
20
62
41
86
74
44
26
43
52
25
43
68
41
49
28
23
58
20
89
79
32
18
82
77
97
73
62
63
10
22
92
38
39
19
35
94
103
25
95
26
6
83
56
54
42
37
83
12
54
34
46
23
16
86
142
34
37
12
114
23
32
49
36
94
37
34
38
91
128
49
49
40
44
66
80
57
65
30
14
35
29
117
39
130
31
30
32
47
29
118
6
78
32
24
24
70
47
19
21
45
21
99
5
43
141
20
39
8
28
30
86
161
156
34
58
29
57
23
24
14
26
62
22
98
20
32
31
56
16
69
59
35
34
86
14
44
139
32
11
40
42
93
52
126
6
40
12
26
43
32
41
52
97
36
44
59
69
8
57
33
16
15
76
8
56
161
23
24
31
123
40
13
37
93
41
25
16
50
15
131
51
20
71
85
8
26
85
54
51
53
32
107
91
45
44
52
34
72
60
203
55
31
45
24
9
78
23
32
68
106
65
135
69
63
11
20
36
56
73
122
60
64
47
31
50
140
90
36
70
38
40
192
15
18
21
40
26
8
37
42
6
13
55
15
100
60
50
18
10
41
56
21
33
38
83
96
19
37
105
57
26
24
62
8
87
28
11
6
66
46
21
216
12
43
46
90
47
7
35
48
90
28
89
69
54
58
59
16
148
56
16
88
40
24
7
45
81
21
252
63
46
9
46
38
32
37
52
9
8
66
29
88
34
22
20
6
47
62
12
35
36
97
20
62
28
53
72
24
28
303
14
30
92
26
20
29
78
42
42
95
55
15
33
12
18
31
26
147
29
11
50
59
16
62
41
94
65
26
47
38
61
58
41
24
12
32
57
9
46
36
38
51
67
14
59
30
9
81
39
54
34
39
19
19
32
79
31
28
51
34
38
65
37
48
42
75
81
6
9
15
9
14
17
19
9
17
28
13
15
15
29
18
40
15
25
7
38
45
15
40
4
43
12
9
11
53
36
35
30
50
17
16
42
25
13
9
21
5
31
17
91
27
44
41
31
78
20
57
44
38
13
14
15
27
27
4
43
10
13
17
6
38
16
112
24
35
48
13
28
27
88
31
33
36
51
21
23
10
50
32
49
13
15
33
39
149
49
31
37
11
119
16
18
22
22
21
19
47
30
14
55
25
19
6
65
90
41
11
64
150
27
5
9
35
46
41
29
52
73
26
34
43
18
52
58
43
22
33
21
35
30
35
48
64
68
11
12
55
71
14
21
37
40
53
5
21
51
40
52
28
39
200
53
49
6
45
17
11
28
14
67
29
37
37
9
59
21
31
28
43
67
11
60
46
28
10
48
13
55
7
13
71
72
229
10
36
56
33
8
106
19
21
19
81
14
33
41
17
13
39
45
48
33
82
50
27
100
80
11
112
104
92
6
24
58
71
13
245
140
53
54
57
37
37
53
70
16
11
32
113
10
15
35
49
18
126
64
31
32
62
40
148
103
19
6
32
19
33
39
174
86
51
35
25
63
39
49
34
17
65
72
44
48
38
30
105
21
17
9
24
108
177
14
35
57
36
131
56
108
12
8
78
10
52
47
49
42
73
55
46
34
45
37
20
32
36
25
120
57
7
16
62
28
40
38
48
34
36
70
38
123
52
50
100
13
88
25
67
47
61
38
13
6
98
20
39
63
52
36
38
10
47
111
40
29
35
93
34
22
68
23
27
5
20
139
7
9
115
36
106
24
38
44
8
48
25
16
35
29
21
74
16
27
125
52
9
33
30
16
111
8
54
39
34
195
52
47
22
20
45
16
42
9
25
5
18
48
19
42
165
58
10
58
18
40
12
90
9
44
7
48
37
24
16
61
29
33
31
39
52
14
181
37
33
17
9
50
11
30
67
45
32
55
126
13
24
15
49
18
36
43
77
19
45
6
36
125
23
18
43
18
14
90
30
16
167
25
15
14
29
50
26
34
12
11
11
111
31
12
42
33
7
103
22
147
13
18
56
38
79
19
37
22
74
38
28
60
6
124
41
55
158
23
15
37
20
33
94
30
38
35
37
36
81
45
89
108
9
15
15
13
18
25
6
11
9
20
7
21
20
20
10
22
13
4
25
35
10
16
33
8
20
22
18
42
23
42
37
33
11
37
23
64
43
41
41
34
26
32
36
23
34
43
22
9
22
42
11
45
60
9
18
11
33
76
29
58
10
32
14
23
24
37
11
31
36
49
15
25
28
16
54
5
16
9
5
48
36
8
40
4
32
13
19
37
6
12
20
41
30
18
13
33
11
31
74
48
7
42
31
21
50
6
19
24
16
39
28
47
27
18
5
45
42
40
26
4
23
14
32
63
35
36
33
32
28
23
15
33
18
24
21
18
37
22
57
16
9
103
5
45
27
31
9
20
30
30
36
32
28
35
20
30
11
19
7
23
36
29
12
35
59
34
29
26
30
13
34
50
34
48
25
29
12
38
38
40
7
9
8
55
74
35
20
34
43
34
49
57
8
38
44
40
61
66
10
34
51
19
46
37
45
62
43
29
52
47
90
8
8
18
52
80
76
15
71
5
78
59
10
85
43
43
28
42
60
104
22
37
45
12
20
49
58
90
54
80
15
5
8
13
13
64
9
52
38
10
74
124
35
23
48
29
5
8
122
110
58
39
121
6
45
41
46
57
26
63
75
24
44
13
15
120
57
6
54
40
34
37
145
39
9
16
42
41
9
75
31
45
51
29
63
9
80
71
43
131
47
31
32
67
22
5
61
29
38
63
90
16
33
8
38
35
97
5
18
13
21
8
76
75
13
21
39
27
99
34
62
35
8
57
5
21
37
46
18
96
47
79
14
19
20
31
50
18
76
46
112
47
44
40
28
16
13
23
19
15
31
5
40
28
10
39
10
70
47
63
41
66
100
4
13
56
35
39
47
48
49
35
33
23
29
64
48
38
48
31
106
11
19
92
56
14
13
24
41
15
41
22
139
6
26
101
34
14
70
16
26
36
47
75
83
53
6
5
44
18
23
13
47
150
8
11
14
33
35
4
64
23
22
87
19
72
34
36
22
7
10
25
7
37
37
100
25
24
86
56
28
16
25
34
33
14
7
51
16
12
14
44
28
6
6
26
40
59
33
7
64
11
27
41
71
42
96
56
37
12
19
125
17
37
64
39
21
97
61
43
49
45
69
48
110
54
83
162
70
90
5
5
20
12
16
4
28
11
31
10
34
10
11
10
21
28
30
24
17
4
8
34
32
21
23
9
42
30
8
35
16
7
31
27
9
10
8
11
66
38
18
43
11
29
18
27
36
42
38
4
30
33
34
15
38
52
9
23
22
9
23
56
33
34
17
118
38
93
29
20
49
11
9
24
24
46
36
9
40
33
47
20
105
24
56
37
26
8
76
46
21
24
30
38
37
60
61
42
78
10
55
7
89
27
21
51
32
14
25
50
13
84
48
17
47
6
55
61
61
60
12
28
5
43
33
34
46
41
7
10
21
22
33
5
25
82
87
65
48
90
76
32
35
28
31
10
9
62
89
26
4
14
19
47
43
44
47
10
10
33
32
11
47
34
60
67
38
10
88
50
19
8
25
41
51
14
75
59
74
24
79
18
31
47
57
44
16
38
17
70
20
51
25
23
87
44
43
56
50
20
12
49
56
94
76
39
23
110
33
35
119
4
20
50
25
30
45
67
27
46
41
21
120
28
26
80
44
90
69
15
37
79
9
72
37
49
110
47
41
55
131
24
31
13
33
34
52
32
28
17
29
103
30
43
43
82
30
73
21
39
135
25
46
39
95
9
73
46
6
130
97
29
119
136
30
13
14
29
40
41
34
94
24
37
40
6
48
42
5
52
61
43
81
29
55
34
125
35
12
33
71
49
23
36
63
27
63
34
18
21
87
30
91
25
28
14
103
40
54
101
91
13
10
28
63
8
11
24
46
37
27
20
39
13
26
31
28
136
39
43
33
106
72
29
11
14
40
7
24
39
30
62
71
8
28
20
4
7
14
10
8
8
14
11
63
29
37
32
26
34
13
26
25
30
17
4
36
20
27
36
34
25
13
47
40
18
37
20
45
25
19
31
54
40
27
41
8
32
25
55
46
11
23
34
9
4
11
57
6
16
58
42
31
18
6
64
58
18
75
30
36
17
7
30
31
28
52
17
59
24
53
13
51
86
25
71
15
6
7
17
20
30
15
49
24
37
40
8
44
5
14
16
82
12
107
17
6
51
16
50
56
18
15
54
32
31
28
34
26
11
5
73
42
65
21
34
48
17
51
31
29
16
23
25
26
35
47
26
51
35
37
54
83
35
46
46
81
57
63
105
4
5
5
13
5
27
15
12
14
17
19
11
34
27
30
12
23
12
25
16
18
13
20
31
36
14
6
40
11
25
21
9
36
67
36
28
14
9
15
34
16
43
7
9
46
41
15
14
12
20
5
37
10
11
24
26
40
16
76
26
18
62
13
14
34
26
10
22
28
21
36
51
9
41
17
33
53
72
79
44
32
16
33
23
33
35
7
28
28
18
36
21
7
18
27
6
10
16
28
56
36
36
13
30
39
55
17
12
10
38
18
15
23
25
25
29
37
7
16
39
6
90
37
11
26
37
23
17
14
75
65
6
33
46
4
34
12
38
6
10
48
40
61
35
35
28
37
47
31
42
34
24
15
11
22
61
22
11
31
93
32
33
46
83
37
38
85
48
19
20
37
5
86
19
27
22
9
41
12
6
14
35
10
15
11
78
10
6
86
35
83
39
9
16
47
20
98
26
19
18
19
45
41
24
40
9
14
40
13
63
61
35
4
18
84
47
34
98
57
35
60
32
8
16
9
16
45
26
40
52
23
52
29
19
55
29
42
12
22
16
30
8
46
27
33
21
5
56
50
37
35
39
41
27
25
42
27
35
41
5
23
40
54
17
73
49
28
46
8
54
71
23
5
15
42
26
13
24
11
89
56
15
19
28
36
89
26
14
13
89
27
36
8
24
32
22
36
56
38
23
40
64
34
21
9
7
14
17
31
44
31
21
57
42
29
26
28
22
12
16
29
75
39
80
27
37
13
32
36
41
69
9
32
30
24
38
42
32
22
32
13
12
47
39
25
37
4
29
64
19
33
37
20
35
38
13
12
27
64
31
17
15
34
44
24
4
42
21
49
4
12
34
49
7
17
20
50
27
16
31
16
40
6
44
30
45
32
4
25
41
43
40
53
8
25
33
10
41
23
31
30
10
13
5
27
35
18
15
58
63
28
29
34
44
54
9
5
24
37
36
55
19
100
24
13
37
24
25
50
80
37
5
15
10
40
15
44
35
46
63
47
36
14
48
30
30
43
92
36
28
37
24
38
41
67
43
107
58
79
19
36
46
30
52
41
21
8
45
17
42
73
34
31
8
34
45
70
34
24
37
44
30
54
76
48
42
32
52
141
73
44
86
81
68
62
62
57
64
105
83
