12
22
22
26
37
39
39
48
48
53
55
56
58
59
63
63
64
63
69
70
71
75
81
83
83
85
87
87
89
90
95
99
99
100
68
45
107
110
112
115
116
118
119
87
99
123
129
129
95
133
136
118
120
144
146
122
147
151
154
154
155
159
121
164
138
165
143
151
137
172
142
178
156
182
182
185
151
188
163
173
167
198
164
200
178
207
187
210
183
170
221
174
198
197
178
198
231
185
235
185
196
216
210
215
246
249
255
256
256
258
238
230
242
211
266
246
274
275
278
279
278
283
284
229
265
250
243
234
275
297
257
243
266
261
247
276
250
246
271
312
257
268
291
296
293
265
289
265
299
289
305
309
277
337
296
306
283
344
321
348
287
352
321
356
356
360
360
362
336
333
337
369
348
311
349
353
347
353
382
351
342
388
363
364
365
392
395
364
370
374
402
368
354
407
409
414
378
360
413
414
390
369
422
369
420
371
391
379
395
400
382
435
386
404
442
448
421
415
449
402
402
425
420
455
409
460
433
431
471
435
453
478
457
458
420
482
461
437
492
494
494
489
443
435
464
504
497
453
466
471
447
502
517
477
506
474
498
525
485
487
505
489
493
496
487
511
540
500
491
547
531
552
499
525
528
531
559
497
533
511
538
545
568
549
571
572
514
553
533
547
539
525
556
564
545
560
595
595
538
545
542
549
546
611
588
557
583
592
590
567
594
571
598
569
629
581
573
608
588
611
615
589
591
588
619
592
609
627
597
604
631
601
619
605
637
624
609
641
628
613
621
617
632
681
647
651
667
669
643
636
673
647
648
664
651
655
687
671
659
675
662
682
688
692
712
696
700
746
704
750
708
754
741
739
763
720
767
771
724
754
728
732
752
764
789
756
770
760
772
764
776
752
753
770
756
774
757
760
764
763
781
768
772
776
813
780
784
788
792
796
800
804
883
887
860
891
864
895
868
899
903
872
876
873
914
877
882
889
893
886
890
978
982
986
990
994
998
1002
1006
1010
1014
981
985
989
1057
1061
1021
1025
1072
1076
1045
1049
1192
1196
1177
1181
1208
1212
1216
1220
1224
1228
1213
1217
1198
1202
1331
1335
1339
1343
1347
1351
1355
1359
1363
1367
1371
1375
1379
1383
1387
1391
1395
1399
1403
1407
1411
1415
1419
1423
1427
1431
1435
1439
1443
1447
1451
1455
1459
1463
12
22
22
26
37
39
39
48
48
53
55
56
58
59
63
63
64
63
69
70
71
75
81
83
83
85
87
87
89
90
95
95
99
99
103
104
105
84
91
82
111
92
95
117
67
119
123
71
126
130
130
133
135
138
141
143
144
107
149
149
150
151
127
158
157
160
164
136
168
141
115
175
157
176
119
164
185
187
188
189
192
173
173
169
197
198
204
203
162
151
127
181
155
183
218
187
222
206
229
165
226
190
169
191
201
198
244
250
165
204
228
254
210
258
259
236
194
239
240
243
242
240
275
206
224
208
228
263
216
205
238
288
273
244
213
266
302
272
259
275
254
264
285
279
229
294
287
243
321
321
281
302
285
289
302
274
333
264
278
268
339
271
312
316
305
297
323
321
294
294
355
330
283
309
303
314
313
318
307
340
297
292
377
307
298
338
384
388
305
313
337
316
319
320
318
403
326
408
355
381
415
385
341
421
391
343
393
396
432
397
436
402
404
361
408
413
366
416
370
375
416
420
423
375
461
380
387
438
433
450
473
437
454
446
480
447
463
484
451
405
409
471
460
501
499
464
477
476
506
475
480
482
516
438
479
517
491
471
486
495
524
489
476
453
537
497
481
542
541
516
547
493
545
520
556
497
480
560
556
487
510
537
491
541
555
519
507
498
581
562
584
585
547
560
592
593
523
597
570
547
562
575
604
536
612
611
558
596
562
617
618
603
622
590
626
627
594
630
580
633
612
602
616
639
620
584
643
624
602
591
649
628
606
598
634
656
642
623
667
646
627
685
625
631
621
625
633
642
637
689
676
646
693
642
680
653
646
631
650
715
719
638
658
676
723
680
719
730
696
709
700
713
704
705
753
691
689
711
757
695
693
719
678
763
723
769
770
774
729
780
756
782
785
760
738
792
789
742
798
770
781
774
768
808
772
787
809
776
762
780
748
752
784
773
748
834
835
806
755
839
811
843
815
847
778
859
863
867
871
883
881
875
856
839
845
864
898
869
879
883
855
859
921
925
850
854
919
923
927
900
904
908
912
916
920
907
911
915
1001
1005
1011
1013
1015
1017
1019
1021
1025
986
990
1029
1033
965
1037
969
1008
1012
1016
1020
984
988
1079
1083
1087
1075
1061
1065
1052
1056
1127
1131
1074
1078
1176
1180
1184
1188
1172
1176
1832
1836
12
22
22
26
37
39
39
48
48
53
55
56
58
59
63
63
64
63
69
70
71
75
81
83
83
85
87
87
89
90
95
99
99
100
102
30
107
110
112
115
116
118
119
102
95
123
129
129
110
136
142
141
144
145
148
148
150
152
130
155
119
135
135
167
167
141
171
171
173
118
121
181
180
182
190
192
190
146
195
195
155
184
144
207
210
148
213
211
192
218
217
221
189
224
202
227
204
231
209
205
212
184
245
249
217
251
224
227
197
234
231
233
204
265
213
238
240
196
206
236
241
224
281
227
246
218
231
286
222
292
293
295
268
299
300
303
280
265
311
246
288
315
273
281
322
302
281
330
290
257
266
333
309
340
340
341
275
343
281
350
347
311
319
352
357
356
323
329
318
367
312
363
300
325
317
299
370
336
380
340
362
383
364
345
392
370
351
395
351
364
322
372
379
410
338
342
366
411
414
337
346
375
421
398
387
425
358
404
391
431
436
375
366
439
439
398
440
390
402
380
448
389
408
452
457
466
458
405
469
462
464
474
466
478
472
480
481
483
473
435
466
478
482
423
485
495
498
489
477
504
495
481
499
511
443
456
446
460
510
446
526
529
459
535
466
539
539
485
473
551
475
493
496
556
527
541
512
560
565
569
491
500
539
523
575
545
583
586
560
583
537
593
559
594
598
543
574
590
604
573
554
610
547
544
614
561
609
550
565
624
555
560
564
617
632
563
580
608
573
642
563
571
635
633
632
593
571
643
575
644
648
643
596
635
668
636
623
604
611
627
616
646
663
625
612
671
668
631
616
672
688
615
678
692
648
678
672
682
699
686
676
674
678
716
640
720
661
658
645
664
665
662
669
715
735
672
725
739
721
741
730
719
731
753
735
727
694
742
698
746
720
750
724
780
757
782
708
761
713
791
792
769
772
719
771
723
775
780
777
779
767
783
773
789
777
793
781
797
801
839
805
843
764
813
797
797
848
801
852
801
805
856
860
895
899
903
907
911
916
900
904
908
933
912
912
942
916
921
906
910
928
957
931
902
936
938
909
944
902
917
906
925
929
933
937
941
1053
1038
1042
1020
1024
1004
1008
1012
1016
1147
1151
1121
1125
1102
1106
1285
1289
1293
1297
1301
1271
1275
1238
1320
1324
1328
1820
1824
1828
1805
1809
1779
1783
1787
12
22
22
26
37
39
39
48
48
53
55
56
58
59
63
63
64
63
69
70
71
75
81
83
83
85
87
87
89
90
95
99
100
103
84
104
108
108
92
71
67
55
123
123
104
129
108
133
116
86
91
142
123
91
148
119
98
106
158
162
162
113
100
169
169
170
174
124
177
144
155
183
151
157
160
189
142
195
154
163
201
202
175
186
208
207
187
217
191
188
217
223
222
199
227
211
233
180
238
216
240
242
195
247
216
250
253
256
223
229
261
211
229
265
187
264
237
197
251
255
211
279
237
260
254
235
258
267
258
242
281
230
269
306
271
270
289
275
237
265
316
279
321
291
322
271
262
329
331
268
305
308
270
312
266
323
275
328
271
328
320
324
359
362
284
301
364
305
350
291
373
358
315
380
320
321
387
363
314
391
350
318
357
333
358
366
360
374
406
409
364
374
371
418
341
381
359
385
424
426
396
388
398
392
393
437
361
399
445
449
448
453
414
452
393
424
432
422
398
428
424
438
437
405
443
446
444
484
447
423
419
489
427
457
495
443
502
450
502
446
454
510
511
453
458
491
495
465
481
490
499
494
507
493
514
543
496
498
547
478
523
504
482
486
475
500
490
479
541
545
544
575
534
552
536
584
524
530
588
592
596
572
551
542
600
543
559
539
610
551
559
614
569
554
567
573
577
562
598
581
590
602
585
583
586
570
574
590
650
579
600
583
596
658
604
600
660
636
604
612
640
616
593
622
647
655
600
626
660
658
667
632
634
668
636
636
672
638
640
676
705
642
647
649
655
650
653
659
658
663
662
727
666
668
732
710
736
674
678
745
722
752
669
680
752
739
693
684
741
767
746
749
748
776
709
732
783
760
787
739
769
720
797
773
731
801
747
731
806
772
751
780
792
816
819
784
802
788
781
769
764
777
812
816
795
804
769
779
848
852
777
775
785
814
779
789
818
822
875
879
883
821
887
825
829
833
837
907
841
886
845
890
849
839
925
853
929
857
861
911
915
865
895
899
909
883
879
890
883
973
977
929
933
946
928
932
1025
971
975
979
1045
1049
1031
1035
1039
1054
1058
1062
1066
1070
1074
1050
1054
1131
1060
1064
1147
1151
1155
1141
1145
1116
1120
1124
1128
1275
1279
1261
1265
1246
1250
1228
1232
1236
1473
1477
1448
1452
1433
1437
12
22
22
26
37
39
39
46
48
51
52
55
56
58
63
63
66
67
68
74
75
81
83
86
85
88
62
94
43
99
66
102
103
108
109
108
113
113
116
120
121
122
126
128
128
129
132
136
136
113
109
121
117
124
151
125
154
130
157
131
159
163
164
166
123
168
144
128
142
174
153
136
150
131
127
134
170
162
194
166
175
153
154
204
182
175
208
162
215
216
191
171
224
152
206
175
174
235
238
238
185
183
245
249
219
179
204
224
228
210
209
228
266
268
272
236
213
277
223
281
244
263
283
226
291
274
267
263
300
263
267
279
225
278
271
276
292
315
282
296
295
280
294
284
307
305
251
302
280
295
288
292
270
296
348
280
353
323
284
323
282
361
292
325
339
329
297
370
344
297
322
322
325
326
330
388
349
313
392
372
378
342
360
403
382
346
404
410
412
371
354
388
379
378
422
358
383
427
404
368
388
435
371
359
395
412
411
381
367
421
371
396
456
455
414
399
441
463
467
420
407
395
443
428
480
399
415
419
404
485
412
466
489
408
493
495
467
450
501
428
474
508
506
440
443
468
447
432
446
519
444
451
472
454
476
468
451
459
482
462
535
487
539
487
541
468
488
524
548
530
552
555
504
508
536
489
543
514
493
544
547
571
512
521
517
575
552
563
532
531
536
556
518
596
535
548
539
524
605
543
574
532
612
558
541
555
548
544
590
632
552
558
596
569
619
565
573
569
594
577
609
634
584
635
582
662
641
586
625
629
628
632
632
637
619
608
624
639
628
627
617
621
623
631
713
717
719
721
723
725
692
696
676
678
680
682
744
669
673
723
727
763
767
769
771
773
773
776
779
777
756
753
757
760
726
764
751
730
768
755
750
808
809
754
813
735
815
765
739
769
827
833
810
842
817
846
846
850
853
854
801
858
858
785
862
862
789
834
866
871
838
870
793
849
813
874
853
860
817
892
857
896
873
851
845
869
855
879
853
843
856
857
847
861
849
866
853
857
969
973
936
983
940
984
914
944
968
972
925
929
928
985
989
968
972
953
957
990
994
998
1002
1006
1010
1014
1080
1018
1084
1022
1071
1026
1075
1030
1079
1083
1051
1055
1104
1108
1112
1116
1120
1124
1128
1280
1284
1288
1292
1274
1278
1282
1286
1265
1269
1253
1331
1257
1300
1304
1285
1289
12
22
22
26
37
39
39
48
48
53
55
56
58
59
63
63
64
63
69
70
71
75
81
83
83
85
87
87
89
90
95
99
99
100
70
104
105
108
75
116
120
120
48
120
124
129
128
96
133
134
138
140
142
143
145
123
123
153
131
120
157
159
92
164
92
165
103
152
169
174
156
107
184
160
186
191
191
192
171
196
196
197
199
202
182
206
212
193
219
171
221
223
198
223
230
233
235
234
240
209
241
225
215
245
251
249
232
249
256
211
194
199
265
267
269
230
224
272
278
213
278
282
213
281
261
262
244
265
248
256
275
305
260
234
279
309
238
313
290
286
321
250
270
304
254
274
329
331
335
288
315
266
292
269
290
271
288
348
295
346
353
354
336
308
333
329
357
339
361
309
367
339
349
348
319
325
352
323
364
361
347
333
332
378
342
398
341
382
350
387
346
354
364
393
365
391
415
368
399
377
408
362
379
381
384
370
398
397
377
392
403
405
396
400
410
411
436
404
415
455
459
409
422
469
406
427
466
436
419
440
460
425
440
419
448
454
423
452
451
460
496
500
441
459
507
483
489
439
487
460
486
496
525
493
529
473
495
509
487
480
481
517
485
521
489
520
493
524
562
508
545
568
549
514
533
574
574
537
517
589
591
567
595
571
599
538
603
578
579
606
542
614
546
586
618
597
561
601
565
631
635
609
611
639
609
611
616
617
616
620
652
594
629
638
625
602
645
614
675
649
637
657
643
641
626
647
618
663
638
622
694
642
671
698
700
702
675
706
654
712
660
718
666
670
722
733
674
726
730
738
678
744
734
723
727
740
750
744
733
754
705
748
709
733
734
737
749
740
741
757
732
736
737
759
740
800
744
803
748
807
752
810
813
744
817
780
817
763
821
785
767
757
805
773
778
763
800
804
785
821
789
793
797
801
800
873
805
877
861
836
865
844
833
837
848
852
856
916
920
898
930
935
909
939
940
875
921
914
879
956
925
960
936
964
921
933
968
925
944
976
948
980
984
953
991
961
965
960
969
964
968
973
982
978
986
982
990
986
994
990
998
1002
1006
1010
1014
1018
1022
1026
1235
1235
1247
1247
1228
1219
1234
1226
1214
1218
1201
1509
1513
1517
1491
1495
1468
1472
1892
1896
1898
1873
1905
1885
1878
1889
1882
1886
1893
1877
1881
1885
12
22
22
26
37
39
39
48
48
53
55
56
58
59
63
63
64
63
69
70
71
75
81
83
83
85
87
87
89
90
95
99
99
100
102
67
107
110
112
87
118
117
121
120
122
122
129
103
132
131
105
135
140
106
140
145
147
151
114
126
130
118
158
163
164
125
82
126
130
171
174
135
176
150
185
185
154
146
128
194
122
132
198
133
202
161
132
209
123
148
218
219
155
223
159
227
227
229
204
231
150
236
236
155
239
240
211
246
244
225
248
217
250
255
259
229
233
233
239
249
269
185
240
278
216
253
285
230
202
285
234
206
272
261
235
294
299
239
305
267
248
284
286
251
254
279
295
290
248
327
252
331
331
335
310
248
338
345
344
283
350
349
323
354
353
331
356
339
280
361
337
284
338
365
350
291
348
294
377
298
384
313
387
362
357
319
391
327
394
399
368
373
404
322
406
336
404
410
386
390
391
394
348
396
341
382
429
367
395
389
366
399
389
442
398
374
446
366
380
381
373
454
386
385
421
425
391
472
418
469
399
423
478
403
405
466
486
482
414
474
416
438
504
505
442
427
485
509
489
490
433
448
437
523
458
526
462
457
501
466
511
536
505
454
518
509
478
462
522
514
481
486
518
506
472
497
503
510
502
479
492
510
572
496
573
567
576
578
560
582
584
565
588
561
567
570
597
574
598
568
603
570
572
585
578
613
589
621
590
625
572
628
540
629
631
598
635
633
636
637
641
644
621
580
646
651
625
650
586
653
657
610
640
661
596
628
665
600
606
589
604
610
639
608
608
618
688
620
622
667
688
631
626
627
662
696
637
706
700
681
670
704
712
647
666
651
671
654
658
739
662
743
741
747
750
669
721
724
725
676
762
730
729
743
768
734
770
699
751
738
774
780
742
721
784
786
726
741
789
790
730
794
734
777
732
781
808
761
787
791
817
738
823
742
800
804
804
808
792
813
796
817
843
800
847
851
830
859
828
834
815
841
836
837
840
847
806
821
851
855
825
813
836
896
820
899
841
902
824
840
886
822
831
890
826
859
837
841
863
867
845
871
875
859
863
867
964
968
972
940
944
924
928
912
916
1136
1140
1115
1119
1089
1119
1093
1094
1101
1100
1104
1108
1408
1412
1375
1379
1354
1358
1362
1366
1370
1374
1378
1382
1386
12
22
22
26
37
39
39
46
48
51
52
55
56
58
63
63
66
67
68
74
75
81
83
86
85
88
58
57
94
99
65
101
102
35
70
68
111
113
115
117
46
88
122
125
126
125
100
132
135
102
92
75
142
143
100
113
115
150
154
86
158
113
98
123
90
168
107
111
175
93
177
153
99
180
185
114
187
154
149
193
168
196
115
124
199
173
205
180
172
207
138
181
132
184
184
185
163
169
228
228
202
231
233
215
163
170
212
222
188
174
253
233
252
225
258
264
182
235
270
168
213
277
217
278
283
287
289
264
290
252
294
271
275
298
306
307
307
266
283
311
293
315
255
275
282
260
325
244
305
248
294
251
332
311
277
281
259
289
308
351
288
312
290
316
337
291
341
345
290
327
331
301
355
335
302
381
300
303
316
307
315
371
354
321
332
329
329
363
340
370
414
326
418
418
331
396
340
380
401
361
429
344
433
409
373
395
404
413
361
379
357
448
450
378
391
456
382
441
431
378
413
473
475
440
384
408
484
485
463
403
416
469
491
452
496
498
500
502
486
506
488
510
493
514
434
473
522
477
505
452
464
488
476
440
492
543
444
548
543
476
525
552
529
537
551
541
541
511
473
515
571
477
531
575
574
545
501
538
558
550
492
529
565
531
535
576
539
520
539
522
525
526
516
529
580
558
539
523
562
585
566
545
567
530
547
549
553
639
553
640
558
646
650
644
591
657
574
571
639
570
643
577
667
646
629
577
651
582
633
655
659
691
623
695
688
673
643
644
648
707
639
711
621
684
625
623
665
632
699
648
733
735
656
737
644
742
715
748
665
747
753
751
725
660
690
664
761
694
668
768
701
672
742
772
697
781
704
687
687
791
695
795
699
772
776
704
801
727
805
731
809
735
813
817
776
780
784
748
752
756
760
864
764
868
872
872
884
885
865
806
869
810
898
855
902
859
912
845
916
849
899
906
863
867
913
865
853
857
876
880
966
970
974
915
919
898
902
932
1015
1019
946
950
1005
1009
1013
1017
1152
1155
1156
1159
1160
1135
1143
1139
1143
1147
1103
1151
1155
1107
1139
1143
1104
1108
1245
1249
1153
1263
1267
1191
1195
1199
1203
1207
1295
1299
1283
1287
1291
1278
1295
1264
1299
1271
1284
1256
1288
1260
1268
1264
1275
1262
1278
1266
1422
1426
1405
1409
1365
1369
12
22
22
26
37
39
39
46
48
51
52
55
56
58
62
63
63
63
67
69
73
73
77
81
84
88
88
91
90
96
25
98
100
100
101
108
108
37
80
87
85
116
121
122
126
126
105
133
104
136
64
135
68
145
150
116
152
156
156
161
163
120
168
170
138
136
174
178
178
150
179
137
164
184
153
187
123
117
116
167
177
122
199
204
206
176
168
211
172
160
215
217
142
223
189
232
230
174
163
218
193
242
225
187
201
229
229
224
222
260
199
240
266
267
270
192
225
242
279
233
203
217
266
264
210
221
292
265
296
260
302
233
243
242
308
249
315
314
317
318
319
321
305
290
330
309
330
334
293
334
338
341
342
342
313
345
349
318
349
349
354
296
360
306
332
304
362
337
368
369
374
347
378
378
379
379
382
383
383
353
390
387
387
357
334
391
339
363
343
342
399
409
409
403
411
378
412
409
422
420
424
384
428
411
431
433
416
435
432
439
439
395
442
443
378
447
402
385
451
451
458
456
437
462
421
433
401
449
470
431
453
414
489
418
421
464
431
495
453
435
448
431
439
452
477
475
443
458
461
486
450
524
472
459
533
452
534
537
456
493
513
497
537
515
520
531
544
497
525
517
501
548
563
566
528
515
548
532
534
527
575
522
580
540
573
537
577
534
541
552
581
571
557
575
540
551
576
585
614
589
573
593
562
558
624
578
615
628
582
559
632
586
563
610
643
585
600
569
607
573
625
611
587
608
632
633
591
637
595
648
632
612
646
650
629
640
654
658
622
688
629
659
692
663
635
696
667
701
704
671
707
708
712
711
689
687
726
725
724
730
665
701
661
729
705
735
709
733
739
737
713
671
717
744
721
723
748
682
762
695
688
767
692
701
757
695
761
697
765
701
700
704
769
773
792
794
796
798
784
802
788
786
792
790
796
775
800
804
782
765
808
769
812
816
845
820
849
824
814
818
808
822
797
816
801
801
849
853
857
910
914
896
916
900
904
905
934
908
913
938
905
901
905
914
909
900
913
921
925
919
929
914
926
933
975
902
937
950
910
909
960
917
919
968
947
951
1160
1164
1168
1145
1149
1183
1187
1191
1157
1161
1208
1212
1193
1197
1171
1175
1805
1809
1794
1798
1802
1806
1810
1814
1818
1822
1826
1785
1789
1793
1797
1801
1805
1809
12
22
22
26
37
39
39
48
48
53
55
56
58
59
63
63
64
63
69
70
71
75
81
83
83
85
87
87
89
90
95
99
99
100
79
105
107
110
112
115
116
118
119
94
99
103
134
107
138
140
116
116
145
152
127
152
154
128
160
158
164
165
166
136
174
147
178
178
104
184
112
186
191
191
193
162
196
144
144
202
143
201
203
208
148
188
210
213
217
196
191
201
224
170
199
163
229
179
190
235
199
181
187
203
246
217
215
167
229
171
236
258
240
235
239
206
207
243
247
223
273
213
281
256
253
197
257
203
289
216
237
295
232
278
244
256
240
233
264
283
276
220
263
252
267
267
238
252
333
274
334
249
306
319
342
314
345
314
348
352
352
275
297
332
336
338
361
336
336
300
369
346
340
307
373
378
377
361
385
358
387
331
368
371
336
394
394
324
311
312
399
315
412
414
406
390
349
367
355
394
341
399
372
376
403
403
348
377
437
359
390
413
413
446
446
417
386
420
453
393
390
408
397
369
417
465
402
408
382
425
412
386
392
478
416
418
486
487
404
491
492
492
497
412
456
476
503
460
507
510
447
515
442
517
456
446
523
521
458
498
450
445
445
449
450
449
455
545
468
522
476
481
553
533
558
485
537
474
515
526
530
519
480
545
499
576
527
507
507
588
511
592
540
577
597
601
581
605
521
561
577
525
565
529
581
626
585
576
623
539
539
629
596
543
592
642
569
599
573
650
610
654
607
578
618
589
586
601
596
605
600
677
587
604
681
591
685
611
667
615
612
606
616
664
705
668
709
713
640
718
680
684
646
723
705
675
727
712
694
696
698
700
745
700
691
708
707
695
694
668
712
672
716
698
722
676
770
726
681
709
774
776
749
733
690
737
699
757
707
700
797
721
725
801
725
754
729
721
758
725
734
762
766
770
825
774
809
778
782
815
819
786
790
823
794
798
802
806
873
810
877
814
881
821
855
885
804
892
808
896
867
867
909
913
871
846
890
920
894
850
898
873
937
877
922
926
894
898
902
969
973
951
955
938
942
1025
1029
1035
1039
1010
1014
1120
1124
1227
1231
1235
1239
1245
1244
1248
1223
1252
1227
1209
1256
1213
1260
1264
1183
1288
1292
1205
1267
1209
1294
1213
1273
1298
1241
1278
1245
1282
1249
1267
1271
1256
1260
1241
1248
1268
12
22
22
26
37
39
39
48
48
53
55
56
58
59
63
63
64
63
69
70
71
75
81
83
83
85
87
87
89
90
95
99
99
100
70
32
107
110
112
115
116
118
119
99
73
84
125
130
139
115
104
139
122
145
146
147
151
150
107
154
132
81
158
113
127
146
144
131
133
174
177
180
157
139
187
144
163
190
196
197
198
202
176
206
184
130
210
211
213
139
216
150
171
147
227
184
212
233
235
238
160
173
245
178
252
253
253
196
205
190
259
224
168
264
172
233
225
272
275
212
256
279
224
260
199
263
287
228
272
295
210
232
235
305
284
306
270
310
223
218
318
320
320
283
227
304
291
286
331
265
295
335
313
341
342
259
317
326
352
287
330
356
325
361
319
363
346
369
343
326
331
378
321
359
384
325
384
384
389
340
306
327
395
315
311
364
319
337
405
327
374
386
334
416
378
390
338
379
422
354
425
362
391
369
435
369
445
377
456
367
376
457
372
376
467
365
428
475
479
432
448
479
452
440
483
444
441
460
493
464
445
477
500
501
484
507
505
488
439
481
509
471
447
488
475
453
453
446
529
496
458
457
445
461
458
449
471
474
547
516
478
473
551
555
534
480
538
479
484
568
569
551
573
555
551
507
559
579
511
532
584
522
548
536
588
595
550
553
599
599
557
530
511
604
540
564
563
516
536
580
568
585
526
532
580
586
634
558
571
574
532
638
593
576
550
548
584
650
554
661
667
599
623
623
627
580
621
591
607
595
633
615
652
637
681
705
707
659
709
674
615
684
626
623
619
690
623
688
694
724
631
698
644
635
713
739
717
703
743
650
747
659
661
751
660
735
721
714
719
725
718
723
728
732
736
740
687
744
794
754
697
806
764
785
714
789
718
730
822
734
833
815
819
763
767
863
862
830
867
834
851
858
820
882
824
838
886
842
809
847
813
817
926
930
934
889
938
849
942
946
854
950
954
958
962
939
946
947
950
954
958
968
947
966
971
951
970
1013
975
955
974
1017
959
942
980
977
948
984
983
988
971
987
951
950
991
954
998
1002
964
1006
968
1015
1010
1019
1014
982
1018
986
1022
1026
1030
998
1002
1105
1109
1082
1086
1090
1094
1173
1160
1164
1168
1153
1157
1144
1148
1130
1134
1554
1558
1533
1537
1541
1703
1707
1652
1656
1660
1664
12
22
22
26
37
39
39
48
48
53
55
56
58
59
63
63
64
63
69
70
71
75
81
83
83
85
87
87
89
90
95
99
99
100
102
105
107
110
112
115
116
118
119
91
104
108
134
86
138
140
90
111
122
148
101
151
105
156
155
157
161
140
163
144
165
171
173
174
173
144
178
178
183
183
152
188
189
159
133
192
175
201
168
204
171
205
211
190
214
183
194
218
179
221
224
166
205
202
231
231
192
235
237
239
242
246
185
246
248
252
232
229
199
262
264
266
267
266
240
276
277
229
282
244
268
265
294
260
256
297
278
301
280
305
283
284
311
313
315
256
319
295
290
264
326
326
274
306
300
271
308
305
275
287
307
315
313
292
293
294
296
328
324
357
321
311
336
335
318
340
340
369
353
324
327
383
328
364
329
332
360
333
394
367
346
340
345
405
406
352
390
414
394
418
420
374
398
378
398
389
396
395
412
378
403
445
396
420
451
433
455
417
437
404
433
408
424
445
448
438
436
428
432
416
432
436
482
461
430
438
434
429
469
447
452
441
498
452
501
504
481
508
466
512
483
470
516
512
519
520
516
498
492
466
529
487
483
511
487
508
538
516
518
541
513
523
549
518
520
533
530
522
531
524
518
539
522
565
534
551
528
546
547
555
550
555
553
557
531
552
547
564
567
531
571
553
538
576
586
576
574
551
558
578
555
618
599
580
566
586
605
573
587
634
597
609
610
595
613
599
604
618
611
597
591
624
614
658
605
632
639
609
667
637
624
645
671
629
675
620
653
633
684
637
640
655
690
653
672
700
653
654
662
683
642
660
670
664
668
686
720
723
703
724
727
676
694
728
692
683
717
696
736
691
700
691
687
695
691
695
749
712
756
716
714
732
718
763
711
722
767
728
732
771
725
775
724
738
729
780
742
798
787
802
791
750
744
809
748
798
813
802
786
808
760
790
774
812
834
778
819
838
782
786
821
827
852
792
831
829
796
857
805
861
863
837
811
844
848
812
824
857
828
861
822
888
858
866
892
896
854
877
858
881
885
858
893
897
901
905
881
938
939
942
943
889
896
924
900
928
904
934
938
942
946
950
954
958
962
966
970
1018
974
1022
978
967
1030
971
1054
1037
1041
1045
1049
1053
1035
1039
1150
1154
1096
1100
12
22
22
26
37
39
39
48
48
53
55
56
58
59
63
63
64
63
69
70
71
75
81
83
83
85
87
87
89
90
97
99
99
102
104
38
75
108
94
112
115
123
56
126
129
99
110
134
84
135
106
119
119
143
148
79
130
156
132
114
164
140
167
144
121
174
177
178
177
181
163
186
167
190
191
192
195
170
202
178
174
186
177
181
193
182
170
174
197
225
169
194
198
153
211
202
202
176
186
245
192
166
190
252
230
256
260
262
210
268
266
269
194
273
273
274
198
277
228
254
283
232
258
225
207
232
232
213
264
281
270
243
282
309
272
262
315
291
266
280
292
323
323
285
286
274
291
300
306
305
338
320
291
304
296
323
298
325
301
354
287
287
291
343
327
362
295
296
350
318
299
316
377
327
309
341
384
329
367
311
392
391
313
324
400
398
362
404
372
341
409
412
345
383
362
336
422
423
383
403
392
395
396
399
353
365
413
443
417
408
448
448
425
381
452
420
434
387
393
438
462
467
398
442
472
446
432
472
475
452
440
481
488
435
445
431
460
497
464
447
464
505
509
432
509
473
459
471
464
453
519
523
501
527
471
528
513
495
455
512
499
468
518
472
490
546
544
492
480
548
474
482
503
486
539
563
487
543
532
531
525
572
569
531
531
573
554
584
577
546
550
590
550
557
527
597
531
601
561
604
555
579
607
568
558
580
618
578
622
594
624
585
567
579
612
595
573
613
619
562
600
617
566
609
609
613
617
618
661
599
624
602
625
594
633
682
645
686
687
645
610
673
649
677
631
653
635
635
681
649
710
642
643
688
647
692
669
722
673
665
677
651
728
653
683
687
692
696
678
679
672
683
682
719
723
727
778
782
718
788
766
792
742
774
798
746
778
732
782
728
809
786
732
757
761
815
765
819
763
823
827
835
792
839
839
796
827
849
852
853
801
791
805
795
789
863
789
793
868
872
793
876
880
858
880
884
864
811
892
845
815
838
899
901
855
848
859
834
912
838
920
919
924
925
903
898
869
907
875
905
892
863
896
867
912
900
916
910
875
905
918
880
913
889
917
893
921
897
925
905
929
909
915
919
923
927
1068
1072
1053
1057
1041
1045
1031
1035
1280
1284
1261
1265
1249
1253
1237
1241
1642
1646
1650
1654
1639
1643
1602
1606
12
22
22
26
37
39
39
48
48
53
55
56
58
59
63
63
64
63
69
70
71
75
81
83
83
85
87
87
89
90
95
99
99
100
102
50
107
110
112
115
116
118
119
100
121
123
129
129
108
136
142
96
144
110
148
127
150
152
110
122
160
140
161
167
120
170
113
149
124
127
177
180
180
188
189
140
193
172
145
196
155
165
204
184
208
208
157
167
175
182
218
195
221
219
171
204
176
160
208
161
196
194
198
198
241
244
221
191
188
182
256
256
202
200
221
260
242
245
204
250
225
218
278
211
258
282
223
289
291
269
272
273
252
269
243
304
257
284
247
275
257
262
312
319
283
289
319
287
299
325
323
301
271
293
302
338
274
332
277
311
345
346
348
285
354
319
337
296
358
333
317
304
371
322
371
377
308
380
310
313
314
368
391
327
330
395
353
333
333
396
337
380
400
404
345
347
413
414
372
353
421
424
357
399
361
429
410
373
365
436
437
417
374
394
429
390
433
446
411
437
423
416
465
427
399
443
469
475
480
410
455
480
415
426
486
484
430
492
495
502
441
505
506
510
512
488
454
520
523
516
527
464
501
492
469
508
496
473
477
545
516
539
543
551
555
537
550
541
532
562
554
545
558
511
539
508
538
573
583
542
559
551
588
561
551
538
564
570
604
603
568
549
613
611
592
617
593
599
583
597
579
591
587
583
597
598
640
618
593
586
649
597
653
601
661
607
644
665
607
648
679
618
634
677
674
641
684
627
641
688
631
635
648
657
646
700
641
645
651
653
710
655
657
719
664
663
686
674
745
678
749
751
682
753
755
757
690
752
739
748
756
743
752
756
750
760
788
720
776
742
724
746
800
731
808
774
812
778
799
806
768
772
807
847
811
851
815
857
861
865
865
869
869
873
873
845
843
853
847
900
904
908
908
869
912
873
916
923
924
920
927
928
924
931
905
928
913
910
913
917
898
917
921
902
925
929
933
919
923
1008
1012
995
999
983
987
967
971
1060
1064
1068
1036
1076
1040
1080
1084
1088
1092
1096
1069
1073
1123
1127
1095
1099
1270
1274
1278
1282
1286
1290
1294
1298
1302
1306
1310
1314
1318
1322
1326
1330
1334
1338
1342
1346
1350
1354
1358
1362
1366
1370
1374
1378
1382
1386
1390
1394
1398
1402
1406
1410
1414
1418
1422
1426
1430
1434
1438
1442
1446
1423
12
12
14
17
25
27
28
34
38
44
45
47
47
49
51
52
54
58
62
64
66
68
70
69
73
73
79
33
81
84
86
88
90
96
74
57
99
106
107
109
110
111
114
116
61
79
75
88
128
129
61
92
73
135
136
136
140
142
144
144
105
107
150
128
88
104
160
162
121
164
95
112
143
124
142
174
177
114
148
182
135
118
188
164
142
192
147
172
152
172
154
162
207
209
179
178
215
217
173
223
222
227
228
175
167
233
234
236
169
241
217
247
245
246
220
218
254
259
231
235
267
232
244
237
228
272
248
216
251
214
276
282
234
280
288
289
291
260
288
294
296
298
247
236
230
306
237
243
262
272
283
309
245
322
254
326
255
320
313
263
304
265
339
341
291
276
286
345
279
283
302
284
285
287
288
308
360
300
361
366
366
368
327
370
322
377
374
330
344
385
386
350
359
394
395
364
372
375
384
400
379
406
365
413
369
384
384
382
389
418
420
387
393
371
384
432
375
371
440
440
382
400
386
391
404
424
421
454
397
396
440
393
432
466
447
465
402
429
479
406
433
410
483
483
479
463
439
422
463
470
426
496
427
477
433
476
437
481
510
506
485
518
455
514
524
496
518
528
496
480
522
484
470
539
488
543
536
549
552
521
548
556
560
537
561
535
568
565
514
543
570
547
579
574
563
534
592
581
590
596
574
543
594
575
560
598
553
612
557
616
619
610
590
620
623
556
579
580
583
586
635
566
639
643
597
634
638
649
604
653
645
608
657
621
661
630
625
665
629
607
611
636
673
684
640
679
644
624
687
669
667
630
673
677
677
715
681
716
706
684
720
720
689
711
702
693
706
716
686
734
720
700
690
742
708
694
746
684
702
738
751
755
742
692
707
746
696
760
767
768
771
752
745
777
778
781
761
756
764
750
738
754
742
795
740
757
746
778
805
761
809
744
784
757
789
764
755
766
799
828
773
803
777
835
774
769
814
782
845
818
796
776
822
790
781
803
790
857
796
794
846
850
826
830
884
830
834
888
856
860
846
935
939
943
928
932
936
922
926
904
908
912
916
1048
996
1000
1047
1051
1132
1136
1140
1144
1148
1152
1156
1137
1141
1105
1109
1299
1272
1276
1345
1349
1333
1337
1314
1318
1304
1308
1312
1316
1320
1629
1633
1637
1641
1591
1595
1599
