5
5
6
16
36
38
51
32
33
93
99
74
53
127
117
119
107
117
40
83
44
28
138
116
99
102
57
10
129
12
57
148
158
167
204
193
197
183
212
214
102
226
193
69
5
153
265
234
20
234
217
221
197
199
262
128
117
132
210
91
62
183
25
272
139
266
197
236
186
339
167
301
301
368
367
340
360
6
318
368
396
354
309
392
297
279
380
13
261
14
175
420
257
172
304
437
175
280
262
312
217
481
500
467
230
280
220
254
195
183
490
465
493
394
493
491
529
469
527
505
475
512
476
346
456
350
446
341
396
523
350
612
312
266
626
432
589
215
556
603
645
606
670
647
499
499
481
574
619
623
494
421
526
393
518
603
450
288
597
527
388
637
362
472
469
345
255
503
645
712
624
761
689
690
678
764
509
648
614
523
609
524
462
379
457
671
579
366
572
575
335
333
563
724
525
570
411
541
397
393
536
388
594
582
805
719
570
611
556
543
460
689
887
877
695
874
513
861
488
849
818
775
469
776
660
957
947
480
602
487
931
483
672
918
670
546
655
998
990
983
969
838
827
923
840
832
773
971
635
967
606
837
807
1016
992
991
711
702
687
1088
828
1062
683
835
1030
865
1102
660
645
848
776
861
751
1048
747
726
1131
1141
1054
1071
1052
1011
1052
1007
1052
989
688
987
1041
988
957
1039
950
1237
780
1230
869
802
914
749
762
1116
1083
1109
1101
1208
1101
793
1102
1215
989
1192
968
957
1081
934
1023
957
1307
840
1290
1333
1335
839
1341
1346
1345
1303
850
1349
1187
1189
1303
1178
1198
1156
1138
1129
1347
1139
1117
975
1110
1001
1001
991
1416
987
965
991
904
1428
903
1349
1297
1305
1209
1211
978
1201
976
1196
954
1140
1314
1385
1332
1285
1328
1268
1222
1289
1309
1322
1295
1033
1324
1214
1027
1207
1211
1339
1115
1278
1105
1276
1078
1046
1270
1224
1250
1196
1214
1083
1210
1067
1187
1173
1387
1158
1390
1161
1159
1414
1587
1576
1386
1577
1326
1580
1551
1306
1543
1291
1272
1244
1322
1293
1329
1284
1275
1257
1552
1231
1272
1516
1457
1579
1539
1291
1458
1452
1422
1399
1418
1360
1354
1423
1343
1423
1343
1394
1328
1353
1280
1325
1270
1315
1343
1306
1328
1307
1303
1277
1258
1256
1282
1255
1331
1766
1321
1743
1292
1281
1652
1276
1643
1624
1624
1585
1572
1477
1577
1479
1541
1461
1521
1333
1499
1498
1833
1748
1363
1752
1590
1846
1594
1834
1522
1777
1496
1751
1393
1752
1395
1711
1710
1772
1707
1627
1676
1618
1609
1681
1566
1647
1566
1642
1544
1612
1540
1568
1423
1538
1698
1483
1702
1465
1692
1906
1690
1864
1663
1862
1661
1859
1643
1531
1862
1534
1865
1531
1853
1532
1839
1515
1828
1818
1781
1730
1965
1705
1933
1586
1935
1586
1933
1579
1936
1534
1927
2059
1920
2041
1782
2040
1784
1700
1861
1694
1678
2011
1658
2016
1646
2015
1643
2017
1994
1856
1857
2075
2074
1791
2057
1769
2047
1923
2037
1924
2040
2007
1905
2009
1705
1980
1980
1902
1822
1831
1789
1830
1787
1824
1784
1737
1787
1755
1722
1712
1719
2216
1717
2137
1836
2015
1823
1955
1792
1943
1770
1919
1760
1856
1735
1812
1967
1808
1933
1802
1900
1762
1900
1755
1879
1868
1833
2255
1795
2218
1781
2170
2168
2147
2107
2067
2321
2021
2248
1893
2239
1831
2189
1834
2099
2080
2084
2348
2063
2341
2034
2342
2037
2345
1983
2332
1969
2312
1960
2259
1935
2053
1906
2053
1907
1897
2053
2048
2032
2009
2003
1979
1964
2336
2301
2289
2268
2268
2191
2456
2180
2433
2162
2432
2117
2414
1965
2382
2382
2335
2317
2486
2488
2322
2477
2308
2413
2307
2303
2288
2289
2287
2288
2258
2265
2225
2209
2176
2211
2169
2150
2162
2136
2125
2099
2151
2069
2598
2507
2472
2548
2474
2545
2393
2514
2379
2491
2375
2432
2361
2408
2362
2406
2347
2328
2344
2327
2307
2331
2263
2321
2262
2319
2234
2309
2234
2276
2201
2268
2194
2254
2202
2206
2526
2508
2377
2365
2367
2343
2346
2311
2280
2275
2874
2764
2718
2710
2681
2813
2646
2780
2631
2748
2600
2734
2495
2707
2470
2698
2460
2676
2456
2642
2445
2640
2435
2613
2439
2534
2509
2509
2492
2494
2469
2943
2827
2816
2806
2680
2978
2675
2946
2643
2934
2647
2889
2611
2800
2520
2800
2700
2699
2699
2973
2687
2977
2661
2932
2616
2859
2614
2826
2597
2822
2590
2799
2569
2781
2561
2747
2716
2692
2691
3085
3055
3040
2984
2965
2919
2909
2786
3142
2776
3061
2743
3026
2741
2991
2732
2995
2730
2993
2727
2910
2673
2875
2784
2775
2761
2713
2698
2897
2873
2872
2841
2798
2766
2714
3192
3129
3132
3064
2965
2902
2851
3070
2835
3069
2823
3061
2825
3063
2811
3055
2815
2988
2984
2950
2946
2873
2838
2918
2907
2908
3378
2885
3348
3312
3297
3255
3238
3011
3202
3009
3165
2997
3159
2953
3139
2907
3137
3072
3072
3057
3031
3023
3025
3019
3013
3009
3616
3568
3542
3543
3537
3503
3456
3459
3454
3421
3422
3421
3392
3367
3319
3287
3754
3700
3753
3672
3739
3648
3706
3600
3628
3563
3631
3547
3568
3545
3524
3529
3519
3463
3517
3466
3517
3470
3468
3470
3427
3423
3498
3502
4614
4606
4565
4524
4514
4500
4504
4471
4450
4454
4389
4393
4396
4395
4369
4320
4241
4639
4592
4560
4544
4508
4490
4494
4467
4458
4446
4449
4395
4393
4373
4343
4332
4318
4287
4284
6
20
66
33
36
27
102
102
48
94
48
124
108
134
120
154
84
120
65
179
160
159
153
187
99
120
97
87
68
206
13
220
189
41
13
48
44
202
190
189
197
161
137
184
132
40
121
245
294
202
59
139
23
291
285
250
194
133
302
304
295
357
274
291
234
284
229
170
230
120
143
137
352
194
262
149
240
145
207
142
212
143
126
142
119
388
421
138
411
201
127
150
408
391
170
162
422
102
339
472
159
472
441
82
430
424
414
456
398
323
96
324
96
326
103
329
88
393
497
151
516
330
135
510
480
331
362
525
367
583
478
280
413
253
406
551
349
490
337
249
221
339
218
345
205
313
286
680
284
588
445
654
662
666
626
647
446
513
448
379
345
351
660
481
649
592
652
684
265
689
276
612
375
714
666
776
629
383
719
365
369
699
612
376
373
817
802
361
815
790
809
770
763
780
720
680
573
672
756
662
666
661
689
624
625
895
898
923
624
909
935
914
907
905
895
899
831
964
823
826
972
788
964
727
852
800
878
762
754
697
871
762
625
900
980
822
968
710
789
648
591
963
729
1035
1005
1027
992
1017
599
986
971
952
978
1057
974
1035
958
923
993
976
978
1026
782
772
717
761
713
679
969
949
1038
930
1010
1031
962
912
1030
1185
1059
1184
1065
1185
1185
1169
1147
1031
1111
1107
1019
1097
1045
1094
1094
1105
976
1017
974
1107
1119
1089
1070
1104
1107
1185
1152
1165
1122
1119
1098
1104
1086
1281
1085
1280
1092
1232
1125
1125
1331
1105
1084
1097
921
1095
1050
1085
1033
1072
1062
1011
1035
997
1028
994
1016
1218
1369
1016
1220
1213
993
1039
997
1230
1014
1045
1018
1007
1039
1007
984
1249
1251
1219
1221
1223
1197
1132
1120
1450
1075
1075
1278
1067
1116
1443
1116
1201
1105
1196
1093
1054
1195
1032
1134
1347
1118
1117
1336
1058
1307
1445
1270
1408
1185
1373
1161
1365
1106
1131
1114
1114
1110
1107
1565
1103
1565
1593
1561
1581
1460
1552
1542
1236
1457
1416
1226
1414
1217
1365
1259
1207
1249
1171
1585
1577
1507
1495
1479
1691
1446
1693
1478
1678
1671
1629
1490
1585
1477
1583
1422
1587
1553
1523
1521
1577
1513
1428
1549
1410
1392
1396
1553
1381
1445
1440
1785
1789
1495
1729
1722
1409
1687
1630
1539
1616
1595
1524
1579
1560
1496
1555
1421
1558
1384
1559
1512
1490
1491
1569
1484
1558
1543
1479
1539
1514
1764
1481
1487
1470
1723
1504
1790
1790
1888
1882
1794
1845
1746
1809
1771
1758
1736
1735
1711
1714
1672
1672
1621
1659
1615
1626
1614
1503
1616
1603
1975
1561
1960
1522
1945
1512
1939
1810
1906
1804
1887
1715
1881
1663
1869
1644
1872
1610
1827
1587
1819
1585
1801
1620
1800
1592
1738
1741
1599
1683
1591
1683
1627
1629
1592
1829
1969
1833
1955
1820
1924
1685
1917
1689
1892
1863
1890
1871
1826
1854
1816
1821
1803
1819
1807
1781
1802
1778
1785
1724
1750
1704
1690
2129
1681
2111
2064
1907
1890
2186
1845
2168
1727
2107
2084
2062
1727
2041
1724
2034
2021
1784
2023
1776
1961
1770
1957
1955
1916
2202
1910
2079
1896
2079
1859
2006
1850
1991
1994
1821
1980
1789
1917
2263
1887
2257
1856
2220
1842
2216
1903
2207
1897
2187
1870
2159
2128
2084
2158
2067
2120
2039
2115
2022
2108
2019
2094
1960
2053
1942
2052
1945
2040
1940
2021
1911
1951
1905
1911
1887
1906
1903
2009
1962
1943
2309
2305
2308
2304
2168
2271
2098
2272
2076
2258
2060
2234
2052
2232
2197
2086
2062
2061
2044
2019
2036
2019
2031
2021
2005
2428
2418
2026
2382
2021
2381
2307
2260
2263
2185
2185
2123
2119
2123
2123
2091
2095
2554
2522
2503
2215
2490
2199
2481
2138
2460
2132
2401
2130
2400
2642
2352
2600
2355
2510
2199
2498
2164
2464
2161
2466
2469
2464
2374
2416
2357
2402
2353
2343
2323
2322
2310
2324
2303
2295
2292
2296
2226
2229
2221
2224
2788
2763
2760
2717
2791
2658
2774
2656
2730
2659
2730
2654
2706
2591
2703
2514
2687
2501
2632
2491
2545
2489
2522
2440
2506
2394
2502
2362
2477
2445
2410
2874
2847
2848
2849
2807
2796
2801
2768
2789
2672
2762
2671
2714
2629
2673
2620
2673
2622
2658
2573
2595
2556
2524
2486
2517
2466
2518
2464
2520
2942
2905
2833
2812
2812
2810
2744
2738
2726
2715
2712
2695
2603
2582
3132
3111
3060
3049
2993
2994
2980
2951
3188
2885
3121
2858
3044
2862
2947
2835
2930
2804
2796
2877
2795
2828
2803
2772
2774
3360
3355
3345
3315
3012
2962
3527
3521
3517
3520
3516
3486
3456
3429
3420
3426
3419
3400
3386
3346
3325
3306
3216
3218
3219
3723
3662
3631
3589
3566
3563
3540
3509
3370
3353
3878
3875
3847
3819
3764
3722
3714
3576
3570
3966
3923
3866
3818
3806
3786
3777
3774
3759
3742
3702
3696
3700
4180
4176
4117
4104
4163
4108
4139
4111
4139
3943
4135
3924
4095
3896
4046
3778
4017
3742
4019
3974
3959
3957
3946
3947
3947
3897
3897
3857
3854
3837
4571
4411
4367
4322
4323
4267
4262
4241
4244
4244
4231
4225
4228
4227
4195
4196
5158
5159
5076
5067
5051
5027
4935
4899
4845
4839
4838
4839
4823
4730
4789
4749
5332
5336
5340
5339
5330
5327
5242
5213
5198
5143
5139
5133
5063
5045
5040
4987
6277
6270
6259
6172
6175
6178
6163
6150
6129
6121
6105
6105
6102
6076
6075
6079
6032
5947
5902
6423
6407
6377
6371
6375
6333
6322
6298
6288
6242
5
5
16
31
42
29
16
32
26
95
17
99
111
89
101
135
131
130
123
139
97
141
169
147
49
194
172
165
104
201
171
214
103
203
62
207
49
204
44
248
203
192
259
261
217
242
239
227
237
227
161
224
238
236
244
176
235
170
300
225
299
210
206
343
228
189
363
164
374
55
357
340
360
266
353
333
298
255
318
328
203
166
250
279
84
444
455
450
388
97
103
289
452
279
203
489
135
491
122
484
438
507
434
496
440
104
368
498
449
436
526
534
515
534
424
514
373
495
330
552
431
579
432
430
564
420
555
400
514
401
348
539
484
299
463
296
443
280
359
581
352
547
404
357
376
324
292
290
195
281
246
183
254
326
238
289
599
240
540
238
633
621
663
612
584
574
282
568
253
545
543
691
536
699
785
695
547
686
737
657
739
626
768
626
732
606
659
598
523
525
529
534
724
696
824
665
826
606
813
818
608
789
600
572
568
794
785
538
772
711
757
704
688
694
708
639
709
925
927
574
925
928
553
896
880
527
876
514
848
817
908
795
526
792
531
782
876
788
783
738
531
718
693
898
619
1014
617
728
725
694
610
1039
606
589
653
583
577
852
1054
768
1027
769
998
703
632
939
613
907
619
902
899
882
999
821
991
745
971
713
959
716
940
721
892
663
794
703
660
972
952
1205
837
1166
1145
728
1093
1086
1051
1199
1011
1087
1000
1039
974
1043
892
1032
845
1030
844
1025
827
942
912
822
860
836
1193
1116
1196
1177
1307
1166
872
1144
1219
1108
1107
858
1199
1075
1035
1021
987
1030
1356
954
1218
870
1349
1386
1362
1221
1330
1364
1291
1286
1275
1224
1291
1162
1222
1165
1214
1135
1135
1409
1111
1106
1109
1424
1008
1003
1427
977
1391
1365
1270
1230
1363
1218
1194
1316
1198
1447
1183
1362
1113
1329
1098
1063
1335
1060
1337
1051
1274
1286
1527
1233
1526
1242
1501
1094
1491
1457
1082
1374
1071
1344
1196
1345
1080
1348
1298
1171
1214
1167
1072
1154
1507
1139
1440
1128
1122
1438
1328
1556
1320
1555
1251
1537
1221
1507
1198
1509
1173
1511
1165
1506
1661
1462
1659
1466
1662
1460
1549
1428
1456
1386
1428
1351
1325
1350
1275
1263
1346
1219
1348
1217
1348
1213
1234
1208
1235
1450
1228
1395
1215
1331
1281
1260
1240
1775
1752
1654
1575
1649
1574
1632
1574
1538
1560
1494
1541
1487
1541
1482
1468
1401
1435
1332
1435
1328
1397
1321
1382
1549
1338
1544
1524
1518
1475
1478
1838
1485
1803
1488
1782
1456
1754
1384
1750
1372
1686
1690
1691
1670
1647
1638
1642
1626
1599
1625
1603
1621
1600
1624
1599
1501
1526
1484
1529
1448
1450
1527
1446
1980
1932
1853
1839
1825
1983
1827
1981
1825
1881
1827
1877
1826
1868
1824
1831
1795
1814
1818
1726
1813
1722
1792
1711
1731
1584
1668
1577
1652
1554
1641
1572
2107
2096
2053
1992
1932
1866
1847
1839
1830
1784
1778
1775
2168
1770
2129
1743
2035
1670
2037
2186
1934
2085
1926
2053
1901
2021
1875
2003
1846
1969
1833
1940
1810
1935
1792
1888
1701
1888
2235
2113
1885
2116
1868
2115
1855
2061
1840
1949
1843
1926
1797
1883
1797
1884
2132
1853
2126
1782
2258
2291
2219
2226
2151
2149
2195
2056
2090
2037
2004
2034
1983
2035
1989
2040
1954
2008
1934
2011
2001
1922
1970
1884
1920
1850
1927
1864
1840
2167
2147
2144
2396
2126
2396
2111
2307
2081
2295
2060
2299
1957
2252
1917
2245
1897
2224
2187
2107
2023
2022
1984
1952
1935
2374
2298
2289
2239
2204
2167
2157
2118
2098
2086
2068
2062
2028
2012
2529
2536
2517
2510
2427
2476
2422
2474
2385
2461
2356
2455
2456
2451
2315
2430
2299
2410
2283
2382
2278
2372
2276
2335
2208
2266
2212
2180
2232
2529
2454
2668
2449
2588
2440
2557
2388
2525
2373
2521
2373
2514
2345
2471
2288
2451
2287
2417
2267
2301
2250
2669
2637
2601
2584
2563
2294
2558
2274
2538
2278
2520
2267
2516
2520
2512
2493
2462
2311
2461
2293
2460
2438
2440
2352
2315
2587
2577
2556
2471
2409
2404
2814
2797
2782
2786
2764
2761
2935
2762
2916
2756
2787
2759
2766
2749
2757
2712
2742
2712
2738
2711
2707
2685
2690
2554
2683
2544
2630
2545
2621
2496
2601
2554
2497
3057
2984
2975
2953
2919
2917
2791
2788
2714
2651
3119
3117
3108
3110
3098
3100
3067
3052
3188
3033
3158
3036
3154
3002
3131
3004
2964
2972
2948
2964
2947
2964
2898
2962
2862
2926
2833
2926
2775
2928
2887
2812
2759
2758
3307
3300
3300
3267
3209
3151
3130
3130
3056
3043
3040
3044
3010
2999
2965
2962
2959
3487
3469
3463
3446
3424
3425
3421
3409
3412
3384
3376
3344
3316
3289
3228
3226
3196
3191
3193
3147
3139
3114
3214
3094
3194
3192
3190
3155
3157
3125
3588
3470
3442
3408
3404
3405
3390
3341
3336
3313
3268
3225
3210
3717
3683
3658
3610
3646
3578
3535
3536
3494
3508
3421
3501
3424
3454
3407
3363
3379
3356
3297
3345
3335
3314
4042
4046
4017
3984
3872
3874
3827
3808
3810
3747
3739
3713
3682
3654
4235
4194
4186
4162
4164
4157
4157
4154
4147
4036
4024
4027
4025
3885
3830
4623
4398
4537
4283
4525
4250
4517
4236
4484
4141
4455
4448
4435
4406
4385
4344
4340
4341
4343
4347
4345
4341
4301
4269
4270
4267
6516
6505
6502
6373
6357
6343
6327
6254
6233
6206
6139
6102
8270
8271
8089
8075
8070
8064
8020
7986
7892
6
13
11
5
29
43
78
81
65
91
50
23
17
58
126
33
7
143
75
6
20
48
154
86
133
141
130
160
78
202
186
213
202
5
216
109
207
111
208
241
245
177
128
111
142
218
9
173
115
164
88
125
204
106
274
284
220
305
34
11
131
26
250
301
35
287
266
230
348
176
197
332
311
198
175
117
12
351
215
322
184
224
332
60
402
439
400
447
408
345
361
463
455
212
359
401
479
439
381
437
409
390
367
385
515
462
422
91
398
449
460
352
447
539
352
278
455
421
265
264
400
482
376
355
521
341
460
288
283
482
407
483
467
469
418
456
413
425
464
518
485
659
508
655
542
497
453
524
499
492
503
485
309
488
458
465
718
462
427
248
404
345
229
348
484
558
584
358
485
365
483
363
432
328
282
487
532
535
525
637
804
769
728
763
615
640
730
605
692
609
683
610
575
682
570
537
677
536
500
645
414
594
389
560
669
567
404
570
565
883
878
667
561
790
882
898
871
884
816
843
957
899
915
903
902
667
860
655
632
908
732
988
885
903
784
945
925
788
830
782
784
882
851
744
983
858
788
933
695
1040
1018
1001
955
690
1006
636
947
892
928
966
890
861
821
800
811
824
1003
830
645
789
1059
795
1001
751
781
716
679
827
687
814
716
1104
702
1103
784
999
964
791
1035
798
981
943
793
928
864
898
858
885
860
864
838
1287
842
809
1267
809
811
1267
797
1133
963
1280
938
1001
1244
997
1220
1218
957
944
1219
919
1323
878
844
982
1294
961
890
1345
1330
1221
1222
1328
1204
1302
1086
1285
1055
946
1010
934
1004
1270
947
1249
1401
1195
1391
1170
1372
1146
1365
1114
1357
1097
1310
1077
1274
1080
1171
1067
1157
1038
1148
1032
1150
1013
1143
1003
1105
1376
1025
1310
1016
1003
1211
1327
1156
1297
1136
1291
1039
1034
1231
1254
1547
1466
1461
1513
1377
1506
1337
1475
1335
1316
1232
1310
1208
1269
1189
1224
1176
1204
1558
1116
1108
1526
1495
1496
1489
1495
1357
1437
1477
1407
1451
1400
1404
1386
1391
1386
1389
1344
1350
1232
1455
1197
1372
1322
1416
1419
1210
1381
1323
1286
1306
1572
1538
1393
1501
1353
1502
1309
1501
1355
1470
1331
1467
1491
1446
1442
1524
1437
1318
1435
1283
1417
1414
1419
1423
1518
1416
1826
1413
1822
1368
1383
1816
1763
1841
1760
1816
1802
1766
1744
1716
1720
1664
1700
1646
1619
1626
1524
1397
1505
1630
1506
1501
1607
1599
1507
1503
1578
1475
1550
1461
1554
1519
1517
1521
1490
1925
1924
1903
1937
1886
1856
1877
1836
1860
1833
1864
1733
1867
1664
1846
1832
1669
1808
1621
1785
1574
1779
1537
1727
1536
1693
1532
1643
1530
1598
1949
1574
1914
1562
1875
1566
1866
1874
1765
1695
1705
1634
1693
1600
1681
1603
1675
1577
1662
1655
1638
1610
1853
1858
1782
1785
2110
1636
2111
2113
2104
2132
2041
2126
2034
2104
2025
2090
2012
2090
1992
2041
1970
2010
1943
1952
1924
1905
1904
1892
1839
1886
1801
1876
1799
1856
1729
1720
1717
2093
2004
2044
1999
2019
2016
1913
2018
1872
2020
1866
2001
1857
2000
1999
1970
1861
1865
1866
1867
2234
2198
2174
2160
2151
2132
2094
2076
2011
2014
2350
1999
2344
1935
2347
1937
2290
1933
2268
1937
2253
2243
2231
2214
2367
2213
2360
2202
2272
2201
2268
2180
2261
2160
2225
2157
2195
2055
2134
2035
2101
2012
2068
1993
2012
2013
2486
2462
2452
2426
2404
2295
2404
2177
2376
2118
2289
2095
2283
2085
2160
2088
2134
2065
2136
2123
2118
2304
2117
2230
2097
2166
2101
2108
2074
2100
2104
2085
2089
2480
2446
2420
2406
2367
2355
2369
2308
2358
2254
2348
2225
2334
2178
2338
2302
2495
2176
2170
2325
2400
2403
2407
2334
2312
2229
2344
2332
2291
2690
2692
2654
2638
2472
2642
2437
2627
2422
2582
2423
2585
2425
2552
2426
2502
2428
2461
2382
2448
2372
2451
2349
2442
2301
2335
2791
2795
2837
2766
2826
2737
2740
2649
2635
2557
2567
2500
2431
2501
2433
2498
2395
2461
2447
2378
2871
2851
2844
2789
2770
2772
2774
2994
2774
2994
2700
2946
2687
2921
2690
2856
2694
2856
2635
2775
2632
2726
2631
2704
2635
2695
2607
2993
2930
2917
2909
2826
2794
2794
2755
2747
2676
2660
2657
2661
3134
3138
3130
3045
3041
3042
2980
3086
2969
3012
2930
2975
2906
2922
2898
2909
2872
2900
2820
2893
2794
2894
2780
2881
2746
2860
2750
2855
2837
2824
2793
3252
3244
3244
3233
3220
3166
3136
3086
3081
3077
3056
3018
3013
3009
3001
2974
2978
2885
3059
3063
3054
3053
2983
2979
2972
2944
3483
3423
3406
3409
3381
3381
3371
3491
3374
3434
3375
3422
3301
3422
3292
3417
3262
3364
3240
3335
3242
3330
3214
3317
3186
3206
3190
3178
3192
3170
3196
3145
3175
3115
3175
3070
3667
3667
3483
3429
3422
3411
3380
3375
3351
3340
3325
3318
3315
3881
3883
3820
3772
3722
3724
3587
3562
3552
3516
3513
3483
3480
4119
4109
3979
3983
3967
3961
3959
3935
3893
3884
3874
3850
3822
3778
4351
4353
4299
4302
4272
4267
4257
4241
4205
4206
4210
4192
4147
4424
4134
4413
4087
4396
4066
4363
4047
4341
4046
4317
4015
4267
4261
4160
4122
4125
4117
4065
4937
4928
4857
4841
4831
4765
4735
4721
4724
4648
4595
4590
4543
5957
5959
5928
5888
5837
5785
5770
5743
5747
5750
5733
5721
5676
5591
5576
5568
5570
5
6
27
37
25
5
13
24
65
40
17
54
77
12
104
11
18
65
138
6
73
144
142
88
64
185
141
159
160
51
136
78
77
210
45
199
78
182
14
178
59
252
184
259
42
276
274
275
211
273
283
259
177
258
216
100
210
318
180
200
189
86
189
160
95
88
326
264
331
316
207
308
317
277
391
282
283
352
347
319
417
279
269
420
276
420
217
262
186
238
237
191
334
167
434
339
388
327
298
224
300
68
229
221
140
338
456
323
381
526
336
514
309
482
259
459
256
442
469
169
559
173
561
172
568
572
476
576
483
504
590
330
574
577
597
599
521
449
490
215
552
506
209
453
387
636
642
624
390
615
575
419
572
531
396
478
664
393
549
566
497
560
705
566
675
451
649
451
644
539
448
536
361
363
529
605
526
646
682
591
558
568
548
799
575
572
679
490
660
476
408
549
389
550
390
519
878
481
818
486
755
489
837
416
412
762
695
743
741
698
642
693
604
583
558
455
957
459
806
910
687
972
682
565
689
993
996
937
981
925
928
919
890
602
862
1024
1019
999
686
844
1023
797
912
910
749
1029
903
1027
1022
743
709
981
981
894
973
733
957
1087
951
950
896
880
987
747
719
894
1065
866
1168
831
791
1175
775
1150
752
1150
716
709
930
700
925
693
790
1204
750
954
945
1182
1221
744
923
744
1208
937
1198
1055
888
1041
821
806
1215
1168
927
1144
906
1141
1089
891
879
1090
863
1215
1037
1210
1036
1192
998
1192
1176
1279
1176
1244
1168
1250
1154
1234
1354
1287
1228
1230
1155
1153
1115
1328
1106
1276
1163
1280
1385
1163
1077
1384
1043
1378
1022
1359
1096
1316
1283
1092
1290
1240
1009
985
1223
986
981
1208
1127
1209
1108
1191
1094
1005
1014
1009
1016
1422
1020
1400
1011
1377
1301
1353
1256
1329
1255
1288
1284
1228
1243
1226
1244
1218
1218
1167
1192
1166
1157
1192
1123
1179
1167
1119
1119
1123
1600
1169
1602
1580
1497
1425
1518
1398
1500
1288
1372
1246
1347
1246
1296
1202
1286
1174
1289
1164
1257
1214
1411
1214
1376
1169
1310
1690
1282
1532
1273
1453
1277
1436
1247
1422
1231
1389
1230
1378
1378
1697
1353
1676
1357
1670
1359
1629
1316
1623
1287
1617
1261
1572
1264
1545
1268
1541
1401
1539
1386
1390
1451
1275
1440
1276
1447
1690
1421
1661
1700
1655
1700
1611
1671
1612
1674
1557
1561
1642
1554
1815
1556
1704
1527
1517
1463
1493
1435
1440
1431
1418
1430
1382
1379
1725
1370
1703
1664
1663
1647
1683
1673
1758
1653
1737
1595
1734
1706
1710
1664
1658
1608
1601
1602
1586
1590
1579
1585
1551
1528
1524
1519
1475
1507
1499
1549
1531
1504
1693
1658
1661
2015
1663
1998
1630
2005
1629
1980
1629
1921
1623
1887
1613
1879
1607
1875
1554
1871
1770
1827
1755
1825
1641
1790
1631
1781
1635
1773
1635
1667
1619
1656
1607
1627
1604
1613
1794
1794
1783
1767
1908
1764
1868
1757
1858
1761
1861
1755
1827
1747
1799
1734
1744
1696
1692
2180
1696
2114
1698
2079
1692
2028
1690
2009
2045
1998
2004
1982
1982
1998
1988
1972
1983
1957
1985
1898
1892
1886
1880
1785
1870
1787
1792
1751
1761
1764
2042
1821
2160
2144
2069
2127
2055
2120
2080
1929
2045
1902
2033
1899
2027
1873
1927
1877
1907
1858
1882
1846
1873
2382
2384
2419
2348
2316
2342
2240
2340
2237
2329
2145
2305
2110
2250
2085
2224
2088
2185
2079
2189
2011
2190
1993
2082
1979
2075
2035
2399
2391
2364
2357
2357
2373
2357
2370
2262
2355
2262
2333
2222
2301
2140
2294
2108
2293
2086
2286
2079
2282
2272
2229
2204
2168
2167
2164
2158
2127
2566
2521
2517
2644
2357
2634
2303
2612
2157
2583
2518
2506
2503
2507
2502
2490
2427
2609
2427
2572
2406
2549
2405
2532
2321
2535
2229
2517
2464
2430
2425
2429
2423
2417
2418
2398
2388
2342
2317
2296
2800
2780
2756
2692
2665
2646
2637
2625
2621
2556
2539
2539
2678
2535
2671
2539
2628
2527
2629
2517
2609
2516
2572
2520
2547
2521
2526
2510
2423
2467
2413
2449
2618
2598
2582
2551
2541
2585
2533
2500
2529
2498
2479
2498
2461
2453
2932
2901
2882
2862
2825
2827
3016
2817
3019
2767
2994
2728
2961
2685
2964
2665
2955
2625
2911
2605
2842
2654
2612
2589
2586
3097
3192
3046
3164
2995
3107
2935
3096
2879
3004
2878
2994
2881
2995
2772
2969
2739
2910
2736
2874
2728
2875
2731
2854
3206
3204
3173
3140
3121
3315
3104
3306
3108
3279
3109
3282
3044
3253
3018
3252
2916
3197
2858
3105
2861
3089
3059
3333
3061
3325
2960
3299
2939
3301
2932
3301
2936
3226
2916
3233
2906
3200
2904
3179
3159
3162
3134
3120
3100
3024
3046
3017
2995
2960
2997
2993
2971
2966
2963
3115
3088
3087
3010
3013
3463
3413
3417
3420
3387
3386
3350
3331
3324
3325
3327
3302
3265
3172
3131
3582
3131
3499
3096
3456
3093
3460
3391
3394
3391
3389
3391
3364
3343
3340
3334
3312
3315
3239
3220
3218
3205
3197
3277
3268
3836
3834
3827
3821
3804
3759
3721
3696
3663
3647
3647
3610
3603
3587
3572
3532
3531
3506
3478
3448
3446
3920
3918
3875
3870
3865
3837
3804
3798
3798
3754
3758
3672
3667
4525
4473
4447
4404
4398
4392
4395
4381
4341
4299
4278
4166
5329
5313
5247
5144
5124
5116
5073
5049
4994
4931
6875
6799
6752
6686
6690
6679
6678
6671
6646
6647
6642
6608
6600
6564
6532
6472
6
6
5
36
18
73
20
85
102
21
111
124
116
30
125
149
65
99
107
120
170
162
165
186
100
130
9
93
172
172
155
203
167
211
210
49
130
204
171
200
25
29
158
154
246
137
113
111
281
174
110
136
298
123
277
172
287
241
261
126
259
266
208
194
325
320
349
288
328
288
350
247
333
326
237
318
198
332
321
331
188
400
434
418
408
164
467
365
108
359
107
350
54
340
44
43
383
27
494
379
200
331
172
374
333
474
461
178
472
457
438
431
361
473
397
473
422
396
187
331
172
217
554
182
405
177
147
412
434
368
411
357
358
346
352
449
316
332
294
243
427
246
237
180
428
409
666
349
601
351
580
582
318
576
319
573
257
366
564
330
560
724
561
683
560
539
655
542
511
487
474
749
438
427
535
380
722
382
356
723
346
702
344
352
347
330
762
604
604
835
718
542
461
838
853
834
725
826
718
785
755
478
724
745
747
438
647
441
440
815
850
913
917
894
836
762
469
681
474
676
650
455
573
916
489
919
850
720
848
723
974
717
945
980
965
871
949
960
1019
900
1030
958
1014
906
803
973
804
913
750
978
977
981
888
982
869
931
972
914
901
981
766
913
895
747
846
738
751
886
1132
853
1136
838
1031
902
736
855
727
815
728
715
1039
697
1039
1068
923
1075
777
1071
756
737
944
891
1096
1177
1103
843
842
1060
1097
998
930
960
961
929
942
1176
937
1008
900
875
1123
857
942
828
830
799
995
884
975
879
839
878
841
836
822
835
887
849
1207
1146
1175
1080
1158
1071
1135
1075
1100
1043
1045
1040
1137
1039
1140
1005
953
1383
943
1369
903
1338
1013
933
1252
918
1151
1144
1029
973
1139
1278
1117
1226
1117
1154
1086
1154
1072
1073
999
1063
980
1055
1161
1030
1158
1002
1215
1136
1135
1170
1090
1115
1055
1117
1054
1040
1080
1063
1507
1058
1500
1418
1539
1352
1301
1320
1268
1217
1271
1209
1266
1213
1259
1176
1258
1171
1227
1139
1181
1083
1171
1480
1118
1480
1110
1483
1095
1450
1443
1507
1436
1455
1421
1448
1356
1451
1348
1372
1283
1366
1257
1361
1263
1271
1233
1244
1236
1211
1182
1198
1178
1195
1180
1186
1175
1671
1644
1638
1609
1607
1611
1668
1547
1536
1504
1670
1461
1667
1651
1467
1455
1602
1438
1552
1388
1529
1392
1530
1373
1436
1361
1386
1359
1370
1331
1362
1315
1361
1362
1332
1603
1839
1598
1795
1570
1779
1565
1783
1549
1780
1487
1780
1775
1493
1738
1462
1739
1733
1424
1695
1412
1615
1395
1508
1490
1406
1830
1668
1802
1631
1797
1639
1548
1606
1537
1560
1512
1558
1498
1523
1476
1506
1510
1482
1490
1825
1763
1729
1719
1665
2004
1632
1989
1591
1982
1564
1961
1559
1955
1775
1916
1778
1908
1714
1811
1632
1756
1759
2091
1733
2090
1712
2076
1715
2070
1687
2049
1680
2045
1682
1922
1881
1883
2121
1878
2038
1873
2016
1819
2018
1820
2006
1799
1983
1727
1974
1676
1950
1951
1925
1901
1899
1821
1810
1764
2202
1757
2174
1757
2111
1740
2028
1970
1962
1958
1902
1902
1844
2125
1819
2054
1819
2050
1819
1998
1783
1945
1928
1847
1830
1814
1807
1807
2062
1958
1957
1947
1887
2374
2309
2214
2289
2214
2157
2205
2137
2193
2103
2149
2064
2141
2066
2046
2059
2039
2053
2040
2033
1950
1999
1953
1960
1962
2403
2242
2214
2173
2096
2093
2067
2052
2015
2031
2461
2460
2451
2408
2392
2363
2346
2359
2346
2265
2309
2263
2247
2278
2114
2240
2233
2234
2208
2191
2144
2566
2564
2555
2511
2490
2478
2477
2472
2389
2365
2333
2323
2318
2317
2304
2303
2304
2226
2753
2645
2622
2624
2744
2590
2724
2533
2692
2491
2678
2474
2671
2456
2675
2433
2644
2341
2645
2331
2646
2563
2502
2473
2467
2447
2360
2344
2828
2814
2814
2729
2665
2607
2586
2583
2571
2565
2546
2543
2539
2516
2962
2958
2939
2921
2912
3034
2892
3023
2847
3027
2813
2993
2748
2996
2703
2942
2699
2940
2691
2906
2685
2902
2680
2883
2684
2681
2802
2674
2798
2678
2799
2649
2773
2611
2757
2615
2631
3072
3051
2961
3129
2948
3132
2824
3127
2804
3128
2796
3104
2788
3107
2773
3098
2757
3065
2704
3030
2707
3031
3035
3020
3011
3011
2977
2940
2791
2754
3250
3251
3241
3240
3114
3100
3220
3102
3180
3098
3181
3068
3183
3023
3165
2990
3059
2974
3062
2930
3063
2934
3030
2881
2981
2885
2937
2865
2932
2905
2878
3342
3331
3323
3312
3309
3277
3279
3273
3261
3183
3181
3151
3051
3023
2974
3465
3452
3514
3445
3515
3376
3516
3361
3489
3362
3488
3281
3492
3237
3254
3226
3241
3197
3108
3109
3107
3703
3677
3680
3683
3678
3556
3551
3554
3547
3550
3497
3499
3497
3488
3488
3483
3435
3438
3408
3412
3356
3327
4019
3969
3941
3942
3944
3890
3871
3816
3816
3796
3790
3772
3754
3750
3754
3732
3728
3715
3711
3703
3707
3676
3677
3669
3660
4308
4310
4270
4233
4194
4197
4134
4124
4125
4110
4083
4075
4073
4072
4067
4069
4056
4057
4034
4527
4461
4461
4422
4365
4367
4302
4248
4243
4197
4156
4146
4140
5193
5177
5174
5165
5166
5141
5145
5107
5107
5110
5089
5084
5071
5047
5007
5006
5000
4972
4938
4912
4887
4861
4858
4856
5735
5732
5721
5606
5585
5510
5460
5437
5399
5399
5388
5369
6777
6747
6739
6739
6726
6692
6684
6648
6634
6569
6533
6528
6532
6536
6533
6491
6483
5
6
6
36
38
10
76
54
81
104
31
100
89
42
87
39
130
86
89
88
134
158
5
147
88
138
172
130
171
120
124
196
87
146
82
231
217
221
219
222
84
55
160
220
81
198
267
183
42
186
50
171
157
284
221
288
278
177
5
65
304
229
167
219
311
304
310
48
266
311
307
32
16
283
392
402
316
118
281
423
54
420
59
407
320
41
272
421
274
416
429
393
299
439
402
449
441
325
429
445
426
418
418
392
351
448
513
518
410
421
554
392
389
393
327
500
321
517
402
486
315
453
296
534
499
493
391
214
457
211
447
500
409
624
603
404
362
604
335
336
579
531
692
518
640
387
568
588
571
692
683
656
642
664
615
639
615
520
491
671
437
551
504
738
581
594
706
496
699
505
671
766
490
720
633
724
632
718
585
691
669
644
389
621
559
635
613
637
570
855
406
723
715
690
710
644
631
676
636
594
887
595
886
588
844
582
815
784
581
556
790
774
547
717
528
619
554
604
546
600
764
685
678
510
750
694
750
549
752
537
736
735
727
695
697
705
698
638
635
613
1055
1055
1056
1039
838
750
1002
835
830
1045
748
1023
1094
1005
1090
1080
1011
992
969
942
844
948
1120
895
1090
863
1095
816
1166
886
1092
873
796
711
835
1012
952
819
1130
813
1124
856
1125
849
1112
1032
827
1023
804
998
793
953
795
911
761
822
782
1212
778
871
1198
837
829
798
819
1098
796
1090
987
1172
962
1141
901
1104
895
1107
891
1096
894
1035
898
982
902
944
931
1037
1356
899
1154
993
990
1257
1108
1213
1215
1009
1013
1205
991
1202
991
1125
1192
1178
1179
1102
1170
1104
1063
1060
1068
1040
1017
1013
1467
1013
1469
1465
1023
1380
1023
1366
1154
1373
1127
1374
1123
1377
1079
1370
1071
1367
1359
1327
1320
1323
1409
1214
1408
1144
1146
1399
1127
1378
1117
1370
1107
1358
1090
1298
1284
1482
1275
1264
1445
1211
1437
1200
1412
1185
1364
1170
1303
1126
1297
1198
1286
1182
1278
1231
1160
1234
1155
1154
1517
1156
1159
1209
1143
1473
1641
1619
1640
1632
1610
1624
1579
1584
1584
1692
1558
1589
1545
1530
1593
1527
1500
1604
1503
1597
1500
1596
1473
1584
1471
1444
1543
1420
1424
1527
1398
1532
1337
1533
1316
1291
1506
1285
1499
1498
1501
1705
1505
1662
1478
1589
1476
1558
1351
1545
1310
1516
1511
1450
1824
1381
1771
1338
1742
1852
1706
1854
1780
1651
1763
1642
1752
1622
1725
1608
1707
1569
1695
1562
1680
1477
1595
1394
1569
1733
1540
1724
1716
1896
1689
1690
1895
1633
1797
1632
1781
1609
1545
1782
1498
1751
1498
1755
1453
1707
1618
1677
1644
1625
1643
1615
1532
1617
1513
1621
1517
1593
1498
1582
1634
1552
1601
1554
1571
1551
1575
1553
1544
1556
1540
1856
1533
1811
1776
1740
1785
1703
1657
1788
1640
1659
1599
1590
1592
1572
1583
2106
1797
2100
1799
2091
1915
1762
1845
1751
1778
1747
1781
1739
1750
1726
1737
1698
1703
1645
1676
1659
2121
2107
2090
1850
2080
1833
1817
1768
1799
1766
1801
1748
1755
1707
1745
2020
1713
1988
1708
1960
2095
1941
2053
1913
2056
1904
2024
1902
2024
1904
1974
1903
1922
1885
1919
1888
1920
1827
1912
1892
1891
1861
2170
1854
2155
1800
2138
1787
2085
2072
1986
1941
1945
2305
1926
2291
1891
2207
2156
1888
2127
1880
2126
1853
2129
2075
2185
2028
2118
1999
2112
1952
2094
1938
2044
2004
1988
1949
1939
1917
2259
2199
2194
2188
2179
2118
2085
2055
2014
1982
1983
2479
2479
2441
2492
2429
2442
2421
2434
2372
2313
2359
2291
2318
2250
2276
2232
2183
2281
2183
2281
2144
2233
2128
2204
2127
2176
2117
2146
2109
2148
2092
2102
2468
2096
2465
2388
2125
2382
2111
2278
2115
2180
2102
2182
2156
2111
2515
2501
2496
2500
2441
2399
2393
2331
2319
2302
2262
2216
2204
2723
2724
2728
2708
2685
2655
2612
2611
2605
2576
2559
2560
2553
2506
2502
2768
2504
2757
2438
2720
2375
2649
2376
2650
2379
2631
2344
2633
2588
2585
2463
2453
2640
2444
2626
2444
2502
2445
2445
2365
2402
2854
2846
2845
2843
2841
2827
2808
2731
2679
2665
2650
2871
2627
2809
2594
2789
2583
2753
2484
2725
2479
2713
2716
2695
2691
2687
2674
2605
2555
2548
2677
2592
2591
3036
3012
3013
2920
2914
2875
2870
2830
2744
2694
2672
2670
2658
3105
3108
3108
3063
3063
3048
2988
2947
2949
2938
2939
2899
2900
2815
2771
3266
3197
3158
3153
3122
3081
3018
3015
3016
3010
2940
2940
2917
2900
2876
3123
3125
3117
3093
3294
3089
3283
3059
3278
3058
3273
3054
3240
3028
3220
3009
3219
2987
3188
2967
3185
2969
3150
2918
3095
3027
3011
2990
2990
2978
2943
2946
3628
3617
3559
3492
3461
3433
3517
3414
3520
3377
3495
3366
3441
3318
3414
3316
3394
3315
3369
3317
3364
3315
3338
3273
3331
3230
3327
3206
3296
3207
3243
3623
3598
3510
3481
3399
3370
3365
3340
3980
3970
3948
3921
3915
3917
3899
3881
3850
3802
3791
3667
3581
3572
4147
4101
4050
3923
3850
3854
3847
3837
3811
3813
3787
3777
3777
4462
4420
4344
4348
4343
4325
4315
4241
4243
4165
4119
4049
4811
4729
4714
4706
4685
4641
4609
4568
4522
4501
4491
4487
4479
4410
5219
5171
5156
5148
5140
5106
5020
5002
4998
4987
4899
4816
6535
6519
6457
6461
6388
6374
6350
6322
6316
6317
6308
6271
6234
6133
6126
5
5
5
32
21
58
68
45
9
37
103
84
69
108
65
106
42
87
24
78
41
162
13
124
158
146
64
122
86
101
123
71
197
100
58
109
18
94
214
48
211
107
247
53
224
30
244
13
232
17
177
89
227
76
223
248
312
313
289
273
309
276
259
235
250
222
256
271
330
296
350
320
269
211
319
116
305
316
96
308
73
275
328
325
412
328
226
218
98
133
69
344
293
240
137
68
462
282
280
461
38
489
234
471
27
391
353
20
511
384
353
508
520
505
489
528
510
492
374
518
355
386
376
382
366
593
489
474
394
545
567
545
507
369
391
361
359
351
521
354
268
336
221
237
181
583
214
551
547
681
444
418
448
399
496
355
456
359
664
318
495
582
645
707
514
658
657
610
619
567
580
548
697
541
624
538
529
532
511
527
511
392
490
338
666
341
345
671
669
645
728
606
604
546
756
550
541
712
630
591
609
710
465
695
463
581
457
712
715
600
604
604
516
505
882
500
606
603
895
580
897
572
584
722
876
512
862
825
701
832
959
829
770
605
618
697
629
819
594
598
588
628
590
575
544
1044
838
998
725
721
585
686
913
690
901
1074
869
871
1081
798
852
852
1065
1077
985
769
1109
1019
1108
1001
1053
952
1019
887
953
867
971
814
915
898
818
872
1019
878
1169
852
1155
751
746
1193
702
1136
830
827
1135
817
1135
1179
740
1113
1155
1097
1254
1088
1228
1058
1104
1048
1159
998
965
1210
1275
1166
1261
972
1106
1091
1267
1113
1068
1065
1030
1252
1234
1234
1240
1114
1233
1188
1213
882
1185
1188
1192
1194
1149
1198
1150
979
1106
1062
920
1063
1175
992
1123
955
946
1263
1114
948
1167
1354
1147
1070
1138
1064
1111
1099
1405
1090
1077
1072
1411
1072
1014
1387
1006
1165
987
1127
1216
1408
1210
1144
1147
1501
1108
1061
1080
1043
1518
1037
1487
1295
1471
1298
1477
1301
1438
1288
1418
1255
1373
1218
1530
1332
1511
1287
1107
1595
1509
1238
1498
1229
1441
1235
1444
1252
1390
1574
1384
1253
1397
1233
1375
1189
1335
1179
1565
1403
1546
1398
1535
1402
1487
1487
1381
1469
1382
1429
1381
1427
1339
1397
1342
1385
1362
1339
1350
1308
1337
1293
1296
1266
1262
1406
1349
1289
1389
1385
1355
1362
1302
1300
1318
1303
1765
1783
1759
1755
1689
1690
1660
1672
1634
1587
1654
1573
1657
1562
1662
1549
1551
1627
1491
1606
1382
1555
1488
1463
1893
1465
1835
1780
1451
1719
1433
1721
1418
1702
1699
1638
1590
1428
1731
1943
1724
1934
1714
1920
1687
1871
1683
1874
1684
1794
1688
1775
1633
1769
1549
1773
1494
1757
1903
1694
1895
2010
1830
1722
1998
1687
1638
2003
1640
1956
1642
1892
1598
1583
1882
1586
1744
1549
1707
1554
1684
1595
1581
1575
1894
1898
1887
1862
1860
1853
1796
1845
1778
1843
1740
1826
1721
1815
1713
1815
1793
1715
1781
1657
1702
1694
2107
1666
2057
2171
2034
2102
2030
2041
2032
1991
1999
1984
1975
1975
1929
1856
1896
1856
1847
1845
1839
1839
1787
1810
1773
1763
2218
2222
2210
2185
2181
2141
2177
2138
2141
2180
2061
2092
2054
2081
2024
2030
1955
1990
1993
1944
1867
1920
1920
1897
1900
2295
1857
2278
2267
2255
2212
2256
2124
2256
2100
2252
2098
2254
2099
2219
2036
2199
2020
2200
2005
2199
1978
2141
1903
2100
1884
2072
1886
2067
2065
2039
2404
1991
2373
1968
2334
1949
2314
1944
2313
2269
2170
1996
2390
2359
1987
2359
1976
2354
2297
2284
2260
2492
2261
2393
2265
2330
2261
2326
2186
2326
2190
2301
2148
2301
2127
2264
2096
2228
2078
2144
2063
2145
2084
2119
2551
2083
2438
2081
2441
2413
2388
2376
2369
2498
2351
2474
2340
2451
2239
2453
2238
2388
2217
2391
2198
2359
2199
2349
2315
2140
2295
2294
2269
2270
2274
2230
2186
2173
2419
2422
2426
2570
2353
2574
2265
2557
2540
2255
2395
2250
2394
2251
2383
2359
2341
2328
2638
2605
2603
2594
2489
2795
2493
2773
2471
2756
2472
2754
2362
2663
2364
2641
2346
2610
2348
2601
2594
2589
2576
2574
2550
2533
2528
2450
2875
2449
2879
2439
2883
2438
2885
2400
2868
2855
2609
2843
2603
2814
2592
2766
2582
2729
2575
2716
2455
2696
2444
2646
2434
2650
2609
2597
2550
2545
2545
2512
2514
2496
2497
2988
2956
2842
2818
2765
2705
2689
2609
2601
2592
2553
3006
2991
2974
2977
2977
2972
2937
2918
2918
2916
2857
2855
2791
2777
2757
2727
3133
2724
3133
2683
3136
2656
3059
3041
3013
2991
2988
2967
2971
2955
2948
2938
2909
3158
2909
3159
2896
3138
2776
3104
2722
3032
2993
2844
2821
2805
2805
2796
2956
2958
2912
2888
2885
2862
3243
2859
3245
2846
3249
3226
3205
3204
3179
3048
3047
3049
2985
2987
2944
3122
3092
3073
2995
2998
2977
3289
3287
3289
3230
3176
3105
3503
3108
3449
3103
3442
3092
3378
3072
3297
3041
3212
3178
3174
3157
3159
3156
3147
3139
3297
3275
3255
3253
3234
3230
3226
4294
4281
4252
4232
4193
4187
4190
4159
4132
4133
4083
4087
4088
4061
4056
4013
3987
3974
3962
4539
4532
4515
4514
4502
4495
4470
4383
4368
4369
4310
4273
4240
4231
4229
4162
4156
4549
4543
4535
4509
4480
4425
4428
4406
4402
4362
4366
4860
4853
4814
4800
4803
4801
4796
4783
4787
4728
4724
4714
4710
4705
4633
4577
4575
4579
4579
4530
4934
4839
4819
4811
4797
4778
4680
4611
4614
4608
4599
6
38
57
27
82
54
74
51
5
10
37
126
19
131
94
95
65
134
82
140
19
141
174
133
180
109
156
193
138
226
134
201
218
169
137
259
228
215
104
176
171
168
105
229
295
246
147
292
199
295
274
318
283
315
320
197
307
307
151
294
317
299
312
298
180
376
394
351
317
302
195
179
122
406
121
406
429
352
426
74
349
402
459
379
298
405
375
417
401
505
440
480
443
135
149
110
373
139
99
33
470
450
444
452
490
447
388
394
388
481
390
598
388
361
509
560
400
481
323
516
487
504
479
634
648
435
516
596
640
446
450
545
331
653
676
327
655
268
516
681
715
642
608
623
716
478
559
372
537
317
488
321
658
729
488
492
455
595
736
736
463
728
752
663
468
666
438
717
648
774
748
724
635
781
462
434
777
766
742
791
876
724
677
583
573
688
670
559
696
550
686
721
911
839
730
668
688
582
648
652
849
815
830
808
743
790
808
776
837
759
829
710
681
733
676
938
665
652
741
566
744
558
955
803
906
810
933
1017
924
923
675
889
877
962
877
961
1074
1050
1020
1055
694
1054
665
967
835
959
787
892
969
930
980
981
841
835
948
946
900
894
939
924
995
907
1050
821
872
783
684
746
911
809
967
951
1199
940
1190
933
906
1129
1043
766
947
996
1219
780
1199
1145
947
1078
953
945
1083
1086
1055
1065
1005
965
1158
1149
1209
1182
947
836
1092
1086
1349
1162
1309
1238
1218
1129
1216
1210
999
1000
1247
1220
1007
1346
975
1400
1214
1207
1173
1220
1172
1423
1179
1407
1183
1373
1377
1189
1375
1152
1358
1139
1344
1109
1160
1268
1151
1363
1054
1091
1300
1243
1078
1532
1300
1510
1262
1452
1089
1245
1135
1454
1086
1135
1090
1129
1121
1511
1117
1457
1579
1454
1354
1355
1299
1243
1514
1234
1175
1519
1504
1243
1154
1383
1471
1172
1381
1167
1380
1400
1142
1362
1515
1501
1510
1459
1406
1456
1462
1433
1433
1388
1232
1359
1221
1366
1344
1344
1308
1275
1310
1268
1246
1259
1245
1288
1573
1600
1535
1598
1538
1560
1513
1499
1463
1426
1465
1392
1450
1339
1436
1310
1434
1304
1360
1345
1322
1325
1323
1477
1316
1480
1830
1474
1763
1472
1735
1460
1654
1376
1659
1379
1576
1576
1547
1578
1529
1502
1501
1481
1478
1469
1472
1408
1448
1620
1617
1595
1593
1536
1558
1527
1557
1530
1507
1506
1488
1486
1468
1484
1927
1844
1841
1843
1828
1684
1972
1647
1968
1635
1959
1629
1938
1617
1797
1617
1793
1508
1787
1503
1775
1673
1673
1633
1605
1603
1614
1650
1598
1608
1582
1582
1564
1821
1796
1795
1763
2080
1766
2006
1722
2005
1726
1941
1700
1926
1889
1662
1652
1895
1631
1820
1799
1803
1669
1775
1635
1660
1659
2222
2181
1945
2113
1869
1847
2057
1817
1973
1766
1937
1930
1920
1921
1814
1763
1972
1784
2265
2229
2098
2091
2023
1993
2026
1932
1977
1936
1981
1875
1985
1831
1982
2251
1982
2243
1981
2247
1934
2246
1935
2235
1931
2206
1907
2186
1882
2140
1856
2015
1854
1929
1881
1870
2400
1869
2397
2387
2388
2317
2352
2268
2303
2224
2293
2168
2161
2274
2078
2254
2046
2151
1981
2153
2138
1975
2067
2017
2021
2012
2001
1965
2385
2277
2362
2296
2261
2275
2262
2261
2188
2261
2115
2218
2062
2204
2174
2127
2167
2119
2154
2120
2122
2095
2104
2050
2041
2054
2479
2400
2096
2379
2358
2103
2329
2239
2176
2603
2170
2588
2153
2591
2136
2551
2119
2551
2123
2544
2546
2636
2547
2628
2541
2563
2532
2524
2511
2497
2482
2462
2446
2449
2402
2321
2385
2316
2347
2286
2343
2224
2345
2212
2348
2174
2312
2307
2285
2247
2729
2223
2682
2665
2594
2587
2578
2582
2561
2521
2554
2449
2534
2383
2448
2345
2432
2343
2388
2329
2350
2312
2326
2304
2290
2291
2290
2279
2281
2846
2836
2788
2764
2764
2708
2707
2690
2677
2604
2607
2605
2582
2911
2570
2862
2480
2866
2437
2818
2428
2804
2779
2778
2715
2713
2612
2584
2572
2573
2554
2512
2492
3014
3009
2977
2950
2930
2851
2767
2763
2753
2714
2710
2685
2625
2963
2929
2905
2903
2902
2896
2871
2809
2813
2810
2810
2814
2739
2684
3093
2983
2976
2948
2929
2860
2834
2836
2790
2775
2705
3238
3181
3152
3149
3101
3220
3053
3163
2995
3153
2811
3143
2806
3132
2808
3060
2805
3050
2757
3053
2995
2972
2960
2883
2863
2861
2863
2839
3366
3274
3074
3053
3050
3037
3395
3040
3368
3011
3277
3009
3262
2982
3213
2964
3119
2951
3109
2910
3105
2910
3088
3089
3414
3093
3382
3096
3372
3100
3334
3101
3276
3073
3258
3041
3225
3034
3165
3006
3141
3005
3121
3048
3034
2958
3364
3289
3271
3204
3199
3124
3110
3059
3060
3537
3526
3492
3432
3425
3417
3384
3384
3383
3381
3331
3315
3313
3304
3308
3264
3258
3246
3248
3166
3584
3560
3520
3469
3465
3441
3360
3330
3331
3323
3733
3661
3660
3607
3588
3590
3453
3417
3355
3721
3703
3648
3614
3553
3535
3530
3524
3524
3511
4422
4426
4368
4354
4274
4256
4256
4220
4211
4214
4183
4103
4101
4096
4068
4060
4037
3987
4628
4589
4551
4526
4516
4507
4467
4468
4412
4403
4366
4330
4286
4275
4213
4770
4759
4753
4741
4743
4744
4703
4694
4560
4519
5074
5028
4987
4989
4961
4907
4894
4879
4869
4838
4829
4820
4697
4682
4651
4630
4631
5562
5550
5426
5428
5415
5410
5413
5396
5389
5383
5284
5248
5231
5180
5171
5170
5102
5
5
15
37
20
66
36
28
69
36
31
71
5
128
129
78
14
125
14
76
117
37
97
94
107
100
9
55
103
6
195
130
172
129
211
224
219
176
191
37
206
173
37
144
238
275
9
93
144
270
237
68
241
264
229
290
164
157
278
265
160
276
338
139
140
268
314
303
235
123
324
122
95
88
249
183
96
159
74
117
314
403
88
160
323
401
292
268
116
264
83
253
342
470
68
50
459
437
244
255
454
482
237
444
247
514
516
447
251
102
490
209
471
57
279
54
507
57
355
153
506
153
303
514
510
127
120
541
611
551
259
350
254
316
150
572
531
578
322
547
276
468
467
274
429
197
429
661
336
317
357
283
328
223
573
487
632
619
709
653
645
627
238
622
228
623
613
242
769
746
766
736
716
762
659
758
718
665
649
695
527
824
501
466
620
790
677
759
654
842
662
649
609
761
575
748
574
853
891
652
833
591
860
593
861
585
846
805
810
848
799
755
801
703
684
645
724
601
594
815
517
888
787
791
890
874
870
813
806
874
763
875
755
746
659
746
864
731
853
702
857
699
625
635
703
916
1062
686
690
1035
963
623
604
860
606
869
607
853
586
1040
861
1031
789
1026
984
872
991
989
1013
954
1110
919
893
717
815
907
778
773
972
748
888
734
1136
742
713
712
930
712
927
1225
1205
1128
1165
1122
1142
1126
1083
1143
1242
1144
1100
1080
1067
1199
1060
1192
1061
1183
1028
1181
980
1138
938
1128
938
1104
924
816
1050
1047
945
1038
942
1125
887
1127
863
1128
839
850
1124
1029
993
1207
1202
1000
1193
976
1176
884
1165
1148
1104
1105
1087
1081
1041
1072
1008
1013
953
1014
916
1012
916
905
1208
1158
1204
1162
1192
1142
1184
1146
1133
1149
1025
1136
1028
1127
1019
1116
982
1120
1396
1110
1061
988
1061
982
1056
1356
1040
1328
1025
1306
1471
1450
1300
1442
1302
1359
1202
1357
1183
1351
1163
1330
1149
1318
1153
1315
1098
1307
1087
1305
1073
1301
1276
1489
1274
1475
1267
1407
1227
1407
1227
1381
1188
1378
1144
1363
1137
1337
1137
1341
1333
1332
1257
1234
1668
1373
1372
1603
1360
1549
1359
1523
1359
1437
1355
1430
1359
1407
1347
1352
1292
1323
1217
1258
1213
1245
1207
1664
1628
1618
1619
1589
1591
1745
1499
1740
1480
1739
1713
1436
1717
1390
1712
1392
1391
1643
1369
1584
1350
1579
1290
1443
1383
1311
1814
1759
1763
1743
1655
1741
1618
1707
1621
1698
1547
1653
1532
1584
1439
1522
1420
1489
1413
1490
1365
1466
1410
1580
1780
1768
1585
1715
1553
1668
1549
1629
1552
1629
1470
1629
1467
1619
1577
1548
1518
1420
1948
1645
1939
1628
1937
1630
1935
1625
1922
1599
1895
1586
1865
1578
1677
1582
1666
1582
1659
1568
1637
1566
1639
1543
1626
1536
1623
1540
1552
1534
2034
1960
2017
1922
2019
1918
2005
1902
1855
1859
1854
2009
1842
2009
1712
2013
1688
1953
1689
1943
1623
1917
2070
1869
2040
1861
2042
2042
1845
2033
1803
2009
1718
2003
1701
2007
1681
2009
1658
2005
1658
1998
1662
1971
1964
1967
1945
1949
1948
1856
1849
1837
2218
1788
2171
1757
2118
1715
2116
2219
2098
2198
2049
2174
2049
2177
2010
1941
2158
1928
2145
1931
1929
2134
1907
2105
1910
2035
1849
1984
1836
1974
1830
1880
1827
1837
1823
2313
2279
2264
2340
2252
2342
2202
2228
2192
2230
2162
2192
2159
2160
2153
2084
2095
2034
2083
1919
2075
2011
2006
2005
1982
1965
1963
1921
2160
2075
2014
1997
1926
1923
2292
2243
2235
2227
2205
2100
2409
2050
2405
2013
2380
2528
2377
2481
2363
2481
2350
2388
2297
2389
2289
2341
2277
2343
2230
2342
2162
2338
2135
2312
2131
2300
2092
2251
2522
2255
2510
2256
2505
2218
2472
2222
2448
2224
2448
2206
2449
2175
2410
2159
2410
2156
2401
2159
2367
2353
2253
2339
2171
2321
2146
2321
2141
2316
2294
2289
2259
2255
2213
2705
2677
2654
2581
2508
2510
2507
2452
2440
2388
2343
2705
2694
2335
2647
2290
2640
2624
2779
2585
2779
2569
2776
2522
2779
2526
2758
2470
2757
2460
2751
2452
2715
2439
2711
2334
2632
2587
2539
2531
2535
2522
2512
2416
2873
2808
2762
2750
2693
2922
2608
2783
2604
2761
2572
2755
2560
2733
2526
2643
2527
2528
2522
2486
2520
2461
2489
2483
2476
3017
3005
2955
2934
2942
2906
2934
2867
2922
2865
2912
2842
2893
2833
2863
2788
2832
2759
2833
2741
2802
2742
2806
2672
2779
2665
2731
2581
2732
2657
2925
2634
2875
2629
2780
2587
2715
2654
2836
2840
2840
2836
2777
3025
2772
3021
2774
3022
2729
2990
2730
2907
2697
2905
2659
2824
2798
2801
2800
2799
2750
2752
2755
3217
2733
3221
2730
3222
2729
3206
3203
3197
3195
3114
3079
3272
3051
3204
3012
3146
2958
3150
2947
3051
2947
3011
2919
2993
2833
2878
2832
2848
2793
3371
3327
3270
3256
3199
3198
3144
3135
3096
3074
3066
3054
2984
2988
2918
2917
3453
3421
3396
3326
3323
3313
3285
3247
3201
3155
3154
3152
3022
3494
3475
3382
3319
3193
3148
3146
3150
3114
3114
3063
3574
3524
3525
3519
3369
3366
3356
3339
3331
3325
3308
3251
3161
3475
3469
3454
3421
3408
3411
3361
3332
3328
3314
3832
3833
3826
3749
3701
3630
3617
3557
3460
3463
4075
4060
4052
4034
4032
4014
4006
3889
3871
3778
3760
5252
5254
5220
5108
5094
5060
5040
4986
4905
4903
4902
4849
5
12
23
53
70
42
9
54
72
73
80
9
79
14
111
22
15
94
8
82
22
53
43
14
91
140
99
24
152
13
162
160
90
44
198
158
181
66
230
177
228
43
136
91
172
64
167
216
144
275
271
231
301
307
299
283
186
246
314
271
275
22
260
305
24
259
237
185
150
356
299
252
250
288
402
375
374
277
135
261
418
260
136
119
382
445
386
383
75
394
275
458
250
378
239
190
450
459
391
395
463
385
366
193
194
105
480
326
326
101
300
147
259
231
477
226
477
167
405
383
85
382
51
381
56
340
467
332
459
335
442
302
438
250
380
213
340
181
87
141
585
135
121
571
109
570
667
213
209
137
388
376
553
688
378
692
348
589
673
599
678
696
690
727
699
698
714
684
603
681
581
624
722
589
656
529
465
652
639
639
645
724
450
620
816
723
804
806
602
721
716
463
811
458
802
462
727
423
707
768
849
807
751
806
752
773
677
716
877
455
823
890
878
749
875
656
854
813
640
465
732
464
742
441
681
681
748
625
608
685
626
632
608
755
952
880
942
739
802
618
933
604
977
597
949
683
982
538
879
538
615
522
537
514
515
918
692
600
894
586
861
590
859
986
763
981
763
1003
987
995
770
769
1001
750
987
732
1009
737
1008
717
719
988
701
700
668
662
944
645
871
1069
1026
1205
838
995
811
955
1015
910
992
908
860
859
1239
817
876
1026
988
972
936
1245
1220
924
889
840
1071
838
1057
813
814
902
1231
860
1169
780
1081
1186
1046
982
1034
958
1032
957
1024
947
1016
928
1146
926
918
1229
921
871
1106
872
1101
1168
1080
1150
1074
1057
1071
1025
1055
999
1024
1004
957
1002
928
1286
1416
1372
1196
1137
1128
1111
1088
1053
1034
1302
1001
1390
994
1356
1278
1118
1475
999
1439
1403
1335
1403
1280
1387
1283
1302
1281
1302
1226
1283
1386
1276
1263
1386
1220
1334
1218
1198
1089
1186
1073
1059
1194
1039
1197
1271
1351
1168
1354
1165
1343
1154
1156
1305
1125
1111
1225
1500
1459
1279
1455
1276
1428
1256
1195
1408
1366
1358
1220
1322
1220
1322
1220
1254
1546
1255
1227
1203
1181
1557
1174
1192
1170
1222
1700
1203
1695
1181
1478
1468
1257
1451
1202
1404
1367
1206
1350
1207
1596
1587
1411
1394
1392
1631
1372
1634
1370
1559
1369
1539
1340
1509
1335
1303
1491
1307
1445
1631
1428
1624
1405
1624
1628
1822
1506
1823
1424
1810
1356
1794
1336
1758
1760
1720
1612
1501
1476
1453
1441
1926
1379
1874
1383
1870
1838
1839
1839
1962
1766
1960
1693
1826
1678
1827
1663
1825
1619
1818
1442
1744
1660
1649
1636
1601
1541
1972
1542
1930
1509
1930
1961
1930
1881
1931
1885
1924
1858
1885
1816
1875
1817
1840
1821
1833
1801
1759
1794
1742
1792
1702
1761
1670
1712
1674
1710
1657
1713
1570
1706
1550
1707
1691
2060
1680
2022
1672
1938
1651
1858
1797
1581
1795
1750
1758
1722
1608
1642
1645
2018
2189
1984
2167
1865
2139
1812
2121
1797
2120
1668
2112
1987
2080
1982
2081
1984
2060
2061
1948
2020
1940
2024
1936
1959
1928
1946
1912
1878
1878
1874
1858
1787
1847
1823
2181
1803
2163
1748
2152
2074
2035
1994
1972
1976
1973
1977
2253
1967
2161
1946
2037
1930
2018
1879
1875
1951
1831
1937
1816
1871
1813
1834
1823
1819
2266
1917
2217
1906
2220
1904
2216
1885
2139
1866
2068
1864
2064
1866
2043
2041
1989
2040
1992
2043
1942
2021
1911
1990
1943
1926
2284
2277
2464
2260
2442
2217
2414
2151
2347
2143
2096
2325
2066
2312
2011
2262
2005
2263
2002
2264
2258
2204
2009
2151
1987
2125
1972
2098
2093
2022
2541
2545
2541
2533
2435
2424
2403
2568
2372
2563
2364
2563
2360
2566
2326
2550
2249
2507
2249
2425
2206
2391
2204
2393
2388
2592
2360
2539
2355
2507
2359
2371
2247
2343
2193
2277
2144
2263
2138
2253
2245
2216
2200
2185
2683
2174
2681
2648
2622
2480
2619
2421
2581
2288
2560
2238
2549
2207
2469
2200
2451
2203
2447
2416
2394
2390
2282
2285
2272
2259
2814
2799
2799
2775
2765
2748
2742
2727
2729
2728
2732
2678
2643
2496
2478
2469
2443
2441
2835
2836
2750
2628
2607
2611
2573
2558
2487
3084
3087
3084
3017
3004
2964
2956
2960
2913
2888
2856
2838
2821
2818
2780
2768
2680
2674
2669
2877
2770
2751
2682
3229
3216
3219
3223
3225
3181
3179
3171
3156
3149
3142
3143
3139
3136
3137
3122
3100
3088
3091
3077
3074
3057
3027
2947
2877
2829
2826
3364
3266
3204
3204
3191
3165
3154
3130
3133
3105
3090
3036
3027
3023
2987
2957
2956
2939
3322
3061
3014
2998
3290
3253
3209
3122
3100
3392
3375
3321
3302
3302
3247
3235
3234
3763
3765
3677
3661
3589
3588
3580
3521
3525
3489
3360
3346
3342
3337
4023
3985
3974
3977
3961
3959
3934
3923
3920
3908
3907
3906
3873
3823
3822
3822
3772
3761
3672
3598
3573
4222
4198
4197
4187
4176
4156
4155
4143
4062
3942
3857
4557
4532
4522
4579
4523
4539
4417
4511
4377
4510
4313
4505
4312
4475
4258
4440
4259
4430
4251
4397
4229
4385
4179
4382
4179
4386
4158
4358
4124
4334
4108
4327
4309
4313
4279
4260
4239
4241
4235
4148
4951
4938
4915
4814
4818
4811
4795
4781
4714
4692
4687
4676
4680
4677
4672
4668
4570
4538
5529
5526
5476
5440
5441
5441
5394
5398
5333
5293
5214
5150
5137
5124
5051
5
5
6
18
5
10
38
61
71
55
80
22
6
92
54
35
41
70
37
143
49
129
34
23
147
70
165
5
153
25
8
121
184
206
115
180
90
160
147
211
77
242
146
234
229
161
39
57
125
281
279
62
251
113
289
281
161
292
291
266
214
168
129
350
95
80
114
191
115
89
181
86
154
270
128
88
286
269
74
240
227
154
132
416
274
134
262
125
428
228
377
149
37
118
105
477
81
399
180
174
182
135
474
464
176
428
142
497
521
523
500
553
214
185
192
550
196
545
233
206
386
351
586
329
216
206
575
519
566
568
207
544
207
307
309
614
645
552
629
520
506
499
507
426
272
601
434
474
562
636
564
563
674
463
313
299
473
439
678
639
404
395
618
399
468
381
386
348
310
295
290
750
764
605
745
562
783
369
429
766
834
755
836
792
774
689
732
590
718
810
710
778
765
696
879
799
639
533
589
837
759
530
762
538
850
535
842
544
739
560
645
596
905
514
474
734
466
892
568
733
451
737
455
736
581
695
920
634
889
596
897
939
609
937
725
601
1022
582
569
927
554
550
892
530
868
1089
1064
863
1035
770
1035
1108
951
1078
730
1036
871
1027
739
1028
953
823
927
1039
949
914
849
893
798
847
778
845
832
694
747
677
819
1091
1018
1087
877
1049
840
1002
1103
708
1004
839
1011
832
895
1038
860
856
871
817
802
944
802
833
806
1095
764
1122
1248
1210
1030
1200
886
1112
1093
1126
1093
1079
852
1045
1027
1301
947
920
1179
916
1168
904
1100
980
975
882
1092
1110
984
1104
954
1081
924
921
1366
1115
1200
1111
1118
1110
1104
1044
1054
1405
986
990
951
979
1401
961
1059
1403
964
1358
1425
1362
1357
1183
1346
1186
1320
1013
1302
1446
1297
1127
1292
1274
1015
1278
1448
1273
1394
1248
1400
1195
1397
1173
1113
1403
1397
1104
1373
1070
1377
1067
1350
1327
1603
1327
1537
1322
1540
1265
1518
1513
1332
1494
1445
1288
1398
1296
1375
1258
1351
1316
1259
1481
1194
1400
1192
1191
1407
1174
1401
1151
1395
1269
1371
1260
1258
1224
1192
1259
1208
1267
1257
1350
1259
1339
1260
1315
1553
1307
1302
1255
1282
1252
1624
1686
1586
1576
1532
1290
1502
1492
1604
1492
1570
1431
1405
1685
1392
1368
1523
1329
1616
1337
1690
1340
1668
1639
1541
1511
1513
1603
1507
1509
1471
1553
1440
1373
1421
1398
1542
1569
1853
1758
1834
1815
1549
1818
1508
1805
1782
1752
1775
1746
1776
1758
1747
1761
1749
1613
1697
1529
1600
1754
1726
1694
2000
1953
1998
1926
1939
1925
1891
1916
1878
1794
1780
1863
1731
1809
1651
1624
1739
1591
1570
1580
1519
1781
1782
1761
1751
1659
1650
1528
1636
1757
1619
2063
1570
1788
1766
1671
1672
1675
2069
1640
1617
2115
1949
2111
1921
2072
1891
1890
1697
1887
1701
1870
1819
1844
1828
1827
1658
1827
1643
1820
2024
1776
2066
1707
1702
1855
1833
1681
1674
1810
1811
2039
2214
2217
1823
2256
2238
2211
2229
2141
2207
2136
2147
2120
2146
2110
2085
1865
2049
1868
1993
1791
1855
1795
1793
1782
2156
2258
2138
2248
2203
2068
2167
2072
2161
2069
2104
2069
2108
2027
2088
1910
2074
1907
2074
1893
2038
1891
2034
1895
2017
1873
2018
1865
1974
1961
2217
1939
2207
1920
2157
1883
2119
1886
2066
2412
2008
2339
1927
2321
2051
2261
2031
2261
2029
2259
1977
2194
1975
2171
1977
2154
1951
2118
2096
2092
2090
2384
2086
2296
2076
2291
2064
2233
2027
2150
2014
2000
2105
2099
2080
2055
2050
2013
2326
2322
2279
2241
2219
2194
2195
2195
2131
2103
2592
2085
2568
2565
2529
2137
2464
2113
2465
2109
2452
2424
2419
2421
2411
2378
2333
2289
2199
2168
2681
2614
2613
2605
2605
2534
2536
2529
2517
2521
2507
2428
2398
2365
2332
2685
2318
2640
2639
2615
2607
2582
2582
2573
2541
2456
2411
2796
2358
2793
2327
2707
2331
2694
2332
2655
2317
2647
2636
2497
2499
2460
2452
2796
2797
2751
2692
2600
2546
2506
2465
2453
2441
2426
2406
2407
2636
2639
2642
2610
2554
2476
2469
3036
3003
2989
2938
2920
2903
2870
2871
2869
2796
2793
2768
2697
2700
2666
2640
2641
2996
2619
2991
2974
2969
3066
2894
3034
2897
3036
2840
3012
2841
2995
2839
2914
2825
2900
2819
2889
2702
2892
2706
2886
2695
2793
2767
2741
2724
2708
3214
3211
3203
3135
3116
3108
3089
3088
3075
3065
3037
3252
2998
3131
2953
3130
2945
3124
2907
3081
2828
3035
2831
3019
2826
3005
2777
2972
2839
2899
2814
2886
2812
2869
2812
2871
2853
3299
2846
3238
2841
3206
2839
3156
2841
3157
3150
3153
3057
3024
2991
2977
2903
3357
3342
3316
3294
3265
3251
3252
3246
3249
3204
3186
3172
3070
3044
3048
3020
3579
3542
3538
3460
3429
3162
3342
3065
3342
3327
3318
3210
3208
3201
3133
3119
3209
3158
3705
3682
3597
3686
3598
3684
3583
3638
3552
3576
3552
3557
3533
3503
3479
3446
3481
3382
3466
3368
3469
3299
3459
3292
3445
3296
3400
3368
3345
3329
3321
3284
3288
3435
3436
3408
3399
3359
3323
3815
3811
3782
3738
3737
3696
3649
3644
3631
3609
3583
3563
3560
3498
3456
3446
3934
3938
3928
3884
3877
3838
3752
3727
3723
3679
3673
3676
3680
3576
5019
5009
4995
4978
4926
4925
4883
4876
4863
4832
4800
4790
4765
5478
5474
5462
5441
5325
5190
5152
5155
5149
5144
5103
5104
5058
5059
5010
5
9
6
17
46
53
70
73
86
64
104
90
79
50
64
65
17
103
106
75
149
126
63
27
128
29
119
164
171
132
97
202
59
25
209
186
217
184
128
93
88
255
86
234
90
215
57
116
74
263
37
222
294
301
214
280
205
23
193
61
93
149
109
346
252
108
110
113
306
258
339
319
6
281
231
252
228
406
203
344
330
430
339
378
292
323
270
255
344
245
209
356
199
326
156
157
484
156
225
106
108
360
72
496
342
419
322
290
423
521
80
502
83
515
442
445
431
362
544
329
530
554
536
514
533
385
580
566
497
476
557
451
558
535
612
531
520
424
589
532
267
625
246
249
621
676
451
677
600
449
450
399
595
369
622
327
354
332
334
592
303
566
285
516
659
510
735
704
382
707
390
679
381
343
642
346
328
292
323
799
692
374
630
674
624
673
624
732
340
550
670
619
544
586
576
579
588
551
761
601
715
860
698
662
696
838
574
835
574
837
814
802
783
816
801
689
803
596
781
575
785
737
852
815
774
859
976
821
824
982
748
957
978
754
873
771
734
877
874
732
694
768
777
661
776
752
787
665
835
1025
1019
862
698
862
740
852
660
840
921
931
931
814
844
835
848
816
827
906
821
842
835
661
975
1089
972
907
843
979
904
1137
897
864
863
988
905
989
908
879
903
826
881
1007
1219
957
983
958
1186
929
849
939
918
879
1207
806
1210
863
921
999
896
824
945
973
938
834
821
941
887
865
853
904
1265
1217
903
881
1230
849
1345
1339
1311
1266
1314
902
1301
1305
1256
936
1116
931
933
1422
927
1390
1391
1286
1214
1393
1189
1342
1314
1053
1144
1121
1173
1348
1333
1039
1006
1340
1363
1340
1233
1184
1330
1330
1243
1302
1245
1232
1198
1237
1199
1192
1182
1160
1202
1109
1154
1528
1135
1515
1513
1506
1490
1506
1479
1461
1422
1422
1249
1408
1245
1407
1423
1399
1396
1357
1400
1349
1384
1380
1357
1277
1361
1273
1314
1270
1316
1194
1251
1235
1241
1236
1214
1173
1179
1314
1214
1639
1681
1589
1566
1677
1654
1572
1579
1572
1576
1549
1488
1512
1467
1514
1458
1456
1388
1367
1434
1365
1429
1345
1337
1346
1317
1782
1763
1287
1279
1768
1770
1314
1738
1632
1702
1631
1678
1615
1645
1571
1648
1532
1592
1533
1522
1507
1508
1380
1438
1386
1393
1526
1388
1498
1534
1483
1476
1389
1460
1446
1393
1408
1408
1540
1909
1508
1878
1445
1844
1435
1842
1666
1792
1662
1776
1658
1724
1658
1710
1494
1711
1492
1708
1483
1694
1463
1678
1456
1494
1470
1932
1909
1682
1909
1913
1487
1889
1478
1814
1692
1738
1705
1694
1702
1620
2010
2004
1623
1995
1605
1997
1581
1992
2049
2021
1926
1963
1915
1951
1811
1867
1815
1857
1768
1810
1767
1773
1723
1756
1727
1749
1720
1737
1690
1684
1690
1653
1648
1630
1638
2116
2025
1740
1906
1670
1865
1670
1818
1667
1784
1783
1736
1753
1710
1733
1697
1698
1936
1654
1913
1857
1837
1841
1837
1810
1809
2217
1758
2158
1720
2109
1710
2101
1714
2080
1999
1978
1973
1858
1966
1861
1966
1896
1847
1849
1837
1793
1786
1789
1786
1912
1913
1905
1906
1855
1839
2279
1835
2226
1836
2227
1825
2207
2203
1994
2121
1949
2030
1842
2013
1882
1950
1953
1868
1920
1867
1868
1856
1877
1865
2168
1928
2162
1912
2357
2406
2362
2374
2346
2371
2340
2273
2305
2262
2262
2246
2177
2230
2171
2198
2172
2132
1956
2076
1954
2058
2043
2132
2039
2131
2020
2127
1998
2113
1992
2070
2071
2068
2068
2022
2398
2391
2370
2342
2245
2341
2226
2293
2213
2185
2197
2177
2197
2157
2156
2139
2153
2154
2111
2099
2591
2554
2531
2480
2417
2351
2294
2290
2179
2154
2679
2527
2682
2529
2680
2485
2682
2480
2647
2470
2534
2471
2506
2468
2479
2451
2474
2418
2474
2420
2416
2372
2415
2370
2320
2366
2258
2344
2326
2291
2278
2743
2731
2738
2712
2736
2693
2702
2678
2551
2669
2551
2653
2511
2655
2474
2659
2385
2661
2332
2609
2582
2550
2509
2494
2488
2431
2422
2365
2874
2849
2838
2781
2767
2686
2686
2659
2631
2565
2514
2497
2490
2440
2961
2879
2854
2826
2810
2531
2993
2934
2938
2935
2868
2867
2857
2838
2764
2762
2760
2736
2710
3140
3110
3110
3070
3043
3016
3072
3014
3061
2988
3018
2956
2932
2941
2919
2894
2888
2896
2859
2900
2861
2904
2812
2905
2813
2904
2789
2858
2760
2824
2817
2796
2754
3245
3189
3167
3128
3121
3085
3069
3033
2996
2940
2943
2936
2840
2924
2923
2886
3316
3292
3270
3273
3228
3211
3195
3194
3132
3128
3124
3082
3604
3569
3570
3556
3535
3393
3538
3385
3501
3388
3472
3335
3409
3279
3375
3242
3328
3243
3331
3230
3327
3192
3310
3279
3278
3274
3500
3502
3484
3414
3389
3834
3387
3787
3706
3690
3620
3603
3585
3552
3497
3463
3448
3447
3447
3439
3424
3907
3890
3818
3805
3740
3713
3704
3691
3693
3692
3695
3658
3661
3527
3513
3909
3906
3893
3891
3891
3845
3664
3614
4247
4242
4187
4126
4114
4044
4021
4015
4000
4004
3945
3918
4495
4493
4479
4469
4431
4406
4361
4336
4270
4272
4271
4242
4245
4233
4152
4056
4053
4592
4492
4495
4494
4436
4425
4407
4287
4271
4275
4237
4153
5107
5107
5096
5013
4993
4988
4958
4912
4873
4868
4853
4829
4828
4759
4659
8354
8310
8308
8309
8250
8244
8243
8203
8204
8189
8163
8153
8123
5
5
35
5
26
65
27
55
51
24
67
73
65
59
90
32
28
24
60
48
114
99
5
55
71
11
79
30
19
37
193
96
50
182
189
161
207
224
25
115
212
243
90
74
54
16
132
218
256
172
236
219
19
199
185
319
58
329
190
328
161
109
326
61
300
235
20
304
362
336
6
5
350
251
13
223
265
243
404
211
411
380
379
347
194
298
29
356
22
25
455
279
382
380
459
452
24
433
12
436
382
13
366
491
372
335
23
34
493
412
6
394
327
329
558
407
552
558
543
466
475
521
465
454
526
439
517
420
350
93
351
446
424
618
416
392
507
378
600
257
257
225
455
459
222
406
145
452
384
450
527
435
529
350
316
526
193
464
224
404
383
214
372
627
321
602
271
708
437
422
710
295
716
648
702
283
685
793
659
697
665
673
731
673
615
692
697
608
600
565
658
644
771
846
557
556
828
552
835
555
833
831
717
660
670
628
666
847
647
752
779
737
904
633
910
598
569
795
784
921
908
773
833
776
821
575
708
984
946
708
907
701
903
689
882
817
739
730
858
991
658
958
556
733
661
686
880
770
903
710
573
986
892
758
991
933
704
934
695
831
610
819
954
720
584
695
929
1000
893
979
948
1137
693
1129
687
1023
652
658
994
976
654
639
1151
1162
1174
1109
1153
1108
1103
954
1071
1060
1025
899
1227
906
1223
905
1187
1183
1244
1080
826
1237
1053
832
1047
812
797
1230
1262
1226
1264
1252
1105
1226
1246
1165
1214
1072
1201
1037
1046
1027
1149
1188
1149
1187
1145
1183
1016
1171
907
1143
901
1133
907
1320
1059
1302
1145
1085
1151
1111
1091
1053
1249
1044
1229
1020
964
1121
1087
1008
1088
1082
1183
1188
1439
1148
944
946
1352
1479
1110
1444
1034
1378
1019
1226
1354
1217
1238
1215
1116
1373
1134
1374
1351
1061
1312
1296
1062
1069
1269
1071
1235
1393
1548
1054
1222
1374
1191
1305
1241
1312
1178
1177
1249
1293
1184
1079
1144
1142
1281
1145
1430
1549
1616
1497
1602
1448
1633
1554
1490
1598
1489
1591
1434
1431
1592
1406
1561
1356
1337
1491
1391
1488
1297
1273
1393
1499
1280
1245
1423
1270
1753
1236
1735
1399
1265
1393
1248
1256
1334
1244
1254
1752
1258
1707
1709
1476
1683
1774
1657
1758
1653
1617
1606
1746
1559
1734
1562
1718
1524
1493
1808
1400
1382
1801
1793
1766
1757
1865
1754
1769
1750
1733
1743
1737
1736
1730
1874
1856
1724
1539
1849
1529
1838
1514
1750
1511
1716
1506
1712
1492
1685
1417
1673
1415
1648
1632
1804
1633
1801
1607
1706
1558
1708
1521
1703
1509
1690
1568
1670
1478
1636
1611
1481
1580
1479
1574
1795
1552
1766
1540
1761
1761
1598
1734
1574
1729
1559
1730
1552
1729
1556
1728
1530
1703
1532
1706
1724
1695
1710
1692
1696
1796
1688
1678
1697
1654
1654
1573
1639
1787
1593
1779
1778
1598
1672
1658
1662
2123
1796
2102
1785
2072
1783
2074
1775
2064
1716
2066
1719
1938
1694
1917
1893
1674
1855
1839
1836
1829
1912
1900
1801
1898
1798
1893
1795
1811
1702
1788
1783
1781
1771
1758
1756
2222
1756
2223
1864
2151
1838
2128
2120
2282
2123
2151
2098
2153
2094
2125
2097
2128
2080
2096
1939
2078
1913
2022
1875
1936
1837
1936
1834
1933
1911
2344
1901
2284
1867
1865
2289
2122
1836
2108
2071
2047
2133
2051
2103
2043
2100
2000
2097
1991
1974
1964
1932
1926
1925
1922
2140
1905
2029
2006
1906
1976
1924
2174
2066
2464
2066
2346
2070
2294
2056
2280
2059
2252
2028
2224
2014
2205
2199
2122
2119
2118
2505
2116
2465
2042
2452
2010
2420
2312
2246
2245
2089
2240
2037
2237
2238
2145
2521
2138
2511
2137
2452
2119
2431
2085
2415
2085
2396
2089
2330
2299
2063
2255
2198
2157
2098
2498
2604
2604
2476
2429
2558
2432
2565
2382
2554
2350
2524
2351
2523
2339
2522
2342
2337
2512
2331
2307
2508
2505
2661
2482
2386
2608
2373
2227
2613
2216
2610
2579
2530
2593
2495
2597
2435
2591
2305
2486
2274
2482
2315
2485
2315
2427
2411
2277
2397
2394
2281
2285
2614
2591
2534
2553
2531
2534
2519
2529
2442
2405
2351
2741
2721
2722
2657
2765
2650
2763
2641
2764
2630
2702
2611
2658
2604
2614
2538
2612
2519
2613
2510
2536
2480
2536
2459
2455
2458
2980
2969
2962
2941
2935
3011
2901
3007
2872
2997
2816
2973
2773
2925
2753
2926
2722
2907
2667
2911
2658
2883
2641
2884
2634
2863
2554
2864
2535
2786
2534
2771
2536
2673
2540
2608
2597
2772
2695
2669
2660
2661
2646
3235
3191
3164
3161
3157
3137
3077
3041
3026
2980
2921
2918
2921
2919
2914
2856
2832
2916
2885
3719
3699
3632
3558
3502
3504
3479
3482
3416
3333
3260
3247
3241
3799
3789
3788
3719
3668
3671
3660
3621
3538
3514
3473
3469
3454
3371
3359
3804
3783
3767
3747
3712
3702
3662
3655
3656
3608
3548
3542
3542
3429
3541
3527
3520
3476
3730
3731
3720
3692
3676
3652
3648
3629
3617
3560
3992
3986
3937
3869
3867
3869
3862
3839
3828
3801
3792
3765
3736
3728
3705
3706
3681
3644
4341
4320
4280
4269
4267
4238
4231
4398
4013
4325
4017
4317
3945
4307
3938
4308
4310
4308
4292
4274
4233
4191
4162
4049
4042
4039
4043
4046
4048
4021
4783
4783
4653
4623
4617
4597
4599
4582
4563
4503
4497
4483
4484
4406
4386
4359
4924
4926
4853
4831
4800
4660
4612
4582
4570
4557
4553
4524
4504
5
33
6
70
70
47
64
6
93
54
12
45
43
58
141
72
80
72
129
138
118
37
152
129
18
199
205
195
34
199
83
103
81
58
157
235
62
158
51
36
254
34
214
226
226
149
197
185
145
74
317
161
157
136
152
141
135
135
136
250
181
119
233
108
303
192
365
302
173
118
145
118
369
164
259
329
260
83
122
79
333
397
334
434
235
327
355
332
314
291
479
114
468
107
306
491
116
484
107
84
351
332
474
284
426
275
491
521
445
546
349
480
354
548
426
551
361
115
504
480
575
512
581
535
510
521
537
426
482
477
425
368
516
642
467
642
656
611
387
554
648
589
457
588
558
430
609
374
557
601
602
611
529
591
650
576
625
758
729
456
726
437
435
673
604
664
512
666
587
572
615
704
701
707
639
813
658
814
616
828
658
722
605
729
597
763
663
759
654
738
775
767
665
433
611
765
733
749
747
657
749
926
749
906
869
716
811
727
597
685
732
727
692
660
674
588
782
585
785
529
775
538
693
742
730
835
726
722
831
712
746
706
671
849
654
726
580
653
648
835
836
837
819
596
788
601
763
715
751
737
828
703
1105
1127
1043
814
989
685
935
900
694
697
717
663
1120
845
773
1035
1032
737
705
923
806
806
868
771
713
842
772
830
767
799
770
928
773
749
975
961
921
1059
864
817
968
819
946
822
983
830
911
815
799
946
799
803
841
834
818
922
1282
914
1277
840
1245
1186
1233
848
1186
1071
1180
1181
1077
1183
1069
1064
1149
1141
1067
1118
1070
1112
1070
1110
1061
944
1052
908
1054
953
1212
921
1201
920
1197
990
1034
1008
1013
971
973
966
973
1428
1145
1432
1145
1414
1114
1317
1114
1278
1116
1274
1092
1277
1047
1256
1226
1041
1229
1040
1215
1024
1215
1192
1533
1182
1185
1516
1088
1507
1510
1080
1510
1206
1510
1203
1513
1172
1512
1098
1505
1355
1453
1359
1426
1355
1418
1327
1426
1292
1422
1281
1410
1270
1266
1321
1254
1319
1222
1297
1191
1266
1560
1242
1540
1525
1200
1508
1203
1634
1179
1526
1682
1668
1463
1640
1440
1640
1417
1630
1404
1455
1306
1303
1439
1405
1311
1378
1307
1362
1262
1321
1234
1299
1692
1295
1602
1297
1586
1276
1585
1577
1670
1532
1673
1536
1675
1540
1666
1498
1563
1474
1559
1473
1527
1426
1496
1430
1439
1432
1410
1412
1401
1407
1371
1380
1369
1370
1796
1763
1763
1829
1738
1821
1703
1817
1658
1796
1556
1760
1679
1619
1554
1609
1602
1559
1603
1551
1573
1565
1536
1520
1532
1479
1493
1483
1676
1650
1638
1581
1563
1534
1506
1490
1736
1737
1721
1724
1711
1703
2028
1652
1904
1877
1866
1833
2022
1776
1973
1778
1924
1769
1884
1719
1867
1720
1863
1720
1843
1694
1830
1653
1834
1638
1712
1696
1691
1674
2109
1628
2083
2073
1945
1934
1945
1933
1941
1919
1932
1874
1795
1816
1767
1730
1746
1723
1710
1711
1705
1702
1693
2198
2164
2168
2210
2169
2204
2149
2190
2103
2178
2099
2163
2076
2082
2028
2030
2031
1988
2023
1970
2020
1952
2015
1953
2018
2019
1952
1996
1932
1998
1903
1973
1907
1923
1910
1925
1914
1914
1897
1877
1874
1865
2309
1858
2295
2261
2284
2250
2277
2253
2239
2225
2237
2224
2232
2195
2210
2196
2157
2190
2155
2172
2109
2025
2058
2005
2017
1997
1990
1995
1936
1987
1939
1930
1939
1928
1941
2248
2229
2224
2221
2191
2487
2163
2462
2122
2460
2085
2436
2039
2437
2402
2377
2295
2522
2296
2502
2237
2484
2221
2473
2147
2477
2131
2473
2080
2456
2423
2420
2368
2341
2315
2294
2272
2275
2180
2178
2173
2174
2128
2628
2536
2454
2533
2432
2533
2394
2477
2388
2476
2387
2432
2312
2426
2297
2409
2268
2377
2265
2381
2241
2373
2224
2337
2227
2330
2201
2284
2734
2720
2653
2652
2642
2626
2597
2588
2581
2491
2487
2441
2377
2365
2357
2778
2349
2781
2764
2644
2760
2620
2762
2607
2648
2585
2606
2562
2450
2557
2422
2532
2397
2528
2458
2414
2873
2405
2867
2792
2760
2755
2658
2598
2574
2812
2560
2750
2549
2744
2548
2684
2498
2681
2461
2650
2609
2605
2549
2538
2514
2504
2498
2629
2620
2936
2624
2837
2595
2835
2550
2812
2542
2815
2806
2805
2761
2723
2701
2641
2642
2630
2605
3089
3045
3021
2963
2903
2878
2825
2812
2804
2760
2724
2652
2886
2869
2802
2798
2789
2782
3169
2713
3159
3156
3143
3108
3050
2944
2928
2924
2912
2906
3124
2889
3089
2879
3061
2818
3022
2820
2982
2981
2954
2940
2921
2916
2793
3258
2787
3257
3253
3217
3203
3080
3018
2970
2960
2928
2929
2869
2864
2863
2859
3273
3270
3271
3249
3244
3154
3247
3151
3244
3047
3165
2971
3163
2955
3132
2937
3098
2935
2994
2926
2945
2923
2926
3565
3556
3543
3504
3481
3427
3609
3411
3568
3408
3568
3409
3560
3403
3552
3371
3541
3373
3530
3372
3484
3357
3475
3334
3448
3330
3428
3230
3332
3203
3282
3189
3280
3190
3263
3263
3249
3242
3240
3236
3236
3228
3220
3529
3440
3414
3401
3400
3379
3353
3349
3347
3344
3337
3333
3820
3819
3886
3779
3795
3767
3749
3760
3732
3751
3727
3740
3730
3730
3717
3661
3716
3639
3719
3621
3691
3604
3683
3564
3677
3560
3677
3559
3665
3559
3634
3561
3612
3479
3608
3577
3575
3562
3565
3551
3509
4286
4281
4267
4217
4220
4211
4212
4162
4073
4061
4053
4036
3951
3953
3902
3884
3884
3887
