5 0.66
10 3.68
15 3.26
20 3.5
25 3.06
30 3.34
35 3.16
40 3.66
45 2.74
50 2.82
55 2
60 1.68
65 1.7
70 1.66
75 1.34
80 1.08
85 0.96
90 0.9
95 0.9
100 1.1
105 0.6
110 0.58
115 0.64
120 0.72
125 0.58
130 0.62
135 0.44
140 0.6
145 0.44
150 0.4
155 0.42
160 0.58
165 0.24
170 0.46
175 0.32
180 0.38
185 0.4
190 0.34
195 0.3
200 0.46
205 0.24
210 0.32
215 0.22
220 0.26
225 0.28
230 0.24
235 0.18
240 0.3
245 0.34
250 0.26
255 0.14
260 0.16
265 0.3
270 0.24
275 0.18
280 0.22
285 0.24
290 0.18
295 0.1
300 0.22
305 0.22
310 0.22
315 0.16
320 0.22
325 0.1
330 0.18
335 0.2
340 0.22
345 0.16
350 0.12
355 0.24
360 0.06
365 0.16
370 0.18
375 0.26
380 0.08
385 0.04
390 0.16
395 0.28
400 0.08
405 0.12
410 0.18
415 0.12
420 0.22
425 0.08
430 0.14
435 0.14
440 0.22
445 0.08
450 0.1
455 0.16
460 0.12
465 0.12
470 0.16
475 0.1
480 0.12
485 0.14
490 0.06
495 0.14
24484 36.8
5 1.12
10 5.58
15 4.82
20 4.9
25 3.88
30 4.44
35 4.6
40 5.3
45 3.62
50 3.66
55 2.68
60 2.08
65 2.44
70 1.42
75 1.5
80 1.88
85 1.22
90 1.32
95 1.02
100 1.18
105 1.26
110 0.84
115 0.88
120 0.98
125 0.94
130 0.64
135 0.74
140 0.7
145 0.64
150 0.58
155 0.54
160 0.6
165 0.54
170 0.66
175 0.32
180 0.54
185 0.38
190 0.48
195 0.42
200 0.5
205 0.32
210 0.34
215 0.28
220 0.42
225 0.36
230 0.3
235 0.32
240 0.28
245 0.5
250 0.28
255 0.14
260 0.4
265 0.3
270 0.24
275 0.32
280 0.24
285 0.24
290 0.22
295 0.2
300 0.26
305 0.16
310 0.14
315 0.26
320 0.18
325 0.2
330 0.2
335 0.12
340 0.18
345 0.14
350 0.28
355 0.16
360 0.1
365 0.2
370 0.24
375 0.18
380 0.14
385 0.16
390 0.08
395 0.3
400 0.16
405 0.22
410 0.04
415 0.12
420 0.22
425 0.22
430 0.06
435 0.12
440 0.18
445 0.2
450 0.14
455 0.16
460 0.08
465 0.12
470 0.2
475 0.12
480 0.12
485 0.1
490 0.1
495 0.18
4724 15.92
5 1.08
10 5.22
15 5.38
20 4.94
25 3.78
30 4.24
35 4.92
40 5.04
45 4.2
50 3.46
55 2.58
60 1.9
65 2.18
70 1.62
75 1.52
80 1.4
85 1.04
90 0.9
95 0.94
100 1.22
105 0.74
110 0.72
115 0.58
120 0.84
125 0.6
130 0.74
135 0.58
140 0.46
145 0.54
150 0.52
155 0.62
160 0.44
165 0.4
170 0.52
175 0.42
180 0.46
185 0.36
190 0.54
195 0.22
200 0.28
205 0.28
210 0.42
215 0.38
220 0.24
225 0.18
230 0.36
235 0.26
240 0.28
245 0.18
250 0.38
255 0.14
260 0.22
265 0.24
270 0.3
275 0.22
280 0.24
285 0.16
290 0.28
295 0.1
300 0.34
305 0.22
310 0.2
315 0.12
320 0.2
325 0.26
330 0.2
335 0.16
340 0.16
345 0.18
350 0.26
355 0.12
360 0.12
365 0.22
370 0.06
375 0.22
380 0.26
385 0.08
390 0.1
395 0.16
400 0.3
405 0.1
410 0.14
415 0.12
420 0.18
425 0.18
430 0.18
435 0.08
440 0.14
445 0.18
450 0.12
455 0.14
460 0.18
465 0.12
470 0.12
475 0.16
480 0.12
485 0.1
490 0.06
495 0.22
6891 20.42
5 0.92
10 4.34
15 3.62
20 4.74
25 3.6
30 2.92
35 4.04
40 4.24
45 3.78
50 2.8
55 2.04
60 2.5
65 1.82
70 1.66
75 1.7
80 1.36
85 1.16
90 1.2
95 1.06
100 1.02
105 0.98
110 0.92
115 0.82
120 0.74
125 0.84
130 0.68
135 0.8
140 0.42
145 0.64
150 0.54
155 0.66
160 0.64
165 0.52
170 0.48
175 0.42
180 0.46
185 0.74
190 0.58
195 0.36
200 0.24
205 0.4
210 0.56
215 0.42
220 0.34
225 0.32
230 0.32
235 0.3
240 0.34
245 0.42
250 0.3
255 0.2
260 0.26
265 0.54
270 0.2
275 0.2
280 0.26
285 0.32
290 0.34
295 0.14
300 0.2
305 0.3
310 0.22
315 0.22
320 0.16
325 0.16
330 0.24
335 0.22
340 0.14
345 0.16
350 0.2
355 0.18
360 0.22
365 0.12
370 0.24
375 0.12
380 0.08
385 0.16
390 0.24
395 0.16
400 0.14
405 0.08
410 0.16
415 0.14
420 0.14
425 0.2
430 0.08
435 0.1
440 0.16
445 0.2
450 0.14
455 0.08
460 0.18
465 0.14
470 0.14
475 0.12
480 0.12
485 0.14
490 0.1
495 0.2
9967 24.32
5 0.88
10 5.2
15 4.78
20 5.48
25 4.52
30 4.42
35 4.8
40 5.1
45 3.92
50 3.46
55 2.94
60 2.48
65 2.16
70 1.92
75 2
80 1.22
85 1.44
90 1.04
95 1.48
100 1.14
105 1.14
110 0.76
115 0.76
120 0.84
125 0.82
130 0.86
135 0.74
140 0.6
145 0.6
150 0.76
155 0.48
160 0.58
165 0.62
170 0.44
175 0.6
180 0.48
185 0.42
190 0.42
195 0.4
200 0.32
205 0.38
210 0.48
215 0.22
220 0.5
225 0.26
230 0.32
235 0.24
240 0.38
245 0.34
250 0.28
255 0.28
260 0.16
265 0.32
270 0.24
275 0.18
280 0.22
285 0.3
290 0.18
295 0.28
300 0.16
305 0.22
310 0.12
315 0.26
320 0.2
325 0.28
330 0.04
335 0.2
340 0.2
345 0.24
350 0.16
355 0.12
360 0.16
365 0.16
370 0.06
375 0.12
380 0.22
385 0.14
390 0.12
395 0.08
400 0.14
405 0.18
410 0.06
415 0.2
420 0.1
425 0.16
430 0.12
435 0.12
440 0.18
445 0.06
450 0.14
455 0.14
460 0.1
465 0.14
470 0.18
475 0.06
480 0.1
485 0.14
490 0.2
495 0.08
5962 15.56
5 1.24
10 5.34
15 5.68
20 4.86
25 4.26
30 5.38
35 4.98
40 4.88
45 4.32
50 3.88
55 2.62
60 2.24
65 1.92
70 2.02
75 1.44
80 1.58
85 1.18
90 1.26
95 1.06
100 1.02
105 0.96
110 0.68
115 0.9
120 0.64
125 0.84
130 0.44
135 0.7
140 0.54
145 0.72
150 0.54
155 0.5
160 0.32
165 0.52
170 0.44
175 0.56
180 0.32
185 0.28
190 0.36
195 0.38
200 0.4
205 0.26
210 0.28
215 0.36
220 0.3
225 0.28
230 0.36
235 0.22
240 0.32
245 0.3
250 0.2
255 0.26
260 0.18
265 0.22
270 0.26
275 0.22
280 0.2
285 0.16
290 0.18
295 0.22
300 0.2
305 0.18
310 0.12
315 0.16
320 0.16
325 0.14
330 0.14
335 0.22
340 0.12
345 0.14
350 0.16
355 0.14
360 0.18
365 0.08
370 0.12
375 0.12
380 0.18
385 0.16
390 0.08
395 0.04
400 0.18
405 0.18
410 0.16
415 0.08
420 0.1
425 0.12
430 0.16
435 0.1
440 0.06
445 0.14
450 0.14
455 0.06
460 0.12
465 0.12
470 0.16
475 0.06
480 0.04
485 0.16
490 0.16
495 0.12
4589 17.76
5 0.96
10 4.1
15 4.4
20 4.04
25 3.18
30 3.64
35 4.04
40 3.84
45 3.74
50 2.94
55 2.16
60 1.96
65 1.94
70 1.34
75 1.58
80 1.44
85 1.22
90 0.98
95 0.92
100 0.96
105 0.98
110 0.8
115 0.68
120 0.72
125 0.7
130 0.7
135 0.62
140 0.72
145 0.62
150 0.52
155 0.48
160 0.54
165 0.62
170 0.58
175 0.52
180 0.46
185 0.36
190 0.48
195 0.44
200 0.48
205 0.4
210 0.36
215 0.4
220 0.3
225 0.32
230 0.3
235 0.42
240 0.28
245 0.32
250 0.18
255 0.32
260 0.26
265 0.26
270 0.28
275 0.24
280 0.26
285 0.32
290 0.24
295 0.18
300 0.26
305 0.22
310 0.24
315 0.22
320 0.28
325 0.12
330 0.22
335 0.26
340 0.16
345 0.26
350 0.24
355 0.2
360 0.18
365 0.18
370 0.24
375 0.26
380 0.1
385 0.24
390 0.16
395 0.22
400 0.2
405 0.18
410 0.16
415 0.2
420 0.2
425 0.16
430 0.2
435 0.16
440 0.16
445 0.12
450 0.16
455 0.16
460 0.18
465 0.16
470 0.16
475 0.14
480 0.14
485 0.18
490 0.12
495 0.08
6385 25.48
5 0.84
10 4.48
15 3.94
20 4.48
25 3.48
30 3.76
35 4.02
40 4.08
45 3.62
50 3.16
55 2.34
60 1.9
65 2.14
70 1.48
75 1.42
80 1.52
85 1.02
90 1.04
95 1.04
100 0.94
105 0.98
110 0.92
115 0.58
120 0.72
125 0.56
130 0.84
135 0.66
140 0.6
145 0.44
150 0.66
155 0.68
160 0.5
165 0.5
170 0.36
175 0.42
180 0.56
185 0.4
190 0.48
195 0.22
200 0.44
205 0.44
210 0.26
215 0.36
220 0.34
225 0.4
230 0.34
235 0.22
240 0.3
245 0.42
250 0.28
255 0.26
260 0.28
265 0.24
270 0.32
275 0.46
280 0.24
285 0.18
290 0.24
295 0.34
300 0.28
305 0.28
310 0.18
315 0.24
320 0.34
325 0.28
330 0.24
335 0.2
340 0.24
345 0.24
350 0.28
355 0.16
360 0.26
365 0.26
370 0.18
375 0.26
380 0.24
385 0.14
390 0.2
395 0.3
400 0.22
405 0.24
410 0.22
415 0.2
420 0.26
425 0.2
430 0.24
435 0.2
440 0.26
445 0.16
450 0.2
455 0.18
460 0.22
465 0.2
470 0.22
475 0.18
480 0.18
485 0.28
490 0.16
495 0.18
3928 22.86
5 1.12
10 5.78
15 5.76
20 6.06
25 4.32
30 4.98
35 5.54
40 5.7
45 4.38
50 3.72
55 2.66
60 2.4
65 2.22
70 1.92
75 1.48
80 1.56
85 1.2
90 1.22
95 1.28
100 0.98
105 1.02
110 1.06
115 0.84
120 0.96
125 0.66
130 0.78
135 0.84
140 0.74
145 0.5
150 0.52
155 0.8
160 0.62
165 0.64
170 0.48
175 0.42
180 0.62
185 0.44
190 0.52
195 0.48
200 0.38
205 0.36
210 0.46
215 0.34
220 0.48
225 0.3
230 0.38
235 0.32
240 0.36
245 0.32
250 0.3
255 0.36
260 0.16
265 0.26
270 0.3
275 0.26
280 0.22
285 0.24
290 0.14
295 0.36
300 0.18
305 0.2
310 0.22
315 0.22
320 0.34
325 0.12
330 0.22
335 0.18
340 0.2
345 0.22
350 0.24
355 0.08
360 0.1
365 0.22
370 0.18
375 0.18
380 0.1
385 0.14
390 0.12
395 0.12
400 0.2
405 0.12
410 0.08
415 0.14
420 0.1
425 0.14
430 0.12
435 0.1
440 0.16
445 0.08
450 0.12
455 0.12
460 0.08
465 0.12
470 0.08
475 0.04
480 0.14
485 0.08
490 0.06
495 0.06
4224 10.76
5 1.2
10 4.46
15 5.68
20 5.88
25 4.88
30 4.78
35 4.56
40 5.28
45 4.96
50 3.62
55 3.08
60 2.46
65 2.2
70 1.82
75 1.7
80 1.56
85 1.32
90 1.3
95 1.16
100 1.18
105 0.84
110 0.96
115 0.98
120 0.92
125 0.7
130 0.72
135 0.62
140 0.74
145 0.7
150 0.42
155 0.58
160 0.56
165 0.54
170 0.52
175 0.34
180 0.5
185 0.54
190 0.3
195 0.34
200 0.36
205 0.42
210 0.28
215 0.44
220 0.26
225 0.26
230 0.28
235 0.32
240 0.24
245 0.3
250 0.24
255 0.24
260 0.28
265 0.08
270 0.36
275 0.34
280 0.18
285 0.12
290 0.14
295 0.3
300 0.24
305 0.18
310 0.12
315 0.2
320 0.2
325 0.18
330 0.02
335 0.18
340 0.16
345 0.22
350 0.1
355 0.06
360 0.16
365 0.18
370 0.14
375 0.14
380 0.12
385 0.12
390 0.16
395 0.08
400 0.12
405 0.12
410 0.06
415 0.16
420 0.1
425 0.04
430 0.1
435 0.12
440 0.06
445 0.06
450 0.14
455 0.06
460 0.08
465 0.04
470 0.12
475 0.06
480 0.1
485 0.04
490 0.04
495 0.12
4396 14.96
5 1.02
10 5.22
15 5.28
20 5.08
25 4.12
30 4.78
35 4.64
40 4.58
45 4.5
50 3.68
55 3.1
60 2.38
65 1.94
70 1.52
75 1.78
80 1.5
85 1.32
90 1.1
95 1.36
100 0.96
105 0.84
110 0.96
115 0.98
120 0.8
125 0.9
130 0.56
135 0.9
140 0.68
145 0.82
150 0.46
155 0.68
160 0.58
165 0.68
170 0.52
175 0.3
180 0.64
185 0.46
190 0.38
195 0.36
200 0.48
205 0.4
210 0.3
215 0.38
220 0.28
225 0.3
230 0.34
235 0.28
240 0.22
245 0.3
250 0.22
255 0.26
260 0.28
265 0.2
270 0.3
275 0.22
280 0.22
285 0.18
290 0.22
295 0.3
300 0.18
305 0.2
310 0.16
315 0.24
320 0.2
325 0.18
330 0.18
335 0.12
340 0.28
345 0.18
350 0.12
355 0.16
360 0.26
365 0.16
370 0.16
375 0.16
380 0.16
385 0.16
390 0.2
395 0.06
400 0.18
405 0.18
410 0.1
415 0.18
420 0.2
425 0.1
430 0.06
435 0.12
440 0.14
445 0.24
450 0.06
455 0.04
460 0.06
465 0.3
470 0.16
475 0.06
480 0.06
485 0.08
490 0.26
495 0.14
2419 15.72
5 1.48
10 6.56
15 5.72
20 6.16
25 4.46
30 5.28
35 5.88
40 5.4
45 4.72
50 3.52
55 3.2
60 2.72
65 2.1
70 2
75 1.54
80 1.78
85 1.16
90 1.22
95 1.16
100 1.4
105 0.92
110 0.88
115 0.8
120 0.96
125 0.8
130 0.66
135 0.64
140 0.88
145 0.76
150 0.52
155 0.36
160 0.68
165 0.62
170 0.46
175 0.44
180 0.36
185 0.52
190 0.36
195 0.44
200 0.44
205 0.32
210 0.24
215 0.4
220 0.34
225 0.28
230 0.22
235 0.32
240 0.28
245 0.26
250 0.28
255 0.14
260 0.26
265 0.28
270 0.2
275 0.16
280 0.18
285 0.24
290 0.24
295 0.2
300 0.22
305 0.16
310 0.26
315 0.14
320 0.16
325 0.18
330 0.2
335 0.16
340 0.28
345 0.06
350 0.12
355 0.16
360 0.18
365 0.12
370 0.22
375 0.14
380 0.1
385 0.16
390 0.14
395 0.28
400 0.04
405 0.1
410 0.18
415 0.22
420 0.16
425 0.08
430 0.16
435 0.16
440 0.12
445 0.12
450 0.12
455 0.12
460 0.14
465 0.08
470 0.06
475 0.14
480 0.12
485 0.14
490 0.14
495 0.1
3514 9.26
5 0.9
10 4.14
15 4
20 3.96
25 3.1
30 3.32
35 3.5
40 3.84
45 3.02
50 2.92
55 2.14
60 1.96
65 1.98
70 1.24
75 1.6
80 1.16
85 1.06
90 0.76
95 1.22
100 0.78
105 0.82
110 1.02
115 0.7
120 0.8
125 0.6
130 0.76
135 0.66
140 0.64
145 0.54
150 0.58
155 0.5
160 0.54
165 0.4
170 0.56
175 0.38
180 0.54
185 0.3
190 0.44
195 0.44
200 0.28
205 0.34
210 0.44
215 0.36
220 0.38
225 0.22
230 0.32
235 0.34
240 0.38
245 0.2
250 0.24
255 0.38
260 0.22
265 0.22
270 0.28
275 0.28
280 0.28
285 0.2
290 0.26
295 0.1
300 0.2
305 0.3
310 0.24
315 0.26
320 0.18
325 0.18
330 0.24
335 0.22
340 0.28
345 0.26
350 0.16
355 0.22
360 0.14
365 0.28
370 0.16
375 0.32
380 0.14
385 0.1
390 0.22
395 0.18
400 0.12
405 0.2
410 0.22
415 0.14
420 0.14
425 0.12
430 0.2
435 0.22
440 0.16
445 0.12
450 0.18
455 0.14
460 0.18
465 0.24
470 0.14
475 0.12
480 0.1
485 0.2
490 0.18
495 0.2
5108 28.86
5 1
10 4.12
15 4.18
20 4.24
25 3.82
30 3.72
35 4.18
40 3.86
45 3.82
50 3.14
55 2.5
60 2.24
65 1.88
70 1.74
75 1.3
80 1.4
85 1.46
90 1.1
95 1.08
100 1.02
105 0.82
110 0.84
115 0.86
120 0.9
125 0.62
130 0.76
135 0.52
140 0.72
145 0.54
150 0.56
155 0.52
160 0.48
165 0.58
170 0.42
175 0.44
180 0.3
185 0.36
190 0.34
195 0.44
200 0.2
205 0.34
210 0.36
215 0.26
220 0.18
225 0.26
230 0.42
235 0.26
240 0.24
245 0.2
250 0.24
255 0.36
260 0.3
265 0.2
270 0.18
275 0.1
280 0.4
285 0.24
290 0.16
295 0.12
300 0.16
305 0.32
310 0.24
315 0.18
320 0.08
325 0.18
330 0.2
335 0.2
340 0.1
345 0.08
350 0.2
355 0.16
360 0.18
365 0.06
370 0.08
375 0.16
380 0.16
385 0.18
390 0.1
395 0.16
400 0.1
405 0.14
410 0.12
415 0.24
420 0.08
425 0.1
430 0.08
435 0.14
440 0.2
445 0.1
450 0.1
455 0.14
460 0.1
465 0.12
470 0.12
475 0.18
480 0.1
485 0.06
490 0.16
495 0.12
9641 26.48
5 1.34
10 5.68
15 5.48
20 5.98
25 4.42
30 4.64
35 5.32
40 5.54
45 4.48
50 3.54
55 2.54
60 2.5
65 2.22
70 1.54
75 1.76
80 1.44
85 1.28
90 1.38
95 0.96
100 1.22
105 1.16
110 0.82
115 0.82
120 0.78
125 0.82
130 0.84
135 0.62
140 0.66
145 0.62
150 0.62
155 0.42
160 0.42
165 0.7
170 0.6
175 0.32
180 0.26
185 0.52
190 0.38
195 0.52
200 0.22
205 0.42
210 0.3
215 0.4
220 0.34
225 0.26
230 0.32
235 0.3
240 0.34
245 0.26
250 0.26
255 0.28
260 0.28
265 0.3
270 0.26
275 0.28
280 0.2
285 0.36
290 0.14
295 0.18
300 0.16
305 0.24
310 0.3
315 0.14
320 0.1
325 0.18
330 0.2
335 0.2
340 0.1
345 0.24
350 0.1
355 0.2
360 0.12
365 0.18
370 0.12
375 0.24
380 0.1
385 0.08
390 0.14
395 0.2
400 0.2
405 0.06
410 0.16
415 0.1
420 0.12
425 0.14
430 0.08
435 0.16
440 0.12
445 0.08
450 0.14
455 0.14
460 0.06
465 0.16
470 0.12
475 0.08
480 0.08
485 0.06
490 0.16
495 0.16
3445 13.42
