5
5
6
6
8
9
23
5
20
18
17
5
19
16
7
5
6
12
39
5
14
64
6
18
21
24
34
5
73
6
7
5
34
8
23
6
85
28
25
32
10
36
50
19
38
18
21
15
8
121
5
125
9
6
39
26
6
100
6
53
5
24
38
61
9
35
84
13
43
57
14
17
24
11
42
55
6
9
175
100
14
45
229
24
99
29
6
11
177
14
102
68
23
7
189
59
28
31
78
31
35
5
5
16
267
37
13
319
78
48
335
295
34
48
67
9
7
5
155
14
26
245
5
26
298
248
14
12
252
192
11
227
247
177
6
108
41
223
211
105
10
13
12
92
302
60
168
10
134
26
218
305
451
5
388
13
312
8
118
24
472
138
13
20
21
283
17
79
480
96
12
6
179
196
35
93
26
48
41
28
175
8
13
50
319
148
78
43
600
252
147
539
410
553
447
308
253
375
68
504
519
335
314
302
364
124
334
477
201
276
314
96
584
168
545
466
590
103
282
224
288
225
258
543
359
597
643
644
300
173
531
559
478
149
548
158
433
364
244
321
379
159
329
552
255
627
470
255
632
446
343
508
440
244
382
513
268
244
264
244
506
300
229
479
396
490
484
790
597
286
424
481
285
412
351
324
317
498
775
494
364
275
758
333
457
658
323
814
563
562
760
475
476
314
434
758
463
432
748
837
808
755
448
792
769
690
618
605
468
616
698
548
401
767
364
460
519
772
365
692
816
587
546
567
909
473
439
872
726
606
526
450
393
593
415
658
561
514
559
565
567
564
962
470
904
872
863
699
890
753
474
876
914
678
927
866
633
764
531
535
713
672
972
511
547
802
923
935
903
926
907
693
857
899
767
833
782
701
761
530
681
668
764
741
582
594
638
762
1016
658
757
872
560
702
695
589
1126
1122
817
1051
1009
860
777
849
595
774
752
736
739
633
844
624
803
701
1196
1137
948
907
704
823
782
1047
939
1189
1130
952
928
927
794
1223
1221
1080
1019
847
843
1251
799
963
775
995
1189
911
1362
910
1281
991
1296
1259
1288
1347
1146
1239
1273
975
832
1163
1009
965
1202
1164
1032
1364
1031
1195
915
1232
1148
1371
1241
1089
1045
986
1225
1490
1143
1448
1181
1141
1003
1375
1361
1517
1471
1384
1263
1550
1260
1432
1157
1126
1975
1929
1818
1797
1630
1605
2103
1971
1806
1678
5
5
5
7
5
5
5
8
11
13
8
19
9
20
7
16
8
21
6
5
13
8
5
15
20
11
10
34
6
7
7
29
8
6
6
29
24
22
69
22
47
30
37
6
7
5
41
81
18
59
6
52
73
61
5
40
5
15
14
14
45
47
10
6
7
64
24
5
5
16
6
6
32
6
26
14
10
27
32
169
143
20
10
5
13
10
13
64
51
163
31
20
57
36
27
32
8
17
158
47
88
28
18
6
135
33
108
6
89
220
18
12
112
222
46
8
26
212
208
13
14
17
144
78
154
182
5
119
10
57
212
48
33
98
5
211
5
134
6
193
111
147
88
34
6
205
26
118
114
16
30
37
12
238
21
57
56
25
408
143
5
16
96
21
5
28
14
16
139
12
131
5
5
18
18
16
5
45
273
12
20
85
7
269
145
44
504
7
116
30
344
18
26
71
13
85
50
60
67
36
77
21
24
72
33
42
35
20
55
71
207
35
89
18
213
5
130
110
220
73
21
177
43
29
19
442
35
467
188
9
291
93
41
364
58
80
117
199
133
361
260
256
143
310
124
73
198
148
288
100
87
92
255
237
505
148
398
165
542
273
164
408
133
591
151
433
145
424
547
745
219
296
322
238
363
351
203
327
207
418
201
369
362
291
323
779
278
569
257
587
258
637
675
627
381
751
658
623
595
820
183
593
572
489
271
402
512
460
238
382
280
589
286
844
364
592
406
294
555
778
327
565
580
556
521
759
546
336
531
298
662
510
387
294
512
453
346
415
484
452
371
724
942
506
470
427
362
360
429
348
311
840
404
358
791
484
525
819
588
928
557
857
478
777
470
474
618
742
909
535
827
699
742
750
664
684
519
610
902
466
739
812
1055
867
549
721
753
668
453
701
537
831
682
730
621
611
768
476
1099
933
1051
907
696
979
681
1003
595
574
553
848
710
1007
713
1122
1068
571
751
1115
979
659
1077
960
717
854
700
771
699
918
804
599
792
593
1186
952
1103
876
1082
730
966
955
1251
907
1026
734
1133
831
643
686
725
1132
873
1310
1143
1115
1206
1087
1097
814
812
1302
1168
988
856
811
853
755
1173
883
949
858
1082
952
1478
1379
1271
1011
1518
1391
1214
1104
1084
1274
1634
1597
1451
1156
1011
1367
1291
1206
1664
1486
1382
1328
1890
1848
1477
1367
1657
1488
6
7
5
5
12
21
20
19
24
5
32
41
20
6
13
22
31
49
31
10
19
21
31
56
17
5
14
65
50
75
29
6
26
5
82
19
89
8
5
27
12
9
5
54
77
69
18
25
6
53
6
99
23
29
101
15
18
126
169
48
76
8
20
53
188
19
21
29
38
191
56
222
10
151
34
23
33
22
6
36
68
13
81
13
58
56
73
17
7
13
130
5
22
20
9
5
217
5
95
5
6
186
141
95
31
5
284
232
61
10
29
59
6
20
202
159
11
38
33
6
61
29
5
25
259
42
5
246
251
5
12
36
61
30
18
205
14
85
234
18
31
87
13
160
194
28
10
30
21
105
105
102
49
178
6
87
58
275
92
19
396
71
169
35
9
5
28
31
107
192
49
37
11
86
122
65
80
241
364
38
241
113
5
428
73
362
53
33
357
7
461
82
242
67
8
5
12
51
10
56
8
422
9
338
505
368
17
436
30
81
13
257
6
11
71
180
6
20
426
265
211
495
347
527
19
6
204
20
38
205
83
359
37
39
553
391
53
370
274
112
60
268
439
134
83
380
83
80
99
152
348
281
186
96
244
189
168
621
417
134
256
457
503
397
546
432
208
334
208
396
409
341
305
186
324
793
245
489
208
357
230
235
765
158
654
653
624
385
640
193
653
480
620
195
467
214
338
547
632
582
472
725
441
688
870
440
673
305
364
883
867
536
486
873
868
806
370
790
372
853
329
701
499
730
656
290
382
513
829
390
491
356
905
419
469
819
350
929
386
420
788
742
720
594
694
596
318
402
398
795
382
701
324
432
976
480
380
666
427
952
898
611
439
881
1009
653
978
510
514
542
492
1055
463
451
797
909
560
906
505
694
1027
698
1014
640
549
598
472
444
431
1021
951
896
1129
885
842
817
771
806
995
739
702
811
550
804
493
680
650
515
1044
1040
897
1020
625
998
594
953
741
1166
741
1083
1020
748
1069
706
1018
932
1219
685
844
724
1221
1119
1163
733
1198
699
805
873
802
1047
635
746
739
882
852
734
974
834
849
759
1127
945
771
1246
1231
1219
1165
1141
1094
1052
1342
1163
1054
1095
1056
1285
1059
1141
834
1143
996
1128
1382
1049
1276
1046
910
1237
1231
1096
1085
1014
1272
1021
1603
1147
1383
1083
1182
984
1057
1037
1016
1845
1488
1423
1389
1379
1266
1244
5
5
5
7
12
12
5
13
6
10
8
13
35
15
37
13
34
20
8
5
54
8
41
35
22
13
77
18
97
6
6
23
29
78
26
8
5
6
35
34
52
41
40
67
126
12
77
52
13
40
11
39
14
13
7
15
55
88
101
78
160
23
133
18
30
8
88
6
204
71
11
144
16
10
62
25
110
225
5
194
223
38
21
41
35
177
136
11
48
148
161
19
120
16
23
220
25
39
46
91
26
242
5
282
13
47
227
358
20
11
117
40
130
13
20
82
46
213
207
161
149
197
18
13
17
119
5
78
13
118
394
427
132
362
157
197
121
75
164
5
28
15
119
246
266
38
101
23
304
63
429
8
184
7
134
316
62
177
71
104
121
76
5
5
64
132
91
252
122
32
272
99
64
16
170
43
218
245
34
81
9
22
11
147
210
8
29
328
527
16
333
5
45
173
5
207
85
33
279
437
45
280
13
525
207
6
384
48
11
11
362
334
60
390
332
369
52
365
289
443
609
524
236
106
216
59
237
260
594
64
81
597
490
418
81
438
402
253
147
390
282
496
216
476
716
465
407
522
151
279
265
427
250
562
150
397
201
778
729
459
265
651
442
322
670
277
166
364
158
284
725
620
200
280
559
340
613
653
242
542
204
264
413
457
822
208
426
758
313
600
665
558
372
720
264
699
577
672
649
347
614
635
578
660
348
355
369
438
305
715
510
402
308
344
271
640
879
365
562
784
554
784
602
547
653
565
518
443
628
308
968
312
544
725
772
623
653
481
770
570
714
791
393
528
388
472
781
588
723
476
730
474
692
540
476
462
694
402
466
454
535
392
531
822
725
507
614
608
1050
607
438
707
565
979
488
544
801
761
1100
523
895
1081
784
734
971
617
911
678
767
547
743
749
653
750
574
526
531
1097
984
894
896
789
785
774
1023
698
737
585
1054
975
873
801
786
705
984
918
1059
914
855
748
748
757
667
705
656
1259
656
1169
921
645
909
708
1235
1004
1285
763
1207
735
997
726
1086
1046
890
890
1136
937
1271
1124
989
839
916
845
1059
1230
1133
1024
875
858
1284
982
1370
920
1320
1489
1328
1147
1076
1537
1449
1121
1506
1177
1020
928
1473
1287
1166
1131
1121
970
1446
1299
1405
1383
1202
1073
1767
1747
1739
1722
1402
1270
1967
1735
1710
1709
1663
1590
1536
2039
5
6
9
11
17
9
6
6
11
10
5
6
24
10
5
6
30
29
6
9
27
55
62
81
26
9
6
30
28
43
42
14
13
95
82
11
18
26
6
79
17
6
127
41
28
37
110
6
16
6
12
106
11
46
6
5
6
6
76
17
33
64
65
201
9
6
45
28
6
5
63
14
50
118
51
7
162
6
81
134
101
56
7
168
14
23
6
75
100
13
272
83
20
244
56
29
247
117
17
41
83
242
232
301
63
183
52
215
5
48
96
74
95
8
8
302
13
26
38
63
53
257
293
41
25
190
22
6
263
11
238
260
81
28
26
424
20
8
384
50
32
386
35
364
392
10
375
171
365
257
132
342
6
5
205
66
122
21
109
6
41
224
7
36
140
71
85
329
46
57
529
237
55
313
294
30
15
196
47
90
11
389
449
7
30
122
83
116
13
14
393
321
141
175
393
100
83
54
209
457
222
30
389
308
162
647
185
292
50
41
375
45
96
249
648
206
628
241
431
290
535
241
268
225
114
316
223
584
688
185
138
160
420
249
588
176
614
166
174
590
439
142
515
231
302
216
265
243
625
145
311
462
491
574
380
192
199
328
282
616
384
513
250
276
276
450
250
448
231
460
520
407
207
334
367
524
516
253
745
255
635
653
251
640
605
860
532
644
847
647
511
266
631
490
547
467
417
267
295
835
308
820
498
798
684
890
486
762
734
703
647
402
570
570
651
512
586
493
477
532
495
902
756
331
792
361
653
398
904
522
362
663
802
445
527
727
434
433
480
843
644
999
501
800
488
743
922
721
752
688
639
553
415
396
854
476
420
745
730
882
959
728
623
430
799
504
543
497
559
581
699
492
846
561
815
468
623
567
480
935
908
648
719
497
1076
817
1057
1021
1031
638
1116
1064
769
811
575
599
567
934
549
891
552
565
916
716
540
860
815
715
831
792
962
667
826
739
785
881
749
719
688
611
697
660
1076
862
734
702
638
696
1248
1038
1216
979
1160
726
936
931
991
970
810
826
979
1345
1167
1061
803
1273
1149
851
1220
1036
1393
904
1118
1087
974
960
958
1310
1159
1112
1462
1066
1333
982
1313
913
1288
871
1195
1192
1272
1268
1107
1074
1317
1272
1430
1255
1130
1026
1443
1326
1099
1084
994
1601
1521
1911
1634
1524
1518
1800
1538
2262
2189
2172
1978
1975
1776
1701
5
5
5
5
5
5
7
9
5
11
6
5
9
5
33
5
24
43
21
31
12
11
6
14
72
5
22
13
42
74
36
13
70
83
26
9
20
7
40
42
8
11
101
23
22
6
104
109
95
32
98
6
24
66
5
44
15
101
53
5
24
31
92
31
102
11
145
35
157
84
66
9
179
5
84
13
107
10
83
221
12
6
154
13
5
118
6
20
51
12
113
32
15
30
13
8
102
92
46
26
48
46
66
23
31
31
46
193
27
16
194
13
23
6
23
270
64
11
102
25
5
49
133
99
27
155
26
15
133
15
38
25
91
13
93
219
10
83
69
65
42
44
119
64
99
42
157
66
67
6
5
9
455
12
82
18
480
425
23
32
15
415
12
62
75
9
9
27
473
227
145
47
12
6
69
216
15
292
5
9
313
542
38
13
47
109
8
6
62
218
7
39
30
57
12
101
56
25
51
126
91
66
419
106
404
421
14
32
605
5
12
24
67
304
593
18
623
10
623
461
619
130
5
87
134
6
369
13
140
229
6
11
222
19
468
467
444
478
428
399
84
154
156
366
652
497
387
303
393
368
484
659
136
356
277
318
310
643
377
81
384
350
262
253
196
193
178
496
115
390
162
300
501
303
218
210
307
481
284
271
279
717
230
196
576
707
182
224
439
399
571
269
540
411
536
218
414
353
404
470
197
686
491
573
335
452
441
332
212
410
425
339
365
235
379
263
237
406
280
360
494
297
322
369
872
658
717
818
348
659
407
593
397
413
409
309
301
292
454
577
542
415
370
777
614
955
962
765
573
530
525
393
953
471
456
908
783
833
359
678
352
619
664
550
566
623
498
447
708
822
760
684
576
851
411
701
818
1016
658
884
613
569
829
639
699
434
559
1066
982
934
889
666
751
653
911
814
778
588
893
770
687
943
637
889
520
583
809
541
532
857
757
916
677
896
547
754
556
988
960
936
1011
1013
783
836
754
1302
1128
747
716
717
998
958
865
1122
798
1093
947
1399
1360
1325
821
1135
1122
1024
1262
1009
895
1233
1108
1002
1296
1256
1239
1159
1116
876
1524
1190
1560
1040
1488
1372
1362
1361
1135
1578
1578
1440
1432
1590
1309
1443
1250
1001
1080
1618
1094
1479
1476
1297
1743
1670
1582
1434
1248
1170
1783
1537
1806
1582
1527
1481
1458
1388
1296
1999
1959
1731
1487
1409
8
9
9
8
20
9
26
18
29
31
5
16
39
6
10
5
30
5
9
14
18
10
20
13
64
27
105
23
10
34
44
18
41
26
12
137
5
121
155
64
12
5
105
43
57
53
8
64
179
57
134
204
99
132
11
36
175
72
53
84
133
190
20
85
5
19
99
60
262
81
23
262
75
45
45
24
5
158
12
226
52
28
162
85
151
83
249
37
150
31
5
144
249
9
9
268
200
42
5
135
39
7
131
9
69
307
133
31
135
307
154
76
372
233
203
9
191
19
95
26
114
128
35
62
188
15
130
7
312
75
343
390
16
99
309
21
14
395
142
26
295
7
120
89
52
5
71
439
98
63
264
385
308
63
98
10
8
57
11
87
21
6
25
22
14
50
28
72
119
37
536
68
446
432
385
395
5
129
321
26
75
186
175
43
55
550
198
69
307
44
561
269
43
187
544
163
549
494
370
395
221
132
497
411
524
618
184
408
510
96
371
414
406
324
315
132
199
279
447
624
213
342
468
130
291
456
240
541
519
200
475
410
546
389
333
575
273
309
228
205
228
654
250
634
670
223
294
287
413
623
588
268
332
568
211
406
263
626
298
221
486
277
448
357
542
786
326
309
460
281
439
828
338
684
272
762
694
692
626
581
672
469
487
356
359
676
368
302
337
324
710
771
728
434
645
733
570
645
359
569
453
843
377
751
620
864
587
521
709
709
663
559
844
469
509
830
943
891
921
751
711
747
739
876
835
501
864
806
479
492
935
412
459
650
887
466
496
833
454
817
685
592
673
953
555
568
884
635
494
538
550
775
670
672
665
663
641
598
856
1094
779
1081
750
784
776
757
571
765
611
1082
875
1065
951
841
918
676
849
597
1082
1033
776
758
739
598
682
1152
1097
1081
1017
986
1134
815
1077
873
788
848
1061
820
915
792
940
932
1018
726
1169
1122
885
957
795
1227
746
1180
1289
1089
1293
1092
1244
918
1210
1123
933
933
894
786
857
758
832
851
807
1349
1239
977
1318
1277
987
884
1391
1332
1297
1286
1157
1131
897
1372
1326
1326
1309
1224
1248
1384
1190
1098
1207
892
1193
1088
1139
1083
1042
984
962
943
929
1465
1260
1360
1260
1505
1504
1266
1237
1187
1130
1076
1054
993
989
1533
1239
1356
1114
1115
1480
1132
1124
1098
1480
1343
1648
1415
2199
1942
1914
1716
1679
2203
2140
2060
1906
1829
5
5
5
5
13
5
19
8
9
13
28
6
19
16
9
31
20
19
19
23
35
14
49
12
71
10
52
56
38
5
78
79
68
29
111
94
6
13
103
16
65
16
5
14
23
18
48
76
15
13
6
126
11
52
30
16
67
23
14
119
17
27
26
6
11
171
29
125
25
15
5
5
6
165
7
145
54
7
83
35
216
81
130
6
10
33
11
14
49
154
149
5
119
5
5
57
67
176
10
60
50
43
35
83
16
50
40
5
85
45
13
6
9
155
34
18
19
31
290
6
197
53
357
41
6
68
5
21
36
11
46
34
138
22
77
333
53
21
105
35
282
5
11
318
9
319
372
29
18
5
5
438
40
83
13
16
8
5
8
5
5
148
20
344
6
99
52
41
9
43
50
22
277
28
281
235
197
49
49
136
17
11
20
306
221
11
6
28
5
159
8
69
275
5
15
300
407
16
23
20
499
51
7
31
8
36
71
366
301
5
12
59
49
229
28
194
173
664
11
14
40
36
308
107
267
98
293
207
86
67
62
523
405
674
567
201
529
61
483
426
207
347
331
232
402
333
359
114
276
105
171
105
354
102
288
171
141
354
437
719
354
132
232
237
670
157
198
754
477
207
410
276
231
232
396
343
491
803
303
325
456
172
378
217
243
188
510
290
668
340
564
242
292
352
339
270
562
527
818
255
240
524
635
218
243
559
422
625
235
600
358
860
607
287
517
271
372
813
282
291
812
518
285
436
304
800
756
718
675
662
724
789
837
301
445
446
415
411
760
816
408
814
366
377
491
502
385
401
770
376
365
664
590
686
596
585
505
562
371
509
1008
950
919
759
907
944
825
888
661
779
845
534
1002
777
916
749
725
554
938
490
930
686
657
1029
606
520
846
849
1103
887
1000
754
863
480
847
754
796
568
755
1043
557
1010
998
1131
998
863
1104
932
898
857
848
735
1016
794
1002
749
923
914
766
657
597
561
1226
878
1100
671
648
643
862
815
1182
794
1128
1173
862
784
787
1025
952
783
1207
1042
1230
1037
762
739
1104
1023
1204
1012
1343
993
1111
750
1317
1083
1087
871
992
1353
1023
1343
1234
1083
983
843
1323
1277
1248
1145
934
1470
1410
1378
1328
1041
1045
1290
1377
1103
1374
1078
1369
1236
1083
926
1221
1129
1446
1294
1613
1389
1229
1266
1229
1691
1295
1895
1819
1786
5
5
5
7
5
7
6
11
8
19
14
8
25
15
6
13
6
29
5
5
6
5
5
6
75
5
17
18
6
51
98
5
39
60
20
41
9
17
57
6
13
64
34
92
53
34
19
6
6
8
14
43
23
6
24
18
55
118
5
67
34
114
108
39
117
17
93
5
82
8
51
146
98
77
98
173
30
132
36
5
115
181
258
26
162
91
80
78
35
38
14
13
45
92
10
11
55
8
102
87
176
58
154
48
69
5
38
31
272
30
238
81
138
341
64
94
8
59
7
268
48
5
275
6
20
160
7
278
258
85
427
5
182
61
95
25
295
475
79
147
78
214
91
237
446
162
206
400
294
47
163
184
22
173
103
6
158
252
70
43
23
151
170
12
311
97
254
269
65
96
67
5
312
46
5
89
191
196
106
227
77
374
181
6
176
172
6
413
140
53
60
23
271
409
200
32
266
81
384
51
249
142
231
356
214
331
68
321
367
160
570
313
127
220
117
95
209
429
222
371
172
344
615
222
238
535
392
205
152
520
132
490
327
426
352
469
618
178
273
451
180
453
736
353
385
465
195
273
425
591
272
462
366
456
572
402
331
268
293
222
642
478
298
605
248
645
488
373
451
807
444
221
773
625
330
600
390
488
274
482
394
448
437
378
681
364
349
429
461
681
411
386
333
562
615
420
391
682
394
520
543
510
644
378
517
647
323
316
789
791
880
466
831
689
667
673
663
639
602
931
547
854
575
398
851
764
853
850
724
709
877
617
535
680
592
446
655
513
505
580
667
583
524
579
503
674
1013
524
493
748
915
488
447
799
909
541
786
737
633
665
755
637
735
870
619
532
497
770
606
565
954
676
534
550
509
937
748
821
1103
1091
712
982
1092
927
1053
733
778
816
655
570
945
876
842
824
652
1136
954
764
714
681
641
951
939
884
1001
670
853
1245
1187
1098
1041
910
996
863
999
1258
1016
1166
747
969
1103
823
742
1266
714
750
936
1263
759
1112
1197
773
929
1020
836
1192
905
868
1200
915
849
1396
1351
1354
1314
946
1437
910
1428
1412
907
1239
904
1158
1096
1009
1010
1334
1318
1170
1117
1567
1543
1388
1195
1194
1176
1082
1555
1504
1476
1328
1279
1708
1600
1517
1425
1415
1304
1849
1604
1956
1971
1891
1596
1824
1754
1698
1583
1568
1494
1942
1945
1858
1641
1627
2180
1829
1780
1726
5
5
5
5
9
13
16
7
17
8
14
9
5
32
11
45
11
5
32
5
19
39
26
21
18
13
8
21
78
41
79
30
52
5
56
9
12
73
18
18
60
11
110
5
34
110
6
63
15
5
69
87
54
36
81
150
125
126
121
6
59
39
64
53
72
8
69
131
5
23
168
163
38
10
79
5
134
83
241
37
9
26
23
70
23
15
259
190
99
5
115
226
137
14
5
192
300
274
61
181
132
10
178
19
173
77
177
22
5
86
238
83
14
57
19
178
144
15
18
310
59
160
57
155
162
407
395
284
5
23
5
23
85
34
79
17
22
179
68
336
113
193
412
5
5
65
5
9
245
207
84
183
24
5
57
183
5
9
452
6
29
460
93
424
5
419
341
14
458
149
5
26
11
413
55
36
52
311
40
217
16
532
321
286
5
301
202
304
535
357
8
258
261
237
59
570
128
244
88
29
283
97
463
576
205
551
616
21
495
100
478
47
302
511
305
214
417
373
140
263
124
328
74
149
335
78
383
122
312
86
537
708
275
260
645
280
445
375
441
381
493
734
279
432
257
609
283
505
717
133
267
479
351
437
598
249
720
382
239
321
586
367
499
171
541
396
625
197
229
502
557
651
236
497
355
788
473
788
205
319
658
534
437
638
641
386
312
805
639
781
262
247
629
801
614
538
726
430
691
283
435
437
484
448
306
435
450
370
457
809
481
753
375
284
319
845
367
328
832
485
810
634
652
725
606
643
423
461
676
747
781
612
425
374
687
461
661
557
417
569
495
418
592
525
580
439
543
461
963
740
623
484
541
650
488
563
454
978
950
640
993
833
637
615
765
481
556
935
833
494
1070
1036
965
676
512
938
717
806
1039
806
703
532
663
828
810
618
594
1141
752
1101
732
632
888
795
747
1027
680
582
585
990
1057
800
801
1146
595
1137
1121
995
956
950
945
1074
946
656
701
1194
688
1140
1095
1061
1008
888
782
758
1245
1222
957
1183
1305
1191
1043
1175
963
1303
791
964
775
809
744
743
739
1220
1192
853
1222
1382
1330
1211
1088
1412
1079
943
925
1183
1122
1299
1274
1252
1105
1398
1055
1357
870
1244
1053
1145
1446
1341
1412
1168
1398
1305
1558
1065
1548
1435
1398
1267
1232
1050
1300
1204
1120
1663
1633
1598
1566
1872
1349
1789
1707
1638
1599
1599
1453
2049
1748
1518
1522
1520
5
5
7
6
5
8
5
8
16
7
23
6
11
18
14
42
46
16
5
16
7
40
16
5
12
17
11
24
5
9
7
31
66
34
68
51
24
46
37
6
97
113
124
48
13
61
108
55
29
6
37
137
47
5
27
30
135
17
167
5
139
24
12
198
19
28
240
42
43
55
6
12
14
45
113
10
29
27
92
45
67
47
83
5
139
18
94
160
200
45
166
277
264
312
6
77
9
9
231
299
90
253
14
134
280
336
293
80
182
207
151
185
158
12
136
35
38
208
37
125
255
133
115
9
394
128
124
91
272
94
182
16
8
143
48
187
365
114
65
161
389
291
63
6
32
22
20
6
127
95
29
418
110
124
492
36
76
97
299
61
185
378
28
165
5
8
87
32
83
176
171
382
63
14
17
25
228
354
13
89
135
24
176
336
378
181
5
17
340
359
312
395
223
483
313
424
468
213
271
351
140
178
61
459
328
40
102
103
376
358
64
321
125
348
251
322
148
254
284
447
104
311
279
674
112
236
522
140
286
297
223
271
637
359
613
274
554
274
172
142
539
223
275
174
576
305
471
362
398
303
512
266
208
438
217
234
421
411
197
561
182
304
431
302
516
703
259
642
210
566
783
319
537
648
525
377
438
485
315
301
629
454
273
576
338
359
471
275
615
360
473
590
342
423
424
311
856
318
606
601
511
827
730
479
574
809
395
791
481
573
804
377
654
772
900
509
712
571
363
402
607
636
889
402
468
510
396
535
398
712
546
424
831
919
394
448
921
760
902
613
763
900
563
972
493
716
840
859
789
401
616
520
577
485
506
664
438
548
985
480
780
452
549
547
458
885
452
816
814
873
772
848
552
727
614
532
702
921
945
647
660
563
560
797
568
689
621
500
807
928
1011
741
630
966
826
971
676
608
739
727
705
791
532
1177
1102
762
1153
692
1152
1054
992
1031
700
1002
1055
897
888
877
671
851
748
1202
1086
1014
952
1170
1125
692
923
1076
832
805
809
853
1246
1249
1162
1104
992
900
802
790
725
1016
893
981
793
1324
1285
1271
1198
921
1076
969
904
1144
989
981
884
1428
1374
902
1216
1406
1407
1032
929
901
903
1215
1421
1390
1366
1074
1320
1062
1030
1558
1452
1421
1408
1133
1022
1476
1472
1402
1365
1205
1084
1055
1753
1757
1558
1433
1864
1729
2110
1954
1860
1691
5
7
12
15
12
6
16
5
13
10
26
8
18
9
26
24
36
5
8
8
45
18
6
5
17
5
10
9
24
6
11
29
30
24
64
11
67
7
27
14
55
31
6
86
8
62
26
6
8
42
5
36
55
5
64
13
12
13
12
34
34
26
29
12
46
9
29
9
116
33
5
85
33
55
37
16
11
39
8
28
5
53
36
17
150
8
5
9
139
27
245
29
20
76
63
99
153
13
23
69
68
9
89
16
50
20
48
60
8
78
187
5
30
77
298
60
5
29
174
6
6
297
12
197
14
235
6
17
234
77
195
13
14
26
86
6
31
18
206
147
15
22
263
22
234
350
22
23
225
206
97
70
5
47
19
5
19
43
243
40
385
472
33
283
39
206
133
382
121
13
116
10
9
335
5
18
70
73
39
19
20
475
467
464
170
366
13
9
42
5
95
50
16
12
5
376
19
26
158
45
28
59
139
5
164
14
18
113
7
598
36
409
291
6
216
12
499
122
484
296
212
146
177
397
331
57
216
82
52
88
194
142
31
125
174
27
80
598
57
523
140
66
398
668
174
637
78
263
192
99
650
256
177
246
128
754
176
223
96
591
192
153
132
345
296
523
628
462
305
528
444
517
220
313
227
279
607
264
227
214
165
762
560
689
792
840
487
609
583
475
450
429
434
634
616
583
564
334
325
384
278
509
386
558
664
714
563
757
462
388
482
359
502
279
563
807
348
685
453
266
405
501
325
678
449
654
746
329
539
333
434
822
513
307
508
803
494
848
793
870
594
499
842
582
313
503
619
320
545
820
491
357
472
784
429
607
682
555
455
784
786
555
572
471
770
912
824
441
777
993
581
619
497
799
481
971
761
886
724
869
867
1013
835
837
677
712
630
433
716
960
735
568
698
491
657
988
547
974
942
892
768
865
687
730
663
716
706
874
816
595
762
754
655
995
846
999
807
959
1004
915
608
918
760
1141
727
984
717
851
733
657
1225
727
657
608
1129
973
787
651
1311
1296
1234
1181
705
1200
1025
851
1005
717
858
859
1352
1205
763
1163
919
1307
703
1032
958
1082
1067
888
1323
1213
1020
888
1098
1350
1438
1254
866
1007
878
1109
996
1342
1508
1000
1222
936
1127
1494
1476
1479
1468
1451
1312
1666
1420
1393
1371
1044
2022
1709
1589
1494
1402
1391
2035
1572
5
5
5
7
8
5
5
5
6
9
6
7
9
5
22
5
17
5
24
6
34
11
27
17
18
12
55
26
12
9
17
36
18
10
12
86
113
10
116
99
12
34
37
9
22
127
15
50
106
21
11
65
5
25
25
6
176
13
85
8
14
26
196
104
44
25
13
23
99
62
138
50
68
84
59
45
27
61
83
124
47
242
256
66
115
49
12
76
226
5
6
159
177
6
94
164
87
6
77
20
136
15
8
137
5
35
140
114
195
5
118
19
300
28
142
172
28
80
176
202
49
251
20
9
6
5
398
16
155
19
237
12
98
141
24
28
178
24
138
10
26
95
98
33
201
51
15
322
13
275
8
5
31
24
14
36
277
272
444
6
252
22
77
265
67
136
33
27
391
371
405
12
186
163
70
192
168
88
329
166
183
79
118
71
40
169
498
27
141
287
31
33
18
231
65
269
350
39
223
9
59
335
98
281
506
25
486
179
434
61
87
165
526
67
113
65
612
292
178
182
287
130
578
290
252
568
134
334
477
244
124
300
273
186
99
180
117
583
603
630
404
601
247
258
682
334
548
245
463
328
672
151
446
751
677
228
617
421
339
175
516
196
580
199
561
738
426
703
547
674
578
283
511
399
744
468
327
767
297
405
698
465
233
337
269
729
272
572
576
528
373
432
296
387
807
264
779
505
505
452
402
352
877
309
306
476
667
887
366
568
654
355
371
492
843
459
788
728
729
593
497
484
647
401
439
408
497
445
441
412
440
477
384
543
795
643
1006
942
747
691
1005
669
678
784
707
511
703
721
535
671
752
688
670
568
720
502
518
636
603
558
807
516
960
1012
910
1006
748
786
900
882
776
879
1084
656
959
602
893
746
872
923
702
530
894
677
876
745
714
725
970
866
898
600
712
561
1021
654
878
644
1054
1026
852
725
660
636
901
1225
900
1220
1153
791
1187
1096
907
762
816
684
781
1185
1097
1275
1085
1171
1120
1303
1213
1248
1091
931
1032
797
852
802
839
744
1320
1226
1187
1105
1144
1153
1083
984
964
1386
1129
784
1387
1344
1119
937
888
1356
1270
1347
1116
1523
1462
1329
1224
971
1510
945
1317
1205
1580
1528
1521
1472
1263
1166
1062
1418
1352
1244
1235
1224
1679
1486
1369
1148
1810
1714
1375
1376
1908
1753
1642
1613
1491
2021
2042
1886
1705
1956
2251
2156
1958
1934
1928
1862
5
5
8
5
5
8
5
5
5
11
8
6
17
24
12
20
12
21
15
14
49
10
12
36
53
16
47
47
6
53
24
28
43
62
15
29
96
11
8
63
5
10
46
103
115
13
8
7
9
79
5
46
11
21
144
11
95
11
8
7
5
37
9
11
8
21
65
55
11
60
178
21
120
90
27
13
43
24
5
22
210
16
133
53
126
92
12
11
44
10
23
278
5
64
18
55
33
301
71
267
119
44
30
52
211
18
9
183
24
16
6
160
29
40
63
37
31
11
73
124
21
96
35
25
12
86
9
6
5
41
242
115
46
95
341
126
268
12
22
116
21
14
28
62
71
5
7
23
121
125
75
45
75
23
134
421
432
130
11
104
390
311
5
12
266
29
193
5
99
234
283
394
24
35
119
213
383
82
7
78
382
13
5
245
45
564
5
405
239
27
9
374
53
296
44
400
238
25
23
393
329
103
290
11
5
40
524
414
61
6
129
66
11
241
77
74
128
8
36
5
395
21
349
135
129
109
600
48
46
433
65
111
38
534
389
289
81
254
269
647
90
589
255
257
108
442
68
189
139
173
529
400
423
504
89
96
322
433
351
279
548
573
296
567
204
117
535
459
638
405
380
358
351
331
411
335
260
252
767
266
202
648
652
532
500
519
618
482
583
584
583
796
254
547
511
714
480
383
539
448
511
216
353
389
298
511
754
400
289
640
338
642
396
320
304
407
342
501
614
393
936
617
345
271
303
363
911
308
532
417
429
698
706
898
596
734
707
519
581
517
493
590
609
521
346
506
372
916
743
903
648
745
591
532
450
734
598
492
592
403
383
680
979
521
531
837
564
750
411
752
638
461
810
796
966
739
745
494
736
706
706
985
700
624
560
479
1113
1032
684
952
934
652
897
590
861
740
679
904
807
742
667
1189
647
830
889
1086
626
986
800
898
728
870
698
631
864
835
1028
1143
800
977
742
919
738
896
1307
1284
1139
1209
988
1059
839
825
884
1100
864
781
792
1340
1325
1279
1244
1100
1173
983
922
766
1215
1217
1117
1160
1387
903
1346
840
1087
841
1326
1265
1218
1461
1321
1210
1205
1261
1436
1167
875
1004
871
1451
1327
1011
1284
974
925
1553
1377
1275
1217
1083
1081
1025
1212
1148
1143
1484
1128
1662
1568
1489
1183
1125
1307
1307
1261
1199
1147
2196
2046
1722
5
5
5
8
8
5
15
5
6
19
18
11
5
45
43
25
52
15
13
11
16
9
16
38
50
41
9
70
12
9
23
6
15
77
39
6
5
50
16
74
7
22
44
14
5
31
5
6
73
192
16
5
156
26
93
45
114
10
213
12
5
193
126
28
5
22
30
122
35
30
156
11
75
243
156
153
8
154
77
12
256
300
226
165
40
156
131
71
25
32
42
120
114
99
91
10
128
81
36
287
47
34
5
5
46
256
294
292
368
139
259
141
15
14
75
187
53
323
14
11
29
135
107
257
122
24
361
8
75
138
173
149
276
236
143
433
5
373
363
474
356
388
73
299
138
103
112
284
117
33
232
243
216
181
17
117
23
9
6
38
14
228
121
478
40
266
139
384
39
5
181
264
266
18
16
501
542
143
153
146
212
6
53
22
371
35
6
13
36
89
613
390
118
352
93
319
445
487
610
468
64
204
95
306
143
433
126
473
46
434
356
100
233
280
264
241
334
335
612
91
199
503
187
702
468
239
606
695
153
399
107
662
676
233
211
532
606
169
302
464
332
682
667
259
469
252
335
509
276
519
185
198
338
303
253
222
369
230
290
187
629
179
278
197
441
589
284
192
408
652
354
644
411
344
251
270
610
335
552
614
462
369
522
492
289
820
827
353
306
742
484
439
418
474
319
677
654
272
755
354
693
625
453
318
556
838
913
427
386
867
709
672
805
578
734
437
623
616
429
561
629
687
476
623
422
418
532
588
503
497
873
444
837
550
689
427
519
382
1000
964
746
928
673
914
615
1051
467
896
900
1073
766
666
1011
1052
851
1046
1039
851
672
654
666
883
644
536
799
651
555
550
507
765
551
477
531
719
509
707
495
1100
1013
845
761
669
557
530
637
1156
613
536
596
590
673
1153
565
742
708
571
591
1081
949
972
1145
821
1007
810
588
784
742
1088
1064
1077
997
997
835
868
745
1188
850
1137
716
793
1255
661
716
1029
1015
768
805
686
1247
1150
755
1327
871
830
812
791
748
1297
1400
1248
1388
1128
1397
1251
1235
1073
922
953
919
1125
904
1061
918
1394
1378
1330
1270
1512
1452
1389
1364
1130
1040
1117
1390
1327
1284
1275
1494
1166
1378
1096
1369
1093
1132
1042
1040
971
1042
1548
1460
1223
1216
1850
1846
1823
1492
1440
1873
1853
1826
2052
1924
1851
1706
2621
2252
2085
2053
2012
