30
47
51
60
60
66
80
86
87
90
96
99
105
112
115
122
123
130
136
141
149
154
160
160
165
167
175
174
181
183
185
188
191
198
202
204
208
209
214
215
226
229
235
239
243
246
250
250
256
264
268
278
280
284
284
295
6
304
15
312
314
38
42
10
330
340
341
11
353
18
107
111
84
369
371
379
389
73
46
129
400
117
122
413
415
99
130
426
109
5
438
122
452
182
112
468
470
200
474
213
480
217
484
221
170
496
502
500
192
504
511
152
515
519
160
216
528
109
113
547
139
18
143
22
561
563
569
575
576
329
174
333
178
9
597
343
17
347
9
13
614
618
625
128
15
136
6
642
10
650
651
654
661
14
662
279
681
677
686
690
50
429
29
60
37
328
37
76
738
48
731
83
739
743
480
104
99
108
103
107
118
785
16
20
794
132
505
139
807
143
147
815
155
823
159
159
365
369
88
843
92
96
181
90
27
98
35
874
878
877
882
881
886
242
5
636
9
640
902
906
12
576
14
26
316
590
323
29
38
665
242
246
250
981
76
985
80
166
170
346
94
98
738
102
317
106
1021
110
1025
114
1033
1032
1037
707
711
210
218
1064
410
1068
392
1072
396
1076
756
760
814
818
341
345
1109
349
1113
356
583
587
430
248
881
252
885
256
889
1149
604
608
1156
1160
615
856
619
860
1171
574
1175
578
1179
582
1183
853
857
468
1200
472
1204
476
1208
480
484
488
492
499
503
507
511
515
1265
519
1269
523
369
373
656
1288
660
1292
1005
671
1009
412
713
416
717
420
1342
1346
1078
1082
806
810
814
821
825
474
478
776
1406
1410
1414
1418
1422
1154
1158
1440
813
1444
817
807
1456
811
1460
815
689
819
693
823
697
827
831
835
839
843
847
851
1183
1187
1529
1191
1533
1536
1537
1540
1541
1200
1545
1204
1549
1208
1553
917
1557
921
1561
925
1565
929
933
937
1593
1597
1056
1060
1064
761
765
769
773
1638
777
1642
781
1105
785
1109
850
1662
854
1666
858
1361
862
1365
1013
1017
1021
1025
1736
1740
1434
1438
1442
960
964
1463
1467
941
945
1482
1486
1490
1839
1494
1843
1847
1851
1855
1859
1863
1872
1613
1876
1617
1880
1884
1884
1582
1586
1631
1590
1635
1270
1352
1274
1356
1057
1061
1065
2004
2008
2012
2016
2020
2024
2028
2032
1663
1667
1671
2230
2234
1968
1972
1638
1642
2280
2284
1982
1986
1682
1686
1690
2768
2772
3080
3084
3088
3092
3096
2367
2371
30
47
51
60
60
66
80
86
87
90
96
99
105
112
116
118
126
126
140
141
146
148
153
157
159
164
166
170
172
183
184
187
196
198
200
205
206
212
211
215
222
222
228
231
234
239
239
243
245
253
255
264
268
274
6
284
10
14
293
297
299
17
306
314
16
320
24
326
331
332
338
75
342
79
353
359
10
367
14
96
373
100
79
13
87
20
113
23
409
27
62
139
71
45
49
138
7
23
11
455
5
463
12
473
481
483
487
489
240
244
125
502
129
102
133
106
213
518
522
62
217
221
73
77
542
5
546
9
13
136
16
570
98
102
140
144
36
283
598
160
602
297
250
6
261
16
268
37
12
16
50
43
55
666
670
670
8
370
84
15
88
79
92
83
96
9
5
13
9
717
5
384
388
8
735
76
742
47
373
87
39
129
133
40
389
768
770
6
778
81
409
85
30
796
34
802
98
412
419
28
823
830
64
836
841
440
844
852
53
856
57
8
12
16
79
874
83
157
479
95
86
38
899
6
10
33
37
57
22
115
119
935
929
385
944
66
951
70
404
959
8
963
12
206
210
254
64
68
5
55
9
59
1006
1010
70
1029
8
12
444
448
147
137
29
141
33
42
46
40
5
47
12
135
72
76
26
23
43
217
38
10
142
146
1126
11
13
22
17
21
29
1158
158
45
162
49
166
53
170
174
178
182
916
920
195
924
199
203
207
211
215
219
294
298
138
142
146
150
154
165
385
389
1298
1302
998
1002
637
641
266
1328
270
1045
1049
1053
739
1350
743
1354
747
1358
403
1113
407
1117
1121
1125
1129
1133
1137
739
743
747
1412
751
1416
755
402
1424
406
1428
410
1121
1125
786
790
502
506
1478
1482
1487
1486
1491
1490
1118
616
1122
620
1126
1130
756
760
940
944
1548
638
1552
642
889
893
897
1578
1582
825
829
1594
574
1598
578
1149
582
1153
586
860
590
864
594
868
598
872
602
876
606
880
610
601
614
608
618
622
626
630
634
638
642
646
650
1696
654
1700
658
1131
662
1135
666
1139
670
1143
674
678
682
686
1752
1756
1766
1770
1366
1370
1374
1378
1807
1811
1234
1238
1869
1873
1623
1627
1307
1311
1054
1058
2157
2161
1295
1299
1303
2455
2459
1756
1760
1764
1768
1772
1776
1780
1784
1788
1792
1796
1800
2638
2642
2333
2337
2341
2345
1923
1927
1931
2705
2709
2416
2420
2831
2835
2839
2843
2847
2362
2366
1946
1950
30
47
51
60
60
66
80
86
87
90
98
103
107
118
124
126
134
134
144
148
148
152
158
159
163
168
170
176
177
181
181
188
194
195
202
203
209
210
216
214
221
228
229
232
231
236
250
251
258
257
258
261
262
270
272
24
286
28
290
297
298
302
304
18
14
26
324
325
33
334
335
78
30
13
34
38
366
27
378
5
382
66
13
6
399
30
410
21
417
99
425
103
429
435
435
116
136
120
140
457
459
463
467
158
470
147
474
478
478
486
482
494
495
499
158
511
70
175
524
528
529
229
540
240
111
561
97
565
104
6
121
226
230
131
238
140
34
607
38
84
91
629
9
633
17
642
647
650
108
654
112
13
119
17
123
17
5
21
679
18
175
692
43
700
23
704
708
31
712
734
722
726
741
730
747
92
96
38
760
764
218
51
222
38
229
42
233
22
241
30
801
806
24
534
31
468
502
545
506
513
248
252
525
259
529
263
533
537
343
347
549
553
360
557
297
561
301
576
568
572
87
576
580
95
584
598
192
602
199
941
945
956
958
962
966
970
973
974
683
978
687
982
422
986
996
994
517
998
521
1002
525
1006
529
1010
176
1014
180
1018
184
1022
1026
490
1030
494
1034
498
1038
502
1042
506
1046
510
1050
514
1054
1058
522
1062
710
1066
415
1070
419
1074
1078
1082
1086
1117
1121
1093
704
1097
708
553
286
557
290
561
294
565
298
569
573
1161
296
1168
300
898
902
1189
934
938
942
946
950
954
958
1227
962
1231
966
860
864
973
977
1252
981
1256
985
1260
989
1264
993
441
997
445
1001
1008
1012
1294
1016
598
1020
1024
605
1028
967
1032
638
1036
642
1040
646
1044
650
1048
654
1052
1056
1085
776
780
1095
1099
803
807
1376
1025
1029
1033
1037
1420
1424
1418
1009
1422
1013
1426
735
1430
739
1437
1458
1462
1074
1078
822
826
830
1499
1503
1242
1246
660
1521
664
1525
668
1529
672
1533
676
1537
680
1224
1228
1565
1569
1306
1310
1013
1017
1021
1599
1025
1603
1227
1231
790
794
1632
1636
1377
1381
1015
1019
1023
1027
1668
1031
1672
1415
1419
1043
1698
1702
1706
1710
1348
1352
1356
1729
1733
1737
1229
1233
1756
1760
1764
1767
1768
1771
1772
1775
1471
1329
1475
1333
1052
1002
1056
1006
1806
1810
1450
1454
1458
1875
1879
1431
1435
1439
1185
1189
1193
1197
1227
1231
1994
1717
1721
1472
1476
1480
2214
2218
2021
2025
1536
1540
2619
2623
2627
2811
2521
2525
2529
2178
2182
2186
30
47
51
60
60
66
73
80
79
88
93
100
106
108
115
123
132
136
141
142
150
151
159
159
166
171
176
177
182
185
187
194
198
201
208
206
212
212
216
219
220
223
230
230
234
237
241
245
253
252
260
262
266
273
280
9
15
10
26
311
19
22
23
325
329
334
337
340
69
349
358
66
73
70
77
376
105
381
67
71
390
397
104
84
25
411
416
418
423
103
146
437
17
21
39
449
457
31
470
6
474
10
480
50
484
488
6
112
499
244
248
515
263
28
32
40
36
274
540
542
5
551
555
290
294
561
568
565
572
134
583
144
587
29
595
190
607
200
611
204
208
63
8
5
131
13
13
110
658
149
665
101
230
52
56
238
52
246
60
70
64
74
426
39
43
20
50
99
24
459
31
20
45
755
28
479
762
142
768
775
60
185
68
9
364
13
180
372
528
811
532
114
67
126
130
837
12
87
562
95
47
588
105
109
44
6
52
10
887
890
82
554
56
62
70
926
925
580
932
129
133
95
99
123
960
671
964
968
973
705
977
131
703
135
413
721
417
237
141
511
148
147
151
262
1037
200
1041
207
696
700
783
704
787
195
791
199
1071
1075
1089
1091
536
286
1106
290
230
294
238
1125
564
1129
312
655
316
659
469
364
473
368
372
538
295
1173
299
1177
1181
742
815
746
819
361
545
365
549
553
924
557
928
561
932
565
936
940
944
948
688
692
1261
786
1269
790
781
378
785
382
789
529
533
487
491
1324
1328
1330
1035
1334
1039
1338
1043
1342
1047
1015
1051
1019
684
1023
688
1027
1031
1069
1035
1073
1039
745
1043
749
1047
1392
1051
1396
1055
1400
1059
1019
1063
1023
1067
673
1071
677
675
681
679
685
689
693
697
701
1457
705
1461
709
1192
713
1196
717
615
721
619
1486
1235
1239
1243
1247
1509
1251
1513
1255
1263
1259
1267
1263
1007
783
1011
787
1547
1547
1551
1551
969
1181
973
1185
1189
869
1575
873
1579
877
1583
1002
1006
997
684
688
692
1614
696
1618
1351
1355
910
914
918
1646
1650
1385
1389
1088
1092
1096
1762
1766
1770
1358
1362
1080
1084
1803
1807
1521
1525
1153
1157
1161
1165
1169
1173
1177
1181
1185
1189
1193
1197
1201
1205
1209
1213
1217
1221
1225
1229
1233
1237
1241
1245
1249
1253
1257
1261
1265
1272
1276
1283
1287
1291
1295
1299
1303
1307
1311
2103
2107
2111
1737
1741
2609
2613
2115
2119
1863
1867
2606
2610
2614
2618
2622
2626
2630
2352
2356
38
44
55
57
66
74
77
78
90
92
94
98
104
102
118
124
127
132
135
139
141
146
148
150
154
157
158
162
166
172
176
176
180
181
187
192
191
203
205
209
211
214
223
223
227
231
231
235
240
248
250
252
261
264
268
270
275
9
13
286
289
294
298
301
302
311
311
315
316
11
68
332
85
76
94
350
98
354
358
362
100
52
72
117
378
381
383
389
392
93
398
401
405
410
409
416
12
426
15
431
435
94
102
9
457
462
476
21
25
487
491
36
495
7
501
505
59
512
11
233
104
15
21
33
543
9
552
17
44
14
6
572
29
69
292
592
277
314
281
22
288
292
40
44
631
77
385
5
9
35
655
42
663
246
396
98
677
102
684
109
198
272
424
276
296
367
371
303
307
223
227
137
141
235
25
249
33
196
204
761
422
765
450
774
778
782
782
789
786
182
305
186
803
292
485
296
300
554
332
308
279
155
430
159
131
292
135
441
139
445
143
223
147
227
151
155
159
616
300
898
312
441
316
445
918
921
922
925
665
929
669
933
673
456
231
460
235
464
958
667
477
492
983
496
987
500
991
715
508
719
512
723
516
727
520
440
524
444
528
539
1040
546
679
550
683
554
687
558
691
1067
449
760
453
764
768
413
417
1097
1101
1106
1105
1110
784
1114
788
848
792
852
796
1136
1140
430
861
434
865
1157
467
1161
471
737
475
741
1174
1178
803
1182
807
810
814
1197
1201
938
942
946
690
694
698
989
1251
993
1255
879
1257
883
1261
887
1265
580
1269
584
1273
1277
1281
1297
1285
1301
1289
1001
1293
1005
1297
1301
1305
1309
1313
1317
1321
1325
1329
1333
1337
1341
1345
1349
1382
1064
1386
1068
1390
1072
1471
1475
1081
1085
1089
1093
1097
838
842
1530
1534
1535
1538
1539
1542
1543
1546
1061
1145
1065
1149
1069
848
852
1606
1610
1610
1297
1032
1301
1036
1305
1040
1309
1044
1048
1052
1657
1661
1365
1369
1006
1010
1014
1018
1200
1204
1208
1741
1745
1749
1116
1120
1788
1792
2114
2118
2122
1657
1661
2257
2261
2265
2269
2018
2022
2026
2030
2034
2038
2042
2046
2050
2054
2058
2062
2066
2070
2074
2078
2082
2086
2090
2094
2098
2102
2106
2110
2114
2118
2122
2126
2130
2134
2138
2142
2146
2150
2154
2158
2162
2166
2170
2174
2178
2182
2186
2190
2194
2198
2202
2206
2210
2214
2218
2222
2226
2230
2234
2238
2242
2246
2250
2254
2258
2262
2266
2270
2274
2278
2282
2286
2290
2294
2298
2302
2306
2310
1929
1933
38
44
55
57
66
74
77
78
81
88
94
94
101
103
111
112
121
125
128
136
139
142
146
154
159
164
164
168
176
188
188
192
195
199
201
206
208
214
216
218
220
223
227
231
236
235
240
239
246
246
250
255
257
259
261
268
267
275
275
281
25
11
22
28
46
5
314
36
44
48
25
8
32
15
341
49
349
53
97
357
364
109
16
116
120
6
390
390
137
30
105
26
416
423
427
145
438
12
447
112
116
463
469
103
473
107
195
6
199
10
493
236
497
127
244
517
521
146
219
228
16
11
20
15
251
258
14
262
573
253
587
257
597
6
10
604
610
326
64
621
244
633
251
640
352
652
13
656
303
377
311
14
18
126
130
63
706
67
710
719
404
723
458
188
736
465
343
469
747
477
116
17
74
25
24
82
28
43
788
266
524
66
16
210
418
104
44
108
835
230
318
68
131
115
145
85
873
81
591
21
15
61
65
23
43
912
110
916
46
632
933
55
938
137
35
227
39
231
960
49
244
53
248
60
647
651
692
388
696
395
994
399
1001
1005
410
584
78
588
1017
1021
766
1035
1039
773
354
784
361
749
368
372
376
808
815
1086
347
785
795
789
799
793
803
462
570
466
805
470
809
813
478
817
482
821
486
825
490
442
494
446
372
380
415
419
836
269
887
273
891
895
1217
541
1221
545
568
572
1257
928
932
838
842
529
533
980
984
1296
988
1300
371
1304
375
1313
1317
1318
979
1009
983
603
1017
607
1021
1025
1033
1037
717
1366
721
1370
1374
835
1054
839
1058
540
702
544
706
548
1403
1407
1411
1415
863
867
1443
1447
1447
1451
766
770
939
943
947
951
1225
1229
1233
1237
1241
833
837
1530
1534
1276
1538
1280
765
1284
769
976
980
628
632
1574
1578
1582
1327
1331
988
1602
992
1606
735
1290
739
1294
931
935
1245
1249
1253
1257
1261
1265
1663
1269
1667
1273
1379
1277
1383
1281
1009
975
1013
979
1017
770
774
1150
1718
1154
1722
1158
1407
1411
1102
1735
1106
1463
1110
1467
1114
1088
1118
1092
1122
1126
1130
1776
1134
1780
1138
1784
1142
1164
1146
1168
1150
907
1154
911
1158
1162
1166
1819
1170
1823
1174
1827
1385
1389
1878
1882
1888
1892
1532
1536
1904
1212
1908
1216
1912
1916
1920
1924
1928
1932
1936
1940
1944
1948
1952
1956
1960
1964
1968
1972
1976
1980
1984
1988
1992
1996
2000
2004
2008
2012
2016
2020
1137
1141
2156
2160
1684
1688
1337
1341
2280
2284
1356
1360
38
44
55
57
66
74
77
78
90
92
94
104
118
126
129
134
141
142
145
149
150
155
158
163
165
169
170
181
183
187
186
191
192
196
204
203
208
209
211
221
223
229
230
237
237
241
247
247
254
252
261
261
265
5
270
18
5
9
286
287
290
14
298
18
17
21
316
315
9
5
13
13
340
10
35
354
356
21
360
365
114
369
118
375
377
379
381
98
385
102
389
396
6
400
14
409
418
413
422
417
6
421
10
436
440
442
186
446
200
196
204
198
208
464
212
468
220
481
481
485
207
178
211
185
511
7
11
518
526
240
24
540
28
250
5
254
9
561
565
5
569
9
322
6
114
118
14
9
37
13
195
6
10
10
14
18
367
215
55
81
74
5
93
680
684
5
411
9
444
448
425
42
19
128
23
35
11
143
147
741
137
58
150
172
768
12
16
20
782
786
77
528
81
344
539
348
91
352
227
822
825
93
571
101
275
847
283
411
14
18
6
871
15
244
19
34
255
38
135
36
142
149
95
919
354
927
15
934
10
499
121
125
199
26
207
34
107
56
5
146
9
150
13
993
997
1002
677
1006
684
717
721
407
465
696
469
152
1036
156
1040
160
164
168
1051
172
797
176
801
180
476
184
484
188
192
151
196
155
200
517
204
521
208
242
212
246
216
220
224
1126
228
1130
232
1134
239
1144
243
1148
247
1152
251
255
581
259
585
263
267
271
275
920
279
625
629
321
291
325
295
299
303
307
311
315
319
323
1245
327
1249
331
1253
1257
1261
459
1265
463
1269
467
1273
471
1277
1281
942
946
456
1305
460
1309
464
989
993
1343
1347
1351
1355
1355
1359
1359
970
1363
974
1367
978
1371
982
1375
986
1379
994
1129
998
1133
1002
702
1006
706
1010
710
1017
1021
1430
1025
1434
1029
922
1033
926
1037
563
1041
567
1045
1049
1053
1057
1473
1061
1477
1065
1069
1073
1077
1081
915
1085
919
1089
1093
926
1097
1101
1105
1109
662
666
1576
1580
1126
1130
1134
1620
1627
979
942
983
946
987
950
1665
1669
1293
1297
765
769
1703
1707
1759
1095
1099
1800
1804
1387
1391
1134
1138
1599
1603
1607
1611
1615
1619
1623
1627
1631
1635
1639
1643
1647
1365
1369
2166
2170
2184
2188
1865
1869
2200
1873
2204
1877
1913
1528
1917
1532
1600
1536
1604
1330
1334
1981
1678
1682
2329
2333
2337
2341
2345
2349
2353
2065
2069
1823
1827
1537
1541
2519
2523
2074
2078
2082
1804
1808
1812
1816
38
44
55
57
66
74
77
78
81
88
91
94
94
99
104
103
111
120
124
127
133
135
141
143
149
153
155
157
165
171
174
175
188
188
195
196
200
202
211
213
221
223
225
235
237
241
243
249
253
253
6
6
265
269
275
19
29
26
285
296
298
300
303
308
312
314
318
320
324
66
70
336
341
345
345
70
349
353
28
361
7
89
11
378
15
6
386
390
391
395
397
22
402
26
411
124
420
421
427
177
434
181
188
448
450
454
152
37
156
469
472
476
477
173
484
177
492
494
498
501
508
512
519
6
523
527
13
31
544
548
144
144
5
52
152
565
18
580
584
591
276
595
280
599
7
11
9
208
16
15
5
9
622
637
17
21
336
647
340
658
657
666
6
12
679
16
683
27
85
385
11
15
705
40
260
714
718
12
725
417
280
28
746
750
499
754
503
17
763
24
514
68
521
27
171
31
175
465
46
141
50
145
149
58
5
164
9
95
172
176
103
251
34
255
259
18
22
266
8
5
9
26
585
79
589
593
87
607
48
611
5
306
213
14
226
27
230
31
337
35
39
968
973
972
541
980
545
568
259
572
263
214
267
218
271
362
366
370
374
378
382
646
386
354
390
358
394
398
405
409
1088
413
1092
417
1096
1100
1100
1104
846
850
1112
188
1116
192
447
455
459
463
467
471
475
479
910
917
1190
925
1194
929
920
936
924
940
944
1216
948
1220
952
755
759
959
372
963
376
967
971
1252
975
1256
979
1260
576
583
587
594
602
1294
584
588
494
600
505
630
634
638
642
1064
1346
1068
1350
1072
1020
1076
1024
1080
1028
1084
1032
1088
719
1092
723
1096
427
1100
1104
1108
1112
711
715
1418
1130
1134
845
849
853
1455
1459
1183
1187
1045
853
857
1052
607
1056
611
714
718
1495
722
756
726
760
764
1230
867
871
875
1560
1564
1591
1595
1347
1351
1612
1616
1281
1285
1627
973
1631
977
1635
981
1639
985
1643
989
1356
993
1360
997
1001
1005
1009
1691
1169
1173
924
1337
1341
1781
1785
1789
1503
1507
1159
1163
875
879
1830
1834
1838
1443
1447
1082
1086
1872
1876
1466
1470
1474
1198
1202
1206
1210
1917
1921
1386
1390
1094
1098
1959
1963
2022
2026
1278
1282
2055
1795
1799
1478
1482
2211
2215
1863
1867
1871
2235
1592
2239
1596
1787
1791
1795
1343
1347
2307
2311
2447
2451
2455
2459
2463
2467
2471
2475
2479
2483
2231
2235
2239
2243
2695
2699
2353
2357
2021
2025
2029
38
44
55
57
66
74
77
78
81
88
94
94
99
101
111
116
118
127
132
134
141
144
149
155
153
159
160
166
166
173
174
179
178
186
193
196
199
203
205
209
213
217
221
227
232
233
236
243
248
251
259
258
265
265
272
275
283
287
295
296
302
9
308
13
313
314
317
318
322
53
7
11
47
343
55
9
360
16
102
20
110
27
41
34
45
392
75
398
405
405
413
414
417
62
105
69
73
436
444
444
452
452
460
99
468
472
113
59
73
63
77
490
492
500
501
505
505
5
512
520
15
14
536
539
542
27
546
133
557
53
12
146
49
574
53
28
586
592
320
599
327
604
43
312
47
51
619
55
364
42
633
637
133
644
141
90
361
28
666
157
666
670
87
290
684
690
128
303
12
385
19
148
718
714
80
718
722
736
740
428
749
753
760
757
764
8
779
417
783
22
797
17
157
26
803
815
812
131
820
5
824
469
473
385
156
389
533
8
34
575
44
219
886
42
32
898
39
638
15
69
651
73
77
28
101
39
105
207
299
217
56
958
60
962
277
182
186
702
983
8
300
26
19
22
43
26
27
1020
31
35
1029
5
1033
48
349
195
356
199
579
90
499
308
62
186
1092
193
197
572
84
141
92
265
551
178
778
782
185
237
241
1148
245
1152
249
890
253
894
269
1168
273
895
153
902
157
906
428
292
720
296
724
300
330
334
943
1233
1247
956
512
516
216
256
220
260
690
772
698
524
997
528
764
772
1309
1021
1313
1010
788
1018
799
672
803
676
453
1346
1052
958
1056
962
643
650
786
654
790
377
381
722
673
1399
817
821
1407
825
1411
829
1153
470
1157
474
658
662
389
397
401
1449
1453
571
1482
1486
805
809
991
556
664
560
668
833
837
1529
738
742
1026
1030
985
1034
989
1038
993
1570
1574
1578
1582
761
765
1612
1616
1332
1336
1635
1639
1643
1647
1651
1655
1659
1663
1667
1677
1671
1681
1675
1260
1679
1264
1683
1277
1281
1289
1738
1742
811
815
1496
1500
1127
1131
1135
1139
1143
1147
905
909
913
917
921
925
929
933
940
944
1864
1868
1467
1471
1154
1158
862
866
1907
1911
1642
1646
1650
1172
1654
1176
1223
1180
1227
1184
1231
1188
939
1192
943
2105
2109
2280
1992
1996
2310
2314
2318
2323
1482
2327
1486
1716
1720
2114
1606
1610
2422
2426
2143
1796
2147
1419
1423
2627
2630
2631
1949
2254
1953
2258
1957
1945
1949
1651
1655
2031
2035
38
44
55
57
66
74
77
78
90
92
94
104
118
126
129
134
141
142
145
149
150
155
158
163
166
167
173
171
177
186
187
190
197
198
205
210
215
217
222
227
233
231
240
242
247
250
251
252
256
256
264
272
17
276
25
13
294
296
302
308
312
19
316
320
34
332
335
339
55
59
36
365
36
369
84
10
386
72
66
15
402
19
134
138
47
426
8
174
178
145
21
449
453
460
165
469
102
473
9
481
13
488
17
498
502
232
99
5
103
9
519
523
89
530
273
277
78
545
111
549
250
268
272
98
301
266
305
110
49
53
580
587
46
66
133
267
58
271
15
66
37
45
41
34
338
38
635
61
639
643
68
379
351
81
22
49
53
677
57
681
685
690
694
410
53
414
61
63
65
67
69
5
73
16
82
734
23
741
34
748
454
44
48
467
774
177
61
65
14
790
198
9
54
203
211
65
14
69
18
73
80
16
101
20
105
109
54
58
203
5
92
16
20
90
24
887
97
891
101
556
105
560
113
9
567
923
578
14
324
36
331
945
77
213
81
41
85
224
228
92
96
181
185
639
189
9
193
13
197
8
201
1007
104
213
13
1015
17
243
21
247
56
66
1048
1052
1057
790
794
1065
798
802
1072
806
1076
810
477
814
484
818
822
493
830
101
834
838
512
842
846
850
124
854
858
1142
539
146
872
150
876
555
880
884
563
888
567
892
896
900
229
904
233
908
307
916
223
920
924
319
449
1229
453
1233
457
1237
461
1241
465
1245
469
473
900
477
904
481
908
485
489
493
497
501
505
509
1304
902
906
394
398
345
436
349
440
353
444
357
1354
1358
1362
740
744
1379
1383
1390
1394
990
994
630
634
1424
1428
1152
1156
830
834
838
1483
1487
1493
1214
1218
1501
964
890
968
894
898
976
679
1524
683
1252
1256
741
745
1552
1556
1228
1232
1600
1604
1607
653
657
1121
1128
808
812
1636
1640
1644
1384
1388
1392
1396
1400
1404
1408
1012
1016
1020
1024
1028
1717
1721
1725
1422
1426
964
968
1791
1795
1799
1803
1807
1811
1815
1103
1107
841
845
1853
1857
1363
1367
1371
902
906
1922
1926
1457
1461
1127
1131
1960
1741
1466
1470
1219
1223
2144
2148
1897
1901
2163
1905
2167
1909
1896
1647
1900
1651
1655
1659
1663
1667
2254
1905
1909
2282
2286
1706
1710
1714
1718
2421
2425
2429
1565
1569
1573
2547
2551
2265
2269
2273
1802
1806
2632
2636
2229
2233
1814
1818
38
44
55
57
66
74
77
78
81
88
90
100
100
111
116
125
131
137
144
144
150
151
154
160
164
164
170
174
179
182
186
186
193
196
197
201
203
206
211
212
216
216
224
229
228
236
237
244
241
249
245
256
257
260
7
11
273
276
280
286
288
290
294
298
298
305
307
314
316
320
6
327
328
331
336
339
27
343
6
12
359
19
6
371
375
382
379
386
383
387
37
395
44
399
407
144
49
416
17
420
160
82
29
167
167
37
174
451
8
5
12
9
464
468
472
472
130
476
134
480
484
125
488
5
492
9
496
13
504
17
508
21
512
25
531
33
535
37
41
195
45
6
553
557
12
564
568
11
572
586
576
580
594
584
44
592
40
261
599
70
603
607
6
19
23
636
24
15
28
33
42
663
17
667
25
675
42
684
64
53
694
10
14
11
15
45
718
49
722
398
402
96
103
125
754
403
763
411
20
415
7
464
11
15
38
794
798
191
501
195
505
199
828
513
120
6
124
128
19
570
860
577
864
581
868
122
872
126
434
66
893
73
266
277
284
5
466
177
181
5
9
930
27
934
938
946
5
950
13
954
958
962
24
966
36
970
40
974
986
978
708
993
712
716
63
393
1005
397
1012
115
137
119
141
1024
1028
769
314
773
318
1046
1050
558
562
566
570
1073
574
1077
578
641
582
645
319
649
323
1101
327
1105
331
1109
338
1113
1123
350
1127
358
1131
362
1135
752
756
604
608
612
616
620
628
632
636
640
1202
644
1206
874
878
581
458
585
465
1318
1322
1326
1330
1334
1338
1342
1346
1039
1035
1043
1039
1047
736
740
1371
1375
1379
630
1387
634
1391
1143
1147
798
1409
802
1413
1130
1134
574
881
578
885
582
889
586
893
897
511
1459
515
1463
519
1467
1165
1169
900
904
1531
1535
1537
1030
1541
1034
1545
750
1549
754
1560
1564
1184
1188
1576
919
1580
923
1584
1588
1592
1596
1600
1604
1613
1608
1617
1612
1621
1616
1625
1620
1629
1357
1633
1361
1637
1641
1650
1645
1654
1649
1653
1657
1661
1669
1683
1687
1676
1691
1680
1695
1684
1699
1688
1703
1692
1707
1696
1711
1700
1715
1704
1719
1708
1723
1712
1727
1716
1731
1720
1302
1724
1306
1728
1732
1736
1770
1740
1774
1744
990
1748
994
1752
1756
1760
1764
1768
1772
1776
1316
1320
1046
1050
1054
1058
1062
1066
1070
1972
1976
1711
1715
2208
1945
1949
1569
1573
1300
1304
2276
2280
2284
2014
2018
2022
2026
1669
1673
2679
2683
38
44
55
57
66
74
77
78
81
88
91
94
94
99
102
109
116
123
125
130
134
137
141
145
149
155
154
159
164
170
172
174
176
179
185
186
189
195
193
201
200
207
212
218
220
227
227
236
237
242
245
244
249
255
259
259
8
266
12
273
7
11
285
15
292
298
303
27
18
9
316
17
320
50
329
340
346
67
19
38
23
367
365
369
375
373
113
65
68
88
92
117
81
127
13
407
411
96
123
15
127
170
440
441
444
183
134
138
460
168
467
468
472
474
476
21
483
489
498
182
517
517
521
521
525
529
264
268
537
546
541
60
548
559
555
559
5
28
86
14
587
328
45
332
31
35
39
147
340
111
115
347
150
154
640
327
644
331
648
329
247
333
254
340
344
348
678
352
682
101
689
105
693
694
246
698
250
702
711
449
453
728
726
732
730
443
442
446
450
450
454
756
458
462
763
775
774
779
778
519
788
523
465
469
803
807
239
817
243
821
824
505
831
509
535
513
539
517
543
521
547
525
551
867
871
464
879
468
883
887
894
891
898
895
625
899
629
903
907
911
915
919
938
938
942
945
946
949
950
953
637
561
641
565
390
394
982
986
726
730
1000
1004
1008
1008
1012
723
752
727
756
760
1035
1039
775
1046
779
1050
783
698
491
702
495
1072
1076
1080
1084
1088
1092
1096
1100
1104
1108
1112
1116
564
568
1144
1148
1182
1186
1190
792
796
1222
1226
1230
744
748
752
756
760
764
768
772
776
780
784
788
792
796
800
804
808
812
816
820
824
828
1343
832
1347
836
1351
840
895
844
899
848
903
852
907
856
911
860
864
868
872
876
880
884
888
892
896
900
904
908
912
916
920
924
1465
928
1469
932
1473
936
1477
940
1481
944
1485
948
1489
952
1230
956
1234
960
1238
964
1242
968
1246
972
976
980
984
988
992
996
1000
1004
1008
1570
1012
1574
1016
1263
1020
1267
1024
1271
1028
1275
1032
1279
1036
1040
1286
1044
1290
1048
1294
1052
1056
1060
1064
1068
1072
1076
1080
1084
1088
1092
1096
1100
1104
1108
1476
1480
1484
1488
1492
1496
1500
1504
1508
1512
1516
1520
1524
1528
1532
1536
1540
1544
1548
1552
1556
1560
1564
1568
1854
1572
1858
1576
1330
1580
1334
1584
1338
1592
1596
1600
1604
1608
1612
1616
1620
1624
1628
1632
1636
1640
1644
1648
1652
1656
1660
1664
1668
1675
1679
1683
1687
1691
1695
1699
1707
1711
1715
1719
1723
1727
1731
1735
2312
2316
2841
2427
2431
34
40
41
47
62
66
79
83
88
89
92
95
96
101
105
107
109
126
126
130
134
137
139
145
148
149
154
161
163
165
170
169
177
183
183
187
188
194
191
198
195
208
206
215
220
219
224
230
234
239
243
246
251
255
258
262
264
272
278
285
21
289
297
295
302
13
48
329
65
23
342
33
36
84
355
46
12
96
373
70
42
46
393
53
83
142
87
146
413
109
417
421
423
30
427
34
431
144
55
442
59
449
448
453
101
171
108
175
7
183
476
195
199
203
491
207
87
504
505
509
100
513
107
524
524
531
533
535
207
545
546
554
182
558
229
124
128
44
583
48
587
25
596
29
604
603
607
339
343
164
326
5
9
359
330
367
653
653
657
32
665
36
5
35
9
13
42
17
46
331
53
9
13
712
17
21
90
53
371
475
749
445
752
449
86
186
770
775
779
506
94
500
504
215
108
219
813
121
817
68
821
72
825
519
523
840
527
844
193
482
5
228
295
131
299
245
510
252
34
619
38
248
627
631
635
916
918
924
235
239
386
243
390
936
940
107
210
111
214
218
119
222
226
320
230
324
234
985
238
989
242
499
246
503
250
507
254
511
712
515
716
519
443
523
447
527
195
199
203
1046
207
1050
211
1054
215
1058
219
726
223
730
227
231
235
426
243
247
1101
251
1105
255
843
259
847
263
267
597
271
601
275
279
1139
283
1143
287
1152
291
1156
295
1160
299
899
303
903
307
907
311
911
315
915
1193
1196
1197
1200
920
924
903
928
907
932
560
564
1232
699
703
707
1258
1259
1262
1263
399
832
836
840
844
425
1293
429
1297
663
667
671
1017
1320
1329
1024
1333
1028
1042
708
712
1357
1361
1365
1372
1376
1049
1380
702
1384
706
1388
1392
1396
1400
1404
1408
1412
1416
1420
1424
1428
1448
1432
1452
1436
1440
1444
1448
1452
1456
1460
1464
1468
1496
1048
1500
1052
918
1056
922
701
926
705
930
897
901
1553
858
862
866
870
874
878
882
886
1341
1345
942
1633
946
1637
1260
1264
1268
1272
1276
1280
1014
1018
1022
1026
1414
1153
1157
1161
1777
1328
1332
1001
1005
1803
1807
1811
1815
1819
1823
1827
1831
1835
1839
1843
1847
1851
1478
1482
1887
1891
1594
1598
1334
1338
1342
1057
1061
2033
2037
2041
1692
2045
2049
2056
2053
2060
2057
1802
1690
1806
1694
1810
1698
1814
1702
1706
1710
1714
1718
1722
1726
1730
1734
1738
1742
1746
1750
2963
2967
2547
2551
2555
2559
34
40
41
47
62
66
79
83
88
89
92
95
101
104
115
119
122
125
130
136
138
144
144
152
157
156
164
169
172
172
176
181
180
186
187
191
200
201
207
213
213
220
224
230
230
238
237
242
246
246
254
257
5
270
19
274
277
24
27
288
292
296
301
309
316
317
67
25
332
60
341
340
352
105
361
58
66
70
69
377
43
385
389
115
393
144
406
411
415
422
425
426
112
436
436
119
185
449
189
126
455
157
464
58
475
483
90
15
94
19
501
85
253
508
67
193
529
528
5
85
9
96
552
557
289
293
109
29
33
289
325
329
589
337
595
599
602
608
333
337
627
634
638
640
642
150
654
344
162
5
355
14
359
684
688
239
696
243
412
5
378
9
5
429
9
68
731
412
735
8
413
16
68
72
314
775
781
429
785
433
13
17
447
21
810
818
822
484
826
488
830
492
220
220
854
858
227
867
871
871
875
42
879
50
500
897
508
512
906
262
910
631
919
5
926
938
27
679
683
954
203
958
207
94
965
101
64
59
5
9
6
72
10
1011
24
1015
729
746
374
750
1022
1032
1036
427
702
261
706
710
1050
1054
147
151
460
815
464
819
823
1079
827
1083
831
777
781
799
821
445
449
1122
194
1126
198
1130
202
1134
453
1138
457
1142
674
855
678
859
682
863
356
867
360
416
603
420
607
317
560
321
564
325
416
1205
1209
952
960
504
508
512
523
527
380
531
387
1268
1272
1276
1280
1284
1291
1299
653
657
1324
1044
1328
1048
1332
792
1336
796
1340
800
1344
1348
1352
1356
384
1360
388
1364
392
1368
396
1372
1376
1394
1380
1145
1100
1152
1104
1156
814
1160
818
1164
1168
1172
1176
1180
1184
1188
1192
788
1470
792
1474
1217
1209
929
933
1216
542
872
546
876
550
880
1510
1514
1202
1206
945
949
830
834
1058
1062
1066
1592
1595
1596
1599
1305
1603
1309
1607
848
1289
852
1293
965
783
1079
787
1083
1087
1657
1663
1325
1667
1329
1671
1032
1675
1036
1679
1040
1683
1044
1687
1048
1718
1722
1403
1407
989
993
1751
1751
1755
1755
1063
1384
1067
1388
1071
1084
799
1088
803
1808
1812
1523
1527
1531
1535
1172
1176
928
932
1874
1521
1878
1224
1882
1228
1447
954
1451
958
1093
962
1097
1956
1960
1668
1672
1991
1995
1601
1605
1196
1200
2038
2042
2138
2142
2146
1766
1770
1520
1524
1983
1723
1727
1731
1735
1489
1493
2306
2310
1848
1852
1482
1486
2375
2379
2383
2440
2444
2574
2080
2084
34
40
41
47
62
66
79
83
88
89
92
95
101
101
107
113
119
119
125
127
132
143
145
153
153
158
162
163
169
173
180
180
184
190
192
196
200
206
212
214
222
227
235
237
241
242
246
250
254
257
258
262
264
272
271
278
17
18
21
293
298
35
309
10
313
317
17
321
325
46
329
333
56
337
341
352
49
368
372
371
6
67
385
387
392
396
20
39
411
415
22
119
128
36
23
445
193
36
202
461
5
470
9
135
107
484
111
115
202
119
502
504
506
510
517
229
18
22
540
544
12
151
208
181
53
57
189
198
71
584
80
593
597
87
602
223
607
99
364
103
316
283
324
290
6
294
298
650
5
9
275
13
25
141
288
145
36
147
45
696
697
701
704
705
708
709
713
5
14
730
734
21
26
22
380
30
63
753
43
49
765
403
769
141
52
89
154
70
80
18
84
26
9
13
13
17
94
9
304
13
67
21
71
25
29
142
25
146
150
870
587
162
591
166
57
894
366
640
9
644
16
61
20
65
6
10
5
9
530
102
538
106
5
6
9
10
971
971
975
975
979
636
983
640
987
995
991
999
995
1003
532
536
1008
540
298
544
207
31
211
35
314
318
477
481
68
485
72
76
1070
1074
827
734
831
738
745
1093
1108
833
1112
837
1116
771
1120
506
822
510
826
514
830
834
522
327
526
331
335
1161
339
1165
343
737
741
434
839
438
843
286
290
1211
1205
1215
956
860
960
864
964
286
290
294
1253
1257
1004
1008
642
646
650
1308
1310
1312
1314
1316
574
1320
581
1324
585
1328
1332
1336
1340
1344
1348
1352
1037
1044
1010
672
676
680
1151
1442
1446
664
668
1472
1476
1480
1495
1496
1499
1500
1503
1504
1219
1216
1223
1220
937
1224
941
789
945
793
554
558
562
569
573
577
581
1569
585
1573
589
1112
593
1116
597
601
1594
1598
1344
1348
1352
846
1622
853
1626
1229
1233
1312
1237
1316
1241
958
1245
962
996
966
970
1003
974
1674
978
1678
982
1252
986
1256
990
1010
994
1014
998
1018
746
750
754
1723
761
1727
1731
1735
1391
1395
1399
1100
1104
775
779
1782
1790
1507
1511
1246
1250
1547
901
905
909
1926
1930
1594
1598
1944
977
1948
981
1543
1547
2014
2018
1039
1043
1047
2126
2130
1630
1634
2294
2298
2302
1738
1742
1337
1341
1345
1349
2141
2145
1891
1895
1899
1479
1483
2674
2678
2682
2090
2094
2764
2768
2049
2053
2057
3603
3607
3002
3006
2714
2718
