5 0
10 78.5
15 6.3
20 4.6
25 3.1
30 1.9
35 0.6
40 1.3
45 0.9
50 0.4
55 1
60 0.2
65 0.1
70 0
75 0.2
80 0.2
85 0.1
90 0
95 0.2
100 0.1
105 0
110 0
115 0
120 0
125 0
130 0
135 0.1
140 0
145 0.1
150 0
155 0
160 0
165 0
170 0
175 0
180 0
185 0
190 0
195 0
200 0
205 0
210 0
215 0
220 0
225 0
230 0
235 0
240 0
245 0
250 0
255 0
260 0
265 0
270 0
275 0
280 0
285 0
290 0
295 0
300 0
305 0
310 0
315 0
320 0
325 0
330 0
335 0
340 0
345 0.1
350 0
355 0
360 0
365 0
370 0
375 0
380 0
385 0
390 0
395 0
400 0
405 0
410 0
415 0
420 0
425 0
430 0
435 0
440 0
445 0
450 0
455 0
460 0
465 0
470 0
475 0
480 0
485 0
490 0
495 0
342 0
5 0
10 78.9
15 5.7
20 5.1
25 3.5
30 1.7
35 1
40 0.8
45 0.6
50 0.2
55 0.1
60 0.1
65 0.2
70 0.2
75 0.2
80 0.3
85 0
90 0.1
95 0.1
100 0
105 0.1
110 0.1
115 0.1
120 0.2
125 0.2
130 0
135 0.1
140 0
145 0
150 0
155 0
160 0
165 0.1
170 0
175 0
180 0.1
185 0
190 0
195 0
200 0
205 0
210 0
215 0
220 0
225 0
230 0
235 0
240 0
245 0
250 0
255 0
260 0
265 0.1
270 0
275 0
280 0
285 0
290 0
295 0
300 0
305 0
310 0
315 0
320 0
325 0
330 0.1
335 0
340 0
345 0
350 0
355 0
360 0
365 0
370 0
375 0
380 0
385 0
390 0
395 0
400 0
405 0
410 0
415 0
420 0
425 0
430 0
435 0
440 0
445 0
450 0
455 0
460 0
465 0
470 0
475 0
480 0
485 0
490 0
495 0
327 0
5 0
10 78.1
15 7
20 4.6
25 2.1
30 1.5
35 1.2
40 0.7
45 1
50 0.7
55 0.5
60 0.2
65 0.2
70 0.3
75 0.2
80 0.1
85 0.3
90 0
95 0
100 0.1
105 0.2
110 0.1
115 0.2
120 0.1
125 0.1
130 0
135 0
140 0
145 0
150 0
155 0
160 0
165 0
170 0
175 0
180 0
185 0
190 0.1
195 0.1
200 0
205 0
210 0
215 0
220 0
225 0
230 0
235 0
240 0
245 0
250 0.1
255 0
260 0
265 0
270 0
275 0
280 0
285 0
290 0
295 0
300 0
305 0
310 0
315 0
320 0
325 0
330 0
335 0
340 0
345 0
350 0
355 0
360 0
365 0
370 0
375 0
380 0
385 0
390 0
395 0
400 0
405 0
410 0
415 0
420 0
425 0
430 0
435 0
440 0
445 0
450 0
455 0
460 0
465 0
470 0
475 0
480 0
485 0
490 0
495 0
655 0.2
5 0
10 79.2
15 6.3
20 5.1
25 2.3
30 1.8
35 1.2
40 1
45 0.5
50 0.7
55 0.2
60 0.5
65 0.1
70 0.1
75 0.1
80 0.1
85 0
90 0.2
95 0
100 0
105 0
110 0
115 0
120 0
125 0
130 0
135 0
140 0
145 0
150 0
155 0
160 0
165 0
170 0
175 0
180 0
185 0
190 0
195 0
200 0
205 0
210 0
215 0
220 0
225 0
230 0
235 0
240 0
245 0.1
250 0
255 0
260 0
265 0
270 0
275 0
280 0
285 0
290 0
295 0
300 0
305 0
310 0
315 0
320 0
325 0
330 0
335 0
340 0
345 0
350 0
355 0
360 0
365 0
370 0
375 0
380 0
385 0
390 0
395 0
400 0
405 0
410 0
415 0
420 0
425 0
430 0
435 0
440 0.1
445 0
450 0
455 0
460 0
465 0
470 0
475 0
480 0
485 0
490 0
495 0
903 0.4
5 0
10 77.6
15 6.5
20 4.2
25 2.5
30 2.6
35 2.1
40 1.7
45 0.6
50 0.6
55 0.1
60 0.1
65 0.2
70 0.3
75 0
80 0
85 0.1
90 0.1
95 0
100 0.3
105 0
110 0.2
115 0.1
120 0.1
125 0
130 0
135 0
140 0
145 0
150 0
155 0
160 0
165 0
170 0
175 0
180 0
185 0
190 0
195 0
200 0
205 0
210 0
215 0
220 0
225 0
230 0
235 0
240 0
245 0
250 0
255 0
260 0
265 0
270 0
275 0
280 0
285 0
290 0
295 0
300 0
305 0
310 0
315 0
320 0
325 0
330 0
335 0
340 0
345 0
350 0
355 0
360 0
365 0
370 0
375 0
380 0
385 0
390 0
395 0
400 0
405 0
410 0
415 0
420 0
425 0
430 0
435 0
440 0
445 0
450 0
455 0
460 0
465 0
470 0
475 0
480 0
485 0
490 0
495 0
115 0
5 0
10 78.2
15 5.1
20 5.1
25 3.4
30 2.2
35 1.1
40 0.9
45 0.7
50 0.2
55 0.7
60 0.2
65 0.4
70 0.2
75 0.2
80 0.3
85 0.1
90 0.1
95 0
100 0
105 0.1
110 0
115 0.1
120 0
125 0
130 0.2
135 0
140 0
145 0
150 0
155 0
160 0.1
165 0
170 0
175 0
180 0
185 0.1
190 0
195 0
200 0.1
205 0
210 0
215 0
220 0
225 0
230 0
235 0
240 0
245 0
250 0.2
255 0
260 0
265 0
270 0
275 0
280 0
285 0
290 0
295 0
300 0
305 0
310 0
315 0
320 0
325 0
330 0
335 0
340 0
345 0
350 0
355 0
360 0
365 0
370 0
375 0
380 0
385 0
390 0
395 0
400 0
405 0
410 0
415 0
420 0
425 0
430 0
435 0
440 0
445 0
450 0
455 0
460 0
465 0
470 0
475 0
480 0
485 0
490 0
495 0
246 0
5 0
10 77.9
15 6.3
20 4.6
25 2.6
30 2.5
35 1.5
40 0.9
45 1
50 0.5
55 0.5
60 0.1
65 0.1
70 0.6
75 0.1
80 0.1
85 0.2
90 0
95 0.1
100 0.1
105 0.1
110 0.1
115 0
120 0
125 0
130 0.1
135 0
140 0
145 0
150 0
155 0
160 0
165 0
170 0
175 0
180 0
185 0
190 0
195 0
200 0
205 0
210 0
215 0
220 0
225 0
230 0
235 0
240 0
245 0
250 0
255 0
260 0
265 0
270 0
275 0
280 0
285 0
290 0
295 0
300 0
305 0
310 0
315 0
320 0
325 0
330 0
335 0
340 0
345 0
350 0
355 0
360 0
365 0
370 0
375 0
380 0
385 0
390 0
395 0
400 0
405 0
410 0
415 0
420 0
425 0
430 0
435 0
440 0
445 0
450 0
455 0
460 0
465 0
470 0
475 0
480 0
485 0
490 0
495 0
129 0
5 0
10 78.6
15 6.2
20 4.6
25 3.4
30 2.3
35 0.6
40 0.9
45 0.6
50 0.4
55 0.1
60 0.3
65 0.6
70 0.6
75 0.3
80 0
85 0
90 0.1
95 0
100 0
105 0.1
110 0.3
115 0
120 0
125 0
130 0
135 0
140 0
145 0
150 0
155 0
160 0
165 0
170 0
175 0
180 0
185 0
190 0
195 0
200 0
205 0
210 0
215 0
220 0
225 0
230 0
235 0
240 0
245 0
250 0
255 0
260 0
265 0
270 0
275 0
280 0
285 0
290 0
295 0
300 0
305 0
310 0
315 0
320 0
325 0
330 0
335 0
340 0
345 0
350 0
355 0
360 0
365 0
370 0
375 0
380 0
385 0
390 0
395 0
400 0
405 0
410 0
415 0
420 0
425 0
430 0
435 0
440 0
445 0
450 0
455 0
460 0
465 0
470 0
475 0
480 0
485 0
490 0
495 0
108 0
5 0
10 82.1
15 6.1
20 3.9
25 2
30 1.1
35 1.9
40 0.5
45 0.7
50 0.4
55 0.2
60 0.1
65 0.3
70 0.2
75 0
80 0.1
85 0.1
90 0.1
95 0
100 0
105 0.1
110 0
115 0
120 0
125 0
130 0
135 0
140 0
145 0
150 0
155 0
160 0
165 0
170 0
175 0.1
180 0
185 0
190 0
195 0
200 0
205 0
210 0
215 0
220 0
225 0
230 0
235 0
240 0
245 0
250 0
255 0
260 0
265 0
270 0
275 0
280 0
285 0
290 0
295 0
300 0
305 0
310 0
315 0
320 0
325 0
330 0
335 0
340 0
345 0
350 0
355 0
360 0
365 0
370 0
375 0
380 0
385 0
390 0
395 0
400 0
405 0
410 0
415 0
420 0
425 0
430 0
435 0
440 0
445 0
450 0
455 0
460 0
465 0
470 0
475 0
480 0
485 0
490 0
495 0
173 0
5 0
10 79.4
15 6.3
20 4.6
25 2.4
30 2.3
35 0.9
40 1.3
45 0.3
50 0.3
55 0.1
60 0.1
65 0.6
70 0.4
75 0.1
80 0.1
85 0.1
90 0.1
95 0.1
100 0
105 0
110 0.1
115 0
120 0.1
125 0
130 0
135 0
140 0.1
145 0.1
150 0
155 0.1
160 0
165 0
170 0
175 0
180 0
185 0
190 0
195 0
200 0
205 0
210 0
215 0
220 0
225 0
230 0
235 0
240 0
245 0
250 0
255 0
260 0
265 0
270 0
275 0
280 0
285 0
290 0
295 0
300 0
305 0
310 0
315 0
320 0
325 0
330 0
335 0
340 0
345 0
350 0
355 0
360 0
365 0
370 0
375 0
380 0
385 0
390 0
395 0
400 0
405 0
410 0
415 0
420 0
425 0
430 0
435 0
440 0
445 0
450 0
455 0
460 0
465 0
470 0
475 0
480 0
485 0
490 0
495 0
153 0
5 0
10 81.4
15 5.9
20 4.3
25 2.5
30 1.8
35 0.6
40 0.7
45 0.8
50 0.5
55 0.2
60 0.1
65 0.1
70 0.3
75 0
80 0.2
85 0.1
90 0
95 0
100 0.2
105 0
110 0
115 0
120 0
125 0
130 0
135 0
140 0
145 0.1
150 0
155 0
160 0.1
165 0
170 0
175 0
180 0
185 0.1
190 0
195 0
200 0
205 0
210 0
215 0
220 0
225 0
230 0
235 0
240 0
245 0
250 0
255 0
260 0
265 0
270 0
275 0
280 0
285 0
290 0
295 0
300 0
305 0
310 0
315 0
320 0
325 0
330 0
335 0
340 0
345 0
350 0
355 0
360 0
365 0
370 0
375 0
380 0
385 0
390 0
395 0
400 0
405 0
410 0
415 0
420 0
425 0
430 0
435 0
440 0
445 0
450 0
455 0
460 0
465 0
470 0
475 0
480 0
485 0
490 0
495 0
181 0
5 0
10 75.2
15 6.3
20 5.2
25 3.2
30 2.4
35 2.1
40 0.9
45 0.8
50 0.3
55 0.4
60 0.2
65 0.7
70 0.7
75 0
80 0.1
85 0.3
90 0.3
95 0.2
100 0
105 0
110 0.1
115 0
120 0
125 0
130 0
135 0
140 0.2
145 0.1
150 0
155 0
160 0
165 0
170 0
175 0
180 0
185 0
190 0
195 0
200 0
205 0
210 0.1
215 0
220 0
225 0
230 0
235 0
240 0
245 0
250 0
255 0
260 0
265 0
270 0
275 0
280 0
285 0
290 0
295 0
300 0
305 0
310 0.1
315 0
320 0
325 0
330 0
335 0
340 0
345 0
350 0
355 0
360 0
365 0
370 0.1
375 0
380 0
385 0
390 0
395 0
400 0
405 0
410 0
415 0
420 0
425 0
430 0
435 0
440 0
445 0
450 0
455 0
460 0
465 0
470 0
475 0
480 0
485 0
490 0
495 0
366 0
5 0
10 79.2
15 6.7
20 4.9
25 1.9
30 1.5
35 1
40 1.1
45 1.2
50 0.7
55 0.3
60 0.3
65 0.3
70 0.3
75 0.2
80 0.2
85 0
90 0
95 0.1
100 0
105 0
110 0
115 0
120 0
125 0.1
130 0
135 0
140 0
145 0
150 0
155 0
160 0
165 0
170 0
175 0
180 0
185 0
190 0
195 0
200 0
205 0
210 0
215 0
220 0
225 0
230 0
235 0
240 0
245 0
250 0
255 0
260 0
265 0
270 0
275 0
280 0
285 0
290 0
295 0
300 0
305 0
310 0
315 0
320 0
325 0
330 0
335 0
340 0
345 0
350 0
355 0
360 0
365 0
370 0
375 0
380 0
385 0
390 0
395 0
400 0
405 0
410 0
415 0
420 0
425 0
430 0
435 0
440 0
445 0
450 0
455 0
460 0
465 0
470 0
475 0
480 0
485 0
490 0
495 0
122 0
5 0
10 79.2
15 6.5
20 5
25 2.5
30 2
35 0.9
40 0.9
45 0.8
50 0.2
55 0.4
60 0.3
65 0.2
70 0.1
75 0.2
80 0
85 0.1
90 0.1
95 0.1
100 0.1
105 0
110 0
115 0
120 0
125 0
130 0
135 0
140 0
145 0
150 0.1
155 0
160 0
165 0
170 0.1
175 0
180 0
185 0
190 0
195 0
200 0
205 0
210 0
215 0
220 0
225 0
230 0
235 0
240 0
245 0
250 0
255 0
260 0
265 0
270 0.1
275 0
280 0
285 0
290 0
295 0
300 0
305 0
310 0
315 0
320 0
325 0
330 0
335 0
340 0
345 0.1
350 0
355 0
360 0
365 0
370 0
375 0
380 0
385 0
390 0
395 0
400 0
405 0
410 0
415 0
420 0
425 0
430 0
435 0
440 0
445 0
450 0
455 0
460 0
465 0
470 0
475 0
480 0
485 0
490 0
495 0
343 0
5 0
10 80.1
15 5.9
20 3.8
25 2.4
30 2
35 1.4
40 1.1
45 0.5
50 0.6
55 0.2
60 0.1
65 0.3
70 0.5
75 0.1
80 0.2
85 0
90 0
95 0.2
100 0.1
105 0
110 0.1
115 0
120 0.1
125 0
130 0
135 0
140 0
145 0.1
150 0
155 0
160 0
165 0
170 0
175 0
180 0
185 0
190 0
195 0
200 0.1
205 0
210 0
215 0
220 0
225 0
230 0
235 0
240 0
245 0
250 0
255 0
260 0
265 0
270 0
275 0
280 0
285 0
290 0
295 0
300 0
305 0
310 0
315 0
320 0
325 0.1
330 0
335 0
340 0
345 0
350 0
355 0
360 0
365 0
370 0
375 0
380 0
385 0
390 0
395 0
400 0
405 0
410 0
415 0
420 0
425 0
430 0
435 0
440 0
445 0
450 0
455 0
460 0
465 0
470 0
475 0
480 0
485 0
490 0
495 0
322 0
