5 0
10 46.1
15 13.7
20 8.9
25 5.9
30 3.9
35 4.4
40 3.5
45 3.3
50 3.4
55 1.1
60 1
65 0.8
70 0.8
75 0.4
80 0.4
85 0.5
90 0.3
95 0.3
100 0
105 0.2
110 0.4
115 0.1
120 0
125 0
130 0
135 0
140 0.1
145 0
150 0
155 0
160 0.1
165 0
170 0
175 0
180 0
185 0
190 0
195 0
200 0
205 0
210 0.1
215 0
220 0
225 0.1
230 0
235 0.1
240 0
245 0.1
250 0
255 0
260 0
265 0
270 0
275 0
280 0
285 0
290 0
295 0
300 0
305 0
310 0
315 0
320 0
325 0
330 0
335 0
340 0
345 0
350 0
355 0
360 0
365 0
370 0
375 0
380 0
385 0
390 0
395 0
400 0
405 0
410 0
415 0
420 0
425 0
430 0
435 0
440 0
445 0
450 0
455 0
460 0
465 0
470 0
475 0
480 0
485 0
490 0
495 0
244 0
5 0
10 51.5
15 10.7
20 8.8
25 5.6
30 4.9
35 3.2
40 2.9
45 2.2
50 1.5
55 1.1
60 0.5
65 0.6
70 0.7
75 0.9
80 0.5
85 0.5
90 0.4
95 0.5
100 0.1
105 0.6
110 0.2
115 0
120 0
125 0.2
130 0.3
135 0
140 0
145 0.2
150 0.1
155 0.1
160 0.4
165 0.1
170 0.1
175 0.3
180 0.1
185 0
190 0
195 0
200 0.1
205 0.1
210 0
215 0
220 0
225 0
230 0
235 0
240 0
245 0
250 0
255 0
260 0
265 0
270 0
275 0
280 0
285 0
290 0
295 0
300 0
305 0
310 0
315 0
320 0
325 0
330 0
335 0
340 0
345 0
350 0
355 0
360 0
365 0
370 0
375 0
380 0
385 0
390 0
395 0
400 0
405 0
410 0
415 0
420 0
425 0
430 0
435 0
440 0
445 0
450 0
455 0
460 0
465 0
470 0
475 0
480 0
485 0
490 0
495 0
201 0
5 0
10 54.7
15 12.3
20 9.8
25 6.9
30 4.5
35 2.5
40 2.1
45 1.4
50 0.6
55 1.1
60 1.1
65 0.4
70 0.2
75 0.3
80 0.3
85 0.3
90 0.3
95 0.2
100 0
105 0.1
110 0
115 0.1
120 0.1
125 0
130 0.1
135 0.2
140 0
145 0.2
150 0
155 0
160 0
165 0
170 0.1
175 0
180 0
185 0
190 0
195 0
200 0
205 0
210 0
215 0
220 0
225 0
230 0.1
235 0
240 0
245 0
250 0
255 0
260 0
265 0
270 0
275 0
280 0
285 0
290 0
295 0
300 0
305 0
310 0
315 0
320 0
325 0
330 0
335 0
340 0
345 0
350 0
355 0
360 0
365 0
370 0
375 0
380 0
385 0
390 0
395 0
400 0
405 0
410 0
415 0
420 0
425 0
430 0
435 0
440 0
445 0
450 0
455 0
460 0
465 0
470 0
475 0
480 0
485 0
490 0
495 0
229 0
5 0
10 37
15 12.3
20 7.7
25 6.4
30 6.9
35 4.4
40 3.2
45 2.9
50 2.4
55 1.5
60 1.8
65 1.9
70 2
75 0.9
80 0.3
85 0.3
90 0.4
95 0.5
100 0.4
105 0.7
110 0.3
115 1
120 0.2
125 0.5
130 0.7
135 0.1
140 0
145 0.4
150 0.1
155 0.6
160 0.1
165 0
170 0.4
175 0.1
180 0.1
185 0.1
190 0.2
195 0.4
200 0.2
205 0
210 0
215 0.1
220 0
225 0.1
230 0.2
235 0
240 0
245 0
250 0
255 0
260 0.1
265 0
270 0
275 0
280 0
285 0.1
290 0
295 0
300 0
305 0
310 0
315 0
320 0
325 0
330 0
335 0
340 0
345 0
350 0
355 0
360 0
365 0
370 0
375 0
380 0
385 0
390 0
395 0
400 0
405 0
410 0
415 0
420 0
425 0
430 0
435 0
440 0
445 0
450 0
455 0
460 0
465 0
470 0
475 0
480 0
485 0
490 0
495 0
280 0
5 0
10 59.3
15 14.6
20 8.8
25 5.3
30 3.2
35 2.9
40 1.6
45 1.4
50 0.7
55 0.6
60 0.5
65 0.6
70 0
75 0.1
80 0.3
85 0.1
90 0
95 0
100 0
105 0
110 0
115 0
120 0
125 0
130 0
135 0
140 0
145 0
150 0
155 0
160 0
165 0
170 0
175 0
180 0
185 0
190 0
195 0
200 0
205 0
210 0
215 0
220 0
225 0
230 0
235 0
240 0
245 0
250 0
255 0
260 0
265 0
270 0
275 0
280 0
285 0
290 0
295 0
300 0
305 0
310 0
315 0
320 0
325 0
330 0
335 0
340 0
345 0
350 0
355 0
360 0
365 0
370 0
375 0
380 0
385 0
390 0
395 0
400 0
405 0
410 0
415 0
420 0
425 0
430 0
435 0
440 0
445 0
450 0
455 0
460 0
465 0
470 0
475 0
480 0
485 0
490 0
495 0
82 0
5 0
10 49.6
15 15.1
20 9
25 5.1
30 4.2
35 3
40 2.5
45 1.3
50 2.3
55 2
60 1.1
65 0.7
70 0.5
75 0.6
80 0.4
85 0
90 0.1
95 0.1
100 0.2
105 0.1
110 0
115 0.1
120 0
125 0.1
130 0.2
135 0.3
140 0.1
145 0.3
150 0.2
155 0
160 0
165 0
170 0
175 0.1
180 0.4
185 0.1
190 0.2
195 0
200 0
205 0
210 0
215 0
220 0
225 0
230 0
235 0
240 0
245 0
250 0
255 0
260 0
265 0
270 0
275 0
280 0
285 0
290 0
295 0
300 0
305 0
310 0
315 0
320 0
325 0
330 0
335 0
340 0
345 0
350 0
355 0
360 0
365 0
370 0
375 0
380 0
385 0
390 0
395 0
400 0
405 0
410 0
415 0
420 0
425 0
430 0
435 0
440 0
445 0
450 0
455 0
460 0
465 0
470 0
475 0
480 0
485 0
490 0
495 0
187 0
5 0
10 54.7
15 14.3
20 6.3
25 6.2
30 4
35 3.6
40 2.1
45 1.6
50 1.2
55 0.8
60 0.2
65 0.3
70 0.3
75 0.4
80 0.9
85 0.7
90 0.3
95 0.4
100 0.1
105 0
110 0.1
115 0.1
120 0.2
125 0
130 0.1
135 0.1
140 0.2
145 0.1
150 0
155 0.1
160 0.1
165 0.1
170 0
175 0
180 0
185 0
190 0
195 0.2
200 0
205 0.2
210 0
215 0
220 0
225 0
230 0
235 0
240 0
245 0
250 0
255 0
260 0
265 0
270 0
275 0
280 0
285 0
290 0
295 0
300 0
305 0
310 0
315 0
320 0
325 0
330 0
335 0
340 0
345 0
350 0
355 0
360 0
365 0
370 0
375 0
380 0
385 0
390 0
395 0
400 0
405 0
410 0
415 0
420 0
425 0
430 0
435 0
440 0
445 0
450 0
455 0
460 0
465 0
470 0
475 0
480 0
485 0
490 0
495 0
204 0
5 0
10 56.2
15 12.1
20 9.8
25 5
30 3.4
35 2.9
40 2.5
45 1.9
50 1.4
55 1
60 0.5
65 0.5
70 0.6
75 0.5
80 0
85 0.3
90 0.1
95 0.1
100 0.4
105 0
110 0
115 0
120 0
125 0.1
130 0
135 0.1
140 0
145 0
150 0
155 0
160 0.1
165 0
170 0
175 0
180 0
185 0
190 0
195 0
200 0
205 0
210 0
215 0.1
220 0
225 0
230 0
235 0
240 0
245 0.1
250 0.2
255 0.1
260 0
265 0
270 0
275 0
280 0
285 0
290 0
295 0
300 0
305 0
310 0
315 0
320 0
325 0
330 0
335 0
340 0
345 0
350 0
355 0
360 0
365 0
370 0
375 0
380 0
385 0
390 0
395 0
400 0
405 0
410 0
415 0
420 0
425 0
430 0
435 0
440 0
445 0
450 0
455 0
460 0
465 0
470 0
475 0
480 0
485 0
490 0
495 0
250 0
5 0
10 57.8
15 13.6
20 6.5
25 6.6
30 3.9
35 2.3
40 1.8
45 1.4
50 1.1
55 1.6
60 0.6
65 0.4
70 0.5
75 0.2
80 0.5
85 0.2
90 0
95 0.1
100 0.3
105 0
110 0.1
115 0
120 0.2
125 0
130 0
135 0.1
140 0
145 0
150 0
155 0
160 0
165 0
170 0
175 0
180 0
185 0
190 0
195 0
200 0
205 0
210 0
215 0
220 0
225 0
230 0.1
235 0
240 0
245 0.1
250 0
255 0
260 0
265 0
270 0
275 0
280 0
285 0
290 0
295 0
300 0
305 0
310 0
315 0
320 0
325 0
330 0
335 0
340 0
345 0
350 0
355 0
360 0
365 0
370 0
375 0
380 0
385 0
390 0
395 0
400 0
405 0
410 0
415 0
420 0
425 0
430 0
435 0
440 0
445 0
450 0
455 0
460 0
465 0
470 0
475 0
480 0
485 0
490 0
495 0
243 0
5 0
10 54.6
15 13
20 8.9
25 5.2
30 3.4
35 2.6
40 3.6
45 2.3
50 1.3
55 1.1
60 0.5
65 0.7
70 0.1
75 0.3
80 0.5
85 0.4
90 0.1
95 0
100 0.2
105 0.2
110 0.4
115 0.2
120 0
125 0
130 0
135 0
140 0.1
145 0
150 0
155 0.2
160 0.1
165 0
170 0
175 0
180 0
185 0
190 0
195 0
200 0
205 0
210 0
215 0
220 0
225 0
230 0
235 0
240 0
245 0
250 0
255 0
260 0
265 0
270 0
275 0
280 0
285 0
290 0
295 0
300 0
305 0
310 0
315 0
320 0
325 0
330 0
335 0
340 0
345 0
350 0
355 0
360 0
365 0
370 0
375 0
380 0
385 0
390 0
395 0
400 0
405 0
410 0
415 0
420 0
425 0
430 0
435 0
440 0
445 0
450 0
455 0
460 0
465 0
470 0
475 0
480 0
485 0
490 0
495 0
155 0
5 0
10 44.6
15 16.3
20 10.3
25 5.2
30 4.4
35 3.7
40 2.9
45 1.5
50 1.3
55 1.1
60 1.5
65 1.3
70 0.8
75 0.4
80 0.4
85 0.3
90 0.3
95 0.4
100 0.4
105 0.2
110 0.2
115 0
120 0.4
125 0.1
130 0.1
135 0.2
140 0.2
145 0.2
150 0.2
155 0.2
160 0
165 0.1
170 0.1
175 0
180 0
185 0
190 0
195 0.2
200 0
205 0.1
210 0
215 0
220 0.2
225 0
230 0
235 0.2
240 0
245 0
250 0
255 0
260 0
265 0
270 0
275 0
280 0
285 0
290 0
295 0
300 0
305 0
310 0
315 0
320 0
325 0
330 0
335 0
340 0
345 0
350 0
355 0
360 0
365 0
370 0
375 0
380 0
385 0
390 0
395 0
400 0
405 0
410 0
415 0
420 0
425 0
430 0
435 0
440 0
445 0
450 0
455 0
460 0
465 0
470 0
475 0
480 0
485 0
490 0
495 0
233 0
5 0
10 47.9
15 14.2
20 7.1
25 6.5
30 4.5
35 2.9
40 3.9
45 2.1
50 1.8
55 1.9
60 1.2
65 0.7
70 0.8
75 1.3
80 1.2
85 0.6
90 0.2
95 0.1
100 0.4
105 0.5
110 0.1
115 0
120 0
125 0.1
130 0
135 0
140 0
145 0
150 0
155 0
160 0
165 0
170 0
175 0
180 0
185 0
190 0
195 0
200 0
205 0
210 0
215 0
220 0
225 0
230 0
235 0
240 0
245 0
250 0
255 0
260 0
265 0
270 0
275 0
280 0
285 0
290 0
295 0
300 0
305 0
310 0
315 0
320 0
325 0
330 0
335 0
340 0
345 0
350 0
355 0
360 0
365 0
370 0
375 0
380 0
385 0
390 0
395 0
400 0
405 0
410 0
415 0
420 0
425 0
430 0
435 0
440 0
445 0
450 0
455 0
460 0
465 0
470 0
475 0
480 0
485 0
490 0
495 0
123 0
5 0
10 47.3
15 11.6
20 10.1
25 5.9
30 5.3
35 3.2
40 3.3
45 2.5
50 1.6
55 1.6
60 1.7
65 0.9
70 1
75 0.8
80 0.3
85 0.4
90 0.2
95 0.1
100 0.2
105 0.3
110 0
115 0.2
120 0
125 0
130 0
135 0
140 0.1
145 0
150 0
155 0
160 0.1
165 0
170 0
175 0.1
180 0.1
185 0
190 0
195 0
200 0.1
205 0
210 0.1
215 0.1
220 0.2
225 0
230 0
235 0.1
240 0
245 0
250 0
255 0
260 0
265 0
270 0
275 0
280 0
285 0
290 0
295 0
300 0
305 0
310 0
315 0
320 0
325 0
330 0
335 0
340 0.1
345 0
350 0.1
355 0
360 0
365 0
370 0
375 0
380 0.2
385 0.1
390 0
395 0
400 0
405 0
410 0
415 0
420 0
425 0
430 0
435 0
440 0
445 0
450 0
455 0
460 0
465 0
470 0
475 0
480 0
485 0
490 0
495 0
381 0
5 0
10 49.6
15 13.8
20 8.3
25 6.9
30 5.1
35 2.6
40 2.7
45 1.9
50 1.7
55 0.6
60 1.1
65 0.7
70 0.5
75 0.8
80 0.4
85 0.4
90 0.2
95 0
100 0.2
105 0.2
110 0
115 0.2
120 0.3
125 0
130 0
135 0.3
140 0.2
145 0
150 0.2
155 0
160 0
165 0
170 0
175 0.2
180 0
185 0
190 0
195 0
200 0
205 0
210 0
215 0.1
220 0.1
225 0
230 0
235 0.2
240 0.1
245 0
250 0
255 0.3
260 0.1
265 0
270 0
275 0
280 0
285 0
290 0
295 0
300 0
305 0
310 0
315 0
320 0
325 0
330 0
335 0
340 0
345 0
350 0
355 0
360 0
365 0
370 0
375 0
380 0
385 0
390 0
395 0
400 0
405 0
410 0
415 0
420 0
425 0
430 0
435 0
440 0
445 0
450 0
455 0
460 0
465 0
470 0
475 0
480 0
485 0
490 0
495 0
256 0
5 0
10 42.1
15 12.8
20 9.3
25 8.6
30 3.6
35 3.3
40 3.2
45 2.8
50 2.6
55 1.5
60 1.6
65 1.2
70 0.7
75 1.2
80 0.9
85 0.7
90 0.6
95 0.3
100 0.3
105 0.6
110 0.4
115 0.2
120 0.2
125 0.1
130 0
135 0.1
140 0.1
145 0.3
150 0.1
155 0
160 0.1
165 0
170 0.1
175 0
180 0.1
185 0
190 0
195 0
200 0.1
205 0
210 0
215 0
220 0
225 0
230 0
235 0.1
240 0
245 0
250 0
255 0.1
260 0
265 0
270 0
275 0
280 0
285 0
290 0
295 0
300 0
305 0
310 0
315 0
320 0
325 0
330 0
335 0
340 0
345 0
350 0
355 0
360 0
365 0
370 0
375 0
380 0
385 0
390 0
395 0
400 0
405 0
410 0
415 0
420 0
425 0
430 0
435 0
440 0
445 0
450 0
455 0
460 0
465 0
470 0
475 0
480 0
485 0
490 0
495 0
253 0
