5
5
8
8
6
11
14
6
9
10
23
19
25
6
26
26
15
30
35
36
15
33
39
36
33
41
47
46
33
45
42
36
54
44
42
13
56
17
22
20
9
54
74
24
77
72
71
27
70
27
74
30
72
23
76
33
76
80
20
80
35
78
86
90
42
80
36
94
46
84
98
120
52
53
12
122
54
12
48
124
57
6
27
110
61
120
21
105
64
123
8
64
74
67
117
167
70
20
171
68
155
80
183
154
181
138
179
27
189
182
196
145
186
199
197
143
189
191
199
145
193
203
99
196
207
181
202
70
199
215
178
73
217
129
219
213
124
222
175
208
170
90
230
226
234
234
225
237
238
238
143
242
230
245
141
272
249
276
248
253
245
246
201
255
249
258
144
261
255
151
264
256
268
260
266
306
272
264
310
270
276
267
313
279
270
275
317
278
274
320
307
273
276
324
306
277
280
327
281
282
331
281
286
178
283
257
290
287
293
272
185
267
350
301
355
215
354
304
180
308
205
280
166
311
206
315
355
315
319
317
265
381
317
320
323
166
324
327
393
327
308
331
397
322
305
332
324
304
335
328
306
393
338
332
310
392
342
336
308
345
419
340
312
349
344
310
426
353
347
356
313
349
433
357
307
353
361
437
308
357
365
440
306
359
364
443
305
362
368
447
308
366
369
451
370
459
373
455
374
462
375
458
377
378
456
469
380
380
460
468
384
383
388
468
387
475
391
469
391
395
481
394
397
484
390
401
393
405
486
397
406
498
490
397
410
502
494
398
414
506
400
418
490
509
403
421
511
407
494
425
514
410
497
517
566
414
497
520
527
418
500
524
418
504
532
526
422
529
508
418
530
512
422
497
533
516
426
536
520
430
503
434
456
541
528
434
439
542
532
438
429
544
534
442
407
548
534
442
551
413
537
444
551
403
540
448
555
541
452
556
542
454
559
538
457
562
540
461
544
460
565
547
462
568
550
466
568
461
572
558
465
576
561
469
579
560
471
580
559
473
580
562
566
477
580
564
569
480
582
567
573
483
586
570
576
487
590
572
593
581
565
596
584
565
591
587
567
628
590
589
573
626
594
593
575
630
588
596
579
631
592
596
582
635
596
599
583
637
603
758
583
634
605
760
586
637
603
589
639
605
618
591
643
609
622
595
639
612
594
642
615
624
582
636
625
623
580
640
629
627
584
643
629
630
588
647
633
590
649
635
637
594
651
639
636
655
639
657
643
642
661
646
664
649
642
668
653
646
672
655
649
675
659
679
656
661
680
660
825
663
684
664
829
665
688
668
833
669
691
670
837
668
691
673
838
666
692
676
842
668
695
678
844
672
698
682
846
676
694
686
850
676
695
688
854
699
902
692
856
703
906
696
860
706
910
700
864
703
913
703
870
706
911
706
874
915
878
918
882
921
884
925
888
926
891
930
895
934
898
936
902
940
906
944
910
943
914
947
918
949
920
953
923
954
926
955
924
959
927
963
928
964
931
967
935
937
974
941
978
940
981
942
984
946
986
950
989
953
991
957
995
952
993
956
996
960
999
964
1003
968
970
1086
1011
973
1089
1015
974
1093
1017
978
1097
1021
978
1101
1022
982
1104
1025
1107
988
1019
1110
992
1023
1114
995
1025
1116
997
1029
1120
1000
1029
1121
997
1032
1125
999
1036
1129
1002
1038
1133
1006
1041
1135
1008
1044
1139
1012
1047
1143
1015
1051
1143
1019
1055
1147
1023
1058
1149
1027
1062
1150
1031
1066
1152
1033
1070
1155
1037
1073
1158
1040
1077
1162
1044
1079
1165
1045
1077
1169
1048
1080
1173
1052
1082
1177
1054
1084
1179
1058
1086
1183
1059
1090
1187
1061
1094
1189
1065
1098
1193
1069
1102
1195
1073
1103
1197
1076
1201
1080
1106
1205
1083
1110
1208
1084
1113
1211
1088
1116
1215
1092
1117
1216
1096
1121
1216
1100
1124
1220
1104
1128
1224
1107
1127
1228
1111
1130
1232
1133
1235
1137
1236
1137
1239
1139
1240
1143
1243
1146
1246
1150
1314
1250
1154
1315
1253
1157
1299
1256
1301
1259
1305
1262
1309
1263
1311
1266
1315
1270
1309
1265
1305
1268
1305
1272
1304
1269
1296
1273
1285
1276
1288
1280
1292
1284
1280
1288
1275
1292
1273
1296
1267
1299
1266
1303
1266
1306
1270
1310
1310
1314
1317
1321
1325
1324
1328
1332
1334
1338
1340
1342
1391
1342
1392
1344
1396
1347
1392
1349
1395
1352
1395
1354
1357
1402
1406
1410
1413
1413
1416
1409
1413
1414
1418
1416
1413
1417
1682
1684
1687
1691
1693
1697
1699
1703
1699
1703
1706
1710
1713
1717
1720
1723
1727
1724
1725
1727
1719
1723
1716
1719
1722
1725
1725
1729
1728
1726
1727
1729
1724
1728
1730
1732
1735
1738
1736
1737
1739
1742
1742
1744
1742
1746
1749
1748
1749
1748
1752
1741
1741
1741
1889
1889
1873
1869
1863
1867
2004
1988
1966
1969
1970
1957
1960
1955
1954
1957
2021
1958
1967
1956
3669
3600
3548
3543
3511
3503
5
6
5
8
14
14
6
17
6
17
14
20
22
28
27
27
32
29
30
41
36
25
33
45
27
8
36
31
40
55
53
57
62
50
45
68
69
66
18
24
70
56
79
35
81
74
50
85
13
92
89
73
91
93
74
95
77
103
85
96
80
105
99
54
103
79
42
78
32
111
82
12
81
115
85
118
44
124
122
43
8
11
126
143
97
133
126
98
133
130
99
100
135
134
139
106
143
82
102
145
106
8
88
143
107
44
188
137
111
31
143
11
112
37
111
6
6
9
115
200
9
116
80
204
213
84
213
61
124
216
226
45
6
28
205
48
209
140
239
143
49
202
238
143
49
43
144
33
247
148
257
257
147
221
257
149
265
260
256
153
265
262
157
269
249
161
274
272
252
161
162
277
274
254
157
274
277
257
151
278
153
279
282
255
154
282
286
251
149
283
289
246
144
286
293
240
148
290
293
244
147
283
297
241
151
284
298
232
149
278
300
207
151
303
199
283
155
307
280
157
311
203
161
315
199
282
165
319
169
281
163
323
164
276
161
326
168
279
160
328
172
282
163
331
174
283
165
331
176
283
169
335
176
285
339
287
376
343
291
375
347
295
379
351
295
382
354
298
386
361
390
416
364
393
419
363
397
451
367
401
320
455
369
405
459
369
409
321
462
372
412
324
463
374
318
420
467
378
322
424
462
381
323
428
466
384
327
431
470
387
435
474
391
325
435
478
323
399
439
482
327
402
440
484
405
488
333
446
408
489
337
450
412
491
340
452
416
489
455
420
492
459
350
423
495
462
347
426
499
462
341
429
502
463
338
433
503
457
342
437
507
461
344
441
510
465
346
445
513
469
347
448
517
473
351
451
521
477
453
525
480
455
527
484
459
527
488
462
530
492
465
530
496
469
533
500
473
537
592
504
539
595
501
481
540
599
505
484
544
602
508
488
546
606
508
492
549
607
512
496
553
611
516
498
557
615
519
500
561
619
521
499
558
620
523
502
560
623
527
506
562
627
531
507
566
630
535
510
570
634
536
514
568
638
540
514
570
641
544
516
573
644
544
517
577
647
547
518
581
651
547
522
585
655
550
525
589
655
554
528
590
657
557
531
588
661
561
535
589
664
565
539
587
667
569
543
590
671
572
547
590
673
576
551
593
677
580
554
595
681
584
556
596
685
588
559
599
592
561
602
690
593
565
604
692
597
569
606
692
601
573
610
694
602
572
614
698
605
576
611
700
604
577
613
701
608
578
615
703
612
582
619
707
616
585
621
710
620
589
624
714
624
592
628
715
627
596
630
715
630
599
632
719
634
633
637
722
637
639
726
639
643
729
643
647
728
647
651
732
650
655
732
653
654
735
657
658
736
661
660
740
659
663
743
657
670
667
747
660
671
750
675
754
757
761
765
768
772
773
777
874
780
857
783
853
787
835
789
839
791
843
791
805
795
788
798
802
789
799
791
802
781
804
778
808
812
811
815
819
821
823
1039
826
1043
830
1047
834
1051
838
1054
842
1058
842
1061
846
1065
849
1067
849
1066
852
1068
856
1072
1075
1078
1082
1086
1111
1088
1111
1092
1114
1096
1113
1099
1107
1103
1110
1106
1112
1108
1114
1112
1112
1116
1106
1120
1105
1121
1095
1125
1098
1128
1087
1131
1082
1134
1086
1138
1087
1142
1077
1146
1080
1148
1080
1152
1084
1152
1082
1156
1160
1078
1160
1075
1164
1079
1167
1077
1171
1247
1080
1173
1250
1084
1175
1252
1079
1179
1251
1073
1180
1254
1075
1184
1256
1076
1187
1258
1074
1191
1259
1070
1195
1255
1199
1258
1201
1256
1205
1260
1209
1260
1213
1261
1211
1263
1214
1264
1209
1263
1213
1267
1217
1267
1219
1271
1222
1274
1226
1268
1230
1271
1233
1275
1234
1271
1234
1267
1234
1267
1237
1271
1240
1273
1238
1277
1239
1278
1243
1280
1246
1284
1244
1287
1248
1285
1252
1281
1256
1284
1252
1287
1419
1255
1290
1423
1258
1294
1427
1260
1293
1431
1264
1297
1433
1265
1301
1436
1269
1301
1438
1273
1305
1442
1277
1309
1443
1280
1307
1441
1280
1308
1439
1284
1307
1442
1287
1305
1445
1287
1305
1448
1291
1307
1451
1294
1310
1452
1297
1314
1454
1293
1306
1458
1294
1306
1462
1298
1310
1466
1302
1314
1468
1305
1308
1470
1307
1309
1474
1311
1478
1481
1483
1485
1489
1493
1497
1501
1504
1506
1507
1510
1514
1517
1517
1520
1524
1527
1531
1533
1537
1539
1542
1546
1547
1549
1553
1556
1560
1560
1564
1568
1572
1571
1575
1579
1581
1584
1584
1588
1591
1595
1598
1602
1605
1606
1607
1607
1609
1610
1613
1617
1621
1625
1628
1631
1634
1638
1633
1637
1641
1643
1647
1649
1653
1655
1659
1662
1666
1670
1674
1677
1681
1685
1689
1692
2068
2069
2073
2077
2078
2075
2079
2075
2078
2081
2085
2088
2089
2066
2070
2070
2071
2073
2074
2074
2076
2077
2081
2085
2082
2084
2086
2087
2090
2094
2097
2098
2094
2094
2098
2085
2086
2087
2088
2092
2094
2091
5
5
5
8
14
5
16
13
19
17
24
26
27
9
31
29
35
30
27
35
28
18
26
37
25
38
34
36
12
39
56
65
43
67
46
74
75
50
31
78
79
79
57
33
82
61
5
9
8
97
68
97
95
67
98
37
69
99
18
104
73
103
18
77
110
107
121
78
111
78
117
8
82
12
87
128
86
125
75
88
129
68
38
89
133
93
138
48
136
138
100
32
140
97
35
126
139
100
142
171
128
104
146
131
172
108
150
173
112
154
135
115
131
180
161
119
125
183
123
129
201
126
204
128
130
115
207
134
32
118
217
121
140
217
116
13
119
25
227
227
110
157
223
230
95
159
227
234
82
161
228
83
160
232
242
81
163
229
244
68
163
248
66
167
232
251
66
171
234
255
274
173
235
258
276
176
237
261
279
179
237
265
280
182
240
269
185
234
273
286
189
235
277
293
192
234
284
297
196
238
288
301
196
290
243
305
199
292
247
309
202
295
250
309
206
299
252
313
210
302
254
315
213
257
319
216
309
251
320
215
312
247
216
316
326
245
218
316
330
244
221
320
332
241
225
324
244
229
340
326
244
233
340
247
237
377
242
346
241
383
246
350
244
387
250
350
245
391
352
244
415
356
244
398
359
248
401
363
252
428
405
367
255
427
409
371
257
422
416
375
261
422
420
376
262
416
377
264
424
418
379
267
422
376
268
410
425
380
272
413
429
382
276
417
432
384
276
413
436
386
279
413
390
283
443
394
287
417
447
397
291
418
448
397
295
419
452
401
297
422
456
404
300
426
460
408
302
418
464
411
306
414
465
413
310
414
469
417
313
409
472
421
410
475
539
421
410
478
540
421
400
481
544
424
402
485
547
428
404
489
542
432
398
493
541
428
496
545
404
431
500
544
401
435
500
547
398
438
504
551
386
442
507
554
385
446
510
556
384
450
560
386
517
453
564
384
516
455
564
388
518
459
565
520
455
567
524
456
571
625
526
457
571
627
530
460
574
627
532
464
578
631
535
466
582
634
539
470
575
626
542
471
579
546
475
583
631
548
479
584
632
546
483
584
629
548
487
588
633
551
491
587
630
554
495
590
632
558
497
594
635
560
500
597
635
564
504
589
639
568
507
592
643
570
511
596
638
574
514
598
641
578
518
602
643
580
520
604
647
584
522
605
651
587
526
606
528
593
658
594
531
595
660
598
534
599
658
602
536
603
642
606
539
606
644
610
543
609
639
611
546
611
629
615
615
619
635
614
619
635
613
621
638
610
625
637
612
629
764
634
616
633
768
631
620
637
769
625
624
640
767
623
627
641
770
626
631
645
773
625
628
649
754
627
632
652
755
629
631
656
752
632
633
660
756
633
637
664
754
637
641
668
758
639
645
672
641
761
647
675
642
762
649
679
749
652
682
745
656
686
745
659
688
741
663
696
744
700
748
737
703
723
749
726
710
733
730
710
725
732
714
729
724
718
717
728
719
720
730
723
724
733
726
724
736
728
721
740
732
744
888
734
748
875
738
751
873
753
871
754
909
847
913
849
915
831
918
817
922
814
926
779
930
779
931
930
933
937
941
944
948
947
950
954
957
959
963
966
970
973
977
981
984
988
989
992
996
1106
996
1121
1110
999
1125
1114
999
1128
1118
1002
1131
1122
1006
1133
1125
1009
1136
1129
1013
1140
1131
1014
1144
1130
1017
1142
1134
1018
1145
1134
1022
1149
1136
1025
1153
1139
1027
1151
1133
1031
1153
1124
1035
1155
1125
1037
1157
1129
1041
1161
1131
1045
1164
1133
1046
1168
1137
1050
1171
1139
1053
1169
1143
1057
1172
1140
1059
1176
1139
1061
1180
1142
1065
1183
1144
1069
1185
1143
1072
1187
1145
1075
1190
1149
1078
1194
1145
1080
1197
1140
1083
1141
1204
1087
1143
1208
1091
1144
1212
1093
1146
1216
1097
1145
1219
1101
1149
1221
1105
1151
1222
1104
1155
1226
1103
1159
1228
1107
1163
1232
1109
1167
1236
1171
1116
1237
1171
1119
1241
1174
1123
1243
1177
1122
1240
1180
1239
1172
1240
1176
1243
1180
1247
1184
1247
1187
1248
1190
1251
1185
1255
1188
1255
1185
1252
1189
1253
1189
1257
1190
1259
1194
1263
1196
1266
1268
1268
1272
1276
1279
1282
1279
1265
1283
1236
1284
1286
1286
1290
1290
1294
1297
1300
1303
1306
1309
1313
1316
1314
1314
1318
1322
1324
1525
1529
1523
1506
1510
1514
1515
1519
1514
1494
1497
1855
1852
1856
1858
1857
1860
1863
1865
1869
1872
1876
1877
1881
1883
1887
1891
1895
1896
1898
1902
1906
1910
1914
1915
1919
1922
1925
1928
1932
1936
1938
1941
1945
1949
1944
1947
1951
1955
1955
1959
1963
1966
1970
1974
1977
1981
1984
1987
1991
1995
1998
2002
2005
2009
2011
2015
2019
2023
2027
2031
2035
2036
2040
2044
2048
2050
2051
2055
2050
2054
2058
2060
2063
2067
2070
2070
2074
2078
2079
2081
2080
2084
2086
2088
2092
2094
2098
2102
5
5
8
6
14
15
5
13
21
23
20
17
27
6
28
23
10
24
36
39
12
27
39
43
44
48
47
46
28
40
49
61
26
63
62
64
62
49
63
35
63
51
22
41
62
47
87
65
91
69
28
71
84
100
74
85
14
104
78
88
35
104
79
82
113
82
86
86
86
89
63
68
85
41
62
26
93
19
144
64
96
147
68
99
139
103
143
154
74
104
147
157
77
107
157
77
109
161
160
109
174
161
160
113
90
163
164
115
167
155
118
187
169
157
126
172
193
154
130
174
201
158
128
180
204
127
12
184
206
131
187
116
120
70
118
119
187
56
123
175
137
53
126
123
181
128
26
132
239
133
27
137
29
132
248
249
136
131
201
250
134
203
141
247
111
141
250
210
110
252
146
209
89
256
150
65
259
256
154
263
163
157
265
165
264
161
266
162
154
270
159
270
154
274
163
273
152
278
164
276
140
280
167
278
133
284
170
128
284
285
173
126
288
289
174
292
124
174
291
123
170
300
294
174
303
296
355
178
298
359
182
311
360
184
304
315
364
187
306
318
367
191
310
322
192
313
326
372
192
316
329
374
191
320
330
378
194
324
334
382
194
328
338
384
198
340
388
197
340
391
344
393
204
345
348
392
208
345
352
396
212
348
356
396
215
352
358
398
217
354
360
399
220
351
364
396
353
365
400
352
367
402
355
370
466
402
358
369
464
398
360
373
465
402
362
377
469
404
365
378
471
408
369
380
409
477
370
382
399
480
374
385
399
484
375
389
402
488
373
391
492
376
392
409
496
376
395
411
498
380
397
415
501
383
400
416
501
387
404
420
505
391
407
421
508
389
409
425
511
393
412
428
508
397
415
432
512
400
419
435
516
398
422
435
519
400
426
436
518
427
439
405
520
430
443
408
523
434
446
412
527
438
446
416
531
450
418
445
534
451
422
448
535
455
450
538
457
428
454
540
458
458
544
434
461
458
546
437
462
460
550
441
463
464
552
444
467
467
556
446
466
471
558
446
469
472
562
450
472
474
564
453
472
476
566
457
476
480
570
474
464
484
574
475
468
487
576
463
490
480
577
464
482
581
498
468
483
584
502
465
487
585
506
620
489
589
510
624
493
590
514
620
497
594
517
486
593
618
521
624
588
622
525
619
590
621
527
606
594
625
531
594
598
626
531
566
600
629
534
555
603
632
536
607
636
540
611
639
542
615
642
545
616
614
548
620
608
552
624
611
556
623
613
560
627
616
563
628
616
567
631
797
612
570
634
798
602
574
637
801
603
640
804
601
642
808
603
646
810
600
650
806
602
653
813
810
603
656
817
814
660
824
820
818
664
828
824
822
659
821
827
825
660
824
831
828
661
827
835
832
660
819
839
836
663
815
842
840
665
817
845
842
662
809
849
846
664
812
853
850
665
812
855
854
668
812
859
856
812
862
859
811
866
862
810
870
866
798
873
870
791
876
871
789
880
874
791
884
878
790
888
882
788
891
886
781
894
890
913
785
897
894
891
786
901
896
874
781
905
899
828
782
909
900
828
782
909
896
824
780
913
899
780
916
903
755
915
903
919
907
919
911
923
915
927
916
930
920
930
924
934
927
937
928
941
932
1040
944
935
1044
944
939
1042
948
942
1037
950
942
1040
953
944
1044
956
940
1043
958
942
1044
961
945
1047
965
948
1041
968
951
1038
972
955
1042
972
954
1046
976
958
979
962
1047
982
966
1050
986
970
1037
990
974
1040
994
975
1026
998
978
1030
1002
982
1032
1005
985
1033
1009
989
1032
1008
993
1035
1012
997
1036
1012
999
1032
1015
1001
1018
998
1038
1018
1002
1032
1022
1006
1036
1026
1004
1040
1027
1008
1044
1031
1012
1044
1034
1016
1041
1038
1019
1043
1042
1022
1044
1046
1022
1045
1048
1026
1046
1052
1030
1041
1054
1032
1045
1057
1036
1048
1061
1040
1044
1065
1044
1045
1068
1046
1033
1071
1050
1036
1073
1054
1039
1076
1057
1040
1077
1060
1040
1081
1061
1044
1081
1064
1047
1085
1067
1071
1092
1070
1093
1073
1096
1077
1099
1103
1107
1111
1111
1111
1115
1119
1123
1126
1129
1132
1135
1139
1528
1531
1535
1539
1542
1546
1550
1554
1555
1559
1563
1563
1567
1568
1572
1576
1580
1584
1588
1591
1595
1599
1602
1606
1609
1613
1615
1619
1623
1627
1626
1630
1634
1638
1640
1642
1646
1650
1652
1654
1649
1653
1647
1649
1649
1652
1656
1660
1663
1667
1669
1669
1672
1675
1678
1681
1685
1688
1690
1694
1697
1701
1704
1707
1711
1715
1863
1718
1867
1720
1865
1724
1841
1728
1837
1731
1841
1732
1843
1736
1841
1740
1843
1744
1831
1747
1835
1751
1837
1754
1820
1758
1808
1762
1809
1766
1778
1769
1776
1772
1769
1774
1757
1778
1754
1779
1782
1786
1790
1794
1798
1802
1801
1803
1806
1802
1805
1809
1811
1815
1818
1819
1821
2304
2295
5
5
5
6
5
16
16
16
19
5
13
5
13
17
29
31
34
20
33
35
21
41
12
42
28
36
16
49
29
30
61
58
12
34
62
54
60
38
54
6
37
65
71
40
77
37
81
53
67
41
88
94
47
93
97
88
104
52
108
88
56
41
111
60
105
101
115
64
115
117
59
46
120
53
84
57
140
57
126
58
142
130
60
123
44
64
9
68
140
102
70
143
71
37
149
155
70
155
58
158
109
62
161
154
60
164
63
163
168
173
65
160
174
170
66
156
121
70
157
143
73
182
94
192
77
186
72
198
189
199
202
192
203
196
206
83
208
197
83
212
201
109
83
215
203
203
86
217
207
203
89
220
252
92
223
236
220
92
230
238
94
234
239
94
236
243
232
98
238
235
96
239
237
100
250
241
104
242
257
108
248
242
108
251
246
264
107
247
258
108
270
261
263
110
270
263
114
267
114
265
277
271
118
275
332
275
121
275
297
286
121
279
288
123
349
127
286
296
128
354
290
132
354
294
282
298
371
301
375
375
301
376
304
380
382
394
306
398
310
388
332
396
313
387
336
399
317
388
399
320
399
365
401
324
397
403
405
327
400
407
408
331
410
335
414
339
350
368
415
343
350
372
417
347
376
311
419
349
380
313
419
348
386
419
351
370
421
355
389
425
359
375
389
429
362
446
393
433
366
391
382
437
369
384
436
398
376
440
380
403
444
394
384
405
442
390
388
446
507
391
371
448
511
394
367
452
515
397
353
456
400
460
317
402
464
527
310
403
466
407
433
470
496
411
473
539
415
501
476
443
419
496
480
447
417
483
494
421
483
560
498
425
482
560
501
428
484
561
432
487
435
509
579
437
495
513
583
441
498
587
444
514
502
448
518
504
491
452
519
504
499
456
522
508
501
526
512
463
529
515
604
466
519
536
468
610
521
534
469
518
602
473
484
522
606
476
524
603
525
484
466
526
610
485
529
471
489
617
533
465
614
535
497
572
537
610
501
575
538
505
579
616
540
509
575
619
544
511
578
620
547
515
581
624
550
519
585
612
549
523
589
599
550
523
593
601
554
526
596
594
556
530
600
589
559
533
602
562
536
606
596
562
539
610
600
566
543
612
599
570
546
616
569
547
607
571
601
549
611
572
602
546
606
576
605
549
602
578
586
551
604
582
585
555
606
586
585
558
590
589
612
561
594
574
616
773
595
620
788
755
596
623
783
737
593
744
783
734
595
786
727
598
789
703
601
642
792
668
604
643
795
672
605
788
644
650
609
791
620
654
613
795
623
657
784
626
661
784
664
786
666
774
672
877
776
672
877
778
672
823
782
675
805
764
677
685
756
681
759
684
763
688
764
905
692
764
908
693
761
910
695
757
908
694
751
911
709
749
913
751
917
746
919
749
920
752
923
742
926
742
930
941
746
934
933
749
937
932
752
940
919
756
944
906
755
948
904
951
907
875
955
893
877
959
891
881
961
883
965
884
883
965
883
884
968
883
881
972
886
859
976
890
978
864
892
980
853
895
984
848
898
987
841
902
991
842
906
994
842
910
998
845
914
1002
846
916
1005
846
919
1009
850
909
1011
911
1014
915
1018
871
917
1022
872
914
1026
917
1030
920
1031
924
1032
925
1036
925
1040
929
1044
928
1046
928
1050
927
1054
930
1058
934
1062
1143
936
1066
1142
940
1070
1142
1072
1143
1075
1146
1079
1150
1083
1148
1087
1148
1086
1152
1087
1155
1087
1157
1089
1161
1092
1164
1093
1166
1217
1095
1170
1220
1098
1173
1224
1101
1176
1227
1103
1179
1229
1106
1179
1227
1110
1179
1231
1114
1183
1235
1186
1238
1122
1186
1240
1126
1189
1243
1126
1193
1246
1129
1195
1249
1131
1199
1253
1135
1200
1257
1139
1203
1261
1139
1206
1264
1142
1210
1267
1145
1214
1259
1148
1218
1261
1151
1222
1264
1154
1226
1267
1158
1223
1261
1162
1227
1264
1166
1229
1268
1168
1230
1265
1166
1234
1269
1168
1238
1270
1172
1242
1272
1176
1246
1276
1177
1250
1279
1176
1250
1283
1178
1254
1287
1180
1257
1287
1184
1261
1288
1184
1263
1291
1187
1267
1295
1191
1269
1298
1195
1273
1301
1197
1277
1305
1201
1278
1307
1203
1282
1311
1207
1286
1313
1211
1290
1317
1214
1289
1320
1293
1323
1297
1330
1297
1334
1301
1337
1298
1340
1302
1342
1302
1346
1305
1348
1309
1344
1312
1348
1315
1351
1319
1349
1319
1353
1323
1351
1327
1355
1331
1355
1332
1355
1336
1359
1337
1363
1341
1362
1344
1365
1348
1367
1351
1371
1355
1375
1356
1379
1360
1379
1358
1381
1439
1362
1384
1431
1363
1388
1432
1390
1431
1393
1408
1397
1412
1401
1403
1407
1411
1415
1419
1423
1426
1430
1433
1435
2021
2022
1996
1997
2001
2004
2006
2010
2014
2007
2005
2009
2011
2009
2013
2017
2019
2019
2019
2023
2025
2011
2011
2010
2012
2016
2020
2017
2017
2010
2014
2018
2020
2020
2022
2025
5
5
5
5
6
6
8
6
6
16
17
23
22
22
5
30
28
30
27
36
38
18
28
40
42
41
44
35
45
49
46
9
52
64
52
49
62
71
58
71
68
61
70
65
84
69
69
88
77
70
91
81
71
71
85
68
98
100
5
75
102
76
21
110
108
79
5
111
110
114
100
114
69
101
104
129
122
92
100
96
129
129
100
103
5
138
13
105
110
151
144
109
112
143
110
33
116
122
145
23
117
144
165
129
121
147
133
125
11
135
126
153
179
137
128
183
135
132
187
166
136
133
191
135
196
138
221
199
22
137
221
203
225
207
134
212
31
211
136
244
236
217
139
252
220
239
146
221
243
235
148
224
150
227
251
153
246
228
252
156
250
227
256
153
248
231
259
156
245
233
256
160
241
237
249
162
240
239
165
243
259
244
166
263
234
249
170
266
237
253
173
270
232
257
179
271
261
326
180
263
277
184
333
267
278
179
335
270
282
180
276
341
276
183
277
341
280
183
281
345
279
185
281
280
189
352
281
283
191
355
282
287
195
359
285
290
196
361
289
294
200
292
297
203
369
291
301
206
373
206
377
298
210
312
297
384
212
316
301
388
216
318
304
391
214
322
306
392
213
326
308
394
215
330
312
398
218
334
313
401
221
338
316
402
216
342
317
403
219
343
320
407
222
344
324
410
223
340
327
411
227
343
331
230
343
417
334
345
420
335
349
478
424
341
351
481
428
342
355
483
432
346
358
434
489
346
362
438
489
350
364
439
491
353
368
440
491
357
372
442
493
360
373
495
448
364
376
498
450
368
380
502
454
368
384
506
458
371
386
509
462
373
390
510
466
372
390
513
468
371
394
515
469
375
398
519
472
375
402
523
476
378
406
527
479
379
402
529
483
381
404
385
407
534
491
387
411
536
495
390
415
539
499
393
419
543
500
397
420
546
504
398
423
548
505
427
548
405
430
547
511
408
431
546
515
409
435
550
514
413
552
407
439
522
554
410
443
526
554
411
530
558
451
440
532
562
455
536
566
458
539
569
461
542
569
465
545
573
469
549
575
473
551
574
475
555
578
478
582
479
620
563
586
482
623
565
586
486
627
569
582
484
630
572
586
486
633
575
590
484
633
579
592
636
583
640
595
587
643
599
591
646
600
594
722
650
604
593
725
654
608
595
724
658
610
599
711
662
614
600
708
665
612
604
667
707
616
607
671
705
619
608
675
689
622
611
678
693
621
613
682
696
624
617
682
671
628
621
685
666
631
625
687
661
632
629
685
622
636
632
689
610
639
644
693
613
637
648
697
605
630
652
700
608
634
656
703
604
634
656
707
604
638
660
708
640
664
709
643
664
713
644
716
672
648
717
676
650
721
680
653
724
683
652
728
687
652
728
691
656
722
695
660
726
699
730
699
733
783
894
701
733
895
736
899
707
740
828
902
711
741
827
904
715
744
830
908
719
747
823
912
723
750
827
916
726
754
830
920
729
756
834
924
733
759
829
928
737
763
827
930
741
767
824
933
739
763
824
937
740
765
828
941
769
826
945
773
830
949
774
951
834
776
955
833
780
958
837
782
962
833
785
965
832
789
969
830
793
973
828
797
977
814
799
978
814
802
981
803
804
985
987
954
987
857
987
991
995
998
1018
1001
1054
1015
1003
1041
1019
1006
1036
1023
1009
1020
1022
1012
1013
1025
1012
1013
1004
1015
998
1007
1019
997
1010
1022
995
1009
1026
954
1013
1028
936
1016
1028
903
1006
1031
1003
1035
999
1038
999
1042
985
1046
981
1049
979
1053
965
1053
962
1055
964
1057
968
1056
954
1057
1058
1059
1063
1067
1204
1071
1206
1073
1207
1074
1210
1078
1212
1082
1215
1085
1219
1089
1223
1093
1226
1097
1228
1094
1232
1098
1236
1101
1211
1238
1105
1200
1241
1109
1195
1242
1113
1183
1245
1117
1181
1244
1120
1181
1247
1124
1176
1250
1128
1176
1254
1132
1178
1255
1132
1178
1257
1135
1182
1261
1139
1186
1265
1143
1190
1268
1145
1185
1272
1146
1176
1274
1146
1164
1278
1146
1163
1282
1150
1157
1282
1154
1147
1283
1157
1150
1286
1158
1154
1290
1162
1293
1163
1286
1166
1290
1170
1285
1174
1289
1172
1293
1175
1290
1179
1294
1181
1296
1300
1304
1307
1308
1310
1314
1318
1321
1325
1329
1328
1298
1332
1289
1335
1338
1342
1345
1349
1352
1355
1359
1363
1367
1371
1375
1379
1383
1509
1387
1452
1389
1393
1396
1400
1404
1408
1412
1412
1415
1416
1414
1418
1421
1422
1426
1427
1429
1433
1437
1441
1444
1448
1449
1443
1716
1717
1718
1719
1722
1723
1726
1728
1732
1734
1736
1733
1736
1738
1736
1739
1742
1722
1723
1726
1726
1726
1723
1716
1716
1719
1723
1723
1722
1724
1727
1723
1726
1728
1732
1735
1739
1735
1737
1739
1743
1746
1747
1744
1748
1752
1755
1758
1760
1758
1758
1761
1763
1760
1755
1757
1761
1765
5
5
5
8
12
14
15
16
18
22
21
27
27
30
32
30
35
23
38
46
35
48
41
41
51
44
52
48
59
35
47
68
55
64
59
51
67
61
46
70
63
81
74
59
67
58
71
97
104
69
93
92
71
100
26
22
74
15
115
87
78
85
111
84
96
127
86
119
82
96
98
86
102
141
83
44
99
87
17
37
90
104
132
94
147
105
150
101
154
98
153
104
155
108
160
122
159
107
164
163
109
91
167
112
188
171
190
115
175
142
119
196
177
121
200
181
146
122
135
124
86
126
213
221
60
130
216
134
220
57
219
138
47
231
142
229
50
234
146
232
45
148
238
108
150
242
239
154
96
246
158
249
241
162
253
138
244
163
257
166
252
261
169
256
264
103
172
256
268
176
79
258
272
180
274
265
184
85
273
268
188
84
275
272
187
277
191
288
280
280
194
292
278
283
198
295
281
285
202
297
283
284
206
300
287
285
209
302
291
289
213
303
294
290
217
303
291
221
306
295
224
305
298
226
300
306
301
229
304
308
304
231
307
312
307
234
310
315
310
237
313
319
305
241
316
323
300
245
319
323
300
249
323
326
304
330
305
254
329
334
306
258
333
336
303
258
335
339
295
262
339
343
298
264
343
345
297
266
347
347
301
268
349
351
303
271
352
353
307
275
355
356
308
274
358
359
311
278
362
313
435
282
366
307
284
358
370
310
287
374
313
354
288
377
315
272
292
379
319
295
380
315
475
299
380
301
316
384
479
300
320
388
482
302
320
390
485
306
322
387
485
300
326
488
303
395
329
490
304
399
329
494
308
402
332
497
310
404
336
501
311
407
335
505
314
411
338
507
413
511
341
417
344
421
517
347
425
566
520
351
427
490
524
353
431
492
527
357
433
459
530
361
435
534
365
438
537
441
540
564
445
543
449
503
547
453
551
472
457
554
459
459
552
463
463
556
448
465
560
469
557
443
651
473
561
421
648
476
565
650
479
556
569
646
483
540
573
642
487
532
641
581
491
526
642
584
492
533
640
493
588
643
495
589
646
499
593
528
649
500
597
513
650
504
600
503
652
504
604
656
506
608
659
510
611
656
514
615
658
518
615
654
522
619
658
525
623
645
657
528
649
661
530
626
642
665
533
628
643
662
537
631
638
663
539
635
640
664
543
639
641
668
546
642
642
670
550
646
646
674
553
650
637
671
654
633
675
657
632
677
653
619
679
656
622
683
657
620
683
661
687
664
623
690
624
691
670
624
695
673
627
698
677
627
702
681
850
626
706
683
852
629
703
685
855
629
706
682
859
633
705
684
863
637
709
688
867
636
707
692
871
710
693
875
713
696
878
717
700
882
719
704
886
722
707
890
726
666
709
893
730
669
712
896
725
714
897
729
716
901
729
717
905
732
906
722
735
910
726
736
913
726
739
915
728
736
918
722
736
922
723
737
922
727
740
925
743
733
928
746
737
930
747
933
749
880
936
751
882
940
885
943
889
945
893
945
893
943
895
943
898
947
902
949
898
952
901
955
904
958
907
959
908
963
912
963
913
967
916
970
919
973
923
977
927
980
931
984
933
988
937
988
938
992
942
996
945
1000
938
1002
941
1002
945
1006
949
1006
953
1009
952
1011
956
1014
960
1017
959
1020
960
1023
963
1027
965
1027
968
1030
971
1029
975
1032
979
1034
982
1038
986
1191
1041
988
1195
1045
992
1198
1048
996
1202
1049
999
1206
1053
1003
1209
1056
1006
1212
1060
1009
1215
1064
1013
1219
1066
1017
1222
1070
1021
1226
1074
1024
1230
1075
1025
1231
1078
1025
1235
1078
1028
1238
1082
1242
1237
1084
1245
1239
1087
1248
1238
1088
1251
1236
1092
1249
1240
1096
1252
1244
1100
1255
1244
1104
1259
1248
1107
1258
1249
1106
1260
1243
1109
1264
1238
1113
1268
1235
1114
1272
1237
1117
1276
1239
1121
1279
1242
1120
1283
1239
1123
1287
1243
1126
1291
1238
1129
1289
1242
1133
1293
1244
1136
1297
1245
1140
1301
1249
1304
1250
1308
1244
1312
1246
1316
1245
1320
1247
1324
1246
1324
1250
1326
1249
1326
1253
1330
1249
1333
1239
1326
1241
1329
1245
1331
1246
1335
1250
1339
1254
1342
1256
1346
1259
1349
1263
1352
1267
1356
1269
1360
1272
1364
1268
1367
1268
1371
1375
1376
1376
1373
1377
1379
1383
1383
1387
1391
1395
1399
1402
1403
1403
1406
1409
1412
1416
1420
1422
1426
1430
1434
1437
1441
1445
1445
1439
1443
1444
1446
1446
1449
1453
1455
1459
1462
1460
1464
1797
1796
1770
1763
1748
1749
1736
1733
1728
1729
1720
1708
1704
1707
1698
1702
1705
1705
1705
1702
1700
1692
1691
1693
1681
1969
1959
1963
1966
1966
1968
1969
1968
1972
1975
1977
1975
1979
1978
1977
1981
1978
1980
1983
1987
1985
1989
1993
1988
1987
1991
1980
1976
1977
1980
1981
1978
1981
1972
1966
1968
1964
1961
1964
1967
1971
1966
1970
1966
5
8
5
13
15
15
7
22
21
19
11
25
20
28
32
19
29
36
13
22
26
45
36
29
43
53
39
45
8
27
60
33
54
64
36
18
68
40
62
62
44
61
33
60
48
69
80
77
55
71
85
58
74
77
62
88
79
59
67
81
61
85
92
64
85
93
79
85
95
80
69
89
72
89
87
129
91
141
93
93
144
97
10
148
101
143
104
158
105
146
107
109
148
110
149
110
150
109
114
169
154
111
117
170
113
121
158
75
115
125
162
118
183
129
164
122
133
171
136
170
175
135
179
179
108
134
158
182
79
67
97
141
5
144
230
47
147
228
151
102
204
207
157
107
172
161
36
176
116
163
218
179
167
222
116
238
80
191
215
170
187
173
206
177
258
204
179
196
260
183
197
254
210
182
200
258
214
184
202
256
83
186
255
266
189
269
79
192
240
192
235
265
280
194
239
262
284
194
242
259
287
198
246
263
291
200
250
265
293
201
254
260
203
258
296
262
204
260
297
208
259
264
301
212
303
260
213
271
302
264
215
275
305
255
216
279
307
248
283
311
220
245
287
223
235
286
313
226
239
288
317
228
229
321
227
293
225
325
226
295
219
326
222
299
219
327
223
301
219
331
227
305
214
230
337
311
219
234
337
315
222
234
340
319
220
343
320
240
204
347
320
244
350
323
247
257
353
327
251
228
357
329
255
328
465
257
365
332
468
260
362
328
472
264
365
327
476
266
365
327
477
265
367
330
481
267
369
334
484
271
372
337
487
270
374
341
490
269
377
345
494
526
376
349
494
529
380
350
497
529
382
354
499
526
386
358
500
530
388
360
504
531
391
364
506
535
387
367
531
388
512
371
532
391
516
374
536
392
516
378
534
520
381
551
538
523
381
542
527
407
385
545
531
387
549
534
391
570
546
538
395
548
537
398
572
550
541
402
575
547
545
405
571
550
548
405
575
548
551
408
577
551
552
412
555
555
585
416
558
558
588
417
562
559
585
574
562
561
585
551
563
589
429
552
567
591
556
577
570
593
556
572
597
559
575
449
557
604
579
450
561
603
581
565
601
583
457
566
605
587
458
566
604
590
458
570
608
592
573
609
595
464
576
613
598
468
580
616
599
471
584
603
628
615
586
607
625
617
590
611
619
619
594
606
621
615
594
603
625
617
598
601
627
621
602
599
625
604
630
587
629
605
633
569
633
603
625
553
637
604
621
549
641
605
625
551
645
608
628
544
649
606
626
653
610
602
655
614
653
612
606
655
611
605
657
609
603
809
661
608
604
811
665
611
604
815
669
612
603
818
673
616
599
822
677
619
598
825
681
622
598
827
685
624
600
830
687
627
832
689
624
836
693
628
682
840
697
622
685
843
700
687
847
704
689
851
705
682
791
855
709
681
789
859
713
684
731
861
715
686
864
718
688
868
718
690
868
722
694
868
726
691
872
728
695
872
730
694
875
698
738
878
698
740
881
699
743
884
703
746
880
749
884
752
887
755
890
758
894
761
898
764
902
763
906
764
907
768
911
1004
767
914
1007
763
918
1011
767
922
1015
771
926
1012
775
930
1010
931
1003
935
990
938
992
939
994
942
989
946
992
949
995
949
998
952
1002
952
1002
954
1002
958
1005
959
1007
963
1008
962
1010
966
1013
970
1015
971
1018
975
1007
979
1001
983
1000
984
1003
983
978
998
987
967
1002
990
967
996
990
953
999
993
939
1002
997
938
1004
999
936
1008
1003
939
1007
1007
1002
1011
1004
1013
1008
1015
1008
1018
1012
1188
1022
1006
1188
1026
1010
1187
1029
1010
1191
1033
1013
1194
1037
1017
1196
1041
1016
1199
1045
1019
1202
1049
1005
1202
1053
1007
1202
1056
1008
1206
1059
1012
1210
1063
1016
1212
1066
1020
1216
1070
1219
1074
1221
1078
1225
1082
1217
1084
1221
1088
1225
1091
1226
1095
1226
1098
1229
1102
1233
1106
1234
1107
1238
1111
1241
1115
1245
1119
1247
1122
1251
1124
1254
1127
1248
1131
1248
1134
1247
1137
1249
1141
1253
1144
1256
1145
1260
1149
1261
1283
1150
1260
1278
1154
1260
1281
1157
1263
1270
1160
1261
1273
1164
1265
1269
1264
1273
1267
1255
1271
1259
1272
1261
1276
1263
1280
1267
1281
1266
1280
1263
1284
1262
1280
1253
1284
1252
1281
1255
1280
1255
1280
1250
1284
1250
1279
1250
1278
1254
1279
1281
1285
1288
1291
1294
1298
1298
1299
1635
1637
1641
1636
1637
1640
1641
1645
1649
1653
1653
1656
1657
1661
1665
1666
1668
1672
1676
1679
1683
1685
1687
1685
1688
1691
1694
1697
1699
1701
1701
1703
1707
1708
1712
1713
1714
1715
1716
1718
1713
1717
1721
1721
1722
1725
1728
1730
1734
1736
1738
1742
1744
1748
1749
1753
1755
1758
1761
1764
1765
1768
1772
1776
1780
1784
1787
1789
1793
1795
1798
1800
1804
1804
1808
1812
1815
1816
1818
1813
1808
1812
1809
1813
1817
1819
1821
1823
5
5
5
5
7
14
5
13
13
16
15
17
19
18
22
24
27
28
26
31
30
30
41
47
31
33
25
35
32
45
44
31
23
32
53
57
56
55
39
62
60
59
46
74
66
49
77
69
68
52
79
73
56
69
75
87
73
62
103
76
61
105
80
63
113
109
83
55
109
113
86
57
90
60
113
101
91
64
99
94
67
115
94
69
110
68
113
93
19
71
93
6
6
75
76
8
73
127
123
77
131
85
79
164
135
86
74
90
139
91
68
136
94
69
182
133
97
50
100
186
36
40
104
39
186
25
107
39
180
179
111
16
183
111
9
112
114
189
183
117
180
9
182
121
11
184
191
125
188
127
253
125
257
179
43
128
258
130
183
260
37
134
260
212
182
136
263
202
140
216
267
201
144
271
195
191
143
274
199
194
144
278
196
148
205
282
200
151
205
286
180
154
200
289
180
156
293
174
140
155
297
177
211
154
300
178
215
158
303
172
162
307
212
169
165
310
207
144
169
314
204
132
173
318
205
130
174
322
209
132
178
325
209
129
329
130
184
210
333
187
211
335
191
212
339
195
213
342
198
213
346
194
226
216
349
197
213
200
354
211
204
356
210
208
354
213
351
204
357
216
353
204
361
216
357
206
365
217
356
204
368
359
207
223
369
362
208
219
373
362
206
375
219
366
210
379
218
368
382
372
466
385
376
469
388
380
473
392
383
477
395
387
479
397
482
401
484
395
486
399
398
480
488
402
480
492
406
405
482
495
407
409
480
499
411
411
484
503
413
408
488
413
412
509
491
416
416
505
487
420
418
509
490
422
422
513
486
426
423
516
487
425
520
432
488
428
521
435
491
427
524
439
493
430
526
440
496
432
523
438
500
429
525
442
503
426
529
442
504
420
531
446
508
418
534
450
512
422
538
454
516
423
541
458
520
422
545
459
518
420
549
460
522
407
549
464
521
404
552
464
523
406
555
465
525
408
559
469
526
411
563
473
521
413
566
475
522
406
569
479
520
407
567
480
524
569
484
527
571
487
521
570
491
523
574
495
521
575
498
522
502
524
580
505
527
584
509
530
588
512
534
590
514
536
592
517
540
593
521
544
597
525
548
599
524
552
603
527
551
607
531
551
610
535
613
536
559
614
539
562
615
540
551
619
750
541
553
615
748
545
557
616
752
547
560
617
756
550
564
620
740
553
567
622
742
555
570
626
745
559
573
630
742
563
577
734
567
579
637
716
571
580
641
715
574
578
641
719
578
582
644
720
581
586
647
723
584
582
646
724
588
586
650
724
592
590
651
720
649
724
653
825
723
654
829
726
658
832
724
660
835
716
659
839
720
661
841
724
665
845
715
668
847
717
672
884
849
715
676
748
853
719
680
684
857
722
684
857
726
688
861
728
691
863
722
692
867
723
696
871
723
698
875
702
722
879
703
718
883
707
720
884
711
721
888
714
725
888
717
721
891
718
718
894
898
726
900
730
901
905
906
909
925
913
922
917
924
921
924
925
926
926
928
928
925
927
929
931
935
934
937
932
939
936
942
937
944
937
947
927
950
926
949
920
951
922
955
923
957
926
961
930
963
929
966
929
970
933
974
936
978
931
981
935
983
938
986
939
989
942
991
944
991
934
994
937
996
940
998
943
1002
941
1005
945
1176
1007
945
1179
1011
945
1181
1015
1178
1018
1181
1020
1182
1021
1185
1025
1189
1028
1193
1032
1196
1032
1199
1034
1198
1036
1197
1040
1201
1042
1205
1041
1208
1045
1210
1048
1203
1049
1201
1052
1203
1055
1205
1059
1200
1063
1200
1067
1204
1070
1208
1074
1211
1077
1214
1080
1218
1081
1217
1084
1219
1087
1223
1090
1227
1093
1228
1097
1232
1101
1236
1102
1240
1244
1246
1250
1251
1255
1258
1259
1263
1265
1269
1271
1275
1412
1273
1397
1275
1372
1274
1308
1278
1301
1282
1278
1285
1268
1288
1264
1291
1265
1295
1299
1303
1307
1311
1314
1318
1322
1324
1328
1330
1495
1334
1497
1338
1500
1342
1501
1346
1505
1348
1504
1350
1508
1354
1511
1357
1515
1361
1516
1365
1520
1368
1524
1372
1528
1376
1532
1379
1531
1381
1535
1384
1539
1387
1543
1390
1546
1394
1550
1398
1554
1401
1554
1404
1557
1408
1561
1412
1565
1416
1569
1417
1573
1420
1577
1421
1581
1425
1579
1427
1583
1430
1587
1432
1590
1436
1594
1440
1596
1436
1599
1603
1607
1607
1611
1615
1619
1620
1624
1627
1630
1634
1638
1642
1646
1648
1652
1655
1658
1658
1662
1665
1669
1673
1675
1676
1680
1683
1685
1687
1691
1689
1689
1692
1695
1694
1698
1699
1702
1703
1707
1710
1716
1720
1724
1728
1729
1731
1734
1735
1734
1738
1742
1744
1747
1748
1752
1755
1758
1761
1765
1768
1772
1769
1773
1774
3812
3811
3804
3808
3799
3803
3791
3795
3798
3795
3777
3780
3782
3777
3763
3761
3764
3763
3767
3770
3759
3761
3752
3748
3739
3742
3728
5
5
5
5
9
9
9
24
26
26
18
29
27
30
30
35
18
37
31
9
41
49
43
43
55
35
52
59
50
51
64
53
71
71
65
71
75
68
39
77
66
71
22
87
53
91
78
5
95
81
56
87
27
81
90
108
98
83
94
112
85
106
116
89
117
91
120
82
122
93
124
67
126
99
119
130
105
133
107
127
109
136
113
134
148
8
58
144
124
146
152
58
123
156
57
152
159
125
159
132
167
162
136
171
164
139
174
40
168
143
178
36
146
180
185
174
150
188
177
216
149
191
180
153
192
180
225
152
189
229
185
154
192
236
239
155
192
243
189
160
224
191
158
228
228
161
165
232
232
165
168
233
169
238
171
169
242
165
163
244
150
167
249
251
144
172
253
143
247
176
256
161
253
178
148
262
182
272
266
186
288
270
190
259
169
272
192
273
286
194
275
177
291
278
202
172
282
269
206
272
154
210
284
214
287
310
218
290
352
222
318
294
355
225
298
324
226
301
178
328
230
300
331
233
304
231
374
308
338
234
309
179
238
313
241
204
315
350
245
318
350
392
249
321
351
396
248
355
252
328
359
202
256
330
363
259
334
364
393
260
338
368
397
258
342
372
397
255
346
374
401
259
378
353
404
262
376
357
263
379
359
267
382
363
418
270
382
365
421
268
366
424
272
392
427
276
374
394
431
280
378
398
431
284
435
282
385
406
282
389
409
283
393
413
446
397
417
288
446
393
421
286
448
397
425
290
451
400
428
293
404
430
459
404
429
463
406
433
465
432
469
411
436
468
414
440
472
416
444
476
419
448
480
420
452
479
419
456
483
421
439
460
487
425
461
490
429
463
492
432
466
496
470
500
440
474
500
613
444
504
617
481
447
508
616
484
450
512
619
487
454
515
621
491
458
518
623
493
456
520
621
494
456
524
624
497
454
528
625
500
458
532
628
504
460
536
626
508
464
538
628
511
466
542
632
513
468
543
636
516
470
547
629
520
474
551
623
521
478
555
626
525
476
629
528
551
633
483
530
555
633
485
534
559
636
485
538
563
637
487
542
567
639
491
543
562
639
494
547
562
643
498
550
566
643
554
570
647
558
542
574
649
559
577
653
563
581
657
759
585
651
569
763
589
648
572
767
593
651
571
766
597
655
574
769
601
656
578
773
599
657
581
775
600
659
585
778
603
659
588
778
606
662
590
780
609
662
591
784
612
666
588
783
614
670
592
783
670
595
621
786
674
599
625
789
676
601
629
793
678
605
632
796
682
608
635
798
686
611
639
802
690
615
638
806
693
642
809
697
644
812
695
646
813
870
694
648
815
874
694
652
817
878
698
656
821
880
702
825
883
704
664
821
887
704
668
822
889
708
672
823
893
711
676
824
895
715
680
828
898
718
684
828
901
721
687
831
905
724
691
833
909
724
695
837
912
728
699
837
916
729
840
919
730
844
918
734
847
922
738
851
926
735
944
854
930
734
948
855
933
738
952
853
936
738
955
855
940
958
857
940
960
859
943
957
859
946
960
856
950
961
860
954
961
863
958
961
866
959
964
870
962
968
873
965
969
877
969
970
876
972
974
878
973
977
876
976
980
880
984
884
983
987
887
987
990
886
987
990
886
989
990
888
993
993
890
997
996
893
1000
997
895
1002
997
893
1006
998
896
1010
1001
894
1013
1002
896
1017
1004
897
1012
1006
898
1015
1007
902
1019
1007
903
1023
1005
901
1025
1006
905
1029
1006
908
1033
1006
1037
1009
1041
1096
1013
1045
1069
1015
1049
1068
1018
1053
1070
1012
1056
1071
1014
1057
1073
1017
1061
1077
1021
1065
1075
1023
1069
1073
1023
1071
1072
1024
1072
1076
1028
1075
1066
1031
1078
1069
1034
1082
1065
1037
1085
1067
1041
1085
1064
1044
1088
1060
1047
1091
1062
1045
1095
1045
1047
1098
1034
1050
1102
1034
1054
1105
1035
1054
1109
1039
1056
1109
1041
1060
1113
1062
1115
1065
1115
1069
1110
1073
1287
1111
1077
1289
1115
1080
1290
1116
1084
1292
1120
1082
1282
1124
1084
1274
1127
1277
1130
1099
1278
1132
1276
1136
1276
1140
1143
1276
1147
1268
1151
1239
1155
1237
1158
1235
1161
1235
1165
1236
1169
1238
1171
1241
1173
1243
1176
1243
1180
1245
1184
1248
1188
1244
1192
1248
1196
1251
1198
1253
1201
1256
1205
1259
1209
1400
1261
1210
1399
1259
1214
1394
1263
1217
1397
1266
1387
1270
1388
1274
1375
1379
1276
1359
1380
1280
1363
1374
1277
1358
1376
1280
1362
1376
1278
1374
1282
1364
1285
1362
1289
1362
1293
1354
1289
1339
1293
1339
1290
1326
1322
1325
1320
1328
1765
1763
1767
1770
1765
1766
1767
1770
1772
1776
1771
1774
1778
1782
1785
1772
1768
1767
1769
1758
1759
1757
1754
1751
1748
1751
1754
1758
1758
1752
1749
1747
1746
1743
1740
1743
1746
1749
1751
1750
1754
1756
1758
1758
1761
1754
1752
5
5
5
5
5
10
12
5
15
21
20
25
19
25
27
26
13
30
30
38
37
32
34
38
36
38
10
41
41
47
28
27
51
28
68
22
62
59
14
62
28
66
75
70
29
74
62
74
70
78
65
78
70
77
104
86
79
74
78
15
73
80
16
70
83
120
78
87
67
89
65
79
15
90
46
94
83
45
104
98
83
132
97
87
98
87
115
136
101
89
109
143
100
96
147
103
96
151
118
105
98
151
122
103
100
117
107
158
104
116
109
162
92
116
11
80
180
121
79
124
187
81
127
125
76
194
214
124
197
122
11
128
197
123
81
126
80
26
204
80
138
143
142
14
144
9
247
149
146
251
221
114
148
255
115
228
146
117
228
103
150
131
154
165
99
61
153
101
245
154
156
108
252
123
160
101
170
160
94
127
160
98
117
270
164
102
165
105
107
274
166
105
112
283
162
114
159
290
114
163
292
105
110
167
293
109
124
171
109
210
116
175
213
114
179
352
179
352
182
219
359
185
221
355
183
223
357
186
361
338
184
365
187
341
366
191
209
369
195
373
195
212
375
394
198
362
376
397
200
376
201
394
201
380
397
203
384
400
211
384
211
404
387
387
215
407
389
391
217
411
393
218
411
398
392
220
412
395
224
238
415
396
226
418
412
399
228
414
402
231
418
249
406
235
422
424
409
238
424
428
428
431
432
435
419
436
436
423
439
437
425
441
441
429
445
443
433
448
446
437
437
448
440
441
452
444
431
454
448
458
451
437
458
455
441
462
459
443
466
461
445
469
465
470
463
447
474
462
450
477
465
453
480
469
449
484
472
453
485
476
457
489
478
460
492
481
461
496
485
460
500
487
463
488
464
508
491
464
512
491
467
514
494
469
514
496
473
515
500
477
518
504
480
521
505
471
525
508
475
529
512
479
533
516
482
537
520
482
539
524
486
543
526
487
527
549
489
530
552
492
555
496
537
558
499
539
562
502
543
566
504
543
570
503
545
573
505
549
573
508
550
575
511
553
579
511
582
512
560
586
512
561
590
516
564
592
517
567
594
517
571
597
575
599
579
603
581
607
583
603
587
605
591
603
594
605
595
609
599
613
603
617
607
621
610
624
614
627
617
832
631
620
829
635
624
829
637
628
822
640
632
825
643
636
829
643
640
826
646
644
826
649
642
830
653
646
834
657
648
836
661
648
838
664
651
841
660
655
845
663
658
843
666
845
667
846
849
875
852
856
856
925
825
857
928
824
861
932
826
856
936
817
859
933
810
862
935
762
866
934
762
869
938
758
872
941
965
867
945
967
864
949
970
867
950
971
871
954
974
870
956
951
978
874
960
955
981
873
962
959
985
873
966
963
989
875
970
966
992
871
973
968
996
875
974
967
998
878
977
971
1000
877
980
973
1001
876
984
976
1005
880
988
979
1009
884
990
980
1009
883
994
984
1011
886
997
988
1015
886
1001
992
1019
887
1002
996
1022
886
1006
1000
1026
888
1009
1004
1030
887
1009
1007
1034
889
1012
1010
1037
888
1013
1014
1035
892
1016
1017
1039
895
1012
1021
1042
895
1015
1025
1045
899
1017
1029
1048
903
1021
1033
1051
907
1024
1037
1055
910
1027
1041
1059
912
1030
1044
1063
908
1034
1047
1066
906
1037
1051
1070
1041
1054
1074
1045
1057
1078
1047
1061
1082
1049
1064
1086
1051
1068
1088
1055
1071
1092
1044
1075
1096
1048
1077
1097
1051
1078
1100
1055
1080
1103
1055
1084
1106
1058
1087
1110
1059
1091
1110
1058
1094
1114
1061
1096
1116
1063
1096
1119
1067
1096
1123
1068
1100
1127
1072
1102
1131
1076
1102
1135
1104
1083
1139
1107
1087
1143
1109
1091
1146
1113
1088
1150
1116
1084
1153
1119
1081
1157
1122
1083
1160
1125
1086
1163
1128
1090
1165
1130
1092
1169
1134
1096
1173
1133
1100
1176
1137
1104
1177
1140
1108
1180
1144
1112
1183
1148
1114
1187
1152
1117
1190
1153
1121
1194
1154
1125
1196
1156
1129
1200
1160
1131
1200
1164
1135
1204
1166
1137
1208
1168
1141
1211
1172
1142
1214
1173
1141
1214
1177
1145
1218
1181
1149
1222
1183
1152
1225
1185
1154
1229
1189
1233
1193
1237
1197
1241
1201
1245
1205
1247
1209
1251
1211
1253
1214
1257
1427
1216
1260
1423
1220
1264
1423
1223
1267
1422
1227
1268
1416
1231
1269
1417
1235
1273
1421
1236
1277
1424
1240
1279
1421
1244
1282
1412
1246
1286
1415
1250
1283
1419
1283
1421
1287
1421
1290
1419
1292
1417
1296
1420
1300
1423
1302
1426
1306
1421
1310
1421
1314
1401
1313
1400
1316
1391
1318
1387
1321
1391
1391
1393
1383
1387
1380
1373
1357
1556
1492
1447
1431
1421
1891
1887
1890
1883
1886
1890
1894
1892
1894
1889
1893
1896
1899
1902
1906
1902
1901
1904
1898
1899
1902
1901
1897
1898
1902
1905
1909
1912
1900
1901
1903
1907
1907
1909
1902
1903
1904
1907
1908
1912
1913
1916
1919
1923
1923
1919
1923
1927
1931
1925
1928
1921
1923
1926
1924
1922
1926
5
5
5
9
9
9
6
15
12
12
22
27
26
28
18
33
28
35
43
46
47
41
49
13
43
24
57
55
41
49
45
39
54
52
72
69
21
52
83
80
55
21
81
84
59
84
88
86
85
42
90
11
94
47
92
101
88
71
54
98
6
58
105
6
38
6
109
55
18
42
54
23
123
18
27
117
20
19
137
119
147
107
23
148
20
104
27
99
157
147
102
162
166
12
166
16
156
173
169
189
160
160
192
167
183
201
189
170
42
6
174
32
208
133
175
199
126
177
130
176
177
207
180
181
217
210
214
186
141
218
18
221
182
124
224
202
122
181
226
206
127
229
208
116
211
77
237
213
120
216
193
122
245
214
249
285
284
215
251
216
290
291
255
215
259
296
215
295
261
297
219
265
300
298
222
267
302
223
305
300
227
275
299
231
313
276
233
316
280
299
237
319
284
295
237
321
288
298
241
324
290
301
245
328
293
299
247
264
250
336
301
263
249
303
353
252
307
352
270
252
310
375
254
313
262
379
256
317
231
260
321
364
235
261
324
363
237
264
328
373
234
266
332
233
268
336
405
272
340
409
237
275
344
390
278
347
282
349
372
286
427
350
288
426
354
257
289
429
356
250
293
431
354
251
294
358
439
294
361
255
442
292
365
259
446
295
368
255
447
299
370
256
450
300
373
454
303
377
431
306
377
431
308
381
432
467
311
385
436
468
309
388
440
311
392
347
315
394
445
319
397
479
322
401
457
326
402
485
456
330
404
489
457
332
407
493
452
332
411
497
335
415
499
486
337
418
505
341
424
493
345
508
423
497
349
510
427
497
353
514
430
500
357
517
433
502
358
520
436
362
508
520
438
363
508
438
512
442
531
513
444
535
516
447
538
516
451
537
519
452
541
523
456
545
453
611
531
552
456
614
534
556
460
618
526
559
464
617
529
563
468
621
531
567
471
617
525
567
475
621
528
568
478
624
532
571
480
628
534
574
484
632
529
578
488
634
533
581
492
638
535
585
494
642
539
497
645
542
593
499
648
545
597
503
652
548
599
503
656
551
603
507
658
551
606
511
661
553
609
515
662
549
611
519
663
547
614
523
658
544
618
527
656
543
622
531
658
626
653
534
661
630
650
538
663
634
542
662
634
546
664
660
637
550
667
641
571
553
661
645
554
658
664
649
558
662
664
652
561
657
667
565
640
670
660
569
637
668
662
640
671
665
638
673
668
675
670
646
677
645
677
674
640
681
677
625
683
680
683
676
631
685
677
631
678
632
693
856
681
629
695
860
685
699
864
683
703
866
681
702
868
685
706
870
688
710
874
690
713
875
689
715
879
692
719
879
691
723
883
691
727
886
703
694
731
890
707
697
733
893
710
701
733
896
712
701
732
900
716
704
736
901
720
708
740
904
724
743
908
728
746
911
731
750
915
731
754
918
735
757
738
922
761
925
765
928
772
931
772
933
774
937
778
941
782
945
785
948
784
950
788
954
792
958
962
1033
964
1034
967
1038
971
1042
975
1045
1021
979
1045
1000
982
1049
999
986
1052
1002
989
1056
1003
993
1060
1006
995
1062
1009
996
1065
1000
999
1068
997
1003
1072
1000
1007
1075
993
1011
985
1015
1081
983
1019
1084
986
1023
1083
982
1026
985
1030
1090
986
1032
1093
981
1036
1092
983
1039
1096
986
1041
1100
990
1045
1103
993
1049
1107
996
1049
1110
997
1051
1112
1053
1110
1002
1053
1112
1004
1057
1111
1000
1059
1115
1003
1063
1119
1003
1067
1122
1007
1068
1126
1004
1071
1129
1004
1072
1131
1002
1073
1135
1004
1074
1138
1005
1078
1140
1081
1143
1080
1147
1084
1149
1088
1153
1092
1155
1094
1159
1096
1163
1100
1163
1104
1165
1108
1168
1112
1171
1115
1174
1116
1178
1115
1182
1116
1186
1120
1189
1123
1191
1127
1195
1131
1199
1135
1202
1138
1205
1142
1206
1146
1210
1145
1213
1147
1216
1151
1217
1155
1221
1159
1221
1162
1223
1164
1227
1168
1230
1171
1234
1216
1174
1238
1217
1178
1242
1221
1181
1243
1223
1182
1247
1224
1184
1250
1226
1254
1219
1258
1222
1260
1225
1263
1215
1265
1216
1269
1271
1275
1425
1278
1428
1280
1432
1283
1434
1286
1434
1290
1436
1294
1439
1298
1441
1302
1445
1303
1447
1307
1449
1310
1451
1313
1451
1315
1450
1312
1446
1316
1444
1320
1446
1322
1450
1324
1454
1328
1457
1332
1461
1335
1464
1338
1465
1342
1469
1346
1473
1349
1475
1475
1478
1481
1484
1486
1490
1494
1492
1496
1500
1501
1501
1503
1505
1508
1508
1604
1511
1496
1515
1500
1519
1475
1520
1473
1523
1527
1531
1534
1537
1541
1542
1545
1546
1550
1551
1555
1549
1553
1557
1557
1559
1563
1567
1571
1575
1579
1581
1582
1585
1588
1591
1595
1597
1601
1604
1608
1612
1914
1915
1916
1915
1917
1916
1915
1911
1911
1902
1898
1880
1871
1857
1859
1862
1860
1863
1862
1866
1866
1868
1865
1848
1852
1854
1843
1824
1823
5
5
5
9
12
14
14
20
18
22
20
25
25
19
24
27
26
23
28
26
43
44
35
29
43
40
29
44
44
20
29
43
29
54
34
33
35
35
31
10
68
23
72
64
27
75
76
30
14
71
17
56
35
60
39
59
40
21
96
43
92
90
44
47
90
91
39
50
93
71
53
108
97
53
100
56
134
139
60
88
16
64
146
60
11
64
95
152
12
68
156
95
72
159
5
75
163
94
142
79
146
170
99
150
103
177
89
99
102
14
184
93
105
16
91
191
101
20
95
194
96
91
15
196
90
98
18
199
89
95
7
202
86
11
148
208
13
92
14
212
91
159
214
222
216
99
166
219
226
100
220
102
173
153
223
104
169
85
226
106
167
228
221
110
232
218
171
114
236
204
171
114
239
175
113
242
165
175
113
246
61
173
117
250
62
177
118
252
284
174
122
253
287
178
125
256
291
127
260
181
129
299
263
127
177
302
266
128
305
174
132
273
306
178
131
277
310
173
134
309
155
133
285
304
153
135
289
308
154
134
290
307
158
294
310
201
160
309
300
159
304
149
306
151
319
309
155
320
313
155
320
317
156
318
321
160
322
325
326
325
330
360
328
333
327
332
336
311
334
338
197
338
340
342
344
346
348
457
350
348
461
350
351
462
354
353
464
357
357
467
359
359
471
361
363
475
365
365
476
369
368
480
372
370
483
375
373
487
376
376
491
380
513
494
382
497
386
502
501
390
473
394
449
508
397
511
454
401
515
447
405
550
516
403
553
520
450
406
556
524
448
408
559
528
446
410
561
532
405
414
562
536
396
417
564
540
387
421
568
541
385
424
572
544
383
427
574
545
365
430
578
545
355
434
581
549
572
438
585
552
436
588
578
556
440
592
579
560
444
596
583
562
447
600
586
566
442
601
582
558
442
605
585
561
446
603
588
564
448
603
591
567
452
605
595
571
454
607
599
575
458
608
603
579
462
611
605
583
466
615
587
470
619
610
589
623
610
593
476
626
612
596
477
630
614
600
481
632
617
602
481
636
621
482
640
608
621
486
644
611
622
489
648
615
625
493
652
612
628
496
653
615
632
499
657
618
503
640
660
622
507
644
664
626
510
647
666
630
513
643
668
629
516
644
671
633
518
645
675
637
522
649
679
641
526
653
683
642
526
657
684
645
530
659
687
649
663
687
653
665
691
657
668
694
658
672
698
662
675
698
666
676
700
668
677
704
671
681
708
675
684
711
679
686
715
682
683
705
684
686
709
687
690
704
691
693
708
694
697
709
698
697
708
701
701
709
703
703
707
704
704
710
880
705
706
712
884
709
707
716
888
711
711
718
892
714
714
722
896
718
715
726
897
720
718
728
900
723
721
731
900
725
725
735
904
729
728
738
908
729
732
737
909
731
736
739
913
735
738
743
915
738
744
744
918
742
746
748
919
746
750
751
922
750
748
755
924
753
751
758
928
757
754
760
931
760
758
764
934
762
760
768
938
766
763
772
942
769
766
776
942
773
770
780
945
770
772
782
949
772
775
785
953
775
778
788
956
776
781
792
960
780
783
796
960
783
787
798
964
785
783
802
968
785
787
806
971
789
789
806
975
793
791
806
979
795
795
807
983
811
987
921
815
990
912
818
990
915
820
994
917
998
914
1002
918
1004
904
1008
908
1011
907
1015
1036
909
1019
1038
892
1023
1036
895
1027
1039
895
1029
1040
893
1033
1043
890
1037
1040
892
1039
1040
888
1043
1038
892
1042
1042
1044
1045
1045
1041
1049
1042
1053
1045
1057
1049
1061
1043
1065
1047
1066
1049
1064
1043
1066
1046
1070
1041
1072
1041
1212
1074
1036
1212
1074
1018
1214
1078
988
1080
1218
985
1083
1222
988
1085
1226
1088
1224
1092
1228
1095
1220
1098
1219
1098
1223
1102
1226
1104
1229
1107
1232
1111
1234
1114
1235
1118
1235
1115
1239
1115
1239
1165
1117
1243
1168
1121
1243
1171
1125
1246
1172
1128
1233
1167
1130
1231
1169
1134
1235
1172
1137
1237
1175
1140
1241
1179
1144
1243
1183
1148
1241
1183
1152
1243
1178
1155
1242
1180
1159
1246
1177
1161
1250
1176
1162
1251
1180
1165
1255
1184
1168
1259
1187
1172
1263
1191
1173
1267
1191
1172
1263
1192
1176
1264
1193
1178
1267
1197
1182
1271
1191
1185
1272
1190
1189
1275
1189
1192
1276
1193
1196
1278
1197
1200
1282
1197
1204
1283
1199
1206
1279
1208
1277
1212
1281
1215
1281
1219
1282
1285
1286
1290
1292
1295
1295
1297
1301
1301
1298
1296
1296
1295
1299
1647
1611
1603
1605
1552
1542
1513
1510
1473
1763
1765
1767
1771
1764
1765
1767
1763
1759
1761
1760
1761
1760
1761
1759
1759
1752
1756
1747
1749
1745
1749
1748
1748
1752
1756
1760
1764
1765
1766
1750
1753
1748
1740
1744
1743
1738
1737
1738
1741
1745
1748
1747
1747
1750
1753
1751
1749
1753
1756
1760
1764
5
5
5
5
9
10
14
5
15
18
18
23
28
18
23
32
34
29
36
15
33
43
30
34
40
15
51
44
35
53
57
42
33
43
63
5
32
5
69
36
46
53
38
76
68
80
32
46
58
83
50
75
84
54
66
58
92
62
90
95
63
22
98
67
99
88
102
70
91
105
65
74
109
59
77
132
113
81
99
58
82
91
85
150
127
125
85
138
129
89
157
133
93
164
97
139
168
143
155
12
138
146
150
108
150
152
111
111
186
149
156
114
160
163
117
194
160
195
119
163
168
121
166
123
170
170
168
126
174
171
128
178
175
182
177
128
224
186
181
227
190
133
180
229
193
133
186
197
197
201
201
246
204
146
208
253
153
211
228
254
157
214
207
256
157
217
199
258
161
220
227
164
222
212
168
224
234
268
228
236
172
232
173
290
277
236
176
279
239
248
179
280
243
181
203
283
245
183
249
311
185
290
314
188
293
251
263
190
295
253
193
299
257
323
197
299
260
225
198
302
265
201
304
268
224
203
308
272
217
204
311
272
208
314
276
211
316
279
357
212
320
216
322
234
220
224
290
223
294
333
229
227
297
337
220
228
299
334
218
301
338
232
304
393
336
234
305
337
238
309
337
239
234
312
337
239
221
316
243
343
320
224
246
347
324
250
425
351
328
254
347
329
258
431
351
332
258
435
349
335
262
437
352
339
265
441
356
343
269
355
347
448
272
359
351
452
273
363
354
456
277
366
358
458
370
362
458
372
366
459
376
369
461
299
379
373
465
381
376
469
384
379
472
385
383
476
389
387
480
391
481
391
485
398
394
488
402
395
491
405
397
495
405
400
494
409
399
498
413
402
501
417
404
500
420
408
500
423
412
503
597
427
501
600
417
424
505
603
420
428
508
606
423
432
512
610
424
436
514
614
424
439
515
615
425
441
516
619
429
445
520
622
433
449
524
622
432
452
625
436
456
523
625
439
527
622
463
435
530
626
465
532
630
443
469
536
632
471
540
633
474
539
590
636
473
542
591
636
477
544
593
640
478
548
588
644
480
552
575
647
482
553
577
643
486
557
630
489
559
584
634
563
572
632
564
568
636
568
571
640
739
568
641
741
569
572
644
744
567
576
645
746
571
580
647
749
575
581
645
753
578
584
648
757
582
586
651
761
574
588
652
764
578
591
655
768
576
594
658
769
560
597
660
772
600
661
775
603
665
778
605
669
782
609
667
786
613
670
786
616
673
787
620
672
787
622
676
762
791
626
679
766
795
630
683
770
799
633
685
772
803
637
687
775
804
638
687
767
808
642
687
769
811
646
686
767
813
646
690
771
814
650
687
770
818
653
691
770
822
656
694
773
826
695
774
827
697
778
828
899
700
782
828
901
703
782
831
902
706
786
832
904
708
780
835
907
705
780
839
910
709
783
843
914
711
775
847
916
709
775
850
713
775
853
923
777
857
927
777
860
918
779
864
922
774
868
925
774
868
927
778
872
931
782
876
934
779
880
937
782
884
939
780
888
940
784
890
939
782
894
939
786
897
941
790
901
944
793
905
946
795
909
949
913
953
917
957
921
958
925
961
929
964
932
967
933
971
909
936
876
978
937
864
977
941
981
945
985
949
989
952
991
954
992
955
996
958
1000
962
1001
964
1004
967
1008
970
1012
974
1012
978
1016
981
1015
985
1018
989
1022
993
1021
997
1024
1001
1024
1004
1027
1005
1031
1004
1007
1038
1008
1041
1012
1042
1012
1043
1012
1047
1014
1047
1018
1047
1022
1048
1024
1048
1028
1051
1032
1054
1031
1058
1035
1059
1038
1060
1042
1061
1043
1062
1042
1064
1043
1067
1071
1074
1078
1279
1075
1281
1079
1278
1083
1282
1084
1286
1088
1288
1086
1260
1292
1253
1296
1248
1300
1243
1303
1240
1307
1238
1311
1236
1313
1232
1315
1197
1319
1179
1321
1182
1323
1174
1327
1176
1331
1169
1335
1339
1343
1344
1348
1348
1350
1353
1357
1361
1363
1366
1369
1373
1375
1378
1379
1381
1385
1389
1391
1395
1399
1402
1404
1421
1407
1411
1410
1412
1414
1413
1418
1392
1420
1392
1424
1392
1427
1388
1431
1391
1431
1393
1435
1380
1439
1380
1438
1380
1438
1383
1553
1441
1385
1542
1443
1386
1542
1446
1377
1533
1450
1376
1531
1451
1378
1472
1455
1379
1428
1459
1382
1462
1385
1464
1384
1468
1470
1474
1477
1481
1481
1485
1489
1493
1497
1500
1500
1504
1508
1511
1515
1519
1522
1526
1529
1533
1536
1538
1541
1543
1543
1547
1551
1555
1557
1560
1561
1563
1565
1569
1571
1575
1675
1579
1583
1605
1587
1605
1591
1600
1593
1601
1605
1857
1855
1858
1861
1865
1865
1858
1860
1858
1861
1855
1859
1857
1861
1865
1861
1853
1853
1853
1841
1841
1843
1840
1843
1846
1845
1849
1850
1849
1847
1848
1851
1851
1855
1849
1853
1845
1849
1849
1853
1857
1861
1864
1867
1870
1873
1870
1866
1869
2796
5
5
8
12
5
13
11
20
18
19
27
15
21
24
11
34
21
28
40
25
14
30
41
47
48
12
14
53
55
29
44
46
18
30
33
19
36
67
27
57
5
56
32
79
68
36
91
82
92
12
37
11
40
70
100
108
19
93
18
106
62
97
120
97
19
115
96
11
118
98
141
123
12
117
50
109
33
66
15
124
155
67
15
127
55
130
130
101
136
5
74
140
6
73
143
55
146
35
49
150
20
154
11
192
19
158
5
12
198
195
164
10
168
207
176
37
170
211
175
18
215
8
178
180
10
177
44
180
32
168
17
184
188
241
190
238
245
193
49
242
249
197
47
249
200
245
252
194
204
247
256
206
251
259
198
210
260
259
214
264
261
214
150
266
265
217
101
263
218
272
89
267
218
276
271
85
222
278
272
88
224
281
276
252
227
285
279
253
226
287
283
257
228
290
287
235
289
238
235
298
290
236
238
302
292
236
239
305
296
238
304
244
298
240
305
239
298
241
230
301
245
311
233
305
245
315
233
308
249
318
221
309
250
222
326
313
253
223
315
255
215
315
258
320
219
316
260
307
211
318
263
311
204
322
263
198
326
267
299
196
330
270
298
199
328
265
302
332
269
336
273
304
340
276
301
344
280
298
347
281
282
282
354
282
284
358
288
271
362
292
244
363
294
248
367
297
370
301
314
374
318
378
309
322
382
312
320
384
316
321
382
319
325
518
386
321
522
390
324
324
524
394
328
316
526
398
331
318
402
331
534
406
333
535
409
337
545
539
412
339
542
540
415
342
545
544
419
346
549
547
422
348
551
551
425
351
551
551
428
350
555
555
431
353
558
558
435
356
545
560
439
357
540
563
443
361
529
566
445
528
570
449
520
574
450
522
578
447
526
582
451
526
584
455
525
587
457
586
458
533
589
461
589
606
465
531
593
602
469
532
597
605
472
532
600
608
473
533
601
612
477
537
601
609
479
535
605
612
483
533
609
614
487
537
613
613
491
540
616
615
494
541
620
609
496
536
624
613
497
539
628
616
501
538
632
612
504
538
633
615
508
541
635
619
512
536
639
622
516
526
643
625
520
527
647
629
524
526
651
632
526
526
655
633
529
527
659
633
533
529
661
630
537
532
662
633
538
536
664
634
541
537
665
638
543
540
666
640
546
544
670
643
546
674
647
678
649
680
652
682
656
686
660
690
659
694
659
698
662
700
665
820
704
667
824
707
667
826
711
670
830
713
673
833
713
674
837
717
675
841
721
679
832
723
682
834
725
684
833
725
678
836
729
679
838
728
683
840
732
684
841
734
688
844
738
692
843
740
693
847
744
680
848
746
683
852
750
855
752
858
751
862
754
865
755
865
759
869
762
870
764
866
766
970
870
770
974
873
773
975
877
777
978
879
779
982
881
782
986
884
782
990
888
783
994
887
787
996
891
791
1000
895
793
1004
899
797
1008
902
801
1008
905
805
1012
909
808
1012
913
812
1016
816
909
1020
817
910
1024
820
911
1028
824
913
1032
824
916
1035
918
1037
922
1040
923
1044
924
1047
925
1051
925
1054
929
1057
933
1061
935
1065
934
1063
938
1067
942
1070
945
1073
949
1077
953
1080
955
1083
958
1087
958
1090
959
1094
962
1095
966
1098
968
1101
965
1103
969
1107
973
1111
973
1114
972
1118
976
1122
980
1121
1204
981
1125
1204
985
1129
1204
988
1130
1207
1134
1211
1133
1215
1137
1217
1140
1212
1143
1214
1146
1218
1150
1221
1153
1222
1157
1220
1161
1223
1162
1225
1164
1229
1168
1233
1170
1236
1174
1240
1175
1244
1177
1245
1178
1249
1181
1253
1183
1253
1186
1256
1190
1258
1193
1277
1255
1196
1280
1256
1197
1284
1259
1199
1286
1263
1203
1290
1262
1207
1294
1263
1210
1298
1263
1214
1302
1267
1215
1306
1269
1217
1309
1273
1217
1313
1275
1221
1316
1279
1223
1320
1283
1227
1323
1285
1231
1325
1289
1235
1328
1291
1238
1332
1294
1239
1335
1293
1242
1339
1290
1246
1343
1294
1248
1347
1296
1252
1351
1300
1253
1355
1304
1251
1354
1305
1254
1358
1298
1258
1359
1292
1262
1357
1296
1265
1360
1300
1269
1362
1296
1270
1365
1299
1274
1365
1298
1278
1368
1296
1280
1370
1289
1281
1373
1292
1281
1377
1292
1285
1381
1294
1288
1385
1296
1292
1389
1298
1296
1393
1299
1397
1401
1402
1406
1409
1413
1414
1414
1418
1421
1425
1428
1432
1439
1443
1442
1446
1450
1447
1450
1454
1454
1458
1462
1466
1470
1471
1473
1477
1481
1485
1488
1491
1495
1499
1503
1506
1506
1510
1511
1515
1518
1522
1526
1527
1530
2257
2261
2257
2254
2258
2258
2254
2258
2261
2263
2261
2265
2267
2269
2272
2276
2280
2279
2277
2277
2278
2278
2276
2279
2281
2278
2277
2280
2284
2284
2286
2289
2291
2293
2297
2298
2295
2299
2300
2297
2300
2303
2286
2288
2292
2288
2289
2283
2283
2284
2285
2289
2292
2295
2299
2303
2307
2306
2310
2313
2724
