5
6
6
5
7
17
22
7
6
11
30
21
13
15
5
5
11
5
14
28
6
11
5
31
9
5
31
12
25
45
69
72
50
55
43
11
68
70
5
7
75
61
22
126
6
12
5
52
98
33
7
150
86
153
10
69
129
74
139
55
23
59
22
266
79
5
33
162
23
286
130
39
20
9
28
22
9
18
57
74
103
28
83
5
9
287
161
5
7
6
297
26
134
5
6
153
127
24
157
135
160
143
127
130
115
160
144
19
51
296
217
226
152
37
324
367
380
294
205
261
67
277
319
240
12
17
292
33
287
6
5
80
432
305
5
63
120
231
399
319
297
43
264
182
145
6
512
388
155
25
19
319
86
273
400
14
331
100
5
217
504
350
30
152
120
21
19
167
12
58
338
152
23
8
20
217
272
423
411
303
53
343
125
39
145
672
7
299
335
9
9
283
137
17
207
59
119
9
224
198
189
25
31
5
199
602
293
231
154
12
32
680
21
595
203
198
487
159
537
514
452
468
173
439
112
325
6
505
84
526
215
528
368
168
110
286
11
179
347
221
108
113
38
85
107
8
6
381
56
5
84
7
212
237
202
959
101
41
548
14
11
7
324
62
28
557
5
396
252
282
60
257
15
206
15
23
244
6
104
26
110
5
709
1018
17
285
1081
170
937
741
29
884
738
24
79
38
7
21
147
91
134
32
102
8
28
7
1066
172
347
1008
59
953
191
12
5
7
82
57
30
22
455
1191
395
980
5
6
463
303
280
25
782
749
27
200
7
91
39
585
11
133
15
969
253
32
19
1036
1248
178
101
1332
1298
5
126
1086
9
1007
362
24
14
943
945
368
896
322
51
144
903
915
578
45
11
220
1023
862
12
789
21
639
38
364
1288
90
341
12
600
877
1284
33
883
565
27
850
411
788
209
774
774
699
521
898
583
493
412
1527
21
1484
1451
305
9
44
488
251
348
142
58
836
63
54
1379
836
809
549
442
25
191
1090
69
30
62
404
1168
898
381
288
382
322
383
308
1186
205
5
68
850
864
752
760
665
397
884
826
210
723
150
350
14
728
123
34
38
110
5
375
312
94
100
188
751
178
115
1276
85
1067
46
978
983
29
50
333
305
5
336
149
332
141
135
1790
195
167
305
1755
1351
1751
1299
104
1194
319
1706
196
1590
182
1513
316
1183
290
1150
1077
1603
924
847
848
1459
815
1463
699
689
1369
1299
270
1251
167
1241
1039
197
984
1443
914
1326
901
1071
802
638
620
1083
611
947
925
462
834
440
640
296
230
1105
636
1784
775
629
471
1851
409
604
780
581
703
416
707
1326
604
1072
567
545
311
288
689
673
625
436
383
351
592
531
442
1922
396
1811
423
1736
1388
824
1960
604
1776
936
990
702
1615
1353
1282
821
1262
438
1267
708
946
615
947
1124
844
1002
626
839
2114
445
2084
610
1640
1600
1133
1393
1103
1389
1055
911
904
950
807
932
695
693
581
616
560
517
524
1526
1532
1498
1284
1470
1263
1356
1257
1240
1004
1223
881
920
672
903
647
822
615
691
899
871
891
866
861
695
865
1423
860
1128
652
1118
851
1886
1683
1678
1483
1287
1287
1234
1191
1109
939
1108
837
761
2157
1201
1198
1147
1054
977
936
1803
1797
1756
2101
1957
1934
1774
1693
870
1648
846
1600
1544
1563
1419
1514
1173
1502
985
1386
987
1372
827
1192
1872
1073
1655
961
843
1510
841
1224
1194
991
2395
868
2329
2323
1997
1974
1829
1639
1601
1564
1342
1319
1153
1013
2755
2667
2666
2584
2454
2435
2413
2399
2128
2028
1960
1694
1619
1473
1423
1328
1270
2309
1132
2013
1104
1686
1068
1617
1547
1314
1150
1059
2330
2169
1953
1842
1827
1787
1394
1334
1888
2489
1228
2383
1213
2384
1198
2316
2256
3050
2239
2988
2235
2871
2196
2576
2114
2520
2381
2319
1908
1829
1808
1722
1724
1393
1388
1300
2853
2430
2203
2100
1978
1551
1546
1450
1449
1347
2230
2013
1894
1833
1737
1645
1521
1491
1407
3195
3128
2652
2632
2566
2547
2323
2317
3313
2157
3289
2129
3108
1929
3041
1853
2990
1751
2882
2814
2771
2700
2774
2553
2733
2479
2458
2438
2442
2364
2377
2331
2313
2255
2168
2113
1997
1855
1976
1890
1872
1727
1640
2934
2936
2803
2498
2484
2413
2309
3218
2234
3175
2134
3104
1825
2778
2757
2648
2650
2308
2307
1765
1685
2452
2305
1856
1859
2238
2226
2236
2164
2143
2158
2029
2030
1958
1849
1827
2649
2607
2560
2554
2539
2278
2242
1929
1893
3504
3428
3320
3243
3207
2793
2674
2505
2388
2385
2383
2316
2304
2277
2260
2247
2225
2139
2121
2044
1943
3869
3844
3696
3556
3527
3531
3450
3451
3355
3291
3201
3090
3025
3022
2940
2816
2710
2459
2286
2269
2258
4153
4082
3819
3636
3537
3483
3477
3378
3322
3160
3154
2647
2648
2460
3738
3717
3283
3263
3155
3155
2806
2758
2672
4521
4498
4247
4142
3901
3890
3624
3619
3599
3498
3491
3358
3322
3304
3253
3178
3061
2869
2847
4800
4691
4664
4580
4552
4531
4509
4211
4175
4068
4029
3811
3766
3759
3744
3697
3639
3434
3313
3219
3014
5
5
7
5
16
9
5
26
17
8
5
39
5
7
53
8
9
21
15
5
6
10
88
22
6
76
87
135
6
64
27
69
22
10
22
35
28
6
15
100
113
28
99
5
43
132
168
95
31
17
170
236
10
74
63
41
12
30
70
9
83
257
11
192
182
59
13
19
158
188
10
6
163
24
13
48
67
138
5
42
83
17
54
14
322
25
10
32
58
6
7
234
6
5
25
19
11
71
29
26
42
27
52
23
5
162
6
136
274
55
474
145
5
50
170
14
428
5
341
42
35
506
6
88
5
5
32
79
514
274
103
199
44
6
507
11
7
30
212
5
9
145
146
107
48
17
162
9
152
73
18
8
70
87
75
307
283
175
148
17
106
70
16
308
7
308
370
12
50
6
113
319
151
557
12
16
355
25
28
29
20
9
530
381
387
509
215
19
25
369
203
333
62
6
39
41
199
25
6
5
54
5
10
176
638
37
592
27
587
15
562
261
17
144
5
21
726
104
235
6
49
36
6
308
5
38
604
13
18
51
265
172
130
174
923
831
16
296
156
289
39
110
11
105
536
77
43
727
300
69
212
18
28
537
850
417
361
1030
10
29
46
748
743
13
19
130
563
47
557
9
542
10
518
875
101
50
32
5
14
850
471
503
388
392
146
154
5
300
135
137
203
8
480
158
14
933
163
345
252
46
13
24
833
559
545
28
9
592
5
378
157
355
39
5
46
201
17
108
21
190
6
7
175
199
38
265
122
1000
1003
159
822
936
57
99
100
89
13
1255
26
1080
89
99
268
820
108
773
689
907
652
94
122
10
38
1334
317
12
266
230
601
40
34
647
5
634
472
112
21
202
1157
344
45
300
1068
23
38
13
261
106
663
117
516
5
12
59
10
5
655
655
646
641
110
403
42
448
47
317
194
466
10
302
6
205
44
81
739
810
718
192
554
37
162
1704
1641
1416
440
29
1338
19
1332
47
666
668
194
355
159
109
84
75
14
5
37
7
12
1213
105
505
17
214
493
150
125
44
81
5
16
425
32
18
1439
303
1408
271
268
239
188
493
167
420
393
5
118
118
390
368
105
66
7
1824
1793
266
61
34
19
386
361
1710
247
1419
222
1402
92
1027
79
834
287
820
824
8
654
420
1429
1194
1922
27
1182
1781
171
65
1573
1013
1738
987
375
742
324
317
1558
721
1708
564
1566
274
1548
967
264
417
1532
205
1519
168
955
409
1589
395
1256
387
1133
915
341
766
312
746
746
607
735
542
428
1569
729
1532
566
536
474
570
456
426
1400
292
1308
1267
1495
1460
2162
1349
1256
1737
1735
779
1116
652
640
478
468
1213
1135
804
2215
1263
2193
958
2073
888
769
1106
439
710
831
625
524
634
1047
747
1106
989
1010
951
676
832
587
893
585
543
596
374
527
504
466
557
391
1062
2351
971
2265
924
2247
701
680
755
410
1966
1790
488
1752
479
1662
1637
1556
1443
1442
2256
1372
2083
1253
2031
1232
1963
1227
1940
1092
1872
1070
1746
1488
1030
1065
937
826
845
783
2000
1983
966
1954
895
785
2304
1935
1547
797
1484
644
1484
1997
2192
1955
1939
1561
1294
653
1099
977
1585
1102
1874
816
1820
1489
1424
1456
1434
993
1419
951
746
707
2650
1229
2573
2330
1842
1123
1829
1674
1534
1361
1330
1228
1167
1012
923
925
1547
1525
1465
1421
1383
1371
1348
1307
1300
2331
1263
2228
1166
2214
1006
1773
827
1649
1070
1578
1576
1560
1562
1185
1427
1037
1430
1002
1412
966
1307
1287
1223
885
2425
2352
2243
2247
2111
1596
1957
1384
1926
1895
1690
1662
1583
1556
1495
1273
1208
1144
1143
2530
1062
2386
2251
2203
2174
1997
1910
2596
1589
2552
1220
2532
2275
2195
2165
2156
2071
2962
1800
2960
1479
2718
1456
2584
1454
2543
1417
2542
1361
2539
1307
2505
1258
2398
1200
2272
1138
2161
1112
1873
1865
1814
1791
1611
1547
1571
1530
1497
1238
2954
1187
2905
2935
2589
2778
2281
2670
2066
2458
2056
2188
1956
2118
1783
2064
1771
1912
1694
1903
1430
1564
1389
1503
1393
1342
2521
2379
2121
1928
1724
3013
1494
2383
1447
2347
1446
2331
1402
2229
1354
2191
2105
2070
1927
1741
1685
1669
1689
1576
1525
1490
1372
2889
2771
2760
2647
2592
2492
2424
2149
2145
1998
1985
1662
1584
3410
3343
3251
2955
2696
2698
2646
2579
2601
2578
2579
2480
2539
2479
2426
2270
2226
1761
2044
1654
1846
1601
1564
3294
3202
3146
3068
1858
3045
1829
3005
1649
2797
2717
2941
2463
2943
2387
2936
2112
2922
2063
2864
2004
2751
1992
2684
1932
2186
1660
2118
2079
2060
1831
3452
3418
3137
3132
3029
3030
2683
2416
2344
1887
1815
3522
3502
2961
2743
2404
2405
2397
2140
1991
3302
3241
3189
3064
2288
2239
2056
4044
3707
3566
3552
3471
3434
3298
2695
2682
2574
2409
2368
2337
2203
2177
3181
3053
2585
2554
2432
3698
3690
3507
3424
3400
3224
3151
2935
2877
2780
2756
2755
2756
4087
3996
3736
3589
4276
3439
4178
3218
4149
3045
4113
2806
3836
2791
3698
2767
3700
2739
3611
3434
3430
3253
3164
3020
2936
2823
5
5
6
5
5
5
6
5
8
5
11
6
11
13
22
20
20
63
14
6
51
46
60
5
21
75
34
22
114
115
34
17
47
82
14
56
111
12
17
28
18
65
155
100
35
182
20
97
81
5
103
6
10
56
6
6
147
143
15
6
93
277
192
43
9
51
178
95
287
116
246
15
23
93
14
15
255
263
239
159
60
11
132
78
121
25
14
213
25
266
28
223
49
103
163
5
118
135
55
401
14
45
63
11
138
6
380
143
23
150
147
398
80
159
36
95
300
311
36
12
359
5
172
324
30
34
15
336
140
17
421
5
495
161
338
26
7
6
372
70
148
295
46
198
21
10
9
24
346
187
91
78
15
463
295
344
40
16
566
224
108
210
359
21
57
125
196
589
199
465
337
602
565
430
29
304
11
275
5
271
52
234
21
105
280
17
112
17
40
391
411
367
215
203
69
685
40
320
22
313
216
277
56
12
188
888
269
586
150
59
47
203
44
74
94
79
889
616
609
154
624
291
68
629
62
89
42
653
405
180
992
209
971
102
994
540
130
848
463
935
819
644
794
820
765
816
699
625
780
10
630
38
283
692
242
262
250
226
128
37
101
378
52
85
396
384
5
299
62
296
81
74
12
65
196
654
190
76
390
65
1010
1056
946
384
47
782
52
778
471
727
11
646
5
194
623
153
583
446
373
927
874
330
239
242
6
131
433
23
247
91
848
29
21
843
321
13
65
1173
393
20
275
254
856
828
399
830
26
403
127
275
25
613
48
126
149
559
986
21
255
1406
251
170
812
62
939
269
12
26
60
27
82
1286
906
757
904
42
810
683
83
29
412
1195
1128
907
9
1082
1058
5
8
638
812
1439
39
441
672
424
1344
412
5
23
23
57
170
520
95
8
89
49
899
836
1159
902
11
111
809
799
616
16
574
576
1008
875
5
257
758
252
698
180
200
43
17
711
726
61
619
9
81
716
37
172
85
29
34
16
103
23
30
43
28
39
7
38
118
117
11
16
15
853
105
839
73
111
825
107
817
23
101
37
5
1428
812
108
44
18
1172
645
964
617
658
471
272
491
1260
1788
474
90
1696
38
1685
993
1578
953
860
628
509
406
330
388
342
63
115
286
700
161
690
82
640
93
534
1827
1247
250
1233
194
1099
190
1086
1077
196
481
883
808
226
772
164
646
247
1741
845
1732
796
1703
1533
351
1459
1172
341
1128
1136
302
810
302
806
546
725
509
489
459
346
1729
1125
1010
904
913
908
876
732
829
679
459
637
381
625
505
1075
396
1068
312
1024
1016
512
542
376
478
344
799
718
686
817
582
469
360
366
2231
1973
1833
1485
909
1451
1442
1367
1349
2276
1268
2202
1119
2188
1073
2052
634
1823
587
1734
554
1530
523
1506
1467
1470
1394
1078
968
906
1415
843
1111
746
1013
725
863
1740
1547
1363
1109
1035
1799
913
1747
864
1501
841
1492
1295
1295
1297
1930
1241
1876
1170
1761
605
1438
1357
1008
1333
874
1264
836
1171
699
1107
1025
975
849
2320
2269
2122
2068
2031
1951
1301
1307
1306
1286
1197
1013
2219
971
2175
768
1853
757
1857
1732
1170
1090
1034
1038
1828
948
1724
897
1492
878
1191
1170
1108
1091
1936
1069
1923
1066
1750
1065
1565
1018
1487
1021
1300
883
993
973
974
963
1900
1889
1581
1585
1552
1470
1318
1293
1203
1146
998
947
1914
1682
1572
1558
1337
1208
1188
2529
2466
2463
2823
2421
2797
2357
2728
2333
2002
2041
1978
1872
1864
1665
1664
1337
1593
1224
1559
1514
1452
1350
1330
1127
2635
2249
2200
2203
2187
3023
2164
2926
2154
2815
2069
2699
2029
2679
1893
2406
1826
2091
1747
1965
1725
1954
1682
1829
1676
1784
1641
1706
1641
1663
1389
1512
1387
1449
1363
1414
1222
1389
2848
2737
2729
2974
2699
2950
2620
2884
2611
2407
2500
2299
2427
2218
2355
1941
2297
1921
2093
1843
2002
1791
2001
1710
1972
1605
1881
1532
1837
1532
1722
1717
2948
1647
2681
1614
2214
1614
1974
1606
1919
1534
1802
1451
1779
1725
1687
1553
2622
2616
2287
2244
1795
1753
1676
1729
1631
1724
1600
1590
1562
1558
3038
3026
2956
2952
2665
2644
2638
2560
2299
2230
2177
2045
1969
1859
1758
1672
3059
3037
3020
3011
2574
2541
2804
2363
2730
2046
2660
1975
2497
1922
2490
1819
2486
2453
2361
2323
2321
3480
2193
3218
3150
3060
2936
2196
2154
2094
1949
2383
2378
2266
2171
2059
1991
1972
1887
1796
1767
3598
2626
2559
2482
2466
2203
2191
3616
2133
3558
2101
3527
2097
3028
1996
2839
1888
2742
2682
2623
2528
2603
2505
2535
2491
2514
2427
2466
2355
2413
2181
2374
2079
2287
2018
2160
1976
2157
2066
3793
3411
3351
3300
3174
3076
3074
3025
2989
2856
2732
2524
2437
2132
2052
2016
3205
3050
2730
2717
2516
2504
2358
4169
3978
3966
3568
3423
3315
3270
3222
3164
2847
2700
2674
2640
2589
2472
3601
3605
3529
3526
3300
3227
3196
3087
2978
2941
2888
2875
2705
4488
4482
4397
4401
4248
4013
3999
3868
3820
3620
3443
3352
3337
3162
3062
2999
5277
5226
5186
4905
4611
4377
4120
3643
3601
5
13
6
19
19
11
30
16
13
42
5
40
20
13
33
15
14
58
17
13
6
23
11
12
17
10
25
17
5
5
25
5
7
37
49
6
33
80
89
71
44
62
18
45
64
36
123
97
29
123
5
35
135
54
5
233
46
149
31
52
5
20
111
29
59
23
63
176
7
141
192
156
136
142
18
70
9
199
195
7
114
31
261
67
23
13
75
227
6
148
31
35
10
22
64
303
6
13
6
5
150
67
296
21
9
6
8
167
428
37
95
6
84
28
6
60
8
184
107
180
413
27
169
380
73
7
261
35
21
18
303
247
5
219
12
22
112
466
5
429
126
213
108
102
25
28
7
503
67
549
11
296
234
31
176
435
20
433
17
436
219
589
49
47
10
7
17
629
7
284
68
16
585
28
583
18
78
57
317
17
13
27
595
337
11
311
9
186
6
73
50
577
14
498
5
741
456
632
185
487
572
533
783
773
29
23
495
679
573
13
476
677
622
241
72
471
289
5
483
5
11
37
106
208
100
36
129
376
439
263
25
230
215
149
320
51
166
24
5
11
5
988
111
5
5
5
310
241
1014
292
744
15
613
601
5
1000
964
286
763
269
748
24
740
28
945
620
827
781
6
469
51
757
278
765
679
55
489
9
6
1109
236
938
511
770
6
922
512
456
532
365
371
11
275
20
26
893
23
158
108
756
734
539
523
826
82
359
49
247
39
488
93
93
66
421
337
395
5
364
739
983
502
501
5
927
357
178
280
887
698
847
257
655
847
571
10
896
499
55
390
88
113
108
1028
174
22
40
76
31
34
878
5
606
16
7
1033
67
25
817
530
68
314
6
653
133
640
18
835
5
37
268
42
840
5
572
178
5
101
205
73
680
80
45
553
286
611
311
538
369
215
453
83
212
6
11
5
47
30
6
24
33
9
492
251
461
202
5
392
31
358
32
9
17
24
330
1481
59
272
17
33
1440
1147
1235
1207
36
1278
1063
1019
984
1120
1020
1034
804
79
18
17
1054
1008
1077
37
876
797
757
5
789
970
63
781
696
944
632
805
434
303
807
389
11
1040
65
65
309
765
11
117
282
801
333
690
79
1461
302
48
266
1442
19
31
145
65
1377
698
473
586
857
257
834
252
347
445
643
193
1284
507
1196
1198
1364
1341
462
437
612
480
1171
1208
1074
225
159
192
149
349
1074
208
734
199
899
613
884
144
290
219
1190
1815
307
1696
249
1387
1144
1013
547
1007
932
1216
812
814
912
873
1876
712
1880
1830
1167
941
1172
317
763
748
644
1816
589
739
672
562
601
501
656
473
479
629
418
420
424
2131
2059
603
1990
1947
613
1921
437
421
1808
1738
437
1055
1017
1805
1377
959
785
445
713
386
665
1366
1852
637
1813
586
1820
713
585
586
426
1403
479
1231
1802
1212
952
1318
749
1146
1026
970
1694
1679
1648
1707
620
1701
621
1651
604
1563
500
1488
1697
1486
1634
1435
1597
1151
1489
1111
1077
2080
1042
1937
1863
986
1779
785
726
1491
702
1490
1752
1295
1737
1116
1045
926
1047
864
751
1041
975
1580
661
1107
918
828
671
657
1731
1514
1696
1176
1172
2616
1100
2567
2328
2223
2402
1081
2339
1545
1339
1080
1237
1103
1087
1003
972
913
1108
2515
1059
2455
969
932
2337
828
2252
799
2230
2041
1627
1450
1906
1447
1907
1451
1883
1427
1879
1410
1837
1734
2178
2161
1211
2073
1063
2074
934
2016
1480
1976
1204
1117
1039
1933
1711
1582
1456
1140
1015
970
934
2150
2139
1986
2330
1823
2134
1776
1720
1772
1513
1678
1458
1491
1327
1436
1173
1302
1158
1262
1126
1164
2768
2427
2363
2340
1977
1844
1786
1741
1588
1391
1364
1316
1900
2754
1585
2183
1477
2101
1431
2080
1169
2070
1129
1873
1079
1816
1778
1717
1277
1228
2901
2610
2590
2431
2474
2414
2471
2345
2457
2277
1745
1917
1386
1904
1346
1611
1414
1414
1346
1445
1306
1254
1255
1375
1335
1586
1550
2641
2639
2024
2028
1944
1825
1700
1565
2329
2309
2028
2256
1885
2167
1873
2130
1797
2062
1781
2027
1764
1986
1572
1595
1537
3383
3302
3205
3017
2961
2941
2902
2859
2574
2525
2459
2256
2217
2155
2144
1962
3215
3113
2893
2869
2766
2700
2702
2178
3576
2125
3549
2118
3456
2086
3444
2065
3360
3297
3275
3196
3049
3046
3621
2975
3404
2845
3248
2844
3178
2843
3112
2542
3079
2455
3024
2455
2575
2434
2560
2019
2525
1980
2525
2496
2439
2334
2075
2068
3706
3663
3463
3378
3200
2962
2869
2834
2754
3614
2077
3604
3442
3341
3320
3323
3282
3145
3109
3107
3020
2975
2605
2493
4287
4203
4116
4105
4064
3890
3645
3522
3505
3410
3333
3229
2832
2542
3141
2956
2926
2781
2749
2751
2740
2723
2693
4652
4646
4634
4612
4583
4520
4203
4149
4150
4124
4053
3968
3764
3470
3314
3309
3296
3155
5492
5479
5321
4917
5061
4893
4934
4883
4909
4790
4519
4721
4518
4486
4495
4440
4368
4303
4363
4118
4328
3964
4215
3891
4176
3887
4166
3868
3926
3777
3780
5168
4982
4969
4880
4860
4847
4831
4820
4804
4645
4639
4499
4273
4172
4125
4028
3980
3853
3777
5
9
5
5
6
5
5
12
18
17
5
7
5
9
24
42
10
48
6
5
32
48
37
6
57
55
26
41
15
42
86
6
160
74
112
47
11
32
193
51
65
27
29
126
37
91
76
39
41
137
6
102
6
233
282
44
43
110
191
94
127
15
29
7
19
148
271
266
222
5
46
334
271
21
185
10
306
55
15
159
157
198
261
12
210
102
175
42
47
31
31
11
438
311
267
387
12
11
200
221
334
60
92
29
25
8
414
45
13
14
11
404
77
48
24
166
20
409
344
344
36
55
18
54
5
269
376
207
181
22
39
143
34
88
13
471
268
5
448
594
63
20
562
11
453
48
567
296
585
39
530
69
371
386
54
62
81
69
437
141
434
28
14
178
13
569
286
432
442
149
232
144
81
121
756
44
560
26
445
5
679
671
466
644
142
5
609
192
251
111
84
738
81
726
627
265
64
784
23
5
5
14
59
806
226
30
8
873
842
226
71
172
748
703
5
26
113
11
73
22
6
14
6
138
720
23
145
636
129
31
5
736
49
51
47
29
780
697
692
64
662
783
639
737
19
581
21
570
26
378
699
15
13
60
303
765
555
63
902
99
685
66
65
96
5
7
720
11
92
460
15
576
589
142
144
620
504
119
5
408
636
617
381
6
110
1211
64
1093
8
1053
58
962
90
835
66
52
5
311
5
680
293
203
422
726
372
1064
661
857
698
818
78
751
9
1180
224
721
970
447
691
522
451
82
86
109
49
81
51
106
440
1340
223
834
84
1295
202
1182
16
843
608
105
263
49
288
10
214
578
65
37
806
661
573
33
500
232
71
1245
561
50
900
150
443
90
950
446
409
230
184
6
231
224
106
134
132
49
9
59
40
17
94
772
44
739
892
525
734
679
460
277
396
647
338
322
114
306
243
612
58
125
716
143
93
119
29
632
23
473
224
140
63
5
276
120
242
47
37
26
117
16
88
60
24
61
618
830
517
773
672
914
6
530
534
241
1157
1146
70
41
1580
409
1429
1291
34
14
27
30
1281
21
614
5
6
1232
1049
1123
1031
270
1034
59
49
22
31
798
42
26
778
87
651
591
233
109
28
112
83
68
493
359
915
167
816
812
696
1587
1581
126
1064
1055
104
993
1223
595
1059
564
406
323
262
877
186
778
745
575
447
1992
1055
1024
447
1451
886
1368
711
1489
626
546
1283
1156
1361
1267
1458
466
296
1071
1293
885
1108
1678
1093
1658
1586
1403
1169
905
1996
1810
768
356
1157
1152
1035
1021
297
1133
333
1123
1059
901
300
2086
1078
438
956
348
942
1001
865
979
574
518
1995
1841
1766
810
625
958
957
638
836
395
1470
954
529
555
526
521
1653
1626
1207
1453
1095
1108
1042
1044
934
1077
679
530
459
530
1015
942
938
569
472
751
617
519
499
2335
932
2217
756
2155
735
2125
637
1985
1970
1933
1919
1888
1816
1378
2384
1372
2383
1204
2298
733
2253
645
2215
2406
2128
2263
1996
2243
1818
2232
1688
2175
1500
1983
1425
1927
1306
1920
1268
1566
1261
1462
1254
1151
1040
1005
1340
983
1226
972
1230
970
1176
944
1178
865
1117
1116
1243
847
1040
851
861
786
950
699
865
729
722
901
877
1804
1775
2534
1688
1531
2396
2393
2284
2232
1692
1662
1567
1511
1386
1477
1362
1284
944
819
1473
804
1405
1293
1315
1141
898
879
843
2054
2036
1706
1300
1635
1044
1525
1026
1334
1016
1203
960
1170
907
2634
1115
2598
1019
2370
2300
2098
2013
2017
1933
1715
1693
1466
1431
1738
1224
1626
1587
1589
2847
1386
2723
1171
2686
990
2662
2332
2246
2246
2113
2094
2078
2063
1931
1863
1816
1528
1494
2935
2427
2135
1975
1940
1844
1667
1665
1365
1284
1190
1172
2176
2121
2056
2006
2002
2844
1957
2694
1939
2282
1911
2111
1863
2088
1707
1651
1574
2426
2344
2311
1838
2190
1447
2055
1293
1271
1940
1859
1848
1844
1727
1972
1491
1814
1345
1700
1570
1679
1438
1578
1382
1340
2655
2561
2501
2364
2327
2306
2270
2234
2090
2055
2019
2003
1973
1837
1561
1409
2356
2346
2224
2198
2107
2082
2072
2034
3096
1830
2629
1821
2295
2250
1929
1812
1600
1476
2034
1960
3406
3245
3067
3069
2974
2974
2835
3492
2716
3470
2536
3338
2377
3304
2336
3283
2254
3118
2215
3110
2212
3003
2008
2884
1689
2742
3563
2660
3463
2645
3413
2451
3337
2422
3314
2266
3306
2189
3285
2114
3271
2057
3196
1845
2922
2718
2638
2607
2514
2512
2447
2401
2150
1900
3241
3198
3054
2938
2898
2815
2733
2698
2651
2648
2609
2589
2412
2408
2343
2315
2259
2262
2237
2012
2011
3761
3880
3683
3728
3534
3529
3437
3481
3267
3157
3064
2335
3030
2146
3014
2839
2813
2788
2735
2567
2556
2230
2153
2136
3491
3485
3462
3262
3172
2985
2954
2861
2767
2688
2627
2606
2446
4307
4275
4042
4045
4027
3745
3678
3591
3412
3262
3182
3165
3027
2964
2876
2844
2706
2670
2572
3985
3922
3904
3902
3888
3845
3844
3714
3680
3633
3405
3273
3237
3214
2979
2841
2820
2694
2666
2659
5036
5026
4958
4951
4884
4746
4702
4356
3953
3691
3654
3624
3405
3374
5
5
5
19
21
6
22
30
5
9
5
5
42
47
42
6
55
6
38
14
13
6
26
20
44
14
22
108
25
17
14
5
21
5
5
9
46
25
66
15
80
6
69
5
60
135
41
5
44
6
117
65
5
6
5
30
56
9
87
57
125
52
169
58
25
5
10
11
18
31
38
5
50
42
27
141
13
75
7
230
279
174
134
6
5
73
71
224
60
300
13
137
151
54
129
37
327
305
79
9
46
22
16
36
5
32
16
20
14
326
390
50
22
234
67
65
223
6
250
46
407
9
6
6
17
5
31
8
247
7
8
118
229
83
39
551
433
304
282
5
152
413
260
268
5
26
5
23
363
30
357
444
178
41
11
579
57
394
453
83
160
252
157
83
78
5
195
22
38
128
40
116
35
474
7
465
140
50
12
27
141
58
71
32
34
341
436
5
93
20
451
23
24
55
45
161
753
691
75
383
6
364
351
104
97
13
131
29
106
16
96
93
12
40
315
827
272
5
315
739
137
24
518
353
321
5
284
382
32
264
26
836
34
827
282
29
31
756
861
171
134
5
41
24
29
364
39
362
618
8
88
49
50
13
156
153
130
162
762
72
12
625
478
277
23
44
5
213
14
48
638
663
657
6
216
16
205
19
75
621
501
625
439
119
364
117
327
53
502
14
473
600
123
28
74
32
498
14
448
454
46
434
387
303
379
235
355
198
34
172
8
52
9
29
8
14
905
1253
842
823
17
1245
273
9
920
233
24
21
5
9
19
32
83
877
775
840
852
12
726
13
729
15
667
445
1043
14
451
1037
19
885
869
626
822
554
794
510
793
471
25
428
11
91
131
768
542
532
488
36
139
354
228
313
205
85
5
15
612
88
23
28
13
209
72
201
473
362
572
6
5
7
232
224
14
205
8
5
1524
49
10
1512
11
436
1331
17
14
1057
579
549
97
305
9
126
570
1157
1364
1153
34
16
315
1327
1508
1140
1513
1281
309
15
1057
1138
762
612
55
83
31
12
414
428
299
205
300
1151
26
486
470
5
1219
1025
227
207
150
509
25
246
251
145
58
71
1060
46
51
992
47
979
948
1218
662
1116
636
41
640
245
1309
1299
1126
1295
127
1276
703
703
1115
21
859
96
145
395
369
1390
1119
105
750
1241
1094
1012
429
176
746
424
700
273
637
542
1060
389
1064
189
875
963
143
751
136
219
255
460
851
220
831
531
1311
487
1247
232
264
231
296
225
347
507
437
225
314
212
918
875
829
634
829
597
785
537
763
538
590
1951
576
1929
563
1931
564
1334
1712
1265
1698
1236
1690
1198
1640
1114
1565
929
1535
1521
1479
2206
1982
896
803
465
689
446
541
400
365
845
1531
1432
1394
1264
1725
882
1490
676
1442
677
608
1671
522
1633
484
1634
1626
1346
1580
1056
1463
1059
1256
1018
1075
1004
684
959
918
848
718
619
596
484
1177
480
1102
851
748
715
645
2018
2020
1708
1998
1508
1998
1015
1926
700
1817
597
1809
1756
1711
1700
1649
1527
1525
1893
1195
1247
1071
1207
1036
1047
939
685
620
914
711
709
2483
2479
2482
2326
2286
947
2257
950
2131
2037
1912
1898
1794
1788
1640
1491
1391
1221
1192
2234
1052
2203
2187
2098
2102
2071
2396
2355
2325
2259
2163
1974
1952
1915
1818
1753
2108
1658
2088
1476
2047
1454
2006
1122
1959
1002
1961
1004
1945
1753
1087
1010
2513
1017
2437
989
977
1771
2361
1397
2243
1369
1261
1226
1100
2247
1917
1858
1806
1082
1717
993
1703
1626
1601
1373
1258
1261
1245
1069
2218
1034
2110
1023
1926
979
1878
1716
2333
1677
2314
2273
2274
2119
2068
2342
1953
2339
1705
2026
1643
1944
1643
1811
1635
1752
1744
2963
1619
2873
2795
1691
1664
1337
1247
1547
1421
2636
1287
2624
1274
2470
1198
2303
2301
2290
1975
1973
1977
1925
1520
1512
1513
1342
1682
1584
1545
1393
1249
3121
2737
2503
2710
2467
2456
2345
2895
2835
2336
2710
2235
2710
2193
2602
2161
2549
1748
2514
1643
1647
2149
1431
2117
2105
2524
2506
2371
2115
1345
1339
2113
2029
2112
1868
2075
1861
1986
1773
1851
1685
1826
1663
1747
1672
1548
2983
2838
2581
2555
2494
2514
2351
2322
2224
2179
2214
2089
2194
2140
1672
2103
1456
2102
2067
2136
2054
1791
2047
1789
1745
1705
1657
1661
1595
2206
1858
1788
1553
3329
3323
3315
3080
2963
3089
2938
2934
2740
2780
2516
2781
2401
2780
2335
2777
2290
2278
1999
1948
1923
1948
1758
1936
1734
1791
1589
3441
3301
3273
3199
3156
2843
2732
2672
2414
3433
2336
3350
2298
2992
2233
2844
2190
2802
2156
2534
2150
2469
2103
2148
2035
2146
2032
2005
1939
1946
3328
3285
3245
2920
2900
2901
2890
2808
2604
2536
2501
2109
2864
2777
2748
2549
2404
2348
2225
2220
3293
2151
3143
3027
2859
2856
2732
2674
2618
2581
2580
2509
2397
2249
2220
3973
3847
3633
3617
3438
3429
3295
3157
3152
2960
2845
2815
2808
2571
2564
2447
4255
4151
4144
4071
3681
3544
3528
3384
3213
3052
3042
3031
2844
4983
4797
4707
4514
4475
4382
4369
4365
4243
4233
4194
3938
3835
3785
3662
3617
3597
5
5
5
11
6
5
7
8
14
5
44
20
15
13
15
6
72
16
63
16
17
12
12
20
35
26
31
33
31
123
38
119
6
9
30
23
5
21
113
5
13
48
45
12
58
88
17
44
54
13
12
97
5
25
47
56
18
222
5
6
197
13
23
121
32
5
25
61
6
73
18
40
32
20
35
61
14
36
37
6
185
231
70
22
292
12
6
167
15
21
152
13
141
233
20
183
6
13
38
164
9
79
42
226
22
20
29
48
17
5
6
8
450
225
22
51
22
21
14
32
96
194
31
89
502
407
412
222
367
288
238
214
319
21
441
15
337
497
480
55
133
22
367
262
14
171
69
26
256
539
81
464
442
74
48
169
413
371
374
38
229
42
11
65
85
23
35
17
260
141
118
97
72
7
142
7
530
505
225
5
9
51
5
5
7
53
550
11
272
188
5
35
24
5
42
752
585
621
555
6
308
86
45
22
17
18
83
19
37
98
455
93
283
111
737
75
264
138
362
147
45
133
741
237
9
71
697
378
600
86
5
231
793
26
121
10
206
84
12
180
96
159
94
5
135
63
636
702
448
582
33
40
22
6
21
606
353
532
229
444
419
5
47
193
230
6
285
524
97
88
79
87
85
191
1070
1038
11
18
1047
9
452
12
141
1113
147
66
14
13
1099
133
934
831
479
97
7
663
985
493
165
12
391
158
373
769
824
716
825
662
29
774
673
616
120
64
755
384
703
647
897
828
968
15
334
122
666
6
842
27
275
705
710
662
574
37
483
540
8
8
366
22
133
287
25
669
5
306
7
299
225
296
242
107
33
28
961
5
60
262
953
721
1442
635
400
330
5
18
6
5
696
621
377
22
250
294
156
273
752
9
11
18
281
1494
766
1314
142
724
72
716
302
663
575
97
61
1448
38
1440
117
1393
5
6
15
1402
50
7
592
38
5
9
735
19
490
14
389
28
343
1308
1226
413
323
14
301
1058
209
224
6
192
14
8
74
15
22
5
5
37
1502
1304
117
21
21
102
1069
1214
36
853
5
5
48
1090
736
994
707
997
600
991
958
85
940
1185
926
1032
423
972
211
962
151
221
610
1218
414
1040
11
20
940
644
575
162
416
293
999
28
163
124
1600
126
664
1609
660
664
5
665
566
1612
28
46
980
39
87
546
947
490
788
636
1502
1456
1365
509
486
531
422
395
1364
1234
454
270
419
1097
401
141
395
511
322
193
148
1083
1128
773
1111
746
885
581
822
445
484
342
372
320
800
2084
760
1903
534
1664
1480
1350
1164
1158
477
1043
346
893
316
2120
941
873
1476
765
1467
1393
912
1308
866
1234
811
754
2006
1972
1949
1813
787
1034
727
973
632
893
830
779
542
462
834
452
704
665
1262
634
1227
1238
1152
1022
1076
1019
1015
705
661
601
630
595
589
1883
1858
639
1680
617
520
1690
1520
1457
1332
1300
1118
2363
1072
2177
1053
2120
2081
850
1447
808
704
2022
673
1645
699
618
700
671
532
2048
631
2030
537
2032
2008
1751
2002
1717
1701
1715
1587
1691
1083
1515
1022
1476
990
1439
856
1370
1088
1028
993
949
840
796
726
725
711
722
2451
2430
2208
2056
2042
1764
2006
1585
1871
1146
1623
1021
1437
883
1385
858
1260
860
1241
1083
1228
961
1229
1165
1148
1052
2500
998
2294
1709
2096
1686
1583
2375
1262
2311
2009
1227
938
803
1309
904
1281
898
1027
2656
2456
1813
1793
1516
1476
2108
2090
1928
1029
1488
1027
1375
1308
839
1294
2076
1950
2455
2330
1784
2330
1679
2158
1612
1569
1034
1566
977
1209
2415
1827
2100
1159
1652
2040
1585
1539
2043
2004
1964
1612
1837
1434
1782
1284
1395
1020
1175
1007
1078
2053
1836
1810
1384
1754
1064
1654
1009
1578
1577
1561
1330
1336
1062
2850
1066
2592
2455
2417
2247
1437
1328
1312
1254
1131
1131
1091
1210
2391
2369
2368
2320
2256
2248
2211
2123
2126
1915
2371
1675
2189
1348
2184
1304
2009
1869
1873
1863
1858
1809
1620
1621
1610
1514
1287
1272
2515
2428
2196
2171
2323
2122
2320
2008
2241
1972
2150
1952
2082
1947
2081
1910
2077
1906
2033
1902
2026
1840
2028
1810
1980
1639
1936
1526
1876
1363
1820
1710
1689
1656
1638
1549
1540
1477
3290
1406
3265
3062
3052
2607
2355
2353
2355
2250
2174
2021
1962
1895
1854
1853
1774
2681
2617
3445
2374
3305
2340
3282
2278
2965
2276
2898
2254
2902
2255
2854
2251
2681
2113
2582
1932
2582
1776
2469
1720
2310
1672
2203
1930
1822
2372
2985
1941
2923
1943
2815
1923
2817
1913
2628
1908
2544
1865
2387
2319
2277
2253
2085
1932
3678
3665
3313
3214
3218
3094
3082
3079
3083
2804
2757
2586
2551
2414
2339
2165
1993
1918
3072
2976
2835
2809
2606
2516
2434
2167
2069
2013
3814
3748
3686
3667
3303
3281
2827
2717
2711
2516
2498
2334
2317
2297
2937
2248
2484
2060
2362
2219
2211
3826
3723
3685
3669
3635
3576
3525
3453
3169
3112
2755
2746
2174
4631
4584
4417
4287
4283
4256
4159
3823
3819
3630
3280
3192
3014
5023
4735
4717
4712
4686
4045
4020
4012
4013
3974
3681
3561
5
5
6
5
8
5
5
5
6
5
7
9
7
5
49
16
5
27
11
12
5
6
11
5
34
6
30
6
5
5
6
89
19
21
12
33
19
123
26
26
64
128
131
15
17
122
25
72
23
23
5
6
146
58
20
8
47
50
85
142
21
52
9
11
250
26
121
233
96
251
213
215
42
131
78
91
119
78
55
6
227
39
187
47
207
183
56
340
323
250
170
10
340
139
159
9
192
67
200
132
111
38
88
9
388
381
156
369
11
260
80
18
15
43
182
142
45
46
427
129
28
182
59
91
461
38
403
79
142
392
311
282
340
302
16
328
197
580
6
187
23
12
12
37
11
332
164
137
22
16
10
310
25
22
153
215
7
15
302
72
20
29
34
11
22
152
51
38
45
36
34
28
5
148
565
233
12
6
236
10
137
9
118
49
92
38
87
23
85
22
21
789
39
642
154
45
45
73
881
160
77
14
89
747
47
790
627
550
99
58
98
102
59
524
29
288
748
525
155
361
51
55
23
311
836
278
6
801
547
540
405
16
368
308
901
44
257
24
393
556
384
774
549
774
93
5
35
252
119
14
22
16
7
111
36
257
11
921
8
851
22
164
137
33
42
50
139
13
73
125
14
5
105
85
86
188
60
746
62
6
1138
1084
101
1082
12
953
66
810
14
20
7
128
311
946
152
1098
802
51
128
736
1143
12
47
31
971
1070
5
356
835
1166
30
1157
305
201
229
177
5
144
7
136
1159
1044
1158
53
40
19
1017
1032
935
1000
971
87
931
89
846
952
922
1058
1043
816
205
125
209
37
94
41
706
8
1459
37
1426
41
314
83
1409
319
156
1021
881
39
1112
36
1088
729
1078
713
934
1027
848
847
220
195
220
101
1032
794
668
283
1468
13
376
292
358
292
243
656
5
594
560
1277
211
1286
235
28
237
711
55
1660
122
878
456
702
634
14
256
384
15
5
259
721
27
403
93
39
345
1498
260
1194
156
1722
1003
127
148
116
67
1686
22
274
1675
1511
135
1343
254
1293
237
223
776
1328
197
181
16
164
52
15
13
25
816
107
782
1859
1793
830
747
1755
1287
103
87
630
1275
626
423
1163
1240
280
1165
167
222
208
121
96
984
550
265
250
257
1330
1209
1162
1017
793
169
531
164
230
889
1022
882
749
754
727
755
696
662
1484
639
1261
546
1051
1040
1276
784
774
1040
504
403
1676
993
1433
614
1405
405
450
291
431
385
1997
562
1626
1594
1859
1198
1814
2132
407
2100
396
1477
361
1346
1334
1544
1418
790
1010
630
483
1815
1279
1739
1076
1074
465
714
445
456
1297
1351
1273
1345
1229
1192
1786
1093
1748
1078
1611
1313
1431
1336
1852
1043
915
1493
1835
685
1656
569
1644
1375
492
1274
483
1570
494
1574
1344
1374
1212
1339
1214
517
1100
1172
824
1144
668
1003
621
952
918
1751
895
1736
748
1720
749
1707
645
1660
1511
1489
1143
1257
992
1223
980
1095
977
929
906
933
825
809
1423
1366
1363
838
779
1091
919
872
1871
824
1784
702
1716
851
1515
840
922
799
910
766
2282
2014
1967
1928
1658
1419
926
1442
936
1320
1300
1021
988
873
841
812
874
1408
1759
1402
1707
1358
1188
1299
1135
1280
1125
1257
1090
999
2488
978
2486
2378
2166
2168
2062
1982
1936
1862
1835
1613
1569
1553
1536
1457
1273
1092
1088
2570
1023
2521
950
2481
954
2422
2319
2161
2118
1998
1983
1803
1493
1415
1386
1346
1319
2818
1144
2811
1106
2708
1042
2657
2512
2388
2352
2312
2230
2217
2082
1799
1784
2799
1709
2730
1594
2197
1580
2189
1436
2068
1319
2072
1275
1873
1186
1693
1696
1573
1448
2469
2173
2161
2156
2116
1998
1982
1973
2883
1686
2692
1689
2626
1666
2613
1501
2614
1467
2555
1430
2536
1338
2517
1251
2519
2471
2352
2123
1898
1570
1517
1483
2365
2147
2090
1924
1882
1606
1547
1412
1340
3117
3052
3021
2647
3009
2569
2996
2475
2919
2216
2875
2115
2385
2060
2348
1641
1555
1497
2359
2311
2289
2257
2228
2125
2111
2063
1992
1962
1916
1803
1793
1517
3091
3005
2818
2700
2703
2515
2502
2240
2745
2231
2693
2193
2587
2077
2452
1776
2335
1616
2228
1564
2139
2046
1625
1576
2412
2409
2353
2179
3426
2013
3297
1741
3295
1701
3162
1622
2894
2773
2824
2751
2822
2686
2812
2357
2702
2282
2145
2167
1992
2169
1768
2158
1732
1983
1725
1881
1880
1876
1808
1907
1716
3482
3392
3345
3250
3202
3095
3014
3013
2962
2947
2835
2826
2777
2740
2713
2717
2648
2652
2648
2614
2594
2312
2127
2042
1999
3641
1868
3596
3471
2878
2614
2295
2231
2184
2152
2136
3870
3217
3151
3118
3280
3083
3118
3051
3056
2850
3040
2572
3039
2572
2933
2508
2919
2816
2773
2773
2777
2676
2606
2593
2479
4082
3877
3688
3527
3325
3300
3269
3184
3136
3079
2885
2824
2827
2596
2468
2434
3803
3696
3503
3442
2869
2827
2603
4497
4310
4301
4275
4029
3879
3600
3418
3260
3229
3906
3899
3380
5091
4872
4854
4694
4649
4364
4072
4072
4059
3988
3978
3948
3938
3923
3734
5275
5186
5130
4954
4571
4484
4301
4227
4104
5973
5976
5963
5959
5909
5821
5718
5416
5203
5172
4649
5
5
10
14
15
5
13
12
32
22
9
64
13
13
96
21
44
17
5
134
8
76
45
82
64
11
128
124
9
14
28
13
50
31
50
14
25
5
24
13
5
73
55
19
31
52
60
234
196
190
238
106
245
237
186
161
141
191
28
83
20
33
191
29
38
30
24
125
41
21
281
83
118
99
70
26
9
20
32
358
14
174
6
42
166
27
5
171
129
98
392
165
232
386
260
43
460
394
15
12
105
94
25
264
19
228
485
47
508
42
490
18
54
423
256
298
32
6
232
501
253
208
165
40
23
94
249
63
36
20
56
523
7
285
65
172
44
18
61
178
10
10
116
58
162
612
165
565
565
84
435
5
5
108
5
87
198
25
44
78
21
55
20
44
62
24
14
16
61
6
30
98
98
41
29
41
704
17
668
30
652
537
71
64
348
514
148
835
16
663
520
97
5
465
7
677
464
366
5
90
48
9
51
5
9
6
108
71
5
7
112
245
39
59
7
119
10
121
162
908
136
828
994
785
937
6
888
628
32
432
682
13
661
32
437
35
70
16
31
434
155
337
18
829
5
23
569
15
1021
123
37
977
44
627
15
342
317
88
404
29
24
635
9
609
230
223
1019
81
6
1088
992
974
30
925
34
888
26
840
6
790
474
868
417
847
658
5
1193
5
1185
6
204
632
187
131
30
13
307
1070
10
1170
974
11
10
62
913
86
751
855
70
273
257
6
49
684
44
5
744
593
413
644
22
621
8
244
652
615
222
129
262
429
9
110
353
360
11
339
766
12
141
77
337
271
100
23
15
14
676
14
18
484
66
72
65
38
427
43
384
302
688
563
64
44
45
73
566
886
57
748
20
20
319
9
291
484
281
73
71
670
312
445
301
24
278
355
308
261
33
9
148
93
99
65
447
6
400
341
1096
1017
294
6
75
8
144
6
782
781
6
14
21
369
10
11
37
11
154
13
118
278
151
12
123
23
72
54
59
22
7
297
5
38
231
253
24
249
1699
6
47
33
223
1711
620
36
16
362
213
353
277
207
238
93
354
89
77
40
16
127
25
36
1771
1695
1428
1224
651
969
509
225
911
463
881
259
848
202
813
632
349
213
902
663
366
441
333
720
962
549
281
124
152
923
577
581
383
413
2009
268
1877
244
1858
300
1722
1717
1611
2060
2049
249
2030
1530
1910
1486
1458
520
1453
434
1668
432
284
286
277
1643
327
1509
282
1481
1484
1783
1779
1729
1759
1658
1654
1608
1554
1368
1471
1444
1582
1270
1304
1155
1393
1243
1172
1181
1171
1041
1074
1021
961
838
789
785
744
652
576
529
1028
1031
2273
895
2154
884
2155
2100
1903
553
1642
1435
1396
840
1245
834
744
812
1252
789
1201
1530
1140
735
736
736
1519
1063
1486
739
533
691
1448
1279
1231
1111
1067
1064
1064
981
1054
784
1020
665
1011
993
974
858
780
783
1247
674
1066
632
981
834
763
705
2395
640
2380
2104
1971
1961
1943
726
1936
699
1894
1875
1834
1837
1609
1563
1390
1242
1206
1186
901
2416
899
2308
838
2265
2153
2138
2108
1515
1489
1351
1435
1101
1421
1054
1217
994
821
833
793
792
2615
2543
2525
2386
2313
2196
1833
1768
1731
1650
2652
1648
2559
1559
1932
1438
1881
1426
1854
1361
1822
1008
1374
1299
2714
1182
2501
1171
2368
1155
2351
1122
1734
1091
1534
908
1251
1235
1808
1059
1322
1320
1165
2615
1031
2570
2550
2429
2275
2230
2007
2007
1910
1867
1806
1675
1673
1646
1648
1372
2471
1080
2458
1060
1017
2397
2271
2221
2113
1956
1937
1903
1897
1714
1622
1472
1346
1112
2904
2812
2885
2808
2845
2607
2840
2458
2833
2150
2808
1912
2670
1533
2610
1189
2610
1188
2516
2367
2137
1881
1735
1720
1533
1498
1494
1325
1282
1279
3101
3008
2764
2754
2390
2135
2076
1974
1874
1847
1408
1389
2437
2228
2188
2187
2165
2694
2145
2519
2030
2315
1911
2242
1771
2040
1609
2042
1535
2021
1392
2025
1975
1944
1899
1867
1751
1694
1688
3297
3221
3206
3035
2532
2432
2131
2041
1792
1690
1558
3480
3190
3179
3130
3079
2892
2847
2824
2779
2742
2701
2593
2198
2111
1842
1762
1754
1713
2449
2148
2129
2091
1993
1987
1831
1834
3591
3445
3084
3702
3066
3675
3007
3626
2884
3537
2651
3456
3357
3216
3169
3176
3166
3071
2962
2963
2422
2292
2165
2047
2669
2645
2556
2432
2377
2002
1965
2577
2491
2334
2321
2242
2177
2060
3183
3152
3094
2971
2949
2665
2563
2328
2184
2054
3976
3879
3803
3763
3624
3556
3142
3122
3058
3028
2713
2693
2682
2642
2376
2378
2268
3649
3452
3396
3363
2639
3116
2629
3006
2375
2916
2369
2766
2718
2720
4239
4342
4207
4131
4032
4035
3916
3961
3708
3910
3629
3908
3359
3422
3077
3284
3070
3228
2781
3231
2776
3178
2747
3088
2711
2796
2642
2786
2579
2745
2541
2691
2541
2542
2524
4514
4276
4264
4228
4056
4033
3906
3700
3524
3358
3291
3214
3119
3067
2956
2960
2955
5199
5166
5127
4942
4931
4933
4927
4751
4292
4252
4243
4239
4128
4015
3555
3505
5105
5094
5069
4788
4631
4506
4506
4360
4359
4358
4323
4321
4258
4175
3895
5
5
7
7
5
21
5
35
23
7
27
9
7
27
50
41
6
53
12
10
25
18
12
15
27
7
6
21
9
6
6
18
6
6
29
5
23
16
10
24
5
5
60
95
21
68
16
88
87
6
22
13
5
16
51
114
80
5
47
6
68
10
102
6
6
110
5
78
221
188
83
73
95
9
7
30
17
11
5
228
221
17
127
31
170
269
6
5
78
124
94
16
262
29
11
44
341
255
53
77
5
385
45
280
287
180
248
195
333
234
6
424
26
39
427
319
67
40
23
11
54
370
417
40
310
39
45
329
71
6
7
222
95
94
339
231
81
70
19
244
50
586
517
6
68
351
310
264
543
447
136
406
87
361
393
15
372
145
93
50
17
143
333
13
124
482
263
309
265
96
28
95
278
90
115
140
48
596
9
554
639
123
167
121
621
22
540
36
354
208
69
580
496
98
496
158
6
45
16
151
611
6
473
158
119
89
9
31
49
15
211
321
19
176
14
227
359
247
15
7
116
5
57
7
50
9
78
162
60
173
815
5
94
9
43
48
716
719
19
54
844
729
512
734
452
721
21
16
8
197
9
125
729
643
5
609
1000
39
22
7
6
108
40
556
13
725
5
40
542
551
497
396
207
15
12
5
348
80
58
261
10
69
128
50
70
23
7
10
45
77
28
40
7
40
87
5
5
92
773
40
36
167
12
87
409
236
507
212
238
38
17
242
175
10
66
1077
192
960
80
18
651
10
69
517
23
245
168
871
19
6
636
773
6
530
656
396
6
1384
247
245
6
6
1398
653
1093
157
174
125
147
976
972
1337
76
28
576
11
304
6
82
9
39
37
1093
989
1319
1218
916
75
860
40
71
998
903
99
24
301
32
10
245
928
94
894
875
81
959
859
965
905
818
879
691
39
183
829
39
1063
45
1059
1144
1035
1026
18
928
1007
863
1085
1014
862
947
937
180
126
922
321
955
749
924
870
872
753
5
580
169
6
24
6
11
648
545
546
389
255
512
21
240
11
153
36
751
564
23
79
13
25
641
1717
369
388
1634
1548
393
1544
1497
392
1505
177
1496
679
1464
483
1122
121
1481
116
337
1112
921
1746
427
1545
1422
673
217
1250
349
1176
283
181
1186
1007
1852
1815
269
249
1097
219
957
932
177
720
1314
372
341
706
532
1689
504
1680
432
252
1656
1641
1599
1603
1605
828
1557
654
1400
455
378
317
1237
1079
1103
964
951
1305
917
1061
792
706
1061
560
1058
1027
848
1119
754
676
887
699
662
1674
1546
998
1550
570
1008
378
1000
783
912
453
450
901
744
502
674
478
616
2031
586
458
566
424
1992
576
1717
445
1192
914
1110
878
837
571
457
1638
1506
1488
1292
1089
951
1149
689
1133
612
1121
979
777
546
676
529
608
1340
1581
1316
1315
1314
1250
1684
1657
1563
2197
1484
1081
708
774
1957
759
1745
728
1608
637
614
1301
1205
974
926
1086
956
1556
1985
1442
1983
1941
1361
1860
1081
1801
986
826
1431
1989
1358
791
1113
742
952
870
1899
1337
1811
1063
1699
1484
1833
1764
952
1624
849
1587
776
1010
1348
917
1099
1841
933
1736
878
805
802
2542
2525
2412
1469
1407
1148
1265
1111
831
786
789
1021
1005
905
2358
2306
2190
1417
2053
1250
2032
1252
1854
1163
1170
1162
1101
1578
1079
1199
1186
1125
1093
1012
952
1584
1036
1781
986
1670
1572
947
1429
1238
1020
1012
996
930
1546
1534
1253
1250
1038
1057
1040
1027
1024
971
1692
1422
2524
1212
2428
1195
2424
1095
2303
1036
2217
2201
2140
2090
2066
1886
1834
1627
1518
1449
1102
1089
2473
1074
2366
2015
2013
2009
1903
1765
2856
1730
1714
1594
1568
1509
1486
1422
1329
1268
1410
1248
1257
1209
1210
2750
2698
2689
2688
2685
2626
2591
2417
2361
2349
2339
2273
2199
1813
1758
1734
1626
1424
1335
2866
2805
2563
2546
2291
2292
2056
1886
1789
1775
1700
1562
1406
2962
2860
2780
2706
2692
2689
2659
2589
2432
2388
2346
2341
2331
2258
2118
2106
1941
2103
1757
2037
1659
2004
1513
2006
1477
2008
1691
1618
1592
2667
2462
2464
2388
2227
2974
2209
2901
2200
2699
2037
2659
1967
2636
1901
2581
1846
2479
1607
2385
2386
2235
1901
1795
2366
2033
2023
1984
1704
1672
3414
3367
3240
3209
3185
3120
3015
2839
2641
2639
2594
2443
2165
2131
3525
2107
3528
1956
3510
3264
3418
3192
3129
2992
3122
2987
2822
2892
2782
2828
2609
2549
2502
2478
2055
2438
2012
2433
2013
2381
2012
2368
1907
2333
2337
2313
2167
2008
3524
3449
3420
3339
3189
3106
3076
2763
2482
2373
2343
3965
3950
3929
3719
3703
3700
3609
3491
3436
3407
3381
3339
3322
3277
3276
3130
3089
3088
3053
3036
2973
2859
2817
2681
2637
2627
2554
2523
2507
2470
4077
3961
3799
3799
4200
3712
4147
3505
3900
3213
3549
3118
2983
3112
2901
3058
2871
2928
2809
2923
2672
2815
2634
2787
3681
3510
3437
3234
3221
3225
3205
3019
2955
2936
4761
4525
4499
4466
4129
4094
4009
3779
3663
3560
3376
3233
3082
5010
4892
4755
4525
4468
4124
4006
3986
3584
3983
3541
3826
3407
3821
3797
3594
3425
5
5
9
5
5
5
23
13
7
33
7
6
30
10
12
6
31
6
7
38
34
11
42
26
13
66
54
44
41
27
8
14
36
14
12
115
115
128
47
10
72
12
33
95
120
157
5
52
9
136
90
139
118
87
66
95
6
26
59
14
83
8
5
48
215
139
9
137
29
124
35
84
12
15
45
5
68
166
100
6
69
34
30
5
32
310
42
197
139
127
14
162
147
53
20
5
73
77
17
21
180
6
134
32
6
120
141
37
114
91
184
397
454
21
416
23
385
337
18
143
247
278
196
100
44
433
437
225
12
227
258
91
178
182
157
6
240
148
118
205
119
179
92
71
11
333
540
10
473
27
24
52
555
101
27
70
20
250
16
415
42
302
15
363
6
252
26
188
8
165
18
15
5
190
64
51
50
5
527
507
183
220
43
533
481
528
278
319
532
129
42
44
459
430
345
346
46
379
84
150
64
331
248
78
31
149
6
70
48
114
9
5
270
7
345
9
13
156
11
80
12
48
476
96
252
6
104
324
297
119
85
82
86
13
56
5
95
23
47
9
16
23
322
8
41
17
814
56
504
695
241
699
47
210
609
954
164
49
511
589
45
28
1004
304
685
35
163
41
6
250
38
5
9
172
28
145
161
14
23
970
77
17
9
16
598
557
968
878
746
136
44
24
8
743
104
379
517
502
144
93
360
345
797
640
236
180
641
815
86
488
206
73
110
238
6
152
76
417
278
198
205
139
73
175
56
93
62
29
7
167
30
155
12
66
450
51
132
7
109
263
33
9
35
87
369
91
7
224
325
95
226
5
5
36
50
26
11
17
260
238
745
277
193
13
30
642
86
641
203
124
566
70
502
38
477
393
1091
78
296
1034
26
265
23
97
240
29
107
5
39
1371
50
65
1479
1237
1457
31
1189
884
28
1124
21
24
18
90
231
458
1127
441
1081
208
5
67
86
6
985
1672
37
88
444
1118
1066
1672
39
12
103
72
18
77
49
40
67
6
1216
130
996
103
20
72
355
47
348
15
135
19
128
17
1764
10
241
251
11
242
33
213
153
41
426
1806
15
1766
9
287
44
37
962
169
38
1203
5
1678
1674
1187
1644
1598
5
14
176
1537
336
1535
142
1597
1587
151
24
1587
1557
1206
72
92
27
30
111
1177
98
1156
1206
837
1182
1061
1050
1519
1434
1622
1559
1591
747
1369
1329
1020
1628
1611
891
1560
1523
1531
697
759
1518
757
1467
1312
1403
1223
1124
1090
1293
1042
1136
1245
1102
1092
1039
245
1155
1117
1051
1054
864
1050
866
1101
853
2162
1095
744
592
1828
1745
1620
769
714
1044
942
594
756
583
506
1364
1311
723
900
301
760
1075
559
926
1284
914
714
400
325
910
2237
863
2126
1209
550
997
967
2108
1753
1959
964
904
824
1472
789
1125
783
1105
1630
920
1510
855
1506
1218
818
938
787
793
663
748
777
516
596
471
549
550
1234
523
1196
579
997
926
2371
879
2139
878
2123
745
2025
708
1891
590
1712
549
1704
544
1693
1659
1668
734
1530
735
1341
695
586
566
1091
1244
952
837
686
1698
1256
1693
1469
682
655
1912
1880
1410
1748
1386
2080
1050
1921
1026
1843
724
1636
670
1776
1769
1738
1370
1760
1226
1707
1470
1682
1467
1367
1697
1242
1427
1387
1283
1206
2002
1103
1273
1241
1246
1114
1041
969
1259
970
1218
911
970
914
935
901
897
1263
1095
1048
897
834
2420
2355
2403
2318
2364
2275
2256
2099
2251
2084
2206
2050
2067
2004
2053
1903
2035
1831
2004
1828
1977
1631
1952
1619
1940
1250
1852
1149
1717
1720
1703
1060
978
961
1297
2007
1759
1652
1583
1466
1461
1409
1134
1105
2281
1032
2064
2055
1993
1909
1758
1721
1501
1452
1398
1236
1496
2325
2295
2292
1730
1593
1379
1314
2742
2539
2335
2189
1645
1628
1628
1604
2298
1437
2060
1410
1994
1378
1940
1772
1746
1730
1698
1564
1536
1494
1391
2931
1330
2688
2648
2626
2430
2428
2344
2298
2288
1861
1854
1846
1828
1666
1541
3288
3098
2923
2878
2726
2609
2476
2360
2226
2202
2101
2087
1986
2362
1969
2357
1972
2355
1865
2306
1733
2257
1699
2185
1647
1990
1956
1934
1868
1825
1666
2556
2497
2156
1887
1866
1791
1680
3322
3303
3242
3174
2716
2540
2498
2258
2018
1987
1882
1831
1694
3500
3488
3022
2843
2844
2777
2593
2456
2320
2309
2213
1758
3232
2794
3178
2749
3170
2704
3105
2387
3070
2163
2980
2046
2862
1965
2570
1846
2508
1828
2491
3628
2210
3604
2161
3584
2148
3557
2121
3351
2056
3298
1896
2958
2842
2625
2590
2546
2544
2307
2194
2180
2118
1976
1892
3250
3105
3068
3044
2920
2648
2651
2593
2583
2421
2236
2131
3067
2942
2882
2724
2570
2353
2221
3510
3361
3062
2979
2974
2695
2636
2599
2586
2581
4268
4147
4076
4299
4022
4238
3959
3855
3856
3805
3802
3719
3700
2897
3379
2734
3352
2678
3269
3102
2990
2895
2899
2841
2833
2805
2788
2771
2656
2656
2633
4780
4763
4634
4506
4299
4251
4238
4142
3854
3638
3597
3562
3451
3431
3406
3139
3098
3069
5307
5180
4975
4947
4901
4353
4296
4249
4076
3830
3781
5
5
7
5
5
12
5
6
8
24
5
5
11
22
8
29
17
6
23
66
71
14
12
60
19
73
60
80
44
37
89
66
10
111
48
5
30
76
39
57
39
29
24
19
70
39
5
39
25
69
8
5
5
69
36
60
16
9
167
196
21
14
213
222
23
31
24
13
29
197
41
6
45
5
48
9
10
259
27
13
153
152
106
271
77
8
52
235
138
192
125
35
137
44
8
249
27
112
132
9
106
155
68
24
425
295
161
249
24
469
463
5
369
278
363
317
41
426
27
176
43
130
191
313
294
349
279
235
215
447
6
33
29
250
446
5
509
63
152
237
21
596
560
58
428
411
62
545
80
44
87
141
628
49
12
7
109
46
69
17
13
56
65
48
13
168
114
297
13
93
285
36
651
460
295
131
626
619
5
623
688
419
16
21
13
14
410
516
469
25
24
25
96
11
65
5
19
94
9
379
58
250
241
55
27
477
14
32
229
148
120
97
39
72
469
5
126
555
557
46
487
9
449
171
85
26
446
23
9
418
14
88
466
188
27
156
97
16
446
62
714
55
43
17
13
14
477
122
12
41
471
336
5
306
479
54
27
9
23
453
313
101
43
261
222
15
174
211
56
284
121
263
488
170
453
49
50
113
1006
113
15
1094
955
145
896
814
719
97
629
92
564
338
550
129
152
558
136
48
51
359
228
504
1048
210
1104
99
214
194
48
1035
28
23
1042
6
972
163
87
989
930
489
1016
327
958
812
695
953
19
757
17
1269
611
1139
1237
9
332
611
22
8
909
835
958
881
947
42
372
661
788
295
9
476
323
572
481
690
638
565
378
261
23
8
24
786
347
548
371
458
431
428
134
31
5
375
356
9
268
688
9
15
567
960
902
641
845
1084
812
796
258
253
1088
1028
782
267
1141
87
1000
937
378
90
93
375
326
96
764
73
8
815
6
776
291
615
516
990
355
228
343
88
45
1231
42
1001
435
69
420
49
657
409
288
786
18
732
732
536
298
476
1790
5
1581
42
1494
544
145
392
21
715
646
401
254
1105
349
327
1018
315
317
985
1481
777
1291
1250
284
1242
102
600
64
707
64
1827
1198
455
849
457
824
1720
821
791
476
1707
790
1641
751
544
866
314
814
491
809
374
745
320
695
665
990
631
825
459
825
453
772
1966
1910
1607
1556
1170
954
864
840
345
713
345
324
760
295
598
1160
327
1124
668
834
550
537
486
1416
397
287
1117
397
1061
354
301
1060
898
1946
874
785
711
695
1767
676
1566
637
1568
1990
1387
1971
951
1952
1915
827
1797
1715
1025
967
967
761
945
758
903
657
599
1370
492
1349
1295
997
493
502
974
2128
901
1942
439
1821
1189
728
1817
1167
1792
1673
1649
538
475
1221
640
1096
513
1086
1518
757
1345
757
1001
1241
996
1096
955
1048
953
1023
932
1025
828
1006
911
856
890
846
888
819
817
1765
1063
1748
1000
653
640
1752
647
2214
1723
1316
1322
874
1150
664
794
702
1745
1648
733
1638
698
677
1195
1495
1177
1498
1102
1315
994
1305
868
1219
1456
1101
1237
1091
1078
1074
1043
941
1949
898
1951
851
1933
1830
746
1106
958
773
910
1841
1839
1796
1752
2320
1531
896
1446
855
816
843
1724
1339
1271
1147
2354
2227
2164
2138
1257
1909
1235
1907
1239
1179
1818
1635
1581
1571
1164
1129
1040
953
1204
2519
1097
2514
979
2492
969
2437
955
2437
1979
2307
1959
2273
1879
2201
2182
2082
1827
2828
2826
2642
2829
2636
2555
1846
1845
1720
1475
2691
1707
2635
1594
2344
1358
2301
1275
2188
1948
1252
1918
1190
1894
1186
1839
1164
1778
1161
1731
2660
1502
2329
1463
1964
1464
1838
1352
1605
1284
1536
1226
2619
2572
2355
2310
2280
2251
2252
2245
1793
1782
1780
1599
1516
1516
1218
1760
1507
1409
2845
1289
2725
2597
2596
2416
2397
2341
2171
2082
2009
2001
1914
1850
1832
1794
1807
1777
1706
1527
1678
1340
1384
3008
2950
3215
2712
3117
2584
2990
2481
2766
2467
2492
2456
2369
2348
2324
2212
2294
2209
2266
2190
2200
2018
1780
1992
1753
1945
1656
1659
1644
1660
1656
1422
3301
3229
3173
3168
3082
3061
3013
2842
2830
2615
2510
2502
2319
2269
2055
1929
1902
1873
1744
1631
1545
2811
2658
2586
2570
2484
2371
2374
2264
2195
2167
2044
2001
1958
1893
1894
1801
1741
1908
1722
3172
3498
3121
3227
3106
3183
3069
3100
3064
2985
2970
2966
2840
2961
2745
2820
2729
2578
2726
2540
2607
2422
2394
2294
2348
2142
2231
2044
2051
2012
3739
3636
3636
3624
3620
3504
3438
3670
3396
3467
3390
3390
3345
3344
3329
3220
3247
3189
3156
3187
3154
2278
2819
2235
2724
2216
2570
2137
2557
2035
2446
2001
2219
2000
2243
3950
3678
3596
3544
3548
2845
2833
2715
2652
2275
3275
2920
2699
2627
2623
2493
4109
4111
4109
4017
3924
3718
3675
3576
3425
3414
3286
3236
3227
2886
2870
2777
2743
2739
2736
2684
2658
2458
2451
2453
3981
3877
3800
3603
3579
3497
3406
3387
3092
2859
2828
2550
2550
5349
4679
4552
4506
4438
4437
4311
4314
4317
4278
4236
4214
4118
3964
3757
5
5
10
5
8
14
15
24
10
11
5
24
29
13
5
5
12
12
16
5
28
6
84
54
9
51
11
37
58
16
116
132
116
8
25
5
132
5
10
9
90
25
26
13
6
44
12
14
124
22
112
20
58
33
34
120
5
6
51
87
164
78
49
92
150
26
40
9
273
197
18
48
155
31
144
27
11
12
222
12
78
263
234
82
151
288
285
31
44
13
13
32
22
11
6
19
445
65
43
147
21
190
18
83
22
488
26
116
20
455
158
155
77
43
13
15
22
26
162
9
36
19
45
213
5
9
13
5
14
5
15
151
56
13
246
29
341
480
381
72
41
158
574
91
276
16
288
90
296
97
253
126
96
5
91
122
7
168
316
101
268
107
145
13
26
84
84
745
20
341
106
14
202
87
98
39
667
30
626
392
134
44
811
382
11
112
199
15
171
139
31
97
34
623
41
46
54
288
19
90
12
235
204
529
152
65
525
15
33
66
70
36
16
17
47
5
5
8
572
6
894
789
784
23
32
17
80
28
80
224
211
818
324
813
49
74
49
93
369
35
371
97
5
89
5
348
13
71
1048
685
25
978
990
94
947
543
933
5
58
5
529
19
124
499
899
498
836
877
18
6
847
850
769
6
812
205
6
47
146
19
22
23
46
279
42
266
20
226
663
462
673
13
225
316
125
228
8
361
41
5
20
28
41
35
198
122
494
217
158
14
1001
61
64
969
670
6
672
82
61
119
35
51
230
21
28
703
47
17
683
592
669
1367
29
111
424
824
26
592
704
463
684
545
45
416
5
193
169
43
238
145
147
356
25
60
346
189
92
12
5
172
55
42
1366
13
1177
55
41
86
1145
33
8
5
541
510
818
711
1108
680
468
414
1182
114
1098
17
1608
1510
549
532
22
454
5
451
16
18
480
441
429
419
373
5
63
7
445
391
5
21
33
341
123
21
1291
15
9
27
1203
52
30
429
5
403
5
33
36
1154
7
49
1141
337
1082
256
1068
242
1818
982
1769
88
1749
367
1739
310
28
1011
39
1757
985
1653
848
1451
1346
679
535
834
465
446
356
441
378
348
266
280
267
255
1012
219
976
153
905
844
1201
676
1195
679
1003
536
997
408
823
407
426
553
511
369
460
401
434
334
228
371
1252
373
1195
333
264
1895
1102
1449
956
1891
1835
1244
414
968
347
691
612
1600
426
1578
277
1563
1526
1414
1323
1679
1650
1053
936
331
841
554
1299
1542
469
444
742
1312
675
1221
1224
398
1057
1040
1314
1294
412
883
2193
1819
837
974
956
890
1134
884
1398
841
879
866
558
796
736
1303
688
730
697
1310
651
896
705
934
603
755
689
594
536
482
843
787
750
591
662
676
670
529
676
521
547
546
1419
1088
980
1320
1306
1183
899
1169
845
1140
832
1125
807
1038
648
1035
944
720
602
2162
2080
2048
1864
1682
1583
1500
1495
1498
1087
961
811
705
2380
2343
2303
2162
2065
1799
1740
1645
1599
1591
1315
1279
1271
2469
1238
2444
1174
2220
1099
1945
1054
1933
1925
1841
2112
1942
1946
1910
1835
1076
1684
952
842
1542
1523
1522
1488
2563
1236
2482
1232
2302
1159
2191
2180
2108
1774
1507
1073
1294
1007
1214
1130
1955
1935
1936
2651
1901
2458
1838
2454
1833
2327
1744
2181
1496
2136
1452
1936
1369
1843
1351
1682
1333
1647
1311
1620
1305
1598
1245
1333
1249
1306
1220
1183
2659
2633
2622
2585
2448
2264
1776
2233
1728
2106
1403
1262
1263
2662
1260
2252
1178
1932
1714
1295
1582
1569
1987
1403
1990
1270
1964
1258
1950
1774
1619
1498
2425
1447
2401
1434
2391
1430
2254
1431
2021
1321
1821
1170
1802
1661
1625
1501
1314
1244
1232
2825
2829
2610
2428
2246
2247
2183
1776
1719
1701
1673
1488
1424
3106
3082
2928
2889
2866
2652
2461
2241
2156
2002
1942
1921
1781
1706
1462
2472
2343
2141
2053
1926
1647
1572
1539
1496
3192
3101
3083
3081
3247
2529
3241
2380
3203
2347
3169
2281
3093
2147
3016
2078
3008
2066
2970
1936
2965
1777
2933
1755
2820
1722
2520
1683
2492
1648
2428
2245
2130
2038
1853
1982
1722
1932
1670
1757
1629
1571
1620
2458
2407
2384
2231
1983
1970
1929
1893
1842
3368
3230
2868
2567
2164
2098
2049
1879
2174
2175
2144
2143
2040
1993
1990
1949
1877
3275
3249
3088
2861
3273
2799
3249
2692
3193
2638
3182
2477
3063
2374
3046
2220
3043
2184
3023
2072
3001
2835
2816
2773
2671
3842
2658
3833
2560
3833
2554
3782
2553
3723
2553
3564
2551
3533
2528
3267
2486
3241
2443
3239
2293
3203
3116
2909
2746
2675
2610
2436
4217
4159
3772
3740
3406
3167
2538
2533
3243
3170
3077
2950
2896
2839
2828
4510
4495
4472
4429
4402
4224
4186
4052
4003
3878
3724
3710
3068
3064
3016
2982
4848
4802
4740
4728
4562
4510
4457
4317
4286
4242
4029
3996
3819
3780
3557
3514
3431
3409
3251
4979
4982
4853
4850
4686
4475
4283
3896
3827
3720
3678
3648
5227
5146
5113
5080
5038
4968
4959
4772
4529
4071
3859
3797
3695
5773
5643
5585
5574
5448
5370
5352
5336
5323
5114
4939
4790
4713
4657
4640
4543
4487
4374
4358
4289
4188
5
5
5
5
14
5
20
5
24
13
24
11
12
5
5
14
9
23
39
75
56
15
6
119
82
24
12
53
24
114
5
36
5
21
111
34
13
25
9
119
17
45
6
50
7
29
30
168
29
9
127
52
36
54
179
203
44
77
28
5
6
212
20
93
52
66
33
327
317
58
27
26
16
174
347
143
238
313
99
11
5
132
73
35
117
42
318
25
105
93
45
19
57
11
17
5
20
18
5
29
25
29
423
12
367
5
129
32
31
113
111
7
52
18
85
43
55
12
6
311
486
489
484
379
171
551
367
146
78
246
301
281
23
262
5
7
522
400
363
276
158
50
158
269
29
133
65
33
14
12
292
229
220
21
367
14
328
39
673
6
12
655
167
667
374
114
311
18
578
67
63
330
149
17
42
402
419
55
408
6
419
731
533
33
68
24
14
15
683
463
81
650
609
447
21
325
780
662
658
450
440
244
106
9
311
246
122
5
8
104
7
397
352
80
578
35
539
7
16
7
41
537
37
126
36
424
15
35
5
105
5
143
8
244
813
440
13
18
773
65
943
27
225
27
280
5
733
58
10
201
5
56
35
17
344
33
9
66
101
849
1010
6
80
27
52
921
1112
105
5
56
63
41
62
922
6
36
54
860
36
24
12
5
37
114
989
637
331
638
306
123
13
24
31
658
941
947
36
220
7
12
157
6
47
8
5
23
17
35
24
86
13
166
27
1028
891
1160
8
1290
1053
6
879
28
1313
751
1226
865
30
15
983
25
72
14
992
234
1337
76
6
799
1334
279
698
442
793
1223
432
326
62
168
1394
128
24
6
43
26
1115
44
9
286
1104
40
79
36
701
28
47
909
55
43
284
5
728
209
150
5
135
1138
803
993
111
473
804
286
503
21
500
261
131
64
267
182
1157
1134
59
18
27
1622
1367
1582
932
1254
909
988
1058
933
1309
1005
1614
857
1390
787
1255
115
753
877
746
1000
719
845
724
113
549
6
73
8
1219
1065
972
203
763
18
730
793
718
607
785
529
106
74
616
498
1178
627
1036
1629
69
593
263
582
1501
25
1378
331
1043
33
943
78
913
171
90
11
1201
138
106
788
6
549
108
363
864
87
156
736
68
658
876
836
89
822
52
770
1871
772
1855
661
1845
389
1772
375
598
1739
161
1736
502
120
506
226
197
809
267
1261
1406
827
1317
792
720
1184
778
647
993
1199
1062
744
288
509
249
750
228
215
1204
646
1129
512
1104
877
512
744
659
299
2136
2100
508
2078
402
1951
272
1098
432
1073
999
1846
363
1845
2021
1775
633
919
476
1498
1494
1894
1890
1840
1450
1831
1142
1692
1674
1622
1620
1594
1532
1445
1060
1596
1445
664
1184
493
1491
389
1460
1182
1404
1261
1558
1556
1602
1571
1075
866
1044
765
769
1898
714
1634
495
1404
785
1406
663
563
526
1996
1350
1907
1854
2293
1655
2271
2245
956
2091
861
764
713
1965
793
1474
713
1382
1276
1265
1411
1402
1334
1118
1087
643
1163
1136
1060
1441
988
1333
773
1264
1138
638
715
1033
706
1024
992
766
766
759
891
821
2495
695
2458
2377
2522
2331
2424
2265
2338
1954
2169
1886
2152
1888
2110
1653
1404
1215
1301
1212
972
824
941
1914
791
1911
1915
1508
1905
1483
1853
1480
1847
1460
1837
1426
1554
1408
1535
1292
1474
1287
1350
1099
1148
1077
1131
1080
1073
1065
990
991
1706
1011
1668
993
1564
976
929
905
1411
993
1208
1147
1878
1020
1783
970
1726
908
1707
1402
1324
1395
1322
1385
1107
1253
1088
1249
1088
1142
979
1047
962
1020
928
1360
1316
1286
2493
1155
2439
1139
2374
1108
2317
1100
2245
2062
1934
1899
1623
1447
1394
1278
2437
1207
2433
1174
2406
1176
2366
1067
2239
2059
2023
1971
1943
1904
2851
1840
2848
1818
2838
1749
2680
1707
2510
1590
2376
1470
2351
1333
1936
1140
1762
1706
1495
1491
1424
1093
1939
1666
2020
1620
2013
1528
1860
1511
1771
1459
1491
1347
1493
1337
1384
1320
1146
1188
2079
1914
1858
2078
1204
1879
1620
1611
1416
1299
1236
1224
1758
1385
1247
1439
1413
2365
1390
2244
1258
2224
2164
2113
1882
1884
1695
1667
2812
1521
2752
2701
1460
2583
2089
1477
1457
1874
1714
1619
1588
1575
1548
1474
1365
2390
2368
2250
2183
1936
1880
2011
1811
1566
1808
1780
1761
1547
1509
1772
1776
1671
1541
1919
1872
3435
3272
3161
2910
2858
2798
2785
2710
2689
2463
3594
2460
3300
2456
3117
2307
3061
2096
2964
1959
2898
1758
2902
2884
2637
2627
2627
2321
2262
2171
2071
1916
1875
1856
1845
3801
3782
3464
3437
3323
3095
2984
2927
2792
2315
2304
2129
2089
2053
1986
1958
2349
2330
2315
2269
2097
3844
3779
3604
3400
3486
3060
3455
2980
3438
2927
3422
2929
3376
2915
3371
2849
3371
2842
3265
2806
3212
2584
3146
2253
3085
2114
2982
2080
2926
2864
2861
2361
2341
2335
2287
2260
2121
2554
2321
2324
2317
2255
3977
3841
3831
3702
3574
3508
3431
3340
3112
2794
2795
2676
2618
2427
2429
2390
2329
3032
2984
2979
2634
2638
2568
2482
3407
3409
3379
3026
2937
2594
4993
4941
4802
3839
3719
3716
3575
3382
5
5
5
6
5
28
23
16
39
5
52
30
19
15
42
5
19
21
22
36
13
106
10
46
6
25
70
20
5
16
21
62
20
160
29
28
101
9
37
187
27
88
6
124
15
27
8
203
115
6
70
52
135
254
47
135
65
154
122
32
306
5
6
5
129
20
12
206
18
15
119
22
12
346
23
37
20
24
5
106
105
90
18
5
170
185
35
75
43
31
412
69
42
5
5
45
408
54
412
259
86
123
324
69
284
114
126
182
152
449
6
98
13
6
13
90
9
15
46
303
93
449
512
435
39
37
130
49
41
30
307
34
216
13
141
96
9
505
6
20
5
8
26
224
168
36
414
133
49
71
375
48
72
320
37
15
347
37
24
8
43
10
140
9
36
89
8
256
34
91
284
10
9
54
185
273
229
582
731
646
219
532
609
507
500
441
307
703
138
726
30
699
12
324
5
525
6
476
829
5
11
7
703
785
603
731
573
499
508
735
584
717
580
23
344
19
236
480
79
5
119
228
9
223
28
463
11
467
33
410
6
445
237
448
123
842
26
247
119
561
43
551
572
53
111
650
259
538
241
526
106
5
6
7
686
81
1054
645
195
568
5
557
540
652
542
647
582
65
506
50
393
14
308
17
5
9
320
545
75
391
5
172
275
563
483
26
132
24
1106
202
803
448
101
37
54
899
328
865
1015
917
58
206
445
41
53
5
1005
949
926
29
5
777
905
772
696
27
862
23
711
790
374
651
688
79
43
669
652
540
37
1004
569
512
472
114
111
18
1017
700
341
960
704
301
1047
846
600
513
463
780
175
162
773
90
125
294
298
657
305
635
25
755
5
698
158
512
137
6
651
413
653
532
97
237
699
129
11
25
189
696
154
47
102
79
121
298
112
482
28
471
95
437
50
279
5
271
69
94
124
64
485
167
5
19
87
1288
433
39
388
261
23
31
34
21
1319
240
1185
1054
230
107
1673
110
1672
133
13
8
42
1031
38
49
54
964
743
26
445
422
130
128
1617
6
1471
5
449
879
65
55
54
783
768
620
6
415
146
7
87
263
50
1762
18
102
1672
29
6
1506
201
29
10
28
25
197
1516
878
1422
739
106
453
299
1119
1095
1059
1021
690
514
962
455
919
912
1415
972
419
359
120
226
1924
378
1346
1882
270
1787
768
147
753
1268
1798
1060
1799
852
1683
733
1534
1491
1082
907
901
497
899
456
974
354
267
866
1759
1756
1714
805
560
664
657
1646
559
1532
342
360
1486
2002
809
1930
1710
1827
324
339
297
288
1965
1838
1966
1643
1521
2131
2098
792
1983
1951
1900
1919
1832
1859
1776
1848
1688
1459
803
1387
745
1570
710
730
678
724
1413
675
1412
668
658
606
1790
1418
1778
1344
1755
1157
1691
1072
1551
1505
971
1485
831
2216
1461
2218
2208
1952
1064
973
937
1367
999
690
1869
1829
2376
2124
1719
1858
864
1320
1837
625
1677
657
1600
560
1595
1409
721
1201
639
1167
1169
692
1530
1352
1526
1273
1287
880
1125
731
1124
1403
998
942
999
919
880
785
813
718
794
676
774
691
694
1248
691
972
882
735
2000
1996
1770
1566
1380
1311
1314
1299
1246
2413
2217
2117
2034
2118
1886
2119
1820
1813
1665
1603
1481
1497
1279
1494
1178
1287
1061
1114
856
1108
833
1024
963
1603
1477
1351
2225
1230
2153
2757
2060
2058
2001
2715
1745
2718
1583
2570
1554
2455
1309
2436
1125
2402
2301
2792
2214
2796
2125
2603
1772
2555
1712
2503
1599
2377
1508
2349
1454
2228
1388
2113
1237
2083
1182
1810
1073
1805
1053
1654
1562
1442
1386
1338
1110
1092
1397
1382
2013
1825
1798
1587
1550
1542
1446
1416
1283
2426
1263
2356
2340
2302
2305
2237
2019
1907
1834
1800
1727
1316
1792
1783
1756
1716
1689
3116
1579
3086
1445
2490
2197
1624
2128
1386
1990
1295
1635
1591
1579
1431
1402
1396
3131
3080
3069
2775
2545
2444
2394
2288
2262
2261
2188
1826
1623
1616
1598
1552
1534
2684
1535
2515
1516
2427
1504
2392
2309
2311
2027
1922
1920
1762
1693
1680
1673
1629
1597
2624
1535
2568
2382
3344
2369
3197
2359
3201
2276
3151
2215
3132
1953
3128
1846
3099
1835
2966
1795
2908
2852
2848
2809
2678
2540
2129
2098
2089
2093
2015
2000
1987
1923
1854
3235
1801
2963
1789
2828
1630
2540
2542
3317
2262
2996
2173
2868
1987
2799
1946
2705
1853
2542
1760
2530
2518
2311
2303
2161
2159
3552
2120
3328
2060
2782
2029
2765
1903
2717
1907
2692
1847
2190
3724
3684
3395
3377
3135
2972
2784
2622
2417
2419
2409
2398
2356
2327
2273
2229
2084
2901
2635
2541
2463
2419
2385
2242
2058
2011
3702
3687
3619
3558
3430
3342
3304
2750
2713
2552
2445
2309
2247
2233
2170
3627
3617
3464
3451
3091
2699
2691
2668
2632
2608
2569
2323
2236
4670
4635
4581
4493
4377
4151
3941
3510
3445
3392
3324
3187
3186
3101
3019
4768
4425
4390
4317
3967
3796
3769
3638
3523
3500
3461
3404
3356
3298
5070
4784
4755
4170
4138
4052
3696
3662
3599
3584
3495
3461
3392
7416
7328
7331
7213
7180
6793
6794
6767
6566
6382
6311
6301
6187
6069
5998
6002
