22
27
34
38
40
41
42
46
47
53
58
59
66
68
73
73
75
79
82
86
88
91
92
96
99
99
105
95
110
99
116
87
119
92
130
133
137
96
143
133
148
107
137
137
161
162
163
165
168
151
178
177
181
183
155
191
195
194
196
201
203
207
172
178
170
171
185
222
190
210
230
184
234
238
208
227
242
214
249
248
234
261
215
267
250
259
230
278
263
282
286
267
291
276
235
299
301
283
242
291
280
270
323
306
312
298
287
289
319
288
283
292
333
301
321
302
319
369
319
316
333
320
360
332
315
342
313
322
394
377
326
327
380
332
408
410
367
415
371
420
357
424
427
432
435
373
442
446
402
448
431
430
440
434
437
389
447
440
396
400
422
430
407
436
487
485
491
461
493
444
475
504
486
472
436
444
493
518
496
500
508
529
472
515
509
538
479
542
544
524
553
483
527
534
488
564
569
573
547
530
577
581
562
555
586
566
591
555
559
599
565
557
608
609
573
565
613
556
616
569
624
605
626
629
582
633
573
640
641
645
599
646
651
598
590
628
603
658
643
634
653
664
635
661
674
641
648
669
620
652
695
634
682
638
686
640
708
679
678
712
682
665
722
671
726
701
700
706
737
682
741
675
692
751
681
699
697
758
704
688
709
740
755
713
744
707
711
784
754
715
790
760
726
794
762
750
732
802
807
793
768
812
772
816
778
812
813
832
803
820
822
845
825
810
829
850
804
798
829
802
861
817
846
837
874
856
846
849
815
874
853
854
857
874
860
888
845
845
872
912
855
916
849
906
910
853
891
895
909
941
883
945
902
893
930
893
897
937
930
890
931
917
894
937
929
928
933
929
937
919
933
989
927
993
948
984
974
953
945
1010
962
985
977
968
1023
964
980
983
1008
987
1012
975
979
983
1046
1036
981
1044
1048
1040
997
1044
1078
1035
1041
1087
1071
1038
1075
1079
1045
1083
1049
1055
1090
1094
1098
1067
1071
1075
1155
1227
1231
1235
1225
1229
1221
1225
1229
1219
1223
1227
1302
1306
1251
1255
1346
1285
1289
1357
1294
1339
1301
1346
1374
1378
1310
1333
1382
1337
1386
1317
1390
1328
1332
1394
1369
1373
1340
1400
1347
1393
1397
1401
1405
1409
1413
1389
1409
1413
1396
1417
1421
1425
1429
1433
1426
1430
1495
1434
1546
1550
1541
1545
1530
1534
1521
1525
1676
1680
1649
1653
1621
2028
2032
2004
2008
1998
2002
1983
22
27
34
38
40
41
42
46
47
53
58
59
66
68
73
73
75
79
82
86
88
91
92
96
99
84
105
77
110
81
116
58
119
123
124
130
131
138
130
143
148
82
152
152
97
157
145
163
164
143
132
145
178
180
181
158
186
189
191
199
199
196
200
190
210
214
214
221
222
226
227
231
234
206
238
239
248
208
253
252
225
261
261
250
234
238
263
272
267
259
249
235
267
294
277
300
248
306
258
253
242
255
314
262
267
328
328
327
302
340
306
344
348
322
308
292
359
344
364
349
349
331
323
354
380
384
386
354
390
353
362
377
401
383
408
344
341
387
363
367
403
388
359
357
361
431
416
439
421
405
430
449
451
407
406
405
460
462
452
445
453
456
418
419
429
466
417
470
450
421
474
477
451
438
480
482
509
489
511
458
516
497
520
520
528
506
528
510
477
512
514
536
518
520
547
534
518
555
538
522
540
565
516
573
573
575
527
563
579
583
568
532
564
551
555
599
550
548
543
581
580
617
600
566
596
573
586
613
592
583
635
619
588
623
592
597
607
617
625
621
662
605
668
646
672
629
616
658
643
662
684
692
654
678
696
709
713
686
647
678
651
688
679
692
667
669
671
693
697
732
694
736
740
744
751
708
756
750
755
759
770
752
756
786
790
752
787
783
730
759
791
752
782
795
744
803
801
807
805
813
812
817
776
815
819
819
784
823
845
824
812
782
828
816
859
820
826
855
844
871
859
820
880
813
869
863
824
879
879
883
868
863
844
880
890
889
863
893
867
897
897
928
932
912
909
913
914
878
951
884
928
932
958
894
939
936
959
905
946
963
914
984
940
919
989
990
971
975
966
960
966
938
992
948
1012
979
958
983
1025
1008
967
993
969
971
973
975
977
1009
985
1031
1035
1001
1005
1040
1014
1045
1018
1005
1049
1038
1042
1016
1025
1091
1062
1029
1098
1072
1102
1107
1076
1083
1087
1091
1094
1095
1086
1091
1095
1137
1093
1080
1111
1144
1116
1087
1120
1147
1128
1151
1132
1142
1149
1143
1148
1138
1151
1142
1158
1134
1167
1144
1171
1175
1221
1225
1181
1218
1194
1222
1198
1210
1205
1214
1211
1210
1214
1278
1282
1293
1297
1255
1259
1407
1411
1401
1405
1423
1385
1427
1389
1389
1393
1444
1420
1424
1414
1418
1410
1414
1528
1717
1721
1679
1683
1850
1854
1828
1832
1802
1806
1810
1991
1995
1970
1974
1978
1982
1960
1964
22
27
34
38
40
41
42
46
47
53
58
59
66
68
73
73
75
79
82
86
88
91
92
96
64
99
102
105
109
57
114
116
119
122
75
132
132
137
144
112
144
148
150
112
116
139
164
168
168
168
151
105
178
178
180
158
188
188
167
197
199
129
203
177
155
181
195
215
142
219
223
197
199
208
212
243
243
244
203
251
252
257
223
243
248
252
274
280
279
268
238
273
271
243
252
261
279
307
272
269
263
270
318
280
322
306
275
287
293
332
334
338
341
281
345
307
346
351
351
340
357
353
367
368
371
372
374
367
319
344
345
354
385
358
398
393
363
408
355
399
412
416
393
362
366
373
398
387
382
396
363
400
441
417
443
389
375
452
424
396
457
433
401
439
447
468
472
456
476
475
479
440
484
466
466
492
470
451
464
447
473
503
468
473
469
486
465
521
479
469
456
502
461
477
478
507
528
492
511
496
500
540
527
497
531
513
520
503
574
526
506
527
552
585
545
532
564
550
602
571
540
541
545
591
605
574
588
566
625
627
571
569
632
608
639
636
627
615
608
653
643
637
631
619
618
626
638
671
670
633
676
645
620
681
624
649
643
635
623
639
700
683
631
704
639
650
691
698
717
695
689
689
665
725
695
698
681
685
738
742
688
746
682
692
758
734
727
721
740
734
725
712
749
713
716
717
722
760
723
764
768
730
757
808
777
742
812
781
747
754
817
751
802
795
757
799
810
761
814
791
782
782
818
845
790
780
853
828
857
810
814
864
807
871
856
860
887
864
851
905
855
909
890
901
894
877
888
888
885
935
899
868
892
896
921
891
895
964
931
968
972
973
947
925
973
929
964
980
1000
968
1005
1009
992
1013
1000
948
1024
1011
1028
1035
1032
1039
1010
1045
1014
1003
1031
1007
1038
1002
1064
1022
1021
1075
1025
1018
1072
1039
1076
1094
1049
1043
1088
1027
1104
1092
1060
1075
1067
1054
1085
1086
1089
1059
1096
1062
1090
1066
1075
1097
1081
1085
1159
1089
1146
1150
1154
1153
1159
1134
1183
1144
1138
1193
1152
1197
1201
1148
1152
1345
1349
1293
1297
1370
1374
1354
1358
1340
1344
1403
1378
1382
1368
1372
1376
1363
1367
1448
1452
1456
1460
1464
1468
1472
1476
1480
1484
1488
1492
1496
1440
1500
1444
1504
1448
1510
1514
1518
1522
1526
1530
1534
1538
1542
1505
1509
1513
1694
1698
1688
1692
1680
1684
1688
1676
1680
1684
1688
1692
1696
22
27
34
38
40
41
42
46
47
53
58
59
66
68
73
73
75
79
82
86
88
91
92
96
97
99
102
105
109
89
114
116
119
122
107
132
92
137
101
144
147
153
158
160
161
164
170
172
175
133
181
182
181
146
160
190
178
152
196
172
205
190
161
213
214
183
202
222
192
225
227
196
238
238
229
249
236
257
221
225
263
221
223
273
242
281
257
286
238
287
293
261
281
279
285
261
256
274
312
267
282
298
297
275
324
272
265
340
337
327
344
285
351
335
305
358
339
329
362
366
375
378
316
382
350
386
389
333
355
392
374
398
344
368
405
352
386
378
366
391
427
412
430
416
372
440
400
430
409
405
436
413
409
415
435
431
469
430
473
472
434
477
420
483
424
485
488
461
465
452
470
478
507
458
464
478
484
519
469
507
473
511
526
498
530
479
507
511
540
488
513
531
529
517
506
561
542
526
523
525
572
527
561
580
538
521
530
528
585
535
535
592
545
568
542
572
583
575
587
573
590
586
577
598
590
590
573
590
594
578
646
588
649
592
637
629
633
642
647
646
634
650
671
654
628
680
627
621
625
635
658
631
662
641
650
703
669
692
675
700
681
720
683
671
661
700
665
698
739
709
690
747
698
708
739
751
705
700
709
748
721
752
708
757
713
730
714
752
734
756
738
789
749
793
755
783
798
780
787
743
807
778
782
764
759
765
771
778
773
784
842
844
848
848
852
825
858
829
833
865
871
831
838
840
844
889
848
893
852
856
884
888
906
878
877
853
857
885
889
862
927
895
869
921
899
925
942
904
908
900
904
908
912
976
916
920
980
986
944
990
948
982
934
986
938
970
974
968
972
964
1033
968
1037
972
1028
1032
1036
1011
1015
1019
1011
1015
1103
1107
1111
1115
1077
1081
1127
1115
1119
1084
1088
1159
1163
1132
1136
1140
1213
1215
1185
1221
1211
1189
1225
1218
1222
1215
1226
1219
1215
1200
1251
1204
1186
1191
1225
1258
1229
1266
1219
1226
1263
1215
1267
1219
1251
1255
1242
1246
1381
1385
1376
1380
1384
1377
1381
1372
1376
1380
1384
1388
1392
1396
1400
1404
1408
1412
1416
1420
1424
1428
1491
1432
1439
1498
1452
1460
1464
1468
1472
1479
1483
1536
1492
1550
1565
1557
1572
1564
1570
1577
1581
1585
1588
1589
1592
1598
1580
1602
1591
1609
1616
1599
1621
1590
1594
1625
1629
1633
1637
1641
1645
1690
1694
1664
1668
1672
1658
1662
22
27
34
38
40
41
42
46
47
53
58
59
66
68
73
73
75
79
82
86
88
91
92
96
67
99
102
70
109
93
114
116
119
122
111
132
106
137
144
115
144
148
150
98
102
123
164
168
168
168
132
174
178
180
158
185
185
189
192
169
195
159
199
165
153
169
198
203
221
219
224
225
209
229
196
237
198
238
178
195
206
256
258
211
267
215
269
255
278
206
259
283
228
218
247
222
234
300
277
254
265
241
287
272
277
324
269
265
333
279
278
270
284
342
345
289
349
287
299
291
358
329
311
367
345
349
320
358
346
362
327
328
365
339
369
335
401
407
406
346
388
415
397
421
394
410
429
431
433
421
441
425
419
447
423
454
454
415
435
419
461
451
465
405
476
449
409
482
470
427
492
494
490
496
485
494
473
445
465
472
462
519
476
456
526
531
534
520
534
510
538
514
545
547
549
549
554
513
526
545
546
550
566
534
555
568
507
537
538
587
562
592
592
593
556
573
555
560
563
601
605
561
570
618
621
562
558
571
562
583
632
573
594
582
641
598
637
633
595
595
586
609
654
594
643
668
647
651
614
633
641
656
647
690
676
660
664
681
649
659
693
689
697
705
681
680
673
712
687
686
690
722
680
694
689
715
686
701
720
721
699
712
698
737
719
706
719
723
727
715
732
719
736
797
804
756
760
808
786
815
814
776
820
822
781
827
826
761
808
765
812
780
782
784
853
858
858
843
820
863
868
827
870
872
857
812
861
837
889
893
842
847
846
876
851
865
859
846
873
850
870
854
924
858
924
929
912
916
919
894
872
923
875
927
902
882
878
925
957
882
929
961
941
945
940
928
948
932
952
936
940
944
948
977
952
981
956
1014
961
999
965
1003
959
995
963
999
964
1047
1051
1054
1042
1058
1007
1011
1053
1017
1021
1066
1070
1093
1056
1098
1060
1064
1102
1071
1098
1118
1122
1126
1115
1130
1094
1107
1098
1111
1139
1092
1115
1102
1120
1129
1093
1118
1128
1128
1122
1115
1128
1132
1136
1140
1144
1211
1154
1158
1228
1162
1232
1238
1171
1242
1234
1228
1180
1232
1240
1188
1210
1231
1235
1196
1222
1221
1234
1286
1290
1227
1217
1221
1278
1238
1232
1286
1290
1294
1298
1302
1306
1279
1283
1352
1322
1316
1328
1309
1318
1308
1322
1310
1315
1329
1319
1320
1324
1507
1511
1500
1504
1524
1499
1501
1507
1505
1470
1483
1474
1487
1476
1480
22
27
34
38
40
41
42
46
47
53
59
62
64
66
71
73
76
81
83
87
89
89
91
97
101
76
102
80
78
112
115
120
122
128
128
129
134
115
144
144
148
106
133
110
160
137
166
167
126
148
130
175
179
180
183
133
164
177
195
149
179
203
204
183
157
189
180
201
222
175
226
234
235
217
238
239
189
243
214
252
189
256
210
260
266
264
203
216
278
227
267
286
288
292
265
258
283
269
267
290
293
317
319
306
308
289
276
298
314
282
311
346
292
315
296
357
300
338
298
368
367
303
372
357
358
380
384
368
328
334
391
347
395
339
379
358
403
384
351
407
397
376
402
380
426
410
375
386
403
438
409
442
387
385
403
447
407
451
391
402
461
406
446
445
451
455
404
447
444
485
490
423
456
499
445
502
451
507
475
478
456
518
445
522
524
452
510
456
517
540
530
498
474
493
489
480
509
513
562
565
504
535
527
525
534
576
516
538
531
521
522
534
595
530
533
601
579
546
609
613
594
579
610
602
599
563
632
594
604
636
591
644
613
619
624
650
602
594
596
644
598
636
648
612
652
676
621
680
639
615
627
656
644
660
632
636
647
651
680
645
688
692
723
696
727
657
721
702
706
727
718
708
712
727
716
720
762
765
767
769
715
720
719
754
783
787
758
787
762
792
794
768
787
791
775
785
783
818
786
773
790
827
802
794
806
798
833
787
838
805
825
812
850
783
785
818
842
823
865
796
868
842
808
839
884
847
858
857
824
855
828
859
832
872
850
860
854
900
867
864
866
874
891
914
937
941
897
901
893
916
905
909
920
910
913
914
907
973
911
978
977
905
982
918
986
922
962
966
945
957
1008
969
943
947
967
990
994
974
964
970
974
968
1061
1065
998
1002
1006
1036
1090
1048
1094
1021
1058
1054
1064
1042
1114
1046
1118
1123
1058
1130
1134
1070
1066
1143
1081
1085
1089
1169
1156
1160
1205
1209
1193
1197
1176
1180
1184
1188
1254
1254
1258
1258
1263
1267
1206
1210
1260
1271
1264
1255
1279
1286
1263
1291
1283
1287
1280
1284
1288
1292
1340
1296
1344
1300
1326
1289
1331
1293
1335
1362
1339
1366
1343
1351
1347
1355
1351
1363
1345
1349
1367
1353
1371
1375
1357
1369
1361
1373
1382
1380
1370
1374
1380
1410
1414
1418
1422
1409
1413
1417
1421
1425
1429
1446
1438
1442
1446
1450
1454
1562
1566
1552
1556
1545
1549
1533
1537
1541
22
27
34
38
40
41
42
46
47
53
6
10
62
68
70
72
77
78
81
87
88
91
91
77
81
100
102
113
117
105
122
124
128
59
114
64
138
140
145
116
151
154
137
128
163
141
124
171
175
179
149
184
187
189
191
191
193
197
198
206
204
195
211
167
185
142
174
223
163
230
215
153
169
237
212
245
215
259
226
257
264
264
201
275
279
279
281
285
274
279
292
260
299
280
305
284
305
297
278
318
321
252
323
326
317
329
292
321
322
338
329
303
320
353
300
307
358
361
353
338
352
344
343
376
358
351
368
370
366
353
338
391
342
336
340
369
340
334
367
345
352
392
396
382
430
386
437
401
380
380
384
384
451
452
405
395
399
432
400
408
478
435
482
406
484
439
414
443
429
502
433
509
461
437
513
465
519
515
469
485
502
466
457
507
537
461
465
500
504
485
548
495
550
499
491
521
555
510
513
517
511
574
523
524
517
555
530
588
538
551
592
593
544
541
532
566
563
591
555
574
578
566
605
553
552
558
562
583
648
570
571
595
612
598
660
648
605
652
595
596
604
664
683
688
654
658
661
646
650
708
675
712
648
648
721
653
652
657
726
728
661
681
674
665
672
692
681
749
753
756
680
744
762
748
696
740
744
702
747
781
785
789
790
761
763
766
746
726
801
751
730
809
814
816
769
783
773
812
795
773
785
777
835
840
770
794
784
850
853
789
825
786
790
800
837
871
801
819
879
823
882
890
879
895
896
887
890
905
894
884
903
888
903
892
860
896
853
887
916
891
920
878
924
882
928
935
897
932
960
906
891
914
971
905
975
909
951
955
968
929
974
933
988
992
988
978
984
986
1028
992
1037
992
989
996
1047
1000
1001
984
1058
988
1020
992
1056
1048
1061
1027
1003
1031
1084
1035
1013
1017
1021
1074
1101
1079
1105
1111
1087
1117
1063
1067
1062
1101
1066
1064
1088
1092
1076
1076
1108
1112
1104
1108
1189
1193
1157
1161
1165
1154
1158
1144
1267
1271
1263
1267
1259
1263
1256
1260
1264
1254
1258
1318
1262
1322
1248
1284
1288
1367
1371
1335
1339
1343
1317
1321
1397
1401
1371
1375
1366
1370
1462
1466
1435
1439
1443
1447
1490
1451
1494
1455
1498
1459
1469
1463
1473
1610
1598
1602
1573
1577
1565
1569
1642
1646
1637
1641
1633
1637
1596
1600
1604
1608
1612
1748
1733
1737
1730
1734
1726
1730
1721
1725
1992
1996
1977
1981
1963
1967
22
27
34
38
40
41
42
46
47
53
59
62
64
66
71
73
76
81
83
87
89
89
93
70
101
85
106
108
112
101
99
90
122
126
128
126
133
116
105
144
144
147
153
152
108
144
159
165
165
153
123
173
177
178
165
181
182
174
189
191
196
197
191
194
208
207
186
166
191
220
225
225
233
189
224
239
214
247
200
218
201
206
259
206
219
263
217
214
267
275
262
280
267
289
261
294
252
291
259
302
287
274
292
263
288
320
292
327
332
292
293
338
342
294
298
319
302
301
341
289
361
347
371
353
351
323
358
368
328
354
332
366
391
353
340
365
408
378
354
413
418
356
399
390
381
401
434
384
405
389
409
427
416
399
400
442
447
448
423
413
403
472
406
461
479
444
448
440
422
444
446
430
498
453
475
437
450
448
476
514
462
460
459
519
479
466
462
468
486
476
506
484
548
483
512
552
494
489
508
499
526
502
496
513
513
575
521
579
523
586
538
556
538
542
598
599
604
606
608
574
594
552
586
556
564
555
594
619
618
639
641
605
632
648
652
581
595
624
585
593
603
666
670
639
643
645
641
633
621
673
644
621
632
700
683
650
704
657
670
635
668
663
675
672
727
701
667
734
685
736
741
709
746
697
688
718
692
689
693
761
711
716
698
710
720
773
706
760
764
722
787
726
770
775
731
769
782
808
794
756
793
799
786
797
762
771
802
773
786
774
790
784
795
784
854
781
788
860
852
815
856
872
876
860
821
826
844
883
892
896
895
900
899
881
832
892
875
908
897
862
883
913
887
917
928
896
921
881
886
939
881
890
927
939
953
918
949
940
897
896
971
900
905
966
945
949
947
986
936
940
949
1004
933
1009
958
937
1013
948
1016
987
995
1031
1034
1035
1003
998
1007
1011
1006
1015
1012
1058
1016
1006
1010
1071
1023
1046
1054
1028
1058
1023
1035
1038
1033
1042
1041
1031
1035
1212
1216
1197
1201
1205
1194
1198
1247
1251
1256
1245
1261
1249
1237
1250
1241
1254
1276
1233
1237
1241
1271
1245
1252
1266
1243
1247
1311
1277
1252
1316
1285
1320
1262
1324
1266
1328
1332
1338
1342
1336
1333
1344
1348
1337
1322
1326
1312
1316
1320
1406
1410
1416
1414
1420
1373
1377
1381
1385
1389
1393
1397
1460
1464
1521
1525
1529
1533
1537
1523
1527
1496
1500
1615
1598
1602
1574
1578
1582
1586
1725
1729
1679
1683
1871
1875
1843
1847
1851
1822
1826
22
27
34
38
40
41
42
46
47
53
58
59
66
68
73
73
75
79
82
86
88
91
92
96
99
86
105
88
110
92
116
83
119
88
130
133
63
103
143
121
148
92
125
140
161
162
163
165
168
150
178
177
135
183
134
191
195
148
178
201
203
207
151
190
211
186
215
188
167
226
228
229
220
224
226
212
207
230
207
252
253
256
259
261
226
252
255
231
259
235
259
279
281
285
285
293
254
282
282
300
276
286
307
281
311
314
271
320
324
277
330
305
302
333
338
302
314
346
319
334
365
341
308
371
312
377
305
330
383
326
374
317
394
323
397
365
363
404
367
410
415
414
401
402
408
406
395
365
433
437
386
405
399
368
447
377
437
437
423
426
430
450
388
431
397
455
435
442
481
447
451
416
456
478
423
499
483
464
483
468
445
517
493
486
449
483
497
453
457
539
500
506
507
550
496
484
513
488
560
517
564
521
525
504
529
560
579
512
583
554
587
579
564
558
577
604
606
607
608
590
565
545
622
597
624
613
628
585
595
587
566
565
573
647
630
656
634
626
610
665
666
597
673
662
647
605
632
638
640
634
641
640
646
701
651
627
640
633
680
659
684
678
678
658
682
688
689
658
665
693
675
746
697
752
708
756
687
710
715
745
764
719
754
759
723
698
759
736
734
740
711
765
774
746
738
732
738
800
787
782
795
777
788
795
781
792
781
797
785
767
803
752
766
771
770
813
815
774
796
778
811
855
782
858
864
850
868
871
872
858
842
830
865
867
824
848
838
873
866
855
862
901
883
844
863
878
874
882
873
872
905
853
857
869
888
874
889
898
875
881
902
904
905
908
909
954
936
984
940
990
916
959
920
963
927
1007
1011
946
950
944
1024
954
958
1020
1024
1005
1009
1090
1062
1066
1070
1045
1049
1053
1057
1061
1065
1069
1073
1128
1081
1097
1103
1093
1097
1101
1105
1109
1113
1195
1199
1135
1139
1227
1231
1235
1239
1243
1232
1236
1214
1218
1206
1210
1279
1283
1210
1318
1322
1326
1315
1319
1338
1313
1299
1317
1303
1305
1311
1315
1317
1329
1327
1331
1325
1329
1395
1333
1399
1325
1403
1331
1407
1411
1360
1364
1451
1455
1431
1435
1439
1426
1430
1434
1488
1444
1449
1448
1526
1530
1464
1468
1561
1564
1532
1568
1536
1554
1542
1569
1536
1540
1553
1557
1543
1547
1551
1604
1555
1608
1595
1599
1587
1643
1591
1647
1651
1655
1607
1611
22
27
34
38
40
41
42
46
47
53
58
59
66
68
73
73
75
79
82
86
88
91
92
57
70
99
101
106
106
111
114
116
118
121
125
125
113
100
131
117
140
115
115
147
151
156
103
158
136
107
151
143
141
119
161
176
167
144
187
192
191
194
196
198
200
192
209
195
200
171
215
220
193
210
181
214
230
234
232
207
194
247
219
252
238
229
230
263
209
233
273
276
259
211
285
286
291
276
280
256
284
247
246
232
311
272
254
243
279
326
327
330
290
258
272
338
314
326
300
346
317
304
274
343
346
340
305
370
361
374
351
381
350
388
379
360
340
398
397
368
377
354
381
392
380
392
410
395
383
387
372
443
410
394
398
453
418
461
464
468
414
438
418
431
439
417
435
460
484
488
494
463
445
504
469
453
508
465
471
489
475
477
530
536
535
460
539
477
493
546
473
552
485
489
556
556
560
562
506
542
570
502
512
549
516
576
537
583
545
524
590
565
535
565
533
599
564
603
550
569
553
552
554
557
610
606
600
610
569
567
625
624
612
591
587
587
591
578
593
645
612
626
671
597
598
678
612
682
609
691
626
630
697
699
703
660
675
708
712
712
715
686
718
719
679
660
726
683
706
733
710
692
700
753
681
707
712
761
702
767
706
741
745
730
780
782
739
764
789
750
718
793
752
743
756
728
779
797
752
804
819
793
790
785
833
765
784
795
799
803
800
850
841
823
845
812
801
819
809
823
816
862
860
824
835
829
851
820
826
838
828
875
865
869
863
881
857
872
876
885
921
869
869
871
874
875
933
937
882
886
911
915
890
893
970
925
947
968
923
942
927
991
946
996
933
925
945
1008
1014
1002
994
970
998
974
969
1005
973
1035
1025
968
1045
1031
1021
978
1025
982
1019
986
991
1032
999
1035
1005
1017
1048
1092
1041
1096
1041
1049
1033
1038
1100
1045
1123
1104
1108
1053
1092
1133
1097
1082
1093
1089
1151
1123
1157
1091
1095
1122
1131
1089
1110
1170
1164
1116
1113
1119
1171
1158
1162
1153
1157
1136
1140
1170
1174
1178
1182
1186
1190
1177
1181
1185
1253
1257
1242
1246
1359
1363
1363
1367
1324
1371
1328
1352
1356
1334
1338
1375
1362
1444
1366
1448
1452
1386
1390
1547
1551
1545
1549
1530
1534
1538
1531
1535
1539
1528
1602
1532
1608
1540
1543
1544
1547
1632
1636
1610
1614
1582
1586
1736
1740
1744
1705
1709
2104
2108
2112
2116
22
27
34
38
40
41
42
46
47
53
58
59
66
68
73
73
75
79
82
86
88
91
92
96
33
99
102
89
109
88
114
116
119
122
106
132
106
137
115
144
147
158
160
161
103
105
167
170
177
179
117
126
186
189
193
116
168
198
205
191
178
193
216
217
218
206
143
164
196
215
220
245
246
217
189
252
259
198
241
264
201
269
235
207
274
280
211
285
288
255
254
268
298
212
299
304
283
279
290
249
314
254
318
270
305
299
328
257
337
337
344
269
348
350
331
321
355
335
331
342
333
365
368
309
369
372
373
346
322
380
391
359
396
317
367
371
405
322
375
409
361
410
401
405
424
398
428
380
434
438
439
441
390
408
445
389
397
451
408
457
403
429
465
392
460
401
422
426
452
486
429
429
445
493
433
450
438
429
424
457
474
512
513
463
468
511
463
529
519
508
460
455
466
488
499
549
498
505
500
509
477
563
493
482
516
514
521
499
518
503
525
555
504
590
528
594
557
570
561
549
610
553
555
544
561
548
603
551
580
572
604
601
608
605
599
584
662
651
617
666
624
656
600
676
602
667
611
606
659
640
618
667
631
635
661
645
654
635
626
639
676
630
667
668
721
639
658
731
700
665
737
706
742
749
752
700
756
759
738
700
763
711
752
756
751
776
725
787
730
786
734
717
729
737
722
734
724
770
724
808
783
779
736
820
789
793
827
797
815
799
802
819
795
767
783
817
804
790
825
813
829
803
782
833
807
826
811
882
830
803
891
810
897
883
887
904
880
854
877
887
863
878
882
863
869
867
874
879
902
863
873
878
882
871
871
885
878
913
917
907
911
900
987
904
991
992
999
928
991
995
932
999
1003
1006
965
941
994
998
1016
999
996
1041
1006
1002
1047
1009
996
1054
1002
998
1002
1008
1070
1006
1009
1005
1013
1004
1010
1008
1007
1014
1018
1012
1022
1088
1092
1073
1163
1081
1167
1151
1155
1115
1183
1120
1176
1106
1180
1170
1174
1167
1171
1162
1166
1156
1160
1153
1157
1265
1269
1274
1273
1281
1283
1276
1285
1289
1280
1295
1267
1241
1275
1245
1268
1249
1253
1272
1264
1326
1268
1330
1334
1260
1338
1264
1326
1330
1355
1331
1335
1370
1339
1303
1330
1314
1338
1398
1402
1421
1425
1379
1383
1390
1394
1398
1536
1537
1541
1541
1547
1542
1480
1484
1546
1550
1854
1858
1840
1844
1956
1960
1949
1953
1944
1948
1937
1941
1929
1933
22
27
34
38
40
41
42
46
47
53
58
59
66
68
73
73
75
79
82
86
88
91
92
96
99
74
105
81
110
85
116
77
119
82
130
133
137
80
143
144
149
129
158
159
98
106
170
152
145
133
156
180
137
152
141
188
165
132
170
201
175
174
164
210
214
186
173
190
190
227
182
195
186
237
205
239
244
209
246
251
207
217
194
259
226
246
264
268
275
216
279
279
236
222
220
264
294
298
228
303
302
312
314
318
318
316
323
296
302
258
321
335
323
275
349
284
353
340
344
305
335
368
339
314
351
355
337
385
369
396
358
399
362
363
405
410
411
415
374
420
420
424
424
426
429
431
434
368
438
426
444
430
390
430
454
434
448
394
469
470
416
474
454
421
483
447
473
492
431
458
500
489
441
448
473
471
504
520
461
473
511
477
535
543
498
527
502
531
493
538
532
564
532
506
572
519
539
524
547
546
584
550
544
560
577
596
554
545
558
568
604
591
594
611
563
551
555
594
615
619
606
569
588
610
574
644
596
651
616
652
604
618
659
645
655
630
675
661
633
679
618
678
685
643
645
629
695
652
697
699
645
660
703
707
711
671
717
712
669
687
724
720
728
711
746
684
736
677
722
744
697
748
765
769
753
773
757
760
767
751
784
771
763
759
762
732
765
736
776
771
744
765
786
769
748
768
772
795
815
784
788
823
841
796
827
820
831
849
790
823
827
816
808
829
833
833
835
818
819
823
855
859
894
834
863
862
847
860
868
857
923
927
931
933
934
935
904
908
949
954
932
958
939
961
943
969
947
915
951
981
960
926
992
986
970
990
985
989
1010
985
1015
981
981
1022
989
985
1011
1000
979
1017
983
1007
1003
987
1011
1010
1018
997
1059
1026
1005
1033
1010
1037
1014
1077
1080
1018
1045
1055
1087
1049
1060
1068
1065
1060
1074
1067
1077
1050
1054
1083
1070
1109
1113
1076
1093
1070
1097
1074
1080
1084
1088
1175
1179
1159
1163
1148
1152
1137
1147
1145
1185
1189
1193
1249
1253
1255
1233
1246
1237
1231
1250
1236
1235
1247
1254
1247
1300
1303
1251
1308
1243
1262
1312
1247
1285
1266
1319
1289
1270
1256
1264
1260
1268
1272
1345
1349
1353
1333
1357
1339
1340
1343
1344
1332
1348
1344
1347
1350
1351
1355
1350
1359
1354
1358
1389
1460
1464
1450
1474
1454
1444
1439
1447
1452
1435
1439
1443
1514
1518
1490
1494
1606
1610
1573
1577
1581
1566
1570
22
27
34
38
40
41
42
46
47
53
58
59
66
68
73
73
75
79
82
86
88
91
92
96
97
99
102
105
109
108
114
120
123
124
109
133
133
135
137
143
95
148
147
124
109
156
129
165
166
174
173
156
166
180
170
170
189
190
180
180
201
204
208
208
211
215
218
218
225
225
229
231
180
238
240
243
244
247
192
218
236
255
258
234
262
249
245
242
203
264
276
280
272
250
284
266
290
227
282
278
309
284
236
277
319
285
305
294
331
335
298
333
278
345
339
344
350
337
343
337
342
341
358
308
338
373
335
312
378
382
382
368
379
331
391
383
396
338
344
402
372
353
377
393
395
397
401
366
401
405
399
388
383
396
428
396
421
393
409
421
411
457
417
459
416
451
402
427
474
479
418
455
472
501
507
490
506
472
517
510
524
465
457
469
462
539
527
543
506
539
510
542
535
537
514
550
553
541
577
551
512
584
560
559
577
572
570
535
589
559
579
574
563
556
585
620
564
559
625
629
565
617
569
608
613
625
643
607
616
614
636
624
631
604
623
608
627
640
640
615
634
605
646
629
688
651
655
657
694
680
656
678
682
687
664
656
703
722
666
660
670
714
732
701
677
679
708
726
747
712
730
698
693
697
701
745
763
749
751
753
774
755
778
743
719
784
749
761
717
792
762
752
799
753
752
779
756
759
746
760
786
769
753
773
756
793
760
764
779
788
783
787
774
851
779
798
858
801
799
805
845
803
873
836
877
840
804
820
825
869
818
822
856
839
860
864
834
861
859
865
863
869
860
931
935
864
926
944
930
948
948
926
957
918
910
922
964
970
940
911
972
975
942
946
923
937
931
935
943
936
939
982
944
986
948
976
960
980
964
970
1029
1035
980
1039
974
1043
978
1046
1017
1018
1021
1022
1026
1061
1065
1030
1004
1008
1102
1106
1110
1114
1118
1115
1119
1112
1116
1106
1110
1098
1102
1142
1209
1213
1190
1194
1248
1228
1232
1215
1219
1202
1276
1216
1288
1225
1298
1235
1303
1303
1310
1314
1314
1298
1302
1284
1288
1340
1344
1270
1327
1274
1331
1394
1398
1329
1333
1457
1461
1449
1453
1427
1431
1540
1544
1548
1541
1545
1531
1535
1525
1529
1533
1526
1530
1644
1648
1639
1643
1637
1641
1645
1649
1611
1615
1699
1703
1690
1694
1688
1692
1679
1683
1673
1677
1778
1782
1786
1775
1779
1769
1773
1777
1781
1839
1843
1832
1836
1840
1832
22
27
34
38
40
41
42
46
47
53
58
59
66
68
73
73
75
79
82
86
88
91
92
48
99
50
103
107
109
111
118
110
114
132
131
138
142
144
146
151
151
155
142
145
165
170
136
178
178
180
149
185
159
144
163
205
205
207
186
171
216
218
178
224
227
205
234
236
239
240
202
221
215
235
260
223
261
264
229
270
255
234
240
280
263
286
275
279
251
295
302
274
259
307
309
310
282
317
272
289
326
280
331
331
303
314
306
339
290
348
352
352
356
320
338
363
343
367
358
333
371
333
375
337
381
360
347
333
334
390
338
401
402
406
406
408
359
373
377
419
382
371
381
432
389
391
414
439
382
418
427
446
390
439
441
453
430
449
462
467
434
412
455
473
476
445
477
455
455
458
462
467
492
496
499
459
463
485
451
478
455
502
469
512
473
530
516
510
539
514
543
544
532
550
536
540
506
536
523
567
544
577
520
529
537
580
531
587
589
570
594
583
587
603
548
580
564
610
614
620
602
581
625
571
574
629
621
615
612
589
597
617
621
607
656
642
654
620
604
663
641
614
667
677
648
672
681
678
653
644
683
645
691
635
649
690
650
648
692
705
654
709
700
667
704
713
672
727
700
689
704
745
749
711
699
747
745
751
751
774
745
762
766
756
770
774
793
756
781
776
762
788
756
782
786
818
780
800
822
771
811
779
817
788
792
824
828
839
832
843
818
812
816
839
820
848
843
847
852
881
856
860
864
862
868
898
872
860
890
864
909
879
896
883
871
868
887
872
877
891
928
895
933
891
902
887
898
894
949
905
953
909
957
962
913
964
931
968
923
935
927
975
939
931
951
994
990
998
995
960
1002
999
998
1007
962
1004
1011
971
1008
1015
1012
978
981
982
1008
990
991
1013
1000
1004
1024
1028
1031
1032
1035
1036
1040
1044
1048
1052
1056
1060
1114
1081
1120
1076
1072
1124
1080
1082
1134
1086
1096
1090
1097
1106
1115
1119
1111
1125
1117
1129
1121
1133
1125
1137
1129
1141
1145
1293
1297
1245
1249
1314
1318
1325
1301
1305
1309
1409
1413
1417
1399
1421
1403
1414
1380
1418
1384
1422
1406
1443
1410
1395
1451
1402
1458
1462
1466
1470
1474
1478
1482
1486
1490
1494
1498
1502
1506
1510
1514
1518
1522
1526
1530
1534
1538
1542
1546
1550
1554
1558
1562
1566
1570
1574
1578
1612
1582
1616
1603
1607
1587
1591
1934
1938
1918
1922
1902
1906
22
27
34
38
40
41
42
46
47
53
58
59
66
68
73
73
75
79
82
86
88
91
92
96
82
38
102
103
106
73
111
113
98
119
126
127
130
135
138
139
142
107
145
148
154
156
163
104
167
169
174
133
134
180
137
142
173
143
193
135
199
203
184
211
214
214
219
223
185
211
178
219
217
233
198
243
236
202
253
255
237
260
211
242
266
242
246
241
276
260
216
240
221
223
244
259
246
233
280
250
303
310
245
311
275
320
321
255
312
308
330
280
288
272
319
343
298
289
328
319
354
294
291
362
365
313
307
337
372
311
382
318
386
352
371
356
375
360
399
405
339
363
343
392
363
387
420
422
406
428
432
389
406
403
410
441
409
436
413
449
440
384
419
390
465
438
426
427
442
475
464
424
453
428
453
461
453
466
438
464
459
464
452
511
466
460
470
519
477
523
461
506
529
473
541
542
549
549
549
554
557
558
561
564
543
522
548
544
510
578
521
563
585
508
541
591
541
546
599
534
604
563
606
588
592
540
573
551
596
585
594
569
555
564
601
606
568
618
610
573
595
577
592
619
595
599
618
601
603
622
620
616
639
625
645
623
649
630
613
653
642
647
647
651
641
633
713
645
679
660
653
672
730
691
696
734
695
700
722
703
692
707
696
732
685
713
689
704
762
720
708
767
712
699
728
759
763
722
707
758
768
745
733
750
747
783
756
805
778
760
747
816
818
757
803
761
799
765
768
801
805
777
816
783
853
789
858
858
810
836
840
826
826
881
802
814
874
818
858
881
891
836
854
840
896
845
834
900
881
885
908
859
912
893
854
874
924
865
867
915
871
919
879
923
892
958
931
962
893
935
942
959
895
965
936
969
940
962
928
966
932
956
960
952
1014
960
1044
1046
1052
1012
1021
1065
1034
1043
1047
1040
1044
1048
1052
1091
1030
1098
1045
1102
1049
1082
1086
1035
1075
1079
1066
1070
1158
1162
1150
1154
1144
1148
1137
1141
1135
1139
1143
1147
1151
1144
1249
1242
1246
1238
1267
1242
1271
1228
1232
1236
1216
1220
1224
1330
1334
1338
1270
1274
1308
1364
1368
1315
1307
1351
1311
1355
1349
1353
1334
1405
1396
1345
1400
1382
1386
1432
1436
1394
1398
1429
1402
1433
1426
1430
1419
1403
1423
1411
1487
1491
1497
1446
1428
1478
1432
1482
1439
1486
1443
1490
1465
1469
2443
2447
2440
2444
2437
2441
2427
2431
2424
2428
2418
2422
