5 0.2
10 0.56
15 0.54
20 0.42
25 0.92
30 0.58
35 0.42
40 0.66
45 0.68
50 0.52
55 0.56
60 0.62
65 0.48
70 0.62
75 0.7
80 0.5
85 0.7
90 0.52
95 0.66
100 0.74
105 0.66
110 0.78
115 0.58
120 0.7
125 0.7
130 0.74
135 0.7
140 0.66
145 0.48
150 0.6
155 0.66
160 0.62
165 0.6
170 0.52
175 0.44
180 0.42
185 0.38
190 0.42
195 0.56
200 0.42
205 0.46
210 0.42
215 0.46
220 0.58
225 0.36
230 0.46
235 0.32
240 0.46
245 0.26
250 0.34
255 0.38
260 0.4
265 0.28
270 0.22
275 0.38
280 0.4
285 0.22
290 0.32
295 0.36
300 0.36
305 0.14
310 0.26
315 0.28
320 0.3
325 0.3
330 0.26
335 0.34
340 0.16
345 0.26
350 0.18
355 0.32
360 0.24
365 0.26
370 0.22
375 0.26
380 0.2
385 0.24
390 0.12
395 0.2
400 0.36
405 0.16
410 0.24
415 0.3
420 0.18
425 0.24
430 0.12
435 0.18
440 0.16
445 0.22
450 0.22
455 0.16
460 0.28
465 0.26
470 0.16
475 0.26
480 0.24
485 0.26
490 0.2
495 0.12
11362 60.46
5 0.06
10 0.46
15 0.46
20 0.5
25 0.7
30 0.34
35 0.46
40 0.34
45 0.54
50 0.56
55 0.4
60 0.32
65 0.52
70 0.32
75 0.36
80 0.5
85 0.44
90 0.34
95 0.5
100 0.58
105 0.48
110 0.56
115 0.6
120 0.42
125 0.56
130 0.5
135 0.46
140 0.56
145 0.46
150 0.58
155 0.44
160 0.56
165 0.5
170 0.4
175 0.38
180 0.48
185 0.28
190 0.42
195 0.38
200 0.38
205 0.32
210 0.48
215 0.34
220 0.38
225 0.28
230 0.32
235 0.34
240 0.32
245 0.3
250 0.44
255 0.34
260 0.22
265 0.18
270 0.26
275 0.3
280 0.2
285 0.26
290 0.2
295 0.3
300 0.26
305 0.24
310 0.26
315 0.26
320 0.18
325 0.14
330 0.38
335 0.2
340 0.14
345 0.16
350 0.12
355 0.26
360 0.16
365 0.24
370 0.26
375 0.08
380 0.1
385 0.26
390 0.28
395 0.2
400 0.08
405 0.18
410 0.22
415 0.18
420 0.24
425 0.2
430 0.12
435 0.04
440 0.2
445 0.18
450 0.14
455 0.08
460 0.14
465 0.2
470 0.22
475 0.12
480 0.1
485 0.14
490 0.18
495 0.08
27358 68.9
5 0.16
10 0.36
15 0.48
20 0.62
25 0.4
30 0.44
35 0.64
40 0.58
45 0.62
50 0.44
55 0.6
60 0.54
65 0.58
70 0.54
75 0.64
80 0.5
85 0.6
90 0.4
95 0.56
100 0.46
105 0.62
110 0.44
115 0.3
120 0.8
125 1
130 0.84
135 0.38
140 0.66
145 0.48
150 0.44
155 0.62
160 0.54
165 0.48
170 0.44
175 0.52
180 0.46
185 0.48
190 0.48
195 0.34
200 0.34
205 0.52
210 0.52
215 0.44
220 0.36
225 0.48
230 0.32
235 0.28
240 0.34
245 0.38
250 0.46
255 0.18
260 0.3
265 0.44
270 0.5
275 0.34
280 0.38
285 0.26
290 0.28
295 0.26
300 0.38
305 0.28
310 0.28
315 0.32
320 0.32
325 0.36
330 0.3
335 0.2
340 0.34
345 0.28
350 0.26
355 0.38
360 0.24
365 0.34
370 0.26
375 0.16
380 0.24
385 0.2
390 0.08
395 0.28
400 0.26
405 0.24
410 0.34
415 0.3
420 0.3
425 0.24
430 0.14
435 0.2
440 0.18
445 0.28
450 0.2
455 0.26
460 0.2
465 0.28
470 0.2
475 0.12
480 0.1
485 0.24
490 0.28
495 0.2
26108 62.08
5 0.28
10 0.92
15 0.72
20 0.74
25 0.78
30 0.72
35 0.7
40 0.9
45 1.1
50 0.92
55 0.84
60 0.74
65 1
70 0.64
75 0.72
80 0.86
85 0.78
90 0.98
95 0.86
100 0.86
105 0.92
110 1.06
115 1.04
120 1.02
125 0.96
130 0.94
135 0.96
140 0.98
145 0.74
150 0.64
155 0.72
160 0.88
165 0.58
170 0.56
175 0.58
180 0.68
185 0.52
190 0.6
195 0.52
200 0.68
205 0.58
210 0.42
215 0.44
220 0.48
225 0.36
230 0.56
235 0.54
240 0.42
245 0.36
250 0.42
255 0.38
260 0.52
265 0.46
270 0.26
275 0.44
280 0.44
285 0.48
290 0.32
295 0.32
300 0.3
305 0.14
310 0.4
315 0.46
320 0.34
325 0.3
330 0.2
335 0.42
340 0.16
345 0.38
350 0.3
355 0.32
360 0.3
365 0.34
370 0.22
375 0.14
380 0.28
385 0.32
390 0.18
395 0.2
400 0.34
405 0.2
410 0.26
415 0.2
420 0.2
425 0.18
430 0.2
435 0.2
440 0.22
445 0.22
450 0.18
455 0.38
460 0.22
465 0.18
470 0.22
475 0.34
480 0.16
485 0.1
490 0.18
495 0.2
9749 50.08
5 0.1
10 0.48
15 0.36
20 0.24
25 0.34
30 0.48
35 0.42
40 0.42
45 0.34
50 0.32
55 0.34
60 0.42
65 0.38
70 0.58
75 0.38
80 0.3
85 0.3
90 0.42
95 0.36
100 0.46
105 0.5
110 0.42
115 0.4
120 0.46
125 0.58
130 0.44
135 0.42
140 0.44
145 0.5
150 0.34
155 0.34
160 0.46
165 0.4
170 0.54
175 0.28
180 0.4
185 0.3
190 0.26
195 0.22
200 0.28
205 0.32
210 0.58
215 0.3
220 0.28
225 0.14
230 0.36
235 0.3
240 0.2
245 0.26
250 0.24
255 0.34
260 0.3
265 0.24
270 0.22
275 0.28
280 0.3
285 0.12
290 0.32
295 0.2
300 0.3
305 0.18
310 0.14
315 0.16
320 0.14
325 0.2
330 0.26
335 0.14
340 0.16
345 0.16
350 0.22
355 0.24
360 0.16
365 0.26
370 0.24
375 0.2
380 0.18
385 0.18
390 0.16
395 0.1
400 0.1
405 0.12
410 0.18
415 0.2
420 0.16
425 0.12
430 0.08
435 0.14
440 0.08
445 0.2
450 0.16
455 0.22
460 0.16
465 0.14
470 0.12
475 0.1
480 0.18
485 0.16
490 0.1
495 0.14
33264 72.64
5 0.16
10 0.52
15 0.52
20 0.46
25 0.46
30 0.28
35 0.34
40 0.36
45 0.62
50 0.46
55 0.62
60 0.34
65 0.7
70 0.46
75 0.46
80 0.6
85 0.52
90 0.68
95 0.56
100 0.62
105 0.48
110 0.48
115 0.48
120 0.4
125 0.48
130 0.5
135 0.46
140 0.88
145 0.34
150 0.68
155 0.46
160 0.64
165 0.62
170 0.72
175 0.5
180 0.48
185 0.46
190 0.4
195 0.4
200 0.36
205 0.2
210 0.46
215 0.44
220 0.4
225 0.36
230 0.34
235 0.28
240 0.46
245 0.26
250 0.32
255 0.3
260 0.34
265 0.38
270 0.28
275 0.44
280 0.32
285 0.2
290 0.28
295 0.32
300 0.18
305 0.24
310 0.36
315 0.22
320 0.34
325 0.32
330 0.16
335 0.18
340 0.34
345 0.2
350 0.2
355 0.26
360 0.28
365 0.24
370 0.24
375 0.12
380 0.16
385 0.3
390 0.14
395 0.32
400 0.18
405 0.18
410 0.26
415 0.28
420 0.16
425 0.22
430 0.16
435 0.24
440 0.24
445 0.14
450 0.22
455 0.1
460 0.16
465 0.18
470 0.24
475 0.12
480 0.18
485 0.2
490 0.14
495 0.26
16082 65
5 0.08
10 0.36
15 0.48
20 0.62
25 0.56
30 0.74
35 0.52
40 0.7
45 0.64
50 0.72
55 0.66
60 0.8
65 0.62
70 0.7
75 0.68
80 0.72
85 0.62
90 0.68
95 0.8
100 0.42
105 0.7
110 0.8
115 0.58
120 0.76
125 0.78
130 0.8
135 0.78
140 0.82
145 0.78
150 0.46
155 0.74
160 0.48
165 0.74
170 0.76
175 0.44
180 0.72
185 0.5
190 0.18
195 0.5
200 0.66
205 0.34
210 0.46
215 0.46
220 0.44
225 0.42
230 0.38
235 0.4
240 0.44
245 0.32
250 0.32
255 0.5
260 0.36
265 0.22
270 0.36
275 0.4
280 0.38
285 0.32
290 0.46
295 0.26
300 0.28
305 0.18
310 0.28
315 0.36
320 0.24
325 0.22
330 0.22
335 0.32
340 0.24
345 0.24
350 0.38
355 0.22
360 0.18
365 0.24
370 0.36
375 0.32
380 0.24
385 0.3
390 0.22
395 0.2
400 0.24
405 0.26
410 0.18
415 0.12
420 0.18
425 0.18
430 0.32
435 0.26
440 0.24
445 0.32
450 0.26
455 0.16
460 0.28
465 0.16
470 0.18
475 0.2
480 0.22
485 0.22
490 0.22
495 0.1
10593 58.12
5 0.12
10 0.26
15 0.28
20 0.22
25 0.24
30 0.34
35 0.3
40 0.36
45 0.26
50 0.24
55 0.34
60 0.36
65 0.32
70 0.38
75 0.44
80 0.4
85 0.2
90 0.34
95 0.3
100 0.24
105 0.42
110 0.36
115 0.32
120 0.34
125 0.38
130 0.3
135 0.44
140 0.32
145 0.36
150 0.36
155 0.5
160 0.3
165 0.26
170 0.34
175 0.5
180 0.44
185 0.34
190 0.44
195 0.22
200 0.24
205 0.3
210 0.28
215 0.34
220 0.2
225 0.4
230 0.32
235 0.26
240 0.3
245 0.16
250 0.28
255 0.16
260 0.22
265 0.24
270 0.24
275 0.3
280 0.24
285 0.22
290 0.24
295 0.18
300 0.2
305 0.12
310 0.28
315 0.24
320 0.2
325 0.24
330 0.12
335 0.16
340 0.22
345 0.2
350 0.08
355 0.1
360 0.2
365 0.16
370 0.24
375 0.24
380 0.08
385 0.22
390 0.14
395 0.08
400 0.14
405 0.22
410 0.16
415 0.1
420 0.08
425 0.1
430 0.14
435 0.22
440 0.2
445 0.06
450 0.12
455 0.18
460 0.22
465 0.14
470 0.1
475 0.06
480 0.1
485 0.06
490 0.12
495 0.1
28360 75.86
5 0.1
10 0.3
15 0.3
20 0.38
25 0.42
30 0.38
35 0.36
40 0.66
45 0.36
50 0.44
55 0.38
60 0.46
65 0.42
70 0.5
75 0.56
80 0.5
85 0.38
90 0.48
95 0.22
100 0.48
105 0.3
110 0.42
115 0.64
120 0.44
125 0.44
130 0.68
135 0.56
140 0.48
145 0.56
150 0.48
155 0.52
160 0.52
165 0.56
170 0.44
175 0.56
180 0.44
185 0.28
190 0.32
195 0.32
200 0.28
205 0.32
210 0.4
215 0.4
220 0.32
225 0.38
230 0.36
235 0.34
240 0.48
245 0.28
250 0.28
255 0.24
260 0.26
265 0.24
270 0.26
275 0.3
280 0.24
285 0.22
290 0.3
295 0.2
300 0.18
305 0.18
310 0.32
315 0.22
320 0.3
325 0.26
330 0.28
335 0.22
340 0.22
345 0.18
350 0.16
355 0.24
360 0.18
365 0.16
370 0.22
375 0.22
380 0.12
385 0.14
390 0.2
395 0.3
400 0.12
405 0.32
410 0.28
415 0.26
420 0.18
425 0.12
430 0.2
435 0.24
440 0.14
445 0.18
450 0.12
455 0.1
460 0.26
465 0.14
470 0.08
475 0.12
480 0.26
485 0.18
490 0.34
495 0.14
18618 68.78
5 0.14
10 0.52
15 0.72
20 0.64
25 0.74
30 0.5
35 0.42
40 0.78
45 0.86
50 0.54
55 0.7
60 0.8
65 0.8
70 0.72
75 0.7
80 0.82
85 0.74
90 0.92
95 0.66
100 0.48
105 0.98
110 0.98
115 0.66
120 0.7
125 0.78
130 0.84
135 0.64
140 0.58
145 0.72
150 0.8
155 0.64
160 0.64
165 0.46
170 0.68
175 0.72
180 0.54
185 0.5
190 0.48
195 0.58
200 0.54
205 0.4
210 0.38
215 0.26
220 0.3
225 0.48
230 0.44
235 0.44
240 0.36
245 0.54
250 0.34
255 0.34
260 0.36
265 0.52
270 0.38
275 0.4
280 0.22
285 0.32
290 0.32
295 0.34
300 0.28
305 0.24
310 0.44
315 0.24
320 0.28
325 0.24
330 0.32
335 0.48
340 0.26
345 0.26
350 0.32
355 0.18
360 0.42
365 0.36
370 0.28
375 0.32
380 0.28
385 0.14
390 0.06
395 0.28
400 0.3
405 0.32
410 0.32
415 0.2
420 0.22
425 0.24
430 0.24
435 0.34
440 0.24
445 0.18
450 0.32
455 0.2
460 0.16
465 0.32
470 0.16
475 0.28
480 0.2
485 0.22
490 0.16
495 0.18
8101 55.72
5 0.06
10 0.34
15 0.4
20 0.34
25 0.56
30 0.44
35 0.46
40 0.5
45 0.62
50 0.62
55 0.42
60 0.36
65 0.32
70 0.38
75 0.36
80 0.52
85 0.4
90 0.54
95 0.38
100 0.4
105 0.66
110 0.56
115 0.5
120 0.52
125 0.6
130 0.5
135 0.62
140 0.62
145 0.48
150 0.36
155 0.36
160 0.56
165 0.4
170 0.62
175 0.4
180 0.54
185 0.54
190 0.28
195 0.4
200 0.46
205 0.34
210 0.36
215 0.44
220 0.5
225 0.36
230 0.24
235 0.26
240 0.38
245 0.44
250 0.34
255 0.48
260 0.2
265 0.3
270 0.36
275 0.28
280 0.4
285 0.16
290 0.26
295 0.22
300 0.38
305 0.24
310 0.38
315 0.3
320 0.28
325 0.2
330 0.46
335 0.26
340 0.22
345 0.3
350 0.24
355 0.18
360 0.36
365 0.24
370 0.1
375 0.28
380 0.24
385 0.18
390 0.32
395 0.2
400 0.16
405 0.24
410 0.1
415 0.3
420 0.26
425 0.32
430 0.14
435 0.22
440 0.2
445 0.28
450 0.14
455 0.28
460 0.16
465 0.36
470 0.28
475 0.24
480 0.2
485 0.18
490 0.18
495 0.22
14680 65.46
5 0.06
10 0.32
15 0.46
20 0.52
25 0.5
30 0.28
35 0.64
40 0.52
45 0.48
50 0.46
55 0.44
60 0.46
65 0.52
70 0.54
75 0.44
80 0.52
85 0.44
90 0.46
95 0.54
100 0.6
105 0.7
110 0.56
115 0.38
120 0.38
125 0.64
130 0.72
135 0.54
140 0.58
145 0.5
150 0.46
155 0.5
160 0.64
165 0.48
170 0.38
175 0.38
180 0.52
185 0.46
190 0.38
195 0.44
200 0.46
205 0.3
210 0.44
215 0.3
220 0.46
225 0.32
230 0.26
235 0.3
240 0.36
245 0.42
250 0.32
255 0.3
260 0.4
265 0.22
270 0.22
275 0.38
280 0.26
285 0.2
290 0.3
295 0.3
300 0.2
305 0.26
310 0.3
315 0.36
320 0.28
325 0.22
330 0.26
335 0.22
340 0.16
345 0.32
350 0.16
355 0.34
360 0.3
365 0.3
370 0.2
375 0.24
380 0.14
385 0.24
390 0.3
395 0.2
400 0.28
405 0.32
410 0.26
415 0.18
420 0.26
425 0.24
430 0.16
435 0.26
440 0.3
445 0.18
450 0.4
455 0.28
460 0.16
465 0.26
470 0.16
475 0.18
480 0.16
485 0.16
490 0.3
495 0.22
16554 64.92
5 0.18
10 0.52
15 0.52
20 0.74
25 0.78
30 0.62
35 0.54
40 0.72
45 0.68
50 0.62
55 0.5
60 0.62
65 0.68
70 0.86
75 0.66
80 0.74
85 0.88
90 0.62
95 0.72
100 0.54
105 1.04
110 0.66
115 0.6
120 0.72
125 0.84
130 0.76
135 0.7
140 0.64
145 0.8
150 0.8
155 0.72
160 0.7
165 0.64
170 0.7
175 0.6
180 0.78
185 0.46
190 0.54
195 0.4
200 0.42
205 0.62
210 0.4
215 0.38
220 0.52
225 0.52
230 0.44
235 0.32
240 0.64
245 0.34
250 0.46
255 0.36
260 0.46
265 0.38
270 0.36
275 0.42
280 0.32
285 0.28
290 0.36
295 0.44
300 0.34
305 0.26
310 0.46
315 0.28
320 0.24
325 0.38
330 0.4
335 0.28
340 0.48
345 0.36
350 0.3
355 0.2
360 0.38
365 0.42
370 0.22
375 0.26
380 0.24
385 0.36
390 0.2
395 0.2
400 0.32
405 0.34
410 0.2
415 0.16
420 0.28
425 0.32
430 0.26
435 0.2
440 0.26
445 0.24
450 0.3
455 0.22
460 0.24
465 0.24
470 0.3
475 0.24
480 0.26
485 0.16
490 0.2
495 0.2
15234 54.52
5 0.12
10 0.34
15 0.42
20 0.36
25 0.4
30 0.4
35 0.44
40 0.54
45 0.42
50 0.38
55 0.48
60 0.34
65 0.6
70 0.44
75 0.4
80 0.48
85 0.62
90 0.46
95 0.32
100 0.5
105 0.5
110 0.34
115 0.5
120 0.48
125 0.48
130 0.52
135 0.64
140 0.5
145 0.48
150 0.36
155 0.26
160 0.54
165 0.58
170 0.5
175 0.42
180 0.54
185 0.34
190 0.46
195 0.28
200 0.48
205 0.28
210 0.46
215 0.24
220 0.44
225 0.36
230 0.24
235 0.32
240 0.36
245 0.18
250 0.38
255 0.32
260 0.3
265 0.42
270 0.32
275 0.22
280 0.34
285 0.36
290 0.42
295 0.28
300 0.14
305 0.18
310 0.32
315 0.38
320 0.24
325 0.2
330 0.28
335 0.2
340 0.14
345 0.3
350 0.28
355 0.38
360 0.16
365 0.26
370 0.28
375 0.24
380 0.28
385 0.34
390 0.18
395 0.18
400 0.24
405 0.24
410 0.16
415 0.18
420 0.16
425 0.24
430 0.3
435 0.1
440 0.18
445 0.3
450 0.3
455 0.22
460 0.16
465 0.16
470 0.28
475 0.24
480 0.24
485 0.12
490 0.2
495 0.3
14799 66.82
5 0.12
10 0.48
15 0.56
20 0.52
25 0.26
30 0.5
35 0.34
40 0.48
45 0.46
50 0.4
55 0.5
60 0.5
65 0.44
70 0.38
75 0.56
80 0.66
85 0.44
90 0.48
95 0.5
100 0.56
105 0.66
110 0.4
115 0.46
120 0.48
125 0.72
130 0.4
135 0.34
140 0.44
145 0.68
150 0.46
155 0.64
160 0.56
165 0.48
170 0.46
175 0.58
180 0.42
185 0.56
190 0.36
195 0.38
200 0.5
205 0.28
210 0.32
215 0.48
220 0.46
225 0.22
230 0.32
235 0.2
240 0.32
245 0.4
250 0.38
255 0.42
260 0.38
265 0.38
270 0.28
275 0.32
280 0.28
285 0.38
290 0.28
295 0.22
300 0.2
305 0.14
310 0.16
315 0.12
320 0.26
325 0.24
330 0.16
335 0.34
340 0.28
345 0.28
350 0.36
355 0.24
360 0.16
365 0.3
370 0.18
375 0.18
380 0.16
385 0.24
390 0.14
395 0.18
400 0.14
405 0.22
410 0.26
415 0.18
420 0.14
425 0.18
430 0.18
435 0.16
440 0.2
445 0.18
450 0.22
455 0.2
460 0.2
465 0.28
470 0.16
475 0.14
480 0.2
485 0.2
490 0.14
495 0.16
11429 66.5
