4
4
4
4
8
8
8
8
12
12
12
12
16
16
16
16
20
20
20
20
24
24
24
24
28
28
28
28
32
32
32
32
36
36
36
36
40
40
40
40
44
44
44
44
48
48
48
48
52
52
52
52
56
56
56
56
60
60
60
60
64
64
64
64
67
67
67
67
71
71
71
71
75
75
75
75
79
79
79
79
83
83
83
83
87
87
87
87
91
91
91
91
95
95
95
95
99
99
99
99
103
103
103
103
107
107
107
107
111
111
111
111
115
115
115
115
119
119
119
119
123
123
123
123
127
127
127
127
130
130
130
132
134
134
138
138
139
141
144
145
147
149
151
151
153
155
157
157
159
160
161
160
163
165
166
167
170
171
178
180
180
181
182
185
186
187
187
190
192
193
195
197
201
207
207
208
211
212
212
214
217
223
226
227
229
232
236
237
241
242
244
247
247
247
251
251
256
261
266
266
270
271
274
275
277
285
290
296
298
301
301
307
310
315
320
320
322
325
325
329
334
339
344
344
348
349
352
353
355
363
368
374
376
379
385
393
395
398
400
400
404
414
419
420
419
430
435
449
451
454
465
470
469
473
486
489
488
499
504
518
520
523
534
539
538
542
555
558
557
568
573
587
589
592
603
608
607
611
624
627
626
637
642
656
658
661
672
676
690
693
706
708
724
727
738
742
756
759
772
774
790
793
804
808
822
825
838
840
856
859
870
874
888
891
904
906
922
925
936
940
954
957
970
972
988
991
1002
1006
1020
1023
1036
1038
1054
1057
1068
1072
1086
1089
1102
1104
1120
1123
1134
1138
1152
1155
1168
1170
1186
1189
1200
1204
1218
1221
1234
1236
1252
1255
1266
1270
1284
1287
1300
1302
1318
1321
1332
1336
1350
1353
1366
1368
1384
1387
1398
1402
1416
1419
1432
1434
1450
1453
1464
1468
1482
1485
1498
1500
1516
1519
1530
1534
1548
1551
1564
1566
1582
1585
1596
1600
1614
1617
1630
1632
8
1648
1651
36
26
20
1666
1671
54
35
1685
15
1699
1705
32
1718
8
1738
1736
1750
29
27
1772
36
1775
1783
1806
1839
1844
1870
1903
1907
1934
1967
1971
4
30
32
2007
35
59
27
64
59
66
2032
50
2041
61
102
2077
97
123
2096
136
114
2111
131
172
2147
187
167
2160
206
2181
242
250
2217
2223
273
2248
309
313
2284
2288
340
2315
2347
2352
2379
2408
2416
2443
2471
2480
2507
2532
2544
2571
2595
2608
2635
2656
2672
998
1018
4
4
4
4
8
8
8
8
12
12
12
12
16
16
16
16
20
20
20
20
24
24
24
24
28
28
28
28
32
32
32
32
36
36
36
36
40
40
40
40
44
44
44
44
48
48
48
48
52
52
52
52
56
56
56
56
60
60
60
60
64
64
64
64
67
67
67
67
71
71
71
71
75
75
75
75
79
79
79
79
83
83
83
83
87
87
87
87
91
91
91
91
95
95
95
95
99
99
99
99
103
103
103
103
107
107
107
107
111
111
111
111
115
115
115
115
119
119
119
119
123
123
123
123
127
127
127
127
130
130
131
132
135
135
138
138
139
140
143
144
145
146
149
150
150
151
154
154
155
156
159
159
160
160
163
164
166
166
167
169
171
174
174
181
182
183
187
188
189
192
192
196
196
199
200
201
204
204
206
210
211
212
214
218
222
224
229
231
234
236
240
241
244
245
248
250
253
254
254
264
266
275
276
280
283
284
287
289
292
296
296
302
306
312
317
319
322
323
326
329
331
332
342
344
353
354
359
361
365
371
374
381
391
394
412
423
424
435
446
454
479
490
499
517
554
563
578
618
627
641
682
691
702
746
755
765
810
819
826
874
883
889
938
947
950
1002
1011
1014
1066
1074
1078
1130
1135
1142
1194
1198
1206
1258
1262
1270
1320
1326
1334
1382
1390
1398
1444
1454
9
21
33
8
55
22
43
5
60
44
32
60
55
49
15
73
109
97
126
64
115
15
31
175
11
192
8
57
29
54
75
48
72
16
94
39
35
56
45
82
63
16
5
99
104
35
40
30
51
50
56
80
34
73
58
26
51
8
32
22
71
17
61
41
41
65
4
27
67
91
130
153
40
18
195
64
41
13
219
17
25
50
53
260
57
285
81
91
24
116
325
122
64
351
157
88
182
391
36
415
130
223
61
101
123
18
165
41
187
19
42
36
58
21
99
61
122
17
40
57
11
65
81
52
41
4
65
6
10
25
21
25
30
34
42
47
51
5
25
29
54
58
7
11
6
19
15
8
13
16
38
41
31
76
5
59
59
29
50
52
104
127
43
166
69
195
35
229
66
4
30
41
59
19
42
12
27
32
45
14
32
47
95
67
77
103
30
34
138
141
49
54
97
104
202
212
112
160
125
175
265
283
175
223
196
246
328
238
354
286
314
391
4
4
4
4
8
8
8
8
12
12
12
12
16
16
16
16
20
20
20
20
24
24
24
24
28
28
28
28
32
32
32
32
36
36
36
36
40
40
40
40
44
44
44
44
48
48
48
48
52
52
52
52
56
56
56
56
60
60
60
60
64
64
64
64
67
67
67
67
71
71
71
71
75
75
75
75
79
79
79
79
83
83
83
83
87
87
87
87
91
91
91
91
95
95
95
95
99
99
99
99
103
103
103
103
107
107
107
107
111
111
111
111
115
115
115
115
119
119
119
119
123
123
123
123
127
127
127
127
130
131
132
133
135
137
137
139
141
143
143
145
146
148
148
149
151
152
153
155
157
157
159
159
162
163
163
163
166
167
169
170
172
173
173
174
176
178
178
179
180
182
182
184
186
189
190
191
193
193
196
196
196
200
200
202
203
204
205
207
208
209
209
213
213
214
214
217
220
223
223
224
224
227
229
230
231
232
234
235
235
236
238
240
240
242
243
247
248
250
251
253
253
256
257
264
265
266
271
271
272
273
276
277
278
280
281
283
283
286
289
296
299
301
302
306
313
314
319
332
334
350
353
365
371
382
399
417
420
428
438
445
466
484
502
506
548
566
569
612
630
633
676
691
697
740
754
761
804
815
825
868
878
889
932
939
953
996
1002
1017
1060
22
25
40
83
89
104
10
25
6
14
146
21
27
162
18
20
59
38
29
47
12
82
27
66
24
83
45
33
20
54
13
63
99
22
117
108
65
55
61
10
50
103
109
49
92
130
173
11
23
194
34
56
15
68
239
57
30
36
260
49
102
83
94
102
4
20
147
150
18
165
68
27
42
67
216
15
229
30
93
19
32
14
27
83
23
34
85
22
98
33
6
16
17
22
41
46
30
35
30
33
36
47
50
53
26
31
34
5
8
18
28
31
6
9
38
53
43
19
60
65
83
27
44
5
20
50
31
38
69
49
85
115
104
133
23
150
42
180
18
14
36
5
62
22
69
16
86
27
32
44
134
33
14
152
50
44
63
62
42
58
109
106
11
26
14
28
75
90
78
92
141
8
156
56
72
119
134
33
49
183
198
35
51
98
4
115
19
53
35
163
179
21
85
36
101
42
9
86
59
150
102
167
6
59
75
80
50
122
35
51
56
4
4
4
4
8
8
8
8
12
12
12
12
16
16
16
16
20
20
20
20
24
24
24
24
28
28
28
28
32
32
32
32
36
36
36
36
40
40
40
40
44
44
44
44
48
48
48
48
52
52
52
52
56
56
56
56
60
60
60
60
64
64
64
64
67
67
67
67
71
71
71
71
75
75
75
75
79
79
79
79
83
83
83
83
87
87
87
87
91
91
91
91
95
95
95
95
99
99
99
99
103
103
103
103
107
107
107
107
111
111
111
111
115
115
115
115
119
119
119
119
123
123
123
123
127
127
127
127
130
130
130
131
134
135
136
138
141
142
143
144
146
149
149
150
150
153
153
154
154
157
158
158
158
162
163
163
166
167
168
170
170
174
174
178
179
179
179
183
185
188
189
192
193
197
198
200
203
204
204
209
212
216
219
223
228
227
229
230
234
234
239
245
246
249
257
257
260
264
266
270
276
278
284
287
290
299
308
311
317
329
332
338
344
353
359
365
374
395
398
404
410
419
425
431
440
461
464
470
476
485
491
497
506
527
530
536
542
551
557
563
572
593
596
602
608
617
623
629
638
659
662
668
674
683
689
704
728
20
44
47
50
11
11
35
4
89
20
27
35
17
4
41
11
49
37
47
61
66
63
7
69
20
36
48
55
31
40
24
32
27
40
32
31
35
44
94
98
107
96
10
102
114
57
159
166
41
178
50
44
55
10
64
5
23
224
18
228
44
48
241
244
61
8
12
116
296
308
12
27
23
39
361
5
372
17
9
20
5
4
17
427
71
441
84
75
57
9
70
493
4
139
497
143
16
506
151
65
563
207
570
215
627
271
634
22
29
692
37
42
47
53
33
38
4
36
10
41
98
104
18
23
28
163
34
168
226
232
289
36
10
40
15
100
104
163
168
226
230
289
294
4
58
353
64
358
64
70
123
128
128
187
192
5
60
9
65
6
12
253
18
125
129
67
48
52
79
82
191
195
113
62
67
256
49
263
59
44
57
126
319
112
334
130
382
175
402
198
11
16
445
238
6
40
54
476
40
90
508
23
547
571
65
615
24
39
35
47
52
62
4
103
110
113
10
15
64
67
19
22
174
30
34
56
62
4
10
118
48
53
40
32
46
41
67
12
74
21
35
131
138
4
4
4
4
8
8
8
8
12
12
12
12
16
16
16
16
20
20
20
20
24
24
24
24
28
28
28
28
32
32
32
32
36
36
36
36
40
40
40
40
44
44
44
44
48
48
48
48
52
52
52
52
56
56
56
56
60
60
60
60
64
64
64
64
67
67
67
67
71
71
71
71
75
75
75
75
79
79
79
79
83
83
83
83
87
87
87
87
91
91
91
91
95
95
95
95
99
99
99
99
103
103
103
103
107
107
107
107
111
111
111
111
115
115
115
115
119
119
119
119
123
123
123
123
127
127
127
127
130
131
134
135
136
136
140
141
143
143
145
145
147
148
149
149
152
153
155
156
156
161
164
166
168
169
170
172
173
174
176
177
182
184
186
186
190
191
192
194
194
198
198
204
205
209
213
216
216
222
223
225
225
229
233
234
237
242
243
248
255
255
257
258
260
262
264
270
271
273
275
279
282
286
294
297
297
301
306
311
312
320
321
330
335
336
337
339
350
354
369
369
375
383
389
390
402
404
405
408
419
423
438
438
444
452
458
459
471
473
474
477
488
492
507
507
513
521
527
539
540
546
554
558
573
587
593
605
606
612
620
624
639
653
659
671
672
678
686
690
705
719
725
737
738
744
752
756
785
791
803
815
848
854
866
878
5
17
5
8
17
29
38
41
30
34
36
40
9
80
5
8
11
20
51
54
41
13
44
47
9
25
71
55
58
61
51
54
67
113
85
139
124
153
10
42
14
12
73
41
31
42
38
44
64
37
18
122
65
26
55
86
137
39
100
78
127
131
200
206
56
65
190
263
13
277
8
64
325
84
348
54
79
35
127
389
63
7
158
422
43
451
5
15
39
493
49
514
39
55
89
102
567
32
577
40
635
640
100
32
35
702
708
95
103
8
19
5
17
765
769
781
8
20
66
75
19
829
87
30
842
42
854
130
83
145
893
157
100
912
112
924
194
147
957
215
227
170
982
182
994
258
211
285
297
240
252
321
274
352
364
384
416
428
446
480
492
508
544
556
570
608
620
632
672
684
694
736
748
756
800
812
818
864
876
880
928
940
944
992
1003
1008
1056
1064
1072
1120
1127
1136
1184
1188
1200
1248
1251
1264
1312
1315
1328
1373
1379
1392
1436
1443
1456
1497
1507
1520
1560
1571
1584
1621
1635
1648
4
4
4
4
8
8
8
8
12
12
12
12
16
16
16
16
20
20
20
20
24
24
24
24
28
28
28
28
32
32
32
32
36
36
36
36
40
40
40
40
44
44
44
44
48
48
48
48
52
52
52
52
56
56
56
56
60
60
60
60
64
64
64
64
67
67
67
67
71
71
71
71
75
75
75
75
79
79
79
79
83
83
83
83
87
87
87
87
91
91
91
91
95
95
95
95
99
99
99
99
103
103
103
103
107
107
107
107
111
111
111
111
115
115
115
115
119
119
119
119
123
123
123
123
127
127
127
127
130
131
131
131
134
137
137
138
139
142
143
144
146
148
149
149
150
152
154
154
155
158
158
158
161
162
162
167
168
168
168
171
172
175
175
179
179
179
179
183
184
185
186
189
191
191
191
195
197
199
201
202
204
205
207
210
213
214
216
218
218
225
226
227
231
235
240
242
246
251
251
255
256
259
260
264
267
268
269
276
278
282
291
299
308
317
318
326
326
335
336
341
345
350
360
368
377
386
387
395
395
404
405
410
414
419
429
437
446
455
456
464
464
473
474
479
483
488
498
506
515
524
525
533
533
542
543
548
552
557
567
575
591
593
602
609
617
618
633
641
657
659
668
675
683
684
699
707
723
725
734
741
749
750
765
773
789
791
800
807
815
816
831
839
855
857
866
873
881
882
897
905
921
923
932
939
947
948
963
971
987
989
998
1005
1013
1014
1029
1037
1053
1055
1064
1071
1079
1080
1095
1103
1119
1121
1130
1137
1145
1146
1161
1169
1185
1187
1196
1203
1211
1212
1227
1235
1251
1253
1262
1269
1277
1278
1293
1301
1317
1319
1328
1335
1343
1344
1359
1367
1383
1385
1394
1401
1409
1433
1451
1457
1472
1496
1514
1520
1535
1559
1577
1583
1598
1622
1640
1646
1661
1685
1703
1709
1724
1748
1766
1772
1787
1811
1829
1835
1850
1874
1892
1898
1913
1937
1955
1961
1976
2000
2018
2024
2039
2063
2081
2087
2102
2126
2144
2150
2165
2189
2207
2213
2228
2252
2270
2276
2291
2315
2333
2339
2354
2378
2396
2402
2417
2441
2459
2465
2480
2504
2522
2528
2543
2567
2585
2591
2606
2630
2648
2654
2669
2693
2711
2717
2732
2756
2774
2780
2795
2819
2837
2843
2858
2882
2900
2906
2921
2945
2963
2969
2984
3008
3026
3032
3047
3071
3089
3095
3110
3134
3152
3158
3173
3197
3215
3221
3236
3260
3278
3284
3299
3323
3341
3347
3362
3386
3404
3410
3425
3449
3467
3473
3488
3512
3530
3536
3551
3575
3593
3599
4
4
4
4
8
8
8
8
12
12
12
12
16
16
16
16
20
20
20
20
24
24
24
24
28
28
28
28
32
32
32
32
36
36
36
36
40
40
40
40
44
44
44
44
48
48
48
48
52
52
52
52
56
56
56
56
60
60
60
60
64
64
64
64
67
67
67
67
71
71
71
71
75
75
75
75
79
79
79
79
83
83
83
83
87
87
87
87
91
91
91
91
95
95
95
95
99
99
99
99
103
103
103
103
107
107
107
107
111
111
111
111
115
115
115
115
119
119
119
119
123
123
123
123
127
127
127
127
130
130
131
132
135
135
136
139
139
139
142
143
144
147
148
149
152
153
153
156
157
160
160
161
163
164
166
168
170
172
172
174
176
176
178
178
180
184
189
190
191
199
199
202
205
210
213
217
226
229
231
255
278
295
319
339
359
383
402
423
447
463
487
511
526
551
575
587
615
639
650
679
703
711
743
767
774
807
831
835
871
895
898
935
959
962
18
35
24
14
58
65
34
64
44
7
20
36
44
28
18
38
27
52
42
95
85
101
90
119
109
11
11
11
16
17
7
164
4
36
154
13
55
26
65
9
6
22
22
15
38
12
59
29
29
51
79
45
50
63
77
92
99
112
29
140
52
13
18
166
68
5
40
182
15
48
95
35
31
208
20
128
138
242
252
57
6
160
13
271
201
208
223
11
23
265
5
27
278
16
40
286
47
71
84
65
338
348
352
402
5
410
11
416
19
469
72
473
76
483
86
53
58
33
41
48
537
137
546
149
34
553
46
56
47
62
71
100
604
5
5
619
112
623
122
138
55
54
669
686
733
749
4
795
8
33
814
51
51
70
56
861
99
879
117
116
47
63
927
165
944
181
4
991
1009
51
1055
1072
1119
1135
1181
1198
41
1245
25
57
6
1262
41
23
107
1311
123
1328
171
37
51
1377
187
54
67
1394
12
237
1441
60
1458
6
24
8
1507
37
56
41
24
1524
53
73
74
1573
103
122
90
1590
1639
1653
1701
1716
1765
1779
1827
1842
8
5
20
1891
1907
58
69
84
1957
1971
133
148
2021
2035
2083
2098
43
57
2147
2162
37
2211
51
2226
31
45
2275
31
2290
45
2339
95
2354
2403
2417
2467
2480
2529
2543
2593
2606
2655
2669
2719
2732
2781
2795
2845
2858
2907
2921
2971
2984
3033
3047
3097
3110
3159
3173
3223
4
4
4
4
8
8
8
8
12
12
12
12
16
16
16
16
20
20
20
20
24
24
24
24
28
28
28
28
32
32
32
32
36
36
36
36
40
40
40
40
44
44
44
44
48
48
48
48
52
52
52
52
56
56
56
56
60
60
60
60
64
64
64
64
67
67
67
67
71
71
71
71
75
75
75
75
79
79
79
79
83
83
83
83
87
87
87
87
91
91
91
91
95
95
95
95
99
99
99
99
103
103
103
103
107
107
107
107
111
111
111
111
115
115
115
115
119
119
119
119
123
123
123
123
127
127
127
127
130
130
131
131
134
135
136
139
139
141
141
144
144
145
148
149
149
150
153
154
156
157
160
160
161
163
163
163
165
167
171
171
172
175
177
179
180
181
183
184
187
190
191
192
195
195
201
207
206
211
210
213
216
220
225
224
228
229
228
238
241
243
250
255
256
265
270
273
283
285
288
292
301
300
310
310
319
325
327
334
345
352
354
370
369
379
393
394
411
418
420
27
14
45
23
54
13
66
9
21
4
43
96
13
25
64
51
25
17
73
37
26
72
85
18
12
38
20
84
24
32
42
96
44
54
14
117
27
66
26
17
39
147
22
159
50
14
165
34
21
186
24
30
33
33
36
53
11
57
225
16
231
234
50
16
96
261
99
55
102
26
58
61
55
132
300
58
61
303
26
65
306
68
71
333
62
28
32
369
376
397
432
440
30
41
461
62
495
507
93
25
108
531
132
55
558
574
158
175
598
199
621
221
641
242
665
266
684
22
18
33
711
49
5
738
64
747
32
91
781
808
811
845
31
22
871
54
58
44
98
117
24
42
45
88
103
109
152
166
173
13
24
34
11
77
87
101
54
4
8
7
147
150
17
171
53
60
213
31
54
17
10
25
54
42
59
88
23
99
27
48
47
6
4
43
100
23
26
15
58
113
117
26
104
32
63
173
176
88
10
18
5
73
86
38
33
58
54
36
52
57
22
46
15
41
77
25
54
16
16
47
44
81
5
17
28
60
80
28
45
93
6
56
47
56
24
30
115
14
17
4
7
13
17
20
64
71
76
84
5
59
9
17
71
6
76
11
80
135
30
34
4
6
10
13
61
69
24
29
30
36
8
14
48
54
24
30
29
35
112
118
93
4
4
4
4
8
8
8
8
12
12
12
12
16
16
16
16
20
20
20
20
24
24
24
24
28
28
28
28
32
32
32
32
36
36
36
36
40
40
40
40
44
44
44
44
48
48
48
48
52
52
52
52
56
56
56
56
60
60
60
60
64
64
64
64
67
67
67
67
71
71
71
71
75
75
75
75
79
79
79
79
83
83
83
83
87
87
87
87
91
91
91
91
95
95
95
95
99
99
99
99
103
103
103
103
107
107
107
107
111
111
111
111
115
115
115
115
119
119
119
119
123
123
123
123
127
127
127
127
130
130
132
133
134
134
136
139
139
141
141
144
146
147
148
149
150
151
154
155
157
160
160
162
165
166
165
169
168
169
171
173
175
175
175
180
180
181
183
184
186
190
192
196
199
201
201
205
207
213
214
214
219
219
220
222
226
228
228
229
234
234
243
250
255
255
256
261
262
270
274
282
292
298
300
306
328
336
340
348
358
364
366
372
394
402
406
414
424
430
432
438
460
468
472
480
490
496
498
504
526
534
538
546
556
562
564
570
592
600
604
612
622
628
630
636
658
666
670
678
688
694
696
702
724
732
736
744
754
760
762
768
790
798
807
825
831
861
870
888
894
924
933
951
957
987
996
1014
1020
1050
1059
1077
1083
1113
7
13
31
14
17
7
4
13
21
33
27
39
33
40
39
46
60
66
4
19
4
25
6
10
12
24
30
30
40
24
36
9
12
42
54
72
75
19
7
32
25
44
108
40
120
58
67
138
144
18
27
180
189
201
207
243
14
27
252
20
36
267
51
11
54
26
24
17
36
93
51
105
57
119
94
103
114
163
161
167
177
24
30
4
228
8
32
58
38
64
123
57
60
7
13
39
48
70
40
51
102
116
165
181
19
18
38
228
40
252
290
5
317
18
38
353
51
388
89
415
24
456
67
478
86
524
541
135
34
149
45
595
10
7
604
206
213
69
73
69
667
670
276
281
14
730
738
339
349
793
806
401
417
856
874
464
485
918
527
942
553
981
589
1010
621
1044
652
1078
689
1106
715
1146
757
1169
777
1214
1232
825
840
890
902
955
965
1020
1027
1085
1089
1150
1153
1214
1218
1276
1283
1338
1348
1401
1413
1463
1478
1525
1543
1588
1608
1650
1673
1712
1738
1775
1803
1837
1868
1899
1933
1962
1998
2024
2063
2086
4
4
4
4
8
8
8
8
12
12
12
12
16
16
16
16
20
20
20
20
24
24
24
24
28
28
28
28
32
32
32
32
36
36
36
36
40
40
40
40
44
44
44
44
48
48
48
48
52
52
52
52
56
56
56
56
60
60
60
60
64
64
64
64
67
67
67
67
71
71
71
71
75
75
75
75
79
79
79
79
83
83
83
83
87
87
87
87
91
91
91
91
95
95
95
95
99
99
99
99
103
103
103
103
107
107
107
107
111
111
111
111
115
115
115
115
119
119
119
119
123
123
123
123
127
127
127
127
130
131
132
134
136
137
137
138
141
143
143
143
147
147
148
149
151
152
154
155
157
158
163
163
167
167
168
169
171
173
173
174
178
179
182
184
186
188
192
193
194
199
203
209
209
213
220
224
230
234
235
236
245
247
249
257
260
261
271
281
281
285
292
296
302
306
307
308
318
319
330
332
343
353
364
365
376
377
398
419
431
440
461
11
4
29
13
15
33
20
29
6
12
15
6
36
45
30
48
10
13
78
43
5
14
105
114
7
5
31
148
42
172
177
28
68
33
74
215
25
240
34
250
279
301
12
15
33
33
44
5
22
16
34
19
31
36
10
35
40
49
4
52
13
35
43
7
84
89
81
60
31
78
55
51
123
94
146
119
7
20
41
51
4
7
83
11
90
10
35
35
66
63
27
54
7
16
15
47
41
32
17
52
36
44
7
18
24
30
42
45
16
30
9
42
19
55
62
23
30
7
13
11
14
48
51
46
50
21
28
85
4
90
11
28
33
149
70
156
11
16
215
7
220
12
11
6
16
39
46
65
70
127
134
39
44
47
54
34
39
103
113
118
60
34
65
39
177
182
8
13
241
246
72
305
58
61
49
52
62
65
12
15
32
35
76
41
45
5
12
67
77
130
6
142
4
21
19
192
197
212
254
16
56
36
41
22
62
41
62
48
17
25
101
111
126
6
21
163
10
25
181
57
5
17
15
27
54
27
79
54
29
9
58
36
30
36
28
34
33
39
11
42
17
48
33
62
31
37
49
11
17
27
49
55
78
84
89
142
148
151
206
212
215
26
30
273
277
337
25
341
401
406
463
471
526
536
588
601
650
666
713
731
775
796
837
861
900
926
962
991
1024
4
4
4
4
8
8
8
8
12
12
12
12
16
16
16
16
20
20
20
20
24
24
24
24
28
28
28
28
32
32
32
32
36
36
36
36
40
40
40
40
44
44
44
44
48
48
48
48
52
52
52
52
56
56
56
56
60
60
60
60
64
64
64
64
67
67
67
67
71
71
71
71
75
75
75
75
79
79
79
79
83
83
83
83
87
87
87
87
91
91
91
91
95
95
95
95
99
99
99
99
103
103
103
103
107
107
107
107
111
111
111
111
115
115
115
115
119
119
119
119
123
123
123
123
127
127
127
127
130
130
130
132
135
136
136
139
141
142
142
143
146
147
147
147
151
151
151
152
156
156
157
159
160
161
161
163
163
165
166
168
169
171
172
175
176
178
180
183
183
184
185
187
190
192
193
195
197
197
199
201
202
204
205
211
212
214
216
216
219
219
220
223
223
224
231
233
234
238
240
243
244
247
248
249
255
261
261
262
271
276
276
276
276
286
289
291
291
301
303
304
306
309
318
319
319
324
333
336
337
346
351
358
361
373
375
385
387
399
403
427
439
451
466
490
502
8
17
17
26
32
9
27
21
10
45
31
10
18
52
27
61
15
31
24
45
79
66
100
87
121
96
130
6
111
145
21
132
166
13
15
42
25
156
190
36
199
5
23
14
14
30
32
48
44
62
78
18
4
40
31
20
34
57
26
17
25
15
36
87
56
47
97
63
53
45
48
7
99
85
37
128
8
6
31
173
26
191
15
74
9
244
21
254
71
78
80
315
318
140
22
26
379
56
63
119
128
6
18
181
196
7
24
22
35
42
58
19
85
44
98
126
82
30
62
13
32
49
62
76
100
117
138
12
41
60
58
74
34
126
48
24
32
5
10
14
17
61
64
73
9
15
4
80
10
84
90
31
38
74
82
66
145
77
154
207
218
45
54
271
6
32
41
48
59
61
70
96
107
125
134
160
8
171
9
20
189
12
55
200
23
65
66
76
40
51
257
268
129
37
321
46
332
385
394
28
39
449
44
4
49
10
54
108
113
118
12
16
175
179
182
59
65
238
68
246
249
49
59
5
24
28
15
47
35
51
307
57
311
314
371
375
378
435
438
442
60
63
499
505
563
568
625
631
689
694
751
757
815
820
877
4
4
4
4
8
8
8
8
12
12
12
12
16
16
16
16
20
20
20
20
24
24
24
24
28
28
28
28
32
32
32
32
36
36
36
36
40
40
40
40
44
44
44
44
48
48
48
48
52
52
52
52
56
56
56
56
60
60
60
60
64
64
64
64
67
67
67
67
71
71
71
71
75
75
75
75
79
79
79
79
83
83
83
83
87
87
87
87
91
91
91
91
95
95
95
95
99
99
99
99
103
103
103
103
107
107
107
107
111
111
111
111
115
115
115
115
119
119
119
119
123
123
123
123
127
127
127
127
130
131
131
132
136
136
136
141
141
142
142
145
146
149
150
151
153
154
154
157
158
158
160
162
163
163
163
167
168
169
172
172
173
174
177
178
181
182
184
184
185
187
191
190
193
196
195
199
198
199
204
205
205
208
211
211
212
214
215
216
218
220
220
225
226
229
229
232
233
234
236
238
247
247
247
252
253
255
256
256
257
261
265
265
268
269
271
273
275
276
277
283
284
289
292
294
294
298
298
301
305
307
307
307
311
312
316
319
320
322
326
328
330
334
337
343
343
345
345
347
353
352
358
360
362
366
368
379
381
381
385
389
389
394
396
400
404
408
415
420
421
423
431
430
435
436
441
443
456
456
457
463
464
469
471
475
479
483
490
495
503
505
513
515
528
529
533
541
548
552
559
564
574
582
597
615
627
645
660
678
10
25
8
4
12
29
10
22
27
47
37
31
48
65
13
58
18
83
70
6
34
39
46
24
91
15
57
6
7
112
33
75
18
24
25
133
93
36
151
54
63
169
178
196
214
232
241
5
259
23
13
277
21
36
295
34
310
12
24
334
39
346
361
8
373
20
19
16
34
400
412
43
427
55
442
4
466
16
481
31
493
5
508
20
529
41
544
56
17
562
74
32
577
89
24
56
601
39
113
613
628
643
667
676
691
706
16
733
25
742
40
757
6
55
772
21
36
82
799
808
63
823
72
87
99
126
135
150
162
189
198
213
225
252
261
276
288
315
324
339
351
378
387
402
414
441
450
465
477
504
513
528
540
567
576
591
603
630
639
654
666
693
702
717
729
756
765
780
792
819
828
843
855
882
891
906
918
945
954
969
981
1008
1017
1032
1044
1071
1080
1095
1107
1134
1143
1158
4
4
4
4
8
8
8
8
12
12
12
12
16
16
16
16
20
20
20
20
24
24
24
24
28
28
28
28
32
32
32
32
36
36
36
36
40
40
40
40
44
44
44
44
48
48
48
48
52
52
52
52
56
56
56
56
60
60
60
60
64
64
64
64
67
67
67
67
71
71
71
71
75
75
75
75
79
79
79
79
83
83
83
83
87
87
87
87
91
91
91
91
95
95
95
95
99
99
99
99
103
103
103
103
107
107
107
107
111
111
111
111
115
115
115
115
119
119
119
119
123
123
123
123
127
127
127
127
130
130
132
134
138
138
140
142
144
146
147
148
149
152
153
153
154
157
157
159
162
162
165
167
174
175
176
178
180
180
183
186
189
195
198
198
207
213
213
219
225
228
237
237
240
252
252
255
264
288
303
315
327
351
6
18
16
28
20
13
32
38
34
26
68
47
56
6
24
4
22
22
40
28
31
46
49
70
88
35
47
53
4
7
10
46
5
58
5
67
14
44
20
32
33
20
45
32
35
51
63
87
51
8
57
13
55
58
18
22
22
29
35
44
97
13
109
28
47
31
15
67
54
160
77
61
186
89
223
124
154
186
219
7
249
43
287
70
311
28
355
50
374
45
61
423
437
488
499
553
561
618
624
10
13
686
689
30
36
749
757
57
68
93
812
825
120
136
874
893
183
937
958
999
22
1023
48
20
8
1062
22
54
39
15
1097
60
94
58
1126
117
1171
1188
4
1236
53
1251
65
1254
40
51
55
1306
1314
1321
24
31
110
114
122
1376
1379
1388
17
20
29
1440
1446
1455
6
13
1503
41
49
14
25
28
4
15
77
80
91
28
31
8
4
29
11
35
47
53
54
58
70
7
10
24
30
42
53
50
87
64
24
37
50
66
50
69
45
66
10
48
4
29
19
64
68
52
58
83
114
27
56
16
22
50
5
13
5
7
13
15
37
13
20
66
16
73
23
78
100
132
139
25
167
57
199
202
231
263
266
295
324
330
25
53
60
13
21
92
31
40
63
24
19
86
30
44
98
21
40
17
33
35
50
61
4
15
6
17
6
18
26
15
23
31
63
78
14
19
27
59
77
82
90
122
140
145
153
185
203
208
216
248
266
271
279
311
329
334
342
374
392
397
405
437
455
460
468
500
518
523
4
4
4
4
8
8
8
8
12
12
12
12
16
16
16
16
20
20
20
20
24
24
24
24
28
28
28
28
32
32
32
32
36
36
36
36
40
40
40
40
44
44
44
44
48
48
48
48
52
52
52
52
56
56
56
56
60
60
60
60
64
64
64
64
67
67
67
67
71
71
71
71
75
75
75
75
79
79
79
79
83
83
83
83
87
87
87
87
91
91
91
91
95
95
95
95
99
99
99
99
103
103
103
103
107
107
107
107
111
111
111
111
115
115
115
115
119
119
119
119
123
123
123
123
127
127
127
127
130
132
133
134
137
138
139
142
143
144
144
147
147
148
148
151
152
152
153
155
156
156
157
159
161
163
163
165
164
172
172
173
176
177
178
178
182
184
184
186
189
189
194
194
195
198
202
205
207
208
210
213
215
218
225
226
232
235
240
242
247
247
249
250
266
266
268
276
280
284
289
290
297
305
307
311
312
315
324
357
363
372
375
424
436
439
488
497
35
9
43
13
50
42
49
28
32
40
46
49
58
13
29
32
26
32
112
64
119
27
125
35
7
18
30
42
42
179
54
38
50
7
17
6
10
18
23
35
71
83
64
4
135
147
56
6
29
18
39
201
72
7
17
46
54
108
10
118
64
172
74
45
45
53
55
42
37
26
50
47
34
52
10
62
14
24
26
110
36
92
120
68
102
120
130
22
30
94
7
178
186
18
24
63
57
63
42
48
15
21
48
54
21
27
43
49
33
39
95
56
60
59
65
17
21
4
7
63
68
71
55
60
129
63
135
138
51
60
63
16
26
192
116
205
127
256
31
180
42
191
31
42
31
42
95
54
106
5
67
16
159
27
60
120
172
71
133
39
50
14
53
227
27
128
188
64
240
139
34
45
293
194
304
5
16
359
368
69
423
432
6
30
41
487
496
20
31
63
20
29
553
562
84
12
19
617
626
8
23
15
32
78
85
683
692
74
142
149
749
54
756
61
208
813
120
820
29
34
11
16
879
884
95
943
948
61
64
1007
1012
1071
1074
1133
1138
1197
1200
1259
1264
1323
1326
1385
1390
1449
1452
1511
1516
1575
1578
1637
1642
1701
1704
1763
1768
1827
1830
1889
1894
1953
1956
2015
2020
2079
2082
2141
2146
2205
2208
2267
2272
2331
2334
2393
2398
2457
2460
2519
2524
2583
2586
2645
2650
2709
4
4
4
4
8
8
8
8
12
12
12
12
16
16
16
16
20
20
20
20
24
24
24
24
28
28
28
28
32
32
32
32
36
36
36
36
40
40
40
40
44
44
44
44
48
48
48
48
52
52
52
52
56
56
56
56
60
60
60
60
64
64
64
64
67
67
67
67
71
71
71
71
75
75
75
75
79
79
79
79
83
83
83
83
87
87
87
87
91
91
91
91
95
95
95
95
99
99
99
99
103
103
103
103
107
107
107
107
111
111
111
111
115
115
115
115
119
119
119
119
123
123
123
123
127
127
127
127
130
130
132
132
134
136
136
138
139
140
142
143
144
147
147
149
149
152
152
153
155
157
157
160
161
164
164
164
166
168
169
171
174
175
176
176
178
181
184
185
186
188
188
190
191
193
196
199
203
204
205
209
209
210
214
217
217
221
223
225
226
228
230
232
235
238
239
241
246
247
250
250
260
265
265
271
273
283
287
289
291
297
305
310
311
318
332
334
342
352
356
358
360
366
374
380
384
398
408
422
426
432
440
446
450
464
474
488
492
498
506
512
516
530
540
554
558
564
572
578
582
596
606
620
624
638
641
659
683
701
704
722
746
764
767
785
809
827
830
848
872
890
893
911
935
953
956
974
998
1016
1019
1037
1061
1079
1082
1100
1124
1142
1145
1163
1187
1205
1208
1226
1250
1268
1271
1289
1313
1331
1334
1352
1376
1394
1397
1415
1439
1457
1460
1478
1502
1520
1523
1541
1565
1583
1586
1604
1628
17
4
26
23
28
1649
22
47
1655
17
53
49
23
1670
38
38
44
33
56
57
1709
50
1723
64
96
1740
109
127
1776
1786
163
1807
1843
1849
1871
1907
1910
1935
1971
1974
1999
2034
2038
2063
2095
2102
2127
2158
2166
2191
2219
2230
2255
2282
2294
2319
2343
2358
2383
2406
2422
2447
2467
2486
2511
2530
2550
2575
2591
2614
2639
2654
2678
2703
2715
2742
2767
2778
2806
2831
2839
2870
2895
2902
2934
2959
2963
2998
3023
3026
3062
3087
3090
3126
3148
3154
3190
3211
3218
3254
3272
3282
3318
3335
3346
3382
3396
3410
3446
3459
3474
3510
3520
3538
3574
3583
3602
3638
3644
3666
3702
3707
3730
3766
3771
3794
3829
3835
3858
3890
3899
3922
3953
3963
3986
4014
4027
4050
4077
4091
4114
4138
4155
4178
4201
4219
4242
4262
4283
4306
4325
4347
4370
4386
4411
4434
4449
4475
4498
4510
4539
4562
4573
4603
4626
4634
4667
4690
4697
4731
4754
4758
4795
4818
4821
4859
4882
4885
4923
4943
4949
4987
5006
