5
5
5
9
5
17
11
28
26
5
16
5
5
5
5
5
5
5
6
15
19
11
5
5
15
6
5
5
8
5
6
7
15
5
12
18
30
7
28
25
25
5
6
11
5
9
5
13
32
5
8
5
5
5
9
5
48
5
156
5
11
5
141
7
59
9
7
10
5
85
89
21
9
31
32
5
5
6
11
11
5
55
106
21
24
46
17
41
22
12
38
37
5
35
86
15
66
61
33
17
16
42
62
27
52
35
14
18
5
160
22
22
42
125
30
59
53
39
14
96
78
38
45
36
31
10
59
5
39
43
51
73
55
8
28
44
125
8
116
131
7
127
77
12
16
60
31
90
140
93
94
16
155
11
130
58
163
8
65
157
126
22
43
14
39
101
62
83
65
50
119
5
112
136
87
71
112
60
5
54
12
37
12
28
13
39
9
5
5
5
220
193
184
5
129
7
121
5
8
137
5
134
126
129
7
38
8
125
19
9
113
110
110
72
105
62
119
105
23
100
8
100
24
95
93
267
72
73
637
59
43
11
534
36
22
6
12
764
8
5
725
30
722
431
680
8
42
30
336
5
509
5
300
237
224
337
14
148
101
226
217
535
27
5
127
124
45
125
494
36
464
106
352
23
22
37
41
264
337
205
137
138
138
11
142
59
139
269
300
245
170
255
20
161
262
307
252
288
13
253
248
210
302
293
265
61
30
262
45
5
36
27
933
86
67
246
246
15
167
29
13
7
252
51
233
58
98
18
144
7
9
988
992
82
977
934
279
890
7
36
265
30
74
217
82
43
47
96
451
20
91
20
351
342
5
209
36
64
13
45
286
58
341
24
240
203
178
332
162
16
168
115
194
111
9
9
119
110
113
44
18
40
124
40
72
64
34
143
49
42
87
37
43
14
5
187
123
9
182
44
80
109
19
18
23
12
98
5
52
106
54
434
438
5
444
5
9
25
5
441
31
5
421
5
140
558
545
5
55
519
474
447
33
385
5
32
30
9
397
372
349
5
49
5
116
10
352
111
119
6
32
333
5
302
6
285
1348
1289
256
1241
6
189
5
1255
5
6
169
150
28
5
5
36
189
1282
1199
6
1186
193
55
43
1196
24
28
1183
85
1184
19
21
35
6
11
36
49
26
5
19
1230
5
8
59
40
8
29
1255
5
139
57
9
1247
1214
27
134
1221
114
18
1186
7
1172
339
333
53
51
6
28
1143
1129
21
1076
44
47
17
35
5
9
278
9
5
5
9
5
24
115
73
15
284
256
84
58
168
121
68
117
110
96
76
56
124
110
50
108
49
47
85
946
79
5
953
84
947
895
898
5
882
871
5
868
31
837
35
374
121
5
51
23
102
31
53
284
59
5
264
871
162
847
127
92
5
11
10
5
45
5
11
42
5
127
5
136
101
126
45
59
283
128
251
61
37
32
21
27
42
8
29
5
43
74
39
5
309
26
312
8
5
320
42
5
297
1473
301
292
5
256
258
6
13
261
227
5
223
189
48
23
14
111
5
59
1428
16
457
1395
403
27
7
15
260
8
36
159
225
1400
1403
242
1378
182
175
11
145
1164
122
45
1130
1125
1118
162
163
146
160
35
91
146
1415
1133
78
98
64
57
17
79
103
69
91
1143
165
59
111
91
20
83
73
43
72
106
1452
36
9
1373
1181
70
1377
24
62
1296
1286
1200
8
135
1269
1205
5
106
47
5
30
117
103
8
25
107
99
1207
56
100
1212
1188
197
198
82
28
1162
5
1317
1118
1303
371
1267
363
5
1271
235
1245
1202
6
1140
1134
30
62
210
1132
50
14
10
1139
26
129
72
1146
1145
1147
26
8
87
83
1180
164
12
1182
159
1132
1129
36
21
1185
109
1169
22
121
1170
110
1155
1147
32
1099
148
23
520
123
1113
504
117
110
1052
500
454
49
79
147
28
463
146
84
380
64
281
1204
241
1131
1001
219
1135
1008
952
791
766
146
188
761
754
697
126
111
594
496
428
374
375
372
359
348
1162
1165
1151
332
294
1076
275
1045
263
253
256
243
1049
216
951
944
905
830
832
761
750
747
751
713
688
659
622
529
477
477
446
446
443
401
388
305
575
574
568
558
551
527
529
514
498
455
437
1389
1370
1189
1031
963
896
815
4449
4429
4426
4421
4365
4365
4363
4353
4346
4350
4352
4337
4305
4265
4255
4243
4214
4184
4159
4157
4158
4161
4102
4085
4081
4084
4086
4051
3975
3929
3927
3920
3915
3918
3908
3911
3883
3857
3842
3831
3768
3761
3752
3746
3742
3731
3721
3724
3675
3672
3654
3620
3600
3578
3529
3523
3502
3491
3480
3456
3382
3384
3380
3373
3352
3348
3351
3331
3335
3338
3242
3242
3200
3182
3142
3134
3127
3112
3061
3065
3067
3068
3059
3058
3060
3057
2945
2930
2928
2917
2920
2912
2913
2868
2840
2820
2816
2820
5
9
5
21
9
9
13
19
41
8
5
18
40
5
6
5
9
8
5
8
5
9
5
10
10
18
5
15
8
5
9
42
6
15
23
19
26
17
53
15
46
64
49
35
27
31
11
43
27
14
46
22
35
10
33
39
69
5
49
30
8
90
17
52
99
30
21
32
92
96
55
21
27
27
20
93
37
94
103
28
101
5
102
50
100
53
7
109
151
72
120
160
163
81
84
87
220
167
134
21
210
128
204
88
267
162
49
121
117
33
12
20
12
34
45
221
140
52
192
100
253
185
63
279
68
182
241
77
51
190
146
119
192
102
112
84
67
59
207
200
270
103
92
92
219
255
14
170
222
224
21
199
204
184
55
188
46
139
109
68
12
56
278
50
54
426
278
39
29
73
77
11
15
59
32
8
166
74
9
17
213
9
214
13
199
13
183
222
217
81
5
82
361
6
21
49
203
152
204
5
207
5
17
152
123
38
223
85
14
95
138
66
132
116
10
67
79
61
17
30
178
468
122
110
82
15
46
9
6
9
52
32
6
28
44
5
35
6
27
6
13
138
21
5
19
11
14
16
9
14
42
25
32
26
16
30
27
25
29
5
23
5
5
613
614
611
6
8
17
10
14
617
829
617
24
621
5
553
43
513
35
28
13
31
14
20
21
29
6
25
58
52
785
402
279
329
283
57
619
297
66
489
71
23
306
316
298
6
300
244
235
57
220
217
12
192
6
12
193
188
5
191
5
182
180
98
85
86
381
9
310
89
121
38
180
21
164
5
153
50
5
133
190
108
176
106
28
143
123
5
8
79
20
13
130
133
15
209
20
159
144
19
14
136
113
905
23
15
132
120
117
15
143
51
119
46
69
5
25
59
45
22
39
48
73
5
58
5
49
9
5
42
8
8
16
39
49
5
7
5
12
14
5
10
8
7
1053
21
1016
1020
5
977
975
978
5
980
965
970
7
9
9
7
5
982
975
997
978
955
980
959
13
958
62
902
46
20
956
18
906
10
27
5
29
31
978
16
70
51
17
33
49
30
11
30
22
984
935
67
21
32
7
1010
931
1008
976
939
11
985
30
43
33
47
965
10
970
41
155
151
67
157
127
161
168
171
42
17
181
166
165
168
147
163
152
12
70
51
54
11
245
55
5
52
50
27
13
35
11
29
10
67
68
263
266
54
5
233
219
46
62
55
18
59
366
12
154
24
15
58
35
52
33
36
15
27
183
120
31
160
78
6
1231
5
1212
1215
1215
5
1206
1208
35
28
13
27
25
58
10
8
7
178
19
6
1253
5
301
273
14
202
6
11
1275
1269
1269
34
225
170
5
19
169
158
61
56
5
1346
39
149
135
46
139
64
1343
90
11
8
1338
84
1294
66
21
8
76
40
1279
6
1283
118
112
1248
9
5
112
9
74
67
207
69
46
15
1242
5
1238
156
1195
58
1450
1199
1453
1452
115
10
105
25
1463
11
1432
1427
1423
1230
65
31
65
72
1234
62
150
9
115
8
1209
10
8
5
1471
1231
1425
1231
63
1171
7
50
1158
17
171
11
1443
137
1451
45
1174
66
11
38
1103
31
172
1100
1102
145
13
140
40
1108
1098
5
37
120
61
88
65
69
177
38
126
11
45
20
1558
52
1546
65
9
1113
91
1556
110
1502
24
27
1508
108
111
1136
112
38
1529
64
1519
60
1496
122
8
1171
38
1119
1465
1111
1407
20
18
1387
1132
115
73
119
47
5
51
48
198
50
147
27
64
58
1433
48
61
681
53
19
21
49
32
1460
30
9
43
682
6
683
219
30
1216
172
1491
139
1175
25
9
30
83
1501
1493
1490
46
166
28
166
1215
48
173
1197
1492
757
1207
187
10
1512
752
205
1481
17
6
1447
583
581
522
1459
524
784
7
1224
21
249
441
421
140
172
1242
434
724
398
385
111
307
12
20
171
1254
163
1177
127
141
1179
114
95
151
62
54
320
323
148
141
294
1565
798
738
718
1583
717
626
1550
308
1453
302
1455
290
1446
1444
1445
620
312
278
606
156
613
280
257
257
625
610
591
588
1446
573
1449
552
1447
298
534
311
301
260
1471
324
1473
1474
303
1478
569
1481
490
486
1490
432
1496
369
1455
1444
355
1408
1402
1355
1343
1280
1277
1256
1260
1485
1252
1223
1216
1204
1085
1079
1007
983
948
902
891
1502
1498
1492
904
904
1441
908
878
1426
871
847
1409
849
1360
860
773
777
1295
1272
742
1246
696
672
648
628
622
1276
597
1280
596
573
580
583
1224
1211
1195
1195
1147
1124
1090
1061
1062
1038
1033
1022
994
956
944
884
874
840
790
775
736
729
703
3402
3380
3346
3328
3265
3086
3037
2927
2732
2624
2627
2630
2528
2439
2259
2185
2044
1910
1871
1788
1764
1634
1491
1450
1435
1431
1434
1370
1345
1251
1210
1203
1135
1114
1083
1020
5
5
5
9
10
6
15
12
5
6
33
22
6
15
9
5
5
5
7
5
7
9
9
5
5
5
6
7
5
9
5
8
5
14
5
13
9
5
14
8
19
5
40
43
28
20
38
16
37
8
6
10
6
7
48
63
9
76
37
23
93
39
5
7
55
8
90
57
42
71
75
76
17
64
6
39
26
21
25
53
61
16
59
61
7
24
10
17
15
93
14
6
5
16
78
69
16
18
7
18
33
92
5
6
5
110
34
89
56
5
12
5
68
59
5
5
6
5
9
22
5
5
5
5
14
14
5
6
151
8
114
12
22
20
10
33
14
13
20
285
11
282
159
278
127
239
268
268
6
244
230
193
226
154
141
135
11
36
139
18
22
6
5
56
307
350
352
306
68
180
347
183
147
55
59
346
171
299
219
319
81
11
86
5
51
138
24
10
121
23
26
232
9
203
7
134
35
6
36
6
5
38
6
5
9
5
154
5
326
174
12
173
18
173
11
18
178
94
52
178
7
410
8
384
180
374
74
154
347
334
5
131
76
75
19
68
11
37
5
69
531
22
59
492
6
478
45
138
396
52
9
36
5
33
40
6
33
409
394
16
303
251
12
71
452
43
444
334
383
322
305
151
196
274
358
202
172
152
137
87
70
5
154
77
28
21
75
124
55
48
130
134
6
9
132
7
115
92
116
9
96
109
89
68
16
44
53
231
36
233
9
226
39
14
224
182
97
112
17
363
5
9
329
17
11
5
170
124
5
5
52
55
57
6
540
20
518
511
261
152
10
14
475
15
34
464
18
32
8
80
47
472
433
5
212
113
170
5
15
172
398
11
399
107
145
128
13
56
33
37
136
299
288
290
447
9
419
110
256
367
256
309
233
195
198
193
166
314
152
268
110
236
265
258
15
218
641
137
76
6
143
27
144
226
35
210
13
148
642
146
9
218
32
633
544
5
178
542
80
9
49
19
302
14
5
247
159
150
129
132
544
5
538
520
107
27
93
16
81
72
185
519
188
5
457
149
150
467
79
455
75
46
15
44
76
22
1154
479
1111
901
470
378
345
82
272
260
23
420
239
26
239
21
133
520
76
200
527
5
494
119
176
499
70
182
183
45
57
185
57
181
5
39
25
5
16
24
153
50
27
58
140
111
497
39
474
59
158
12
134
123
458
461
1387
5
461
444
446
13
444
111
447
100
1411
1331
90
79
464
19
83
1331
1324
1315
23
6
1301
22
1310
90
90
518
62
521
8
82
1286
48
33
31
1303
532
17
524
25
513
509
117
87
90
61
67
23
61
509
270
43
16
270
9
274
249
181
219
539
132
524
366
254
331
495
263
492
262
486
28
475
7
477
471
253
282
52
262
19
268
37
266
304
286
71
253
287
143
22
57
51
60
253
54
8
27
505
23
216
22
495
5
479
6
422
19
425
232
379
223
128
161
109
160
362
30
97
5
97
79
329
20
153
177
149
145
261
380
1640
85
1640
131
10
458
38
146
464
1673
42
152
454
56
1691
160
1602
32
20
1610
466
1582
57
438
436
1565
95
183
1522
396
101
254
262
1529
100
1488
94
7
129
18
1475
1455
145
1454
94
1444
1431
93
310
26
44
1438
5
6
319
304
42
1449
1404
40
1391
255
177
27
99
319
45
5
321
181
335
325
165
146
43
110
331
351
104
83
5
344
343
342
1375
334
309
1356
381
55
382
125
315
5
300
366
8
365
356
359
93
362
320
1421
326
100
317
60
437
230
349
339
5
338
250
182
106
184
302
295
590
44
272
596
601
245
484
242
222
216
211
187
168
81
5
32
10
267
258
139
130
189
268
10
139
136
1530
1526
264
1517
114
1521
25
1505
600
275
165
168
1515
286
5
1519
36
9
1510
625
1482
311
248
288
8
1437
1431
271
13
1437
1422
5
8
658
661
1362
5
5
608
5
6
564
526
489
432
314
305
421
311
410
270
262
98
326
132
329
133
315
208
117
184
1179
1118
160
127
1108
1095
1101
1104
1456
1436
1102
1365
1342
1338
454
1234
1229
1090
1023
927
1119
906
1113
186
864
1108
1114
871
1098
1093
854
1072
849
1070
839
1069
826
813
1027
778
1009
966
955
943
785
914
767
916
761
723
930
931
728
709
918
931
720
929
890
628
632
893
868
850
814
647
754
615
618
567
535
533
759
724
528
692
608
524
608
558
521
550
521
1814
556
489
560
1805
542
548
555
539
529
522
1828
524
1797
1779
1781
1755
1750
1743
1677
1652
1607
1547
1492
1431
1432
1423
1068
1416
962
966
944
1340
875
1280
1191
1174
1172
1159
1145
894
1147
1106
896
858
1069
846
1027
827
998
829
971
833
919
815
926
812
896
792
738
892
820
721
713
816
758
734
733
9
5
18
5
10
6
17
32
27
24
6
5
6
8
5
16
20
22
6
5
7
11
5
17
5
24
21
30
14
32
7
24
33
12
26
17
12
10
25
27
40
45
12
17
77
5
77
26
31
5
31
26
33
96
26
5
90
24
15
50
14
27
5
5
27
13
91
77
116
8
54
37
54
41
6
35
5
5
45
70
20
31
33
74
8
9
74
65
14
172
6
6
62
19
155
20
136
67
9
66
27
15
34
5
26
43
74
8
21
182
5
60
9
35
90
39
21
35
25
25
43
7
27
17
10
209
202
5
187
12
181
134
6
14
66
15
8
49
182
181
185
49
5
183
5
150
53
144
9
100
76
207
10
39
93
32
12
18
8
13
6
5
233
109
235
156
231
47
6
6
20
85
6
172
5
93
9
30
219
87
224
20
198
199
68
69
69
158
5
54
7
11
27
5
9
6
8
194
203
5
294
9
207
194
139
5
19
137
43
131
14
66
5
18
66
66
138
141
50
9
5
87
11
12
9
109
23
114
49
5
9
122
63
48
17
42
114
43
7
30
42
40
19
42
15
18
14
54
5
53
5
5
15
34
26
14
15
14
17
142
121
8
5
5
142
24
31
5
56
142
43
21
43
25
5
18
25
83
5
7
6
8
83
9
6
83
42
96
35
26
145
5
5
5
145
37
26
5
42
44
37
11
38
36
61
24
22
49
15
12
62
14
10
79
7
11
37
27
51
28
5
49
5
38
54
45
5
85
5
5
26
26
182
30
116
59
5
9
70
54
5
83
9
68
83
81
66
49
5
47
7
48
8
52
32
5
5
250
5
231
220
119
5
5
121
19
21
5
20
17
146
5
92
74
5
63
1165
22
10
8
1154
8
614
51
1090
45
50
21
5
1031
639
15
5
82
71
987
930
23
678
473
665
472
5
54
8
40
453
5
6
41
454
433
5
30
13
16
42
22
728
240
203
202
5
175
31
30
23
9
18
5
36
749
5
5
7
39
742
73
35
7
126
125
756
117
758
80
729
8
111
96
40
14
751
93
37
95
11
771
36
739
101
745
749
58
735
72
57
716
6
131
12
715
14
33
12
144
141
27
98
53
38
42
738
66
6
158
37
5
685
5
20
8
683
635
187
164
82
649
17
651
164
10
648
16
5
5
187
129
222
121
113
234
1652
55
10
1661
1570
9
21
8
21
261
65
240
1586
34
251
6
87
490
48
446
95
9
84
45
257
250
232
37
215
34
29
107
102
11
93
496
89
130
432
428
82
10
85
61
430
54
62
43
139
133
878
67
861
62
5
864
67
856
459
274
38
7
14
7
47
883
864
28
8
99
18
17
475
9
367
896
82
78
5
851
391
17
832
312
792
69
16
64
9
5
5
117
58
7
59
29
842
5
5
837
833
6
7
5
6
5
54
7
6
5
54
9
17
12
80
79
6
12
45
24
15
43
75
21
77
59
12
5
100
5
8
938
939
925
160
121
944
15
12
895
124
38
6
46
23
17
15
73
8
40
65
21
33
54
5
94
9
33
948
892
893
5
849
830
7
823
10
5
22
109
783
85
32
789
6
788
8
771
762
747
727
785
713
759
748
5
14
5
48
758
27
5
759
5
5
766
770
5
732
7
726
6
726
10
737
737
7
724
744
30
721
683
6
752
664
5
6
18
737
654
12
8
698
658
54
617
5
574
668
555
671
518
112
13
15
46
492
687
11
11
9
686
8
6
689
126
108
699
714
127
128
698
91
76
127
103
34
5
85
20
25
56
37
706
702
693
610
610
575
59
507
456
16
15
707
28
672
27
475
628
478
118
598
477
78
565
438
533
435
537
538
541
440
544
416
519
513
398
724
723
468
324
703
240
320
667
234
238
233
674
234
189
612
585
588
585
510
473
441
439
371
364
350
346
334
314
2698
318
2670
321
2677
2644
296
2610
2602
311
2586
2573
317
2571
2575
2547
2527
2522
2521
2502
2458
2430
2420
1143
1095
2397
2398
1099
2388
1083
2330
2312
1063
1044
1033
2307
2294
2247
2239
2235
2230
2234
2225
2219
2177
1086
2158
1078
986
2151
2149
985
2131
986
2105
2107
2082
2082
988
993
956
2041
923
2015
1991
1966
922
1972
1962
1951
919
1946
919
903
1940
896
1933
1921
871
1877
875
1879
868
1865
867
853
1854
1856
828
1852
1844
1835
1832
837
1805
822
796
800
765
1820
1827
773
1831
781
771
742
1852
700
1839
683
1843
1847
1842
1797
1801
1794
1781
1784
1784
1788
1737
1671
1641
1644
1648
1627
1626
1622
1623
1578
1580
1581
1549
1543
1502
1487
1461
1446
1434
1436
1401
1404
1390
1355
1341
1337
1308
1257
1252
1181
1172
1168
1170
1160
1146
1138
1132
1125
1075
1073
983
975
5
5
5
13
5
7
8
6
28
5
6
7
13
17
5
48
5
30
47
5
25
6
41
25
10
13
8
5
15
5
19
20
9
30
8
6
5
10
7
5
46
48
9
19
23
16
70
11
5
5
35
8
31
36
13
15
37
13
8
26
105
5
5
148
68
135
134
31
54
28
46
5
8
7
33
9
174
8
5
171
174
29
159
8
100
5
110
22
26
9
5
26
11
6
5
54
5
37
10
8
46
72
44
73
75
5
177
16
144
9
6
118
115
5
79
16
10
44
120
5
69
54
5
105
76
94
84
75
5
71
9
10
63
16
115
9
55
23
57
5
96
59
15
5
14
5
8
9
5
20
5
5
8
9
34
33
28
19
104
6
7
6
52
138
27
23
19
13
16
7
29
17
8
20
10
9
147
7
8
17
16
12
25
17
24
44
17
23
9
20
24
29
8
18
6
43
18
86
207
72
35
42
32
140
34
119
87
58
212
105
13
10
101
28
97
79
8
9
86
26
67
45
5
23
135
52
5
88
30
17
65
6
66
49
59
5
85
408
6
379
326
45
26
50
285
5
382
5
277
319
49
301
5
5
86
7
66
7
260
8
5
6
64
27
261
24
242
5
48
212
39
32
37
25
159
113
104
456
97
388
12
18
145
44
63
18
13
12
8
163
77
138
5
64
21
5
9
5
412
6
382
375
35
9
43
42
329
32
14
32
57
5
8
345
79
538
543
19
549
6
72
276
9
546
158
137
98
558
63
82
9
33
50
21
8
5
9
98
5
93
592
583
93
50
587
342
332
593
552
6
554
333
5
169
324
9
8
5
337
101
105
7
99
76
5
226
153
589
5
595
294
599
5
24
18
70
5
9
25
45
321
611
8
5
5
9
11
161
628
604
353
88
360
327
21
582
6
565
36
630
538
543
542
536
355
502
49
516
511
507
495
463
484
463
473
6
463
425
376
103
106
84
484
486
390
472
476
91
84
82
56
126
383
355
93
280
25
64
275
8
58
48
274
252
73
8
37
214
49
546
157
516
513
226
5
19
507
6
14
499
123
209
158
479
119
20
463
357
454
382
34
359
17
143
353
345
142
162
356
130
167
343
252
115
230
17
227
435
397
354
340
117
202
106
119
191
187
172
186
152
59
124
42
200
7
79
167
212
18
136
127
208
103
121
181
13
88
191
69
62
34
23
9
815
35
23
799
36
100
326
40
52
116
10
534
97
534
76
73
77
478
70
475
477
72
421
6
380
18
415
342
6
8
73
427
704
699
865
82
80
705
666
5
876
461
862
389
623
400
10
115
860
15
5
26
9
15
879
37
395
839
348
365
7
179
843
534
523
372
236
14
136
14
40
185
48
15
5
702
673
6
561
221
67
48
558
226
194
211
938
13
45
5
5
8
949
9
735
111
946
229
104
78
26
31
204
5
135
919
78
685
596
20
568
542
9
523
111
953
496
488
959
462
128
929
126
128
470
939
29
29
884
887
888
158
39
895
876
99
5
9
172
872
165
627
624
657
36
611
8
498
16
664
615
618
30
607
614
566
549
523
197
472
560
6
6
45
181
491
10
511
14
505
159
399
246
491
14
134
499
5
453
456
125
6
23
268
266
5
420
242
333
124
118
107
248
213
97
8
693
9
675
366
193
343
327
628
22
246
232
234
610
42
207
574
73
531
38
479
43
480
415
8
52
76
5
77
9
255
57
253
447
237
442
228
318
1171
425
245
185
1126
437
441
426
86
394
40
359
36
24
344
335
299
263
186
1181
110
245
238
78
146
247
238
61
1218
1209
1196
23
72
1203
56
46
45
242
40
46
1179
36
1184
231
1148
223
218
219
1148
1105
1069
208
165
32
169
1054
130
113
105
104
80
54
472
20
54
391
30
332
31
34
322
31
1103
311
1106
284
1085
285
156
136
163
161
1098
139
1011
139
988
103
989
970
974
923
913
916
475
916
901
467
467
864
459
457
451
401
814
405
819
816
337
286
826
821
775
769
739
735
724
692
688
676
669
625
894
631
823
633
614
599
842
599
844
594
826
596
822
433
418
377
619
596
595
596
557
554
555
537
525
516
1992
522
1428
475
1009
735
591
984
972
972
974
977
968
929
916
915
906
853
835
827
748
731
710
704
699
588
1632
1634
1634
1631
1622
1621
1610
1594
1581
1582
1572
1545
1538
1527
1525
1505
1505
1483
1477
1473
1472
1456
1446
1445
1445
1411
1405
1394
1398
1496
1382
1301
1384
1175
1073
1044
920
1404
1404
908
811
1389
1388
1351
1345
1340
1315
1316
1307
1311
1314
1308
1294
1294
1234
1228
1201
1196
1191
1191
1167
1163
1128
1084
1082
1014
1008
956
935
936
5
8
8
10
8
5
5
5
5
8
8
5
5
5
5
6
8
8
5
21
23
15
25
32
5
17
24
18
42
7
16
37
18
11
6
46
49
6
6
20
47
45
23
48
33
77
80
18
65
15
13
62
5
87
36
48
14
70
48
5
23
51
15
6
30
64
25
64
80
20
70
54
5
34
33
136
8
131
135
88
33
47
139
37
23
118
89
33
53
193
42
184
71
9
5
6
193
14
200
9
58
104
9
37
20
10
10
222
32
8
209
15
187
146
174
143
129
40
68
38
29
44
186
11
26
180
16
325
302
137
14
135
41
5
52
374
334
285
176
73
14
45
338
100
101
23
15
66
7
48
18
8
366
150
26
342
121
295
23
126
16
11
257
22
264
47
246
17
8
41
32
24
221
65
26
63
218
221
177
77
214
144
29
131
5
77
71
240
68
241
39
30
157
111
88
65
58
17
33
17
30
24
141
384
26
148
36
5
14
39
7
11
417
46
404
400
178
6
46
10
133
5
48
351
257
253
159
439
433
29
428
9
260
10
248
30
270
206
443
23
403
289
27
291
380
5
381
5
17
372
366
231
5
129
218
128
14
207
129
5
5
373
343
95
313
268
227
266
176
148
327
159
339
135
281
290
40
24
15
7
17
358
15
6
56
303
288
328
43
272
118
240
111
587
242
208
554
390
362
137
446
359
264
168
443
105
276
90
25
35
283
378
238
363
34
229
228
434
216
104
489
485
10
124
485
13
120
473
121
445
405
217
208
121
108
84
354
102
97
226
74
176
53
130
50
458
83
348
94
350
40
319
38
286
409
146
313
33
6
32
318
6
317
178
134
56
59
38
39
35
18
44
409
38
386
359
274
200
5
98
32
36
7
189
109
177
113
128
75
49
42
13
24
25
637
625
41
20
601
24
568
27
525
31
32
386
37
9
385
11
84
176
49
531
527
40
6
179
35
151
34
9
17
50
371
165
550
6
151
154
147
8
132
136
27
122
11
52
27
576
9
538
535
38
528
485
16
488
5
82
28
5
13
483
486
387
367
6
285
364
282
267
6
171
158
5
6
34
356
24
298
5
258
147
8
11
7
9
705
9
245
196
16
160
8
5
171
13
168
27
10
21
62
8
296
118
6
16
14
207
40
47
185
31
83
75
185
14
35
199
197
5
182
6
176
9
9
9
22
137
32
22
76
119
49
49
65
19
40
6
28
23
24
5
14
5
90
5
8
14
5
23
21
8
125
5
91
19
76
14
5
76
17
34
15
9
17
5
6
22
20
91
14
1782
14
1107
101
7
1109
5
1035
5
901
700
5
515
122
5
6
12
232
5
8
118
9
66
5
5
5
5
7
5
116
7
118
121
5
7
6
8
13
5
5
5
27
15
169
19
17
13
78
81
187
188
170
88
165
51
11
165
151
854
103
827
106
78
37
39
23
18
135
119
811
6
812
53
32
817
17
158
45
157
24
5
15
27
176
165
32
6
6
157
161
825
13
811
5
5
742
745
13
744
747
179
12
727
87
714
50
47
725
28
728
7
684
685
110
681
34
666
664
645
5
645
643
10
625
13
5
5
9
9
40
13
1425
1419
26
5
12
1368
17
38
1348
11
337
1313
198
1290
1271
6
177
1271
372
25
352
81
1287
36
37
1273
11
1206
386
101
1142
64
1135
763
19
221
770
385
979
370
982
6
35
29
349
52
336
15
19
7
21
259
721
714
1017
54
43
285
243
41
186
121
104
13
21
53
974
164
118
114
77
36
931
321
308
19
253
917
869
94
858
34
144
859
817
66
39
859
827
24
812
78
31
861
389
756
825
796
50
122
780
53
776
764
12
758
44
686
249
44
226
20
17
26
195
821
197
803
654
788
40
20
752
632
46
6
679
16
5
658
658
659
15
19
5
16
5
676
18
6
14
6
688
13
697
667
12
622
711
702
631
537
24
6
482
14
20
667
629
621
601
590
587
585
571
506
449
438
414
418
356
346
558
295
533
474
245
246
244
241
485
238
479
325
288
228
209
205
200
206
188
191
671
650
601
512
486
475
468
367
364
304
301
298
297
301
303
303
294
293
2493
2473
2474
2419
2374
2369
2359
2363
2337
2324
2320
2302
2292
775
2282
727
541
2155
516
495
450
2168
2170
2168
2166
2152
2127
2129
2121
2086
2090
2068
2067
2053
2056
2033
2010
2003
1973
1968
1942
1945
1936
1939
1921
1909
1899
1854
1855
1820
1796
1778
1755
1705
1688
1681
1673
1589
1564
1562
1553
1516
1470
1415
1416
1366
1289
1288
1278
1271
1274
1258
1236
1237
1175
1168
1152
1152
1126
1103
1058
1051
1020
978
973
936
918
922
925
918
893
894
862
839
831
811
7
12
8
5
5
5
6
5
17
48
16
13
17
5
31
6
13
47
9
6
27
6
33
35
5
15
14
53
7
56
50
9
17
40
17
30
11
83
19
40
22
34
143
15
5
18
158
135
24
121
15
13
32
24
54
15
102
57
12
39
28
160
7
159
131
87
72
45
70
35
24
150
60
27
36
16
16
6
5
24
18
149
150
9
108
12
119
154
24
34
5
32
53
156
89
13
146
143
38
66
58
16
38
118
117
16
54
39
40
23
42
17
147
123
6
7
98
50
15
8
57
26
9
112
98
45
13
12
9
169
9
28
121
126
5
131
110
25
13
136
117
64
70
21
62
39
27
23
334
9
59
5
24
338
14
16
6
5
29
42
12
40
7
17
41
5
6
33
389
13
380
42
35
5
37
100
5
102
42
81
5
399
5
6
9
13
408
12
30
406
398
35
5
5
8
17
410
34
8
5
26
43
5
431
5
48
7
24
6
52
5
431
7
16
69
42
37
30
19
21
6
7
36
18
38
34
26
28
24
7
8
5
17
494
7
7
484
547
388
506
509
483
5
11
462
40
411
13
9
389
48
484
6
12
461
325
244
57
11
235
32
16
220
176
27
8
500
24
5
7
5
47
43
19
169
145
45
16
14
12
27
11
566
136
135
122
582
79
79
79
578
8
542
57
15
17
60
29
56
15
46
5
38
5
114
109
10
67
545
69
530
40
5
19
5
529
488
453
452
434
60
13
422
19
416
17
420
57
383
44
47
107
46
45
403
38
395
369
54
44
5
36
21
384
362
21
365
87
68
41
371
365
31
36
121
21
100
25
133
52
9
141
570
129
569
127
8
28
32
526
114
15
513
61
488
56
62
53
61
23
10
15
5
502
492
415
5
85
5
420
27
405
399
27
9
15
23
16
22
54
361
5
6
5
6
71
46
5
32
356
309
5
37
292
41
41
94
26
6
304
592
71
6
51
499
5
12
315
22
490
290
378
197
32
66
40
24
42
42
24
34
86
18
91
29
40
38
38
47
47
352
5
58
58
17
49
10
69
66
372
37
6
382
40
384
9
224
43
16
7
17
8
5
10
259
205
188
5
181
184
170
5
140
77
73
882
996
995
867
776
7
5
442
430
103
16
741
114
735
317
116
11
122
674
9
370
368
5
355
305
554
308
152
114
120
293
261
31
243
13
130
213
181
10
181
231
121
105
19
568
169
125
81
1042
149
1039
145
37
1058
1043
1038
70
1034
41
5
29
14
24
6
158
11
162
18
9
151
126
87
14
13
196
241
216
633
153
216
44
207
121
110
13
546
169
508
129
120
100
93
73
1162
1155
9
1157
17
17
25
1123
1120
441
35
12
1134
1076
1078
5
1055
1049
1053
5
331
224
144
145
25
21
14
19
26
161
234
20
216
161
214
12
55
212
57
6
205
157
18
7
5
158
161
81
54
92
217
40
9
10
29
8
163
234
161
104
99
164
201
95
97
165
5
5
72
35
1231
1215
10
8
1208
1203
1191
26
1171
224
32
1089
227
220
35
156
15
153
149
5
57
48
7
1086
5
150
19
131
1077
127
1076
26
121
1058
27
30
1034
19
22
30
26
944
24
934
94
918
914
98
6
5
106
926
100
922
29
908
23
911
107
872
108
9
73
859
11
849
16
809
38
766
8
777
202
782
14
26
775
22
41
8
795
7
782
5
80
11
93
1130
63
65
10
12
68
1052
29
8
8
1052
7
1016
37
941
8
5
950
5
18
953
845
12
5
72
14
10
10
849
20
834
951
5
5
5
5
5
850
20
11
799
17
12
765
18
11
936
9
17
928
856
1086
1058
32
809
1058
803
799
1014
803
997
787
926
763
920
749
871
749
867
742
860
697
829
801
694
635
602
844
603
802
746
708
685
646
834
614
575
790
585
618
788
745
740
739
736
708
690
674
621
650
638
616
622
572
614
658
573
624
612
616
615
589
586
572
682
508
684
472
474
661
425
390
368
356
347
337
702
704
683
525
513
410
397
395
391
817
808
784
770
735
720
723
716
683
666
575
560
3183
3123
3090
3061
2937
2897
2895
2880
2879
2861
2845
2841
2781
2774
2759
2616
2619
2552
2511
2401
2382
2265
2159
2084
2069
1988
1991
1994
1950
1938
1861
1836
1767
1740
1708
1573
1478
1419
1031
1017
970
5127
5079
5060
5060
5028
5013
4980
4951
4945
4940
4714
4660
4657
4616
4612
4615
4591
4586
4573
4566
4563
4562
4532
4520
4383
4376
4363
4366
4310
4295
4252
4167
4164
4155
4135
3958
3924
3892
3884
3878
3760
3757
3728
3684
3630
3604
3589
3570
3570
3485
3466
3423
3344
3339
3329
3304
3289
3270
3257
3231
3153
3115
3053
3056
3058
3061
3061
3064
3034
3032
2976
2925
2901
2829
2778
2666
2640
5
9
5
8
5
5
5
17
18
5
6
28
5
18
13
6
17
8
44
27
38
6
36
22
24
14
61
16
5
31
23
47
5
29
46
5
34
27
5
66
10
5
5
38
31
31
20
59
5
36
5
37
5
42
5
81
55
31
12
57
71
17
9
88
17
5
18
19
15
116
79
90
5
6
59
138
61
110
52
7
54
25
56
37
12
40
9
64
6
78
22
68
5
63
5
6
34
77
46
29
41
18
13
6
28
12
12
76
184
83
170
67
17
67
31
19
5
163
19
5
148
55
5
118
96
215
72
143
135
56
32
104
38
37
19
99
42
41
5
5
104
75
75
46
5
126
14
9
7
84
64
27
7
71
24
57
22
9
6
314
34
78
5
142
11
19
8
6
6
10
5
38
51
76
155
138
110
107
93
23
8
254
95
13
248
356
238
71
236
206
102
15
104
6
16
16
5
219
5
10
178
128
107
276
27
123
102
160
122
238
14
169
114
138
154
120
5
161
107
32
239
78
14
247
42
6
14
98
20
38
83
23
112
115
45
23
227
5
119
208
301
5
52
226
204
255
203
207
493
145
36
177
151
131
14
120
91
177
48
94
5
84
84
18
42
35
158
18
12
129
125
171
23
5
8
38
5
44
5
62
60
59
5
5
62
66
85
22
68
41
6
54
5
17
19
17
5
22
8
18
5
5
7
5
5
298
301
236
303
203
5
5
186
9
190
132
135
305
9
126
85
50
85
21
8
5
14
5
331
46
5
5
10
43
333
65
33
8
5
23
16
6
359
356
5
349
6
11
5
624
612
40
13
53
17
40
27
18
65
9
47
9
5
395
397
16
5
9
5
11
422
415
657
114
5
11
12
28
8
610
34
565
514
5
516
463
516
511
469
75
194
12
13
481
92
520
521
120
76
530
5
209
519
502
99
185
432
96
149
465
120
59
96
25
19
95
90
459
101
57
24
205
27
77
33
5
16
482
13
292
487
365
354
295
533
5
373
367
542
7
338
7
322
546
210
203
6
209
546
161
161
525
251
5
152
194
9
113
104
75
106
48
13
100
7
555
67
85
63
542
11
14
440
88
17
171
63
83
163
12
118
108
284
191
19
23
183
113
169
137
111
9
141
116
90
132
648
115
100
59
658
658
24
5
631
49
6
9
32
7
20
182
62
18
159
162
183
20
5
118
681
5
685
5
127
104
97
76
74
63
34
25
11
27
17
15
722
129
8
710
713
119
13
5
135
6
113
60
30
64
9
64
7
375
16
361
357
311
290
6
121
11
16
5
36
5
17
128
158
130
6
49
417
410
35
411
27
23
13
25
9
179
144
103
16
10
90
21
5
14
7
11
82
6
86
73
27
36
14
15
27
49
8
51
36
584
40
48
88
16
5
548
5
32
22
501
46
528
46
29
522
29
266
21
232
54
126
6
123
7
10
21
9
7
119
74
53
61
61
62
23
28
32
23
12
5
579
5
30
574
65
5
44
18
21
9
597
84
576
10
588
15
5
576
23
45
48
13
30
43
11
7
5
9
9
17
11
22
17
25
105
625
5
629
5
628
9
620
5
579
24
570
13
25
577
561
5
6
566
553
554
5
555
5
558
5
18
564
37
40
556
36
5
8
575
575
6
589
1470
9
8
27
599
1421
1408
1381
31
21
6
32
102
23
14
15
90
1388
86
73
63
99
8
1401
78
54
1415
23
6
122
1402
1397
108
32
860
5
69
818
5
1414
16
31
79
748
13
22
14
13
7
1438
1405
1312
5
6
1306
1275
5
5
1262
1256
109
104
86
1250
1168
49
1171
5
1158
16
1119
1101
1083
1044
30
1465
7
884
1057
13
39
862
50
38
42
1074
11
42
5
893
874
1518
1487
49
884
873
866
5
832
1109
821
824
995
819
820
966
334
60
761
317
729
168
98
91
83
62
98
690
693
674
665
648
1588
85
1597
136
1596
1579
1568
1567
117
1540
1529
165
1439
1415
1370
1303
1271
191
1263
171
1242
993
1041
970
950
1030
1025
202
702
1003
562
752
525
364
700
638
1014
653
654
1029
622
1342
1345
1342
1288
1289
1292
1287
1282
1187
1139
1142
671
1121
674
674
569
566
1112
560
1110
560
1099
1103
702
631
1102
503
505
507
642
644
642
498
573
551
1073
489
488
492
1059
485
1059
1065
1068
1071
1034
507
504
1017
1013
990
964
963
941
920
923
905
884
866
851
812
784
775
750
754
690
680
665
639
626
1381
1326
1312
1285
1223
1213
1210
1185
1177
1167
1136
1071
1024
972
967
959
963
960
941
943
931
894
886
871
870
866
844
841
843
826
817
816
4234
4213
3642
3569
3508
3005
2843
2682
2583
2407
2399
2383
2262
2260
2220
2068
2022
5
9
7
5
5
15
23
7
29
33
5
7
6
38
39
47
27
19
11
20
14
47
5
5
14
60
54
78
37
8
36
32
29
10
12
27
18
9
24
12
21
5
85
6
5
11
12
14
157
12
26
86
72
17
9
11
24
5
54
93
20
22
17
5
44
7
243
5
21
5
5
6
34
20
238
216
5
215
10
5
11
5
8
211
9
20
5
41
5
24
62
5
228
41
42
5
5
21
10
6
33
227
7
165
94
9
9
12
78
5
53
32
9
22
36
7
83
382
360
338
83
332
24
122
28
343
117
56
5
10
21
11
156
30
19
102
69
46
24
359
147
45
5
9
16
9
20
21
385
5
11
5
6
240
45
173
378
34
380
30
339
320
283
41
20
271
41
101
277
234
274
26
51
214
53
25
6
5
6
9
303
5
244
126
243
70
189
205
183
27
193
27
5
724
206
21
448
29
67
17
10
33
395
298
5
7
15
194
179
297
268
78
176
43
35
262
40
88
231
279
66
12
54
288
45
5
119
275
77
85
225
89
194
69
13
168
90
86
45
252
210
98
71
21
155
65
36
147
133
310
130
286
97
159
258
98
66
254
175
13
244
22
213
275
273
154
97
262
86
166
160
124
32
164
8
169
169
160
139
132
102
147
107
67
147
137
51
25
139
121
149
154
99
37
26
155
29
155
180
183
148
5
113
76
70
181
64
183
53
125
27
25
110
16
21
25
40
150
141
9
112
37
135
40
136
126
5
71
95
86
32
355
5
271
264
11
6
56
9
280
41
278
131
11
111
15
250
482
421
15
99
290
25
398
110
748
280
29
234
24
28
222
226
79
62
64
663
604
115
9
104
47
69
615
52
41
47
38
163
738
61
29
34
31
90
145
760
14
634
105
92
592
100
557
6
69
71
69
94
87
129
108
84
14
656
656
34
90
90
72
61
642
501
67
167
9
694
73
70
62
165
182
231
231
380
697
375
171
473
116
169
44
228
374
100
221
150
5
224
149
149
61
17
26
237
393
169
398
16
360
19
409
189
392
125
119
95
56
91
54
418
164
138
164
423
432
54
381
351
42
344
23
5
293
262
199
100
153
273
113
85
73
138
123
278
9
58
242
249
158
148
155
39
152
484
61
28
298
167
5
24
44
44
194
91
5
5
38
5
85
102
453
78
10
70
8
55
47
39
34
49
7
23
1049
1007
5
5
965
896
410
893
414
35
11
854
424
765
394
441
30
324
11
13
9
5
321
312
301
30
81
299
53
7
299
295
5
367
243
375
247
369
208
34
26
171
114
377
20
12
383
368
107
311
11
5
304
9
13
116
97
5
322
7
278
89
239
80
71
53
15
76
75
64
29
36
5
40
34
286
42
283
290
214
32
6
16
6
20
6
299
1027
264
36
6
242
40
5
11
175
14
5
14
5
32
6
1090
11
1088
5
1090
5
1083
185
8
5
5
1067
7
1056
175
5
162
132
19
5
5
108
94
308
129
21
52
120
6
311
1121
9
16
8
36
15
40
1136
16
15
1092
9
320
272
88
1000
98
11
984
5
942
941
98
101
102
962
14
966
125
10
129
5
61
68
17
996
94
923
6
10
18
928
5
915
906
903
49
897
881
127
117
14
854
851
836
94
28
5
8
230
79
83
5
428
409
867
416
875
328
877
320
306
835
823
38
788
5
297
8
20
245
9
209
5
186
13
178
749
738
741
163
718
717
163
715
52
97
99
724
164
326
81
83
90
110
67
714
16
704
48
690
46
21
13
66
52
94
75
80
75
718
76
45
30
8
11
72
25
70
105
26
641
6
639
66
5
13
47
21
46
30
18
6
33
22
108
42
22
76
21
297
27
687
282
662
607
41
10
549
530
552
522
76
52
32
52
50
497
584
5
6
567
568
464
553
458
514
504
431
506
67
352
327
44
315
300
241
86
218
67
80
218
198
519
516
198
420
402
406
373
348
180
346
152
138
354
156
350
339
346
327
316
162
277
161
276
265
1955
1907
1892
1851
1825
1829
1826
1818
1808
1798
1774
1775
1762
1735
1717
1708
1698
1653
1652
1647
1620
1618
1619
1536
1525
1514
1450
1452
1422
1378
1374
1362
1351
1335
1333
1327
1314
1224
1197
1201
1199
1196
1173
1150
1119
1107
1087
1074
1056
1018
1019
1023
1025
1002
965
965
948
941
858
820
824
696
697
653
645
639
635
578
1205
1192
1181
1148
1036
934
937
848
814
786
754
2986
2928
2914
2780
2761
2707
2705
2629
2607
2562
2497
2461
2451
2408
2373
2357
2306
2291
2289
2293
2286
2239
2185
2168
2152
2135
2102
2073
2002
1890
1758
1758
1639
1641
1619
1573
1546
1537
1531
1493
1474
1472
1470
1297
1286
1277
1026
1029
1033
7
5
18
19
6
11
25
8
5
39
7
43
39
20
49
11
24
5
6
25
19
26
22
12
5
49
45
30
57
71
72
22
25
75
7
51
10
84
36
17
70
29
38
125
31
13
5
7
8
138
36
130
8
13
6
55
5
20
21
15
6
28
6
32
6
6
7
10
5
5
5
11
6
15
16
5
19
44
8
45
6
14
58
14
15
46
251
8
27
239
193
59
6
177
33
36
25
43
25
43
23
40
116
41
5
227
33
230
14
11
212
13
109
15
104
219
84
78
5
89
93
88
5
16
73
7
110
79
74
5
96
23
91
28
6
142
18
14
5
77
80
30
58
117
25
6
21
139
37
9
146
157
81
136
112
112
58
145
69
55
73
124
69
104
40
51
19
105
6
99
10
66
86
87
232
11
223
111
78
10
47
18
186
240
6
117
24
25
166
23
258
5
50
36
66
49
79
20
19
41
542
302
79
283
73
7
5
5
81
5
293
266
529
11
253
506
245
219
218
456
419
230
233
237
37
70
439
31
139
47
46
44
104
103
14
273
11
273
5
117
244
242
239
74
236
117
232
169
46
170
108
89
134
38
98
5
61
28
198
5
189
190
125
45
183
5
14
48
21
84
34
18
20
19
18
7
155
157
38
112
399
8
10
392
13
12
122
137
6
124
281
29
241
27
30
230
210
6
201
438
421
169
157
5
127
10
390
29
491
199
400
191
712
622
388
68
5
56
13
17
12
40
403
29
39
174
674
335
148
17
54
682
55
17
19
363
340
302
5
281
39
278
14
253
5
226
728
709
194
8
204
6
182
669
19
24
660
24
661
17
635
169
12
618
168
10
12
9
8
6
11
201
48
200
639
636
8
5
585
304
51
299
270
213
216
178
52
180
52
40
26
8
151
94
96
11
19
11
19
5
24
10
5
6
9
6
7
5
7
355
5
357
239
5
210
192
5
192
142
55
7
10
7
670
9
674
6
5
17
5
10
682
685
118
647
102
33
633
9
8
9
5
5
13
111
42
105
9
29
690
5
5
27
629
9
608
18
558
15
14
497
469
469
437
38
428
66
11
50
45
27
48
28
34
23
10
438
423
672
6
498
6
395
432
29
411
402
20
400
395
427
387
391
19
387
5
18
26
34
405
347
425
38
18
421
186
361
86
17
12
46
97
6
73
453
76
452
44
5
401
5
6
219
402
7
8
178
412
29
403
377
431
420
324
370
11
375
323
304
34
57
8
216
260
184
252
150
248
115
7
77
71
67
5
52
112
277
72
45
62
45
42
403
26
393
384
309
63
342
66
27
70
19
6
43
46
31
5
5
364
56
346
328
20
10
383
193
192
341
307
306
5
299
67
9
17
281
63
5
66
193
9
5
93
76
32
73
308
45
310
35
33
13
49
19
43
48
333
327
5
39
8
34
6
48
51
45
19
327
244
18
43
6
31
6
30
18
253
233
16
237
85
7
199
23
196
24
16
20
21
21
21
10
9
6
5
7
12
199
22
12
15
204
14
8
101
126
81
48
5
125
115
5
104
23
5
83
5
95
5
96
81
8
8
5
87
73
83
15
226
161
133
80
91
8
48
51
5
40
55
22
23
122
8
7
41
7
126
68
5
66
51
6
5
5
29
5
9
107
111
69
5
18
5
326
35
34
20
37
35
11
261
16
8
12
6
6
15
18
16
10
106
26
16
14
43
88
90
5
104
14
24
58
93
48
24
61
21
61
5
1947
20
1934
34
19
1941
32
1917
1906
57
24
1904
1824
5
14
413
16
357
11
1774
1775
272
6
9
1703
49
17
1683
5
1681
5
168
5
5
86
176
174
41
177
18
96
64
67
104
95
69
53
106
76
83
71
65
91
65
64
104
86
381
74
65
347
80
186
69
71
113
1811
1773
1754
1748
1728
1724
1704
1676
1626
1598
1514
1475
2651
1405
1399
1365
1366
1360
787
1360
725
230
1305
1264
1220
1215
1210
1211
1197
1148
1105
1098
1068
1029
997
987
988
988
985
934
858
819
788
763
760
762
720
691
691
667
653
641
608
596
583
583
542
509
496
490
487
471
461
454
3435
3439
3433
3397
3363
3363
3340
3341
3333
3325
3324
3325
3327
3305
3308
3260
3246
3231
3231
3184
3179
3174
3083
3086
3072
3069
3052
3038
3012
2950
2932
2925
2838
2819
2812
2800
2758
2688
2686
2678
2675
2661
2665
2644
2630
2624
2501
2466
2449
2441
2443
2432
2422
2424
2420
2408
2408
2388
2382
2383
2321
2303
2280
2214
2193
2118
2111
2107
2056
2045
2036
2029
1954
1951
1901
1905
1875
1870
1868
1869
1837
1832
1830
1785
1694
1697
1694
1682
1686
1646
1600
1558
1514
1508
1502
1449
1433
1426
1394
1371
1370
1317
1277
1278
1249
1245
1207
1206
1193
1178
5
5
7
5
27
5
32
24
24
5
20
8
14
29
42
5
6
5
75
5
28
44
5
5
13
17
56
16
50
45
7
71
5
74
15
51
70
53
23
76
34
34
33
133
44
77
74
27
50
28
5
14
31
51
44
51
17
13
17
72
45
10
5
8
43
6
221
32
11
8
13
5
12
5
6
17
232
11
5
32
18
11
18
161
21
19
121
18
42
5
96
71
38
80
15
68
71
5
59
8
56
5
55
52
19
389
5
5
8
7
372
9
371
282
277
24
333
7
329
21
297
261
34
55
239
185
40
189
48
189
46
48
343
27
21
55
347
52
41
336
76
6
32
331
61
312
291
95
94
75
5
26
30
84
91
27
90
335
23
28
206
206
315
92
92
32
5
262
5
235
14
265
5
252
253
243
204
78
121
12
8
105
28
275
101
23
98
84
14
51
45
252
35
192
196
34
189
134
51
333
89
180
288
15
18
287
486
192
289
443
193
451
454
424
426
35
210
433
318
5
255
134
97
86
30
30
11
408
42
161
95
88
264
19
239
14
307
46
169
169
163
134
40
66
466
524
145
519
138
64
110
49
255
534
503
434
234
9
190
118
101
125
14
103
30
102
61
55
30
68
572
542
350
5
530
352
364
355
358
343
339
305
332
71
76
226
19
19
231
8
229
542
546
330
53
24
5
331
559
94
536
506
5
499
9
235
219
209
75
207
487
99
31
23
6
404
396
6
51
5
46
6
5
97
67
314
313
5
11
11
24
248
178
88
5
5
30
5
71
321
5
9
6
7
30
12
12
5
314
40
309
21
17
106
47
28
108
22
653
633
5
606
49
587
553
28
541
8
541
5
5
9
5
6
5
362
566
363
343
52
16
31
36
581
570
574
5
517
514
35
510
511
8
5
6
492
82
6
500
24
14
37
23
495
455
451
9
449
17
445
5
37
447
24
464
416
14
445
420
360
358
5
86
348
450
78
453
6
58
355
62
66
20
316
291
269
85
76
495
5
45
95
98
96
90
22
8
94
42
22
8
9
128
82
547
70
340
17
533
505
5
487
6
355
352
340
339
120
322
281
344
260
86
68
243
347
346
253
347
347
52
106
98
78
52
375
9
376
368
50
353
350
322
308
311
95
63
64
304
304
332
241
299
115
81
113
111
248
88
359
92
362
305
279
20
270
23
243
224
16
190
162
436
116
405
141
395
415
88
407
14
27
8
5
411
379
104
363
50
13
6
203
314
149
316
261
70
11
5
155
8
165
49
28
485
478
28
43
269
269
267
29
317
316
262
262
77
258
292
23
192
138
99
46
277
93
242
232
230
196
29
5
5
560
8
44
5
541
517
508
251
643
5
600
573
459
268
270
338
329
274
323
252
18
11
346
11
272
258
312
281
34
268
273
268
318
223
300
280
171
114
109
15
296
95
274
95
8
69
219
38
340
5
21
279
220
60
277
155
140
16
253
76
833
15
5
94
96
243
68
67
42
25
253
271
856
266
262
35
221
138
204
45
133
101
29
14
43
131
131
841
5
53
14
64
16
37
5
51
58
46
58
809
752
46
590
580
321
19
37
311
584
8
52
322
546
726
48
724
560
5
556
537
356
454
388
569
8
466
375
58
469
459
274
425
423
282
15
29
408
9
398
11
367
386
45
346
362
328
349
234
319
326
281
167
9
160
49
341
131
116
82
5
315
67
2048
279
35
238
317
315
17
228
281
230
13
284
272
2078
172
222
87
73
76
31
195
41
34
2034
5
1841
24
19
49
1832
176
201
85
1818
1758
1702
51
1650
1601
1567
1530
91
1496
1496
588
563
463
433
1508
1409
405
1411
197
197
1360
1351
1350
424
1349
406
1259
1218
376
1140
1107
1096
365
1081
341
948
331
945
203
212
892
863
860
828
792
796
787
790
675
678
543
544
466
431
419
404
715
406
679
373
673
371
664
365
627
494
365
475
409
411
396
1387
899
704
852
830
798
782
740
598
589
592
568
1828
1709
1606
1583
1536
1535
1536
1497
1493
1487
1437
1422
1348
1337
1339
1333
1307
1301
1292
1287
1268
1247
1191
1185
1142
1114
1101
1102
1099
1092
1091
1081
1003
989
955
950
954
926
924
886
890
889
889
873
835
3810
3789
3698
3681
3667
3661
3618
3587
3543
3491
3472
3475
3455
3428
3416
3360
3326
3327
3328
3325
3317
3194
3105
3077
2978
2942
2853
2824
2824
2814
2817
2808
2792
2796
2708
2708
2675
2663
2653
2639
2605
2585
2577
2576
2564
2560
2546
2519
2504
2441
2428
2411
2415
2346
2318
2321
2282
2278
2277
2248
2188
2128
2111
2114
2118
2120
2051
2019
1935
1924
1856
1846
1804
1801
1771
1771
1752
1715
1673
1669
1664
1655
1608
1589
1587
1578
1536
1526
1501
1492
1470
1433
1436
5
8
5
5
8
8
22
6
6
6
5
5
62
16
60
25
7
12
7
69
69
80
5
7
56
85
11
33
58
8
38
90
40
6
71
19
7
5
72
5
12
49
10
58
54
51
44
47
28
9
47
51
20
11
55
31
110
81
72
70
54
17
92
81
71
49
8
18
17
100
67
17
18
29
38
13
55
17
35
16
43
85
77
7
7
31
5
5
10
5
83
6
20
18
5
6
15
67
16
122
5
87
19
14
226
184
85
34
148
97
16
88
22
84
236
30
34
224
23
187
99
171
160
193
127
194
156
5
112
165
116
142
26
128
11
9
147
22
59
97
5
5
16
5
8
9
19
66
108
12
27
197
197
87
187
6
168
191
112
5
144
11
137
105
146
46
141
31
9
33
12
36
37
5
38
53
14
93
7
5
10
71
107
18
200
175
95
88
122
43
147
97
146
88
49
81
5
7
9
95
52
33
143
567
60
94
7
84
11
69
37
567
25
22
5
484
478
65
31
341
313
17
251
251
223
55
34
40
198
74
16
200
193
190
66
168
82
172
144
56
133
47
116
111
15
113
115
37
12
5
19
8
5
69
92
94
8
62
62
63
14
17
24
33
5
32
470
433
323
42
350
227
9
13
341
17
23
25
42
86
5
482
474
42
31
473
49
40
12
12
13
16
18
36
8
22
29
39
13
39
49
8
47
22
40
5
27
30
5
35
5
72
103
138
81
216
25
223
53
37
5
197
137
29
154
31
117
19
88
8
5
12
95
134
42
99
54
81
72
5
29
48
13
9
79
7
9
65
14
58
17
34
48
14
5
32
8
8
724
5
19
8
53
9
6
30
5
8
752
748
9
8
16
8
764
23
6
777
14
22
11
776
17
9
50
26
788
5
46
7
774
16
769
11
749
692
46
16
48
9
81
64
709
87
11
20
30
73
39
76
5
42
6
9
57
130
716
21
53
15
5
717
16
713
670
150
133
83
675
88
675
5
6
7
5
147
102
128
14
44
83
6
668
78
460
79
5
340
78
65
300
62
24
286
7
299
87
286
80
38
50
31
5
305
28
36
319
37
32
7
9
9
6
5
6
317
5
37
290
261
5
210
824
676
36
36
29
35
226
25
230
5
189
111
107
10
7
104
79
59
25
30
25
34
32
18
18
9
24
11
5
78
78
78
29
5
38
33
37
41
27
6
5
59
16
12
5
5
6
1215
1083
7
1037
7
1017
9
5
8
6
5
7
5
33
1039
5
1020
5
5
11
21
1009
27
991
9
75
15
5
13
9
973
39
8
48
39
5
16
65
984
54
944
37
5
25
6
37
23
38
48
5
968
12
33
30
9
13
954
889
113
11
123
15
5
12
12
55
16
55
5
87
78
116
22
5
84
10
92
71
64
81
51
56
152
128
8
111
106
5
12
72
994
6
76
78
103
904
114
71
72
48
15
24
80
26
5
29
12
142
75
54
30
28
5
38
9
42
26
5
22
856
10
18
17
19
6
9
12
10
39
46
60
14
16
65
20
61
34
38
8
13
37
918
904
5
1004
938
24
5
930
946
9
881
948
841
899
777
885
80
79
724
6
24
727
894
670
887
95
888
62
664
596
5
37
594
595
130
586
48
30
552
8
6
525
519
92
166
151
92
5
45
143
24
973
9
53
5
50
43
485
43
49
22
47
44
59
8
30
9
32
6
23
38
86
9
34
59
16
512
516
13
508
5
157
493
489
488
476
479
22
6
1134
467
22
22
30
8
39
12
19
1145
1139
329
1113
329
307
5
313
260
21
249
24
74
256
227
20
28
6
8
11
23
1181
83
9
41
1185
1144
5
1080
1077
26
14
271
1084
5
5
13
1097
1091
5
90
1061
1052
1058
317
1062
303
101
1051
1012
294
219
199
176
1030
92
82
1030
83
1008
79
1004
954
944
916
919
878
878
873
855
855
837
165
782
777
162
765
147
689
678
569
481
459
437
439
424
418
379
778
315
295
227
789
219
783
684
667
615
617
590
469
447
379
354
717
714
705
689
677
644
525
513
489
416
413
339
2714
2708
2696
2699
2665
2641
2620
2621
2625
2627
2624
2585
2541
2540
2529
2471
2455
2454
2417
2415
2419
2398
2379
2379
2355
2349
2351
2351
2354
2297
2273
2276
2273
2255
2243
2227
2220
2169
2163
2150
2139
2096
2099
2087
2089
2037
2035
2039
2033
2014
2003
2006
1900
1901
1905
1909
1898
1838
1837
1833
1820
1818
1817
1814
1795
1795
1747
1727
1690
1692
1694
1668
1661
1647
1610
1586
1583
1573
1568
1568
1545
1544
1460
1455
1441
1422
1409
1409
1366
1338
1337
1338
1331
1301
1280
1284
1280
1270
1231
1226
1230
1195
1175
1174
1142
1138
1135
1134
1135
1087
1081
1049
1047
992
951
938
7
12
18
16
25
5
21
7
9
8
27
10
9
5
6
17
9
14
6
56
78
5
8
11
11
8
9
5
97
71
10
66
12
12
80
5
6
11
16
42
15
56
101
114
79
22
49
32
72
67
37
51
87
5
57
83
28
27
27
63
50
20
13
5
84
8
82
79
6
70
35
93
12
60
133
130
7
131
128
5
16
5
5
32
32
9
35
9
31
5
42
6
27
39
30
9
192
38
151
24
157
96
94
5
17
7
52
50
5
9
7
10
8
30
20
12
168
28
133
293
261
9
255
237
5
5
32
242
232
116
14
33
34
143
5
256
5
151
245
216
158
36
125
38
5
74
109
5
9
112
247
282
105
242
282
19
49
254
291
123
98
285
238
236
234
102
66
6
183
114
196
117
24
189
89
85
134
84
255
42
178
111
29
162
158
105
49
5
93
168
287
129
141
92
103
81
394
282
53
24
83
311
6
6
174
133
5
47
13
275
117
173
12
124
16
115
19
137
120
5
248
120
109
295
107
119
257
101
83
228
86
216
219
6
134
225
86
146
132
86
90
33
30
134
25
9
173
6
5
90
7
19
358
284
338
18
19
190
176
178
133
126
273
127
43
35
120
125
6
117
120
115
34
110
119
314
98
16
348
337
15
225
307
273
43
258
9
25
117
75
46
187
30
154
189
56
51
14
55
63
395
47
7
26
27
179
140
5
127
422
43
413
15
140
113
411
116
379
71
281
25
134
9
29
15
121
15
6
16
22
12
5
130
104
100
341
335
10
295
518
500
841
657
598
513
120
39
296
295
107
493
6
97
466
93
437
70
45
81
321
22
276
19
598
582
547
6
522
502
11
301
485
297
119
48
230
71
99
98
12
5
103
16
100
245
40
33
230
232
6
493
483
5
456
217
5
24
164
457
45
141
374
5
1107
347
1075
114
83
7
36
7
15
7
14
54
11
1105
5
1034
975
390
389
978
338
320
464
794
428
793
8
39
765
5
237
721
218
469
224
339
326
434
232
256
231
207
448
5
401
93
9
15
5
818
10
813
242
303
145
27
112
234
244
554
9
195
170
566
8
76
153
58
262
269
584
46
269
166
174
46
65
191
9
32
501
175
425
178
424
20
88
184
147
24
176
180
420
177
103
21
12
94
52
196
5
163
193
89
195
123
460
340
293
267
78
217
27
36
8
222
326
201
6
108
8
97
775
100
23
79
749
51
7
1098
743
7
382
30
5
8
108
11
5
48
40
1139
22
138
1112
141
780
778
116
107
149
1153
80
775
6
86
1154
13
88
84
31
5
53
42
11
5
1185
515
8
48
11
13
220
50
201
1198
992
5
815
6
810
65
529
20
10
1203
747
494
1196
11
40
40
883
37
575
872
830
646
14
544
359
631
12
256
95
236
92
1256
5
1255
1245
108
1174
88
236
228
90
1088
57
881
29
801
74
752
715
1206
700
1207
158
437
40
6
164
34
159
40
437
139
414
34
285
103
35
149
35
81
28
120
19
31
46
34
80
9
779
731
41
782
752
532
5
63
758
737
705
786
76
1371
775
500
491
455
30
716
693
28
661
650
478
356
26
109
956
16
117
665
99
608
612
5
133
838
141
88
833
787
111
129
126
95
58
787
71
766
35
1029
695
988
1501
983
90
80
1506
665
38
644
996
1482
437
963
967
354
359
28
967
359
30
649
362
340
1521
24
667
657
712
35
1533
661
629
734
736
38
1554
41
744
310
740
279
6
71
1556
17
51
30
1554
14
33
773
756
716
720
1568
697
684
703
339
1591
275
157
1551
1517
100
1375
671
612
124
1367
553
110
1326
555
115
464
115
408
1316
108
200
27
424
184
6
1339
1229
1342
132
1227
1346
5
5
464
614
444
1227
341
393
330
313
1194
255
150
47
31
149
148
413
1200
107
189
48
1431
112
1410
1163
1160
100
407
1162
1143
396
247
114
200
1443
373
334
100
309
285
287
1427
1164
1163
300
215
1150
688
1441
184
162
699
1389
1172
607
1401
593
1189
1089
385
1046
1046
389
376
536
1013
993
378
1445
1002
995
449
402
355
349
930
933
892
865
827
421
422
820
378
832
382
819
781
732
382
729
1530
375
723
1397
1391
708
1345
394
1320
394
692
1159
1154
1124
1127
667
1097
1086
400
979
968
947
681
904
649
617
871
610
805
716
606
707
607
617
616
721
593
653
597
625
582
594
560
545
542
603
505
596
595
506
564
506
550
553
522
1587
1530
1439
1507
1431
1407
1504
1398
1473
1472
1403
1371
1443
1438
1349
1435
1438
1330
1409
1315
1293
1344
1290
1228
1282
1288
1262
1205
1188
1188
1102
1038
1041
1029
1009
994
1288
1252
1236
1198
1186
1152
1137
1126
1104
1108
1103
1098
1087
1080
1082
1073
5
9
5
5
5
5
6
14
30
5
15
31
30
47
5
53
35
61
44
50
48
22
6
9
5
91
53
10
11
9
105
5
22
19
10
8
94
61
25
8
13
33
36
109
157
36
11
22
13
21
6
5
28
191
16
93
5
16
65
184
139
99
26
10
117
139
32
45
99
9
145
123
15
57
143
101
38
31
125
147
25
80
136
9
8
39
6
101
8
106
67
16
167
58
116
27
15
5
164
130
158
38
5
141
92
79
221
83
128
71
9
73
126
128
84
209
39
73
70
24
7
214
32
186
9
52
23
5
5
18
159
63
135
166
38
5
133
8
5
5
61
9
125
12
21
122
22
25
25
5
30
27
15
5
33
57
40
38
7
36
80
6
54
170
22
121
41
85
126
16
96
11
13
19
106
99
97
36
70
63
26
12
19
28
6
13
31
50
25
148
6
6
13
5
81
8
32
6
175
70
27
176
57
26
51
16
60
40
166
70
6
10
23
68
47
31
39
40
85
169
113
154
89
63
83
83
26
5
29
5
136
34
19
34
12
26
42
22
23
32
32
179
538
25
541
531
284
516
520
45
502
73
467
31
71
75
5
5
78
73
70
82
54
32
20
504
14
41
78
34
100
74
518
45
24
101
24
140
108
14
12
15
95
17
117
538
115
68
13
45
90
547
536
15
103
542
87
55
31
5
524
525
81
509
110
52
5
50
127
24
26
23
136
5
38
111
96
21
22
55
24
48
100
74
75
74
5
17
68
82
376
25
33
12
305
37
102
38
43
115
88
40
671
659
42
65
561
40
72
79
20
129
39
592
92
143
93
132
96
66
5
55
42
16
14
16
8
167
64
164
164
145
246
14
137
111
598
41
21
56
11
9
601
325
180
11
610
608
27
11
272
8
222
540
155
143
67
528
6
242
517
22
211
125
28
522
72
66
50
67
54
540
30
143
86
24
557
558
9
563
5
529
511
71
418
142
145
122
20
80
429
424
5
8
428
22
416
81
359
9
319
268
61
257
261
5
30
17
211
274
182
24
20
14
5
798
21
6
502
320
199
168
284
121
9
122
282
123
256
90
125
87
236
5
95
612
10
97
91
65
65
77
54
263
64
26
5
131
13
139
110
61
133
18
125
119
571
87
117
83
5
1144
571
8
74
399
31
1124
41
1061
415
88
241
129
16
958
176
96
959
922
82
36
75
12
73
43
130
331
6
112
110
108
60
8
101
83
142
5
195
49
83
15
87
27
18
17
69
20
36
109
50
111
74
5
104
8
80
166
30
59
55
175
169
112
27
19
95
29
81
1073
992
42
76
71
7
9
66
126
7
129
5
370
14
141
214
137
6
122
129
24
34
12
19
53
1004
1004
988
139
977
169
11
107
135
93
121
101
5
16
62
11
6
79
80
124
60
56
129
53
63
66
1030
50
27
31
129
54
105
44
91
110
5
46
10
278
9
5
1060
260
8
1056
1027
34
22
984
928
47
35
296
40
239
5
226
124
965
85
942
86
68
89
76
8
116
6
123
77
102
7
53
26
15
25
86
5
13
33
34
987
9
970
938
138
12
830
65
44
831
6
814
5
8
811
765
751
142
91
79
5
34
6
92
93
5
92
714
27
669
53
605
6
115
586
523
426
9
16
142
16
7
154
134
75
62
91
81
5
5
454
434
59
14
42
84
87
51
108
85
59
62
481
428
60
57
43
58
28
440
378
21
424
414
354
415
35
9
72
426
422
407
42
382
24
384
12
385
337
34
311
82
290
494
10
484
295
424
91
5
286
289
199
47
436
31
113
413
9
205
381
186
334
175
167
164
277
278
285
76
255
71
354
305
296
248
277
238
241
196
160
133
153
67
33
44
486
135
179
145
147
124
1898
128
105
1871
1803
100
1473
262
1306
213
158
1298
168
156
1271
290
264
1191
259
134
1155
252
255
1168
255
207
1058
209
870
176
833
830
782
759
276
738
738
744
723
276
287
1012
652
551
439
1030
430
297
296
285
294
1034
1038
992
995
992
994
996
996
954
936
935
898
875
856
801
716
710
712
679
658
649
652
640
642
616
613
617
606
599
576
577
559
548
501
466
856
826
673
2799
3363
3361
3332
3336
3289
3261
3244
3246
3249
3231
3235
3234
3236
3207
3211
3189
3172
3134
3082
3078
3073
3063
3048
3014
3004
2952
2948
2891
2893
2883
2880
2785
2783
2742
2693
2688
2683
2618
2585
2579
2564
2478
2481
2472
2447
2435
2434
2369
2371
2373
2341
2344
2286
2283
2248
2226
2200
2182
2170
2164
2143
2117
2052
2053
2052
2045
2037
2030
2021
2006
1916
1895
1894
1897
1885
1874
1870
1862
1850
1840
1840
1835
1802
1734
1655
1653
1654
1637
1607
1607
1589
1589
5
5
6
5
6
5
29
28
17
10
9
41
12
5
17
8
8
5
9
16
23
5
11
24
9
24
49
5
56
52
41
16
6
19
7
81
5
6
5
14
9
92
9
12
119
120
6
66
86
5
71
91
26
26
8
10
5
75
108
5
6
61
74
73
65
16
37
37
78
5
5
43
47
22
27
28
11
40
23
17
19
46
5
41
5
54
110
5
106
47
81
7
5
5
54
5
5
9
14
16
43
43
123
18
22
125
21
24
5
10
9
22
5
48
11
63
48
167
44
54
140
23
118
6
117
110
5
98
19
8
174
20
6
15
345
5
32
6
5
482
6
11
474
10
475
5
8
470
249
463
454
404
409
103
363
84
43
19
17
36
360
5
53
12
12
35
60
84
56
51
357
15
26
18
11
111
26
91
14
102
6
308
24
30
14
17
6
12
9
28
89
326
404
9
84
409
8
86
10
15
30
336
26
21
326
31
29
195
167
38
278
472
146
22
10
275
246
160
239
69
168
237
6
176
141
134
185
6
7
90
92
149
115
210
186
68
132
108
57
58
61
5
135
593
56
50
169
170
21
45
38
71
159
147
617
606
5
603
155
136
217
122
493
108
206
28
55
230
17
56
23
37
448
6
52
216
138
250
202
42
27
248
189
225
153
15
15
155
243
9
90
470
74
236
6
184
8
68
5
15
470
24
466
403
6
399
396
449
290
213
6
9
10
43
192
467
22
424
425
319
5
322
35
293
22
427
5
93
432
961
29
445
14
413
90
86
5
81
73
45
50
973
45
950
949
372
938
53
6
911
17
34
379
458
18
6
414
375
413
6
386
359
31
953
878
495
259
13
15
233
5
397
10
230
8
224
195
32
129
127
205
60
118
212
220
59
49
53
213
52
154
41
62
127
7
21
166
5
169
156
5
159
162
55
43
150
6
41
29
22
143
123
6
75
140
45
22
18
44
7
5
7
196
157
5
12
158
128
22
21
198
5
204
11
7
5
22
6
228
5
210
23
121
82
78
85
5
53
51
23
10
32
18
22
29
5
38
7
42
37
7
9
38
25
5
5
5
776
780
22
9
719
20
697
696
641
617
22
595
553
65
19
6
10
571
48
539
499
9
420
391
385
372
5
329
281
36
44
40
6
229
200
50
5
5
207
211
205
5
76
98
7
81
23
5
28
5
34
200
28
63
5
182
5
75
1026
58
1023
5
1000
16
1003
32
58
5
983
24
866
13
852
229
216
217
5
172
157
121
55
89
84
117
80
889
820
70
65
803
60
61
62
809
786
62
63
39
26
13
53
680
5
625
606
144
95
11
5
63
67
627
608
7
5
590
5
5
599
568
16
562
1349
555
1286
5
24
1277
15
1280
6
529
18
29
1282
70
59
55
528
530
523
503
39
5
73
1295
500
1298
1302
502
501
27
12
508
1313
5
89
1240
519
8
512
109
50
105
104
1273
1276
541
73
1232
13
548
501
504
1209
99
27
19
8
87
20
79
1226
74
14
543
45
1218
496
1183
495
1158
30
8
75
24
30
101
1175
34
6
187
5
124
5
1160
1121
1074
148
5
1076
16
5
169
1088
1090
1044
13
52
1046
91
208
170
1054
102
1049
23
1040
989
97
66
891
881
113
875
97
862
54
90
87
88
94
9
81
27
93
880
5
105
93
871
871
94
792
50
774
747
41
5
755
604
581
135
70
586
37
28
10
570
567
34
5
6
351
347
499
823
488
776
5
772
6
774
769
255
735
738
235
328
321
16
323
321
5
296
761
275
675
191
10
159
276
218
123
200
173
145
93
39
13
575
29
577
701
637
145
589
616
87
68
71
5
40
600
9
604
7
261
117
73
566
51
12
38
28
129
553
23
8
293
117
100
537
262
117
88
551
85
16
51
5
739
76
689
70
292
291
527
75
81
51
51
724
686
667
633
108
627
590
322
573
565
519
510
495
497
474
231
534
471
233
363
222
544
473
500
423
355
347
404
411
237
337
414
309
213
209
315
310
460
380
272
269
268
384
381
374
365
432
364
362
288
450
292
433
290
434
428
295
431
274
425
404
407
383
357
321
333
3288
3204
3196
3156
3146
3113
3092
3065
3039
2965
2796
2774
2677
2658
2622
2526
2418
2361
2283
2264
2236
2232
2138
2139
1532
1511
2128
2116
1430
2120
1433
1414
1406
2068
1408
2018
1908
1902
1400
1391
1903
1899
1410
1863
1389
1223
1864
1201
1868
1196
1856
1844
1190
1831
1187
1837
1794
1084
1715
1056
1056
1025
1713
1002
1626
1623
1005
1613
1569
1441
1258
2724
1024
2665
1271
2632
980
2566
1231
2478
1158
2444
2381
1135
2272
1084
2199
2190
2189
2112
1098
2057
2043
1991
1896
1693
1688
1588
1591
1585
1458
1370
1344
1199
1125
