5
4
5
9
7
10
7
12
9
15
7
14
7
10
20
22
10
11
25
28
22
26
29
24
29
30
29
28
34
34
23
32
38
40
28
41
42
45
42
38
34
37
43
38
42
41
49
55
45
49
46
49
58
55
51
63
60
63
58
60
69
64
72
65
73
68
77
77
72
71
82
70
75
83
83
78
86
82
82
84
90
88
91
91
102
96
107
109
106
110
106
111
114
120
130
126
127
135
149
152
5
4
8
8
6
12
8
12
15
11
16
6
10
16
19
18
18
21
13
15
25
28
30
21
30
27
33
24
34
37
27
39
31
38
41
34
37
43
44
35
47
48
39
46
52
52
44
50
45
54
54
52
53
57
57
59
58
63
59
58
59
65
64
59
65
72
78
75
69
78
77
77
76
83
84
89
84
85
84
89
90
90
95
87
92
94
92
101
98
107
105
107
107
112
112
114
125
127
135
146
5
7
6
7
4
10
6
13
13
11
14
10
9
19
21
14
24
21
21
21
27
15
27
28
30
31
24
34
33
28
33
37
41
34
40
33
43
37
45
40
50
39
49
46
54
48
43
48
54
52
51
48
58
59
59
65
58
58
66
63
63
60
71
66
70
76
74
67
76
78
82
75
76
82
82
83
84
87
84
91
85
85
98
91
95
96
95
99
98
109
102
106
114
106
114
111
116
122
118
139
4
5
4
7
6
5
10
11
12
8
9
16
14
13
12
12
22
21
21
22
12
15
19
28
18
28
19
27
33
23
33
27
30
30
26
41
30
38
38
44
43
45
44
44
44
37
42
54
50
44
46
44
53
46
43
53
53
61
55
64
64
57
60
60
63
61
61
72
69
77
76
78
71
72
78
73
82
80
78
82
83
83
96
95
95
99
95
106
99
110
113
115
114
121
126
133
142
139
150
157
5
6
6
5
6
9
12
12
13
9
5
13
14
15
12
16
11
25
25
18
22
27
20
21
32
21
32
25
35
32
35
35
40
34
40
41
45
31
42
40
48
41
46
47
48
40
41
50
55
56
51
52
58
52
57
59
58
62
66
69
60
67
61
72
74
72
69
68
78
79
75
80
79
84
78
81
76
90
87
90
82
89
91
96
92
101
107
107
105
107
107
108
113
120
119
123
125
130
131
135
4
6
5
7
7
12
4
10
8
14
11
9
10
21
21
19
21
18
13
24
24
29
29
26
28
30
33
24
25
27
26
39
34
38
38
40
46
45
39
37
39
48
41
49
42
48
51
47
44
56
56
48
54
56
64
62
64
62
66
61
62
60
64
74
69
63
70
67
72
77
73
80
72
88
81
95
89
86
84
91
94
91
93
100
95
104
99
97
109
110
105
114
119
121
119
122
127
135
135
153
4
4
5
6
4
10
7
9
10
10
14
10
17
10
17
19
19
10
17
23
17
24
16
22
26
31
32
32
34
36
38
37
35
39
37
30
36
44
35
46
40
42
46
49
45
44
51
43
49
57
46
52
53
47
61
53
57
65
63
67
62
72
68
61
61
74
77
78
74
71
80
77
71
72
75
77
78
83
85
95
96
98
88
103
95
98
103
101
105
105
110
111
121
117
120
131
126
136
151
162
5
5
4
5
6
9
11
4
14
16
17
8
8
19
18
12
17
19
22
28
15
27
22
22
26
31
32
28
35
31
34
33
34
42
30
30
44
37
43
45
45
44
39
46
47
43
47
49
49
47
48
49
54
60
60
52
59
68
65
59
62
68
66
72
70
76
70
80
79
74
72
80
82
78
82
87
84
84
81
89
85
92
88
88
94
102
95
103
102
102
103
111
109
109
116
112
121
122
123
132
5
5
9
9
4
10
13
7
12
8
11
10
12
12
14
22
18
18
16
26
21
16
23
22
19
23
27
33
36
34
20
33
29
41
30
34
45
37
43
39
48
38
44
41
41
54
50
42
43
43
55
43
48
50
58
61
57
60
52
68
54
58
66
69
67
68
73
65
62
69
70
70
72
72
70
75
78
88
87
80
93
81
82
89
96
95
95
94
102
98
103
112
112
112
116
117
122
128
139
139
4
4
7
8
7
5
6
11
13
4
10
10
7
8
11
10
17
10
21
24
25
23
15
13
31
31
22
27
27
28
36
37
34
39
27
38
43
45
35
47
33
48
48
49
39
52
51
55
55
48
52
54
51
52
58
49
53
60
57
55
67
61
68
65
70
73
65
73
70
69
81
74
83
77
80
80
79
83
90
94
88
92
98
86
97
93
101
99
103
106
107
108
106
112
113
116
123
132
127
126
4
5
6
8
4
9
9
12
10
8
16
17
12
12
9
20
11
20
25
24
12
25
27
29
30
25
30
30
35
24
31
34
37
35
25
27
37
38
29
43
42
47
38
47
41
42
44
40
53
50
57
47
55
60
50
57
52
55
57
57
63
61
56
67
62
65
74
74
72
76
70
71
73
75
85
83
88
83
82
83
84
95
87
87
95
100
93
95
103
111
104
108
111
114
123
127
125
130
135
140
6
7
8
7
10
12
9
13
16
11
10
8
18
21
4
16
19
22
21
20
26
15
21
29
30
28
21
36
35
35
31
32
37
43
39
40
45
44
40
42
48
42
44
49
36
54
48
45
49
54
54
51
60
58
55
65
58
56
62
68
65
67
64
68
76
75
80
80
83
82
74
85
78
76
89
84
90
88
87
86
98
88
93
96
96
101
110
97
104
107
105
116
107
125
122
119
129
130
145
144
5
6
8
6
6
11
11
7
14
12
11
13
10
7
22
23
16
15
24
20
27
25
15
21
22
29
22
21
32
35
37
34
34
33
34
39
34
43
40
37
42
38
50
45
40
44
48
45
54
52
49
47
47
47
57
50
54
67
61
64
61
60
61
64
69
65
66
69
66
78
68
71
83
75
72
79
83
84
80
81
85
93
96
94
96
92
96
95
100
98
100
98
103
102
114
113
115
121
123
123
6
6
6
10
4
11
7
13
11
6
15
10
18
16
18
23
19
11
13
16
21
23
25
19
27
33
32
24
31
35
25
24
37
37
34
30
45
38
39
44
48
37
45
51
45
48
50
55
48
57
50
46
56
55
53
63
56
61
59
57
59
59
59
65
64
73
71
69
80
70
82
75
76
75
84
76
78
93
83
84
92
85
94
97
93
95
96
101
106
104
109
110
107
110
125
117
127
133
131
141
4
5
5
6
9
11
11
6
4
15
16
10
11
16
11
20
18
8
13
19
25
23
29
23
25
27
20
31
23
32
35
34
39
38
37
40
28
28
33
43
42
38
47
47
48
47
46
48
43
54
53
58
53
58
53
52
55
50
54
66
55
53
70
68
58
60
72
72
68
75
69
69
77
78
75
74
80
84
89
82
85
87
91
91
93
98
103
100
101
101
107
106
111
114
113
117
124
130
129
136
