4
7
7
12
4
15
5
7
19
17
15
16
11
26
16
24
29
22
34
30
38
28
12
39
26
41
44
37
11
32
36
34
54
6
47
21
54
36
61
5
55
66
57
19
62
42
68
53
73
49
76
50
71
41
81
67
76
59
43
79
64
56
86
50
82
65
69
83
87
90
88
99
77
17
86
108
72
65
76
91
75
70
80
14
65
96
98
114
98
126
100
86
126
120
87
106
88
133
124
116
138
118
102
116
133
142
117
101
117
98
65
105
103
110
124
146
152
75
154
94
145
145
127
120
139
142
69
150
163
125
163
137
72
145
169
140
68
159
163
147
72
130
74
91
147
149
168
136
201
171
162
194
181
200
179
197
164
187
162
167
130
151
89
175
170
126
173
208
214
137
202
110
178
213
199
226
189
171
169
181
216
173
188
227
218
201
207
208
217
125
166
209
194
238
189
138
230
176
200
139
193
267
133
223
262
237
163
241
149
226
218
219
172
199
264
231
229
235
229
239
210
186
207
234
251
234
269
226
289
277
262
234
289
296
179
257
218
265
251
265
267
262
181
227
261
219
309
271
308
282
243
215
197
244
297
203
236
216
285
267
305
289
249
311
216
275
252
297
295
219
274
288
280
293
263
233
329
310
265
333
266
343
317
277
318
283
363
316
306
253
306
330
327
298
313
332
340
337
338
278
278
293
360
336
341
277
388
367
328
335
340
342
348
309
315
351
342
351
321
324
314
404
401
319
347
375
383
339
359
380
345
337
387
337
357
320
310
358
401
397
369
327
382
388
412
425
428
385
416
388
353
397
393
358
361
401
399
373
357
392
416
450
401
417
401
426
412
395
394
381
381
372
362
392
397
412
420
442
418
425
422
396
469
437
423
431
440
423
466
402
449
455
450
401
443
466
451
420
472
478
414
409
455
412
480
461
464
439
496
433
432
435
471
451
459
454
509
443
481
449
502
477
497
495
504
508
482
476
522
484
467
495
497
514
468
506
476
469
528
514
520
497
480
528
496
483
506
492
498
554
522
523
516
533
537
503
517
549
516
526
528
549
580
522
533
539
524
573
540
532
573
538
558
580
568
559
574
575
555
594
579
593
589
577
593
641
643
627
605
634
614
656
636
647
636
650
677
686
695
734
4
7
10
11
10
5
19
7
19
21
21
16
20
29
28
29
27
27
19
10
30
17
29
16
40
33
28
10
49
27
36
53
17
35
48
27
43
29
53
58
59
47
14
65
52
37
55
54
64
75
67
40
41
29
75
68
68
82
71
60
63
78
59
12
87
65
68
70
81
68
87
87
76
69
63
71
58
85
87
88
102
37
102
71
89
36
103
72
113
33
95
62
95
91
115
97
109
115
88
141
88
93
127
114
131
134
135
128
102
114
153
144
146
91
56
149
141
148
133
138
148
74
127
149
123
140
103
145
130
163
144
153
155
127
138
119
138
137
150
114
160
177
149
182
166
145
116
100
128
192
168
153
116
173
182
183
127
195
193
186
200
142
116
193
123
134
149
189
193
190
183
170
108
197
178
225
227
206
208
120
211
214
140
220
169
195
135
239
213
209
227
222
189
194
194
220
220
185
221
212
225
215
152
207
202
160
154
233
245
206
216
233
242
215
174
265
263
241
276
212
174
234
251
168
210
211
270
267
248
221
174
273
250
293
236
276
258
179
263
289
270
276
278
285
212
286
290
284
319
268
252
195
262
271
233
250
287
291
226
291
280
299
226
314
297
232
287
236
287
271
287
282
295
290
323
296
280
229
300
293
314
276
322
340
320
283
308
347
343
300
310
320
263
340
288
348
336
313
346
358
333
344
387
313
317
350
268
362
357
290
346
327
349
320
335
326
329
354
325
309
338
293
365
358
340
380
336
364
356
376
351
407
379
377
353
327
384
390
414
409
390
363
364
349
354
363
416
334
408
418
383
382
389
385
382
364
385
408
390
410
387
403
355
397
367
377
376
425
401
415
395
403
442
399
438
419
416
467
407
411
434
444
408
420
469
460
417
429
419
420
462
392
436
410
399
455
472
452
425
417
440
437
439
428
463
454
462
477
488
428
474
466
464
451
479
462
454
502
451
438
510
516
472
451
491
459
524
454
486
465
475
473
492
501
495
475
489
499
494
486
475
500
495
485
493
507
512
513
525
530
533
540
522
502
499
522
525
515
504
544
508
560
562
526
520
543
545
555
535
556
537
552
545
584
539
542
543
541
552
545
575
556
556
591
571
584
582
586
588
573
586
580
600
622
617
605
613
628
642
676
5
4
6
11
8
14
4
15
9
16
15
23
26
19
16
27
28
30
33
31
31
20
39
33
29
43
26
18
24
31
24
25
50
54
53
40
43
7
50
53
49
59
53
29
60
55
64
12
52
41
13
63
73
76
64
73
46
77
66
69
26
87
54
68
12
68
77
93
81
89
79
98
72
24
99
83
106
87
61
83
40
107
94
77
83
86
83
116
109
113
116
114
108
64
122
120
109
94
98
126
124
118
81
130
126
133
41
127
107
129
128
142
112
143
113
149
79
99
44
109
152
101
124
143
161
150
173
117
113
91
145
154
152
127
130
155
156
149
101
158
157
192
191
184
154
186
178
163
154
109
162
109
174
186
145
186
190
172
128
199
202
190
147
185
181
204
178
204
190
176
181
110
209
150
211
203
212
165
211
207
204
218
230
153
132
161
196
161
221
193
202
225
203
137
172
127
235
245
169
138
207
181
223
215
271
199
234
249
233
238
211
244
257
192
250
248
205
246
165
217
201
265
268
267
260
256
275
180
220
220
283
235
279
232
268
258
271
278
261
195
278
267
254
297
219
235
194
300
253
242
298
219
274
294
251
219
218
310
317
302
315
220
315
277
277
264
249
251
335
255
314
293
239
316
303
339
306
316
327
239
290
281
239
333
288
329
334
331
333
250
334
288
355
306
332
337
367
322
373
299
339
268
323
275
358
286
372
276
365
377
308
330
334
309
295
316
337
374
359
337
391
322
363
309
343
341
372
297
359
361
387
330
375
394
339
380
314
386
368
400
381
388
412
394
404
344
328
418
359
413
430
392
360
370
390
439
397
385
423
439
378
408
371
381
419
379
400
392
411
406
408
408
417
435
433
377
447
415
427
391
431
379
425
473
392
385
459
459
470
432
397
466
409
440
410
418
416
407
475
451
436
452
436
464
441
509
421
502
445
470
465
422
467
496
471
444
494
481
436
448
475
471
462
462
484
480
486
481
460
501
477
512
494
461
483
481
474
499
464
537
472
467
497
480
527
489
514
520
494
532
536
502
521
505
496
500
500
561
534
527
555
508
507
511
536
536
526
551
524
541
526
557
527
538
566
584
575
585
574
572
571
585
585
589
582
560
562
572
574
577
595
591
590
617
618
625
617
625
644
679
8
8
11
10
12
17
6
4
18
7
22
15
13
29
15
25
16
21
18
27
28
27
11
17
29
39
15
45
22
28
34
7
51
43
54
54
17
39
49
52
56
54
56
64
59
24
69
68
67
53
63
56
72
59
79
69
74
73
72
77
49
73
69
82
84
74
14
95
57
85
100
89
85
60
91
101
100
98
93
91
32
54
106
116
100
88
102
108
96
108
112
81
55
104
112
118
100
128
85
83
127
73
69
134
117
141
86
71
71
118
136
107
152
108
98
136
114
157
144
151
132
155
30
134
125
154
151
118
151
152
106
175
159
130
143
152
158
125
148
156
166
176
121
134
147
70
174
172
172
162
184
187
172
197
185
133
170
124
111
176
180
187
162
166
116
175
151
151
209
174
161
220
157
216
204
188
202
145
192
205
191
188
217
234
218
209
198
225
196
221
229
198
214
246
186
206
226
232
198
206
163
180
243
233
223
144
209
240
237
190
242
240
221
204
246
250
247
181
235
275
171
248
271
237
256
194
193
292
215
224
277
232
199
184
229
299
241
241
261
290
228
267
271
269
278
292
232
283
254
277
267
265
308
266
244
297
265
238
282
303
265
316
242
291
285
303
282
260
267
258
321
256
314
258
317
340
319
274
341
292
307
263
312
261
264
337
258
294
366
305
296
275
259
294
261
292
302
322
274
330
370
381
302
352
320
338
368
330
368
333
355
370
320
369
336
317
345
350
326
333
346
345
347
348
338
350
377
316
333
330
381
374
371
331
370
307
336
399
325
345
331
362
401
344
320
339
367
349
390
369
409
416
359
425
379
381
356
405
334
347
430
408
359
398
352
449
364
381
432
395
409
454
397
420
419
375
407
401
446
400
425
395
410
451
382
419
389
394
409
434
456
395
455
431
420
444
386
452
467
418
469
395
470
411
417
448
402
431
458
413
491
426
432
442
493
479
515
463
441
454
442
455
483
434
441
474
463
449
448
487
462
450
496
473
491
445
459
492
461
465
521
485
530
470
464
470
485
530
546
513
478
542
523
517
507
548
500
499
501
484
517
521
531
536
504
524
530
509
547
567
522
536
588
535
514
568
552
572
541
555
551
541
562
551
569
564
556
608
585
593
613
598
575
581
597
626
596
625
611
658
6
6
4
11
9
16
16
19
10
12
13
20
8
26
13
14
30
22
14
28
36
38
17
24
39
39
42
41
32
47
51
21
28
34
51
42
58
45
58
49
59
45
62
56
7
58
65
36
72
28
63
76
67
61
64
65
57
75
14
54
56
69
66
76
89
72
68
97
75
77
75
70
63
89
62
94
95
66
96
79
107
74
103
37
98
100
88
22
67
108
119
111
116
72
100
117
129
117
81
114
128
127
129
111
98
86
132
126
132
131
134
155
75
74
141
85
126
118
126
148
86
142
117
155
127
118
136
133
128
105
126
149
169
156
130
172
96
127
141
126
146
152
161
71
150
148
164
145
143
145
182
200
151
130
121
173
186
161
198
192
195
160
102
140
180
191
185
220
134
211
201
218
130
183
191
156
150
187
199
185
182
211
162
160
173
161
210
202
243
217
198
227
163
231
195
161
174
220
209
156
224
241
240
193
217
221
243
219
205
184
210
279
187
163
240
241
238
193
142
272
197
250
219
255
280
231
263
187
211
228
215
277
270
264
264
294
269
258
268
227
240
270
272
239
226
272
252
210
301
255
234
220
237
226
292
234
332
275
284
295
268
232
281
350
277
310
217
272
310
304
265
268
337
311
333
251
267
247
271
270
251
271
298
331
320
337
312
310
268
344
313
347
252
302
369
296
298
332
329
286
337
355
322
301
311
304
269
358
299
300
351
351
379
382
279
329
338
307
331
313
368
383
327
354
368
345
381
338
426
333
388
301
334
318
385
352
316
423
400
402
320
408
347
369
428
343
414
378
399
402
363
375
330
398
399
414
334
361
353
436
377
363
365
366
378
384
445
374
373
395
365
405
438
376
379
414
402
429
395
439
442
488
388
444
413
391
492
471
387
441
420
459
393
477
406
465
490
416
394
448
404
408
474
408
418
420
503
503
435
479
441
442
459
450
430
446
437
510
490
490
433
441
501
529
523
463
485
534
507
451
492
476
520
454
518
461
472
551
476
548
474
478
514
494
469
498
518
478
499
537
559
511
494
573
535
549
524
518
521
563
545
527
583
522
551
532
575
532
593
564
583
608
541
578
549
561
577
559
579
593
599
625
594
572
578
594
630
602
619
630
608
628
632
653
633
651
655
664
678
684
7
4
10
6
9
14
7
17
19
20
21
24
14
11
20
30
18
14
32
8
18
14
20
18
27
41
25
30
43
33
39
7
52
44
25
58
52
55
60
55
57
35
30
65
61
44
47
27
59
71
71
62
42
59
65
74
74
58
66
63
57
58
61
31
73
40
67
54
69
65
74
80
88
40
106
74
80
73
88
87
76
89
94
83
61
91
106
87
64
63
25
126
88
100
117
107
105
98
114
133
134
86
116
101
136
110
131
132
128
123
96
111
145
112
135
109
105
143
135
126
93
104
127
147
129
159
131
148
154
110
157
117
76
120
150
117
87
121
137
144
161
147
172
162
163
129
177
168
126
152
127
175
176
199
125
180
198
144
149
159
193
158
203
184
116
167
143
190
202
186
197
156
174
225
202
199
181
181
178
164
216
233
222
180
220
207
195
128
223
212
188
228
231
157
188
167
224
242
167
235
200
179
248
206
231
218
174
187
228
173
168
227
214
216
210
244
191
200
207
151
182
245
231
258
222
265
258
257
185
285
296
224
253
253
248
205
294
278
295
297
259
271
236
288
292
269
278
286
252
206
257
308
261
296
267
228
241
286
279
268
282
309
217
305
322
233
298
282
258
299
231
295
280
252
228
275
303
298
279
296
253
261
297
314
289
353
314
278
327
244
363
356
261
315
358
328
265
294
322
372
332
341
331
326
345
369
377
348
361
336
324
373
329
297
339
355
340
379
302
355
343
331
401
301
361
354
301
354
365
354
349
316
348
416
369
353
393
374
332
388
328
361
409
383
350
336
378
370
395
400
382
370
406
339
433
379
407
390
395
391
391
408
348
419
424
374
410
416
448
390
446
369
423
420
379
426
393
414
381
411
401
426
433
418
409
418
486
411
436
449
432
450
403
459
454
429
450
426
411
455
450
446
465
435
414
502
502
498
443
443
431
445
466
427
494
465
486
464
432
469
454
459
521
478
465
497
479
469
450
507
453
486
464
472
488
503
527
494
487
480
514
537
489
527
502
479
480
518
507
513
499
498
560
520
501
496
507
575
529
544
522
535
523
518
560
521
568
538
528
561
529
546
575
549
540
577
536
538
556
571
543
563
612
548
553
571
563
593
589
604
575
612
594
585
622
608
609
612
633
637
5
5
8
5
11
8
7
14
18
8
19
8
8
28
21
29
29
19
27
29
29
37
17
23
40
36
45
38
40
42
6
47
42
55
48
54
60
16
35
63
38
23
57
54
64
48
58
9
56
57
67
55
53
55
65
39
48
63
71
55
43
70
65
72
93
50
50
56
88
70
75
59
86
82
101
59
83
55
104
96
98
68
103
112
71
100
112
119
109
86
123
124
73
125
84
116
97
98
127
91
130
117
114
84
84
136
99
94
129
57
137
137
138
105
133
95
102
112
144
126
150
117
84
134
124
143
174
138
116
135
149
114
150
138
166
139
116
140
156
130
170
174
184
129
160
133
118
177
154
172
187
191
186
196
139
187
155
168
173
168
155
163
196
177
132
164
201
189
181
173
159
99
167
212
174
167
214
166
172
145
207
189
158
196
191
184
166
214
211
217
167
206
232
150
173
114
200
206
184
188
209
195
186
250
252
194
239
191
252
227
208
218
218
273
203
256
211
258
236
224
250
229
234
257
276
248
259
219
251
240
262
256
194
187
196
201
229
212
240
277
252
277
262
178
300
220
270
230
286
282
237
301
220
263
216
275
258
265
213
263
249
295
247
295
264
268
279
230
280
330
314
298
313
285
275
273
279
332
293
287
314
343
315
328
298
307
317
306
293
317
357
258
240
285
267
297
334
315
298
273
338
358
283
350
295
338
273
310
350
283
291
274
307
336
339
275
307
390
276
315
369
347
333
315
351
360
395
383
346
380
352
381
350
298
362
362
394
379
365
357
374
372
367
387
357
331
328
365
392
397
357
365
361
394
376
376
345
345
408
356
391
429
418
357
427
399
380
356
451
436
363
397
438
379
403
410
380
419
417
398
385
425
404
408
390
452
405
421
408
409
445
389
415
444
453
411
462
408
401
439
472
442
473
450
425
465
492
449
414
422
416
436
417
443
456
439
492
442
467
431
436
425
477
430
471
498
496
454
482
445
456
502
458
478
504
512
459
518
493
467
483
459
493
475
479
486
516
476
499
515
529
560
532
533
528
484
541
539
509
523
518
530
503
539
518
517
564
552
558
534
526
517
529
545
561
555
549
584
538
579
575
570
558
548
553
566
563
592
587
575
577
583
616
609
597
614
610
606
624
634
5
4
7
6
8
8
9
17
12
16
19
19
23
7
15
22
27
8
21
20
13
26
10
36
36
14
37
20
36
11
48
38
46
48
22
52
52
54
25
51
47
58
27
59
54
5
58
70
43
6
50
63
68
66
76
48
65
78
26
51
64
80
26
81
83
80
79
84
74
95
84
70
67
49
63
83
101
106
83
106
99
106
110
83
104
107
17
96
97
110
83
79
113
120
83
76
116
102
53
90
123
101
76
127
20
121
136
116
126
137
136
143
116
150
47
108
141
153
119
138
74
144
148
107
112
149
129
126
162
150
99
144
146
154
76
160
152
141
129
123
174
124
132
180
186
179
174
184
182
146
175
150
168
173
195
193
160
172
155
150
147
78
188
133
198
195
181
189
110
197
204
209
215
209
212
187
188
138
180
187
180
216
152
203
197
193
176
186
194
168
180
192
201
220
170
204
150
204
186
214
211
244
252
199
253
231
209
228
250
246
228
228
256
222
248
194
217
267
263
275
211
219
228
273
184
230
247
221
212
232
244
219
225
287
274
260
215
275
214
260
271
244
278
263
269
254
285
260
236
276
239
278
245
259
204
249
277
241
296
247
309
236
267
310
299
299
262
321
282
286
286
255
302
287
297
310
292
320
279
310
261
305
300
262
282
297
295
294
353
323
346
311
274
348
276
293
331
364
293
310
288
324
337
320
340
347
335
336
320
317
315
319
294
329
360
361
355
309
314
291
367
389
346
333
386
375
334
337
357
360
359
322
358
352
369
346
376
372
347
378
355
422
362
349
383
347
408
332
359
410
431
341
401
359
351
406
390
397
376
406
409
368
371
385
390
414
375
417
373
383
382
443
413
439
441
432
404
401
406
405
410
393
415
403
399
417
434
436
442
423
404
485
445
420
449
475
475
420
467
452
427
470
445
420
439
434
461
439
459
435
474
461
492
447
441
497
464
462
468
451
457
469
475
472
464
473
457
479
496
492
514
464
506
533
510
504
478
476
535
477
477
475
479
494
513
501
505
502
504
495
546
517
502
542
496
517
526
511
518
531
553
543
554
529
517
544
567
524
534
528
531
547
562
543
572
555
562
561
547
570
589
568
557
559
601
562
574
567
594
573
586
583
598
624
596
606
612
646
658
676
8
4
7
11
15
4
16
20
19
21
25
8
16
19
6
9
34
34
34
11
9
33
38
34
19
18
38
12
47
29
53
22
19
48
38
28
59
56
54
60
57
51
39
53
61
43
41
38
58
27
70
60
79
68
62
62
76
54
60
67
71
69
19
57
46
83
14
83
98
85
86
84
102
28
106
79
77
105
115
72
81
93
110
97
68
100
79
97
109
43
117
74
111
96
110
80
106
125
81
113
90
102
117
121
148
71
75
116
124
141
108
151
140
147
135
131
134
72
138
139
103
160
137
115
138
152
146
131
116
105
133
138
155
85
156
167
162
130
135
125
108
129
135
180
174
108
187
117
194
168
140
132
207
164
144
182
206
196
163
192
183
165
198
193
173
170
182
188
208
200
187
216
153
157
185
195
175
213
192
166
157
151
213
231
162
243
235
205
179
227
231
138
225
214
199
181
233
195
233
211
202
221
186
200
194
202
228
181
228
256
257
244
224
214
235
220
233
168
261
165
231
201
212
207
211
203
271
254
196
293
293
268
232
276
277
293
254
262
259
222
275
287
213
230
304
276
235
280
290
289
293
277
277
240
261
233
225
289
245
325
240
302
314
261
327
320
252
304
231
337
312
313
329
300
253
346
242
271
289
299
275
283
303
346
298
340
306
333
315
317
344
264
270
287
327
286
272
287
281
346
315
346
367
386
354
370
313
319
355
350
365
284
296
312
316
294
325
393
362
374
351
372
366
343
355
318
340
309
374
329
332
417
330
322
380
351
390
392
324
401
374
421
366
329
402
375
366
399
351
397
335
359
397
375
383
394
401
419
351
435
350
387
377
390
440
362
421
372
419
421
430
432
367
456
413
440
371
445
444
390
431
400
429
477
397
438
437
397
438
426
395
396
440
421
473
472
439
480
452
425
465
440
457
478
469
445
499
471
469
428
442
483
433
476
486
484
456
500
505
475
441
468
460
465
482
500
499
484
452
501
518
512
527
459
528
497
504
469
524
518
481
477
525
491
491
492
530
513
502
541
493
536
516
561
531
535
521
527
540
509
552
528
513
516
515
540
553
561
535
542
559
541
541
536
568
544
574
573
607
563
559
579
558
553
577
573
593
578
575
573
587
603
579
615
594
641
601
611
618
649
7
4
7
9
10
11
6
18
13
8
23
19
6
14
22
28
23
30
7
20
38
22
30
18
25
13
36
27
30
28
42
47
54
49
26
20
59
57
58
54
34
61
67
34
49
69
45
62
63
66
57
63
69
59
54
61
67
62
73
74
85
61
38
46
74
43
83
86
94
72
65
69
93
81
84
106
104
95
85
74
92
92
39
95
34
88
114
113
124
119
122
33
98
116
122
138
60
76
84
99
28
101
60
117
110
82
117
119
143
122
133
104
110
142
109
142
101
118
138
143
129
147
131
133
95
149
148
126
117
168
176
154
147
146
153
129
153
95
141
151
182
167
154
169
151
166
168
131
185
116
173
185
170
158
147
102
145
211
129
111
165
198
183
178
166
190
162
166
88
199
181
194
199
183
144
219
191
127
173
219
205
207
214
208
157
185
181
210
151
183
182
192
220
114
237
194
225
216
240
157
185
173
248
232
176
215
208
231
201
194
242
197
237
202
245
240
227
198
150
225
267
255
279
229
207
278
216
192
235
214
268
260
250
258
243
245
214
191
296
232
259
257
269
234
260
274
294
202
254
202
256
222
234
295
281
264
296
292
288
258
248
259
299
275
253
280
279
230
265
317
302
306
341
283
277
297
291
286
323
265
258
296
302
255
277
276
333
295
343
332
290
308
329
293
296
304
303
314
275
309
330
336
373
301
332
343
329
306
315
357
275
286
311
320
364
337
366
329
340
373
315
377
334
323
393
377
356
367
352
304
322
333
351
384
393
329
331
350
327
388
368
396
376
340
359
392
330
337
421
407
388
336
359
380
359
371
379
405
382
413
419
383
380
393
386
375
379
405
404
381
387
444
376
433
374
423
392
423
373
422
411
387
463
437
398
450
454
423
413
470
395
402
398
454
403
440
476
461
477
437
456
455
413
422
459
455
423
492
443
439
488
433
486
441
492
465
489
446
511
454
463
460
475
446
455
452
468
486
456
510
458
487
498
501
507
528
477
541
546
488
538
484
475
514
524
509
530
552
520
492
518
508
561
514
558
507
537
510
547
537
537
564
548
536
525
555
558
548
541
551
595
565
585
552
579
559
590
598
592
577
584
570
577
600
601
592
586
591
613
618
600
626
624
629
621
627
654
678
688
734
5
7
9
6
12
16
17
11
19
21
9
18
25
24
28
28
10
24
36
36
40
38
27
29
9
41
40
43
48
41
18
12
15
33
29
50
24
37
57
28
56
57
63
37
60
57
21
61
65
23
52
55
69
63
47
60
53
57
65
52
58
68
58
84
16
85
91
72
57
63
89
76
89
108
83
99
98
80
91
67
97
86
115
110
108
73
114
97
101
69
91
59
99
118
97
31
70
88
112
105
77
111
123
82
79
95
124
73
145
111
137
148
129
129
128
118
109
156
108
144
154
65
82
139
142
74
156
81
139
143
77
160
122
163
186
142
147
174
180
158
110
146
176
192
162
159
148
160
166
176
172
194
118
192
147
169
175
181
141
209
199
111
126
95
161
188
221
176
112
213
166
187
202
186
193
232
181
170
230
138
158
199
217
227
227
153
123
194
140
218
198
204
210
208
177
215
226
131
224
221
230
205
236
233
212
220
279
243
239
235
199
259
182
246
244
262
266
275
244
287
202
264
268
252
250
263
185
278
254
225
287
259
201
270
241
248
296
230
263
256
296
254
255
196
263
267
207
224
294
274
305
262
235
201
290
302
304
271
239
272
288
351
248
306
308
236
295
247
257
334
329
299
238
288
318
271
337
276
283
311
324
282
329
274
308
349
297
291
341
317
334
325
280
263
367
309
339
349
277
279
350
366
364
362
272
291
337
371
415
292
343
351
357
307
366
318
371
328
317
348
377
289
396
303
323
373
311
385
388
375
334
364
409
354
414
364
382
330
364
327
428
368
329
360
365
423
380
394
426
360
399
401
412
401
350
347
368
422
409
410
362
393
382
424
373
437
398
419
360
454
407
388
415
424
399
403
428
403
420
474
460
405
391
413
401
413
422
423
432
420
451
403
422
450
400
458
462
477
434
453
465
470
424
461
467
431
466
427
429
485
492
506
435
434
437
439
507
462
472
476
452
499
446
501
491
484
475
484
501
486
474
510
504
543
473
512
519
503
487
524
534
499
509
534
508
513
518
513
535
510
507
537
557
532
506
503
541
509
509
512
550
532
557
531
524
529
530
531
549
577
580
556
545
558
546
599
576
577
602
596
583
585
581
596
611
591
587
609
604
618
611
627
603
620
635
613
620
634
659
667
6
7
10
13
4
5
8
6
17
23
15
16
15
27
24
11
26
19
30
25
28
41
39
36
38
38
43
37
29
46
48
42
46
25
27
8
28
49
46
48
59
57
49
57
34
58
70
19
70
39
67
70
57
39
78
31
54
63
79
63
56
74
67
73
86
69
89
78
85
73
41
77
81
100
68
21
49
86
89
86
103
33
114
29
104
55
83
96
108
87
101
36
115
59
126
115
56
115
117
87
135
137
99
132
100
140
117
137
104
64
105
126
80
114
124
146
137
100
103
129
48
71
131
113
159
151
126
124
75
159
144
54
152
152
90
122
156
171
179
165
167
92
166
162
166
84
128
197
162
124
116
180
151
189
194
142
120
125
208
202
176
165
199
60
185
218
208
180
207
183
169
174
184
113
124
216
166
136
176
187
223
183
221
189
198
199
154
206
187
238
230
238
165
218
113
172
224
202
187
244
229
217
157
182
222
147
235
252
185
180
163
261
258
244
207
268
199
234
233
253
191
275
253
212
229
247
275
185
212
253
203
237
257
283
259
280
215
229
254
220
256
191
274
217
273
220
253
253
242
307
258
251
261
307
265
304
291
269
313
276
284
233
320
219
218
268
289
226
309
251
325
265
316
282
256
302
279
256
311
259
322
304
282
322
317
300
299
344
279
310
274
315
316
250
314
251
334
306
292
272
328
280
368
292
279
325
318
303
372
301
349
380
372
310
271
354
316
286
329
341
379
365
312
346
344
342
290
341
388
317
309
359
349
310
321
350
321
381
328
398
367
378
379
364
372
369
363
337
353
379
394
393
428
327
329
348
320
362
334
336
336
384
434
347
344
422
358
444
359
390
393
344
375
458
394
407
453
416
451
363
357
358
405
462
369
419
389
460
372
421
421
379
388
414
396
452
416
432
455
416
406
387
444
441
441
418
434
433
435
418
500
402
442
419
406
445
438
455
416
471
515
420
475
418
525
519
495
520
431
456
533
506
465
440
435
477
440
449
494
462
482
460
481
503
466
474
501
548
475
479
557
497
545
488
474
558
545
476
519
498
489
545
500
501
510
512
488
510
504
499
542
534
503
514
562
560
553
533
600
529
533
534
533
539
548
534
543
539
561
586
589
563
596
563
573
593
585
595
596
607
4
5
9
6
5
8
11
11
17
15
9
23
13
22
22
4
27
9
26
30
20
18
21
29
33
31
36
21
25
32
45
44
46
45
37
54
49
8
52
43
63
46
52
44
43
21
64
65
58
16
73
74
72
60
75
50
72
78
54
79
85
76
86
75
54
33
67
58
76
83
72
81
75
89
88
98
103
54
95
80
86
102
103
35
83
100
96
102
104
107
47
114
99
67
59
88
121
83
52
134
42
110
126
111
73
123
113
151
112
143
133
143
152
51
86
151
149
153
148
140
124
138
148
116
140
113
136
146
136
129
149
178
101
155
96
111
150
160
169
149
168
151
142
151
85
122
136
182
131
178
175
123
98
184
157
187
195
134
199
129
212
162
139
177
85
105
119
202
179
199
202
186
191
201
225
218
169
207
167
197
191
195
224
227
240
152
221
131
214
205
200
209
205
235
210
220
205
228
231
200
207
234
249
170
221
206
224
245
260
266
189
246
197
209
176
260
192
272
263
203
251
265
280
275
234
246
283
261
188
224
279
280
219
216
267
197
245
282
260
258
228
276
265
251
319
274
318
283
271
274
279
227
305
308
251
271
312
319
271
262
304
263
291
233
313
320
289
313
344
314
309
242
330
313
312
348
298
323
281
268
337
283
280
301
321
247
257
338
348
255
377
290
373
333
314
327
294
299
277
332
320
357
359
321
324
282
324
368
366
305
317
351
322
316
335
385
408
371
365
351
308
298
378
319
363
323
325
387
329
403
338
424
410
376
404
358
323
417
352
370
401
398
369
412
385
376
401
435
346
360
403
356
359
429
454
351
367
388
417
399
391
355
370
401
439
370
372
410
383
384
395
389
445
409
431
465
378
436
431
382
405
389
441
451
482
476
496
483
409
452
417
445
431
418
440
424
475
429
413
460
430
516
493
474
448
420
480
429
442
441
425
431
493
496
507
521
491
499
521
444
454
485
449
454
477
498
493
477
456
512
464
467
552
497
485
518
489
504
528
511
479
515
477
479
486
506
587
525
570
491
490
560
587
536
503
548
541
536
509
551
513
518
536
570
541
545
553
577
554
554
620
575
566
591
548
613
591
555
561
583
564
609
567
577
613
591
595
663
602
629
599
625
639
663
616
628
623
625
633
657
7
5
7
8
14
4
8
18
11
16
8
16
18
25
29
25
15
32
33
38
25
24
39
39
44
28
34
29
42
51
10
43
20
18
38
49
59
52
50
46
19
42
65
66
50
65
41
19
42
54
73
64
73
46
26
29
57
72
66
67
56
83
88
81
58
66
67
86
96
87
63
82
57
78
95
87
82
75
57
98
102
67
55
58
78
121
79
121
67
87
100
94
97
101
90
104
110
132
137
120
78
123
131
66
99
94
121
130
144
127
95
62
85
112
94
129
103
144
77
146
83
158
135
140
98
140
110
136
130
137
156
139
163
145
74
139
155
132
132
174
132
164
171
188
184
180
155
125
148
124
194
138
125
120
151
177
161
166
184
171
152
156
191
179
200
150
196
136
143
169
147
132
216
203
202
186
144
170
222
190
215
147
142
143
158
201
242
196
211
141
237
213
166
227
232
218
210
225
228
202
196
238
197
239
260
167
246
169
212
247
233
210
234
256
274
223
194
210
213
200
160
252
189
201
235
245
260
263
208
246
279
267
245
219
205
273
301
302
202
270
207
199
300
232
224
209
225
276
202
190
213
275
304
249
297
318
243
308
309
293
284
308
315
284
285
310
264
291
251
214
280
323
275
295
291
241
229
357
278
314
264
306
329
276
269
276
283
336
321
278
329
314
293
363
320
253
277
301
344
258
285
292
289
273
353
331
306
295
318
352
314
350
294
280
290
324
381
319
333
405
362
350
395
332
388
337
362
327
324
327
371
342
399
356
363
364
354
375
337
372
395
337
338
404
331
319
314
331
363
411
359
411
413
338
431
366
379
351
404
358
341
341
402
368
431
402
435
444
363
419
445
372
403
367
448
380
428
399
403
406
431
411
393
433
395
438
448
432
457
455
413
398
462
446
392
466
496
428
476
412
485
430
405
440
416
430
446
463
461
444
448
440
483
427
462
451
470
482
457
455
494
456
482
493
490
487
441
521
488
444
474
470
449
488
456
493
527
467
544
473
517
497
493
518
499
502
484
501
502
486
510
514
487
513
557
506
518
539
531
500
580
573
520
580
528
540
538
528
572
545
524
562
565
540
532
589
550
588
619
559
558
620
576
584
592
583
604
594
617
601
655
602
615
607
636
620
652
672
648
695
5
10
11
5
9
7
18
13
16
12
25
7
20
18
9
6
35
33
36
24
29
26
19
41
12
35
28
37
46
40
35
18
51
36
40
32
30
61
59
33
48
62
64
53
56
64
66
32
65
40
60
81
67
75
74
46
78
83
47
87
82
68
63
62
87
66
80
76
75
68
104
52
60
64
88
108
63
90
76
87
104
19
100
89
82
107
90
119
78
113
110
81
93
122
124
119
79
105
132
90
119
81
133
96
126
126
91
119
106
133
95
103
150
123
119
138
112
161
165
123
154
153
137
152
153
157
129
146
134
148
126
128
158
163
134
135
146
142
173
145
164
155
174
114
190
161
172
166
90
156
139
161
138
179
161
196
175
192
156
202
196
176
202
160
148
136
177
108
203
138
206
201
208
230
171
174
217
201
190
209
190
177
184
174
244
203
148
176
218
235
205
189
201
180
235
207
227
223
203
242
185
227
215
254
236
259
227
200
193
165
227
179
189
211
250
228
179
209
264
260
234
271
235
236
228
261
265
231
227
286
204
188
219
263
289
288
215
243
282
251
288
234
252
295
287
320
249
267
227
276
244
268
304
230
252
228
299
305
317
260
322
280
284
249
271
289
337
337
310
271
300
300
253
244
266
321
264
270
264
312
278
297
348
316
318
305
340
273
283
350
341
285
293
302
282
364
351
332
329
291
279
314
354
332
341
376
319
342
325
369
305
356
296
289
385
343
377
292
337
312
393
358
316
360
390
330
406
401
385
378
377
321
318
396
333
330
332
364
365
384
387
424
412
340
347
426
366
346
364
367
356
440
418
394
375
363
348
390
420
407
406
450
380
409
394
430
381
384
409
442
443
424
444
422
433
425
476
462
424
397
388
392
448
391
480
430
403
397
458
422
407
484
459
419
419
422
441
483
471
413
428
509
467
425
432
445
458
435
469
449
496
430
445
465
471
481
513
469
499
482
453
450
482
506
484
516
504
467
528
486
512
474
496
511
485
557
515
506
478
500
509
486
483
553
515
540
520
494
517
537
531
532
512
550
508
521
516
544
530
558
527
543
529
534
557
587
569
536
545
560
586
547
581
605
580
559
602
557
584
567
605
596
592
581
607
615
619
612
641
622
614
630
669
672
658
654
678
684
697
715
