42
49
56
63
65
72
73
80
80
85
93
97
100
109
111
113
118
119
125
126
131
134
139
146
42
46
11
168
9
175
183
184
29
196
39
78
205
214
214
104
223
231
231
241
248
252
253
136
263
140
267
271
144
156
164
294
291
295
165
307
304
207
317
317
214
328
79
194
202
201
205
99
209
107
364
111
371
118
150
380
154
132
388
395
398
402
402
253
200
257
415
420
422
424
221
432
434
440
441
444
448
452
457
456
344
460
470
464
474
471
475
376
487
325
329
392
396
508
512
404
517
408
412
524
528
419
539
427
546
550
556
433
560
564
406
568
410
575
453
436
581
440
585
594
467
598
326
602
330
605
334
612
465
619
487
623
494
627
498
631
490
504
494
508
394
398
658
662
666
672
670
676
674
456
446
450
689
454
696
458
702
462
705
613
723
617
505
494
744
526
748
534
533
538
537
541
767
774
775
778
660
664
668
795
799
803
645
649
821
825
825
829
829
597
601
605
845
609
849
613
887
888
891
896
895
899
903
914
911
918
915
821
919
825
923
729
927
733
931
737
935
741
939
745
943
749
947
951
955
959
979
963
983
967
843
971
847
975
979
983
1007
819
1014
823
841
845
849
1041
1045
1049
1053
835
1064
839
1072
1076
1080
823
827
1093
831
1097
835
1101
839
1105
843
1109
847
1113
851
1117
1121
1125
1129
1133
1137
1141
1145
1149
1153
1171
1157
1175
1161
1179
1165
1183
1169
1187
1173
1191
1177
1195
1181
1199
1185
1203
1189
1207
1193
1211
1197
1215
1201
1219
1205
1223
1209
1227
1213
1217
1221
1225
1264
1229
1268
1233
1237
1241
1245
1249
1253
1257
1261
1307
1265
1311
1269
1315
1273
1319
1277
1323
1281
1327
1285
1138
1289
1142
1293
1297
1301
1305
1309
1313
1317
1321
1325
1329
1333
1337
1341
1345
1349
1353
1357
1361
1365
1369
1373
1377
1381
1385
1389
1393
1397
1401
1480
1405
1484
1409
1488
1413
1492
1417
1421
1425
1514
1429
1518
1433
1383
1437
1387
1441
1391
1445
1449
1396
1453
1400
1457
1404
1461
1408
1465
1416
1469
1420
1473
1424
1477
1428
1481
1432
1485
1436
1489
1440
1493
1444
1497
1501
1505
1384
1388
1644
1648
1423
1658
1427
1662
1431
1666
1433
1437
1682
1441
1686
1445
1550
1554
1703
1707
1711
1483
1722
1487
1726
1485
1489
1745
1749
1753
1757
1653
1657
1661
1665
1669
1673
1792
1677
1796
1681
1676
1685
1680
1689
1578
1590
1582
1594
1598
1920
1924
2164
2168
2560
2564
2442
2446
2450
2454
2353
2357
2361
2365
2369
41
45
52
56
64
74
77
81
88
88
95
105
108
111
118
126
128
135
139
146
149
150
26
49
53
36
48
177
181
187
191
194
199
203
209
211
224
225
231
6
238
244
249
252
33
261
267
269
46
277
66
283
73
179
13
302
17
140
318
110
331
214
190
194
170
221
351
225
118
122
365
126
369
377
226
381
255
388
259
395
397
407
405
409
415
413
425
421
429
425
433
429
442
446
438
454
442
458
469
472
479
479
483
371
492
375
502
379
507
228
516
517
240
530
409
244
417
424
536
540
432
460
552
464
556
560
325
564
590
572
598
602
602
606
590
478
594
482
496
486
490
612
494
514
403
404
411
653
363
417
667
671
573
678
577
686
584
690
588
694
585
698
702
586
717
496
500
615
623
735
621
561
636
565
569
643
618
650
622
652
591
776
595
783
599
684
691
801
802
805
649
515
519
609
824
575
579
835
583
839
587
687
591
595
852
599
700
603
704
611
877
615
685
903
903
907
707
911
711
799
715
803
719
811
941
779
945
830
844
848
798
971
806
975
810
979
814
875
818
879
822
883
826
887
728
735
846
1020
850
1024
752
809
756
813
895
899
1055
1059
1065
941
1069
949
1073
953
960
1090
1094
1096
1098
914
819
918
823
1127
1131
996
1000
1146
1152
1030
1156
1034
1160
937
1164
941
1061
1065
1026
1033
1195
1199
1199
1024
1042
1028
1050
1054
1058
1062
1235
1066
1239
1073
1115
1123
1251
1127
1255
1259
1012
1263
1016
1139
1147
1297
1301
1196
1200
1204
1030
1200
1034
1096
1038
1100
1042
1104
1108
1112
1116
1120
1124
1128
1132
1136
1140
1144
1148
1152
1159
1163
1167
1171
1426
1175
1430
1179
1434
1183
1293
1187
1297
1191
1301
1195
1305
1309
1313
1317
1321
1325
1329
1333
1337
1341
1501
1345
1505
1349
1509
1353
1412
1357
1416
1361
1420
1365
1249
1369
1253
1373
1257
1377
1381
1385
1389
1393
1397
1401
1405
1409
1413
1417
1643
1647
1651
1659
1664
1663
1668
1667
1672
1550
1676
1554
1680
1558
1684
1562
1688
1415
1692
1419
1536
1540
1740
1744
1765
1649
1776
1653
1780
1784
1788
1551
1555
1559
1852
1856
1732
1736
1881
1885
1736
1740
1641
1645
2004
2008
2012
1876
1880
1884
1888
1892
1896
1900
1904
1908
1912
1916
1920
2124
2128
1918
1922
2181
2185
2189
2193
2370
2373
2374
2264
2268
2140
2144
2148
2152
2471
2475
2324
2328
2332
2544
2548
2552
2556
2560
2564
2460
2464
2819
2823
2827
2831
2835
2839
2843
2847
2851
2855
2859
2863
2867
2871
2875
2879
2883
41
45
52
56
64
74
77
81
88
88
95
105
108
111
119
120
125
11
133
140
141
144
150
9
33
162
166
170
174
177
17
187
193
193
203
209
216
216
220
230
228
238
242
243
252
251
255
252
130
266
137
268
141
145
282
282
294
290
301
308
172
314
176
313
180
317
187
333
201
340
205
347
209
213
190
217
198
366
176
376
378
218
277
281
392
125
399
404
405
145
421
422
425
138
430
442
281
449
453
459
237
463
469
463
250
259
369
263
373
267
271
279
161
372
517
416
179
335
240
395
349
402
406
553
413
453
264
268
375
577
580
581
584
591
292
595
296
603
430
320
437
322
504
326
515
631
522
536
526
313
492
459
466
500
470
474
388
380
482
486
402
392
493
367
371
710
714
378
382
722
475
479
395
573
399
467
471
553
557
764
768
604
630
440
634
528
448
532
536
630
540
634
544
468
548
621
552
821
821
825
829
832
573
836
577
581
847
585
851
589
855
859
867
677
871
681
728
685
732
689
887
891
687
706
763
767
705
622
709
626
713
630
717
634
721
638
728
642
732
646
650
754
654
758
964
971
972
980
786
984
844
779
848
726
776
730
809
683
1020
687
1024
1032
826
1040
830
920
834
924
823
859
827
1066
872
876
1082
1081
865
1085
1089
872
1093
880
1101
884
888
1114
892
1118
896
966
900
970
904
908
915
1148
919
1152
1156
927
1160
1164
1168
1178
1172
1182
1176
1010
1180
1014
1184
886
1082
890
1086
894
939
898
943
1026
1230
1030
1234
1034
1238
918
1242
922
1246
926
975
979
1264
1268
1146
1150
1049
1053
1057
1065
1069
1076
1080
1084
1327
1088
1331
1092
1335
1096
1339
1100
1343
1104
1347
1108
1351
1112
1134
1116
1138
1120
1413
1417
1421
1423
1425
1427
1297
1435
1301
1439
1305
1443
1309
1253
1453
1257
1457
1125
1461
1129
1465
1133
1469
1473
1477
1487
1481
1491
1485
1279
1283
1347
1166
1351
1173
1355
1177
1251
1181
1258
1548
1552
1317
1321
1325
1567
1403
1407
1595
1599
1603
1607
1613
1470
1617
1474
1621
1382
1386
1643
1647
1684
1688
1694
1472
1698
1476
1702
1362
1497
1366
1501
1405
1409
1753
1757
1761
1657
1661
1665
1669
1676
1680
1684
1688
1692
1696
1490
1494
1498
1502
1845
1848
1849
1714
1718
1596
1600
1728
1878
1882
1786
1790
1656
1660
1664
1928
1932
1936
1940
1944
1948
1957
1952
1961
1956
1805
1960
1809
1964
1868
1872
1761
1765
1769
2033
2037
2041
1698
1917
1921
1804
1808
2394
2398
2385
2506
2510
41
45
52
56
64
74
77
81
89
96
98
103
105
108
112
127
129
136
137
34
146
150
45
159
162
169
169
177
178
184
182
190
191
196
198
198
202
207
212
213
221
221
233
233
237
240
247
247
253
254
261
266
269
276
274
175
281
289
184
296
191
307
313
316
317
219
326
223
330
227
334
342
338
345
349
357
352
356
233
237
376
370
274
378
388
382
386
390
401
394
408
398
412
402
406
422
324
432
435
444
445
434
345
441
458
445
356
449
470
453
369
457
376
464
471
496
475
500
479
510
513
514
518
417
524
533
425
538
540
542
549
441
553
445
557
565
434
570
575
580
580
584
588
590
594
596
460
600
464
604
468
612
476
616
623
634
627
643
634
647
638
642
646
538
650
535
654
673
658
681
563
690
692
590
594
557
707
580
711
603
718
722
581
602
624
628
632
636
640
763
764
767
654
778
787
653
795
660
799
798
802
812
693
816
700
704
828
838
832
842
840
847
854
858
862
877
866
881
870
885
874
889
878
780
896
784
900
785
904
908
792
912
796
916
800
920
804
924
808
928
812
932
816
936
820
940
944
828
948
832
836
955
840
959
844
963
967
839
971
846
975
998
979
862
983
866
987
991
1022
998
1026
1002
919
1006
923
1010
927
1014
1049
1018
1053
1022
1057
1026
923
1030
1034
931
1038
1079
1042
1046
1086
1050
942
1054
949
1058
953
1062
1066
1070
1074
1078
1082
1086
1090
1094
1146
1098
1150
1154
1106
1158
1110
1168
1114
1172
1118
1122
1178
1126
1186
1130
1190
1138
1194
1142
1198
1146
1202
1150
1206
1154
1210
1158
1214
1162
1218
1166
1077
1170
1081
1174
1178
1182
1257
1186
1261
1190
1194
1198
1202
1206
1210
1214
1218
1225
1229
1233
1237
1241
1245
1249
1253
1257
1261
1265
1269
1273
1277
1281
1285
1289
1293
1297
1301
1305
1309
1313
1317
1321
1430
1325
1434
1329
1303
1333
1307
1337
1341
1345
1329
1349
1333
1353
1337
1357
1361
1481
1365
1485
1369
1377
1381
1385
1389
1393
1397
1401
1405
1409
1413
1417
1421
1426
1425
1430
1429
1433
1437
1441
1445
1449
1453
1457
1461
1465
1469
1473
1477
1481
1485
1489
1493
1497
1501
1505
1509
1513
1517
1521
1525
1529
1533
1761
1765
1769
1773
1777
1781
1681
1685
1817
1825
1829
1717
1721
1859
1863
1747
1751
1961
1965
1979
2016
2020
1898
1902
1906
1910
2052
2056
2090
2094
2098
2102
2106
2158
2162
2055
2059
2063
2067
2071
2075
2079
2083
2087
2091
2095
2099
2103
2433
2437
2441
2322
2326
2330
2334
34
40
45
52
53
60
78
77
83
85
92
96
98
107
107
116
122
129
135
142
143
150
151
160
164
173
179
187
191
191
198
76
209
80
115
223
227
124
106
233
110
242
246
254
258
262
266
269
273
280
279
284
283
179
147
298
156
305
160
308
312
174
178
320
324
70
337
74
344
236
348
240
157
360
364
128
372
132
375
379
385
390
393
196
400
403
408
412
417
418
422
270
433
434
437
440
301
305
459
463
346
350
365
346
369
483
250
363
495
307
501
509
509
360
518
289
373
525
536
539
544
547
551
547
377
551
385
574
312
581
583
587
587
328
586
446
497
450
501
454
617
458
462
445
466
449
470
526
644
418
658
662
665
659
669
666
541
569
545
573
695
699
578
522
526
589
530
460
728
562
566
735
570
739
574
518
578
582
496
590
761
594
509
601
776
605
609
524
613
790
617
794
624
628
805
632
699
636
640
707
644
648
715
652
841
656
660
732
667
591
595
675
679
871
683
614
690
618
694
698
625
702
632
906
636
716
686
690
723
697
730
701
734
705
738
742
746
688
692
754
955
758
694
762
698
774
983
987
782
986
786
990
794
1006
798
1010
802
806
745
810
1025
814
818
1036
822
767
826
1046
830
1056
1064
1068
1072
896
1089
1093
982
1107
986
953
855
960
862
910
1134
914
1138
1131
1145
1135
1139
1153
1143
1029
1147
1033
1166
1170
1178
1042
1195
1046
1199
1083
972
1087
979
1091
983
955
987
959
963
1219
1223
1227
1231
1254
1235
1131
1239
1135
1243
1247
1274
1251
1278
1255
1033
1259
1037
1263
1041
1267
1045
1271
1275
1279
1124
1128
1373
1377
1149
1277
1153
1281
1413
1418
1417
1422
1310
1426
1314
1430
1434
1322
1438
1326
1442
1330
1446
1334
1324
1338
1328
1342
1346
1350
1354
1358
1487
1362
1491
1366
1495
1370
1368
1374
1372
1378
1376
1382
1386
1521
1390
1525
1293
1394
1297
1398
1297
1304
1301
1308
1305
1312
1316
1320
1324
1328
1581
1585
1589
1479
1483
1487
1495
1629
1632
1633
1636
1394
1533
1398
1537
1541
1545
1549
1553
1671
1557
1675
1561
1679
1565
1683
1569
1521
1573
1525
1577
1581
1702
1585
1706
1595
1713
1599
1719
1723
1571
1575
1752
1756
1760
1602
1606
1775
1779
1792
1681
1796
1685
1689
1651
1693
1655
1697
1701
1705
1834
1838
1842
1607
1611
1615
1896
1900
1928
1932
1936
1826
1830
1721
1725
1855
2260
2264
2128
2132
2136
2624
2628
2397
2401
2405
2409
2413
2417
2895
2899
2903
2907
2911
2915
2919
2818
2822
2713
2717
34
40
45
52
53
60
78
77
85
92
97
98
112
111
119
123
123
133
136
150
155
159
159
163
168
174
180
179
84
37
93
47
51
209
215
216
222
122
126
235
237
90
250
150
254
260
263
272
169
173
284
288
292
294
191
301
300
308
319
213
323
322
197
201
347
347
354
358
361
240
365
247
372
376
240
385
244
389
390
393
397
272
276
280
414
284
418
291
295
426
302
294
306
298
302
314
309
465
327
331
472
335
480
343
484
488
350
492
354
354
358
514
364
521
521
525
528
410
532
414
544
544
556
554
560
558
569
562
573
566
570
581
574
586
578
582
598
586
590
605
594
602
617
606
517
610
524
618
639
622
643
626
630
655
634
659
638
546
642
550
646
650
654
658
662
666
700
670
704
674
558
678
565
685
689
693
697
701
705
712
758
716
762
720
724
728
732
736
785
740
789
744
793
660
801
664
808
672
812
676
816
680
820
684
838
839
843
699
847
707
855
711
745
867
749
753
877
882
876
886
880
890
895
894
898
903
907
759
763
905
767
909
771
775
918
779
922
926
945
814
938
818
942
946
950
954
958
962
966
990
970
994
974
1002
985
996
1025
1000
1029
1004
1008
1012
1016
1020
1024
1059
1028
1063
1032
1036
1040
1044
1048
1052
1056
1060
1064
1072
1076
1080
1088
1092
1148
1099
1152
1048
1112
1052
1116
1120
1124
1128
1132
1136
1144
1148
1208
1152
1212
1156
1216
1160
1220
1164
1227
1168
1231
1172
1235
1179
1239
1243
1247
1191
1107
1195
1111
1199
1115
1203
1207
1214
1218
1222
1226
1230
1234
1238
1242
1246
1250
1328
1254
1332
1258
1344
1262
1348
1266
1207
1270
1211
1274
1278
1282
1286
1290
1294
1298
1302
1306
1405
1310
1409
1314
1262
1318
1266
1322
1326
1330
1334
1338
1445
1342
1449
1346
1337
1350
1341
1354
1358
1362
1366
1370
1378
1385
1389
1393
1397
1401
1405
1409
1413
1417
1421
1425
1429
1433
1437
1441
1445
1449
1453
1457
1590
1461
1479
1465
1483
1469
1473
1477
1481
1485
1489
1493
1497
1501
1505
1509
1513
1517
1521
1525
1529
1533
1537
1541
1545
1549
1553
1557
1718
1722
1726
1746
1651
1655
1662
1669
1673
1677
1681
1685
1689
1693
1862
1866
1894
1898
1907
1911
1915
1940
1944
1800
1804
1808
2010
2014
2031
2035
1900
1907
2067
2071
2075
2082
2086
2397
2401
2405
2409
2442
2446
2450
2454
2458
2462
2466
2470
2474
2357
2361
2365
2369
2373
2377
2381
2385
2389
2393
2397
2567
2571
2684
2688
2692
2696
2878
2882
2886
2890
2894
2898
3144
3148
4365
4369
34
40
45
52
53
60
78
77
85
92
97
98
112
111
119
126
135
135
139
145
148
152
160
162
166
56
170
181
180
187
192
83
200
211
216
220
224
14
228
104
122
108
17
246
250
255
15
266
271
28
278
282
36
290
291
298
150
183
158
316
166
325
326
330
185
338
347
346
355
253
239
213
267
250
258
258
262
393
392
400
403
408
405
259
416
83
419
428
432
437
438
443
442
447
451
450
459
453
466
463
467
358
478
377
488
211
492
215
496
315
508
509
409
521
242
529
250
531
300
423
304
299
363
555
367
188
379
192
383
261
267
445
271
449
220
224
282
228
232
603
236
607
240
611
244
515
248
252
522
256
637
260
538
642
542
646
495
440
499
444
308
672
312
682
687
485
489
694
369
698
373
345
537
725
725
729
732
605
736
609
743
744
621
751
625
581
629
633
637
768
605
645
609
653
444
545
452
549
806
408
810
813
817
516
520
427
837
438
841
442
845
446
849
450
857
861
871
873
654
877
881
675
903
543
547
904
551
908
912
558
562
929
566
827
570
831
946
955
959
969
646
977
990
629
994
835
643
842
723
686
727
752
898
756
902
1018
789
1022
793
1026
797
1030
801
1037
805
1041
699
1045
703
1049
719
1053
723
1057
1080
1061
1084
1065
1088
1069
705
1077
713
1081
1085
1115
1089
832
1093
836
738
742
1147
1151
1154
1155
1158
1159
1162
796
975
800
804
982
808
986
812
990
943
994
947
998
951
1006
1010
1017
1084
1088
1092
1096
1100
973
977
981
985
1293
1041
1045
1127
1312
1320
1323
1140
1330
1144
1148
1152
1343
1156
1347
1160
1384
1388
1265
1269
1406
1410
1414
1297
1301
1122
1126
1130
1444
1134
1448
1138
1314
1142
1318
1146
1322
1150
1189
1154
1193
1158
1162
1481
1166
1485
1170
1373
1174
1377
1178
1267
1182
1271
1186
1275
1190
1279
1194
1198
1527
1202
1531
1332
1590
1594
1594
1598
1626
1630
1313
1320
1324
1668
1673
1672
1677
1382
1524
1386
1528
1336
1340
1344
1711
1424
1428
1401
1405
1749
1753
1757
1761
1765
1769
1773
1777
1781
1794
1798
1803
1802
1807
1806
1811
1586
1815
1590
1594
1823
1827
1831
1835
1843
1689
1847
1693
1851
1697
1855
1701
1859
1705
1586
1709
1590
1713
1492
1717
1496
1721
1500
1725
1945
1949
1799
1803
1970
1974
1782
1786
1642
1646
2080
1970
1974
1806
1810
2173
2177
2061
2065
2459
2463
2466
2357
2261
2361
2265
2365
2151
2369
2155
2373
2159
2377
2163
2381
2385
2389
2393
2285
2289
2137
2141
36
43
44
57
63
75
83
84
88
94
96
99
103
108
111
116
124
125
137
137
9
144
149
20
165
169
175
179
40
187
44
194
195
201
203
205
212
214
220
221
227
232
236
242
242
249
256
130
40
264
274
275
152
163
288
25
300
303
184
316
319
61
323
68
336
216
222
220
349
351
356
355
363
371
263
391
395
281
241
288
53
412
254
421
422
311
327
315
84
443
334
459
195
199
468
475
355
359
10
218
222
274
209
213
389
510
34
100
402
104
301
305
293
546
297
556
557
341
127
573
576
104
337
588
149
351
349
355
602
610
487
328
623
144
379
499
503
386
642
326
399
403
335
663
247
527
673
531
677
679
266
553
300
420
424
570
313
610
714
498
591
625
312
629
316
359
741
363
250
257
254
261
654
547
650
551
654
558
780
565
789
455
796
463
801
705
383
709
595
390
599
397
831
401
840
616
620
624
852
855
491
859
495
728
499
503
736
445
449
885
886
889
663
893
667
599
671
603
675
497
501
699
706
929
933
568
940
572
774
467
778
471
475
659
479
663
667
682
474
978
982
588
986
882
596
996
600
677
1006
684
910
906
914
1027
1027
1031
1031
932
936
1043
1047
898
1053
902
929
906
933
910
1072
800
804
1079
677
955
681
822
860
712
716
720
874
724
882
969
886
976
890
750
894
754
898
902
1039
906
891
910
895
914
899
918
925
833
929
837
933
727
941
731
945
949
953
1208
1212
961
1109
965
1113
969
986
973
990
873
994
877
998
750
1002
754
1006
758
1010
762
790
766
794
994
1276
998
1280
1002
1284
1288
1292
1297
1296
990
1300
994
1304
897
1188
901
1192
905
1043
1047
1051
1055
1059
1063
1067
1071
1075
1079
1083
1087
1381
1091
1385
1095
1221
1099
1225
1103
1229
1107
1108
1112
1006
1010
1437
1445
1447
1449
1451
1453
1455
1457
1459
1026
1463
1030
1337
1034
1341
1038
1345
1042
1125
1046
1129
1050
1054
1058
1062
1066
1070
1526
1528
1530
1419
1390
1423
1394
1427
1312
1552
1316
1556
1093
1560
1097
1564
1305
1573
1309
1577
1099
1355
1103
1359
1363
1256
1260
1268
1622
1626
1628
1630
1471
1475
1637
1224
1641
1228
1387
1391
1669
1670
1673
1450
1575
1454
1579
1240
1389
1244
1393
1281
1285
1714
1366
1370
1270
1274
1278
1279
1775
1779
1781
1785
1679
1683
1583
1587
1491
1495
1694
1698
1872
1876
1712
1716
2282
2286
2646
2650
2515
2660
2519
2664
2563
2567
2571
2575
2579
2482
2486
2351
2355
36
41
48
54
56
64
71
74
75
81
90
92
100
107
107
115
119
123
137
140
144
44
150
158
56
164
60
171
178
179
182
186
187
196
201
94
213
216
226
50
234
240
241
103
254
258
258
44
132
48
124
283
133
289
190
293
194
297
305
308
312
314
161
318
326
172
187
338
342
198
349
180
353
184
225
191
229
195
372
376
376
384
384
388
395
397
399
401
214
408
218
232
236
427
240
327
244
331
248
443
447
451
451
267
271
355
275
359
473
477
479
373
487
377
491
496
495
499
503
503
346
507
511
518
370
525
374
529
370
539
434
543
438
425
339
429
347
450
352
562
574
566
581
574
578
403
582
407
586
385
590
389
594
393
598
397
602
401
606
405
409
614
413
618
622
420
424
658
662
554
671
558
567
562
566
574
570
578
695
582
586
702
707
601
711
609
606
613
617
621
625
754
758
641
645
773
777
599
781
605
789
609
793
807
810
811
814
818
601
605
827
609
837
844
848
852
858
856
862
860
760
868
764
872
768
772
714
890
718
894
725
704
708
734
924
925
928
929
825
937
829
831
833
835
837
841
845
776
849
780
853
994
998
1002
1006
1010
1014
1018
1062
1066
1070
1074
1078
1108
1112
1113
1116
1117
1120
1121
1124
1128
1132
1136
1140
1144
1148
1152
1156
1160
1164
1168
1172
1176
1194
1180
1198
1184
1085
1188
1089
1192
1196
1200
1204
1208
1212
1216
1220
1224
1228
1232
1265
1236
1269
1240
1244
1248
1252
1256
1260
1264
1268
1272
1276
1280
1284
1340
1344
1348
1352
1356
1360
1364
1368
1372
1381
1271
1385
1275
1284
1279
1288
1283
1287
1291
1295
1423
1427
1296
1300
1486
1389
1492
1393
1316
1320
1324
1328
1332
1336
1340
1344
1536
1540
1544
1548
1552
1556
1560
1570
1564
1574
1568
1578
1572
1582
1576
1586
1580
1590
1584
1594
1588
1598
1592
1602
1596
1606
1600
1610
1604
1614
1608
1618
1612
1622
1616
1626
1620
1630
1624
1634
1628
1638
1632
1642
1636
1646
1640
1650
1644
1654
1648
1658
1652
1662
1656
1666
1660
1670
1664
1674
1668
1678
1672
1682
1676
1686
1680
1690
1684
1694
1688
1698
1692
1702
1696
1706
1700
1710
1704
1714
1708
1718
1712
1722
1716
1726
1720
1730
1724
1734
1728
1738
1732
1742
1736
1746
1616
1750
1620
1754
1758
1762
1766
1770
1777
1781
1785
1789
1793
1797
1801
1805
1809
1813
1817
1821
1825
1829
1833
1837
1841
1845
2155
2159
1938
1942
2306
2310
2314
2318
2122
2126
2642
2646
2650
2654
2658
2662
2666
2670
2674
2714
2718
2722
2726
2560
2564
36
41
48
54
56
68
72
84
88
96
98
102
110
116
117
123
125
129
142
148
151
152
155
39
54
167
58
52
174
178
181
186
192
196
198
27
205
210
211
222
18
22
240
248
249
257
259
104
265
45
112
17
281
26
294
295
299
199
96
208
91
192
326
333
121
209
341
213
345
349
232
353
236
363
240
367
166
191
195
175
209
213
396
217
400
221
408
410
206
240
300
248
431
435
208
237
264
451
223
227
458
231
462
466
472
303
474
307
482
486
500
490
504
508
500
352
504
508
526
517
533
521
537
544
528
532
388
536
540
559
544
548
570
552
556
583
447
587
451
591
600
595
604
603
613
607
611
620
615
409
619
623
627
631
430
635
434
639
438
643
663
650
667
658
677
519
429
523
433
593
597
683
687
487
691
491
695
495
699
502
522
506
510
716
514
720
518
522
589
526
734
530
738
742
590
746
750
597
601
759
605
763
609
767
613
771
775
598
779
602
783
609
787
613
791
795
694
843
698
847
702
851
706
855
859
713
743
717
747
721
725
878
729
770
774
896
898
900
904
905
634
792
638
796
642
676
646
680
684
942
946
841
845
849
963
727
967
847
974
851
978
750
985
754
753
766
806
1015
1019
813
1023
1027
1031
1031
1035
1035
1039
1039
1043
1046
1047
1050
1051
902
1055
909
1059
1063
1067
1071
1075
1079
1083
1087
1091
1095
1099
1120
1103
974
1107
978
1111
982
1115
986
1119
990
1123
994
1127
1131
1163
1135
1167
1139
1143
1147
1183
1151
1187
1155
1089
1159
1093
917
963
1204
967
1208
971
1212
1216
1220
1226
1230
1234
1107
1111
1250
1004
1254
1008
1261
1155
1159
1163
1167
1171
1057
1061
1108
1112
1342
1346
1350
1192
1196
1373
1377
1248
1252
1256
1243
1247
1408
1410
1412
1414
1310
1143
1314
1147
1217
1151
1221
1155
1225
1444
1232
1448
1236
1240
1244
1485
1490
1489
1494
1493
1391
1497
1395
1501
1399
1505
1509
1513
1517
1521
1333
1337
1586
1590
1590
1594
1478
1326
1485
1330
1361
1334
1365
1338
1627
1631
1639
1643
1452
1456
1675
1679
1687
1691
1695
1724
1727
1728
1731
1624
1632
1640
1753
1644
1757
1545
1579
1549
1583
1587
1806
1810
1814
1818
1825
1680
1829
1684
1719
1556
1723
1560
1727
1731
1735
1739
1743
1962
1966
2056
1874
1878
2079
2083
1975
1979
2186
2190
2230
2234
2238
2242
2246
2250
2130
2134
2138
2021
2025
2029
2313
2317
2321
2325
2329
2333
2198
2202
2089
2093
2097
2506
2510
2514
2518
2522
2526
2530
2384
2388
2392
12
40
54
61
68
68
76
79
86
90
92
99
105
110
114
9
130
129
134
13
143
17
150
151
161
165
165
38
172
177
18
193
199
211
212
69
218
223
228
234
235
108
243
66
249
257
66
261
25
268
281
283
291
290
102
105
106
302
198
45
318
320
159
147
151
207
75
211
79
67
86
190
363
120
99
371
103
107
380
271
384
388
208
399
403
294
412
189
193
416
426
200
204
433
211
330
259
263
452
267
456
462
463
469
472
476
214
287
218
291
295
372
299
500
503
385
511
511
515
521
519
523
527
527
534
531
535
543
546
392
380
449
388
392
566
396
398
577
402
581
406
585
432
589
331
491
495
338
499
610
503
614
467
618
474
622
626
628
630
634
641
638
395
642
403
657
661
556
664
560
539
564
543
568
575
690
579
590
464
597
468
601
470
474
721
478
725
482
599
486
490
739
494
747
498
604
502
506
612
514
514
518
648
784
652
788
656
517
521
525
529
533
537
825
541
829
833
596
600
841
604
845
849
611
615
859
867
669
673
885
677
889
681
892
900
899
904
903
802
907
806
911
810
764
673
768
677
772
681
947
951
706
960
713
967
717
971
721
975
725
979
729
983
733
987
740
995
744
748
752
1014
756
1018
760
1025
764
1029
768
1033
772
1037
776
1041
780
1045
784
1049
788
1053
792
1057
799
1061
803
1065
807
1069
811
1073
815
1077
819
1081
823
1085
827
1089
831
1093
835
1097
839
1101
843
905
847
909
851
1022
1026
1030
915
919
1172
1176
1048
1052
1056
1060
1064
1206
1071
1210
1075
1002
1079
1083
1009
1087
1013
1091
1095
1099
1103
1107
1111
1261
1115
1265
1119
1161
1123
1165
1127
1169
1131
1135
1139
1143
1147
1155
1316
1159
1320
1163
1133
1167
1137
1171
1175
1179
1183
1187
1191
1195
1199
1203
1207
1211
1215
1111
1115
1406
1410
1414
1418
1422
1426
1430
1434
1271
1275
1474
1376
1482
1380
1486
1384
1220
1388
1224
1254
1228
1258
1511
1515
1518
1404
1522
1408
1526
1301
1408
1305
1412
1309
1563
1567
1592
1596
1356
1360
1364
1368
1372
1376
1380
1384
1388
1714
1718
1722
1602
1606
1740
1744
1748
1752
1793
1797
1801
1583
1805
1587
1677
1681
1685
1689
1693
1697
1701
1705
1609
1613
1617
1889
1893
1688
1692
1748
1934
1838
1842
2015
2019
2023
2027
2040
2044
1932
1936
2259
2263
2267
2271
2275
2279
2283
2287
2291
2295
2299
2303
2307
2311
2315
2319
2323
2327
2331
2164
2168
2381
2385
3249
3253
3085
3089
3093
3097
12
40
54
61
68
68
76
79
84
86
94
97
104
104
120
6
130
13
136
141
146
154
7
163
167
170
174
40
180
187
189
193
198
64
205
209
213
220
222
30
34
111
238
118
122
250
252
259
261
112
268
273
274
281
292
295
300
301
307
152
316
322
319
332
175
339
342
348
350
354
351
204
362
368
257
378
374
382
384
235
396
400
398
404
410
408
256
418
421
278
432
285
438
436
284
449
340
457
354
260
470
473
347
273
477
485
360
488
495
492
500
496
518
419
524
526
427
406
530
409
537
421
544
421
548
559
552
556
568
560
572
476
452
341
591
345
585
600
589
488
593
480
601
507
454
511
458
389
393
472
476
401
480
405
484
488
415
671
419
678
574
687
578
535
582
539
586
499
712
716
526
720
530
724
728
734
732
738
736
606
610
631
635
759
639
763
768
570
655
780
577
784
788
539
543
804
635
817
639
821
643
825
709
832
713
717
848
852
856
858
860
862
864
871
715
875
719
879
883
887
887
891
891
794
895
798
899
802
903
806
907
918
911
915
926
919
732
923
736
740
943
744
799
748
752
807
756
968
972
972
976
829
833
999
1003
1007
1011
1021
1025
1028
1036
1040
872
876
1058
941
1062
945
1066
949
1070
953
1074
1082
1086
1090
1094
1098
1102
1106
1110
1114
1118
1122
1144
1126
1148
1130
968
1134
972
1138
1142
1146
1150
1154
1158
1162
1166
1170
1174
1181
1185
1189
1193
1228
1197
1130
1201
1134
1205
1138
1209
1040
1213
1044
1217
1048
1221
1052
1225
1056
1229
1060
1233
1064
1237
1068
1241
1072
1245
1076
1249
1080
1253
1084
1257
1088
1261
1092
1265
1096
1269
1103
1273
1107
1277
1111
1281
1115
1285
1119
1289
1123
1293
1297
1130
1301
1134
1305
1309
1313
1317
1321
1389
1325
1393
1329
1397
1333
1337
1341
1442
1446
1450
1454
1458
1462
1337
1360
1341
1364
1345
1260
1349
1264
1353
1268
1357
1389
1361
1393
1365
1397
1369
1401
1405
1377
1525
1381
1529
1385
1332
1389
1336
1393
1340
1397
1401
1551
1405
1555
1409
1565
1413
1569
1417
1442
1421
1446
1425
1330
1429
1334
1433
1338
1342
1659
1663
1667
1671
1690
1694
1698
1600
1604
1490
1494
1723
1498
1727
1502
1550
1506
1554
1510
1558
1562
1751
1566
1755
1570
1574
1578
1582
1586
1590
1594
1598
1602
1610
1817
1821
1825
1829
1833
1724
1728
1859
1863
1867
1871
1875
1880
1764
1884
1768
1888
1892
1896
1900
1904
1908
1912
1916
1807
1811
1698
1702
2009
2013
2017
2491
2495
2499
2503
2507
2365
2369
2373
36
36
43
46
54
65
66
74
75
82
90
93
94
99
98
105
111
113
118
126
127
133
136
145
147
154
32
170
177
54
185
186
6
96
200
204
207
212
26
218
224
226
125
230
129
241
248
247
39
264
269
278
278
282
282
286
286
297
192
307
306
209
317
321
84
332
336
97
343
343
235
351
149
360
367
368
377
378
384
387
394
187
257
406
200
270
417
422
211
426
215
319
221
291
225
295
447
303
458
461
463
296
476
480
480
383
339
496
499
503
358
338
362
412
522
527
375
531
534
390
538
437
399
403
555
562
559
565
570
427
465
473
440
588
358
400
455
366
430
413
434
438
470
442
474
446
391
634
454
641
462
478
466
654
470
474
491
495
482
486
674
675
686
683
690
697
527
701
703
705
707
556
605
563
554
730
734
621
738
567
742
571
746
516
758
758
765
591
775
676
553
680
557
567
617
571
575
625
579
583
815
819
826
599
834
603
838
842
846
853
850
757
761
748
871
752
711
759
715
763
767
771
775
779
783
787
791
795
799
932
803
936
807
816
811
820
815
819
957
823
961
827
965
831
857
835
861
839
865
843
850
998
854
1002
858
868
862
872
866
870
874
878
882
1035
886
1039
890
1043
894
857
898
861
902
865
906
1068
910
1072
914
1076
918
922
1087
926
1091
930
1095
934
976
938
980
942
946
950
1121
954
1125
958
1129
962
995
966
999
970
1003
974
978
969
982
973
986
990
981
994
998
1002
1006
1010
1014
1018
1022
1026
1030
1034
1038
1042
1239
1050
1243
1054
1247
1058
1062
1255
1066
1070
1074
1273
1078
1277
1082
1160
1086
1164
1090
1094
1098
1303
1102
1106
1110
1114
1118
1122
1335
1126
1339
1343
1134
1347
1138
1351
1142
1355
1146
1359
1150
1363
1372
1367
1230
1153
1234
1157
1161
1169
1173
1177
1181
1185
1426
1430
1204
1211
1215
1219
1226
1230
1478
1376
1380
1283
1287
1291
1295
1299
1303
1307
1311
1315
1319
1323
1327
1331
1563
1335
1567
1339
1343
1347
1351
1355
1359
1363
1367
1371
1375
1379
1383
1626
1630
1634
1638
1642
1646
1739
1743
1646
1650
1654
1658
1561
1565
1867
1871
1722
1726
1929
1987
1991
1995
1999
2003
2007
1902
1906
1804
1808
1812
1816
1820
1824
1828
1832
1836
1840
1844
1848
1852
1860
1864
1868
1872
1876
2162
2166
2040
2044
2220
2224
2118
2122
2025
2029
2277
2281
2134
2138
2142
2146
2305
2150
2309
2154
2158
2162
2166
2170
2174
2338
2178
2342
2346
2350
2798
2802
2634
2638
2875
2879
36
36
43
46
54
65
66
74
75
82
90
93
98
99
102
108
110
114
124
128
128
135
141
17
149
25
51
55
163
171
171
175
178
184
185
188
191
47
195
93
207
10
215
223
223
227
234
238
243
246
129
50
5
261
265
266
275
277
283
282
39
43
74
197
6
51
55
210
59
63
219
216
227
49
348
53
355
361
226
365
230
264
234
245
238
119
254
123
393
287
397
83
404
87
410
192
417
417
421
428
430
442
446
269
453
277
281
465
472
473
481
480
484
488
488
492
188
389
393
515
246
519
250
306
532
425
540
544
542
436
403
325
407
329
411
415
455
419
344
348
300
463
304
467
312
471
604
611
611
493
615
627
399
634
630
634
638
494
498
453
659
457
663
666
670
674
677
554
682
686
568
690
572
694
698
437
702
582
706
448
452
456
585
474
750
482
448
452
607
611
465
507
469
628
473
477
636
481
528
485
489
559
493
563
817
817
821
821
703
707
834
711
838
715
732
719
736
723
596
710
600
737
867
628
871
632
590
882
598
886
602
741
748
904
780
908
784
912
788
812
792
816
796
720
800
724
936
940
944
696
954
700
958
962
808
812
715
719
723
994
999
998
1003
875
1007
879
1011
774
1015
778
1019
1028
1023
1032
1027
1031
1035
1048
1039
1052
1043
1047
1059
1051
907
1055
911
1059
1063
1067
1071
930
1098
934
1102
938
839
843
847
1127
1132
1136
867
1032
1036
874
878
885
889
1168
1172
1172
964
1176
968
1183
972
1187
1086
1191
1090
1086
989
1090
996
907
911
1221
1225
1058
1062
1237
1241
1134
1248
1252
1254
1127
1146
1131
1150
1135
1041
1030
1045
1034
1038
1042
1291
1046
1295
1050
1031
1054
1035
1058
1039
1062
1066
1070
1074
1022
1078
1082
1086
1090
1094
1098
1102
1106
1110
1114
1118
1122
1126
1130
1134
1138
1142
1146
1150
1154
1158
1435
1162
1439
1166
1443
1174
1450
1178
1454
1182
1338
1186
1342
1190
1477
1194
1481
1198
1354
1202
1358
1206
1179
1210
1214
1218
1222
1226
1517
1230
1323
1234
1327
1238
1216
1246
1250
1254
1258
1262
1266
1270
1274
1278
1282
1286
1290
1294
1298
1302
1306
1632
1645
1649
1655
1521
1659
1525
1529
1533
1537
1541
1545
1698
1702
1568
1572
1797
1801
1805
1809
1591
1595
2101
2105
1885
1889
2481
2485
2489
2393
2397
2608
2612
2616
2620
2624
2628
2632
2636
2640
2644
2648
2652
2656
2660
2664
2668
2672
2676
2680
2684
2688
2692
2696
2700
2704
2708
2712
2716
2720
2602
2606
2508
2512
2516
2520
36
36
43
46
54
62
65
69
75
76
84
94
98
100
109
117
117
124
126
128
142
144
46
28
157
37
59
25
170
176
34
183
187
188
81
195
201
201
207
210
214
216
108
224
112
233
234
237
16
244
27
5
265
38
16
5
58
9
288
51
55
301
304
305
143
64
150
325
324
155
231
159
235
341
86
354
107
358
361
125
366
370
378
116
384
391
391
401
235
404
242
408
415
420
424
185
189
242
197
246
448
205
209
260
213
268
220
272
478
475
485
361
365
496
499
500
506
259
263
519
522
248
529
252
282
539
286
290
544
294
301
558
562
288
320
579
324
321
325
331
335
314
498
607
609
613
617
621
625
625
629
629
503
633
507
637
366
641
370
653
650
499
654
506
658
510
662
666
517
412
674
416
678
682
598
548
709
560
720
722
724
726
728
730
732
734
736
738
740
744
745
636
749
640
753
773
761
777
765
769
784
635
795
639
643
787
791
795
813
817
820
821
825
829
837
637
841
641
845
737
741
864
862
868
757
761
881
890
891
894
895
902
665
669
903
924
907
932
915
936
696
940
700
944
948
934
952
938
956
942
960
946
964
950
822
954
826
981
730
734
989
741
993
745
1000
1004
994
998
1006
1040
1031
1044
1019
1023
1050
1063
1067
867
1062
871
800
804
1090
1094
812
1098
985
1110
989
1114
874
851
878
855
882
886
1099
890
1103
1107
1144
1111
1148
1115
1152
1119
1123
1159
1127
1026
1131
1030
1135
1034
1139
1038
1032
1042
1036
1271
1275
1279
1283
1287
1291
1295
1299
1303
1307
1311
1315
1322
1326
1330
1334
1338
1342
1346
1350
1369
1354
1373
1358
1362
1366
1199
1203
1207
1211
1420
1424
1296
1304
1442
1173
1446
1450
1180
1353
1184
1357
1188
1361
1192
1483
1487
1492
1496
1288
1292
1296
1300
1304
1543
1547
1551
1555
1559
1563
1567
1575
1571
1579
1575
1435
1579
1439
1583
1443
1587
1317
1591
1321
1595
1325
1599
1329
1603
1607
1611
1615
1619
1623
1627
1631
1635
1639
1643
1647
1651
1655
1659
1663
1667
1671
1675
1679
1683
1687
1691
1695
1699
1703
1707
1711
1604
1608
1612
1616
1498
1502
1506
1510
1514
1518
1837
1841
1853
1857
1911
1947
2005
2009
2013
1917
1921
2043
2047
1944
1948
2069
2073
1935
1939
2370
2374
2378
2382
2386
2390
2394
2398
2402
2406
2410
2169
2173
2543
2547
2434
2438
2442
2281
2285
2289
2293
2297
2301
2305
2309
2313
2317
2810
2814
2669
2673
2677
2563
2567
3924
3928
3789
3793
3657
3661
3665
3669
3673
3677
3681
