5 0.83
10 3.23
15 3.4
20 3.75
25 4.27
30 3.83
35 3.8
40 4.2
45 4.09
50 4.44
55 4.14
60 4.38
65 4.57
70 4.79
75 4.69
80 4.77
85 4.66
90 3.88
95 3.54
100 3.15
105 2.18
110 1.61
115 1.39
120 1.19
125 1.2
130 1.18
135 0.8
140 0.86
145 0.98
150 0.87
155 0.78
160 0.72
165 0.68
170 0.57
175 0.69
180 0.59
185 0.39
190 0.44
195 0.36
200 0.34
205 0.32
210 0.14
215 0.17
220 0.26
225 0.17
230 0.18
235 0.17
240 0.14
245 0.12
250 0.18
255 0.11
260 0.12
265 0.1
270 0.16
275 0.11
280 0.08
285 0.11
290 0.06
295 0.06
300 0.05
305 0.05
310 0.04
315 0.08
320 0.07
325 0.02
330 0.02
335 0.03
340 0.02
345 0.05
350 0.03
355 0
360 0.05
365 0.04
370 0.03
375 0.02
380 0.04
385 0.02
390 0.02
395 0.01
400 0.01
405 0.02
410 0.02
415 0.01
420 0.03
425 0.01
430 0.01
435 0.01
440 0.02
445 0
450 0
455 0
460 0.02
465 0.01
470 0.02
475 0
480 0
485 0.02
490 0.01
495 0.01
684 0.09
5 0.81
10 3.9
15 3.83
20 3.75
25 3.77
30 3.74
35 4.03
40 4.14
45 3.85
50 4.25
55 4.14
60 4.74
65 4.37
70 4.28
75 4.29
80 4.36
85 4.33
90 3.89
95 3.62
100 2.8
105 2.47
110 1.71
115 1.41
120 1.45
125 1.14
130 1
135 0.96
140 0.97
145 0.8
150 0.82
155 0.71
160 0.72
165 0.67
170 0.68
175 0.54
180 0.57
185 0.52
190 0.47
195 0.3
200 0.41
205 0.45
210 0.28
215 0.32
220 0.15
225 0.14
230 0.16
235 0.23
240 0.2
245 0.12
250 0.22
255 0.19
260 0.18
265 0.1
270 0.12
275 0.23
280 0.13
285 0.13
290 0.13
295 0.07
300 0.04
305 0.06
310 0.06
315 0.07
320 0.07
325 0.08
330 0.08
335 0.07
340 0.06
345 0.05
350 0.03
355 0.05
360 0.06
365 0.02
370 0.02
375 0.02
380 0.03
385 0.03
390 0.02
395 0.05
400 0.01
405 0
410 0.03
415 0.02
420 0.01
425 0.02
430 0.02
435 0.01
440 0.03
445 0.01
450 0.03
455 0.02
460 0.01
465 0.01
470 0
475 0.01
480 0
485 0.01
490 0
495 0
512 0.02
5 0.91
10 3.54
15 3.87
20 3.62
25 3.56
30 3.59
35 3.75
40 4.36
45 4.38
50 4.01
55 4.17
60 4.33
65 4.37
70 4.14
75 4.53
80 4.63
85 4.81
90 4.5
95 4.23
100 2.95
105 2.45
110 1.76
115 1.5
120 1.18
125 1.28
130 0.99
135 1.16
140 0.94
145 0.85
150 0.74
155 0.78
160 0.81
165 0.67
170 0.56
175 0.63
180 0.61
185 0.45
190 0.45
195 0.35
200 0.34
205 0.2
210 0.21
215 0.33
220 0.2
225 0.27
230 0.17
235 0.25
240 0.1
245 0.07
250 0.08
255 0.1
260 0.12
265 0.08
270 0.1
275 0.11
280 0.07
285 0.05
290 0.07
295 0.13
300 0.05
305 0.05
310 0.04
315 0.02
320 0.04
325 0.04
330 0.01
335 0.02
340 0.05
345 0.01
350 0
355 0.01
360 0.01
365 0.02
370 0.01
375 0.03
380 0.01
385 0.03
390 0.01
395 0.01
400 0.01
405 0.01
410 0.01
415 0.01
420 0
425 0
430 0.01
435 0
440 0
445 0
450 0.01
455 0
460 0.01
465 0
470 0
475 0
480 0
485 0
490 0
495 0
458 0
5 1.04
10 3.86
15 4.02
20 3.74
25 3.9
30 4.08
35 4.11
40 3.89
45 3.95
50 4.43
55 4.4
60 4.19
65 4.47
70 4.45
75 4.34
80 4.15
85 4.77
90 4.52
95 3.55
100 3.07
105 2.36
110 1.65
115 1.26
120 1.19
125 1.02
130 1.08
135 1
140 0.92
145 0.86
150 0.92
155 0.69
160 0.66
165 0.68
170 0.71
175 0.65
180 0.54
185 0.42
190 0.26
195 0.4
200 0.31
205 0.31
210 0.17
215 0.25
220 0.22
225 0.15
230 0.18
235 0.19
240 0.17
245 0.15
250 0.19
255 0.17
260 0.15
265 0.03
270 0.13
275 0.07
280 0.06
285 0.06
290 0.06
295 0.11
300 0.04
305 0.02
310 0.06
315 0.07
320 0.02
325 0.06
330 0.06
335 0.02
340 0.04
345 0.02
350 0.02
355 0
360 0.03
365 0.01
370 0
375 0
380 0.01
385 0.02
390 0.01
395 0.01
400 0
405 0.01
410 0.01
415 0.02
420 0.03
425 0.01
430 0.01
435 0.02
440 0
445 0
450 0
455 0.01
460 0
465 0.01
470 0.01
475 0
480 0.01
485 0
490 0
495 0
479 0
5 0.73
10 3.98
15 3.91
20 4.05
25 3.83
30 3.73
35 3.92
40 3.98
45 4.21
50 4.19
55 3.65
60 4.25
65 4.41
70 4.69
75 4.41
80 4.56
85 4.46
90 4.04
95 3.82
100 2.7
105 2.27
110 1.97
115 1.58
120 1.17
125 1.12
130 0.98
135 1.01
140 1.23
145 0.87
150 0.84
155 0.87
160 0.72
165 0.6
170 0.61
175 0.68
180 0.5
185 0.45
190 0.35
195 0.39
200 0.38
205 0.39
210 0.28
215 0.2
220 0.24
225 0.22
230 0.1
235 0.2
240 0.19
245 0.11
250 0.16
255 0.15
260 0.1
265 0.11
270 0.18
275 0.08
280 0.09
285 0.08
290 0.07
295 0.08
300 0.03
305 0.04
310 0.1
315 0.05
320 0.07
325 0.04
330 0.02
335 0.05
340 0.03
345 0.05
350 0.06
355 0.03
360 0.01
365 0.01
370 0.03
375 0.02
380 0
385 0
390 0.04
395 0.02
400 0.01
405 0.01
410 0.01
415 0.02
420 0.01
425 0
430 0
435 0.02
440 0.01
445 0
450 0.01
455 0
460 0
465 0
470 0.01
475 0
480 0.01
485 0
490 0.01
495 0
554 0.03
5 0.65
10 3.73
15 3.59
20 3.72
25 3.77
30 4.4
35 4.03
40 3.97
45 4.13
50 4.13
55 4.44
60 4.37
65 4.11
70 4.62
75 4.62
80 4.26
85 4.19
90 4.12
95 4.03
100 3.27
105 2.31
110 1.74
115 1.2
120 1.19
125 1.11
130 1.06
135 1.14
140 0.92
145 0.9
150 0.87
155 0.82
160 0.87
165 0.74
170 0.55
175 0.58
180 0.41
185 0.4
190 0.4
195 0.38
200 0.4
205 0.25
210 0.35
215 0.26
220 0.25
225 0.19
230 0.16
235 0.2
240 0.18
245 0.18
250 0.17
255 0.19
260 0.08
265 0.19
270 0.08
275 0.06
280 0.03
285 0.07
290 0.04
295 0.08
300 0.06
305 0.09
310 0.04
315 0.03
320 0.02
325 0.05
330 0.04
335 0.02
340 0.05
345 0.05
350 0.01
355 0.03
360 0
365 0
370 0
375 0.04
380 0.01
385 0.01
390 0
395 0.01
400 0
405 0
410 0.02
415 0
420 0.01
425 0.01
430 0.04
435 0.01
440 0
445 0
450 0
455 0
460 0
465 0
470 0.01
475 0.01
480 0.01
485 0
490 0.01
495 0.03
675 0.13
5 0.74
10 3.78
15 3.82
20 3.91
25 3.75
30 4.22
35 4.35
40 4.22
45 4.56
50 4.61
55 4.37
60 3.81
65 4.21
70 4.15
75 4.17
80 4.53
85 4.34
90 4.14
95 4
100 2.68
105 2.12
110 1.8
115 1.28
120 1.13
125 1.15
130 1.19
135 1.11
140 0.88
145 0.86
150 0.78
155 0.75
160 0.73
165 0.65
170 0.52
175 0.52
180 0.65
185 0.5
190 0.39
195 0.43
200 0.41
205 0.27
210 0.24
215 0.2
220 0.16
225 0.2
230 0.29
235 0.22
240 0.18
245 0.15
250 0.12
255 0.07
260 0.12
265 0.1
270 0.07
275 0.12
280 0.14
285 0.07
290 0.04
295 0.03
300 0.06
305 0.08
310 0.05
315 0.07
320 0.06
325 0.05
330 0.01
335 0.06
340 0.02
345 0.03
350 0.04
355 0.02
360 0.03
365 0.03
370 0.03
375 0.01
380 0.01
385 0.04
390 0.01
395 0.01
400 0.01
405 0.01
410 0.02
415 0.02
420 0.01
425 0.01
430 0.01
435 0.05
440 0.02
445 0.01
450 0.01
455 0.01
460 0.01
465 0.01
470 0.01
475 0
480 0
485 0.01
490 0
495 0
573 0.05
5 0.67
10 3.5
15 4.1
20 3.36
25 4.29
30 4.11
35 3.62
40 4.45
45 3.99
50 3.85
55 4.55
60 4.14
65 4.13
70 4.79
75 4.54
80 4.57
85 4.62
90 4.18
95 3.83
100 2.65
105 2.07
110 1.67
115 1.4
120 1
125 1.25
130 0.85
135 0.92
140 1.06
145 0.83
150 0.88
155 0.86
160 0.95
165 0.75
170 0.7
175 0.48
180 0.46
185 0.5
190 0.46
195 0.29
200 0.39
205 0.27
210 0.36
215 0.38
220 0.23
225 0.22
230 0.22
235 0.19
240 0.21
245 0.16
250 0.16
255 0.1
260 0.15
265 0.12
270 0.11
275 0.12
280 0.1
285 0.07
290 0.06
295 0.1
300 0.03
305 0.05
310 0.07
315 0.11
320 0.05
325 0.08
330 0.05
335 0.03
340 0.05
345 0.04
350 0.04
355 0.03
360 0.02
365 0.06
370 0.01
375 0.05
380 0.02
385 0.01
390 0.03
395 0.03
400 0
405 0
410 0.01
415 0
420 0
425 0.01
430 0.01
435 0
440 0
445 0.01
450 0
455 0.01
460 0
465 0.01
470 0
475 0
480 0
485 0
490 0
495 0
542 0.04
5 0.77
10 3.72
15 3.61
20 3.78
25 3.93
30 4.03
35 4.08
40 4.09
45 4.48
50 4.55
55 3.97
60 3.99
65 4.24
70 4.68
75 4.2
80 4.56
85 4.46
90 4.65
95 3.51
100 3.18
105 2.14
110 1.73
115 1.29
120 1.44
125 1.19
130 1.02
135 1.16
140 1.07
145 0.88
150 0.95
155 0.77
160 0.66
165 0.66
170 0.49
175 0.59
180 0.59
185 0.48
190 0.46
195 0.3
200 0.3
205 0.26
210 0.35
215 0.24
220 0.12
225 0.16
230 0.17
235 0.16
240 0.15
245 0.17
250 0.12
255 0.12
260 0.1
265 0.11
270 0.14
275 0.08
280 0.1
285 0.08
290 0.05
295 0.05
300 0.08
305 0.05
310 0.02
315 0.02
320 0.06
325 0.02
330 0.03
335 0.04
340 0.03
345 0.01
350 0.01
355 0.01
360 0
365 0.03
370 0.01
375 0.02
380 0.01
385 0.01
390 0
395 0.02
400 0.01
405 0.01
410 0.01
415 0.01
420 0.01
425 0.01
430 0.01
435 0.04
440 0.01
445 0
450 0
455 0
460 0
465 0
470 0
475 0
480 0
485 0
490 0
495 0
576 0.02
5 0.71
10 3.46
15 3.63
20 3.79
25 3.88
30 3.71
35 4.22
40 3.86
45 4.28
50 3.91
55 4.23
60 4.38
65 4.36
70 4.16
75 4.75
80 4.27
85 4.63
90 4.61
95 3.63
100 2.89
105 2.24
110 1.65
115 1.47
120 1.23
125 0.93
130 1.05
135 1.12
140 1.02
145 1.01
150 0.72
155 0.76
160 0.7
165 0.85
170 0.68
175 0.63
180 0.58
185 0.46
190 0.47
195 0.51
200 0.26
205 0.33
210 0.34
215 0.31
220 0.17
225 0.25
230 0.28
235 0.31
240 0.11
245 0.19
250 0.18
255 0.15
260 0.13
265 0.15
270 0.09
275 0.17
280 0.03
285 0.09
290 0.08
295 0.05
300 0.08
305 0.07
310 0.04
315 0.03
320 0.11
325 0.02
330 0.03
335 0.04
340 0.01
345 0.03
350 0.08
355 0
360 0.04
365 0.01
370 0.03
375 0.03
380 0
385 0.01
390 0.02
395 0.02
400 0.02
405 0.02
410 0.02
415 0.02
420 0
425 0.01
430 0
435 0.01
440 0.02
445 0
450 0
455 0
460 0
465 0.01
470 0.03
475 0.01
480 0
485 0
490 0
495 0
533 0.02
