14
22
24
25
27
29
35
43
43
44
46
52
51
54
56
60
62
63
67
68
71
71
72
75
78
75
78
81
82
79
85
85
86
95
95
96
99
100
101
102
107
107
108
111
111
111
14
115
121
118
122
15
128
132
19
135
135
23
6
143
143
5
10
19
12
153
23
17
16
20
162
162
168
27
172
41
173
37
54
25
180
183
61
185
64
50
194
68
54
43
198
72
89
203
206
93
210
212
56
5
216
214
217
9
123
61
228
225
127
68
60
29
235
72
33
241
242
76
243
72
248
250
97
71
254
75
257
60
261
152
50
64
139
113
74
78
147
102
151
282
290
115
15
293
297
297
170
301
48
304
156
52
177
308
181
315
102
14
8
6
18
5
176
331
332
31
337
35
19
6
345
5
345
10
9
40
352
5
10
246
48
11
363
206
366
371
210
371
27
109
61
30
272
390
37
69
276
397
8
130
398
134
249
406
17
138
410
21
142
152
27
251
142
148
37
428
428
152
41
169
81
121
438
441
262
275
335
266
449
449
188
453
274
192
456
123
460
460
91
464
130
243
114
256
342
260
346
160
148
108
350
256
354
130
493
156
358
277
497
148
362
152
238
285
241
511
510
249
401
517
405
521
256
256
358
260
137
215
362
141
535
219
539
394
369
426
398
185
189
433
256
335
260
558
329
220
203
333
224
572
237
228
576
211
241
232
580
481
245
584
249
240
489
588
244
493
431
248
497
435
252
605
439
256
505
460
443
260
348
464
447
352
468
320
356
274
324
360
278
364
282
636
538
645
451
542
649
455
417
336
295
421
340
299
425
429
433
321
437
325
441
445
690
449
695
694
699
533
597
537
601
383
605
387
609
497
501
731
732
735
736
739
740
626
532
630
536
366
370
779
783
670
786
787
674
790
503
525
671
507
529
675
409
413
812
417
816
820
545
824
549
690
553
694
443
447
840
451
670
850
674
854
858
516
864
862
520
868
866
872
870
876
874
880
878
686
764
690
768
694
937
941
806
951
810
955
683
769
687
773
691
777
695
781
699
785
703
789
982
707
793
986
711
797
890
715
801
894
719
606
770
723
774
727
731
735
739
743
747
751
755
1196
1200
1082
1086
959
963
841
845
1291
1295
1299
1303
1307
1178
1182
1186
1190
1022
1026
14
22
24
25
27
29
35
39
43
44
45
43
50
52
54
57
58
61
62
63
67
64
69
69
73
74
76
78
77
80
85
87
86
91
93
95
97
100
99
104
104
104
108
108
112
113
112
117
118
122
123
124
126
129
131
132
135
138
138
140
142
142
6
146
153
150
153
154
157
159
21
163
53
167
169
61
15
176
62
180
19
184
24
80
190
189
35
31
20
53
202
35
206
210
81
90
58
215
62
222
5
223
66
9
84
231
237
235
241
241
115
239
245
5
249
248
9
121
128
89
257
260
130
164
265
71
270
269
270
274
96
79
77
100
281
23
81
9
285
27
13
154
289
293
297
297
8
5
209
12
5
21
317
109
13
321
24
25
23
20
149
29
153
235
31
128
32
214
12
38
36
221
19
355
93
217
221
178
360
255
67
364
368
370
373
234
75
376
380
79
241
384
83
387
245
87
388
214
252
218
140
256
401
260
405
103
264
107
412
413
268
296
417
422
424
420
130
272
134
272
157
138
439
438
142
443
322
240
146
150
285
167
249
154
289
171
145
158
175
308
154
166
158
477
187
162
481
336
195
166
340
199
214
294
344
496
218
298
348
500
222
352
504
226
356
508
512
506
263
346
407
510
267
350
411
343
249
517
310
347
253
521
314
257
525
537
200
529
541
533
326
537
330
555
297
541
559
561
545
381
565
549
431
553
388
433
435
557
310
561
314
565
569
293
573
461
577
602
465
581
606
585
610
589
372
376
596
600
604
635
502
639
506
536
510
540
561
670
565
441
444
445
448
449
703
537
541
720
399
724
403
535
407
539
411
745
749
494
755
498
759
502
633
637
475
479
785
785
788
789
789
792
793
793
667
645
797
671
649
645
649
679
653
657
821
529
643
533
647
651
520
524
528
532
536
900
904
767
771
948
952
757
761
965
765
969
973
977
981
985
989
993
997
1001
1005
1009
1013
1017
1031
1021
1035
1025
868
1029
872
1033
876
1055
1037
880
1059
1041
884
840
1045
888
844
1049
892
1053
896
1057
900
1061
904
1065
1069
1073
1077
1081
1085
1089
1093
1097
1101
1105
1109
1113
1117
1121
1125
1129
1133
1137
1141
1145
1149
1153
1157
1161
1165
1169
1173
1177
1181
1185
1189
1193
1197
1201
1205
1209
1213
1217
1221
1225
1229
1233
1237
1241
990
994
998
1002
1006
1010
1014
1018
1022
1026
14
22
24
25
27
29
35
39
43
44
45
50
50
52
55
58
61
62
66
65
69
70
71
76
76
79
80
83
84
84
87
89
88
93
94
97
96
101
102
104
103
107
106
110
115
116
121
122
120
119
129
130
128
132
134
138
8
142
8
12
146
146
12
151
150
151
10
17
163
168
30
166
34
170
174
175
38
178
181
185
30
9
189
189
37
13
196
199
200
17
45
206
207
32
210
211
36
16
215
217
40
77
44
47
81
27
235
51
85
239
35
55
244
93
39
16
252
255
20
12
106
259
91
267
267
95
34
121
38
20
283
283
128
286
287
290
291
191
173
195
177
298
145
45
46
50
54
308
149
316
10
316
5
323
12
202
100
16
211
11
67
338
339
18
74
208
251
255
28
49
41
259
89
15
93
15
270
10
274
88
14
33
27
92
31
200
204
27
254
397
28
401
404
10
32
405
36
410
291
415
295
180
42
421
184
424
315
188
319
199
192
110
57
68
48
300
210
76
125
214
452
453
455
457
459
136
462
97
466
214
368
105
121
303
477
481
481
129
310
485
489
314
489
355
498
322
400
200
338
329
204
407
342
333
208
198
273
521
202
384
210
525
530
529
534
274
433
278
437
334
188
290
338
234
305
342
298
309
244
302
349
186
248
353
357
193
245
197
249
586
370
228
374
293
605
297
357
609
389
618
617
619
622
469
401
520
473
524
632
254
477
412
481
639
416
417
300
643
297
539
304
647
305
308
657
654
291
418
422
341
666
345
670
566
349
674
351
690
355
348
694
414
468
570
356
418
472
574
360
453
362
703
457
461
710
439
465
714
443
469
447
473
722
477
741
456
481
745
734
485
475
600
489
479
604
493
380
497
384
501
388
457
505
461
509
782
465
513
786
517
790
472
683
524
687
528
574
532
578
540
544
548
829
552
833
556
836
837
560
840
841
446
844
450
848
852
856
567
873
571
880
575
884
579
724
583
728
587
732
591
736
595
740
744
748
752
756
799
803
956
602
960
606
964
968
973
972
977
793
981
983
797
987
801
991
805
714
809
718
813
817
821
825
829
833
837
841
845
849
853
857
861
718
722
1091
1095
835
839
1134
969
973
764
768
1165
1169
996
1000
784
788
792
1090
1094
959
963
1364
1368
1217
1221
1097
1101
14
22
24
25
27
29
35
39
43
44
45
50
50
52
55
58
61
62
66
65
69
70
76
74
83
83
82
87
87
90
91
93
95
95
101
101
102
104
108
108
111
110
114
118
119
121
15
126
127
129
131
135
135
28
139
141
143
146
150
149
155
156
158
160
162
163
169
169
50
171
175
45
30
184
183
184
82
191
86
46
195
198
199
5
204
30
208
211
215
107
17
63
221
21
67
117
25
51
121
112
55
234
11
59
128
63
18
246
250
89
104
13
135
100
139
261
21
266
267
268
270
150
54
10
280
84
154
283
88
287
292
293
166
99
65
19
76
107
310
111
73
83
161
77
118
91
322
122
326
196
126
334
130
336
96
5
339
209
218
9
350
348
67
354
356
230
20
361
158
133
6
367
372
371
13
258
121
174
262
219
181
5
12
185
226
189
278
400
74
282
404
277
81
417
304
208
296
308
312
256
305
316
200
306
435
320
307
316
59
184
321
61
188
174
242
83
223
178
87
227
74
95
296
470
82
139
474
143
343
305
478
347
181
329
185
267
222
354
363
226
261
141
230
145
269
136
507
510
241
140
514
335
518
249
391
339
225
253
199
217
203
221
261
537
265
228
541
269
232
245
276
553
412
280
557
416
284
561
565
317
288
445
301
321
292
449
215
336
299
340
222
585
303
187
589
307
590
433
470
311
594
437
474
598
441
318
345
602
445
322
349
449
326
253
612
330
257
616
266
334
261
620
270
338
265
342
319
635
269
346
323
639
273
350
455
277
354
646
459
358
471
344
362
475
348
371
352
369
375
356
373
379
276
383
280
387
565
343
569
706
347
573
710
564
716
577
553
720
581
723
452
585
727
334
456
589
731
338
593
735
743
739
747
743
569
747
573
759
754
577
667
758
671
584
762
451
455
569
573
803
424
806
807
428
810
811
432
814
815
698
436
818
692
702
440
822
696
706
444
826
551
448
830
840
555
452
834
844
559
838
611
563
842
615
619
623
863
521
737
867
525
741
739
588
743
592
614
618
893
897
901
649
653
540
544
956
701
774
607
778
611
782
786
793
797
801
805
809
813
817
662
666
1033
1037
1041
889
893
1107
1111
870
874
878
1369
1373
1377
1381
1385
1389
1266
1270
1406
1172
1301
1308
1189
1315
1319
1323
1137
1141
14
22
24
25
27
29
35
39
43
44
45
43
50
52
54
57
58
61
62
63
67
67
64
69
74
76
78
81
82
83
86
87
88
91
94
91
96
97
101
102
103
102
108
107
108
13
114
116
17
120
121
120
21
128
6
13
130
131
136
21
143
145
145
147
149
152
153
156
155
156
157
160
164
61
58
170
170
173
174
175
16
177
74
53
25
186
187
186
61
57
9
61
194
68
16
203
72
28
210
207
83
211
112
217
87
215
6
219
71
10
95
223
75
227
31
236
231
108
235
112
112
77
43
116
119
47
256
5
8
5
265
12
265
9
270
274
69
274
105
281
282
47
24
287
292
31
292
42
63
302
303
306
307
307
309
311
315
117
318
63
121
322
67
200
71
67
204
5
56
32
97
60
39
141
10
225
87
353
21
232
151
25
155
365
365
41
5
206
45
372
9
49
252
213
6
53
127
217
10
57
221
391
61
225
65
6
229
5
22
9
8
151
26
410
12
294
414
5
298
20
421
281
302
24
98
28
288
296
102
57
30
61
42
445
313
449
8
49
317
241
74
321
23
78
250
30
329
257
196
288
94
475
485
10
297
482
14
21
88
25
489
126
501
493
62
258
497
5
262
237
362
13
509
10
525
513
92
14
517
104
375
20
521
24
166
525
170
110
416
114
420
551
311
324
315
124
562
328
218
128
566
71
413
572
124
345
579
128
349
338
416
353
200
420
166
204
101
252
88
105
259
109
150
106
113
154
110
117
623
121
627
627
125
178
631
457
182
466
470
465
368
469
372
194
314
240
198
321
244
663
325
248
667
463
333
467
337
349
341
353
345
693
349
697
199
206
210
214
725
725
545
729
729
443
733
733
447
583
231
587
235
591
628
495
632
499
471
503
475
357
479
361
778
366
365
782
370
668
655
672
659
676
490
554
494
558
339
562
343
441
566
445
570
433
574
437
411
441
415
445
449
453
865
869
873
563
567
886
453
890
887
457
485
891
489
895
899
907
911
915
742
746
750
593
597
964
964
968
968
827
972
831
976
560
980
564
879
883
997
698
1001
702
1005
706
783
710
787
1033
1036
1037
1040
926
1044
930
863
934
867
938
942
818
822
723
727
1177
1181
1185
1189
1322
1326
1008
1012
1871
1875
1762
1766
1597
1601
1459
1463
1467
14
22
24
25
27
29
35
43
43
44
46
52
51
54
56
60
62
63
67
68
71
72
75
75
78
78
81
82
85
86
89
90
93
93
94
97
98
101
102
106
106
114
114
113
116
121
117
122
125
127
129
132
136
138
139
140
145
147
146
147
149
151
154
10
161
163
167
167
171
171
174
26
5
5
39
185
12
12
191
47
69
89
197
200
49
76
204
210
209
211
212
216
100
221
220
225
107
135
111
235
238
115
86
144
119
244
251
251
143
17
102
257
258
163
25
29
150
167
22
33
154
174
26
39
178
167
130
286
5
51
289
56
298
180
59
302
62
14
304
21
30
120
310
15
27
215
19
41
219
325
5
96
84
226
100
13
88
230
57
17
101
201
21
198
184
25
202
52
164
354
65
358
69
219
59
73
204
370
77
212
378
9
277
221
12
16
16
284
68
24
398
125
28
401
402
406
133
411
223
137
417
227
46
144
421
109
50
113
54
70
117
433
74
62
121
78
66
440
125
129
448
449
452
133
295
456
457
299
331
466
465
466
470
339
328
470
474
145
338
478
149
342
373
482
486
377
488
486
294
492
323
490
496
327
494
302
188
132
192
502
136
506
403
362
510
148
366
411
514
152
207
213
518
211
217
522
215
221
526
219
311
530
534
405
538
255
252
564
262
256
568
266
260
387
270
391
581
577
234
585
469
238
392
589
242
396
431
452
435
599
309
458
491
603
313
462
607
470
466
611
260
470
489
264
627
493
631
477
382
367
279
386
371
283
281
375
473
285
379
477
289
383
481
293
387
485
297
391
489
668
301
395
672
305
497
399
412
309
501
403
416
313
505
689
317
693
512
321
697
516
325
579
520
329
583
524
333
587
528
716
591
532
521
595
536
525
599
540
529
603
544
407
607
507
411
611
556
615
560
619
564
758
623
568
762
499
572
629
503
576
633
507
505
583
509
587
513
788
591
792
595
796
599
697
603
701
607
811
608
611
815
612
615
665
500
619
669
504
623
673
627
631
635
639
643
856
647
860
651
864
655
689
659
693
663
542
667
546
519
550
523
554
558
597
601
605
609
613
927
617
931
830
834
635
639
1040
1044
879
883
887
1094
1098
1102
1106
867
871
875
1194
1198
1081
1085
975
979
1356
1360
1221
1225
1010
1014
1018
14
22
24
25
27
29
35
39
43
44
45
43
50
50
54
55
57
64
71
74
74
75
75
81
81
85
85
87
88
92
93
95
95
100
101
102
106
107
107
108
110
113
113
115
116
117
120
6
123
122
129
131
133
136
137
138
140
18
143
142
22
147
32
26
151
53
157
159
6
57
163
48
166
166
168
52
170
33
56
37
60
181
31
64
186
28
35
68
50
39
80
199
38
85
38
206
206
24
42
212
69
216
216
62
14
224
223
121
85
233
235
26
54
118
54
242
245
122
128
253
254
257
133
257
67
263
137
160
270
271
45
87
5
277
53
9
55
148
57
59
61
12
37
65
16
110
69
73
304
114
73
77
205
209
123
84
47
5
88
9
132
92
7
330
331
99
11
64
202
103
6
341
107
10
203
347
111
14
207
358
121
53
362
5
366
12
370
64
375
377
379
213
137
28
217
29
193
143
221
209
394
155
225
213
398
159
186
163
233
9
167
5
13
411
9
175
420
421
179
181
183
185
196
187
437
200
191
195
444
5
199
15
453
203
21
19
207
462
243
32
214
61
218
473
10
65
225
29
481
486
33
356
46
490
313
317
146
28
321
57
150
106
360
5
110
12
5
12
521
9
16
525
237
58
14
241
18
316
538
245
107
102
543
111
545
106
364
368
335
557
454
458
565
337
567
163
174
32
167
445
57
349
341
583
256
345
187
587
260
136
68
488
117
140
72
492
121
76
334
125
80
338
145
84
224
616
228
509
92
415
232
513
419
236
99
517
423
240
103
427
244
635
107
271
248
639
275
546
256
550
260
133
288
557
264
137
144
561
268
148
444
272
448
144
530
293
148
409
297
258
549
413
165
262
434
417
169
266
438
249
270
253
243
247
468
724
374
493
283
378
497
287
382
386
755
759
763
597
601
775
469
779
476
783
361
787
365
586
799
590
358
587
341
362
591
345
595
818
396
381
822
400
836
840
844
850
848
854
852
721
856
725
860
864
868
760
872
886
764
681
890
768
685
749
772
479
753
655
483
659
487
384
388
392
396
400
954
958
774
778
643
761
647
765
504
600
508
604
1059
1063
920
924
1117
1121
1125
1129
1033
1037
1041
932
936
940
944
832
836
840
844
740
1192
744
1196
1062
1066
1298
1302
1119
1123
951
955
959
18
20
23
27
27
27
33
36
36
39
41
40
43
47
48
49
53
52
57
62
63
64
66
70
70
73
74
75
77
77
82
82
85
92
90
94
97
99
98
99
101
104
5
106
107
111
9
111
114
117
6
122
22
127
130
129
131
19
13
9
137
140
141
143
144
144
145
148
150
149
34
157
158
158
38
7
30
165
11
169
34
175
176
178
179
181
182
184
184
31
5
5
35
9
9
199
38
6
203
207
207
208
207
212
216
19
222
23
226
228
103
26
237
10
51
5
14
60
5
14
107
252
253
256
14
49
24
260
100
28
104
57
274
26
88
111
30
6
115
175
102
148
109
107
188
9
298
96
304
41
308
311
179
75
183
321
320
322
89
325
44
326
48
97
8
45
13
207
17
345
211
345
351
220
349
219
355
224
226
10
230
154
6
188
192
20
371
15
28
377
17
379
37
25
392
127
20
24
24
46
128
45
132
115
10
119
203
5
31
5
9
50
428
431
11
112
442
119
19
25
5
126
10
29
130
11
265
73
134
17
42
138
468
92
470
475
474
271
289
275
127
131
76
282
168
150
144
154
509
64
513
514
401
387
76
80
522
394
162
524
397
254
398
528
401
258
402
278
536
434
145
378
438
382
308
149
284
386
312
443
288
390
194
394
237
398
241
202
402
177
298
586
348
325
302
590
352
306
594
247
211
598
251
601
215
602
608
222
244
606
226
248
610
230
252
614
234
256
618
238
260
622
367
634
626
255
638
630
259
642
634
646
650
275
638
654
279
642
517
283
646
521
287
650
340
291
654
344
295
658
348
503
303
507
307
689
353
562
311
693
357
315
251
322
326
330
722
334
726
338
730
342
734
737
346
738
741
350
742
647
354
747
746
358
751
655
641
362
755
553
645
632
557
649
763
636
455
637
459
641
345
645
785
349
532
789
536
657
443
661
447
665
549
553
471
828
832
836
707
711
540
855
544
859
747
751
489
635
639
643
536
540
544
901
905
909
916
913
920
917
773
776
777
780
935
570
606
939
574
610
757
761
765
965
847
851
756
760
702
706
604
608
612
1181
1185
1080
1084
949
953
957
961
1249
1253
1064
1068
1072
1076
1080
1084
1088
1092
1096
1100
1104
1108
1112
1116
1120
983
1335
987
1339
1343
1347
1351
1228
1232
1093
1097
1101
18
20
23
27
27
27
33
36
36
39
41
40
43
47
48
49
53
52
57
62
63
64
66
70
70
73
74
75
77
77
82
82
85
92
93
94
94
99
98
99
103
104
106
106
109
111
8
114
115
118
121
122
19
126
21
131
134
136
138
139
34
144
143
146
5
148
150
156
13
155
161
20
163
170
171
172
19
175
177
20
179
34
27
189
190
50
193
14
199
29
201
48
11
33
44
37
211
41
51
114
221
40
223
229
225
79
113
233
83
50
134
87
138
91
245
245
95
249
250
254
256
29
18
258
22
262
263
135
161
271
271
275
122
143
281
279
12
17
283
290
16
287
186
188
299
29
190
5
197
306
132
313
14
12
139
174
14
101
39
178
18
105
43
138
333
333
142
337
198
119
341
123
153
345
207
127
195
166
353
170
360
190
222
364
194
181
229
214
233
376
237
215
380
81
241
219
384
391
272
223
208
147
227
212
398
231
96
178
138
235
100
182
239
415
189
243
272
419
193
276
423
426
197
178
286
430
290
191
299
187
294
195
303
177
300
179
447
184
183
451
188
455
462
192
283
466
196
287
470
475
474
474
479
300
483
481
485
485
339
489
496
493
347
500
497
201
513
504
511
208
517
508
309
212
521
512
313
216
419
516
220
423
520
535
427
524
539
431
528
376
435
532
380
536
282
442
540
286
446
544
290
450
548
294
454
298
556
461
302
560
465
564
469
568
473
444
572
477
473
576
481
477
580
485
356
378
360
588
382
592
386
625
596
390
629
600
633
604
637
608
641
612
645
616
649
620
653
624
528
628
669
532
632
673
636
426
522
640
430
526
644
648
652
656
703
704
660
707
708
591
575
667
595
579
671
458
438
675
462
442
679
502
733
683
737
740
605
691
619
744
609
695
623
748
699
752
703
657
707
661
711
513
715
517
491
719
521
495
723
525
499
787
727
529
791
731
533
680
735
537
684
739
541
688
743
813
747
817
751
592
755
596
759
763
771
775
779
783
787
791
795
799
882
803
886
807
734
890
811
747
815
751
819
823
827
831
835
839
843
847
851
855
859
863
867
871
875
879
883
887
891
895
899
903
907
1021
1025
872
876
1044
1048
1067
1071
893
897
1084
1088
903
907
1143
1031
1035
902
906
1175
1179
938
942
946
950
18
20
23
27
27
27
33
36
36
39
41
40
43
47
47
48
52
52
58
58
58
62
64
64
69
73
75
76
77
79
84
87
87
88
91
92
93
95
95
98
99
99
99
103
106
103
103
107
114
114
5
121
121
123
125
125
125
130
133
129
29
139
141
139
147
24
9
153
28
154
13
42
17
163
15
21
50
170
33
54
176
58
40
180
20
79
36
186
187
83
190
87
200
201
91
17
204
95
208
99
211
15
214
11
70
22
222
225
227
226
233
233
238
28
34
246
59
5
96
139
9
93
27
259
104
97
265
152
269
270
42
14
277
9
282
286
52
185
287
189
296
92
189
25
96
30
193
29
158
197
5
136
201
167
43
140
171
113
95
23
40
333
88
21
44
337
39
341
6
191
191
46
34
80
354
84
206
105
25
71
92
75
112
144
127
79
179
6
151
381
183
10
273
18
277
72
22
281
405
52
404
285
409
56
268
289
293
416
417
297
280
425
301
49
429
305
244
53
248
57
439
312
252
61
443
316
256
208
449
451
453
212
455
457
216
352
461
464
356
469
150
307
472
473
154
311
331
370
161
335
482
374
489
486
273
489
493
497
493
501
502
362
386
506
366
510
314
370
403
253
323
515
327
326
261
408
178
415
314
537
539
306
541
310
551
428
406
555
410
559
435
430
563
344
434
214
191
574
338
317
198
202
348
584
586
352
333
590
593
336
597
340
601
405
344
605
444
609
260
448
613
618
264
452
617
310
268
407
314
272
625
276
636
631
629
280
640
633
284
639
477
637
288
293
641
297
485
295
645
367
299
649
653
375
657
446
453
661
450
351
564
665
550
355
401
669
554
359
673
694
677
542
414
681
546
418
468
685
446
712
472
689
450
716
693
456
339
556
697
560
701
392
705
396
709
713
746
717
750
504
754
508
758
512
763
545
762
516
767
451
766
520
663
455
638
667
642
646
536
540
481
485
489
820
493
824
497
501
835
505
839
839
509
843
843
513
847
847
517
673
851
521
677
660
525
681
664
529
502
533
506
537
510
541
514
545
518
549
553
578
557
582
561
911
565
915
569
919
807
573
923
811
577
712
815
581
716
566
570
825
829
655
659
663
667
671
1002
675
1006
679
725
729
913
1273
1277
1281
1155
1159
981
985
18
20
23
27
27
27
33
36
36
39
41
40
43
47
48
49
53
52
57
56
62
62
60
65
69
69
72
77
80
81
83
84
83
88
91
93
97
98
101
99
101
103
106
107
111
113
114
114
118
117
121
120
119
125
129
132
135
9
136
22
142
143
5
9
21
154
25
156
16
161
161
166
165
168
170
169
6
173
178
178
182
182
48
64
186
189
191
190
12
71
59
16
196
203
207
208
6
214
213
11
10
18
18
87
227
86
22
91
27
90
236
240
40
105
248
109
45
46
52
255
50
59
124
156
101
52
131
160
279
26
137
283
79
33
163
49
27
170
57
31
174
31
178
54
88
182
317
54
186
176
58
5
180
325
329
56
333
187
168
341
196
172
346
348
5
52
5
150
83
5
235
87
20
224
91
24
22
27
382
233
31
386
5
82
9
171
13
400
40
397
404
60
12
408
409
412
417
68
413
416
37
425
430
429
431
207
211
183
55
215
441
444
59
219
115
223
195
222
122
227
59
117
152
456
121
460
465
464
465
218
474
320
478
163
372
167
229
327
63
233
151
379
67
53
269
316
71
57
273
505
323
277
506
406
514
410
174
221
414
178
522
418
298
302
233
185
305
309
194
185
309
313
547
439
317
210
551
183
222
214
300
561
446
218
450
222
454
223
202
267
578
349
247
353
229
357
590
243
361
455
480
247
365
459
231
603
369
235
607
373
366
611
370
243
270
615
195
247
274
619
251
625
203
369
507
207
511
415
507
453
284
420
386
457
288
417
390
421
295
394
271
245
299
340
275
344
252
307
348
320
229
233
676
328
680
339
684
691
695
699
364
603
368
607
372
611
725
732
619
737
623
741
627
747
452
631
751
456
635
598
639
602
643
448
769
452
651
773
655
777
659
597
402
663
601
406
667
471
671
475
675
679
683
687
818
691
822
695
629
699
633
577
637
839
581
843
615
619
623
477
481
876
880
657
888
661
892
896
902
900
906
661
802
665
806
471
698
702
555
559
955
959
963
825
829
746
976
833
750
980
682
754
544
686
548
761
765
769
773
777
781
785
789
793
797
801
805
809
813
817
821
1102
1106
1110
1114
1118
1122
1196
1200
825
829
1280
1281
1284
1285
1288
1289
992
1293
996
1297
895
1301
899
1080
903
1084
1907
1911
1915
18
20
23
27
27
27
33
36
36
39
41
40
43
47
48
49
53
52
57
56
62
62
65
68
69
71
76
77
77
80
80
84
87
88
91
94
96
100
102
103
108
109
112
111
116
116
9
123
125
128
19
134
137
138
138
141
34
143
147
149
151
154
153
155
159
158
161
166
166
171
171
174
66
34
50
49
56
189
60
64
21
61
198
199
28
15
205
19
207
209
36
23
218
220
27
220
224
31
229
228
35
231
233
39
235
123
43
242
130
247
134
112
138
56
252
142
253
148
115
260
6
265
270
132
272
276
9
276
279
144
130
25
7
151
289
297
14
295
297
299
104
105
108
147
109
112
159
312
113
116
48
117
321
52
121
18
35
128
98
336
334
43
343
31
347
227
80
353
231
84
357
88
23
127
54
92
27
17
58
180
378
39
182
184
382
43
384
78
393
396
393
22
21
87
406
92
13
407
35
39
22
418
84
20
19
432
425
431
23
310
27
432
63
6
119
216
41
123
220
14
75
139
93
456
22
267
100
26
464
113
468
9
30
117
313
482
317
38
486
119
490
27
53
494
80
131
84
245
65
139
249
69
515
257
250
128
84
261
124
132
88
265
128
172
269
159
176
122
126
166
395
388
399
392
322
308
396
326
312
566
565
570
570
572
574
574
318
576
578
475
322
277
356
479
326
281
360
382
330
285
364
386
334
289
338
295
275
176
147
299
279
180
151
283
188
287
264
192
291
268
295
272
630
299
276
284
303
280
512
288
307
516
646
311
520
650
296
315
300
319
304
323
308
327
312
331
676
680
339
684
343
688
347
692
351
696
701
355
700
705
250
704
600
254
708
604
258
556
712
418
560
716
422
564
720
426
568
724
319
738
572
323
742
576
327
521
580
331
525
584
335
529
339
448
350
343
354
504
347
508
351
375
355
379
362
383
436
366
387
370
802
374
807
806
378
811
633
382
690
637
386
694
410
390
587
414
394
591
398
595
402
599
406
469
410
473
414
418
422
426
872
430
876
434
438
442
446
450
454
458
913
462
917
466
921
470
768
474
772
478
482
486
490
494
953
498
851
855
859
863
975
867
979
871
763
713
767
717
588
592
1044
1048
860
864
868
766
770
666
670
1202
1206
951
955
1346
1353
2181
2185
1988
1992
1996
18
20
23
27
27
27
33
36
36
39
41
40
43
47
48
49
53
53
61
61
63
67
68
68
71
74
74
76
81
82
83
84
88
91
91
94
96
97
99
100
104
108
9
111
111
113
118
119
120
120
124
10
128
5
14
131
9
15
135
24
7
28
23
11
16
5
152
33
24
53
16
162
164
20
164
169
18
13
174
178
12
25
5
44
16
9
187
48
28
43
190
192
196
74
22
200
55
203
38
83
32
42
214
216
96
46
220
50
45
68
223
72
57
52
235
61
106
115
65
110
119
9
251
127
254
260
259
261
264
104
30
16
275
20
5
117
5
284
163
126
118
12
167
23
122
171
37
27
27
175
128
12
309
179
183
27
138
37
187
142
41
194
146
165
198
150
73
202
338
154
206
342
158
246
84
11
351
250
230
254
66
23
262
85
183
373
19
213
377
33
96
381
37
100
45
203
263
391
396
271
398
46
48
50
278
54
177
225
186
261
127
232
190
265
236
76
428
240
80
432
436
284
149
440
213
153
444
446
217
318
100
454
322
104
225
272
464
122
468
317
279
472
321
476
480
287
480
484
291
484
141
490
488
145
302
265
292
378
499
296
503
385
203
321
207
159
329
187
336
194
340
384
347
388
351
556
355
559
359
426
563
567
562
435
461
569
465
581
442
362
585
246
446
366
450
305
392
309
396
400
404
491
495
620
411
499
624
626
361
368
621
630
372
625
445
369
449
633
637
316
649
653
668
513
451
517
455
525
529
497
711
501
715
508
569
722
512
573
726
516
448
579
520
736
452
583
524
740
455
528
744
459
532
496
500
756
756
760
502
632
636
773
510
434
642
438
646
650
504
552
579
556
460
534
837
490
841
494
724
627
728
631
732
635
736
639
740
643
744
647
748
651
752
655
756
659
760
663
764
667
612
671
616
675
679
683
687
691
695
933
699
937
703
941
707
945
711
852
715
856
719
751
723
755
727
731
735
739
988
992
746
772
750
776
754
1006
1011
1023
1027
866
870
796
800
804
808
812
816
820
824
828
832
836
840
844
906
910
1153
1157
909
913
1182
1186
1204
1208
1060
1064
892
896
900
904
908
1277
1281
1106
1110
964
968
1326
1330
1194
1198
996
1000
1368
1372
1376
1183
1187
1191
1195
1071
1075
1478
1294
1298
1302
2032
2036
1929
1933
18
20
23
27
27
27
33
36
36
39
41
40
43
47
48
49
54
57
58
61
64
65
66
68
70
77
77
77
81
87
87
86
87
93
93
95
97
100
101
100
101
105
106
108
107
109
110
114
113
114
118
121
121
122
124
125
128
130
132
135
135
138
140
25
11
29
148
15
148
155
155
156
158
162
160
163
169
169
36
41
43
177
174
14
55
18
5
189
14
46
195
18
198
202
22
10
26
211
215
17
218
13
88
222
6
229
59
81
63
85
5
236
76
240
12
93
244
140
84
12
254
144
24
114
29
77
93
269
270
35
69
39
129
164
35
282
87
97
91
55
53
59
296
98
292
102
67
303
305
183
162
124
312
187
67
316
312
49
71
171
316
53
106
175
329
71
206
6
168
210
10
172
79
114
348
13
88
254
354
30
18
352
25
132
5
29
360
8
374
375
378
279
16
379
5
377
388
10
290
392
395
396
181
255
91
66
12
298
6
26
416
248
316
25
109
67
148
52
215
155
23
18
34
36
27
25
71
116
456
97
356
458
45
101
360
49
105
129
364
133
368
88
275
118
143
122
69
485
283
126
73
489
287
77
493
133
294
497
137
85
501
141
502
89
505
145
509
149
97
513
513
153
528
517
423
157
532
536
524
165
432
540
528
544
336
550
532
548
536
556
344
432
559
543
227
547
448
440
551
234
555
455
385
219
315
389
223
463
319
237
467
200
241
356
204
236
360
194
303
364
278
198
307
614
211
618
315
512
319
516
323
408
327
412
639
331
405
416
643
409
420
465
442
296
424
469
656
300
428
356
660
337
360
564
344
341
364
348
571
471
680
475
684
384
294
388
298
696
585
691
700
589
695
704
699
597
708
703
498
712
707
502
716
711
362
720
715
366
724
719
728
723
589
383
593
387
391
759
763
766
767
770
771
615
368
619
782
372
623
786
376
462
649
380
466
653
384
657
388
467
661
809
471
395
665
813
399
498
706
502
710
500
830
504
837
508
847
836
851
840
744
844
748
848
571
696
575
700
892
782
786
639
643
647
921
651
925
551
813
555
817
937
821
941
944
825
945
948
829
838
718
842
722
540
544
620
624
1132
1136
1137
1140
914
1144
918
1148
726
1204
1208
1249
1253
1257
1144
1148
994
998
1002
1300
1304
1308
1312
18
20
23
27
27
27
33
36
36
39
41
40
43
47
48
49
53
52
57
56
62
62
63
60
69
72
73
73
76
81
84
85
88
93
93
92
95
97
97
99
102
5
105
106
5
114
5
115
9
119
122
125
127
19
129
132
131
136
6
135
5
139
9
146
143
152
154
9
156
155
158
162
163
33
14
168
18
13
25
170
17
179
60
21
31
64
15
192
192
19
18
196
49
36
56
52
44
60
214
213
217
49
221
112
9
74
14
229
61
18
101
234
58
22
105
238
92
29
5
250
245
33
9
254
103
107
263
264
268
270
271
58
8
27
277
15
282
284
132
286
22
6
295
147
30
146
40
310
155
316
19
319
5
29
151
37
155
169
31
19
57
48
189
26
43
348
54
84
201
355
58
38
242
42
11
65
249
369
69
227
253
96
73
59
24
77
104
63
103
108
238
107
73
299
44
114
151
197
186
50
129
190
54
261
136
414
265
421
140
418
269
425
221
422
273
225
212
277
430
48
136
281
434
447
285
269
313
289
317
457
92
206
283
96
210
464
305
468
291
309
472
167
313
298
171
479
317
175
204
321
179
208
487
183
328
105
491
187
159
109
495
191
163
499
512
235
198
516
239
202
347
243
524
206
351
247
528
355
214
428
218
432
258
365
222
338
262
369
226
342
373
233
190
252
168
237
194
256
241
198
571
245
263
575
249
356
579
253
275
379
257
279
383
261
203
268
294
207
446
272
298
450
276
610
280
614
615
361
620
619
365
624
243
247
322
462
274
466
664
278
470
282
672
671
474
286
676
334
478
680
338
684
688
694
696
701
559
498
563
502
436
506
440
389
393
728
732
401
603
405
607
745
507
749
511
753
756
583
760
477
587
766
487
770
491
590
594
782
598
786
501
505
797
799
801
685
805
689
555
562
559
566
563
825
567
829
831
571
833
835
673
841
653
677
845
657
531
746
750
538
615
619
477
481
485
886
890
892
744
896
748
801
752
805
756
809
606
610
614
659
618
663
622
667
626
630
951
955
792
796
622
626
720
1029
1033
889
893
897
901
1183
1187
1082
1086
1090
1094
912
916
1242
1246
1134
1138
1142
1146
1150
1154
1158
1162
1166
1072
1076
1080
1453
1457
1461
1465
1269
1273
1277
1127
1492
1131
1496
1135
1356
1139
1360
1143
1231
1147
1235
