12
14
25
32
40
40
44
45
47
48
48
49
55
57
60
62
61
63
67
69
69
70
73
73
77
77
81
83
84
88
89
90
92
94
97
97
102
101
105
106
109
105
110
114
115
116
115
118
120
122
128
128
129
130
133
134
139
145
146
149
150
155
155
157
158
159
161
164
166
166
168
170
172
176
179
181
183
183
185
187
187
189
190
191
191
193
203
204
207
211
213
213
215
217
221
225
223
228
227
232
232
236
231
234
236
240
235
245
240
244
239
249
244
243
253
248
247
259
259
251
255
263
263
259
263
275
267
279
271
284
283
275
288
291
291
279
296
295
295
283
300
299
306
291
310
295
299
318
303
322
307
327
311
331
315
335
319
350
327
354
331
359
358
335
363
339
367
347
351
355
388
359
391
392
363
395
367
374
378
385
389
393
397
401
405
409
413
421
425
429
433
437
441
445
449
453
457
461
465
469
473
477
547
551
555
581
638
642
649
653
657
661
679
683
718
722
5
9
5
9
962
5
966
9
5
970
974
12
11
978
15
5
9
13
5
17
9
21
5
5
9
9
5
5
5
9
9
9
5
9
13
17
5
21
9
5
25
29
12
16
12
37
6
10
62
5
50
9
57
61
65
69
5
73
9
77
89
5
93
9
5
9
13
17
5
9
13
17
5
9
27
13
21
40
5
9
38
13
33
37
5
9
44
13
17
5
78
21
9
82
25
13
86
17
90
8
94
12
16
5
5
9
9
5
9
5
9
5
9
13
17
21
5
9
5
9
13
5
9
13
5
9
5
9
5
9
5
9
13
6
10
5
9
5
9
5
9
5
9
13
5
9
5
9
13
5
5
9
9
13
17
5
21
9
5
9
5
9
5
5
9
5
9
25
30
34
5
9
13
17
21
25
29
5
5
9
9
5
13
13
9
5
9
13
5
17
9
5
9
13
17
21
25
29
5
5
33
9
9
37
13
41
17
45
21
49
5
9
5
9
5
9
5
9
13
5
9
5
9
5
9
13
17
5
5
21
9
9
25
13
13
29
17
17
5
9
5
9
5
9
5
15
19
6
5
14
9
5
40
13
9
17
5
9
13
5
9
13
5
9
5
9
5
5
9
9
5
5
9
13
16
22
26
30
5
9
5
9
5
9
13
17
21
25
29
33
37
49
57
5
61
9
65
13
69
17
73
21
48
5
52
15
19
5
25
9
5
9
5
9
5
9
5
9
5
9
5
9
16
15
19
5
9
5
9
5
9
5
9
5
9
13
17
21
25
29
33
37
41
45
5
9
13
17
21
25
29
5
5
9
9
13
7
17
11
21
15
19
23
27
5
9
5
13
12
17
5
16
21
9
20
25
29
33
5
37
9
13
17
5
9
8
16
20
5
9
5
9
5
6
9
10
5
14
9
18
5
9
5
9
5
9
5
9
5
9
5
9
5
9
13
17
21
25
29
5
33
9
37
13
41
45
49
53
57
61
65
5
69
9
73
77
81
5
9
92
99
106
110
114
118
5
122
9
126
130
8
5
15
9
82
86
94
172
179
186
193
34
6
50
20
24
42
46
244
248
252
8
267
274
278
282
5
289
9
293
5
5
300
9
9
304
13
308
312
316
320
8
15
341
108
352
359
363
367
374
378
382
389
393
397
401
405
84
88
22
5
30
9
13
444
448
452
456
460
464
468
5
472
9
476
13
480
17
484
21
488
492
496
500
504
508
512
516
520
524
528
532
536
5
540
9
544
548
552
556
560
564
568
572
576
5
580
9
584
588
592
5
596
9
600
13
604
17
7
11
15
5
9
13
5
9
5
7
9
11
5
9
13
17
21
25
29
5
9
13
17
5
9
5
17
24
34
38
42
5
9
5
9
5
9
5
5
9
9
5
9
5
9
5
13
9
5
9
13
5
5
9
9
5
9
5
9
5
9
13
17
5
9
5
37
41
45
57
5
9
5
9
5
9
5
9
5
5
9
9
5
9
5
5
9
9
13
5
9
13
17
6
31
38
42
46
63
67
71
75
79
83
87
91
95
99
103
5
9
13
5
9
5
9
5
5
9
9
13
13
17
21
5
9
5
9
5
5
9
9
6
10
5
9
13
17
21
25
35
39
43
50
35
39
5
9
5
9
5
9
5
9
5
9
5
5
9
9
13
5
9
5
9
5
9
13
5
5
9
5
9
13
9
5
9
5
9
13
5
9
5
9
5
9
13
17
21
5
9
13
5
9
5
9
5
9
5
9
13
17
9
21
16
33
5
37
9
41
5
13
45
9
49
13
12
14
25
32
40
40
44
45
47
48
48
49
51
53
57
59
61
64
66
73
73
73
77
80
81
85
84
86
86
94
94
94
98
97
102
102
107
109
113
113
110
117
117
114
122
123
125
127
129
130
129
131
133
137
135
138
139
144
144
147
147
151
151
152
153
159
159
162
164
166
168
170
170
171
177
177
181
183
179
185
187
189
191
187
193
195
194
191
201
195
209
211
212
213
216
218
219
222
224
225
226
229
232
233
233
236
236
241
240
242
240
245
244
250
252
252
248
257
252
259
258
262
256
266
265
269
270
274
275
278
279
288
292
293
296
297
299
302
301
306
305
304
310
313
308
317
317
312
321
321
324
316
325
328
327
320
334
331
324
336
338
343
347
351
355
359
372
376
379
379
380
383
383
421
425
431
435
439
443
449
447
453
451
455
471
475
475
479
564
568
590
594
5
9
13
5
5
9
9
5
9
5
9
5
9
13
5
13
13
20
5
12
19
26
25
29
46
50
90
94
9
98
13
102
5
9
109
113
5
127
9
131
13
17
5
9
5
13
9
8
12
16
20
5
9
13
5
9
5
5
9
9
13
5
9
5
9
5
9
5
9
13
5
9
13
17
21
25
5
9
13
17
21
5
25
12
17
16
21
23
5
49
9
53
13
17
21
5
9
5
9
5
9
5
13
9
17
5
9
5
9
13
5
9
5
9
5
9
13
5
5
9
9
5
9
5
9
5
13
9
5
9
5
12
5
20
9
22
26
30
5
9
5
13
9
5
9
5
9
13
5
9
5
9
5
9
5
9
5
9
5
9
13
5
9
5
13
9
17
5
21
9
25
5
9
13
17
21
25
5
9
7
11
5
9
5
9
5
9
5
9
13
5
9
5
5
9
5
13
9
23
17
28
21
32
25
29
33
37
5
9
13
5
9
5
18
22
26
30
34
38
42
46
50
54
16
5
5
20
9
9
28
32
91
95
99
103
107
111
115
119
5
123
9
127
131
135
139
143
147
5
151
9
155
159
163
167
171
175
179
5
9
5
9
13
5
9
13
5
9
5
9
5
12
16
25
5
9
13
17
5
9
5
9
5
9
5
9
5
9
5
9
5
9
5
9
8
12
16
20
12
16
22
26
5
9
5
9
5
9
5
9
5
9
5
9
5
9
9
13
5
9
13
5
9
5
9
5
9
5
9
5
9
5
9
5
9
5
13
9
5
9
13
17
5
5
9
9
5
9
5
9
5
9
5
9
5
9
5
9
13
5
9
5
9
13
17
21
25
29
5
9
5
5
9
8
13
12
5
9
13
5
9
13
5
9
13
5
17
9
5
5
9
17
19
23
5
9
13
5
9
13
17
21
25
5
9
13
17
21
5
9
17
25
5
52
56
15
19
23
5
5
9
9
13
17
21
25
29
5
9
5
9
5
9
13
5
9
5
9
5
15
19
31
5
9
5
9
5
9
13
5
17
9
5
9
5
9
13
17
21
5
9
13
17
5
9
29
33
24
28
5
9
5
9
5
9
5
9
5
9
5
9
5
9
5
9
13
5
17
9
5
9
13
17
5
9
5
9
13
5
9
5
9
5
9
5
9
5
9
5
9
5
9
5
5
9
9
13
5
9
5
9
5
5
9
9
9
13
17
21
5
9
5
5
9
9
5
5
9
9
13
5
9
5
9
13
5
9
5
13
9
17
21
25
29
33
37
41
45
49
53
57
61
5
9
5
9
5
9
13
5
5
9
9
13
17
21
25
5
29
9
33
13
37
17
41
45
5
49
9
5
9
5
5
9
9
13
5
9
5
5
11
9
20
13
17
29
35
39
43
5
9
13
17
21
25
29
5
5
9
9
5
9
13
5
5
9
9
5
13
9
5
12
14
18
5
9
5
9
5
9
5
9
13
17
21
25
29
33
37
13
20
67
5
9
13
5
9
5
9
13
17
21
5
9
13
17
21
25
5
9
5
9
16
5
9
23
10
30
36
27
40
26
30
5
9
5
5
9
9
5
9
14
18
30
5
9
13
17
5
9
5
9
13
17
21
25
5
9
13
17
8
12
5
9
5
5
12
9
13
17
5
9
5
9
13
17
21
25
29
33
40
5
5
14
9
9
18
13
5
5
9
9
13
17
21
5
9
28
5
5
9
9
49
37
41
5
9
5
5
9
9
13
5
9
13
17
5
9
5
5
9
9
5
9
5
9
5
9
5
9
13
17
5
5
9
9
5
9
5
9
5
9
13
17
5
9
5
12
20
27
5
5
9
9
13
17
5
9
12
14
25
32
40
40
44
45
47
48
48
49
55
57
60
62
61
67
67
69
69
73
73
74
81
81
81
85
89
92
94
93
98
96
100
103
104
105
108
108
112
113
115
119
119
121
125
126
127
128
129
132
135
135
136
142
142
147
146
150
151
154
155
156
159
159
160
163
163
167
167
171
171
177
179
179
175
181
183
183
179
188
189
192
192
187
194
200
201
195
204
204
205
208
212
213
216
217
220
225
225
226
229
229
229
233
234
233
238
237
241
244
241
247
248
253
255
254
256
257
262
263
270
273
269
274
277
277
278
279
284
279
287
283
287
290
295
294
305
308
308
308
316
316
312
320
316
321
330
320
325
334
324
338
328
342
343
346
351
345
355
357
356
361
360
365
361
366
384
373
388
377
392
381
405
409
420
421
424
428
429
435
432
439
436
440
444
452
448
456
452
462
460
456
464
460
471
464
475
468
472
490
476
494
507
511
515
559
563
582
586
604
608
5
9
5
9
13
17
21
5
5
5
25
9
9
9
13
5
9
5
9
5
9
5
9
5
5
9
5
9
9
5
9
5
5
9
9
5
5
9
9
5
9
13
5
9
5
9
5
9
5
9
13
5
17
9
5
5
9
9
16
14
18
5
9
5
5
9
9
5
13
9
13
17
9
16
5
9
40
13
15
61
22
5
65
26
9
43
73
13
47
77
51
81
55
85
59
89
93
97
101
105
109
5
113
9
117
13
121
17
5
9
132
5
9
13
5
9
5
9
5
9
5
9
5
13
9
17
21
25
5
29
9
33
13
37
17
5
9
5
9
5
9
5
9
13
17
5
9
13
5
9
5
9
13
9
13
5
9
13
9
31
5
35
9
13
17
46
50
5
54
9
58
62
5
5
18
9
9
22
91
95
99
5
103
9
107
13
111
115
119
123
127
131
8
15
19
156
160
167
171
5
175
5
179
9
5
183
9
187
25
191
32
198
42
205
209
220
5
228
9
232
236
5
240
9
244
248
252
256
260
264
268
276
280
284
288
292
296
149
153
157
161
165
169
173
5
9
418
5
9
13
17
5
9
5
9
5
9
13
5
9
5
9
5
9
5
9
13
5
17
9
21
25
5
9
6
10
5
9
5
5
9
9
9
13
5
9
13
17
21
25
32
39
46
50
54
58
66
70
74
78
82
86
90
94
98
105
113
117
5
5
9
9
148
152
5
9
13
17
21
12
20
42
46
5
50
9
54
58
62
5
66
5
9
70
9
13
74
17
78
21
82
25
86
29
90
33
94
37
98
41
102
45
106
49
5
9
5
9
13
17
5
9
5
9
13
5
5
12
9
20
5
13
9
17
28
21
32
38
5
9
5
9
5
9
5
5
9
9
5
9
8
12
5
9
5
12
14
5
5
18
9
9
22
13
5
9
37
5
41
9
41
15
45
19
23
52
56
60
75
79
5
9
5
9
5
9
5
9
13
5
9
13
5
17
9
21
13
25
17
29
21
25
29
33
5
5
12
9
19
23
28
32
5
5
9
9
16
20
31
35
5
9
5
9
13
17
5
9
13
17
21
25
5
9
5
9
5
9
5
9
6
10
5
9
5
9
5
9
5
9
5
9
5
9
13
17
5
9
5
9
13
17
21
25
29
33
14
5
9
22
5
61
9
65
69
5
5
9
12
5
15
5
9
19
9
5
9
13
5
9
5
9
13
5
5
9
5
9
13
9
17
13
17
21
25
29
33
37
41
5
9
5
9
5
9
13
5
9
13
5
9
5
5
9
9
13
17
5
9
5
9
5
9
13
5
9
5
9
5
5
9
9
13
5
9
5
9
5
9
13
5
9
5
9
13
17
21
5
25
9
5
9
5
9
5
9
5
16
23
27
31
39
43
47
51
55
5
59
63
67
20
71
75
24
79
28
12
16
100
104
108
112
116
120
5
124
9
128
15
142
176
33
160
40
175
48
179
191
198
5
9
80
205
209
5
213
9
5
9
5
9
5
9
5
9
13
17
5
5
9
9
13
13
5
9
13
5
9
5
9
13
5
17
9
5
9
13
5
9
13
5
9
13
17
5
9
13
17
5
5
9
9
5
9
5
9
5
9
13
17
5
9
5
9
5
9
5
5
9
9
5
5
9
9
5
13
9
17
13
21
5
9
13
5
17
9
21
25
29
33
5
9
5
9
5
9
5
9
13
17
21
25
29
33
37
5
41
9
5
5
9
9
5
9
5
9
13
5
5
9
9
8
12
16
20
5
24
9
28
32
36
5
9
13
17
5
9
12
14
25
32
40
40
44
45
47
48
48
49
51
57
57
59
62
63
63
69
69
72
73
79
79
79
83
84
85
86
89
91
93
93
93
100
101
102
101
105
107
108
110
112
111
117
116
118
119
123
123
125
125
130
132
134
136
139
138
144
143
144
147
150
152
153
154
156
157
157
160
161
164
165
166
170
174
174
177
181
181
184
185
189
190
191
193
194
195
197
199
200
201
202
203
205
206
214
215
216
217
220
221
224
221
226
225
228
225
230
232
232
229
234
236
233
238
240
237
244
249
252
253
252
253
256
256
259
260
260
264
260
270
264
274
274
276
268
278
283
287
291
299
299
299
303
303
303
312
307
316
311
320
315
324
319
328
323
332
330
334
348
350
338
352
354
342
356
346
350
374
382
372
376
380
384
388
392
396
400
404
442
446
521
525
544
548
552
556
560
564
568
572
605
609
700
704
708
5
9
13
5
9
13
17
5
9
5
9
13
5
9
5
5
9
9
13
5
12
14
18
5
5
9
9
13
17
21
25
29
5
9
13
5
5
9
9
13
5
17
9
21
13
25
17
29
21
33
37
32
36
17
31
21
35
64
60
68
72
5
76
71
80
11
75
84
19
88
23
92
75
31
96
9
35
100
103
47
51
130
5
134
9
138
142
146
71
9
165
5
32
9
31
188
192
58
5
5
9
9
13
5
9
5
16
10
17
46
38
42
46
50
54
84
6
10
5
9
5
9
5
9
5
9
5
9
5
9
5
9
5
9
5
9
5
9
5
9
5
9
5
9
13
17
21
5
25
9
5
9
5
9
13
5
9
5
9
5
9
5
9
5
9
13
5
9
13
5
9
5
9
5
13
9
17
13
21
25
5
9
5
9
13
17
5
9
5
9
5
9
5
5
9
9
5
9
5
9
5
9
5
9
13
5
5
9
9
13
5
5
9
9
13
17
21
25
29
33
5
9
5
12
15
19
5
5
9
9
13
13
5
8
15
23
36
5
9
13
5
17
9
21
25
29
5
9
13
5
9
5
9
13
17
24
5
9
32
13
27
5
31
9
35
39
43
47
5
51
9
55
13
59
5
17
63
9
67
71
75
79
5
83
9
87
13
91
95
99
103
107
111
5
115
9
119
123
127
131
135
139
143
5
9
5
13
9
5
9
5
9
13
5
5
9
9
13
17
5
9
5
9
13
5
9
5
9
5
9
5
9
5
9
5
9
5
9
5
9
5
9
13
5
17
9
21
5
9
5
9
5
9
5
5
9
9
5
5
9
9
5
5
9
9
17
5
27
9
13
5
5
9
9
13
17
21
25
29
33
5
9
5
9
13
5
9
13
5
9
13
8
15
19
38
42
5
9
5
9
5
5
9
9
5
13
9
17
5
9
13
17
21
25
29
5
9
5
9
5
9
5
5
9
9
5
9
5
13
9
17
21
5
25
9
5
29
9
33
37
17
41
21
45
49
35
53
39
57
43
61
47
65
51
69
73
77
81
85
89
5
93
9
5
97
9
16
23
31
37
41
5
17
21
25
29
5
9
5
9
5
9
5
9
13
17
21
25
29
33
37
41
58
62
34
38
5
9
13
17
5
9
5
9
5
9
5
9
5
9
9
13
24
28
39
5
9
5
9
13
5
5
9
9
5
9
5
9
5
5
5
9
9
9
13
5
9
5
9
5
9
5
5
9
5
9
13
9
17
7
11
5
9
5
9
5
8
15
27
31
5
9
13
17
5
9
13
5
9
13
5
9
5
13
9
17
21
5
15
23
5
27
9
31
38
42
46
58
16
17
5
20
21
9
24
5
9
5
9
5
9
13
17
21
25
29
33
5
37
41
45
16
49
20
53
8
57
12
61
65
5
44
69
9
48
73
77
5
13
81
9
85
21
18
33
93
37
97
41
101
105
109
113
117
24
121
31
125
129
78
133
82
137
86
90
14
25
24
28
119
175
123
179
127
183
131
187
5
9
13
17
21
5
9
5
9
8
12
5
9
5
9
13
17
5
21
9
25
29
21
33
29
40
31
47
35
51
55
5
62
9
66
70
74
78
86
90
77
81
5
5
9
9
5
9
5
9
5
9
5
9
5
9
5
9
5
5
9
9
13
7
11
5
9
5
9
5
9
5
9
5
9
5
8
15
27
31
5
9
5
9
5
9
13
17
21
25
29
33
37
41
5
9
5
9
5
9
13
5
9
13
5
17
9
5
9
5
9
5
9
13
9
5
13
9
5
9
5
9
5
9
13
17
21
25
29
33
37
41
45
49
53
12
14
25
32
40
40
44
45
47
48
48
49
53
55
59
61
61
64
69
68
73
73
73
77
80
80
82
85
87
88
90
91
93
96
97
98
100
100
101
102
104
108
109
110
113
114
116
117
118
121
122
125
126
130
130
134
134
137
139
139
144
144
145
147
151
151
155
154
157
158
159
161
162
166
165
166
171
169
177
173
178
177
183
182
184
187
187
188
190
191
192
194
194
195
201
202
205
205
209
210
209
213
214
218
218
221
222
225
222
225
228
229
229
233
235
237
233
237
239
241
237
247
248
241
251
252
245
249
259
260
253
263
264
257
271
261
275
276
278
281
279
280
282
285
283
291
295
297
298
301
304
309
308
313
317
330
333
334
337
343
345
347
349
356
360
368
372
376
380
384
391
388
395
392
396
5
9
13
17
21
25
5
9
13
17
5
5
9
9
5
9
5
9
13
6
10
5
9
5
5
9
9
5
9
5
11
9
18
31
5
9
5
9
5
9
13
17
13
17
38
42
5
46
9
50
54
5
5
9
9
13
17
5
9
5
9
13
5
9
5
5
9
9
13
13
5
9
5
9
5
13
9
17
13
5
9
5
5
9
9
13
17
5
21
9
13
5
9
5
9
13
5
17
9
13
17
21
5
9
5
9
5
9
5
9
5
9
5
9
5
5
13
9
9
17
5
9
13
5
9
5
9
13
17
5
9
5
9
13
5
9
6
10
24
5
28
5
9
9
42
46
5
50
8
54
58
16
62
17
21
25
29
63
5
9
5
9
13
5
9
5
5
9
9
5
9
5
5
9
9
5
9
5
9
5
9
13
17
5
5
9
5
9
13
9
17
21
25
5
29
12
20
5
36
21
49
53
5
9
5
9
5
9
5
9
13
17
5
9
13
17
5
9
5
9
13
5
9
5
9
5
9
13
17
21
25
5
9
5
9
5
5
9
9
13
17
21
5
9
13
17
21
25
5
9
5
13
9
17
13
21
17
25
21
29
25
29
33
37
41
45
49
53
5
57
9
61
13
65
5
5
9
9
5
9
5
9
13
17
21
5
16
20
26
30
5
9
13
5
9
13
5
9
5
9
13
17
21
25
5
9
5
9
13
5
9
5
9
5
9
5
9
5
9
9
13
12
16
23
27
31
35
5
9
5
9
5
9
5
5
9
9
13
17
21
25
29
33
5
9
5
9
5
9
13
5
9
5
9
5
9
5
9
5
9
5
9
5
9
13
5
9
5
9
5
9
5
9
5
9
5
5
9
12
15
19
23
27
31
35
5
9
5
9
13
5
34
9
38
13
45
17
49
21
53
25
57
29
5
61
9
65
13
69
17
76
21
80
25
84
29
88
33
92
37
96
100
5
9
112
123
127
134
138
142
146
150
154
158
162
166
170
174
178
182
186
190
194
198
5
202
9
206
5
16
12
9
27
20
31
24
35
235
42
46
249
56
253
60
257
5
63
9
268
276
284
288
292
296
300
304
312
316
320
324
328
332
5
336
9
340
13
344
348
356
360
364
368
372
376
380
384
388
392
396
5
9
196
200
5
9
5
9
5
9
13
17
21
25
29
33
37
41
52
17
56
32
36
77
81
85
89
93
97
101
5
9
13
13
21
41
45
60
5
68
9
72
76
80
57
61
76
31
35
5
9
13
17
5
5
5
9
9
11
13
17
18
26
5
9
5
9
5
9
13
17
5
9
5
9
19
23
36
5
40
9
44
13
17
21
5
9
5
5
9
5
9
9
13
13
17
5
9
13
5
9
13
17
21
25
29
5
9
5
13
9
5
9
5
9
13
5
9
5
9
13
5
9
5
9
13
17
5
21
9
25
13
29
5
9
5
9
13
17
5
9
5
9
13
17
5
9
5
9
5
9
5
5
9
5
9
13
9
17
13
5
9
13
5
5
9
9
13
17
5
9
13
17
21
25
5
9
5
9
5
9
5
9
13
17
5
9
5
9
5
9
5
9
13
17
21
25
29
33
37
41
45
5
9
5
9
5
9
5
5
9
19
9
5
29
9
33
13
37
17
41
21
46
25
50
29
33
37
41
45
49
53
57
61
65
5
12
15
19
23
27
31
5
9
13
17
21
5
9
5
9
13
17
21
5
9
13
5
5
9
9
5
9
5
5
9
9
5
9
5
9
5
9
5
5
9
9
13
5
9
5
12
17
21
5
25
9
5
9
5
5
10
9
22
32
5
9
5
9
13
5
17
5
9
21
9
13
25
13
17
29
17
21
33
37
41
45
49
53
57
61
65
69
73
77
12
14
25
32
40
40
44
45
47
48
48
49
53
55
57
59
61
62
67
70
73
74
73
74
81
79
82
83
85
87
89
90
93
95
95
99
103
104
107
109
111
114
115
111
115
122
124
120
125
128
131
130
132
131
136
136
138
140
142
143
146
143
150
147
153
154
154
157
160
162
161
166
168
169
174
172
173
177
178
176
181
180
182
189
189
188
193
193
196
200
200
200
201
204
204
206
205
210
210
213
214
217
217
219
221
223
225
225
226
231
232
230
234
235
238
234
238
241
243
244
245
247
250
252
255
256
257
261
263
267
268
267
271
272
277
278
281
282
282
286
290
296
294
300
308
312
328
332
351
355
364
368
379
383
387
399
403
417
421
441
445
468
5
9
5
9
5
9
5
13
9
17
13
21
25
29
33
5
37
9
41
13
45
17
49
21
53
25
57
5
29
61
9
65
13
69
17
73
21
77
81
85
89
93
97
101
5
16
123
30
138
39
17
21
5
9
13
5
9
16
17
21
5
5
9
9
13
5
9
5
5
9
9
13
17
21
25
29
33
5
9
5
5
9
9
5
9
5
5
9
9
13
17
5
5
9
9
13
5
9
13
5
9
13
5
9
5
9
13
5
12
20
26
30
34
38
42
5
5
9
9
13
13
5
17
9
21
25
29
33
37
5
9
13
5
9
13
17
21
25
29
33
5
9
5
9
13
5
17
5
20
9
24
28
32
36
40
44
48
52
56
60
64
68
23
27
31
5
9
38
13
42
17
21
125
25
5
29
23
9
13
139
146
150
5
9
51
13
162
17
166
21
25
177
29
181
124
193
197
201
205
5
9
213
13
217
221
225
5
229
9
233
237
244
248
252
256
260
126
130
134
138
142
5
9
5
9
5
9
13
5
5
9
9
5
9
13
5
9
5
9
5
13
9
5
9
29
45
5
9
5
9
5
9
13
17
5
9
13
17
33
5
37
9
41
13
45
40
44
48
5
52
9
6
10
5
9
8
12
5
9
13
9
13
5
9
13
5
9
5
9
7
11
5
9
13
5
5
5
9
9
13
21
26
30
5
9
5
5
9
9
8
13
12
16
5
9
5
9
5
9
5
9
5
9
5
9
5
9
13
17
5
21
9
25
29
5
9
13
5
5
9
9
5
9
5
9
5
9
5
9
5
9
13
17
5
9
13
5
9
13
5
9
5
9
5
9
13
17
5
12
19
5
5
24
9
17
31
39
21
25
5
9
5
17
22
26
5
9
5
9
5
9
13
17
21
25
29
12
5
8
59
20
12
63
25
29
43
37
41
5
9
5
9
5
9
5
5
9
9
13
13
17
17
21
25
8
16
24
28
34
5
9
5
9
5
9
5
14
9
22
32
36
5
9
5
9
5
9
5
9
5
13
9
5
9
5
9
13
5
9
5
9
5
9
13
17
5
9
13
17
5
9
5
9
5
9
5
9
13
17
5
21
9
13
5
9
5
9
5
9
5
9
5
9
5
9
5
9
5
9
5
5
9
9
5
9
5
9
5
9
5
9
5
9
13
5
9
13
17
21
25
5
9
13
5
5
9
9
13
5
9
13
17
21
25
5
29
9
33
37
41
5
9
5
5
9
9
13
13
5
9
5
9
5
9
13
5
9
13
5
5
9
9
5
9
13
17
21
25
5
9
5
9
5
9
13
17
21
25
29
5
9
5
9
13
5
9
5
9
5
9
5
9
5
9
13
5
9
5
9
13
5
9
8
5
9
20
13
17
20
24
28
32
5
9
5
9
5
9
5
9
5
9
13
5
9
5
9
5
9
5
9
5
9
5
9
5
9
5
9
5
5
9
9
5
12
9
16
24
43
47
51
55
59
13
17
80
84
5
9
5
9
13
17
21
5
5
9
5
9
5
13
9
17
19
5
27
9
31
5
5
9
9
13
5
9
13
5
9
5
5
9
9
13
8
17
12
5
9
13
5
16
19
23
27
5
9
13
17
5
21
9
13
17
21
25
29
33
37
41
45
49
53
5
57
9
61
13
65
17
69
5
5
21
73
9
9
25
77
13
81
17
85
21
25
29
33
37
5
9
5
9
13
17
5
9
5
9
5
9
5
9
13
5
9
5
9
5
9
5
9
5
9
5
9
5
9
5
9
13
17
21
25
29
5
33
9
37
5
5
9
9
13
13
17
21
5
25
9
5
29
9
33
37
5
41
9
5
45
13
9
49
5
13
53
9
57
5
9
5
9
22
31
38
16
20
24
28
32
5
9
5
9
5
9
5
5
9
9
12
14
25
32
40
40
44
45
47
48
48
49
55
57
60
62
61
63
67
69
69
70
73
73
77
77
81
82
83
84
86
87
88
93
90
94
98
97
100
101
102
110
106
111
111
114
115
118
122
123
125
128
129
130
129
135
135
137
136
141
142
145
147
145
151
153
154
157
159
158
158
161
166
168
166
172
173
174
174
181
183
179
185
183
187
189
191
196
193
199
200
203
204
200
204
208
210
204
208
212
212
215
212
224
225
232
232
233
236
236
239
240
240
243
244
244
248
250
251
252
255
258
261
261
262
265
265
272
273
276
277
282
281
287
286
291
290
294
298
298
302
306
311
306
313
315
310
317
319
314
318
327
341
345
349
353
360
362
363
364
366
367
370
371
375
374
377
379
378
381
385
389
393
398
402
406
408
410
412
416
426
432
436
440
444
448
452
456
460
464
468
472
476
480
496
484
500
488
492
496
500
504
508
512
516
520
524
528
532
536
540
570
544
574
548
552
597
601
5
9
5
9
5
9
5
9
5
9
5
8
9
12
16
5
9
5
9
5
9
5
9
13
5
9
5
9
5
9
13
5
9
5
9
16
20
30
5
9
5
16
9
17
21
5
9
5
9
5
13
9
6
10
5
9
13
17
5
9
5
9
5
9
13
8
32
26
5
9
5
5
9
9
13
17
13
21
17
25
29
29
5
9
5
9
13
17
21
25
29
33
37
41
45
49
53
57
61
65
5
9
13
17
5
5
9
17
8
5
21
12
9
16
32
36
40
5
44
9
48
5
9
5
9
5
5
9
9
13
17
21
25
29
33
5
5
9
9
13
5
9
5
9
5
9
5
9
13
17
21
25
5
9
13
5
9
13
5
5
9
9
5
9
13
5
9
5
9
5
9
5
9
13
17
21
25
29
5
9
13
5
9
5
9
5
13
9
5
5
9
9
13
5
9
13
5
9
5
9
13
17
21
25
5
9
5
9
5
9
5
5
9
9
21
21
10
17
41
7
11
15
19
23
5
27
9
31
35
39
5
9
5
9
5
9
5
9
5
9
5
9
13
5
9
5
9
5
13
9
17
13
21
17
25
29
33
14
37
18
5
39
9
46
50
24
28
66
70
83
59
63
67
71
75
5
9
13
5
17
21
27
5
31
9
5
9
13
17
21
25
29
33
40
50
54
58
62
66
70
5
74
9
82
90
94
83
87
5
9
13
17
5
9
7
11
5
9
5
9
5
9
13
5
5
9
9
13
13
17
17
5
21
21
9
25
5
29
9
38
16
20
24
28
32
36
5
9
5
9
5
9
13
5
9
13
17
21
5
9
5
9
5
9
5
9
5
9
13
17
21
5
9
13
17
5
9
13
5
9
13
5
9
5
9
13
5
5
9
9
5
9
5
9
5
9
5
9
13
5
9
13
17
21
5
9
5
9
5
9
5
9
5
9
5
9
5
9
5
9
5
9
5
9
13
5
9
13
17
5
9
5
9
13
17
5
9
13
5
9
5
13
9
5
5
9
9
13
5
9
5
5
9
9
5
9
13
5
9
5
9
5
9
13
17
5
21
9
25
13
29
17
33
21
25
29
33
5
9
5
9
5
9
5
5
9
9
5
9
13
5
9
5
13
9
17
13
17
5
5
9
9
5
9
5
9
5
9
5
9
13
5
9
5
9
13
5
9
13
17
21
25
29
5
9
13
17
21
25
29
5
9
5
5
9
9
5
9
5
9
13
5
9
5
9
5
5
9
9
5
5
9
9
5
9
5
9
5
5
9
9
5
9
5
9
13
17
5
9
5
9
5
9
5
9
5
9
13
5
9
13
17
21
25
29
33
37
41
45
5
49
9
53
57
61
65
75
83
87
91
95
102
106
5
110
9
114
13
118
17
122
21
126
25
5
130
9
137
13
17
93
21
100
5
5
104
9
9
13
166
17
21
174
25
178
5
29
182
9
33
186
13
193
197
201
205
209
213
217
221
225
229
233
125
129
25
32
149
5
153
9
280
284
288
292
5
9
5
13
9
17
21
25
29
33
37
41
45
49
53
57
61
65
69
73
77
81
5
85
9
89
7
11
5
9
5
9
13
17
21
5
9
5
13
9
17
5
9
5
9
5
9
5
9
13
17
5
9
5
10
17
22
26
30
34
38
42
46
50
5
9
5
9
5
9
5
9
5
9
5
9
5
9
13
17
21
25
5
29
9
33
13
5
5
37
9
9
41
13
45
49
53
57
61
65
69
73
5
9
13
5
9
5
9
5
9
5
9
5
13
17
22
12
14
25
32
40
40
44
45
47
48
48
49
55
57
60
62
61
63
67
69
69
70
73
73
77
77
81
82
81
83
88
90
93
92
94
95
100
100
99
100
104
108
109
111
108
116
115
119
126
126
126
128
130
130
135
134
138
140
141
140
145
147
149
152
153
156
158
157
160
162
163
167
168
169
170
174
174
175
178
178
184
182
184
188
190
191
195
198
199
202
206
207
208
210
212
211
214
222
220
224
227
228
228
229
232
234
233
238
239
240
237
243
244
241
250
252
253
255
254
256
258
261
271
272
275
276
279
284
283
288
292
296
297
302
300
301
306
305
310
309
316
314
320
319
318
323
322
327
327
331
331
335
335
339
343
350
354
363
365
367
369
389
393
5
9
13
17
5
9
5
9
5
9
13
17
21
5
5
9
9
13
17
5
21
9
5
5
9
9
6
7
5
10
11
9
5
5
9
9
13
17
21
5
9
16
14
18
5
9
5
13
9
13
5
9
5
9
5
9
5
9
8
12
5
9
5
19
23
27
31
35
5
5
9
45
5
9
49
9
5
9
5
9
5
9
5
5
5
9
9
9
5
9
5
9
5
9
13
5
9
5
9
5
9
13
5
9
5
9
13
17
21
25
9
13
5
9
8
12
5
5
9
9
13
5
9
5
9
13
17
5
9
5
9
5
9
13
5
9
5
9
5
16
24
31
35
39
43
5
9
5
9
5
9
5
9
5
9
5
9
5
9
5
9
5
9
5
9
5
5
9
9
13
17
5
21
9
25
29
33
37
5
41
5
12
48
9
52
5
9
13
5
9
5
9
13
5
9
22
35
44
48
5
9
13
17
21
25
5
9
5
13
9
17
21
25
5
29
9
5
9
5
9
13
17
21
25
5
9
5
9
5
9
5
9
5
9
5
9
13
5
12
13
17
21
5
9
5
9
5
5
9
9
13
13
17
5
9
13
17
21
25
29
5
9
5
9
5
9
13
5
9
5
9
13
5
9
5
9
5
9
5
8
12
37
41
52
5
9
13
17
21
5
9
8
5
15
9
13
26
30
31
35
5
9
13
17
5
9
5
9
5
9
13
17
21
5
9
5
9
13
5
9
5
5
9
9
5
9
5
9
13
5
9
5
9
13
5
5
9
9
13
17
21
25
5
29
12
16
5
9
23
5
32
9
5
9
5
5
9
9
5
5
9
9
5
9
5
9
5
9
13
17
21
25
29
33
37
41
45
5
9
5
9
5
9
5
9
5
9
5
9
5
9
5
9
5
9
5
6
9
19
27
5
9
29
13
5
17
9
24
58
62
5
9
5
5
9
9
13
17
21
25
5
9
13
17
21
5
5
25
9
9
29
13
13
33
5
9
13
5
9
9
5
5
9
9
37
13
41
60
5
9
5
13
9
17
5
21
10
13
14
5
9
5
9
5
9
8
15
19
23
31
35
53
57
61
65
5
9
5
12
20
27
34
38
5
9
5
13
9
17
21
5
9
5
9
5
9
5
5
9
9
13
17
5
21
9
25
29
33
37
41
45
5
9
5
9
5
9
5
9
5
13
9
17
21
5
25
9
29
33
37
41
5
5
9
9
13
17
5
21
9
25
13
17
10
21
17
25
45
29
49
33
5
9
5
9
5
5
9
9
5
9
13
5
9
5
9
5
9
13
5
9
5
9
5
5
9
5
9
6
9
10
5
9
5
9
13
17
21
5
9
5
9
13
17
5
9
5
9
5
5
9
9
13
13
5
9
13
17
5
21
9
13
17
5
9
5
9
5
9
13
5
9
13
17
21
25
32
5
9
39
43
51
55
45
68
5
28
9
39
43
83
5
9
117
5
121
125
12
129
15
19
5
9
13
17
5
9
13
17
21
5
9
5
9
5
9
13
17
21
25
5
9
5
5
9
9
5
9
5
9
5
9
13
17
21
25
5
9
5
9
5
5
9
9
5
9
5
9
5
9
13
17
5
9
5
13
9
17
5
21
9
25
13
29
17
33
21
37
25
41
45
49
53
57
61
65
69
73
77
81
85
89
93
5
5
97
9
9
101
8
105
12
109
16
113
117
121
125
129
133
11
24
163
167
171
175
182
190
26
30
5
9
5
9
5
13
9
13
17
21
5
9
6
10
14
5
9
5
9
5
9
5
9
13
5
9
5
9
5
9
5
9
13
17
5
9
7
11
15
19
23
5
9
5
9
5
9
5
9
13
17
21
5
9
5
9
5
9
13
5
9
13
5
9
11
21
34
38
5
9
5
9
13
9
13
5
9
12
12
12
23
32
35
38
38
41
45
45
48
49
55
56
58
61
63
68
70
70
72
77
77
80
83
84
87
90
90
91
92
95
96
99
100
101
103
105
107
107
109
115
113
118
120
123
124
125
126
130
131
133
135
136
138
137
143
145
145
146
147
149
153
157
157
159
161
161
163
165
169
169
170
173
173
177
177
182
181
181
184
185
185
190
188
197
196
199
202
204
204
208
209
208
216
212
220
216
220
225
227
231
233
234
237
235
237
238
241
242
243
245
247
251
252
252
254
255
256
260
259
274
276
278
280
282
286
286
290
295
295
299
302
303
307
313
317
320
331
332
335
336
348
349
352
353
360
364
366
368
370
383
387
391
395
398
402
406
414
418
422
426
430
485
489
493
497
539
543
547
5
5
5
9
9
9
13
17
21
25
29
33
5
37
9
41
13
45
17
49
5
53
9
57
13
61
17
65
5
9
5
9
5
9
8
12
5
9
5
9
5
9
5
9
5
5
9
9
5
5
9
9
13
5
9
5
9
13
5
9
5
9
5
11
15
5
9
23
5
27
9
31
35
39
55
5
9
5
9
5
9
5
9
13
5
17
9
21
8
25
12
5
9
5
9
5
13
9
5
9
5
9
5
5
9
9
13
5
9
8
12
16
20
24
5
8
15
26
30
5
9
13
5
17
9
24
15
19
5
9
5
9
13
5
13
10
14
18
5
5
9
9
13
13
17
17
21
25
29
33
37
5
41
9
13
17
21
10
5
9
36
5
43
9
47
51
59
63
67
71
75
83
87
14
5
9
24
114
118
122
126
130
134
5
9
6
13
5
18
9
158
165
5
5
9
5
9
13
9
17
5
5
9
5
9
13
9
13
17
21
25
29
33
5
9
5
9
5
5
9
9
5
9
5
5
9
9
13
13
17
5
9
5
9
5
9
5
9
5
9
13
17
5
9
5
9
13
17
21
25
5
9
13
17
21
25
29
33
37
41
45
8
12
5
9
5
9
5
9
5
9
5
9
16
23
5
33
40
49
31
42
5
71
9
5
13
9
91
95
102
106
110
111
115
105
109
5
9
5
9
5
9
5
9
5
9
5
9
13
5
9
13
7
11
5
5
9
9
13
17
5
9
13
17
21
25
29
33
37
5
41
9
13
20
24
68
5
9
5
9
5
9
13
17
5
9
5
9
5
9
5
9
5
9
5
9
5
9
13
17
5
9
5
9
5
9
5
9
5
9
5
9
13
17
5
9
5
9
5
13
9
17
13
21
17
25
21
29
25
33
29
37
33
41
45
5
9
5
9
5
9
5
5
9
9
13
5
9
5
9
13
5
9
5
26
5
9
30
9
44
5
48
9
52
13
56
17
5
60
21
9
25
29
33
37
41
5
9
13
17
21
25
29
5
9
13
5
9
13
17
5
9
5
9
5
9
5
9
5
13
17
12
21
25
19
29
22
7
26
11
5
9
13
17
21
5
25
9
29
5
33
9
45
52
56
60
64
71
75
79
5
83
9
87
95
99
103
5
107
9
115
5
9
13
17
21
5
128
25
9
132
5
9
13
17
21
5
9
5
13
9
13
5
9
5
13
9
13
17
21
5
9
13
5
9
13
5
17
9
13
5
9
13
17
5
9
13
17
5
9
5
9
5
9
5
9
9
13
5
9
13
5
9
5
9
13
5
9
5
9
5
9
13
5
9
5
9
13
5
17
21
24
5
28
9
42
13
46
50
54
58
62
5
9
8
12
16
5
20
9
24
13
28
129
5
9
13
17
5
5
9
9
5
9
5
9
5
9
13
31
5
35
9
42
46
50
62
5
9
5
9
5
13
9
5
9
13
17
5
9
5
5
9
5
9
13
9
17
21
25
29
33
5
9
13
5
9
5
9
5
9
5
9
5
9
5
5
9
9
13
17
5
9
5
9
5
9
13
17
21
25
29
5
9
5
9
5
5
9
9
5
9
13
17
21
25
5
8
9
12
5
9
5
9
13
17
21
25
29
33
37
41
45
5
49
9
53
57
61
65
69
73
77
81
85
89
93
5
9
5
9
5
9
5
5
9
5
9
9
13
6
5
17
10
9
21
28
39
46
50
54
58
62
13
5
71
9
75
13
17
86
21
25
42
29
33
117
37
121
41
125
45
5
9
5
9
5
9
5
13
9
5
9
5
9
5
5
9
9
13
17
21
25
29
5
9
5
9
13
17
5
9
5
9
5
9
5
9
13
17
5
5
9
15
19
5
24
9
28
32
5
9
13
17
21
25
5
9
5
12
12
12
23
32
35
38
38
41
45
48
52
53
56
56
60
63
63
68
71
75
77
82
83
83
87
87
91
94
94
94
96
100
102
102
100
104
108
110
110
111
115
113
117
121
121
124
125
127
129
132
133
137
136
137
138
141
141
143
144
145
148
150
152
152
157
159
156
160
163
163
167
166
167
167
171
172
177
174
181
178
186
185
182
190
189
193
194
198
201
196
202
200
207
209
208
204
215
208
217
219
219
223
215
226
225
230
222
233
233
239
241
243
247
245
248
251
250
252
256
260
264
265
265
268
269
269
274
270
278
281
274
283
285
285
278
287
289
282
293
286
302
306
312
312
313
316
317
319
320
323
335
339
343
343
347
347
352
354
358
363
362
367
372
376
376
380
391
449
453
520
524
528
532
536
5
9
5
9
5
9
5
9
5
9
5
9
5
9
5
9
5
9
5
9
13
24
31
5
12
52
56
5
9
63
5
67
9
71
75
79
5
83
87
13
91
17
95
26
99
30
103
34
107
38
111
42
115
46
119
50
123
54
127
7
131
11
5
135
15
9
19
13
143
147
5
151
9
155
13
159
163
167
171
175
179
183
187
5
191
9
5
195
13
9
199
17
13
203
17
207
21
211
25
29
33
37
5
41
9
268
45
13
272
5
9
5
9
5
9
13
8
12
16
20
24
28
32
5
9
5
9
5
9
5
9
13
17
21
25
29
33
37
5
5
9
9
13
5
5
9
9
13
17
21
5
9
13
17
5
9
5
9
13
17
5
9
5
9
13
5
17
9
21
25
5
9
5
9
13
17
21
25
29
33
37
41
5
53
9
13
61
17
5
65
21
9
69
25
39
43
5
9
5
5
9
16
19
23
5
9
5
9
13
17
21
25
29
33
5
9
5
9
13
5
9
5
9
5
9
5
5
9
9
13
5
9
5
9
13
5
5
9
9
5
9
5
11
18
25
29
46
50
5
9
26
30
5
9
68
7
72
11
76
64
68
5
5
9
9
13
6
10
5
9
5
9
13
5
9
5
9
13
5
9
5
9
13
17
21
25
5
9
13
17
21
5
9
5
9
5
9
5
9
5
9
5
9
5
9
5
9
5
9
13
5
9
13
5
5
9
9
7
13
11
5
9
5
9
5
9
5
9
5
9
13
17
21
25
29
33
37
41
45
49
53
57
61
65
69
73
77
81
85
89
93
97
101
105
109
113
117
11
18
138
142
5
9
5
9
5
9
5
9
5
9
13
17
21
5
9
5
16
24
31
35
8
25
37
41
5
9
13
5
9
5
9
5
9
5
9
5
9
5
9
13
5
9
5
9
5
9
5
9
5
9
13
17
5
5
9
9
13
13
17
17
5
21
9
13
5
9
5
9
5
5
9
9
13
13
17
5
9
5
9
16
23
22
5
26
9
5
9
13
17
21
25
29
33
5
9
17
29
5
33
9
6
10
80
14
5
9
13
5
9
13
5
9
5
9
5
9
13
17
5
9
5
9
13
5
9
5
9
5
9
5
9
5
9
13
5
9
5
9
5
9
9
13
5
9
5
9
13
5
9
13
5
9
5
9
13
17
5
9
5
9
5
5
9
9
13
13
17
21
5
9
5
9
5
9
5
9
5
9
5
9
5
9
5
12
5
9
20
13
27
31
35
39
47
51
55
5
59
9
75
79
5
9
13
17
5
9
13
17
5
10
17
25
5
9
5
5
9
9
13
17
21
5
9
13
9
13
5
9
13
5
9
5
9
5
9
5
13
9
5
9
5
9
5
9
5
9
13
5
9
13
5
9
5
9
5
9
5
9
5
9
5
9
5
9
5
9
5
9
13
5
5
9
5
9
9
5
9
5
9
5
9
5
9
5
9
5
9
13
17
21
5
9
5
9
5
9
5
9
5
9
5
9
5
5
9
5
9
9
13
19
20
24
5
12
13
5
17
9
13
17
21
25
29
33
5
37
9
41
8
45
12
49
53
57
61
65
69
73
5
9
5
9
5
5
9
9
5
9
13
17
21
5
9
13
5
9
5
9
13
17
21
5
25
9
5
9
5
9
5
9
13
17
5
21
9
25
13
5
9
13
17
6
10
14
5
18
9
22
26
30
34
5
38
9
5
9
5
9
13
5
9
5
9
5
9
5
9
13
5
17
9
10
23
43
47
5
9
13
17
21
7
11
15
19
23
5
9
5
9
5
9
13
5
9
5
9
5
9
13
8
5
15
9
21
25
5
9
5
9
5
9
5
9
5
9
5
9
13
5
9
5
9
13
17
12
12
12
23
32
35
38
38
41
45
48
52
53
56
56
60
63
62
67
68
69
74
73
76
78
81
80
82
84
87
89
91
93
96
102
106
105
104
106
108
113
114
112
123
123
124
126
127
130
130
135
134
136
139
140
145
144
144
149
152
153
148
158
160
160
163
162
164
166
167
166
170
176
183
185
184
189
190
188
190
194
202
202
203
203
207
209
210
211
214
219
219
219
222
223
224
224
227
228
230
231
235
236
236
235
239
240
244
244
244
248
252
255
259
261
263
268
272
271
272
276
275
280
287
286
287
291
290
296
294
300
298
306
310
313
314
316
320
326
327
326
330
330
331
331
334
334
337
338
352
351
355
356
356
355
361
360
365
364
369
368
373
373
372
377
383
376
381
380
391
384
395
391
388
400
399
395
392
404
403
396
410
400
414
414
404
418
408
412
416
420
424
428
432
436
465
444
469
448
452
456
460
464
494
468
498
472
502
476
506
480
510
484
514
488
492
530
496
534
500
504
508
512
516
520
524
528
532
536
540
544
548
552
556
560
564
568
572
576
580
584
588
592
596
600
604
608
612
616
620
624
628
632
636
640
644
648
652
656
660
664
672
676
680
684
797
801
805
5
9
5
9
5
9
13
5
9
13
17
5
21
9
25
29
33
5
37
9
41
13
5
9
13
5
9
5
9
5
5
9
9
13
1220
1224
5
5
9
9
5
5
9
9
5
9
5
5
9
9
5
9
12
14
16
18
5
9
13
17
5
5
9
9
5
13
9
5
5
9
9
5
9
5
9
5
5
9
9
13
5
9
5
9
5
9
13
17
5
21
9
25
29
33
40
14
16
20
39
5
5
9
9
5
9
13
5
9
13
17
5
9
5
13
9
13
17
5
5
9
9
13
5
9
13
17
21
25
29
33
37
41
45
49
53
57
61
5
9
5
9
5
9
5
9
9
13
5
9
5
5
9
9
8
13
17
13
21
17
29
5
9
5
9
5
9
5
9
5
9
5
13
9
17
13
21
25
29
5
9
15
19
50
54
58
5
9
5
9
5
9
5
13
9
17
21
25
29
33
5
9
7
11
5
9
5
9
13
17
21
25
29
33
37
5
9
13
17
5
5
9
9
13
17
21
25
29
33
5
9
5
9
5
9
13
17
21
25
29
5
12
25
31
35
39
43
47
51
55
59
63
67
5
71
9
75
13
79
83
5
9
5
9
13
5
5
9
9
5
13
9
17
21
25
29
33
5
37
9
41
45
52
64
68
72
76
5
9
13
87
95
99
103
107
111
5
9
109
113
5
9
13
5
9
5
9
13
5
9
5
9
5
13
9
17
9
13
22
26
30
34
5
9
5
13
9
17
21
5
9
5
9
5
13
9
5
17
13
9
13
5
5
9
9
5
9
5
5
9
9
5
9
5
9
5
9
5
13
9
8
16
23
29
5
9
5
9
5
9
13
5
9
13
5
9
5
9
5
9
5
9
5
9
5
9
13
5
9
5
9
5
9
5
9
13
17
21
25
5
9
5
13
9
17
5
9
13
17
5
9
13
5
9
5
9
8
12
5
9
5
9
13
17
5
9
5
9
5
9
5
9
5
9
5
9
5
9
5
9
5
9
5
9
13
17
21
25
5
9
5
9
5
9
5
9
13
5
12
9
28
36
33
5
9
5
9
5
9
5
9
5
9
5
9
13
17
21
25
29
5
9
5
9
5
9
5
9
5
9
5
9
5
9
5
9
5
9
5
9
13
17
21
25
29
33
5
9
5
9
5
9
5
9
13
5
9
5
13
9
17
21
25
29
33
37
5
41
9
5
7
9
11
13
5
9
13
5
9
5
9
5
13
17
21
14
18
26
30
34
38
42
46
50
54
5
58
9
5
9
5
9
13
17
5
9
5
9
5
9
13
17
21
5
25
9
29
33
37
41
45
49
53
57
5
61
9
65
13
9
13
17
5
9
5
13
9
17
5
9
5
9
5
14
18
29
47
19
23
29
33
5
9
5
9
13
5
9
5
9
5
5
9
9
5
9
5
5
9
9
13
5
5
9
9
8
12
5
11
18
22
30
34
5
9
13
5
9
13
5
9
5
9
13
17
5
9
5
9
13
17
5
9
5
9
5
9
5
9
13
17
21
5
9
13
5
9
37
41
45
52
59
63
77
81
85
5
9
13
5
9
13
17
5
9
5
9
13
20
27
31
35
43
47
51
59
63
71
75
79
83
87
91
95
99
103
107
111
115
119
123
127
131
135
139
143
147
151
155
184
188
192
196
12
12
12
23
32
35
38
38
41
45
48
52
53
56
56
60
63
62
67
68
69
71
74
76
78
80
82
85
84
86
89
90
92
95
96
100
101
101
101
106
108
110
110
110
114
117
117
119
120
124
126
126
126
130
133
133
137
139
140
140
144
147
145
150
148
151
154
158
159
158
162
162
166
167
170
170
176
174
175
180
178
185
182
184
189
185
186
193
190
197
193
194
197
205
198
206
209
210
214
207
218
218
211
222
215
225
226
229
219
229
230
234
237
236
227
240
231
245
248
244
252
252
253
248
257
252
262
261
261
256
266
267
263
260
271
267
272
277
275
281
285
289
294
293
301
312
316
326
326
331
330
335
336
341
342
345
349
360
362
364
366
376
380
384
426
430
436
436
440
440
448
451
455
464
476
480
480
487
491
5
9
13
17
5
21
9
25
29
42
50
5
9
34
38
5
9
5
9
13
5
9
13
5
9
5
9
5
20
9
24
28
32
44
52
44
48
5
12
16
20
5
9
13
5
17
9
21
5
25
9
29
33
5
9
5
5
5
9
9
9
13
5
9
5
9
13
17
31
5
9
5
9
5
9
5
9
5
9
5
10
17
25
5
9
5
5
9
9
5
9
8
24
5
9
23
36
5
9
5
9
5
9
5
9
5
9
5
9
5
9
13
17
5
9
7
5
11
9
15
13
5
9
5
9
13
5
5
9
9
13
5
17
20
24
5
9
5
9
5
9
5
9
5
9
5
9
5
8
15
19
31
51
5
9
5
9
13
17
21
25
5
5
9
9
7
11
5
9
5
9
13
5
9
5
9
13
10
27
5
8
9
16
13
17
74
78
82
86
5
9
5
13
9
17
21
25
5
5
29
9
9
33
6
37
10
41
45
49
53
57
5
9
5
9
5
9
13
17
21
25
29
33
37
5
5
9
9
5
9
5
9
13
5
9
5
9
5
9
5
9
13
17
21
5
9
5
5
9
9
13
5
9
5
9
13
17
5
9
5
9
13
6
10
5
9
5
9
5
9
5
9
5
9
5
9
13
5
14
18
22
25
5
9
13
5
9
5
9
13
6
10
5
9
5
9
5
10
18
26
30
34
11
19
26
30
34
6
14
96
5
9
8
19
23
5
33
9
37
13
5
9
5
9
5
9
13
5
5
17
9
9
21
13
25
17
29
21
33
25
37
29
5
9
5
9
5
9
5
9
5
13
9
17
6
24
10
31
26
30
54
61
5
45
9
49
57
46
53
5
9
99
103
5
5
9
9
13
5
9
5
9
13
17
21
25
29
33
37
41
45
49
5
9
5
9
5
9
5
9
5
14
18
5
22
9
29
33
5
47
12
18
22
29
33
5
9
13
5
5
9
9
6
10
14
5
9
5
9
5
9
5
9
5
9
5
9
5
9
5
9
5
9
5
9
5
9
5
9
13
5
9
5
9
5
5
9
9
5
11
15
26
5
9
5
9
13
5
9
5
9
13
5
9
5
9
13
17
5
9
5
9
5
9
13
17
5
5
9
9
13
5
9
13
17
21
25
29
33
37
41
45
5
9
5
9
5
5
9
9
5
9
5
9
13
5
9
5
9
5
9
13
17
21
5
9
13
17
5
9
13
17
5
9
5
9
5
9
5
9
5
9
13
5
9
13
5
9
5
9
5
9
13
17
21
25
5
5
9
9
13
5
17
9
21
13
25
17
29
5
9
5
9
5
9
5
9
13
5
9
5
9
13
5
9
5
13
9
5
5
9
9
5
9
5
9
5
9
5
9
13
5
9
5
9
5
9
5
13
9
17
21
25
29
5
9
13
5
5
9
9
13
17
5
9
5
9
13
17
5
9
13
17
5
9
5
9
5
9
13
17
21
25
29
33
37
41
45
49
53
57
5
61
9
65
69
6
82
17
21
30
34
5
9
5
9
5
9
5
9
5
9
13
5
9
13
17
21
25
29
33
37
41
45
49
53
57
61
65
69
73
77
81
85
14
5
18
9
107
111
115
119
123
127
131
135
139
143
147
5
151
9
155
13
159
17
163
167
5
9
5
9
5
5
9
5
9
9
7
13
11
5
5
9
9
5
9
5
9
5
15
5
9
22
30
5
34
9
49
5
9
13
5
9
5
9
13
17
21
25
29
33
37
41
45
49
53
5
57
9
61
5
9
5
9
8
12
5
9
5
5
9
17
24
32
36
5
9
5
9
5
9
13
17
21
25
5
9
5
9
5
13
9
5
9
5
9
5
9
5
9
13
17
21
25
5
9
5
9
5
9
12
12
12
23
32
35
38
38
41
45
48
52
53
56
56
60
63
66
67
68
73
72
75
80
80
79
84
86
87
87
90
90
91
94
96
99
98
101
105
102
105
109
112
109
115
113
113
122
123
126
126
129
129
133
134
133
133
138
142
143
145
148
149
149
150
153
156
157
160
160
162
164
165
164
168
169
174
173
176
178
177
181
180
182
181
189
183
185
192
193
187
189
200
193
197
197
207
206
201
211
204
205
213
215
208
217
223
212
225
221
227
216
229
231
220
228
235
224
232
239
239
244
236
243
243
240
247
252
247
256
251
255
259
264
266
268
270
270
273
274
278
277
281
282
292
296
298
302
304
308
319
325
326
327
329
335
337
341
339
341
345
347
351
354
358
360
362
364
366
375
378
379
382
386
388
392
404
408
414
418
421
422
425
426
430
435
439
443
447
451
455
459
463
467
471
475
479
483
487
491
495
499
503
507
511
515
519
549
553
553
557
569
573
577
581
585
589
593
597
601
605
609
613
617
621
625
629
633
637
641
645
649
653
657
661
665
669
673
677
681
685
689
693
697
701
705
709
713
717
721
725
729
733
737
741
745
749
753
757
761
765
769
773
777
781
785
789
793
797
801
805
809
5
813
9
817
821
825
5
829
9
833
837
5
841
9
5
9
5
9
5
9
13
5
9
5
10
18
26
8
12
8
12
5
9
5
9
5
9
13
17
21
25
5
9
45
29
36
65
69
73
77
81
85
89
93
97
5
101
9
105
5
5
9
5
9
5
9
9
5
9
13
17
21
5
25
9
29
33
37
41
45
49
53
57
61
5
65
9
69
73
77
81
85
89
93
97
101
105
109
113
117
5
121
9
125
129
133
137
141
145
149
153
157
161
5
165
11
19
27
31
5
9
13
17
21
25
29
33
5
37
9
41
5
13
45
9
17
49
21
53
25
57
11
19
5
79
9
83
87
91
95
5
9
5
9
5
9
5
9
9
13
5
9
5
9
5
9
5
9
13
17
5
21
9
5
9
5
9
5
5
9
9
5
9
13
17
21
25
29
5
12
16
20
5
9
5
9
5
9
13
5
9
5
9
5
9
5
9
5
13
9
17
21
21
29
7
5
11
9
52
5
56
9
5
9
7
11
15
19
5
9
5
9
13
5
9
5
5
9
9
13
16
10
5
14
9
13
17
21
25
29
33
37
41
45
49
53
57
12
19
77
81
5
85
9
89
13
93
17
97
21
101
25
105
29
109
33
113
37
117
41
121
45
125
49
129
53
133
5
137
9
141
13
5
145
9
149
153
157
161
165
169
173
177
181
185
189
193
197
201
205
209
216
223
227
235
239
243
247
251
255
262
266
5
270
9
274
5
278
9
282
286
290
294
298
302
306
5
137
9
13
145
17
336
21
340
344
348
356
360
364
368
372
376
5
380
9
384
388
392
5
396
9
400
404
408
412
416
420
424
5
9
148
16
161
5
28
9
456
13
460
17
464
21
468
25
472
29
476
33
480
484
488
492
496
500
504
508
512
516
520
524
528
532
536
540
544
548
5
552
9
556
5
560
9
564
568
572
576
5
580
9
584
588
592
596
5
9
13
5
9
5
5
9
9
13
13
17
5
9
5
9
5
9
5
9
5
9
5
9
5
9
5
9
5
9
5
9
5
9
5
9
5
9
13
17
5
9
13
17
21
5
9
13
17
21
5
25
9
29
33
5
9
5
9
13
5
9
5
9
5
9
13
17
21
5
5
25
9
9
5
16
9
5
17
20
13
9
24
25
28
29
7
33
11
66
70
74
78
82
86
5
9
5
9
5
9
5
9
5
9
5
9
13
17
21
5
5
25
9
9
29
33
37
41
45
49
53
57
61
5
65
9
69
73
77
81
85
89
93
97
101
10
18
123
127
131
17
21
5
158
9
162
169
20
173
177
181
185
189
193
197
201
205
209
5
213
9
217
5
12
5
19
9
26
30
5
9
37
41
45
49
53
5
57
9
64
68
72
76
80
5
102
9
106
110
5
9
5
9
5
9
13
5
9
5
9
13
5
5
9
9
5
9
13
5
9
5
9
5
9
5
9
13
17
21
5
9
5
9
5
9
5
9
5
5
9
9
13
17
5
9
13
17
5
9
5
9
5
9
5
9
5
9
13
8
22
6
10
39
5
43
9
47
5
9
5
9
5
13
9
5
5
9
9
5
9
5
5
9
9
13
5
9
5
9
5
9
5
9
5
9
13
5
9
5
9
5
9
5
9
5
9
5
9
5
9
5
9
12
12
12
23
32
35
38
38
41
45
48
52
53
56
56
60
63
63
68
71
74
76
78
81
80
83
86
86
87
90
92
91
96
96
98
101
102
102
103
106
109
113
114
113
115
119
121
122
124
123
125
129
131
133
129
133
139
139
139
141
145
142
148
149
146
153
152
150
157
161
162
165
167
169
169
170
176
176
176
177
180
180
184
184
189
188
191
193
193
197
195
197
201
203
206
206
207
207
210
215
214
219
223
220
227
230
224
234
234
235
228
238
239
232
242
243
236
246
240
250
259
260
265
269
271
272
273
275
276
279
284
286
288
292
296
298
296
302
306
319
323
327
332
331
336
337
345
348
352
362
366
372
376
380
385
384
389
388
393
392
396
403
407
419
411
423
415
419
423
427
431
435
439
443
447
451
455
459
463
467
471
475
479
483
487
491
495
499
503
507
511
515
519
523
527
531
535
539
543
547
551
555
559
563
567
571
575
579
583
587
591
595
599
603
607
611
615
619
623
627
634
642
646
650
654
658
662
666
670
674
678
682
686
690
694
698
702
706
710
714
718
722
726
730
734
738
742
746
750
754
758
762
766
770
774
778
782
786
790
794
798
802
806
810
814
818
822
826
830
834
838
842
12
16
5
863
9
867
13
875
879
883
5
887
5
891
12
9
895
16
5
13
899
7
11
903
11
907
35
39
14
919
926
57
5
61
933
9
65
940
69
42
944
73
77
51
951
5
81
55
9
85
89
93
5
5
9
9
13
8
12
16
5
9
1257
1261
5
9
5
9
5
9
5
9
13
12
16
1366
23
27
31
35
39
5
9
5
9
5
5
5
9
9
9
13
5
9
8
12
16
5
9
5
13
9
13
1502
17
1506
21
1510
1514
1518
1522
1526
1530
5
1534
9
1538
13
1542
5
9
13
17
5
9
5
9
5
9
5
9
5
9
13
17
5
9
5
9
5
9
5
9
5
9
5
9
5
9
5
5
9
9
5
5
9
9
2116
2120
5
9
5
9
13
17
21
5
9
5
9
13
5
9
13
5
9
13
5
5
9
9
13
5
9
5
9
8
12
16
20
24
5
28
9
32
36
40
44
5
9
5
9
5
9
5
5
9
9
5
5
9
9
13
5
5
9
9
8
12
5
9
13
17
21
5
9
13
17
21
25
29
5
5
9
9
13
17
5
9
5
9
13
17
21
25
5
9
5
9
5
5
9
9
13
5
17
9
5
5
9
9
5
5
9
9
6
10
5
14
9
18
5
22
9
6
10
14
5
9
5
5
9
9
5
9
5
9
5
9
13
5
9
5
13
9
17
13
21
17
21
25
29
33
37
41
45
49
53
12
20
5
24
9
79
13
83
23
90
97
105
41
5
109
9
51
117
59
125
68
133
72
76
5
80
9
84
13
88
17
92
5
9
5
9
5
9
13
17
5
9
13
5
9
5
9
5
9
5
9
13
17
21
5
9
13
5
9
9
13
5
9
5
9
5
9
5
9
5
9
5
9
5
5
9
9
5
9
5
9
5
5
9
9
5
9
5
9
13
5
17
9
21
5
25
9
29
33
37
41
45
5
49
9
53
13
57
17
61
65
69
73
77
5
81
9
85
13
89
17
21
96
25
19
30
5
21
9
25
13
131
17
135
21
139
143
147
151
5
9
5
9
5
5
9
9
5
5
9
5
13
9
21
24
28
5
9
5
9
5
9
5
9
5
9
5
5
9
5
9
9
13
17
5
9
5
9
5
5
9
9
5
9
5
9
13
17
21
5
25
9
29
13
5
33
9
37
41
45
49
53
57
5
61
9
65
69
73
77
12
6
25
14
18
28
5
32
9
5
126
130
12
16
48
52
69
67
71
75
79
5
83
9
95
99
5
196
9
200
13
204
17
208
21
212
25
216
29
220
33
224
37
228
232
236
240
10
17
262
266
270
274
278
282
5
9
5
9
5
9
5
9
5
9
13
5
9
13
5
17
9
21
5
9
13
17
5
9
13
17
5
9
13
5
17
9
21
13
25
17
29
21
33
25
37
29
41
33
45
37
49
41
53
45
57
61
65
69
73
77
81
85
89
8
93
97
16
101
23
105
27
109
31
113
35
117
121
5
125
9
5
129
9
5
9
5
9
5
9
12
20
24
28
7
11
46
50
5
54
9
58
62
66
5
9
5
9
13
5
17
9
5
9
13
17
21
5
9
5
9
5
9
5
9
5
9
5
5
5
9
9
13
16
17
23
21
25
30
29
34
5
12
55
14
59
18
22
26
30
5
34
9
38
42
46
5
9
13
5
12
12
12
23
32
35
38
38
41
45
48
52
53
56
56
60
63
66
67
68
73
72
74
80
80
83
84
84
87
88
90
90
93
94
95
98
100
104
108
107
108
111
112
115
117
116
121
122
123
120
129
130
132
133
136
137
138
140
142
147
144
145
150
154
155
155
156
160
162
162
164
164
171
173
174
175
177
178
178
183
182
187
190
191
191
194
197
197
198
203
202
204
206
210
208
210
210
214
212
214
218
222
222
226
227
226
232
230
236
238
238
234
243
246
246
247
250
250
254
255
261
259
265
263
271
267
275
271
279
275
283
287
287
291
291
295
299
311
303
315
307
328
339
344
343
348
347
356
356
360
360
364
374
378
383
382
387
391
399
403
416
420
451
455
504
508
512
5
10
24
17
21
36
40
5
9
5
13
9
5
9
13
5
17
9
5
21
13
9
25
5
10
9
5
5
17
9
9
13
24
13
17
28
17
21
32
5
9
67
13
5
9
5
9
13
24
28
5
32
9
39
43
47
5
5
9
9
13
13
17
17
19
5
23
9
45
13
17
5
9
5
9
5
9
5
9
5
9
5
9
5
13
9
23
18
22
26
30
34
5
9
5
9
13
6
10
5
9
5
5
9
9
5
9
5
9
5
9
5
13
9
5
9
20
20
5
24
9
13
17
21
5
25
9
5
29
9
33
37
41
5
45
9
13
5
9
5
9
5
9
20
21
5
5
9
9
13
17
5
5
9
9
5
9
13
5
9
5
9
5
9
5
13
9
17
13
21
17
21
25
29
33
37
5
41
9
45
49
53
57
61
65
69
5
9
13
5
9
5
9
13
5
17
9
5
9
5
9
13
17
5
9
5
5
9
9
5
9
13
17
5
9
5
13
9
17
21
5
9
21
5
29
9
32
5
36
9
13
17
21
25
5
29
14
5
26
9
33
37
5
41
9
13
56
17
5
9
5
9
5
9
5
9
6
10
23
30
47
5
9
5
9
5
16
20
27
5
9
38
9
5
9
13
23
27
5
70
9
5
9
13
5
9
5
13
9
17
13
21
5
5
9
9
13
13
17
17
21
5
9
5
9
13
5
17
9
21
13
25
29
33
37
41
45
49
53
57
61
65
69
73
77
5
81
9
85
13
89
17
93
21
97
25
101
105
109
5
113
9
117
121
22
26
149
153
157
5
161
9
165
169
173
177
181
5
185
9
189
193
197
5
9
210
217
221
225
233
240
5
244
9
248
13
252
7
256
11
260
267
271
275
279
283
287
291
295
299
303
307
9
322
24
337
344
348
5
9
359
363
5
69
5
9
375
9
379
383
5
387
9
391
395
399
406
413
417
424
428
432
436
440
444
448
455
459
463
467
471
475
479
483
487
491
495
499
503
507
515
519
523
527
531
535
539
543
547
551
555
559
563
567
571
575
579
583
587
591
595
599
603
607
611
619
623
627
631
635
639
643
647
651
655
659
663
667
671
675
679
683
687
691
695
699
703
707
711
715
719
723
727
731
735
739
743
747
751
755
763
767
771
775
779
783
787
791
795
799
803
807
811
815
819
823
827
831
835
839
843
847
851
858
862
866
870
874
878
882
886
890
894
898
902
906
910
914
918
922
926
930
934
938
942
946
950
954
958
962
966
970
974
978
982
986
990
994
998
1002
1006
1010
1014
1018
1022
1026
1030
1034
1038
1042
1046
1050
1054
1058
1062
1066
1070
1074
1082
1086
1090
1094
1098
1102
1106
1110
1114
1118
1122
1126
1130
1134
1138
1142
1146
1150
1154
1158
1162
1166
1170
1174
1178
1182
1186
1190
1194
1198
1202
1206
1210
1214
1218
1222
1226
1230
1234
1238
1242
1246
1250
1254
1258
1262
1266
1270
1274
1278
1282
1286
1290
1294
1298
1302
1306
1310
1314
1318
1322
1326
1330
1334
1338
1342
1346
1350
1354
1358
1362
1366
1370
1374
1378
1382
1386
1390
1394
1398
1402
1406
1410
1414
1418
1422
1426
1430
1434
1438
1442
1446
1450
1454
1458
1462
1466
1470
1474
1478
1482
1486
1490
1494
1498
1502
1506
1510
1518
1522
1526
1530
1534
1538
1542
1546
1550
1554
1558
1562
1566
1570
1574
1578
1582
1586
1590
1594
1598
1602
1606
1610
1614
1618
1622
1626
1630
1634
1638
1642
1646
1650
1654
1658
1662
1666
1670
1674
1678
1682
1686
1690
1694
1698
1702
1706
1710
1714
1718
1722
1726
1730
1734
1738
1742
1746
1750
1754
1758
1762
1766
1770
1774
1778
1782
1786
1790
1794
1798
1802
1806
1810
1814
1818
1822
1826
1830
1834
1838
1842
1846
1850
1854
1858
1862
1866
1870
1874
1878
1882
1886
1890
1894
1898
1902
1906
1910
1914
1918
1922
1926
1930
1934
1938
1942
1946
1950
1954
1958
1962
1966
1970
1974
1978
1982
1986
1990
1994
1998
2002
2006
2010
2014
2018
2022
2026
2030
2034
2038
2042
2046
2050
2054
2058
2062
2066
2070
2074
2078
2082
2104
2108
2370
2374
2378
