4
10
27
25
8
9
14
19
21
33
20
18
12
31
27
22
39
28
31
12
35
25
21
42
9
24
21
22
28
26
39
24
45
44
26
24
14
52
42
32
26
34
33
27
7
31
43
37
43
37
53
15
31
65
38
35
29
34
71
28
31
4
33
13
62
96
43
10
47
35
19
77
27
21
78
35
24
63
26
21
22
6
16
21
49
13
16
59
36
61
69
17
37
5
71
53
78
27
16
100
9
49
50
98
40
48
49
38
7
38
55
19
44
25
26
65
29
26
14
17
95
20
71
107
40
22
15
32
57
108
18
127
34
37
16
90
151
16
23
47
47
67
65
78
13
60
38
13
39
64
56
35
35
7
15
50
44
36
77
19
116
46
46
66
34
15
107
14
68
88
25
46
103
116
107
25
53
12
13
45
25
91
79
50
44
70
127
97
15
71
125
8
21
68
8
53
40
47
89
7
28
19
19
49
62
58
44
45
66
110
107
158
97
6
70
23
60
69
65
31
36
19
96
53
59
160
64
38
24
37
59
80
40
77
60
129
55
37
16
29
153
39
6
28
66
95
74
5
4
143
34
122
24
33
203
11
16
34
15
45
56
12
11
73
29
73
44
18
6
37
58
163
29
84
41
36
98
48
45
43
7
81
166
83
53
74
80
11
20
34
25
46
44
19
48
33
20
6
128
159
69
9
65
54
72
53
136
173
76
154
50
9
22
86
110
46
10
47
42
8
39
16
69
55
39
25
28
17
54
172
21
96
51
51
9
53
16
100
50
34
184
74
31
33
217
157
83
50
88
59
54
8
36
51
45
53
52
32
69
15
21
6
81
62
43
16
61
34
15
62
40
17
58
224
15
153
69
27
25
15
69
31
53
37
18
25
56
12
62
31
23
51
35
45
69
6
39
18
34
65
68
177
229
28
59
35
21
98
71
50
9
41
22
15
57
78
32
49
92
64
25
16
99
28
37
44
38
6
68
40
77
4
45
218
90
20
89
110
22
50
13
101
33
33
49
36
101
24
50
15
51
69
66
62
39
25
67
33
59
79
40
54
56
40
73
60
45
72
90
49
23
32
23
15
26
85
238
4
34
34
4
16
143
33
9
38
64
67
134
41
91
29
54
62
18
46
93
120
40
32
92
112
36
100
30
62
26
19
126
141
10
71
68
18
4
6
76
82
137
83
83
48
5
54
36
80
22
82
63
30
72
65
38
94
47
10
13
9
33
147
40
119
69
72
10
119
39
41
95
132
69
6
100
158
33
137
62
10
94
14
51
72
16
49
35
150
30
15
114
15
48
54
5
47
5
85
129
39
64
98
23
45
162
134
62
29
55
97
43
23
33
110
107
92
45
131
25
84
215
155
158
38
10
9
50
12
103
88
11
47
21
106
17
9
20
88
112
42
97
63
40
26
65
44
25
45
9
47
10
82
151
66
48
214
93
84
53
76
59
138
120
57
195
59
113
31
37
35
14
97
100
170
73
70
17
9
97
36
39
21
114
60
129
197
103
21
46
51
94
34
72
12
20
117
20
123
31
12
23
35
40
256
49
25
19
81
33
59
149
64
161
186
194
50
46
19
120
22
49
39
36
41
132
55
40
77
61
28
36
100
16
41
4
31
41
122
143
17
22
311
110
20
212
14
52
32
52
110
155
50
129
18
253
54
59
5
40
9
90
21
113
50
170
77
72
27
26
29
117
97
57
41
59
196
89
80
14
23
77
56
41
57
328
90
124
4
29
47
68
137
37
10
40
6
300
56
119
49
85
69
33
148
26
46
76
53
64
100
122
26
69
55
85
45
61
77
37
13
18
246
16
4
108
145
388
39
55
37
22
72
10
26
282
8
68
69
22
90
178
160
147
126
77
25
11
72
102
25
264
67
112
397
118
8
115
4
24
112
19
203
177
64
4
23
78
10
48
44
17
95
40
9
62
15
12
40
34
26
152
48
64
210
337
64
107
35
100
19
42
81
46
53
51
30
54
45
25
102
21
9
74
53
25
88
34
6
201
36
82
108
101
60
54
48
389
8
110
34
7
237
62
122
52
61
16
23
65
48
63
24
33
74
20
98
32
45
14
130
28
78
228
96
35
40
33
49
62
360
20
60
41
83
126
66
54
51
13
41
26
5
269
12
47
109
19
100
35
71
98
66
47
135
20
77
116
29
106
19
267
13
114
68
198
42
38
90
28
50
38
48
74
69
106
45
89
289
42
96
64
61
279
95
91
168
103
115
100
260
148
296
106
129
182
276
309
138
213
315
229
319
6
15
9
11
17
23
24
30
12
30
23
22
28
21
6
33
19
30
6
7
35
31
22
34
36
10
21
40
34
12
39
17
15
4
20
4
48
51
29
40
33
52
70
8
38
23
19
43
76
24
17
34
60
5
39
58
21
13
35
11
14
19
15
62
113
21
34
22
98
15
46
40
25
100
38
45
89
26
63
65
12
35
14
39
57
11
6
20
51
29
55
12
34
28
68
61
85
33
72
145
41
11
47
41
21
15
37
69
31
53
17
20
8
16
54
48
18
55
42
55
41
15
35
112
53
48
114
12
38
196
18
10
52
67
50
54
8
71
54
50
11
47
94
38
65
99
9
54
34
20
40
59
40
64
36
52
37
7
53
152
12
54
243
66
18
43
55
36
62
91
55
76
49
79
10
45
150
48
57
81
82
80
58
48
14
100
30
5
87
46
84
198
41
51
40
57
54
96
63
9
10
35
45
47
40
92
102
54
30
105
81
173
49
35
91
43
25
30
59
82
47
63
129
54
19
82
27
58
92
34
55
37
45
154
40
56
50
77
12
48
34
64
57
47
14
56
96
12
79
35
65
26
153
28
53
140
100
102
59
62
96
73
28
50
24
66
23
28
38
76
75
79
51
65
52
145
96
80
34
41
41
116
143
60
82
98
69
35
78
28
52
177
12
38
133
25
64
37
69
62
66
64
51
88
137
24
103
142
15
31
42
86
100
45
60
195
12
16
121
97
36
95
21
134
70
101
41
26
102
60
53
16
55
17
45
53
4
40
43
125
52
101
54
8
25
185
127
98
79
132
18
103
158
37
83
172
15
46
36
32
140
73
9
53
68
45
8
46
21
59
58
43
37
30
35
98
203
106
24
83
43
38
173
45
50
131
37
228
39
20
33
15
106
40
38
21
53
37
138
30
22
32
19
110
8
153
36
41
60
22
58
29
18
44
56
25
201
57
37
13
35
46
182
148
50
12
107
30
20
53
19
17
27
32
45
81
14
57
21
70
13
40
55
61
10
84
39
37
183
20
48
66
8
30
48
31
158
54
40
10
46
50
20
23
5
7
95
102
25
36
17
55
82
23
13
15
25
65
44
11
44
18
96
86
4
18
46
12
42
34
80
37
8
30
32
14
25
11
33
35
19
37
97
33
70
21
82
27
130
70
76
34
43
11
20
76
39
15
49
9
43
27
5
142
35
37
21
40
93
19
79
8
35
36
42
36
72
7
43
5
36
12
10
6
48
63
47
31
27
29
6
12
15
11
43
54
44
5
31
30
19
41
31
10
29
37
20
53
24
40
13
6
30
39
54
52
26
19
53
56
68
32
5
51
28
44
23
7
12
29
46
6
39
44
35
43
38
65
59
11
33
96
58
48
103
44
11
45
60
7
78
63
74
34
26
37
4
20
95
38
35
17
20
22
6
113
18
77
112
55
37
69
53
8
31
10
136
21
54
20
12
43
86
31
45
30
38
39
140
57
41
112
28
11
37
41
40
39
16
69
131
57
12
57
26
105
43
91
99
4
38
185
57
78
69
173
14
4
20
72
68
28
16
49
38
37
48
48
32
29
5
9
48
104
61
39
87
57
34
37
11
52
60
14
26
21
40
23
15
106
199
92
66
43
28
27
26
51
32
58
99
29
33
23
19
84
40
64
77
15
63
68
72
26
5
32
7
14
42
19
63
128
64
36
85
25
68
45
44
231
14
33
55
10
109
32
56
114
48
139
33
20
20
41
57
13
30
113
28
4
79
57
98
72
43
24
58
15
62
44
30
42
29
14
45
68
14
284
13
79
17
126
41
69
23
77
38
28
25
101
28
7
64
88
107
24
4
74
30
39
47
11
296
37
36
25
17
40
115
40
53
40
63
104
17
31
15
71
101
68
62
29
26
37
35
44
245
13
44
57
51
23
72
23
63
33
81
99
48
14
9
45
18
33
8
63
52
103
21
44
34
52
80
74
11
203
54
7
63
96
41
65
46
46
10
9
47
90
69
38
17
27
79
53
47
68
35
38
33
16
53
146
49
87
131
47
32
30
15
62
42
35
37
34
80
56
105
79
16
10
16
32
29
39
12
62
35
64
46
13
21
53
50
150
122
9
57
26
38
75
92
60
18
49
27
46
47
36
68
41
25
47
114
21
122
48
65
120
53
70
91
74
37
49
77
37
42
10
43
25
57
24
124
15
13
13
41
80
14
16
77
130
166
13
83
42
108
18
20
108
44
40
108
31
35
60
64
48
169
101
63
121
191
77
74
170
145
157
175
176
10
13
14
20
5
6
26
7
14
29
21
11
29
7
10
32
12
28
31
23
26
21
38
23
30
17
51
35
29
37
31
46
23
14
7
25
28
6
15
10
18
38
35
22
39
80
11
33
53
33
10
50
28
39
25
14
6
19
46
42
24
31
57
42
27
18
18
40
6
17
10
53
22
15
62
38
23
79
53
50
30
11
55
40
46
7
42
12
40
80
47
74
8
32
5
6
23
39
57
82
20
76
95
6
38
24
98
27
11
9
56
23
68
47
8
56
46
14
5
69
36
22
133
18
31
8
35
19
57
16
23
35
31
72
35
6
73
17
13
37
48
95
36
107
18
27
52
27
57
113
35
18
119
36
47
104
35
46
81
63
15
62
68
42
43
19
104
38
121
50
42
28
12
26
23
49
80
23
38
35
12
45
25
33
136
9
57
34
79
27
75
39
31
54
36
93
79
28
23
15
45
24
82
15
46
50
35
32
66
4
19
5
37
41
55
12
91
103
70
24
52
36
52
118
95
39
47
40
47
74
90
53
8
47
13
48
55
5
8
14
16
83
5
121
73
58
13
22
121
54
5
32
86
92
25
11
5
39
56
34
36
60
78
25
111
33
117
89
41
24
50
31
8
48
8
90
116
28
137
39
60
31
106
30
15
67
32
87
31
42
27
93
100
47
152
65
103
9
67
41
40
18
55
41
38
39
138
113
7
140
51
34
35
66
68
46
13
86
139
7
41
17
133
13
56
99
121
46
26
53
35
80
60
28
33
25
67
41
30
142
86
31
82
74
17
49
16
119
60
108
33
58
13
59
22
25
149
34
95
25
10
47
14
108
21
90
95
69
76
50
73
36
46
171
7
35
52
67
89
156
53
49
81
69
51
124
107
48
35
27
50
87
43
49
21
33
44
129
11
110
49
51
46
69
18
94
56
51
99
14
51
216
89
19
95
146
13
83
42
52
16
50
24
39
38
21
84
4
93
117
96
57
77
23
175
40
50
28
59
35
53
7
105
61
68
61
57
5
82
18
95
7
47
65
79
109
19
147
65
36
137
37
66
39
44
16
20
108
34
5
152
7
65
82
101
54
74
114
6
95
202
131
39
69
56
46
11
48
18
45
139
121
112
38
34
44
19
75
91
5
91
35
50
46
32
86
38
17
231
122
47
26
201
33
110
7
32
46
75
32
55
24
47
23
57
20
53
67
44
104
19
82
11
130
8
23
68
38
19
78
41
5
139
57
58
220
94
160
5
36
105
37
43
97
39
24
171
91
205
13
30
16
20
77
57
14
59
12
35
19
111
180
71
43
87
5
29
161
25
24
32
18
9
26
130
122
38
131
32
29
137
25
27
70
7
19
54
78
13
99
26
45
32
24
75
195
43
25
22
54
70
112
44
41
160
25
66
78
56
61
44
48
43
37
171
39
145
182
31
168
31
107
32
14
48
24
71
15
84
32
148
37
54
24
33
9
123
67
238
36
11
50
43
28
133
135
209
21
19
73
43
64
19
10
24
75
73
22
129
41
141
12
36
30
38
15
60
146
83
9
81
29
58
34
12
299
42
174
91
45
174
61
48
13
105
75
32
112
36
7
115
33
6
50
85
20
110
5
59
33
118
65
145
28
26
23
12
32
38
32
15
33
38
8
53
95
189
41
54
38
185
37
127
15
50
119
6
5
15
169
96
164
35
41
50
12
24
31
49
35
48
157
39
76
10
64
35
36
42
6
66
64
157
126
29
5
63
26
126
11
12
141
14
23
14
77
98
10
194
15
102
26
83
161
26
69
42
15
14
14
106
189
228
41
51
131
15
115
45
5
122
107
143
55
85
55
107
43
65
20
101
38
66
188
27
26
5
38
66
22
43
71
34
70
204
27
9
69
83
108
7
52
8
45
75
18
40
164
8
141
29
71
102
158
15
26
21
67
72
13
34
49
6
95
89
241
42
65
29
123
8
84
48
59
72
16
101
72
124
36
57
195
65
103
24
124
105
11
43
12
20
30
44
44
48
121
44
63
58
50
131
32
44
58
61
246
12
57
44
151
26
36
34
48
9
35
109
52
80
20
64
122
107
254
25
78
46
64
93
25
158
39
108
5
43
69
71
91
36
47
51
113
48
47
188
18
18
43
94
52
31
108
207
160
10
103
115
25
97
25
17
29
32
22
20
14
38
35
196
26
9
33
22
132
32
36
132
60
118
25
18
44
29
31
58
25
125
32
54
45
33
42
49
56
131
44
75
146
176
157
154
77
98
199
167
104
116
205
127
227
7
13
6
6
17
6
22
13
10
10
18
21
13
8
24
7
31
19
34
38
26
22
26
6
9
50
25
28
36
48
36
56
22
15
9
23
19
30
30
28
23
33
43
19
30
7
66
9
9
16
93
15
9
52
27
46
10
4
30
68
7
14
27
32
42
6
23
24
87
89
9
58
39
65
46
21
33
13
59
4
66
22
87
7
12
14
68
33
12
43
38
31
12
46
83
35
6
89
102
24
45
6
56
48
58
25
30
42
10
39
22
88
7
10
59
16
76
124
15
27
31
101
13
15
88
4
11
24
85
31
67
41
37
121
34
31
46
36
66
33
90
10
56
25
51
154
56
103
4
50
91
19
35
18
51
28
6
49
80
4
152
55
23
79
89
79
57
22
48
5
95
21
53
60
5
76
16
23
7
44
10
89
13
36
43
39
12
4
43
12
16
49
29
78
32
171
31
134
83
61
15
40
35
21
29
40
18
36
30
19
25
26
33
60
41
124
87
41
47
35
210
33
12
35
128
152
31
45
19
41
44
39
13
42
18
35
23
69
43
12
59
10
85
101
70
68
12
12
71
65
225
53
34
87
114
61
76
91
49
47
6
36
76
38
37
49
79
38
29
4
60
144
48
82
24
112
30
14
103
38
275
53
31
12
41
130
47
28
22
4
87
130
32
36
167
16
21
12
39
27
64
31
53
34
106
31
7
57
41
65
45
89
4
13
55
43
10
27
19
312
37
174
42
35
13
110
29
79
113
40
71
38
53
85
14
43
9
51
49
29
25
125
6
304
14
195
5
42
31
9
54
15
48
28
55
71
26
46
16
87
64
135
23
34
44
67
46
19
46
4
55
40
21
24
61
53
215
16
35
236
28
47
18
38
23
20
73
96
50
27
9
6
44
47
7
57
24
58
109
147
16
63
61
66
134
36
49
70
86
33
31
38
9
67
58
76
19
52
23
41
79
59
13
16
265
40
17
306
57
9
39
91
44
70
150
113
23
97
15
91
69
169
87
57
102
136
53
191
17
73
55
56
43
95
28
73
108
27
71
92
16
45
44
114
44
53
23
205
57
64
88
185
351
62
8
136
72
46
13
9
92
103
76
11
23
15
107
23
228
151
49
148
110
260
49
124
16
4
45
89
22
107
49
104
55
21
69
5
17
48
264
99
14
80
400
69
110
33
34
131
23
137
127
33
50
86
100
209
42
302
17
22
112
138
38
51
133
7
10
16
12
78
323
62
141
46
370
20
21
15
28
56
26
196
174
6
80
58
30
125
12
241
4
26
330
20
16
31
60
16
45
34
38
137
24
56
47
34
27
62
43
36
318
210
135
74
16
430
30
38
16
43
25
41
140
30
7
63
32
35
75
61
179
36
18
367
74
245
14
47
65
31
47
58
20
163
42
46
61
7
17
40
92
31
66
127
31
436
63
264
68
23
180
28
44
54
28
12
60
17
187
23
264
41
48
71
19
38
95
38
71
17
75
5
20
273
138
34
37
172
387
10
39
22
27
238
24
27
84
62
53
29
84
158
39
54
236
13
34
50
45
6
127
323
59
11
16
51
55
55
35
28
131
13
86
207
34
449
33
49
46
105
51
34
8
21
236
84
47
30
49
55
20
292
97
13
9
32
66
29
14
22
42
40
179
12
38
432
65
55
39
68
47
33
82
121
71
23
53
61
5
27
43
123
58
152
37
54
87
37
58
39
46
30
25
77
68
61
58
44
70
62
133
38
230
108
39
302
31
40
31
43
39
4
19
16
50
48
44
67
22
145
20
42
42
4
111
138
33
106
119
34
51
18
43
89
26
154
14
36
20
36
185
35
9
315
10
28
45
71
26
68
88
8
51
84
38
14
107
83
14
172
197
29
54
59
49
47
46
8
69
43
43
25
37
17
88
54
241
45
251
18
39
44
29
38
16
10
28
36
144
93
74
28
99
98
79
29
78
62
86
16
43
9
34
27
238
15
5
300
11
25
47
50
57
69
52
25
57
28
33
36
103
43
36
28
28
55
45
19
5
5
31
16
279
10
38
191
24
10
47
21
29
94
11
80
16
38
43
51
51
37
8
23
88
40
101
95
31
64
33
53
49
19
55
41
40
40
137
24
63
68
18
30
196
56
62
5
22
70
121
36
22
12
47
53
90
6
23
137
102
24
101
9
33
33
54
51
41
60
41
89
17
7
182
24
66
110
26
27
33
92
107
45
37
30
73
25
31
35
30
159
76
93
100
43
45
68
139
231
67
81
177
103
96
201
214
228
237
220
5
10
13
16
27
28
20
20
29
11
29
23
7
32
23
10
18
6
7
9
50
30
9
43
44
36
14
63
26
41
31
43
28
44
19
41
23
55
7
11
10
41
34
44
24
43
54
69
9
69
47
38
58
19
78
6
32
83
14
29
36
73
41
44
25
41
37
20
48
10
20
24
33
36
19
45
47
18
44
123
9
47
53
110
49
17
16
54
79
21
21
33
12
44
40
42
29
13
7
53
20
45
50
125
75
14
12
8
34
32
35
48
84
40
39
75
36
28
31
53
21
6
78
48
20
10
113
26
29
31
18
52
5
12
27
7
26
21
74
81
32
5
37
9
19
8
19
10
17
66
20
88
25
47
17
28
32
8
75
42
40
70
42
48
56
68
30
63
24
39
76
43
87
40
47
16
39
60
79
47
17
51
64
14
23
5
87
29
27
8
36
16
117
44
11
79
53
49
23
35
19
43
89
42
4
20
63
32
94
47
134
50
48
43
41
101
12
18
27
131
40
11
17
25
19
39
16
76
34
11
94
16
19
11
89
14
37
50
68
22
60
35
21
98
54
52
36
56
63
53
36
32
20
103
30
72
94
76
143
53
48
45
23
12
47
56
27
46
54
49
106
39
22
121
10
20
96
91
10
31
22
26
116
16
45
4
52
103
38
119
28
25
100
49
16
146
38
34
81
48
112
47
30
60
42
36
5
34
16
60
22
42
161
36
10
21
98
32
22
19
76
86
103
95
46
27
40
45
205
43
25
93
145
25
13
64
38
9
38
57
86
36
120
28
41
23
29
94
8
68
19
52
64
68
156
8
4
72
48
15
32
17
12
56
88
99
4
19
15
51
9
18
28
43
97
9
33
10
63
96
4
17
142
22
61
59
38
36
28
26
99
16
22
17
4
43
73
59
20
42
34
17
16
62
28
119
76
44
41
29
44
47
36
29
60
44
46
50
12
6
22
39
69
47
90
28
49
75
26
31
15
22
27
4
18
73
99
11
90
71
59
48
57
41
67
47
36
18
45
27
5
48
29
8
88
54
48
41
38
28
61
36
25
40
47
11
9
88
129
35
45
30
99
7
16
105
37
67
33
27
17
58
53
44
80
34
13
61
13
11
56
12
29
33
56
33
36
114
16
6
34
92
115
56
36
8
39
24
36
9
14
47
10
32
58
99
85
67
12
45
71
13
4
22
5
4
44
44
12
31
112
119
18
21
59
43
14
20
23
27
125
15
67
31
91
51
48
40
55
76
102
36
53
72
43
45
13
35
28
26
35
43
8
44
5
28
21
23
14
34
74
64
13
78
39
10
66
42
22
190
113
43
73
103
55
40
110
61
28
76
73
54
32
15
18
85
19
58
91
58
27
96
37
28
105
58
65
22
86
23
43
96
22
21
247
43
96
142
121
18
118
17
39
37
21
89
102
21
87
31
22
101
121
22
79
124
14
60
21
37
13
13
41
56
206
124
136
137
122
45
41
126
63
90
98
53
11
136
29
48
6
54
48
14
140
4
59
59
8
77
92
33
107
14
255
25
42
172
5
58
49
136
53
144
17
138
43
87
37
15
38
20
9
43
17
27
201
86
25
8
23
79
90
26
78
91
14
91
227
14
33
217
21
26
10
129
193
24
34
33
15
25
12
7
9
10
36
101
32
70
19
35
53
98
79
20
28
27
31
8
213
35
261
29
16
10
46
14
33
32
217
42
44
31
42
16
60
21
18
8
69
158
8
110
25
41
47
31
45
24
56
52
26
78
56
179
8
20
86
43
250
9
38
23
163
151
11
8
38
52
26
22
95
76
72
31
52
88
20
17
158
5
36
158
16
34
34
9
134
46
51
38
181
20
6
45
38
67
47
14
54
48
47
36
98
74
5
53
138
42
54
39
39
42
42
16
9
43
44
188
34
11
46
200
50
77
46
31
28
19
121
138
25
47
77
46
15
76
6
10
36
17
19
31
193
23
115
14
45
90
14
54
34
41
64
16
104
70
73
25
74
28
52
25
33
158
13
36
118
25
8
82
88
41
6
7
61
4
4
60
128
23
35
62
29
46
11
44
46
25
43
44
13
99
28
58
9
24
42
166
102
22
49
86
34
35
59
29
74
10
4
91
31
46
86
19
78
67
43
49
49
81
24
23
51
46
42
80
38
141
36
33
59
65
6
40
96
87
17
66
38
30
107
137
32
38
34
32
85
10
119
14
53
11
105
93
42
36
16
43
66
92
21
146
52
51
37
104
40
116
87
118
49
96
73
62
86
103
111
110
8
12
16
4
8
6
12
14
14
30
11
26
35
24
25
39
22
35
24
9
5
28
13
5
20
42
13
36
30
6
7
31
4
10
31
65
8
11
28
11
26
45
29
29
40
34
33
10
15
43
30
46
21
32
34
12
37
16
28
31
8
5
34
28
31
26
13
81
9
20
4
30
25
21
71
23
19
78
9
11
30
13
14
6
7
42
18
32
17
34
44
5
4
5
31
49
61
51
7
17
68
4
7
12
40
32
39
100
13
21
26
44
59
20
52
37
23
28
67
29
23
48
60
36
22
15
44
68
76
5
21
109
14
23
85
7
41
140
19
8
49
47
109
16
20
95
9
67
33
37
8
27
84
31
20
27
43
36
6
66
16
47
30
11
56
123
38
17
12
7
16
14
61
39
53
32
33
11
16
46
59
53
8
20
56
33
51
39
81
8
67
33
35
17
63
34
21
69
47
25
10
44
26
13
50
38
35
17
62
57
56
47
33
105
55
35
113
12
7
60
63
89
72
37
103
65
8
8
53
57
35
67
10
59
64
30
67
76
78
18
70
46
33
11
33
7
25
13
22
37
39
95
77
104
79
53
160
37
16
44
50
46
12
33
29
95
76
38
101
71
56
75
41
45
111
33
12
19
13
34
103
168
32
51
19
25
43
24
93
18
53
20
61
6
10
20
65
55
49
42
52
24
121
62
203
15
40
8
19
54
30
121
10
32
10
47
16
85
37
80
78
27
55
13
31
17
57
155
35
203
96
8
11
43
38
36
14
88
48
29
26
26
47
24
19
69
57
6
87
13
159
43
51
37
112
56
90
29
45
37
37
106
54
82
51
29
29
12
236
29
69
163
29
120
57
93
17
54
66
37
15
35
116
34
36
148
6
23
201
8
59
53
93
190
36
43
78
23
81
73
115
82
95
45
62
19
73
55
22
47
13
104
19
85
69
112
57
4
88
83
32
14
77
49
47
13
16
43
98
62
133
76
131
42
33
17
40
8
67
88
32
56
146
41
78
24
146
10
40
28
72
52
31
56
46
55
64
81
23
167
72
96
39
21
104
8
8
17
34
17
62
87
27
113
25
49
194
12
27
13
66
12
97
44
89
9
29
5
19
124
38
8
175
139
15
31
43
35
27
46
9
129
114
38
80
22
56
166
10
50
51
56
25
104
9
51
14
139
40
9
40
35
178
18
43
179
42
35
193
67
22
32
9
8
43
8
19
40
171
71
16
44
87
64
143
97
30
95
24
40
31
44
35
175
80
47
82
24
189
60
15
20
20
33
32
51
45
169
47
109
6
92
15
25
58
228
56
111
8
59
30
107
66
77
218
30
78
42
91
44
34
68
31
4
17
37
225
30
53
22
144
58
106
124
16
114
74
38
56
232
87
37
23
41
37
47
35
23
108
34
247
18
42
25
43
96
28
23
71
146
10
46
82
23
77
23
9
21
4
50
109
21
68
260
151
67
86
8
8
65
21
88
12
51
110
184
50
25
86
30
40
79
6
56
54
35
68
77
28
130
13
100
45
32
38
34
47
24
44
7
49
17
19
91
158
33
94
19
78
50
45
21
45
63
45
4
48
78
30
107
30
33
43
23
42
41
5
90
50
16
43
34
64
204
105
57
36
7
9
27
49
108
43
60
61
25
21
49
17
23
20
75
20
66
20
56
84
33
94
14
21
82
139
4
42
44
17
221
42
31
22
110
42
64
64
89
57
82
55
87
78
21
22
45
29
64
84
45
98
88
140
50
181
33
36
63
48
33
41
53
44
52
44
81
127
17
18
6
82
110
80
30
116
18
48
48
57
130
18
40
50
85
190
10
30
53
51
144
40
63
86
54
57
11
30
35
109
109
51
17
38
49
56
57
72
36
74
91
21
42
233
70
96
44
22
45
35
49
18
52
19
30
72
198
27
57
49
37
30
138
37
59
27
84
79
76
58
91
242
17
6
52
47
25
132
63
56
68
22
83
14
47
98
61
8
48
40
30
122
148
6
50
7
195
193
16
37
8
16
54
102
55
5
8
186
85
124
27
29
113
19
28
50
36
61
47
29
179
13
38
5
22
81
39
22
169
44
147
62
82
38
30
29
56
47
27
11
50
70
4
47
72
50
197
30
49
7
51
28
36
87
46
70
33
5
38
32
55
13
24
193
82
31
5
10
75
7
36
6
20
219
63
29
29
31
34
102
16
11
77
38
43
24
30
34
198
39
37
29
55
31
39
54
124
78
43
67
61
69
61
76
76
72
69
127
112
84
78
101
101
7
4
7
5
12
19
17
19
27
30
15
20
20
13
37
32
30
9
18
8
29
40
11
43
56
37
24
29
18
19
12
14
21
10
47
26
28
20
35
14
25
47
31
62
46
7
69
42
30
4
61
76
23
51
39
40
28
30
51
56
46
69
46
37
6
55
12
5
56
12
32
31
20
71
40
66
19
6
111
65
57
46
50
32
67
51
12
73
18
50
43
30
24
33
4
24
41
22
36
20
31
25
72
39
45
95
66
42
19
37
51
25
48
43
14
51
87
6
77
54
18
45
30
62
4
32
60
111
7
37
32
71
86
20
23
41
75
37
48
53
7
91
15
116
42
47
26
60
48
38
22
44
11
20
108
29
74
61
60
54
29
22
7
64
75
55
67
33
47
64
105
61
59
138
13
70
48
57
73
32
12
43
113
102
161
29
26
50
102
29
40
59
67
41
103
87
35
56
64
4
64
15
68
111
40
46
58
29
69
4
42
14
68
40
124
127
132
109
11
57
36
162
65
73
9
111
26
108
20
47
29
18
6
114
46
32
98
12
53
17
9
20
93
6
92
11
62
68
9
31
23
43
33
13
128
81
37
142
7
6
119
49
126
48
10
124
18
37
36
52
19
20
77
81
52
163
35
79
35
44
109
13
25
53
10
36
52
25
33
10
17
85
38
192
6
43
11
13
136
12
59
7
90
88
45
16
113
41
44
183
26
53
74
33
77
138
33
54
7
42
11
101
37
47
49
61
9
10
86
32
11
46
80
63
26
48
28
17
27
47
7
13
86
138
31
48
4
57
85
7
23
42
151
47
42
18
25
108
6
7
132
50
19
9
25
52
15
48
33
19
68
34
29
128
16
17
76
55
55
100
89
13
24
89
105
42
143
151
9
8
59
32
34
19
43
22
49
17
12
27
73
56
36
19
31
39
5
47
14
113
19
17
189
130
46
87
55
41
51
45
37
15
17
28
45
31
37
41
61
63
77
41
12
33
77
69
213
18
42
37
21
89
33
65
11
22
27
53
116
44
6
4
15
77
34
13
28
24
49
20
50
110
9
200
49
103
50
25
58
46
107
21
40
73
7
49
42
28
97
18
37
31
51
27
44
44
8
49
31
22
83
33
51
54
10
31
72
28
19
47
40
22
113
52
58
106
54
44
103
56
64
49
52
47
119
70
42
66
81
36
15
35
32
33
81
124
99
20
31
23
133
60
49
12
14
4
31
7
46
68
5
50
71
77
45
60
57
71
86
107
130
116
38
34
13
130
128
25
133
109
21
66
13
15
4
41
37
29
179
90
24
90
107
42
45
73
39
89
102
82
75
52
19
9
37
53
36
144
66
21
102
26
74
169
10
62
22
36
35
50
40
40
60
93
55
49
87
84
39
49
65
28
48
20
20
7
48
48
5
78
183
198
46
53
85
110
112
29
46
33
76
36
59
28
112
56
48
41
26
99
31
22
143
6
52
16
117
48
31
98
17
44
71
137
39
91
69
47
29
40
233
26
94
13
71
79
31
77
79
69
76
120
12
8
37
13
99
23
100
78
62
65
37
81
53
10
23
9
30
102
189
54
81
56
48
80
121
70
121
104
6
78
75
85
116
12
20
91
48
51
34
64
79
15
75
26
25
126
8
59
117
47
60
25
69
71
107
103
26
106
41
8
137
21
14
43
7
21
8
32
29
99
59
19
106
82
16
24
113
30
16
44
124
27
124
9
34
31
13
117
45
48
21
40
104
19
98
7
71
16
24
15
13
48
112
14
8
46
162
21
80
90
56
34
9
28
19
139
14
129
76
21
164
33
45
59
20
54
46
25
46
51
129
89
86
83
6
45
72
18
28
37
39
136
119
36
42
43
73
113
65
34
183
58
50
35
24
8
61
192
25
49
4
59
30
36
45
28
39
9
27
37
163
23
75
47
153
47
62
85
29
112
93
61
26
111
44
176
66
31
41
55
46
23
5
16
38
53
4
39
41
169
91
13
75
90
32
43
59
21
127
6
57
132
38
96
117
38
10
12
48
80
22
234
39
56
164
26
26
121
47
13
48
41
75
49
7
145
57
36
22
38
24
19
52
40
76
22
12
146
30
12
129
204
46
69
57
25
48
29
19
103
34
83
162
75
21
53
78
18
31
60
60
55
21
35
21
9
29
23
95
46
19
104
14
150
53
103
214
26
18
65
18
28
55
40
25
155
39
171
73
50
30
36
47
101
51
42
65
58
69
203
85
149
61
84
189
147
141
218
173
102
200
129
214
173
210
223
180
217
9
8
14
6
22
18
15
31
21
14
36
25
39
8
30
35
34
35
26
12
32
22
30
21
47
8
43
23
38
31
11
21
47
49
79
63
29
30
8
44
10
56
28
34
8
20
21
43
53
20
56
23
38
9
24
83
14
15
56
23
5
46
37
82
47
61
16
45
8
18
64
40
74
16
10
50
17
49
28
50
21
61
76
63
43
6
26
17
23
25
21
9
40
15
32
16
37
83
24
29
17
63
56
54
30
61
18
45
79
95
33
32
22
18
19
62
16
19
107
27
63
9
26
39
90
85
14
92
16
99
71
50
64
111
44
29
44
36
31
39
24
66
34
76
115
32
131
17
79
28
25
82
31
37
43
31
58
7
101
157
145
34
70
91
53
121
30
33
51
76
40
6
16
65
102
32
27
34
38
14
79
47
59
37
50
48
147
131
57
91
24
91
132
17
158
20
10
31
36
11
119
14
35
64
18
85
61
64
85
106
24
34
81
66
34
24
39
59
12
66
87
19
15
16
54
204
42
22
112
78
36
15
44
37
49
147
7
28
13
38
116
215
20
96
75
47
124
54
93
60
31
134
57
12
61
37
72
48
43
18
73
41
191
28
158
39
121
20
54
46
48
55
213
13
92
55
57
137
58
94
148
43
23
55
45
41
67
106
23
8
77
135
5
50
6
34
28
136
42
108
8
75
92
139
39
70
13
27
13
27
36
39
52
147
34
98
23
15
76
38
50
17
25
114
138
13
27
78
38
124
58
51
12
78
15
71
33
94
35
49
34
43
75
42
30
44
68
50
33
14
97
46
4
41
29
34
35
99
31
153
103
41
117
33
41
46
14
41
34
4
100
79
97
38
21
65
6
117
70
17
35
112
32
37
28
78
96
19
30
65
31
6
21
60
188
93
38
57
38
45
37
48
54
6
46
79
146
71
47
40
60
47
36
26
31
100
17
84
96
104
48
57
46
33
12
30
53
30
23
131
32
39
5
35
31
93
58
51
25
23
46
67
85
121
24
7
60
19
81
38
81
39
106
30
53
45
162
174
7
68
37
37
25
46
39
38
12
43
35
41
79
33
44
69
40
13
9
104
122
44
21
50
196
6
31
45
5
44
84
74
59
42
37
80
43
57
61
21
93
70
27
16
12
54
40
114
61
23
35
64
15
48
9
245
31
43
108
19
52
23
10
55
37
113
116
41
14
6
55
16
17
45
19
29
49
21
61
109
170
26
49
55
257
49
24
47
41
102
56
50
36
25
116
40
45
19
172
4
47
70
5
23
36
65
58
24
51
161
118
32
25
57
73
34
44
269
25
16
91
7
60
37
94
39
65
71
92
83
219
18
21
6
53
70
17
48
44
40
112
27
40
43
46
67
10
14
132
34
19
126
20
51
23
16
39
18
104
113
114
80
70
22
17
16
38
46
5
34
10
37
76
63
5
136
56
49
31
76
116
64
61
84
48
86
11
78
37
35
152
162
152
45
39
21
28
38
46
23
86
70
150
58
80
83
87
36
50
73
94
194
9
111
15
76
71
18
42
33
28
9
108
102
28
68
188
9
8
58
55
46
89
17
53
10
23
8
11
79
86
10
13
49
148
48
78
7
37
7
38
112
61
43
33
23
107
92
7
53
20
34
52
112
26
33
8
4
18
28
30
186
22
50
53
31
50
26
19
81
37
50
34
11
76
91
8
83
32
43
43
59
211
4
16
5
60
31
70
78
33
73
36
41
52
41
60
70
20
14
10
60
21
45
11
35
42
25
59
67
36
57
126
37
6
144
29
66
256
4
39
72
61
79
51
127
109
71
20
47
89
34
51
35
39
44
24
118
61
12
91
14
7
18
75
34
32
136
45
287
8
38
20
28
102
133
7
83
64
20
47
39
46
56
158
15
103
18
17
59
35
11
4
16
51
46
17
23
184
43
86
34
20
258
108
18
70
38
147
50
84
71
74
37
167
17
141
15
42
47
17
56
14
114
23
15
43
84
213
51
40
42
39
30
81
46
53
135
128
98
44
54
107
180
74
19
20
40
42
41
117
61
84
67
38
84
32
35
37
74
177
10
64
130
4
106
29
37
7
18
9
21
91
45
52
35
58
31
51
149
24
61
35
83
13
131
95
83
139
30
23
49
34
6
13
187
40
8
34
39
36
47
74
42
128
164
31
17
133
19
184
31
28
70
24
27
47
29
47
101
24
22
8
72
8
147
24
47
16
58
64
177
22
48
65
16
77
48
38
20
86
32
77
59
98
69
65
113
115
110
124
123
6
9
12
11
10
28
23
31
11
23
7
30
10
8
26
37
21
33
54
25
28
19
45
57
33
26
19
48
30
34
37
18
12
66
11
18
28
7
43
18
36
15
81
28
5
49
63
65
43
17
68
49
28
6
30
78
23
44
36
5
83
50
50
41
31
58
9
7
64
33
12
69
36
45
23
24
61
28
36
6
66
76
35
84
40
9
27
47
23
50
47
25
7
7
116
7
33
40
48
31
31
107
23
124
52
30
42
24
8
37
36
36
45
25
24
60
28
57
31
94
28
16
106
45
55
76
57
40
24
61
51
74
28
20
27
66
8
28
65
46
8
24
40
44
46
80
34
32
9
78
35
9
13
35
39
18
35
21
24
5
51
6
96
40
33
41
37
31
16
60
10
54
13
52
13
26
10
29
35
44
21
27
62
7
23
92
25
29
14
61
4
13
25
43
38
17
39
46
5
53
32
11
18
90
31
44
40
45
51
48
10
39
23
8
41
69
19
10
35
56
127
14
22
28
12
38
5
85
58
32
68
41
11
37
42
59
7
46
16
7
52
28
75
22
15
43
37
21
63
33
46
27
71
74
41
10
40
124
26
31
6
12
48
23
57
32
41
46
101
34
26
10
40
40
70
87
68
108
41
27
11
4
18
48
169
47
29
27
28
5
65
59
55
13
61
79
7
13
6
37
15
53
29
21
8
84
64
87
46
40
113
165
63
15
34
15
101
22
6
86
9
50
20
35
44
26
25
40
48
45
56
48
45
43
45
28
4
68
139
80
35
87
26
18
17
7
18
29
143
49
47
59
42
24
90
10
89
17
23
45
38
9
35
57
43
35
8
13
29
10
25
18
57
41
36
9
26
96
29
61
13
13
58
21
70
28
162
20
15
98
56
29
15
62
24
136
54
69
29
46
72
46
35
18
19
25
20
39
24
21
121
38
106
32
35
15
47
4
47
11
28
33
36
220
18
92
39
51
55
12
15
5
52
70
28
8
46
68
116
43
23
32
27
47
45
39
137
40
50
158
10
36
63
43
19
19
100
239
43
22
69
49
18
41
70
128
68
63
25
27
9
55
76
48
26
38
60
23
26
16
18
61
175
91
184
81
10
16
50
30
51
61
6
54
4
47
19
284
89
92
27
13
93
58
52
56
161
7
12
76
62
58
67
35
9
15
139
32
17
192
142
50
26
42
104
72
43
35
33
6
56
6
79
104
220
103
139
61
86
9
71
25
79
108
50
66
111
34
39
146
72
230
70
80
40
120
49
79
60
31
128
15
203
42
33
45
132
46
8
129
28
35
88
94
119
28
148
62
57
85
61
149
26
13
80
64
35
82
146
20
89
9
103
190
18
49
30
5
23
129
59
10
29
45
36
33
37
50
16
32
144
38
36
60
118
39
36
196
47
39
40
71
73
29
30
142
15
33
34
8
39
106
61
21
59
140
9
48
50
58
69
110
17
29
84
162
9
187
72
49
15
47
66
73
13
40
8
20
121
40
139
24
11
37
97
115
40
38
27
87
62
32
47
55
7
35
63
36
11
90
43
39
17
76
161
114
15
119
10
94
29
4
109
67
38
47
63
54
61
18
65
10
84
59
162
70
141
32
27
80
83
31
10
39
146
47
42
20
80
5
16
20
38
26
209
105
86
30
127
41
41
15
69
109
16
94
23
37
96
40
89
47
31
91
67
49
161
23
32
43
62
61
100
54
67
71
27
5
102
38
35
74
71
59
233
76
154
62
187
62
108
80
81
49
5
10
148
6
13
147
22
167
44
38
22
39
112
55
69
77
4
16
37
47
27
61
9
24
30
46
41
39
31
33
99
12
131
25
35
231
46
47
46
6
59
101
98
22
22
38
130
14
12
222
56
107
23
11
118
9
13
69
8
26
29
27
78
23
34
75
45
177
21
40
269
54
9
46
9
22
22
105
34
23
36
41
82
187
7
255
25
33
79
114
26
26
28
70
103
68
70
197
33
23
192
40
31
26
75
85
38
45
78
39
142
71
240
52
22
38
39
12
96
19
49
39
103
32
41
63
27
15
39
82
51
40
211
112
53
195
14
42
18
26
41
48
27
140
13
11
61
70
20
36
238
60
142
50
6
41
50
33
47
12
74
46
26
160
8
40
155
45
28
66
59
34
37
175
28
81
217
35
25
28
74
80
79
88
11
202
169
101
21
35
168
34
136
95
26
66
37
39
46
70
28
56
96
91
46
100
210
49
37
247
52
91
57
73
61
49
92
63
108
238
209
123
233
171
232
195
4
10
8
5
10
21
15
19
18
17
20
18
7
24
12
27
6
16
13
5
38
7
43
25
46
46
36
49
36
30
33
28
11
15
5
15
41
23
25
52
41
31
27
15
43
31
86
11
28
26
34
23
9
26
46
85
53
7
30
65
11
25
34
14
28
32
49
42
23
123
34
43
39
35
59
25
23
27
56
38
18
19
38
17
22
8
38
31
60
75
79
4
138
41
28
43
16
14
23
32
11
39
44
24
33
70
59
25
24
4
129
31
28
30
56
36
17
18
32
43
20
9
33
5
68
46
45
9
66
37
25
60
17
49
152
53
81
67
77
51
34
6
41
120
4
40
96
26
72
38
35
52
32
108
68
26
29
29
46
22
5
73
91
192
22
35
18
18
89
44
37
63
44
49
8
27
55
10
38
21
46
37
136
52
79
26
85
8
33
61
12
108
43
56
205
92
39
22
10
41
34
43
92
7
77
54
85
27
16
98
33
50
39
21
78
28
4
111
20
125
49
16
92
218
10
40
11
39
15
9
83
49
12
31
145
17
38
29
7
63
79
46
123
44
36
34
62
108
13
38
25
137
261
36
94
34
41
51
63
37
46
48
65
24
5
60
46
185
57
26
25
36
43
22
23
162
12
99
35
25
55
7
93
66
73
42
70
53
77
55
131
50
17
73
81
69
56
98
84
55
64
59
92
57
117
55
52
36
83
164
67
40
8
95
11
45
46
64
64
34
11
66
28
66
57
23
103
47
70
17
121
59
90
26
150
56
26
48
80
57
61
18
91
4
39
116
84
52
80
53
82
30
23
98
23
13
20
48
33
43
101
104
9
110
37
148
37
55
10
5
19
81
43
76
32
89
11
21
51
14
5
72
129
67
119
42
4
40
22
148
13
17
23
38
20
182
11
23
64
126
28
31
67
30
20
141
49
71
30
9
104
9
39
116
35
27
68
42
175
39
51
61
67
34
55
7
34
65
53
19
14
14
239
45
38
22
95
23
22
21
6
8
34
81
27
66
16
12
7
211
5
123
69
37
38
48
23
25
61
9
96
21
93
26
67
69
48
6
46
31
10
9
59
50
7
14
62
33
92
153
8
43
135
83
216
70
24
38
21
28
78
56
5
133
72
48
61
25
29
37
10
47
158
4
37
56
10
193
35
158
40
15
31
32
48
152
48
108
13
18
24
70
44
13
27
29
54
19
16
27
48
43
84
53
8
32
26
50
214
140
57
27
41
90
56
29
14
77
13
88
88
11
64
50
18
69
6
8
35
20
9
86
17
32
62
53
158
80
86
270
109
50
17
45
53
4
61
30
114
19
28
24
26
33
79
35
30
70
50
46
53
39
6
26
12
111
119
33
115
249
55
76
38
52
164
114
45
68
20
18
52
39
11
36
21
112
18
70
39
49
72
33
83
27
39
131
94
62
35
108
71
34
157
51
177
22
45
29
49
88
21
91
80
66
42
19
91
38
27
88
156
4
53
66
43
126
96
8
61
36
11
19
4
31
129
59
20
24
44
23
43
81
29
8
78
66
145
46
27
49
126
36
46
42
24
15
80
34
68
15
19
40
27
45
19
58
97
5
32
34
167
174
21
8
66
10
74
16
5
94
28
27
39
66
36
69
23
28
14
73
28
150
16
56
21
32
13
29
44
36
46
50
83
37
26
10
10
60
88
64
19
71
45
12
29
45
24
32
18
12
43
71
8
63
8
63
28
101
89
40
18
16
54
80
29
58
35
28
58
17
55
44
27
85
12
29
95
23
30
21
77
19
26
76
112
7
20
63
9
42
38
9
30
42
57
23
20
12
40
33
24
8
32
83
17
22
47
25
13
90
14
9
19
25
162
10
20
32
60
56
10
52
43
70
28
25
65
47
60
39
34
57
25
18
5
9
50
11
22
94
10
34
24
46
9
196
30
59
65
22
48
15
44
40
8
4
102
8
92
57
58
49
40
21
190
26
57
13
24
48
39
21
26
16
44
20
24
9
9
40
72
46
31
36
37
18
27
50
51
18
102
36
59
37
4
32
9
186
7
17
45
41
9
17
36
39
37
34
78
38
18
43
24
37
4
102
21
17
31
40
46
41
35
147
31
52
28
60
56
50
41
36
38
14
29
17
33
67
24
22
84
72
44
40
54
6
112
51
4
70
44
68
9
5
26
54
31
60
180
19
15
30
105
43
46
74
9
62
39
44
30
76
32
11
43
66
53
6
151
31
16
74
24
124
41
27
46
101
52
56
51
31
36
51
38
59
99
85
58
77
4
8
6
4
16
7
16
12
8
31
34
9
16
16
29
24
7
15
27
19
19
22
12
41
7
13
19
28
33
31
75
29
23
18
19
48
4
6
28
18
48
14
67
36
5
11
100
28
12
18
26
37
14
28
9
16
47
26
33
89
14
38
48
42
43
16
58
33
16
11
60
70
19
87
6
52
33
7
41
26
67
91
18
28
40
60
24
60
47
22
71
39
35
34
116
38
78
78
42
32
33
29
27
128
18
34
7
30
26
19
45
5
36
6
85
46
29
105
26
33
48
125
72
66
80
65
52
42
46
11
42
25
67
30
26
108
27
14
4
13
43
40
42
16
15
69
57
16
4
34
116
60
46
94
6
86
57
82
16
19
55
86
15
61
33
29
118
47
83
37
84
37
139
20
61
90
13
49
28
68
92
33
77
60
85
13
54
67
30
41
35
9
57
41
59
115
53
69
32
131
21
122
27
52
23
146
70
90
85
27
30
15
15
74
86
8
4
39
58
101
17
4
36
41
54
92
47
120
71
79
28
11
70
133
99
105
36
80
23
17
32
43
11
59
8
61
102
23
38
43
100
8
40
124
41
21
12
67
130
58
120
19
40
35
23
120
5
52
12
15
69
18
29
18
19
31
103
109
29
14
39
33
44
32
43
76
49
24
128
30
94
12
22
34
19
18
12
41
20
22
24
35
72
9
71
35
14
10
62
36
32
28
37
144
75
57
10
70
173
28
10
44
21
31
22
18
13
28
30
71
61
17
80
65
77
24
53
41
131
88
24
37
43
13
16
42
47
40
222
69
30
27
15
36
10
41
70
11
41
28
85
54
14
71
102
93
14
51
49
38
94
17
39
121
51
109
79
16
17
47
20
48
29
72
55
53
58
39
37
48
69
90
29
5
69
20
127
55
9
16
11
68
54
64
153
82
40
42
8
18
177
29
69
29
94
48
17
7
47
9
68
30
59
51
50
14
57
5
45
15
64
13
99
37
188
102
38
77
60
83
11
43
29
91
140
34
7
19
65
76
40
41
35
41
9
39
53
64
36
11
28
53
46
34
38
106
151
36
31
9
8
19
31
40
51
104
44
36
101
8
19
15
72
26
48
25
49
24
33
4
29
45
59
24
6
53
76
29
101
7
5
196
88
48
62
45
38
59
60
5
54
27
15
14
77
56
46
66
47
35
66
38
44
27
48
38
29
28
107
28
50
43
57
69
78
18
77
98
87
86
46
79
29
45
24
65
27
48
34
25
8
10
64
6
21
5
43
25
40
51
110
60
111
91
66
58
14
18
101
15
49
47
13
43
41
43
15
6
38
48
48
43
26
62
63
76
33
30
96
38
27
43
17
45
11
33
8
38
43
59
69
36
30
117
118
83
62
83
32
36
76
47
32
26
25
72
73
79
82
97
40
110
54
21
81
49
56
22
99
24
16
50
53
45
65
10
4
118
90
6
148
75
77
30
29
15
92
41
30
21
117
47
137
60
27
74
59
115
47
21
57
42
25
57
24
10
77
26
23
76
57
25
153
56
59
69
171
17
22
11
11
57
53
13
49
40
4
60
154
15
65
45
115
92
8
19
42
28
112
6
61
45
52
28
14
21
7
56
42
87
81
138
59
111
5
149
17
84
198
16
44
137
36
47
31
74
10
45
9
46
57
86
16
23
43
57
27
65
114
114
56
116
24
21
77
130
44
142
177
18
101
11
79
33
38
49
58
127
48
89
37
19
40
31
39
74
5
38
91
82
22
23
175
76
7
13
29
163
92
7
11
83
88
44
49
28
33
28
25
99
41
25
57
69
19
80
42
41
55
13
45
38
32
26
16
22
45
108
15
221
27
112
180
19
93
7
40
72
32
51
31
60
44
24
42
6
91
53
50
33
38
91
79
39
6
12
66
27
137
32
23
62
249
69
45
113
20
70
58
50
149
21
14
99
86
15
101
83
27
55
5
18
30
72
54
15
63
72
12
65
35
31
111
38
31
23
262
37
109
102
21
86
27
104
30
108
59
44
69
21
5
71
164
99
72
66
23
118
66
30
28
62
25
7
24
79
28
108
42
55
23
65
58
161
45
6
43
15
33
21
24
45
22
113
71
12
47
37
193
41
30
22
31
30
54
28
40
14
25
29
121
24
52
103
38
44
30
63
155
26
56
172
56
46
4
44
4
58
44
31
100
91
79
29
41
20
48
66
140
133
35
24
48
25
41
44
60
77
101
56
100
80
36
66
217
45
52
85
95
55
55
141
116
98
128
226
108
99
167
120
5
8
9
6
20
28
15
28
25
10
21
28
17
15
31
37
30
16
21
24
33
31
8
12
36
28
30
10
36
33
40
29
17
45
43
72
23
18
53
31
23
36
27
16
7
13
74
5
28
28
37
6
48
79
38
12
17
20
30
5
53
21
37
9
93
51
25
17
65
47
89
52
58
17
57
26
37
55
9
40
124
94
82
21
14
53
23
27
28
41
87
29
20
58
29
91
11
16
12
26
58
38
38
52
28
44
15
37
30
16
96
21
42
35
20
20
51
26
34
74
29
13
65
64
11
31
4
74
30
44
40
45
22
54
31
84
95
41
93
42
103
4
24
55
31
36
63
26
32
43
15
29
33
67
24
35
31
8
62
15
41
65
99
71
48
88
60
36
135
19
15
61
27
22
90
16
23
45
35
37
9
58
55
55
8
34
24
16
53
71
17
29
30
5
41
46
67
53
186
63
13
32
10
15
55
53
28
114
27
27
13
55
59
30
100
29
14
29
77
70
64
58
40
22
45
43
19
33
36
48
112
174
35
22
23
57
28
80
84
61
60
70
56
93
30
33
48
35
65
15
72
55
22
36
9
9
23
40
73
30
4
197
27
25
108
37
56
112
5
42
24
22
9
60
38
23
52
49
32
112
86
38
45
68
37
40
21
25
43
117
48
57
15
23
29
40
52
45
6
71
56
25
16
38
10
18
51
146
10
24
47
51
5
8
37
168
59
24
98
132
77
8
43
14
100
53
69
36
27
66
83
97
98
16
196
47
164
48
194
84
98
6
39
29
33
21
49
74
119
83
42
22
28
155
7
76
35
13
98
13
32
175
17
39
40
45
17
48
33
39
41
15
40
90
4
37
66
44
59
51
59
8
21
50
78
18
15
5
44
21
33
55
213
50
22
51
10
38
41
84
22
39
31
46
33
56
74
40
8
27
65
20
41
93
50
49
36
37
37
32
22
190
55
38
43
84
7
32
39
55
37
24
64
29
57
65
57
38
24
71
14
74
18
9
83
83
41
85
33
230
122
8
86
62
39
116
40
15
27
5
17
74
7
48
147
16
21
43
9
36
72
13
68
79
78
20
13
34
26
71
116
80
41
24
31
237
7
20
71
61
4
180
30
47
165
71
60
12
57
31
58
63
47
31
168
49
48
58
132
18
48
19
106
169
11
29
18
91
45
16
193
9
12
40
188
131
20
114
140
83
62
26
50
41
6
27
16
166
75
15
60
18
31
23
13
55
92
176
224
24
5
71
167
23
12
148
68
16
32
28
28
73
153
129
5
42
8
61
20
16
57
49
28
82
100
32
70
45
14
95
8
34
26
208
19
20
97
35
179
39
74
27
48
21
125
59
9
102
27
39
55
14
51
57
44
22
45
78
35
46
15
54
242
54
51
106
11
44
8
38
27
84
49
38
144
53
25
18
46
49
91
28
24
23
77
91
17
68
44
73
102
4
40
25
35
233
41
15
32
20
99
13
45
16
29
75
50
87
53
50
70
185
30
115
24
95
124
30
78
66
62
34
32
153
19
14
73
17
42
16
27
91
29
65
12
4
27
20
44
54
209
42
29
53
63
17
65
31
61
18
10
122
18
45
141
53
49
54
15
92
41
27
85
38
104
111
27
5
47
14
5
39
22
52
33
272
14
10
38
11
25
18
68
83
42
143
60
6
31
132
18
113
30
57
22
134
36
163
53
32
64
24
13
46
50
34
32
146
38
35
79
32
58
17
27
140
17
17
28
46
46
90
24
160
4
23
55
14
53
178
24
171
97
99
69
64
31
18
15
20
17
8
18
25
59
35
199
29
78
5
31
179
85
52
55
117
65
32
107
33
98
13
29
139
51
112
151
35
34
129
28
27
80
18
60
13
21
50
65
24
186
48
27
18
52
21
43
131
30
207
78
38
29
6
105
30
20
73
5
152
59
97
153
46
177
43
96
28
15
192
36
41
31
15
5
22
4
33
44
37
4
84
115
185
12
13
114
164
5
89
30
31
5
20
19
201
10
13
63
30
97
7
52
31
25
59
29
50
45
18
30
38
41
47
238
160
33
58
54
33
45
195
30
100
41
233
70
32
99
18
39
54
44
92
53
58
83
71
11
26
77
266
91
32
41
16
50
22
105
185
68
14
33
51
81
280
88
21
35
147
29
11
62
67
50
58
66
63
95
24
61
219
57
19
35
136
43
68
27
95
158
67
11
231
100
101
21
57
19
92
25
232
26
60
112
54
40
44
100
86
65
106
61
144
144
76
77
85
171
162
5
14
18
6
22
25
7
27
34
13
13
18
30
18
20
8
4
4
9
19
12
22
15
34
21
29
23
31
57
22
14
36
24
14
36
18
26
44
20
30
8
40
27
4
24
18
37
32
9
11
23
70
26
14
21
65
21
34
37
50
55
47
30
24
5
68
35
24
20
43
22
10
81
26
112
13
17
12
34
47
24
33
11
48
16
29
26
17
33
48
25
104
55
39
77
55
56
30
16
37
4
11
40
5
37
49
38
46
46
50
22
41
26
34
9
77
37
34
84
20
7
51
93
11
13
41
16
49
17
45
21
30
45
51
51
55
62
55
76
70
4
47
32
8
42
65
72
55
45
6
28
88
29
78
23
49
40
32
59
20
58
8
16
57
23
8
43
38
48
56
33
9
16
50
28
27
59
8
41
10
28
12
40
78
58
14
15
20
32
33
54
24
30
16
36
44
7
27
22
21
31
15
72
21
25
86
20
37
24
46
88
22
31
13
74
19
49
17
37
36
29
57
45
17
27
26
29
37
62
23
11
30
5
45
31
57
6
24
49
40
4
20
67
27
128
37
44
11
72
16
24
19
30
31
44
47
46
31
24
9
56
56
47
26
45
45
95
86
36
19
5
54
43
43
27
34
47
32
81
86
65
27
47
41
59
23
79
4
55
49
9
15
108
13
76
70
32
91
29
11
118
26
47
14
129
92
13
27
89
32
40
24
25
19
11
31
94
91
39
29
36
114
33
89
142
19
32
7
34
43
12
72
18
48
70
13
49
8
72
55
28
5
42
32
61
26
131
141
18
54
163
20
52
12
42
65
194
25
40
53
104
57
15
116
79
14
21
105
14
7
167
19
57
61
37
59
21
55
61
47
75
86
14
36
49
6
14
47
77
101
108
18
28
26
31
40
31
51
44
52
17
73
63
8
48
52
20
64
69
28
64
16
101
43
24
15
53
139
20
94
64
65
123
37
41
27
18
20
52
16
42
57
44
65
44
39
79
68
98
55
80
33
54
22
42
30
111
157
17
43
36
85
32
12
40
38
75
12
109
11
8
137
54
7
40
14
60
59
45
97
43
11
53
72
63
63
109
85
18
5
18
18
122
81
12
28
30
40
29
203
31
156
82
42
20
152
17
30
52
44
46
54
37
42
161
107
118
74
100
33
6
222
63
18
74
26
128
35
17
29
56
18
70
61
35
204
28
20
70
13
9
70
38
20
84
24
196
8
83
34
40
36
18
30
110
13
15
58
254
38
114
48
56
15
17
44
52
80
4
23
250
8
18
12
40
120
10
42
218
76
43
86
51
85
44
161
32
25
55
13
10
8
310
15
138
27
11
42
15
33
69
14
220
52
5
49
35
19
91
72
100
87
55
15
53
125
12
48
93
115
11
271
27
90
53
13
57
16
12
67
14
19
28
47
60
53
94
34
59
47
153
17
180
48
151
23
107
18
68
42
30
33
20
18
46
46
44
48
36
16
9
44
15
25
17
59
26
87
21
23
153
41
43
60
10
61
49
210
5
76
25
10
111
32
83
80
86
26
37
167
64
32
93
44
21
37
48
21
96
30
41
78
26
34
66
167
38
16
101
52
42
85
69
69
10
47
42
53
87
84
10
10
120
29
40
124
4
35
15
157
35
41
9
119
15
69
92
103
29
42
100
41
89
13
77
38
34
12
56
29
18
132
5
85
26
47
76
37
55
48
199
179
56
89
41
44
65
54
49
64
52
50
47
44
17
7
87
85
15
34
19
62
43
122
30
82
47
38
217
15
17
101
5
73
92
98
70
82
40
235
24
11
119
124
21
15
58
107
28
56
42
41
45
51
33
257
62
26
9
11
18
20
101
83
24
29
55
139
47
111
47
130
61
28
30
123
4
80
5
80
7
40
48
4
40
84
37
118
27
34
248
35
45
158
20
53
20
65
19
119
8
53
12
46
65
47
44
28
4
102
12
47
43
99
66
126
5
49
25
35
146
218
31
35
48
60
34
31
107
9
45
53
33
44
15
31
30
38
14
14
12
68
114
38
90
11
240
147
61
67
40
84
51
96
26
40
26
21
43
7
15
32
15
21
35
256
179
103
67
9
47
25
32
57
22
6
27
13
41
5
9
43
39
34
13
205
32
103
114
16
24
21
16
72
22
79
30
7
10
5
10
23
8
17
19
236
98
91
14
38
4
17
66
37
62
8
71
18
7
7
45
142
37
22
36
21
61
25
56
30
256
57
37
31
44
38
28
130
47
45
59
63
206
52
53
66
166
214
86
208
10
6
10
23
8
25
27
9
8
22
28
18
6
6
30
27
23
18
26
27
36
11
32
54
11
53
11
36
15
75
22
40
18
20
25
50
7
22
36
18
30
9
11
30
21
8
31
45
20
42
58
20
73
40
31
5
44
30
54
25
8
49
16
33
15
17
40
50
4
71
52
26
11
17
6
50
29
85
42
21
34
5
58
24
84
49
43
60
44
41
6
5
61
13
29
61
41
64
20
57
50
48
44
30
36
10
26
68
81
41
42
52
7
71
9
7
76
50
26
4
79
25
92
49
51
41
75
7
46
51
72
80
23
47
47
36
22
72
23
8
54
62
11
59
43
65
31
19
118
54
90
62
45
38
51
28
5
72
58
65
42
41
86
53
37
19
34
41
49
68
36
99
24
34
21
48
114
40
155
43
11
38
37
78
27
52
12
78
35
33
7
38
14
18
96
38
42
26
12
8
55
72
6
96
51
27
55
30
92
25
41
22
79
60
41
15
203
42
23
23
26
59
36
103
47
29
4
48
60
12
89
39
133
64
36
60
40
92
54
7
56
35
20
34
30
70
65
73
27
54
75
91
57
79
70
21
27
7
7
53
13
32
90
4
54
33
54
95
67
77
24
83
5
8
35
29
20
46
63
14
104
8
18
31
38
111
69
36
55
32
34
25
39
36
55
40
49
5
61
39
111
37
9
38
15
63
56
18
27
15
109
39
37
33
34
27
43
18
63
30
137
42
97
44
31
77
15
35
108
55
44
39
96
43
43
39
47
49
42
31
25
41
51
103
56
40
55
90
40
139
23
39
57
58
47
133
12
19
125
93
8
16
49
16
93
62
37
90
57
48
54
73
97
88
98
86
36
59
131
13
7
55
46
114
44
103
15
29
38
14
65
69
30
81
29
151
21
10
35
54
15
23
100
129
47
15
49
63
50
17
61
43
51
38
68
117
4
93
8
27
19
25
38
13
119
43
176
5
23
14
73
27
11
93
30
26
28
35
26
39
82
51
54
6
36
122
6
61
81
79
6
62
27
25
45
56
39
30
66
37
138
22
39
60
22
156
48
25
56
36
27
37
124
31
33
4
84
133
11
119
30
32
187
33
88
33
23
9
52
34
17
77
50
44
29
22
118
26
15
109
62
150
33
45
99
80
28
8
16
4
5
24
25
161
82
56
12
154
28
62
64
8
133
106
69
19
38
73
34
13
52
33
20
30
9
36
29
9
56
25
31
56
44
54
9
48
37
55
45
82
72
19
60
31
62
194
76
36
58
18
10
20
203
51
4
33
43
67
64
29
72
202
34
64
49
132
12
90
41
40
31
26
106
22
69
54
88
63
17
32
96
81
32
116
64
17
197
20
71
11
189
33
98
77
135
7
38
94
109
37
24
122
49
75
76
30
110
53
37
27
46
81
28
143
59
10
41
36
42
24
26
100
127
6
46
40
5
112
25
41
149
62
59
97
153
159
57
134
62
54
59
67
46
85
7
51
66
50
40
32
132
27
23
23
45
112
22
63
184
93
59
113
45
73
8
40
31
9
23
50
30
86
66
99
20
117
193
47
62
181
20
53
38
93
9
71
63
11
78
5
108
23
47
79
7
157
13
5
212
12
5
104
28
13
110
62
27
34
64
117
63
5
16
27
102
129
249
199
37
76
40
83
24
26
5
9
19
8
83
87
70
56
179
13
42
27
128
88
37
36
19
69
47
31
41
9
49
32
288
84
38
32
12
57
125
107
26
35
31
136
29
62
16
39
125
27
180
10
27
91
173
38
26
42
35
6
24
28
16
148
25
28
57
39
127
227
38
49
27
45
31
6
71
53
50
114
6
27
114
10
26
119
11
12
61
93
110
33
51
53
51
26
60
31
10
68
37
71
78
21
43
77
29
14
44
5
57
23
4
113
53
117
21
62
91
39
19
76
6
10
45
5
53
5
110
17
34
77
13
17
72
33
43
31
37
133
15
43
7
58
78
20
22
106
12
14
10
120
69
92
96
49
12
27
39
45
76
48
6
46
142
69
41
11
48
164
32
29
43
58
21
6
184
20
17
64
42
23
98
103
26
63
16
19
38
61
20
96
191
87
34
8
16
61
9
44
46
35
64
55
52
30
16
26
60
39
29
17
6
21
10
134
52
42
32
6
30
12
7
47
27
16
47
40
68
114
10
5
30
23
234
7
49
36
105
15
23
40
33
5
16
78
63
23
15
31
25
107
8
51
68
144
13
85
69
10
42
43
78
40
249
28
52
74
49
44
97
261
255
225
4
9
12
12
11
23
19
5
22
13
18
26
21
14
29
9
19
7
33
33
26
24
31
16
35
36
31
41
33
14
25
26
10
18
38
7
10
11
55
21
13
28
13
37
50
65
45
50
43
85
47
16
6
69
22
39
42
47
42
22
38
10
23
6
49
61
54
12
29
74
39
38
54
71
49
28
13
8
35
37
10
58
22
23
28
94
25
38
23
36
28
111
24
7
28
11
71
57
109
26
15
36
24
48
122
9
4
54
34
17
46
36
9
28
50
12
39
35
23
43
67
49
113
40
24
58
40
54
30
41
24
74
56
36
165
82
28
63
11
32
38
66
16
8
46
6
40
40
98
61
52
40
61
34
78
69
37
102
107
73
103
58
33
11
20
50
17
22
34
43
11
41
5
10
51
43
19
49
102
63
5
5
48
63
94
51
10
107
49
9
10
135
20
25
25
6
141
15
27
46
100
84
8
9
26
5
38
5
17
39
50
18
47
10
157
68
54
31
35
30
42
102
47
62
95
53
41
75
113
42
88
56
47
83
34
120
6
51
37
53
43
69
40
14
59
158
13
29
75
80
46
16
27
54
63
6
58
70
18
82
14
15
110
166
30
58
11
8
115
17
44
65
18
58
70
83
66
164
112
43
26
58
103
30
139
93
9
42
113
57
36
85
87
39
14
41
17
20
157
15
54
15
41
192
29
78
102
119
31
16
15
16
10
157
19
181
11
53
110
26
54
67
64
65
46
5
11
172
21
17
86
11
222
53
31
139
45
17
109
42
26
29
46
40
73
35
10
35
43
31
68
10
207
23
39
175
153
6
17
46
36
37
39
76
22
42
45
19
27
44
76
54
35
149
7
49
41
15
45
128
8
54
72
111
15
10
37
39
47
44
35
27
23
86
47
9
73
101
181
34
36
48
4
53
27
89
44
36
90
12
51
57
62
39
57
37
54
52
39
49
9
33
87
24
79
30
33
64
99
15
30
23
68
66
29
38
130
44
10
11
80
39
40
92
48
55
43
41
19
39
133
18
100
86
47
59
18
9
57
5
42
139
49
6
26
35
39
36
24
105
29
30
8
19
58
97
41
36
23
42
16
53
62
69
20
34
40
52
55
95
40
4
59
102
114
164
33
143
58
4
42
42
4
54
86
11
43
32
31
39
62
67
68
25
40
29
130
44
51
38
25
75
93
11
39
59
86
26
6
7
22
55
44
27
57
37
220
71
33
134
47
19
16
82
39
31
14
35
50
132
32
117
20
36
119
11
47
99
24
36
90
134
11
24
35
34
56
38
30
65
72
120
78
94
43
28
49
71
7
31
44
51
36
263
89
80
61
76
154
65
43
63
75
87
169
52
16
56
44
55
18
49
65
78
26
53
27
96
52
25
6
43
56
16
42
96
59
71
50
18
82
6
296
77
178
57
85
179
20
111
52
116
11
72
69
54
94
15
81
31
24
43
38
12
37
20
6
54
20
119
19
53
232
34
201
46
50
85
25
22
65
82
76
46
30
13
12
6
14
20
63
23
137
157
17
31
45
156
11
50
37
52
41
28
29
31
19
40
20
15
34
54
33
97
38
26
4
52
47
57
47
56
40
60
52
50
18
4
57
78
55
75
37
42
19
60
31
38
54
43
100
20
16
10
94
47
13
24
23
69
31
55
52
6
66
64
6
90
11
43
62
48
59
71
96
42
34
87
61
12
73
12
39
28
28
25
147
23
16
11
67
24
53
39
72
70
4
108
31
71
50
26
41
47
12
107
48
91
42
51
119
33
42
127
7
8
57
197
7
75
58
52
20
22
104
21
27
15
60
67
62
24
80
45
48
58
26
106
59
69
163
90
43
82
40
26
47
7
39
10
242
52
52
93
72
51
84
17
39
56
20
43
86
24
112
35
70
11
180
16
14
56
132
43
35
58
66
7
25
52
18
260
43
40
117
40
23
122
4
54
54
6
30
51
118
69
125
6
12
14
12
74
4
5
22
101
7
20
64
42
308
36
43
32
37
28
66
21
51
71
9
34
73
47
165
81
17
20
50
21
36
27
25
40
48
328
66
38
10
57
65
51
86
34
4
91
21
53
17
38
34
44
35
4
33
26
171
155
69
18
74
16
88
49
24
31
20
58
27
52
18
105
22
22
188
24
22
30
46
25
47
35
154
45
15
24
12
26
68
55
89
30
10
51
68
223
30
33
127
6
20
59
27
40
41
45
44
30
42
45
72
28
32
35
65
62
97
62
94
59
39
86
60
119
51
100
62
57
92
87
