4
4
5
8
8
9
12
12
13
16
16
17
20
20
21
24
24
25
28
28
29
32
32
33
36
36
37
40
40
41
44
44
45
48
48
49
52
52
53
56
56
57
60
60
61
64
64
65
68
68
69
72
72
73
76
76
77
80
80
81
83
84
85
87
88
89
91
91
93
95
95
97
99
99
101
103
103
105
107
107
109
111
111
113
115
115
117
119
119
121
123
123
125
127
127
129
131
131
133
135
135
137
139
139
141
143
143
145
147
147
149
151
151
153
155
155
157
159
159
161
163
163
165
167
169
169
171
173
174
175
177
178
179
183
183
184
188
188
189
194
195
197
198
202
202
202
206
206
206
210
212
213
214
218
219
219
223
223
224
227
228
231
233
236
240
241
245
31
249
4
252
255
256
18
259
262
263
25
270
34
274
275
65
283
32
39
289
291
291
296
297
57
95
64
71
11
314
99
66
323
325
327
330
93
131
102
129
43
347
350
12
6
357
30
17
160
366
132
375
382
383
44
62
42
192
37
56
400
405
407
24
20
174
8
425
428
19
435
50
79
26
444
59
39
13
35
462
464
58
469
60
480
9
95
44
22
493
74
85
503
35
97
25
12
75
131
141
58
116
64
56
41
169
17
19
81
11
69
45
46
22
5
41
44
8
14
22
15
38
16
77
72
36
43
50
58
15
24
24
49
31
21
83
50
43
52
18
58
14
7
55
20
46
43
35
49
71
17
75
93
20
27
34
52
44
110
62
30
68
72
15
90
22
62
39
18
119
47
63
43
72
21
24
13
10
47
49
28
19
41
34
25
76
44
57
25
24
55
65
105
86
11
7
58
57
90
19
33
36
27
91
22
32
143
124
38
47
121
63
58
57
53
74
15
39
73
17
28
162
152
25
81
42
39
20
55
115
48
80
183
200
21
112
63
16
82
53
77
13
153
84
48
219
19
235
148
37
112
55
182
50
78
121
264
49
256
185
74
211
41
73
293
155
290
5
14
219
72
28
322
38
189
34
35
327
4
59
5
63
66
355
36
87
9
9
4
9
383
43
21
115
7
41
32
16
41
411
42
11
75
143
57
60
43
27
52
101
44
171
32
52
82
196
106
218
130
240
262
154
284
178
306
202
328
226
350
250
274
298
322
4
4
5
8
8
9
12
12
13
16
16
17
20
20
21
24
24
25
28
28
29
32
32
33
36
36
37
40
40
41
44
44
45
48
48
49
52
52
53
56
56
57
60
60
61
64
64
65
68
68
69
72
72
73
76
76
77
80
80
81
83
84
85
87
88
89
91
91
93
95
95
97
99
99
101
103
103
105
107
107
109
111
111
113
115
115
117
119
119
121
123
123
125
127
127
129
131
131
133
135
135
137
139
139
141
143
143
145
147
147
149
151
151
153
155
155
157
159
159
161
162
163
165
167
167
169
171
173
175
177
177
181
185
186
187
190
191
194
196
197
199
201
201
206
207
210
211
214
214
222
227
7
229
232
234
14
242
10
248
9
252
254
256
10
259
11
10
15
16
48
51
44
283
43
287
289
290
293
292
43
51
49
38
312
14
321
320
34
328
328
86
337
82
73
39
27
98
67
359
361
362
366
115
14
19
62
131
387
391
394
8
5
145
46
16
19
50
27
418
167
24
39
20
165
36
84
81
30
57
449
197
59
55
200
106
60
184
224
11
31
134
16
212
7
254
61
42
45
32
283
67
28
72
14
29
313
95
56
26
41
16
340
57
123
84
21
55
12
35
105
16
45
24
48
115
22
43
31
66
132
24
11
143
51
14
21
60
22
54
168
41
46
83
44
51
7
84
196
71
112
74
21
21
8
35
117
33
46
47
60
38
147
63
71
85
24
174
96
20
50
201
14
17
9
50
22
231
36
8
47
38
80
51
30
74
5
6
22
28
104
31
30
44
36
4
58
134
56
17
26
158
85
46
182
8
19
59
8
32
120
209
44
33
40
28
26
64
9
18
152
28
20
61
58
29
54
37
48
99
58
52
89
23
82
61
91
65
16
10
53
110
93
4
25
28
27
47
43
51
32
52
37
10
61
12
26
32
62
67
19
9
44
58
94
51
36
20
16
11
29
25
77
130
45
36
49
62
58
58
163
82
18
83
190
43
108
214
12
17
241
5
4
39
11
27
268
49
16
19
26
24
52
39
46
41
5
46
36
11
77
54
64
66
5
37
102
41
68
32
91
5
35
127
69
116
61
32
24
98
141
90
49
166
127
188
153
210
179
232
254
276
298
320
342
364
386
408
430
452
474
4
4
5
8
8
9
12
12
13
16
16
17
20
20
21
24
24
25
28
28
29
32
32
33
36
36
37
40
40
41
44
44
45
48
48
49
52
52
53
56
56
57
60
60
61
64
64
65
68
68
69
72
72
73
76
76
77
80
80
81
83
84
85
87
88
89
91
91
93
95
95
97
99
99
101
103
103
105
107
107
109
111
111
113
115
115
117
119
119
121
123
123
125
127
127
129
131
131
133
135
135
137
139
139
141
143
143
145
147
147
149
151
151
153
155
155
157
159
159
161
163
165
165
167
169
171
171
173
175
176
177
178
182
182
183
187
187
190
192
193
195
196
197
201
204
205
205
208
209
211
213
11
216
218
220
224
225
226
229
230
236
21
241
242
43
247
248
251
252
253
255
259
6
261
263
267
30
29
55
4
276
23
284
284
8
290
6
295
41
302
65
304
308
39
24
71
315
39
65
7
326
41
76
332
29
337
71
341
61
352
49
41
116
76
364
111
22
372
30
109
7
95
386
11
149
75
111
397
54
12
37
27
64
144
129
43
420
47
109
185
433
86
46
37
59
76
176
160
451
140
83
221
469
19
73
191
21
20
482
40
18
18
47
260
19
508
222
49
112
513
23
60
79
50
78
57
50
253
299
544
52
148
5
5
112
25
5
124
284
575
178
34
36
5
6
59
33
34
37
24
157
5
321
36
211
20
36
72
90
28
42
53
70
74
29
58
32
15
42
358
56
253
73
62
9
25
90
21
68
49
392
71
81
35
40
51
295
12
417
60
26
114
80
68
41
328
52
51
144
77
355
76
26
379
98
16
55
9
123
45
31
34
87
60
11
7
7
27
16
16
37
34
35
54
29
44
44
66
22
69
58
9
30
46
13
34
56
19
38
82
25
43
13
30
8
14
50
114
27
31
41
73
14
62
38
46
32
55
146
69
64
9
42
106
97
71
8
9
23
65
89
15
136
73
44
132
39
21
5
44
57
9
34
107
21
53
7
167
32
55
91
79
44
48
68
141
32
25
6
202
47
73
33
128
120
175
85
59
28
40
76
81
246
162
74
17
209
161
28
66
112
114
34
41
56
8
196
140
101
8
65
7
40
171
228
28
133
42
33
30
38
40
202
59
266
171
71
227
75
301
4
4
5
8
8
9
12
12
13
16
16
17
20
20
21
24
24
25
28
28
29
32
32
33
36
36
37
40
40
41
44
44
45
48
48
49
52
52
53
56
56
57
60
60
61
64
64
65
68
68
69
72
72
73
76
76
77
80
80
81
83
84
85
87
88
89
91
91
93
95
95
97
99
99
101
103
103
105
107
107
109
111
111
113
115
115
117
119
119
121
123
123
125
127
127
129
131
131
133
135
135
137
139
139
141
143
143
145
147
147
149
151
151
153
155
155
157
159
159
161
163
163
165
167
169
169
171
173
174
175
177
178
180
182
183
186
189
190
192
195
196
200
201
206
207
212
215
216
220
224
28
30
237
20
247
27
50
22
262
6
68
274
58
5
65
14
33
36
7
63
26
301
303
17
36
96
9
45
38
103
57
74
331
47
338
11
42
79
363
364
19
41
6
41
394
4
15
27
36
7
32
31
43
57
23
35
23
7
58
19
52
29
52
85
17
46
26
81
9
14
118
9
46
79
14
59
16
39
113
34
10
45
154
24
81
14
49
118
98
55
46
42
15
39
196
56
27
160
140
17
54
27
78
235
18
35
39
59
199
59
24
265
65
53
94
33
20
19
56
298
98
42
66
25
52
331
131
13
15
51
20
10
33
6
364
41
164
43
57
53
38
20
68
35
68
400
200
29
53
90
26
430
26
230
31
10
15
8
58
29
60
460
25
260
60
42
45
65
18
42
93
5
63
493
91
60
293
23
50
32
14
17
38
31
89
323
23
57
66
47
48
15
65
350
26
15
30
60
4
100
44
55
42
4
58
31
35
4
12
20
90
58
39
70
42
39
39
9
26
88
125
23
74
31
105
72
29
6
20
37
65
127
7
62
46
140
39
65
26
44
56
24
163
42
98
48
71
18
57
20
196
26
131
14
51
90
48
25
54
42
232
13
14
11
87
82
58
265
42
46
11
42
113
27
292
4
19
45
30
316
55
35
28
32
59
343
80
85
367
391
415
439
463
487
511
535
559
583
607
631
655
679
703
727
751
775
799
823
847
871
895
919
943
967
991
1015
1039
1063
1087
1111
1135
1159
1183
1207
1231
1255
1279
1303
1327
1350
1374
1398
1422
1446
1470
1494
1518
1542
1566
1590
1614
1638
1662
1686
1710
1734
1758
1782
1806
1830
4
4
5
8
8
9
12
12
13
16
16
17
20
20
21
24
24
25
28
28
29
32
32
33
36
36
37
40
40
41
44
44
45
48
48
49
52
52
53
56
56
57
60
60
61
64
64
65
68
68
69
72
72
73
76
76
77
80
80
81
83
84
85
87
88
89
91
91
93
95
95
97
99
99
101
103
103
105
107
107
109
111
111
113
115
115
117
119
119
121
123
123
125
127
127
129
131
131
133
135
135
137
139
139
141
143
143
145
147
147
149
151
151
153
155
155
157
159
159
161
162
163
165
167
169
170
171
173
175
176
177
180
183
186
188
189
191
195
196
196
199
200
200
207
207
209
211
214
217
219
222
224
228
229
230
4
236
238
240
12
31
251
25
7
259
261
263
265
36
269
39
275
45
68
9
288
40
294
62
294
300
300
302
41
76
7
41
11
325
326
67
334
13
335
107
34
15
45
361
40
20
368
46
9
20
67
48
396
12
74
33
35
53
421
100
45
66
443
86
25
465
17
5
19
57
490
30
49
25
51
10
5
89
27
527
6
67
62
118
5
47
42
12
64
36
38
27
567
32
19
153
81
76
37
23
50
67
21
598
60
65
54
188
92
72
56
623
54
23
26
216
5
18
29
654
54
33
242
32
60
45
63
688
268
25
64
72
25
22
20
716
297
55
50
102
32
7
55
741
52
17
29
329
78
26
62
39
772
44
10
358
63
112
60
68
21
806
15
387
47
45
97
834
25
416
46
78
16
28
72
44
132
865
55
38
43
26
454
99
8
15
13
893
72
51
5
176
126
19
42
82
29
921
105
30
7
52
57
8
47
46
162
217
949
62
9
45
61
126
40
149
18
44
977
198
252
37
33
34
83
76
11
54
1005
231
284
65
67
36
115
1030
109
34
90
12
316
267
7
97
1058
142
17
67
16
345
12
297
49
44
15
1095
54
371
9
324
4
6
23
59
42
18
55
92
87
15
14
406
354
1141
39
20
52
61
49
38
56
42
42
381
24
101
21
17
54
1181
450
92
61
72
75
411
94
79
5
13
138
9
65
53
28
62
795
491
129
108
447
169
40
49
59
45
34
97
826
526
141
196
86
82
66
218
555
171
116
240
581
198
262
261
222
284
287
246
306
270
313
339
365
391
417
4
5
5
8
9
9
12
13
13
16
17
17
20
21
21
24
25
25
28
29
29
32
33
33
36
37
37
40
41
41
44
45
45
48
49
49
52
53
53
56
57
57
60
61
61
64
65
65
68
69
69
72
73
73
76
77
77
80
81
81
84
85
85
88
89
89
92
93
93
96
97
97
100
101
101
104
105
105
107
109
109
111
113
113
115
117
117
119
121
121
123
125
125
127
129
129
131
133
133
135
137
137
139
141
141
143
145
145
147
149
151
151
153
155
157
157
159
161
163
163
165
167
169
171
172
175
179
181
183
181
187
189
191
193
195
196
199
198
203
207
205
212
213
221
220
225
227
229
229
234
15
246
244
28
253
253
263
44
268
268
280
57
8
22
282
11
4
26
32
79
300
298
305
21
17
39
41
55
37
57
49
59
8
334
114
17
339
56
337
74
56
89
92
38
47
146
37
121
371
88
6
16
32
172
148
71
33
23
47
22
59
49
18
80
51
12
22
36
9
4
53
8
30
5
45
60
74
57
42
13
33
91
10
46
28
25
37
24
74
37
123
57
53
9
48
26
21
4
106
8
16
28
158
26
31
28
58
96
52
138
40
40
64
190
52
45
74
90
64
72
170
77
142
219
98
110
119
7
199
91
120
248
118
28
123
148
141
228
24
10
156
13
23
7
180
163
21
10
181
56
22
26
45
50
60
37
212
40
53
200
26
52
218
56
77
34
22
87
12
39
247
76
14
58
23
237
109
91
255
54
70
48
5
279
14
78
36
51
59
141
274
28
127
292
35
311
26
51
68
89
57
308
326
50
340
4
14
88
15
366
35
24
40
36
6
392
4
55
17
37
4
17
424
20
36
86
49
41
68
36
44
456
117
6
7
485
24
35
36
514
52
18
20
70
18
144
83
50
52
11
9
20
49
176
35
114
4
84
19
33
52
59
28
34
33
148
113
60
53
21
84
52
6
28
68
87
68
182
148
38
10
59
52
27
111
122
44
105
31
219
109
75
132
189
51
64
100
163
153
253
69
147
227
174
195
281
101
195
179
259
216
309
282
237
337
305
258
328
279
351
300
374
321
397
342
362
420
383
443
404
425
446
467
488
509
530
551
572
593
614
635
656
677
698
719
740
761
782
803
824
4
5
5
8
9
9
12
13
13
16
17
17
20
21
21
24
25
25
28
29
29
32
33
33
36
37
37
40
41
41
44
45
45
48
49
49
52
53
53
56
57
57
60
61
61
64
65
65
68
69
69
72
73
73
76
77
77
80
81
81
84
85
85
88
89
89
92
93
93
96
97
97
100
101
101
104
105
105
107
109
109
111
113
113
115
117
117
119
121
121
123
125
125
127
129
129
131
133
133
135
137
137
139
141
141
143
145
145
147
149
149
151
153
155
154
157
159
161
160
163
165
167
166
171
171
172
175
175
177
179
181
183
184
187
187
191
190
191
195
194
196
199
203
202
208
211
215
214
219
221
225
226
229
18
24
238
19
242
244
250
17
250
20
258
258
47
56
268
51
12
46
49
33
282
292
291
20
22
92
305
72
45
14
36
18
39
73
92
330
57
61
41
342
47
72
73
125
64
26
8
373
9
18
47
10
96
24
404
43
44
53
4
41
15
134
438
62
30
84
85
42
46
18
15
469
175
16
68
120
6
22
45
497
50
43
27
33
103
12
72
155
30
8
57
531
24
73
17
59
6
135
102
187
38
52
10
70
571
88
64
36
213
132
57
37
43
26
21
94
117
159
610
242
25
64
27
106
53
14
53
83
149
189
134
274
94
650
59
83
65
44
22
219
303
168
124
113
13
51
246
196
9
39
267
62
21
37
7
291
9
87
44
12
32
314
40
68
15
341
43
9
95
12
42
368
10
23
19
35
12
19
16
46
72
39
398
49
13
57
21
42
45
102
56
68
428
14
79
45
91
55
129
455
97
106
43
90
18
86
156
32
482
129
121
32
10
47
183
509
61
10
158
155
37
25
66
210
79
536
187
44
54
234
6
560
192
213
8
258
584
4
23
40
24
226
9
37
7
288
45
33
614
26
53
53
16
24
38
25
26
269
40
321
80
65
647
11
86
66
49
70
16
64
32
65
59
96
309
357
42
683
30
60
46
44
383
340
709
71
22
72
4
73
410
736
371
100
5
91
56
33
35
10
440
766
56
408
35
13
128
40
69
470
796
82
31
151
445
42
268
534
103
111
180
292
253
558
195
137
137
98
300
287
160
167
122
324
183
146
257
198
206
229
252
275
298
321
344
367
389
4
5
5
8
9
9
12
13
13
16
17
17
20
21
21
24
25
25
28
29
29
32
33
33
36
37
37
40
41
41
44
45
45
48
49
49
52
53
53
56
57
57
60
61
61
64
65
65
68
69
69
72
73
73
76
77
77
80
81
81
84
85
85
88
89
89
92
93
93
96
97
97
100
101
101
104
105
105
107
109
109
111
113
113
115
117
117
119
121
121
123
125
125
127
129
129
131
133
133
135
137
137
139
141
141
143
145
145
147
149
149
151
153
155
154
157
159
158
161
163
162
165
167
166
171
170
171
175
174
176
179
179
183
182
184
187
187
191
191
192
195
199
198
197
203
202
206
206
207
12
212
214
215
218
221
223
226
226
228
233
240
238
238
44
246
250
248
11
258
260
263
21
268
273
278
22
41
288
290
293
53
298
29
23
33
311
51
319
74
322
82
326
19
331
63
56
67
5
348
24
107
111
359
48
359
364
8
35
26
104
140
386
61
22
391
396
62
37
5
20
63
11
33
179
421
54
430
69
32
52
206
43
64
448
81
464
26
233
33
475
112
21
19
495
260
502
44
46
143
17
526
67
290
532
26
26
6
177
47
5
96
560
320
196
28
56
8
35
16
66
34
217
350
226
342
35
17
71
13
6
16
380
62
62
260
17
25
40
32
388
407
20
66
89
43
40
65
27
18
431
309
74
22
68
41
52
455
197
26
72
7
89
94
114
52
67
23
358
488
59
87
6
7
43
246
88
17
107
62
16
202
14
401
42
7
79
50
124
58
53
36
17
98
17
238
23
59
112
444
22
50
10
157
71
9
98
460
18
13
271
58
57
33
64
148
84
20
20
66
132
45
54
54
501
29
54
66
181
514
12
53
121
32
61
84
37
95
96
63
203
211
14
83
212
50
70
114
37
72
238
48
138
96
246
262
71
162
82
286
280
22
13
18
313
116
18
49
21
47
15
45
340
4
47
10
55
69
12
7
47
29
35
370
39
41
82
21
27
34
56
397
50
23
70
5
49
117
83
62
424
26
50
34
14
19
146
113
454
57
41
11
172
50
478
26
23
91
40
201
499
14
52
57
69
523
122
38
24
12
92
550
21
153
34
55
26
570
20
127
56
591
69
61
55
612
162
91
174
188
195
4
5
5
8
9
9
12
13
13
16
17
17
20
21
21
24
25
25
28
29
29
32
33
33
36
37
37
40
41
41
44
45
45
48
49
49
52
53
53
56
57
57
60
61
61
64
65
65
68
69
69
72
73
73
76
77
77
80
81
81
84
85
85
88
89
89
92
93
93
96
97
97
100
101
101
104
105
105
107
109
109
111
113
113
115
117
117
119
121
121
123
125
125
127
129
129
131
133
133
135
137
137
139
141
141
143
145
145
147
149
151
151
153
155
155
157
159
161
163
167
166
167
171
170
171
175
175
179
183
184
187
186
188
191
195
196
199
200
203
204
207
208
213
212
219
217
221
224
229
21
236
236
241
18
9
24
250
18
28
259
51
265
266
34
38
271
275
282
47
280
57
9
64
33
70
299
67
305
304
311
80
61
9
42
321
66
19
110
17
338
32
345
343
351
26
120
103
55
147
53
374
21
379
382
388
62
157
10
88
86
184
47
26
412
36
188
50
20
215
436
219
32
42
457
249
478
253
66
18
498
283
14
9
41
290
522
103
6
10
41
320
549
46
33
33
9
327
140
22
32
357
582
23
39
361
27
55
388
65
46
9
385
395
57
9
69
85
95
425
415
46
18
432
115
33
125
46
26
462
21
8
83
10
22
24
62
148
472
56
11
37
54
499
51
43
91
26
29
7
61
184
20
92
509
47
83
76
536
123
62
63
39
217
52
543
143
115
106
253
154
92
247
574
133
119
23
287
274
16
16
608
146
39
301
17
43
60
22
15
645
328
70
49
54
9
26
52
16
355
682
35
23
376
60
45
17
716
397
48
94
26
51
750
49
18
778
72
39
24
48
98
808
12
54
839
33
7
6
13
22
27
31
20
876
37
16
35
48
46
41
9
70
45
63
919
35
15
81
92
87
959
16
55
39
990
13
22
86
65
35
43
1024
19
123
88
4
14
12
27
1064
59
21
163
54
44
7
52
1104
16
200
33
91
42
1138
7
65
125
14
7
1172
41
94
43
159
36
1206
5
69
1234
26
92
6
11
21
9
118
13
1268
32
35
7
15
13
5
58
147
43
46
29
1305
37
38
31
43
55
173
56
26
41
64
1345
196
78
63
219
78
1382
242
109
1413
264
140
1444
1472
853
881
556
584
321
349
4
5
5
8
9
9
12
13
13
16
17
17
20
21
21
24
25
25
28
29
29
32
33
33
36
37
37
40
41
41
44
45
45
48
49
49
52
53
53
56
57
57
60
61
61
64
65
65
68
69
69
72
73
73
76
77
77
80
81
81
84
85
85
88
89
89
92
93
93
96
97
97
100
101
101
104
105
105
107
109
109
111
113
113
115
117
117
119
121
121
123
125
125
127
129
129
131
133
133
135
137
137
139
141
141
143
145
145
147
149
151
151
153
155
157
156
159
161
160
163
165
167
171
171
175
175
179
180
180
183
187
187
191
192
195
199
203
201
207
206
207
210
214
216
219
13
226
230
230
231
234
235
240
244
250
42
252
34
260
21
264
269
65
275
24
279
17
285
48
289
296
17
302
14
86
40
57
8
315
321
44
41
331
66
335
34
32
345
20
68
351
24
364
46
375
15
50
21
72
388
26
4
72
42
48
117
12
53
422
38
22
20
38
12
5
154
7
41
51
75
31
49
16
44
17
28
38
50
21
24
59
18
7
44
48
18
42
16
38
41
11
47
67
30
37
13
17
6
96
58
36
32
24
69
9
33
52
86
131
48
67
57
41
114
14
81
64
142
38
28
105
15
173
5
126
59
16
41
20
13
150
34
25
17
44
47
40
174
17
45
24
66
29
49
198
28
48
51
74
23
60
228
14
26
61
79
35
7
53
19
258
52
44
91
33
113
69
13
288
53
27
15
14
312
22
87
38
49
336
37
21
25
18
20
29
19
11
62
22
17
17
19
95
10
36
56
77
61
55
65
58
29
55
49
58
102
55
55
131
59
72
50
14
17
90
23
103
64
98
84
164
142
18
44
53
122
51
22
99
132
191
4
176
74
50
83
33
154
54
88
131
31
18
169
107
67
26
160
47
9
200
29
11
20
30
30
104
61
195
61
5
240
52
51
14
224
70
12
15
42
35
277
27
11
5
41
37
311
67
36
17
65
342
22
16
11
46
94
26
51
40
373
24
35
75
27
60
407
21
58
104
8
56
26
97
53
444
35
95
12
55
48
28
18
38
64
16
44
146
9
29
496
87
147
8
50
12
67
45
33
103
83
32
93
25
68
102
84
53
45
202
67
74
121
82
95
239
267
295
323
4
5
5
8
9
9
12
13
13
16
17
17
20
21
21
24
25
25
28
29
29
32
33
33
36
37
37
40
41
41
44
45
45
48
49
49
52
53
53
56
57
57
60
61
61
64
65
65
68
69
69
72
73
73
76
77
77
80
81
81
84
85
85
88
89
89
92
93
93
96
97
97
100
101
101
104
105
105
107
109
109
111
113
113
115
117
117
119
121
121
123
125
125
127
129
129
131
133
133
135
137
137
139
141
141
143
145
145
147
149
151
151
153
155
155
157
159
161
161
163
165
167
166
171
170
175
174
175
179
181
183
182
187
187
187
191
192
195
196
199
201
203
207
206
205
211
213
211
215
219
220
224
4
230
229
232
234
235
239
243
245
247
11
250
256
255
256
259
265
264
262
270
48
276
38
276
286
283
286
65
291
289
296
8
305
305
310
307
314
313
323
324
7
102
329
7
19
334
21
45
11
342
340
350
346
351
40
36
363
364
52
44
11
369
57
374
48
86
17
383
382
387
392
6
21
41
403
80
193
44
31
413
409
41
44
91
424
68
10
11
433
49
62
74
5
43
439
234
74
454
98
41
462
47
466
471
86
100
42
81
125
272
13
492
493
9
81
503
120
76
512
37
36
144
34
517
313
533
13
7
50
154
544
67
65
312
553
15
77
9
46
102
18
40
574
188
41
341
34
585
44
23
32
594
38
50
68
55
143
25
225
615
98
77
71
623
65
60
632
8
76
58
88
181
131
19
653
105
661
35
15
670
123
6
53
685
36
693
21
702
38
714
43
22
90
722
731
58
43
9
743
78
751
20
127
763
18
43
775
20
24
786
158
21
55
45
798
18
74
37
47
10
5
816
51
65
75
32
827
33
836
56
32
111
75
78
47
102
474
19
862
69
70
871
126
503
22
43
45
103
900
532
53
74
6
134
929
15
561
24
30
29
15
958
23
165
45
186
52
18
47
987
69
49
215
49
20
90
1016
19
80
244
24
23
117
30
83
52
8
46
1051
114
10
7
22
50
61
34
70
288
6
74
49
15
38
1092
25
51
63
33
75
329
42
52
27
1127
355
66
76
1153
381
1179
407
1205
433
1231
459
1257
485
1283
511
1309
537
995
563
1021
589
648
615
674
641
426
667
452
693
716
738
761
784
807
4
5
5
8
9
9
12
13
13
16
17
17
20
21
21
24
25
25
28
29
29
32
33
33
36
37
37
40
41
41
44
45
45
48
49
49
52
53
53
56
57
57
60
61
61
64
65
65
68
69
69
72
73
73
76
77
77
80
81
81
84
85
85
88
89
89
92
93
93
96
97
97
100
101
101
104
105
105
107
109
109
111
113
113
115
117
117
119
121
121
123
125
125
127
129
129
131
133
133
135
137
137
139
141
141
143
145
145
147
149
151
151
153
155
157
157
159
161
161
163
165
167
169
169
171
173
175
174
179
179
183
183
187
187
191
192
195
193
196
199
198
200
203
207
206
6
214
214
219
217
220
222
225
224
229
228
233
235
239
242
243
241
247
248
251
253
11
259
263
59
267
265
269
272
274
278
35
285
20
290
290
6
294
60
38
300
93
309
27
315
316
26
58
18
328
98
48
336
12
340
341
84
134
97
66
7
58
366
47
377
376
25
28
34
129
100
22
398
92
13
405
55
10
58
147
64
424
52
431
13
6
50
91
47
450
184
37
457
20
12
43
118
87
479
64
486
34
39
49
145
17
77
21
511
33
521
65
169
20
35
45
78
55
15
193
549
71
12
38
54
73
214
49
581
21
67
46
238
15
607
44
83
261
37
83
629
23
282
52
655
71
303
117
49
10
681
17
330
37
375
44
357
16
398
12
7
19
4
19
11
28
7
43
36
13
433
6
7
49
45
56
41
42
58
57
40
44
27
74
43
471
45
85
22
51
92
108
109
505
53
21
130
8
143
18
540
151
30
53
40
21
172
178
49
39
61
185
10
91
196
56
5
71
6
217
40
226
23
35
5
20
36
14
70
23
21
256
65
55
36
52
26
280
55
48
53
4
26
26
95
81
4
310
73
87
63
34
85
56
60
30
337
36
107
119
117
17
358
4
135
68
40
46
18
13
36
61
100
78
41
50
129
12
15
152
75
34
10
49
26
17
52
4
112
25
42
21
71
41
58
9
86
36
57
27
146
74
51
105
27
36
28
6
19
57
71
92
180
81
21
27
9
6
62
145
58
33
18
57
46
111
127
22
39
62
223
64
59
49
50
137
89
159
86
83
62
161
263
104
107
96
297
128
149
325
353
381
409
437
465
4
5
5
8
9
9
12
13
13
16
17
17
20
21
21
24
25
25
28
29
29
32
33
33
36
37
37
40
41
41
44
45
45
48
49
49
52
53
53
56
57
57
60
61
61
64
65
65
68
69
69
72
73
73
76
77
77
80
81
81
84
85
85
88
89
89
92
93
93
96
97
97
100
101
101
104
105
105
107
109
109
111
113
113
115
117
117
119
121
121
123
125
125
127
129
129
131
133
133
135
137
137
139
141
141
143
145
145
147
149
151
151
153
155
157
157
159
161
161
163
165
167
167
171
170
171
175
175
179
183
182
184
187
187
191
192
191
195
199
197
201
203
201
207
210
209
214
9
218
217
224
224
233
232
17
237
241
39
247
16
247
252
256
260
258
44
264
269
66
274
42
274
278
284
291
24
25
295
10
299
93
305
301
28
11
54
315
28
319
54
319
324
60
329
123
45
333
331
13
25
66
58
49
349
84
353
357
363
358
42
112
373
95
377
382
133
387
391
118
83
7
35
154
410
128
418
424
144
12
33
187
440
27
446
54
10
62
90
4
465
183
56
476
64
25
39
239
492
25
498
106
23
514
522
49
532
46
538
24
4
19
18
559
26
15
569
51
30
575
46
30
55
41
56
596
34
56
606
52
9
11
4
615
38
83
23
61
39
47
29
36
639
29
35
4
28
652
113
91
57
57
661
73
66
84
63
11
93
37
70
63
685
121
75
96
698
41
704
86
133
120
17
725
65
112
735
741
24
43
759
138
15
45
5
772
6
781
164
35
66
31
802
5
58
15
44
190
818
93
52
827
26
32
81
29
28
216
45
20
44
126
854
52
110
20
96
242
68
870
65
81
876
56
74
19
11
7
165
268
93
4
903
62
25
159
113
37
916
123
294
922
58
29
204
37
53
18
139
46
64
949
52
152
8
94
962
13
968
243
57
83
99
185
185
23
43
995
273
54
1008
1014
46
18
25
10
138
30
94
75
1051
21
54
16
25
50
42
178
134
80
1091
14
56
54
15
29
168
112
28
24
36
1128
49
93
25
61
144
60
205
65
15
59
19
1165
49
30
176
70
242
47
48
35
1202
91
205
67
279
228
72
1239
251
313
106
1273
347
140
1307
171
1338
202
1369
233
1400
1428
1456
1484
1512
715
743
771
799
4
5
5
8
9
9
12
13
13
16
17
17
20
21
21
24
25
25
28
29
29
32
33
33
36
37
37
40
41
41
44
45
45
48
49
49
52
53
53
56
57
57
60
61
61
64
65
65
68
69
69
72
73
73
76
77
77
80
81
81
84
85
85
88
89
89
92
93
93
96
97
97
100
101
101
104
105
105
107
109
109
111
113
113
115
117
117
119
121
121
123
125
125
127
129
129
131
133
133
135
137
137
139
141
141
143
145
145
147
149
151
153
155
154
157
159
161
160
163
165
167
168
168
171
172
175
175
179
181
183
187
186
187
191
191
195
196
199
200
199
203
205
207
209
213
211
215
217
219
222
227
228
12
234
235
11
240
238
241
246
246
250
7
12
258
42
261
265
15
267
44
271
273
271
275
279
282
45
292
16
45
298
299
298
55
62
305
25
313
317
72
323
322
327
48
18
334
51
337
57
347
343
7
107
29
50
366
364
369
373
89
13
84
39
97
22
387
150
36
401
72
121
409
71
416
411
127
54
60
140
13
225
153
438
112
103
449
87
86
456
40
167
119
257
185
468
23
34
4
137
117
16
489
26
124
496
495
207
88
69
8
50
172
66
21
51
47
159
522
532
12
16
13
542
126
200
20
253
51
157
54
191
42
48
14
22
572
21
53
161
40
582
55
239
293
226
193
94
83
47
57
54
612
73
272
619
254
330
13
5
81
6
299
29
283
655
662
34
373
16
56
331
5
49
315
21
72
66
698
48
29
705
363
416
45
17
98
732
392
739
12
33
17
14
52
766
424
241
14
35
32
47
70
441
52
41
34
455
46
809
461
284
75
17
485
81
42
77
500
41
852
138
327
12
18
11
79
68
158
886
42
35
41
9
7
43
95
23
14
920
18
30
69
34
76
122
44
78
44
45
951
61
146
100
68
114
113
167
22
982
131
100
146
188
51
22
23
1016
20
6
129
168
215
175
24
40
31
42
53
158
36
65
204
245
1059
54
63
60
11
10
19
6
83
89
233
85
278
4
1098
44
45
46
39
27
16
262
122
311
37
74
1132
77
56
72
291
155
344
103
1160
107
317
102
185
129
374
1188
137
343
212
155
401
1216
164
369
239
181
428
1244
204
449
413
470
441
491
512
533
554
575
596
617
4
5
5
8
9
9
12
13
13
16
17
17
20
21
21
24
25
25
28
29
29
32
33
33
36
37
37
40
41
41
44
45
45
48
49
49
52
53
53
56
57
57
60
61
61
64
65
65
68
69
69
72
73
73
76
77
77
80
81
81
83
85
85
87
89
89
91
93
93
95
97
97
99
101
101
103
104
105
107
108
109
111
112
113
115
116
117
119
120
121
123
124
125
127
128
129
131
132
133
135
136
137
139
140
141
143
144
145
147
148
149
151
152
153
155
156
157
159
160
164
165
166
168
170
171
172
174
176
178
180
179
184
184
186
188
188
190
192
192
196
196
200
199
202
206
6
212
213
212
217
218
18
223
224
20
233
31
237
26
37
244
243
38
248
249
249
55
259
261
263
62
57
63
276
280
75
38
287
289
291
298
41
94
4
306
21
17
72
9
323
327
29
331
125
28
18
22
55
42
87
12
9
355
354
57
156
49
58
376
86
34
380
82
77
19
385
46
73
187
60
60
403
117
41
44
416
113
428
24
218
64
91
148
102
445
45
447
86
34
17
252
155
125
470
182
39
482
481
12
9
68
123
5
289
504
216
37
12
34
515
519
12
36
160
27
15
19
540
547
37
61
55
52
562
19
86
55
74
59
587
44
34
111
602
96
20
72
621
6
25
22
71
6
639
51
103
37
10
658
28
59
25
59
29
673
30
9
140
47
74
18
47
698
23
96
66
710
67
46
45
55
91
735
37
92
750
114
92
772
74
787
136
23
129
12
809
111
12
45
21
827
37
23
37
846
13
54
62
48
860
23
5
38
879
90
32
20
51
22
33
897
8
42
121
916
12
69
85
59
934
23
42
43
953
106
51
6
971
70
22
28
28
15
20
15
44
18
1002
50
21
155
55
1020
72
72
77
46
64
49
69
64
94
1051
6
1063
23
19
4
31
1085
33
45
11
16
1100
46
12
7
14
25
41
44
64
1125
45
1137
50
38
49
45
27
73
7
1162
1174
95
29
86
64
10
1199
54
1211
28
123
38
1233
21
82
28
56
66
157
43
110
1267
62
65
91
191
135
87
1301
116
160
221
1331
182
252
204
1362
283
226
1393
248
1421
270
292
1449
314
1477
336
1505
358
1533
380
1561
1589
1617
1645
1673
1701
1729
1757
1785
1813
1841
1869
1897
1925
