7
8
5
6
9
9
7
9
14
5
17
17
6
28
15
12
12
29
26
28
32
28
34
37
41
31
32
5
45
36
27
49
49
16
23
6
23
26
28
33
62
20
68
57
58
67
72
67
32
76
52
92
74
29
78
103
45
98
60
44
45
92
27
52
105
13
91
62
64
54
85
41
7
63
59
133
44
122
45
126
131
49
125
35
129
112
39
135
105
106
98
59
110
68
39
6
59
110
32
41
149
47
133
44
18
144
136
121
123
135
9
121
72
127
25
139
203
56
100
138
125
15
106
26
7
140
10
119
130
14
114
129
39
105
32
14
125
206
129
120
20
128
33
23
133
127
37
39
140
30
226
140
228
14
135
143
53
136
147
40
228
240
40
43
177
168
143
138
171
24
58
141
243
254
66
179
239
223
186
186
15
77
47
164
187
39
230
171
63
6
236
178
266
176
178
176
253
204
178
246
249
240
11
250
207
10
185
209
236
252
226
113
212
186
9
196
170
221
97
202
220
193
124
220
102
199
5
5
169
114
422
12
135
423
241
111
103
52
94
20
116
246
55
6
11
432
251
5
110
56
78
56
321
5
445
25
247
76
26
234
72
121
27
314
456
112
244
78
27
248
325
10
475
329
77
35
476
120
261
334
14
69
377
316
332
317
282
372
29
270
371
150
507
372
92
331
275
9
162
379
56
281
383
350
386
7
56
176
57
390
387
154
356
537
59
300
129
36
131
401
296
123
300
27
121
304
411
554
557
91
560
403
395
567
481
8
40
412
105
570
483
416
103
476
410
562
479
475
564
568
364
419
46
482
320
576
428
486
314
490
85
587
489
27
591
436
584
390
97
587
442
392
158
98
583
401
501
395
500
431
137
43
107
18
127
6
15
88
26
61
136
516
410
410
512
14
55
404
413
19
509
497
400
23
399
46
509
9
155
11
405
511
162
399
513
748
91
92
5
742
665
5
388
176
140
380
86
40
164
736
75
168
77
165
31
144
356
18
80
78
755
355
63
369
86
139
310
144
552
148
556
283
729
362
558
636
553
733
639
157
345
554
739
148
339
625
800
338
617
803
560
312
150
551
623
246
148
553
620
663
612
252
328
563
332
758
601
556
755
558
574
562
729
581
684
575
328
686
297
579
684
282
258
685
633
271
630
183
584
583
594
628
685
761
591
589
681
636
692
772
203
696
604
777
601
779
654
697
690
701
608
237
610
789
662
699
611
617
656
792
622
617
796
620
623
781
615
716
627
627
610
791
720
632
599
636
719
714
621
602
952
811
625
940
625
722
939
613
619
817
944
615
612
308
619
776
616
817
948
819
784
622
935
785
615
634
787
637
784
623
949
631
342
952
769
781
631
784
343
629
746
346
783
708
710
336
781
747
340
774
646
640
754
775
624
650
776
604
725
604
724
755
718
787
554
757
661
749
665
552
788
748
745
790
741
506
569
510
925
748
571
504
752
789
935
475
570
795
752
940
472
931
741
474
579
742
461
794
921
445
917
747
728
735
811
1088
738
607
911
740
1093
585
822
913
826
737
908
1104
739
576
907
827
824
745
1112
825
585
917
752
809
852
1120
922
757
600
816
1127
769
812
600
810
939
869
814
595
772
866
789
565
949
788
569
868
793
832
794
834
793
876
1165
1166
967
836
1166
584
577
837
979
571
879
840
883
1180
844
987
1185
841
1189
988
883
884
845
832
884
840
836
1205
993
876
1203
851
873
847
849
848
1217
826
1219
1016
830
834
1015
869
836
1231
644
1014
1234
878
1011
1235
882
1010
1238
918
1013
1233
1015
1234
896
869
859
905
862
863
1233
867
950
1212
864
924
862
1213
927
955
923
1214
915
1211
1053
902
906
1199
1059
909
1061
1060
869
920
1063
858
1067
846
931
847
1074
842
1075
844
1065
947
1231
951
1232
951
1235
956
1232
1082
1232
953
867
954
1088
1227
947
876
1088
1231
1222
1099
1103
1201
1091
1192
954
1185
1097
1095
964
907
1095
1191
905
1195
1102
910
1103
1188
973
951
1108
1115
1090
940
942
1112
1208
942
1190
1096
1194
1125
1192
944
1126
1102
950
1117
1106
943
944
942
1107
944
1130
1101
1219
951
1117
1219
1103
1170
1164
962
1212
1155
967
1115
970
1120
1222
971
1117
1214
1114
1170
1215
1094
1205
1174
1145
1178
1094
1201
1122
1092
1178
1205
1128
1096
1109
1091
1206
1111
1085
1089
1105
1210
1109
1200
1213
1094
1102
1208
1200
1098
1093
1100
1201
1214
1091
1095
1196
1092
1077
1200
1098
1184
1065
1095
1066
1062
1228
1231
1197
1198
1111
1202
1207
1243
1207
1245
1128
1199
1246
1194
1129
1125
1248
1200
1239
1193
1118
1237
1120
1238
1202
1240
1240
1201
1242
1198
1233
1216
1206
1210
1207
1210
1201
1205
1205
1212
1198
1214
1194
1189
1218
1214
1211
5
5
8
8
5
11
6
7
9
6
5
11
22
8
16
5
8
29
6
5
9
31
6
14
8
8
10
36
13
39
7
5
43
11
49
51
7
39
8
41
9
17
6
27
10
13
5
15
62
34
32
46
58
15
28
36
93
35
20
81
38
32
81
61
28
79
26
6
29
61
42
75
17
62
43
67
5
67
47
30
51
8
65
53
64
40
41
9
83
70
113
61
52
12
52
9
51
103
14
49
47
85
6
147
90
63
110
27
89
141
39
137
68
47
134
17
51
105
139
26
99
85
145
128
83
99
12
74
135
111
121
17
72
117
58
24
12
128
22
121
93
59
131
111
135
113
31
17
168
107
113
73
151
13
72
90
111
111
60
257
189
259
130
107
260
130
12
46
76
127
31
255
18
46
123
191
192
90
60
184
192
21
67
191
47
195
23
71
157
196
8
69
186
109
6
107
6
225
67
81
65
19
194
10
77
191
6
188
74
9
78
38
14
5
131
71
35
75
104
18
67
51
5
222
107
208
6
46
19
14
323
6
316
12
72
20
236
21
220
72
38
223
38
75
284
11
287
231
257
13
234
284
395
75
284
391
278
399
246
9
395
285
364
12
355
10
353
151
293
413
355
36
427
39
303
43
36
9
264
432
428
266
420
269
262
214
424
69
440
412
437
259
416
341
23
65
25
270
348
160
263
162
454
455
424
167
104
32
278
6
368
88
279
176
273
92
379
182
87
366
170
172
368
16
23
20
43
494
71
42
498
74
43
9
43
478
477
39
470
5
459
29
401
80
401
6
488
194
510
397
467
5
441
178
519
411
226
178
523
179
344
491
521
414
181
12
450
170
13
5
94
172
452
156
512
434
147
8
433
462
92
43
442
95
437
461
388
566
11
98
390
60
147
569
414
388
135
58
417
559
27
552
476
13
46
389
552
103
428
485
37
573
47
403
562
434
488
396
6
293
441
99
428
573
40
501
34
586
70
576
437
293
511
46
503
413
587
502
49
588
413
609
409
592
413
579
608
388
555
265
68
20
532
560
54
241
20
401
33
557
406
627
35
101
559
406
74
102
73
566
402
570
381
109
568
368
249
575
375
576
232
659
575
658
586
583
385
579
374
233
588
553
666
351
590
557
670
561
242
665
246
562
668
351
139
536
603
341
119
680
574
342
616
574
683
568
611
344
567
691
605
568
547
358
607
550
611
362
366
609
704
371
547
598
618
571
384
620
554
578
757
531
726
573
508
760
729
632
506
539
724
538
1010
637
517
776
1018
742
522
426
643
783
547
647
535
749
786
789
541
1039
651
547
564
1043
545
792
657
456
1021
517
457
651
802
653
521
514
654
810
580
789
521
477
788
664
479
522
789
659
475
530
828
586
479
514
590
477
837
681
811
834
1076
676
815
805
836
613
496
616
1077
800
846
1074
623
552
806
698
849
812
616
1089
614
853
787
616
789
717
1098
720
622
789
580
1090
867
1091
622
587
877
586
1096
739
810
811
584
743
816
717
744
614
1115
905
1105
909
828
722
908
758
715
829
628
714
623
1113
705
913
768
914
608
841
766
894
588
586
896
710
893
570
646
849
775
849
639
774
844
646
915
642
591
843
635
897
591
636
891
839
770
595
836
591
901
833
581
779
1183
777
895
644
839
587
778
842
896
767
837
591
1198
828
904
576
831
658
900
833
905
821
640
904
1213
826
796
827
792
792
1217
830
794
921
925
792
666
932
799
648
933
796
852
935
1247
797
939
942
786
1253
789
945
863
1256
861
944
1257
800
1259
784
867
955
788
1262
874
1264
794
1268
858
964
798
971
805
974
787
791
973
793
882
978
785
879
977
876
777
976
779
965
845
1316
836
806
1320
787
803
1319
1319
803
797
1315
808
800
1320
1322
798
809
800
1005
1324
1325
791
1322
1012
794
1325
1008
1331
796
1009
1013
1330
1334
1012
990
1334
990
1331
991
1332
1321
995
993
1327
997
1331
1334
998
1327
993
1329
980
1328
985
1335
991
1337
986
987
1333
1334
991
1338
983
983
1341
979
1345
966
1347
956
1351
959
1355
962
963
1359
1358
957
1362
957
952
1366
1334
958
1337
1341
1343
1347
1345
1345
1349
1353
1354
1348
1352
1350
1353
1356
1360
1356
1358
1355
1358
1354
1344
1348
1347
1320
1322
1318
1315
1316
1319
1313
1310
1312
1304
1307
1309
1297
1300
1294
1293
1388
1290
1387
1292
1389
1296
1280
1386
1280
1387
1319
1288
1320
1390
1322
1291
1393
1390
1307
1293
1394
1298
1307
1299
1377
1304
1296
1293
1377
1374
1296
1291
1295
1281
1366
1285
1292
1358
1350
1291
1354
1287
1358
1299
1291
1343
1338
1296
1305
1337
1298
1303
1333
1306
1335
1301
1334
1303
1311
1305
1312
1336
1315
1334
1301
1318
1307
1342
1309
1321
1346
1339
1334
1334
1337
5
5
5
6
11
5
5
15
15
5
14
9
12
13
8
5
28
30
39
11
42
28
26
37
24
25
35
19
30
36
12
16
42
38
12
18
47
77
40
36
61
80
47
8
81
47
51
28
38
36
58
6
80
15
5
12
59
7
63
6
60
86
34
62
9
69
91
5
5
125
71
6
99
77
132
80
102
28
97
9
111
89
5
90
84
43
64
124
40
19
46
20
71
22
136
32
11
137
138
168
110
40
141
70
41
141
181
12
5
180
126
173
13
124
151
162
9
131
153
13
147
135
165
8
145
168
5
146
221
109
123
26
165
214
104
27
166
102
181
146
100
132
150
186
104
95
8
23
70
110
7
20
46
110
44
96
16
209
30
36
92
248
32
92
181
25
95
5
82
42
256
197
61
62
203
243
192
269
59
192
5
49
201
27
26
200
248
29
274
238
200
154
269
198
22
21
202
22
163
14
202
266
11
13
268
16
71
271
271
23
17
59
273
272
230
270
276
188
234
153
42
72
241
24
8
65
146
181
296
245
286
56
77
296
79
6
160
294
117
303
121
375
5
295
31
372
298
74
374
100
290
368
11
57
38
281
28
31
9
380
13
288
336
14
333
5
311
254
155
293
22
295
121
22
112
112
23
106
351
86
304
397
355
31
68
22
305
80
67
341
5
409
32
122
83
33
404
126
319
6
67
319
441
41
6
305
374
306
299
137
442
305
11
384
9
444
112
304
449
97
293
106
394
79
451
278
82
106
453
61
106
404
288
460
397
278
449
401
400
452
285
126
8
402
458
91
259
84
253
74
506
469
416
469
473
259
475
508
73
471
387
162
9
74
474
98
256
76
471
82
248
475
535
461
6
12
452
508
75
16
61
514
426
236
235
510
465
230
463
216
5
463
123
525
467
121
214
87
114
84
473
5
80
510
15
479
113
79
483
49
48
119
487
558
22
41
234
125
489
537
19
481
570
24
23
143
24
489
39
5
553
150
579
497
32
555
155
5
8
153
559
509
562
540
506
603
510
559
538
27
611
533
303
566
533
178
543
311
163
534
527
536
629
506
157
162
325
494
539
139
499
643
307
102
301
644
95
564
286
632
564
96
634
567
514
628
517
573
565
282
634
567
534
563
519
293
593
522
296
569
593
557
300
550
301
668
290
538
560
674
561
524
674
302
501
291
623
501
289
620
647
649
279
519
519
244
650
651
633
499
437
598
621
519
511
254
600
511
516
261
638
516
269
644
530
621
522
533
646
444
532
613
492
277
653
441
260
241
630
629
552
513
706
494
636
541
457
716
408
714
653
412
716
409
644
549
723
505
705
665
504
699
486
649
478
643
687
691
426
684
642
520
386
488
519
701
475
393
523
686
698
385
447
661
385
443
646
437
363
667
649
441
666
441
721
438
667
720
447
721
560
394
668
724
555
559
387
723
549
384
727
383
731
538
700
689
691
691
694
542
428
691
695
532
701
428
705
748
695
750
687
703
681
690
684
686
554
677
676
1019
774
556
1009
765
557
1011
702
557
703
561
1004
560
694
1004
785
562
1008
705
711
574
708
695
1014
704
577
800
692
1015
575
1017
577
806
714
1015
703
581
581
1021
577
1024
566
713
1018
700
1019
697
1011
580
700
584
704
1019
855
581
711
1023
1018
713
592
1022
709
778
580
874
773
1029
713
875
1033
717
1036
772
1027
766
728
770
1030
730
892
771
1002
887
1005
772
738
774
741
766
734
764
717
878
715
767
861
721
864
775
1019
726
772
725
775
864
1023
860
1027
864
1030
744
794
1033
745
864
800
1036
785
1039
782
1027
759
778
754
1029
881
778
743
1031
884
1025
881
783
748
782
750
1035
891
786
752
790
752
793
1045
796
1046
759
788
791
755
1048
751
1051
783
1048
784
925
1033
782
927
1034
931
779
1038
931
778
782
936
1049
939
1048
935
1052
938
1054
935
938
1054
933
1059
1059
929
934
1066
1065
932
1059
932
1508
1043
1041
940
1502
1037
1498
939
1041
938
926
1053
921
1510
1055
922
911
1501
915
1504
900
1068
1437
900
1536
1070
1070
1399
1384
1070
1385
1072
1457
1322
1075
1317
1410
1295
1391
1086
1288
1091
1288
1389
1094
1275
1258
1259
1244
1198
1109
1153
1044
1107
1102
1246
1106
1110
1055
1109
1110
1114
1109
1087
1086
1089
1091
1094
1089
1078
1077
1072
1072
1076
2323
2309
2295
2293
2295
2291
2295
2271
2265
2254
2240
2241
2238
2242
2243
2234
2234
2226
2226
2207
2211
2206
2204
2205
2183
2167
2168
2151
2151
2143
2133
2128
2112
2112
2084
2082
2079
2079
2067
2070
2068
2064
2059
2062
2065
2064
2068
2068
2063
2057
2052
2046
2048
2030
2034
2020
2021
2004
2007
2009
2008
1996
2000
1984
1982
1983
1987
1943
1944
1947
1944
1935
1932
1935
1936
1937
1933
1935
1934
5
5
5
5
5
5
5
8
12
9
16
20
9
28
16
5
29
9
24
35
30
27
38
21
10
6
51
35
40
30
8
32
11
46
18
32
72
18
7
34
18
76
5
74
64
21
39
42
64
50
12
32
8
51
69
5
94
53
89
74
55
71
103
109
19
58
54
15
52
107
59
63
55
101
61
59
106
8
124
61
124
39
63
19
78
118
19
128
6
15
132
124
138
5
139
10
117
26
5
48
144
90
141
32
94
20
8
76
26
162
5
16
146
177
167
128
130
5
181
95
6
60
165
29
181
169
46
167
184
148
15
157
6
183
14
135
200
134
14
200
9
5
165
5
126
23
193
209
162
22
198
8
212
8
193
232
138
251
164
196
150
199
245
163
230
198
24
187
20
164
241
16
245
164
8
184
5
59
260
187
224
49
183
259
6
17
11
236
187
119
14
273
201
54
241
195
268
271
170
270
249
251
269
68
160
252
157
215
279
135
142
234
216
285
76
221
290
11
220
246
291
221
62
120
219
38
171
100
5
225
318
261
305
10
233
262
13
237
12
276
262
314
274
240
316
274
320
337
69
341
316
239
334
217
279
332
296
280
250
151
27
243
246
221
249
146
187
253
5
355
235
178
347
301
31
264
88
357
243
302
270
334
29
11
303
247
286
12
249
21
244
380
138
355
372
17
353
301
6
374
345
353
30
9
52
164
31
345
381
29
167
313
367
387
390
313
41
394
312
36
395
12
318
190
11
378
5
13
386
335
403
389
339
5
8
387
398
141
379
482
123
383
376
346
385
358
343
387
320
423
493
6
393
310
383
378
436
505
438
438
11
152
396
438
136
7
397
393
9
98
389
395
10
89
450
6
387
53
412
392
9
41
5
396
42
25
127
378
398
46
379
119
382
403
68
5
11
70
67
403
40
44
47
595
384
590
580
388
5
408
387
571
390
571
29
18
391
393
578
537
563
339
341
558
543
557
537
553
540
420
557
410
545
727
353
546
562
565
552
413
564
554
91
373
406
563
336
409
747
347
341
747
567
330
750
349
571
579
408
317
759
585
307
344
570
288
412
349
566
344
597
274
598
338
244
656
236
656
220
578
651
648
201
359
805
363
621
803
616
363
803
619
807
607
227
807
662
229
811
808
617
659
235
658
622
816
231
618
608
815
385
818
721
628
605
616
822
634
637
617
735
241
402
636
623
623
624
648
746
632
616
745
649
635
589
748
429
867
654
647
409
870
651
636
648
391
754
646
394
637
620
756
653
625
404
625
393
641
381
773
619
612
911
614
905
388
613
903
907
667
399
615
802
914
794
678
918
393
918
394
617
657
612
921
689
401
797
928
694
406
664
921
804
392
807
906
386
657
610
906
655
674
602
674
677
827
814
408
849
809
618
799
684
600
795
686
847
603
798
592
670
792
697
784
659
661
785
705
665
800
888
711
662
796
886
877
789
960
803
884
958
778
962
677
888
879
811
727
813
688
897
888
901
679
904
983
982
905
689
831
977
905
978
909
828
981
703
775
832
987
698
833
684
776
991
837
688
778
995
769
807
695
984
753
964
689
786
709
954
768
956
745
734
950
831
951
726
689
994
954
958
997
738
998
955
845
741
826
851
998
743
963
979
748
836
1003
966
1007
856
838
968
989
753
991
966
846
759
992
850
866
763
975
986
855
982
854
994
982
792
858
878
1047
995
879
972
788
995
992
874
809
1063
879
812
809
883
1069
883
1072
994
1011
861
816
1068
866
819
1072
1064
903
796
872
904
907
1021
829
1077
907
828
1023
812
806
891
1027
1036
885
816
1036
1024
820
884
824
1104
1043
821
1026
1049
893
830
1053
829
894
827
827
1116
1061
1116
954
1064
1110
957
1047
1062
964
843
918
1060
920
849
1057
900
1064
1129
858
902
906
853
1076
853
906
1067
990
855
903
956
872
874
1090
1153
1061
870
885
874
1051
1042
980
1033
977
939
884
1035
981
980
1026
876
946
1184
949
1028
1118
922
1020
1187
882
1181
1017
998
921
1016
926
1189
1000
911
1021
978
1193
1007
1017
1007
979
908
1012
1010
1206
1142
999
1209
1143
969
1145
1005
967
1026
1002
1022
1222
1127
973
1221
1021
985
1135
1012
978
1021
966
1011
1015
961
980
1015
1133
1240
1131
1238
1135
993
994
1240
1046
1237
1136
1050
1036
1054
1138
1122
1061
1043
1253
1064
1130
1050
1261
1040
1127
1254
1039
1243
1079
1247
1042
1239
1080
1044
1041
1073
1154
1249
1075
1240
1047
1153
1079
1240
1071
1156
1156
1063
1245
1159
1245
1248
1149
1242
1141
1132
1238
1242
1134
1242
1131
1242
1135
1242
1114
1110
1243
1247
1250
1254
1257
1254
1254
1247
1249
1251
1255
1259
1248
1249
1249
1245
1249
1253
1242
1234
1234
1232
1224
1227
1231
5
5
5
5
5
10
8
7
9
9
6
6
10
5
17
27
7
5
26
22
7
26
12
5
8
6
44
12
9
9
26
24
12
9
5
31
18
63
6
9
74
35
56
37
77
7
44
23
29
12
55
46
81
40
70
23
73
16
74
96
74
19
44
64
20
75
102
76
91
12
61
46
23
90
50
27
86
47
81
52
48
43
22
94
132
5
96
102
98
5
98
94
106
9
82
151
152
106
105
110
136
111
59
119
19
126
111
124
108
150
120
118
121
122
101
95
164
115
141
113
96
117
170
127
94
7
163
91
98
100
156
98
78
142
159
101
63
79
103
95
137
176
93
180
91
142
182
99
99
183
88
88
142
9
138
80
184
185
93
114
7
189
113
96
50
102
79
149
5
27
51
153
82
153
16
30
209
193
54
210
295
165
43
206
39
195
175
10
204
14
199
178
122
181
5
5
184
201
93
94
223
249
53
210
247
9
255
177
217
6
5
288
131
106
185
267
293
219
20
136
268
185
22
6
225
68
26
229
277
236
310
234
283
384
41
236
286
5
319
40
280
393
14
389
52
16
165
338
388
339
85
11
170
345
89
314
344
275
161
307
80
121
349
270
79
311
85
67
300
307
71
286
57
359
284
317
68
301
12
292
378
58
303
286
20
86
377
388
85
309
298
70
484
396
60
386
303
7
307
484
85
308
326
400
466
305
415
45
23
407
468
407
13
340
463
469
83
517
459
351
414
448
486
91
34
359
418
444
9
445
424
492
447
476
455
32
202
462
454
28
441
114
364
470
118
5
39
386
5
382
45
229
385
20
140
496
226
138
41
142
486
499
393
501
144
101
390
90
467
394
142
450
96
382
27
494
27
11
518
492
5
516
391
479
156
517
355
13
482
533
156
361
470
531
458
472
460
447
535
370
441
167
282
467
166
627
6
276
553
155
501
145
560
495
143
475
568
282
11
572
455
571
441
575
547
150
32
551
430
516
31
587
558
148
586
523
559
583
15
518
587
19
519
556
225
454
599
527
579
607
531
623
345
189
528
347
569
590
633
196
581
576
167
552
585
549
614
584
584
545
654
547
641
489
541
542
637
537
456
385
489
596
442
435
647
649
549
395
528
639
652
402
612
419
370
613
558
343
247
603
406
198
406
569
331
267
202
409
668
562
619
337
672
617
174
566
621
681
683
609
672
682
226
676
730
216
611
589
628
613
585
683
687
213
747
689
202
745
365
681
203
363
445
206
701
365
679
611
703
366
369
707
459
220
710
646
356
673
328
640
468
779
710
321
714
783
324
649
472
321
688
645
689
714
641
791
692
481
648
483
338
798
482
675
791
654
736
653
323
790
739
717
763
716
750
690
500
329
723
695
392
672
723
744
324
726
504
730
766
504
731
433
738
766
410
740
733
412
742
745
776
741
728
741
403
787
730
736
788
723
401
722
755
730
744
724
739
839
740
406
738
841
774
743
739
831
742
742
823
781
752
833
787
744
837
785
752
838
773
864
754
823
868
779
762
826
869
746
828
865
797
868
836
778
840
740
792
768
846
795
847
737
845
790
741
821
839
840
823
754
821
847
811
760
822
756
853
826
849
825
853
818
764
821
856
820
809
770
815
808
750
862
790
858
813
786
752
961
815
952
819
875
753
858
808
875
754
963
884
801
838
879
789
831
968
794
885
823
777
828
850
976
803
847
972
800
834
907
791
904
902
806
786
897
994
850
784
887
806
876
890
883
883
811
1013
869
800
809
804
811
866
811
813
864
888
816
815
815
864
907
882
798
863
860
780
911
1051
781
872
867
1055
1044
908
1046
886
1039
905
890
890
1049
871
916
897
897
867
920
901
899
819
904
870
1069
882
1069
873
1073
885
874
887
1078
922
1081
893
920
896
1086
865
823
896
914
906
883
1087
973
879
974
876
1132
894
880
884
904
1110
888
908
1144
1144
910
899
945
1142
906
892
1118
909
1114
910
1090
910
903
1121
1085
1118
923
1070
912
927
1074
924
1119
927
1081
922
1078
1080
928
1069
1080
1065
935
943
1056
1058
941
939
941
938
944
1067
1054
1068
941
940
1069
964
940
1075
962
943
967
1085
967
1092
1091
1096
1096
1094
1098
993
1090
1139
1109
999
1083
999
1079
1149
1035
1000
1083
1127
1063
1063
1049
1168
1133
1024
1176
1062
1139
1079
1063
1140
1065
1141
1085
1052
1041
1193
1088
1138
1054
1050
1132
1057
1060
1198
1052
1089
1203
1061
1050
1141
1201
1092
1095
1113
1196
1192
1122
1196
1100
1194
1121
1086
1197
1120
1090
1199
1120
1100
1097
1212
1106
1109
1193
1197
1110
1200
1192
1196
1200
1202
1206
1565
1194
1557
1181
1437
1185
1189
1402
1362
1192
1343
1200
1336
1210
1339
1210
5
5
5
5
6
11
7
10
9
8
5
11
17
9
27
16
20
19
7
5
14
31
17
22
39
10
18
38
8
12
12
45
23
25
33
69
60
10
70
39
24
22
37
61
22
35
20
86
30
40
80
77
93
84
24
88
72
77
9
5
96
80
96
78
55
98
12
41
98
74
44
50
98
104
76
59
8
82
9
5
84
123
89
87
126
75
99
12
76
101
148
80
127
142
137
19
104
139
136
95
42
153
43
146
126
104
114
98
35
152
6
101
104
5
152
101
133
140
126
128
134
5
127
112
119
77
93
107
137
198
147
71
42
147
164
162
73
144
19
58
160
153
192
58
163
36
137
237
69
11
243
34
74
119
239
16
55
183
244
95
175
259
246
50
22
202
95
190
55
174
24
175
175
143
105
104
8
181
201
45
112
112
246
89
195
161
159
237
192
39
216
165
256
217
72
226
227
158
264
58
317
5
219
217
159
224
220
90
55
225
332
171
375
142
16
168
160
301
360
293
287
292
293
144
164
289
127
148
278
263
299
262
255
299
268
269
7
271
273
255
144
271
295
291
167
110
190
100
292
163
325
99
274
286
293
168
220
288
22
212
155
303
292
5
227
5
161
287
430
117
325
303
221
96
322
176
297
227
128
310
297
445
232
295
323
228
296
216
325
108
88
327
111
156
329
115
164
93
333
387
94
325
329
152
333
337
334
330
341
151
110
497
338
156
112
8
345
493
346
336
345
348
452
338
7
115
504
344
109
355
500
184
94
244
168
93
346
121
239
422
473
234
75
515
177
100
39
514
357
165
361
10
174
365
399
495
357
5
499
587
523
410
257
503
528
411
361
204
538
354
419
468
188
415
181
256
436
5
249
425
176
429
249
373
345
408
373
521
516
80
263
416
26
520
450
403
245
508
405
175
597
406
436
409
264
605
394
520
261
608
391
423
611
258
399
416
147
512
403
385
430
622
432
20
390
624
394
393
593
9
376
576
79
524
7
402
524
230
577
647
324
549
567
541
565
284
545
569
259
557
118
352
31
561
118
446
554
190
443
110
359
562
162
273
356
272
578
571
446
706
576
449
475
470
290
440
474
378
297
332
448
330
477
291
276
732
334
280
731
284
340
311
619
738
259
622
740
468
470
340
751
634
275
739
620
257
743
645
620
623
520
595
753
522
623
596
504
355
600
509
626
322
507
603
766
486
380
770
484
374
644
488
777
363
647
490
625
694
530
783
619
316
525
499
790
500
655
787
303
288
791
233
390
785
228
789
313
518
795
517
391
379
512
739
379
566
514
735
380
568
803
563
333
807
523
416
741
811
383
809
306
295
728
392
535
732
395
538
732
431
830
396
396
734
834
303
396
387
842
340
547
847
846
848
834
459
340
448
832
766
644
347
567
648
846
565
444
442
393
784
857
871
788
782
669
399
854
586
673
790
762
840
673
886
786
671
767
843
816
420
812
893
815
798
893
688
815
804
817
905
791
628
886
822
791
626
622
808
823
792
825
620
460
796
615
820
818
616
900
462
461
805
625
460
744
876
457
832
638
743
821
839
883
878
861
649
851
851
914
764
865
766
859
913
769
849
674
758
883
677
870
849
763
832
870
881
767
822
902
848
891
904
894
706
896
705
900
860
706
781
917
839
772
918
713
912
774
714
918
706
777
873
874
940
772
859
926
869
858
854
782
890
845
892
845
952
850
729
852
730
895
854
803
733
960
804
861
971
956
910
952
817
910
753
983
959
916
827
883
960
765
886
968
763
910
763
965
766
898
954
895
849
987
987
951
855
856
786
944
903
782
945
953
944
784
937
777
953
934
774
956
931
1022
960
971
928
1018
784
977
1016
964
926
777
945
904
779
937
1026
1058
783
942
1055
779
947
773
906
949
776
956
950
1040
765
949
1054
917
968
1032
949
1014
1059
1021
1050
923
949
926
948
1029
947
926
924
884
973
1066
1039
956
975
915
884
919
1076
1046
959
841
1073
840
949
1076
1057
952
973
946
920
1061
922
954
924
955
975
979
929
1075
964
1114
985
1069
942
981
1125
965
1124
1079
1003
957
1003
1122
973
1007
1125
962
987
1087
1129
1089
992
1091
1086
997
1092
1074
988
1094
1080
965
983
961
1076
982
962
1080
1106
983
961
1016
970
962
973
1083
966
972
1219
1213
976
1124
974
1122
1202
980
1039
1206
981
1038
1203
1134
1098
1021
1204
1199
1019
1078
1144
1197
1145
1192
1140
1027
1132
1135
1100
1023
1203
1103
1205
1104
1106
1202
1102
1103
1205
1093
1104
1097
1093
1097
1103
1094
1106
1222
1092
1111
1224
1090
1219
1119
1217
1115
1219
1222
1114
1115
1215
1112
1216
1116
1181
1127
1131
1174
1169
1139
1906
5
5
5
5
5
10
12
6
8
19
13
5
6
23
17
5
9
22
31
6
26
28
22
5
28
6
5
31
43
23
11
30
8
14
52
5
8
9
37
63
42
32
81
8
5
24
5
5
32
65
32
17
22
52
26
5
72
9
45
71
93
44
5
71
96
6
85
37
67
15
9
129
65
87
9
75
134
68
71
72
15
100
16
52
13
144
19
67
13
55
10
81
156
115
56
6
66
69
117
161
71
107
67
166
13
125
21
12
189
55
67
15
57
180
5
135
7
82
130
181
72
192
28
123
128
26
38
105
78
188
10
9
148
91
193
85
16
36
142
198
84
79
193
122
70
14
71
167
68
5
36
123
6
11
43
25
170
128
27
255
119
173
144
53
37
182
211
29
18
30
163
6
5
115
157
15
30
115
141
27
196
7
171
128
165
156
34
130
21
197
12
138
24
163
9
155
294
160
164
7
159
276
216
167
5
8
165
334
11
20
170
332
164
19
331
401
332
401
66
286
196
333
174
73
226
283
27
225
219
350
8
402
215
407
19
404
16
214
407
230
410
287
412
5
211
250
211
420
237
399
245
393
46
340
236
382
39
398
247
232
434
229
404
231
227
14
409
438
12
295
441
298
425
300
276
432
5
459
434
46
433
401
18
470
435
453
404
408
32
280
433
448
400
255
398
5
248
443
142
445
340
79
258
8
254
454
341
449
340
466
256
452
5
252
15
334
464
246
327
367
184
369
506
176
475
493
373
466
421
483
5
5
476
488
137
190
473
377
493
356
443
6
472
359
447
35
359
479
535
455
476
373
139
468
6
445
140
5
474
8
354
379
13
10
480
352
384
474
10
356
470
474
254
454
396
5
389
356
479
10
389
345
458
483
187
160
11
490
120
491
6
110
15
93
294
85
5
295
88
487
628
7
30
493
5
429
620
7
419
477
421
645
473
29
417
632
325
542
35
635
425
638
328
6
525
7
6
290
277
438
658
565
443
568
437
662
279
435
537
261
668
434
557
485
440
429
491
555
595
567
689
505
185
272
690
470
608
694
570
186
610
271
586
243
696
458
575
592
704
595
457
239
385
241
192
239
640
189
644
240
643
181
188
466
470
391
162
733
649
469
473
732
644
455
397
640
200
741
396
463
201
660
466
746
656
735
463
655
337
462
739
341
739
460
609
735
656
739
438
653
307
618
445
748
307
620
449
751
652
613
655
610
447
663
657
445
652
453
876
622
456
686
456
616
453
662
686
423
608
622
426
618
410
692
675
431
693
409
413
680
673
413
704
415
677
338
679
714
409
930
678
682
418
405
937
419
689
408
411
687
928
729
406
416
692
391
419
725
419
394
680
734
348
921
697
685
432
918
698
434
436
694
668
928
697
664
442
695
918
671
680
903
676
446
921
445
680
914
442
920
691
448
924
922
702
455
458
707
891
470
803
942
716
802
939
788
725
937
897
946
446
721
727
935
489
718
721
941
471
806
474
800
723
699
721
941
691
907
665
488
727
812
911
492
988
902
729
814
989
910
983
736
690
867
733
968
980
683
866
984
836
860
971
746
993
844
967
692
749
753
995
955
855
997
881
863
997
862
1001
968
868
970
756
870
872
859
969
862
762
792
972
743
1011
752
1008
893
982
794
734
758
976
797
901
728
972
953
904
1039
910
804
1043
803
742
785
1049
783
919
1055
913
1058
757
908
1062
753
796
958
780
1068
746
775
1062
920
827
1075
744
828
1066
976
939
750
970
942
1064
785
829
785
823
742
959
787
826
787
830
967
959
971
789
750
964
975
746
763
976
839
1099
964
957
832
790
955
966
958
786
770
961
1124
795
967
772
1126
961
802
1130
958
991
805
1133
808
1138
993
794
970
1139
814
965
1141
1000
818
947
1144
815
996
948
813
1148
996
954
1147
996
957
1148
990
963
988
960
1151
994
991
1155
977
991
1160
980
1164
976
1165
978
982
1166
979
1165
982
988
985
971
990
1174
988
979
990
1430
1423
982
1418
989
1401
973
990
993
1403
997
971
1368
1000
971
1372
1005
968
1007
965
1008
967
1378
998
1384
987
1368
988
980
1365
983
1248
1252
991
997
1375
1373
994
1258
1381
1003
1261
1009
1385
1264
1012
1009
1386
1271
1012
1373
1271
1015
1377
1257
1379
1025
1368
1244
1026
1244
1353
1245
1349
1244
1351
1353
1247
1357
1245
1355
1245
1251
1250
1352
1252
1340
1341
1253
1334
1254
1338
1255
1254
1339
1251
1334
1338
1244
1247
1342
1238
1335
1241
1218
1336
1339
1221
1343
1221
1346
1222
1352
1223
1343
1229
1336
1338
1232
1235
1327
1325
1230
1328
1233
1324
1225
1228
1315
1234
1324
1235
1327
1239
1318
1239
1243
1318
1324
1239
1305
1309
1305
1297
1294
1295
1297
1290
1289
1293
5
5
8
8
6
11
17
8
13
11
25
34
8
30
29
34
28
9
28
46
8
42
6
44
34
49
40
52
48
47
43
8
11
49
49
27
5
54
5
57
53
76
61
7
53
36
71
56
60
75
47
93
63
55
16
90
66
49
68
81
72
19
57
89
11
45
106
66
88
104
80
100
86
19
53
100
74
24
54
79
106
95
63
99
114
102
70
92
10
73
107
5
90
49
7
89
107
48
88
106
38
95
35
130
114
32
99
100
28
68
198
18
75
163
141
185
163
142
43
186
51
39
153
208
40
8
172
42
205
41
176
196
22
195
169
183
14
58
187
206
64
10
197
180
26
211
11
193
185
9
177
74
185
90
181
15
81
190
230
214
248
88
13
18
219
252
93
255
23
237
98
256
77
209
249
232
9
96
77
96
76
206
24
29
99
95
214
99
5
100
229
219
266
73
262
232
5
64
13
236
5
63
258
25
234
244
7
13
22
285
250
26
290
12
6
261
293
289
6
335
287
318
11
63
337
44
295
46
56
13
8
343
5
5
343
283
10
61
302
60
282
297
47
282
5
47
6
40
7
287
376
288
79
377
355
5
40
362
44
362
20
16
330
389
305
18
13
317
11
16
8
404
318
15
297
66
13
292
14
362
290
65
326
360
290
423
352
421
351
423
337
302
11
343
235
316
333
13
313
229
289
314
318
222
318
7
310
224
216
292
45
299
13
219
44
18
307
336
10
340
199
341
316
324
201
350
6
187
349
323
9
330
327
347
7
324
194
23
320
196
349
21
315
352
20
200
73
347
315
54
207
319
22
13
317
345
210
315
33
341
213
5
217
572
35
339
197
573
37
293
32
284
387
5
391
277
8
20
38
220
275
396
9
235
400
212
8
215
216
5
219
15
246
382
623
407
218
343
254
60
224
633
346
52
216
6
344
18
47
209
636
225
21
5
217
156
12
235
208
142
208
233
427
8
234
657
150
12
668
137
31
243
28
99
240
5
5
5
234
678
688
668
460
60
681
458
18
6
677
54
24
677
5
434
436
26
679
699
426
24
17
429
689
701
64
690
430
694
702
428
698
703
427
701
431
708
434
705
712
300
700
437
708
705
437
311
706
394
397
336
317
717
320
331
402
408
317
732
306
306
301
417
415
303
749
743
395
736
764
382
318
738
771
367
370
772
793
749
377
797
408
786
757
802
404
744
792
801
403
758
397
401
391
736
759
809
407
731
804
372
716
403
806
402
797
394
622
378
795
626
408
599
788
406
397
340
605
331
410
405
592
321
415
814
812
403
414
550
397
808
530
421
389
812
501
816
384
409
391
823
815
393
501
818
477
396
849
473
822
853
807
378
460
450
354
442
858
353
438
999
852
433
396
847
1003
399
369
998
425
399
420
998
838
857
380
395
994
846
846
385
814
863
424
807
1000
864
1004
864
815
418
867
1005
422
863
406
385
415
858
411
1017
466
1017
471
860
1021
470
423
868
473
1028
867
425
1024
870
475
411
870
435
480
869
417
478
859
426
873
473
865
866
1041
467
868
872
1009
874
873
1007
870
877
1017
894
1023
889
894
1011
508
511
886
502
1015
889
903
903
893
498
1013
907
880
1015
501
911
882
1019
914
1013
862
912
1006
866
909
1009
864
858
907
1007
861
1003
908
893
865
996
995
867
993
904
908
1004
997
999
891
881
994
923
998
883
866
996
926
998
873
911
866
1000
925
871
924
1006
927
877
996
881
924
993
927
881
993
884
919
888
924
1001
927
896
994
932
897
1005
899
1007
942
905
1009
943
1000
907
1002
935
914
937
914
1115
999
934
919
998
1076
931
921
999
933
924
1003
1061
931
930
928
930
905
931
908
1072
938
1073
916
945
991
917
919
1037
915
1019
1003
1026
965
1008
1027
1005
967
1006
968
1033
986
941
973
978
1048
977
946
976
1054
954
980
957
948
956
945
957
930
981
926
1078
922
967
982
964
913
966
917
987
970
919
984
972
907
1102
974
907
972
1098
993
973
1102
873
1105
872
975
1107
986
1106
978
988
992
1113
985
982
1122
974
1117
1121
993
969
1124
1126
973
998
1002
974
997
964
994
1129
983
974
974
1133
968
970
1135
1126
970
963
1814
1107
1810
1111
1118
1803
1114
1112
1781
1782
1105
1775
1101
1773
1095
1777
1092
1096
1783
1093
1780
1094
1091
1795
1087
1788
1783
1065
1780
1768
1763
1764
1762
1764
1764
1754
1757
1757
1761
1760
1755
1752
1752
1746
1716
1718
1719
1698
1688
1688
1678
1678
1681
1684
1688
1668
1661
1639
1630
1613
1594
1598
1589
1573
1563
1557
1560
1555
1541
1545
1539
1542
1533
1535
1539
1539
1529
1522
1523
1527
1510
1514
1511
1487
1488
1489
1493
1493
1492
1487
1485
1486
1481
1460
1453
1425
1426
1424
1427
1422
5
5
8
5
5
5
5
5
14
7
5
17
6
5
7
5
12
5
31
6
37
11
34
31
26
36
8
5
25
17
37
19
15
21
13
12
49
10
28
24
28
28
22
14
59
20
9
52
20
62
18
56
62
41
6
6
26
30
34
53
68
45
25
39
30
44
42
68
45
42
59
45
41
54
30
53
43
16
45
61
24
65
62
7
65
48
39
129
24
66
29
68
9
32
31
9
54
60
23
16
80
142
64
61
84
94
117
17
69
48
122
90
26
9
62
82
157
12
133
150
10
20
83
140
70
70
156
138
74
49
29
78
143
32
10
30
143
49
80
120
137
34
144
194
123
141
123
200
108
9
45
116
148
207
27
159
117
170
121
32
162
40
141
158
42
35
23
163
81
235
85
15
237
61
5
175
13
247
178
11
200
174
77
211
177
197
253
78
258
64
217
75
153
10
216
9
209
80
271
5
6
197
84
195
196
193
201
284
195
184
192
34
279
163
209
161
207
41
186
250
288
208
191
245
197
183
243
268
182
244
267
256
10
9
10
253
6
265
188
20
159
203
270
266
155
8
195
269
96
327
265
328
158
274
194
263
325
158
107
25
322
146
109
313
194
34
58
175
314
269
300
314
148
27
33
305
146
137
5
115
311
43
118
21
186
119
318
316
22
88
326
199
329
19
203
315
360
335
332
361
24
9
326
331
211
335
331
207
336
374
179
5
342
372
14
343
371
143
341
344
457
324
14
382
457
147
353
446
383
360
149
331
359
389
189
325
12
5
5
350
182
13
324
8
187
412
14
5
191
416
11
419
21
201
199
21
16
194
14
508
432
508
185
204
25
15
200
166
512
169
434
513
208
210
179
514
6
202
144
492
392
18
387
11
205
493
386
165
480
138
469
473
143
166
395
469
168
149
395
14
383
479
100
60
5
131
19
171
383
14
485
66
385
488
381
53
492
494
366
362
122
484
176
487
363
6
365
547
369
313
551
115
20
553
77
100
505
377
202
371
74
283
347
203
109
572
191
352
530
198
572
92
576
173
577
547
359
90
174
351
169
96
108
589
353
550
190
87
662
183
84
542
368
608
370
190
611
12
372
184
191
365
605
657
180
41
177
364
591
566
182
598
620
563
608
573
611
601
580
579
205
641
575
637
222
580
536
196
579
525
203
196
523
202
651
466
200
635
659
209
359
195
609
591
612
157
290
667
621
189
623
606
664
572
627
260
665
628
170
220
669
160
578
247
582
157
643
201
634
740
590
246
208
223
596
647
206
180
188
197
652
181
598
647
201
715
591
763
196
652
229
700
594
769
635
704
757
592
701
697
697
548
652
700
547
651
700
573
575
703
245
786
241
701
785
587
237
564
788
709
584
345
587
699
701
799
560
586
355
699
583
283
702
573
705
812
559
679
801
674
547
582
674
582
793
557
572
794
564
562
685
567
681
566
786
679
572
564
787
675
572
790
566
573
567
680
783
681
578
788
581
668
671
571
586
668
800
588
804
675
748
580
573
582
675
574
582
672
576
578
740
676
581
743
679
580
550
682
835
748
565
547
733
517
564
841
564
729
509
729
496
484
707
729
479
555
473
554
714
468
741
738
465
695
560
466
737
697
736
694
733
737
580
734
582
724
699
481
915
690
717
669
717
591
669
926
720
1111
724
658
934
597
728
573
939
732
547
1100
734
1078
950
733
538
951
535
1083
740
947
1074
734
691
950
737
1082
694
1070
698
1066
695
1068
683
1061
687
747
975
1065
978
1064
973
697
1067
963
696
969
687
772
1054
966
969
696
1053
962
792
960
1051
953
782
1055
711
707
763
1056
953
695
957
697
774
700
776
698
779
960
703
959
779
956
712
1093
786
956
1094
947
788
936
790
1101
939
775
1092
937
940
737
944
776
743
949
744
781
1111
781
929
741
1076
769
753
741
941
756
1084
755
1082
908
757
1038
914
1033
915
770
1019
917
773
914
1023
907
1023
909
1013
908
1017
912
1018
916
1022
1012
918
920
1001
922
1006
919
1009
914
1012
979
904
903
968
878
880
975
977
877
963
871
955
861
948
947
951
955
955
955
958
949
949
940
924
927
916
1616
1618
1616
1619
1619
1621
1625
1627
1607
1606
1603
1589
1587
1587
1586
1587
1587
1590
1594
1595
1593
1593
1596
1594
1588
1588
1588
1591
1593
1590
1587
1590
1591
1593
1594
1592
1585
1581
1581
1585
1589
1591
1585
1588
1585
1586
1572
1576
1567
1561
1555
1557
1559
1556
1556
1559
1561
1536
1538
1517
1510
1509
1511
1491
1495
1466
1462
1444
1448
1442
1444
1448
1452
1449
1453
1450
1453
1446
1450
1453
1453
1456
1460
1461
1453
1450
1453
1456
1460
1451
1440
1443
1438
1438
1440
1438
1442
1444
1438
1434
1433
5
5
8
6
11
9
8
14
6
12
5
5
14
6
9
22
15
9
12
20
25
36
30
7
31
22
13
5
25
8
29
29
11
13
59
28
49
5
60
50
52
45
13
49
72
24
61
91
86
63
5
56
70
48
55
8
73
49
11
109
20
6
24
55
59
40
117
80
20
121
42
92
119
94
102
63
43
103
98
71
98
99
43
63
11
103
45
92
145
88
65
108
7
87
66
108
8
80
68
10
23
73
136
66
68
123
131
59
172
122
120
176
14
124
109
175
163
39
113
174
107
127
167
36
61
182
186
7
116
256
134
158
193
157
121
117
86
121
8
77
5
167
279
122
155
170
154
157
167
36
159
162
149
294
166
23
166
28
16
166
307
7
170
5
31
11
191
14
177
170
325
174
328
190
174
167
332
110
150
178
109
129
330
102
204
179
169
212
7
131
160
9
7
160
135
157
6
139
352
230
160
251
233
155
7
232
78
245
338
245
5
157
340
8
249
148
9
342
246
143
9
99
253
128
17
401
5
105
212
15
82
211
405
264
86
5
14
77
171
119
66
154
262
9
421
423
268
64
23
303
147
392
37
121
392
27
129
16
53
48
87
17
27
42
427
28
146
303
103
427
25
57
270
431
422
114
438
114
323
114
434
319
289
426
323
181
346
293
140
116
129
311
58
315
340
305
341
150
66
309
70
54
5
307
316
67
509
312
312
72
279
163
470
176
167
174
166
76
155
54
21
481
150
27
73
33
489
347
549
487
135
452
178
121
535
332
115
7
119
170
30
632
100
74
499
637
13
417
460
489
104
411
62
77
565
47
58
561
493
25
70
39
50
21
57
481
24
478
5
24
573
60
572
485
49
489
571
17
457
567
6
456
571
8
58
499
706
12
505
709
587
61
5
56
486
425
518
592
483
423
15
485
593
63
519
413
730
483
735
597
43
593
739
586
730
535
585
489
585
729
8
548
439
731
580
600
568
735
508
557
592
508
459
565
571
188
506
559
457
488
192
560
605
487
553
467
605
468
589
610
472
471
557
447
556
454
298
445
448
277
442
566
227
453
549
224
441
236
192
234
612
635
159
198
137
192
640
569
140
463
122
559
633
562
486
640
410
567
393
486
572
359
142
491
659
491
492
466
864
221
668
214
364
473
167
681
680
338
631
327
675
890
485
324
678
616
890
619
685
311
609
479
611
890
545
693
656
620
621
539
905
294
732
707
539
604
632
706
537
630
718
709
303
909
513
725
912
252
566
913
520
524
907
572
740
550
906
529
579
554
908
561
526
902
734
527
563
907
529
564
507
681
901
495
517
552
512
672
667
513
910
773
486
913
518
674
518
477
903
509
884
789
512
888
780
447
569
783
439
799
426
564
793
536
413
899
790
377
893
523
789
896
525
385
794
527
808
902
813
895
804
734
799
807
896
806
799
739
807
731
809
906
802
541
740
814
547
795
743
807
550
803
551
811
923
546
809
818
809
933
805
937
803
828
778
567
810
779
835
571
949
839
809
949
842
813
788
844
581
942
788
818
941
789
820
574
823
943
787
671
939
791
932
800
830
676
869
937
781
584
940
770
683
576
939
843
581
837
782
689
838
954
693
593
687
962
850
599
690
909
602
902
802
585
705
901
590
897
701
861
875
589
796
994
794
881
996
595
882
1000
1004
702
810
884
682
895
991
685
817
986
896
819
696
899
907
679
895
825
892
1004
1007
688
830
999
830
906
691
994
684
997
688
989
919
914
910
696
927
911
990
925
927
916
913
715
921
1009
921
715
927
919
1009
923
721
986
937
928
990
921
978
919
943
954
945
918
941
960
923
944
925
965
941
933
944
931
973
935
947
934
950
980
930
929
956
978
930
928
973
941
925
930
977
920
947
922
958
946
950
958
919
960
950
921
936
913
959
912
915
1014
963
918
965
950
1019
967
926
1023
971
962
960
960
922
962
969
916
964
1046
962
920
915
948
1051
915
982
954
953
923
966
923
948
1074
911
961
932
1071
962
934
1070
965
1073
1068
963
941
945
971
943
1075
972
945
964
1083
1086
965
1082
965
1080
967
967
1068
1071
1066
1062
1052
1053
1056
1054
1057
1060
1061
1042
1045
1044
1048
1038
2206
2208
2204
2207
2199
2198
2201
2202
2200
2202
2206
2203
2198
2199
2193
2187
2165
2167
2152
2155
2158
2156
2160
2162
2152
2154
2154
2156
2141
2139
2137
2138
2141
2145
2141
2145
2123
2125
2123
2124
2124
2118
2122
2122
2126
2124
2122
2120
2124
2123
2090
2088
2092
2093
2079
2076
2076
2080
2082
2055
2054
2046
2048
2051
2033
2012
1996
1997
1999
1995
1997
2000
2003
2003
2002
2004
1994
1992
1995
1988
1989
1984
1962
1955
1947
1943
1941
5
5
5
10
5
8
10
5
18
18
16
8
13
24
19
5
27
24
5
11
6
6
29
14
5
5
36
5
21
27
37
25
30
33
14
5
16
37
42
33
81
36
39
25
30
53
12
35
48
33
11
61
35
41
12
59
51
63
58
15
115
119
11
87
69
5
9
92
5
73
5
79
139
21
21
31
5
82
27
55
81
14
94
124
7
6
8
49
94
108
87
134
45
48
93
116
109
81
117
125
12
102
121
100
113
5
125
39
121
8
10
201
43
125
166
104
153
121
70
52
132
112
138
44
166
28
134
8
64
149
136
18
27
133
153
5
50
38
140
14
163
172
8
143
6
92
44
149
165
31
176
31
154
178
169
5
165
185
287
189
8
289
179
190
5
61
196
5
283
35
200
276
188
40
279
198
281
26
38
29
212
45
329
283
21
328
5
269
219
330
268
224
44
220
55
213
9
43
213
11
211
238
59
353
43
245
5
297
247
247
359
246
255
5
248
221
57
22
57
220
259
368
12
65
259
28
64
378
253
380
254
54
235
384
48
384
236
49
265
228
327
6
262
8
6
329
254
393
397
256
209
259
397
239
242
22
16
342
218
25
15
344
211
22
345
214
7
342
261
200
427
21
411
374
362
346
207
271
406
201
387
309
14
305
207
201
23
363
289
33
383
401
107
290
403
320
432
290
407
409
166
403
395
300
446
328
293
12
408
433
290
52
15
6
291
433
420
287
85
7
420
416
290
47
96
322
206
19
54
452
193
331
89
418
44
334
463
91
5
447
336
411
447
196
340
406
442
462
189
109
11
400
341
95
452
472
340
187
160
23
11
95
17
96
463
491
424
152
487
469
362
415
153
468
414
5
369
26
131
394
377
162
390
112
379
74
371
491
486
388
373
128
487
123
163
395
109
491
381
83
401
106
500
403
96
413
506
417
560
412
420
90
400
66
517
422
406
112
181
432
431
581
414
186
85
414
530
390
88
518
91
186
161
5
188
96
450
191
145
538
446
518
449
159
15
73
517
13
610
212
77
613
462
523
493
616
470
173
198
496
173
108
151
101
483
497
181
642
99
79
640
103
185
76
187
95
568
572
517
197
576
525
193
515
578
562
490
181
487
561
184
527
559
476
479
564
174
473
176
565
179
481
557
462
559
188
552
532
467
188
471
561
563
728
539
731
468
545
468
180
155
460
578
564
462
581
561
460
585
551
746
463
589
566
539
592
566
542
597
514
562
507
600
559
481
833
604
958
770
601
571
774
513
574
840
601
498
830
958
524
499
837
801
964
835
507
591
964
540
837
962
509
630
809
841
812
952
633
847
815
597
520
638
846
519
818
603
641
594
842
592
831
970
828
971
539
542
663
536
836
644
616
540
830
527
651
597
616
652
519
608
651
610
608
648
603
611
535
532
859
595
607
595
657
1038
529
593
601
873
584
586
860
541
570
1051
571
546
1048
953
560
533
949
558
589
884
529
562
530
946
534
1068
946
603
1063
566
1064
949
556
610
897
948
589
891
563
929
590
895
933
899
593
1079
1080
937
1077
750
609
1080
611
950
752
759
960
607
1089
955
611
754
1093
946
1089
959
614
952
602
1076
1084
956
936
960
1008
929
942
958
643
938
965
789
1082
639
1080
896
664
800
977
949
842
667
1085
977
808
645
1081
975
831
805
677
702
655
1080
980
649
660
984
652
979
650
1091
818
652
684
980
706
982
692
829
696
667
1085
831
1089
825
673
1089
1010
826
679
708
1005
818
1014
1015
630
689
688
1005
685
1110
804
1027
720
802
1015
689
1121
1004
780
693
780
1023
1025
1023
732
706
1020
1135
1012
1028
1138
742
806
741
1020
1134
810
1023
814
726
753
818
1034
1118
1090
1039
768
1016
1095
764
1020
752
1099
762
1094
752
775
744
1032
746
774
1031
1046
746
774
1108
774
1038
1031
1110
773
786
1109
1041
777
779
771
783
1111
780
779
1056
1113
1071
1061
1119
1063
1074
1121
1116
1063
1077
1113
1081
1045
1077
1032
926
1029
1092
1029
1095
1096
1038
1102
1099
938
1104
1096
1041
940
941
1046
1100
939
1080
1046
940
1039
1087
929
1102
1032
1068
936
1035
1096
1072
1061
942
1023
1049
949
1110
1019
953
1048
1114
1045
1020
957
1034
1026
1010
1025
1011
977
1027
1031
968
1017
963
1022
1040
1024
1127
1044
1026
1131
1040
1623
1025
977
1132
973
1026
1129
969
1030
1615
969
1590
1138
1034
1584
1035
1064
1134
984
1586
1065
1577
1131
1556
1129
1553
1074
1121
1536
1532
1127
1052
1461
1073
1130
1051
1466
1062
1051
1465
1452
1072
1456
1048
1070
1440
1150
1443
1058
1150
1430
1149
1429
1143
1433
1145
1430
1137
1429
1126
1424
1113
1115
1395
1375
1377
1121
1371
1125
1125
1354
1128
1356
1119
1323
1323
1284
1229
1210
1204
1161
1164
1163
8
5
5
11
5
17
9
15
8
5
9
17
18
5
6
22
18
17
13
5
13
45
29
23
12
6
28
51
10
55
16
20
32
58
20
27
20
17
24
30
15
25
15
13
24
43
32
28
16
51
55
75
5
34
18
58
22
5
61
21
56
61
65
23
58
64
9
5
64
54
100
43
18
65
68
5
62
99
50
11
99
82
8
101
5
21
100
80
16
88
105
84
8
94
135
54
94
82
98
20
114
38
103
21
123
5
6
123
5
135
129
29
16
177
125
7
25
149
62
20
144
15
42
17
128
5
182
123
108
102
20
8
118
100
5
197
98
104
40
198
14
101
15
160
205
7
163
58
102
208
13
106
102
103
16
104
76
16
185
68
98
68
170
84
49
93
44
129
9
9
197
134
237
199
106
188
6
176
12
81
144
78
5
128
23
80
202
131
258
75
197
129
196
67
127
263
115
114
208
256
64
132
207
250
117
19
84
96
18
29
89
247
243
65
81
223
68
211
84
245
17
60
249
24
252
9
245
32
304
337
255
76
11
252
5
236
251
250
5
254
254
219
260
15
85
219
364
198
254
159
341
275
372
342
260
152
17
286
106
158
23
135
268
291
8
295
5
253
31
277
126
35
249
146
246
131
6
352
130
396
104
132
391
129
105
26
35
398
312
303
17
136
400
277
44
273
9
26
138
270
328
302
127
6
302
126
246
293
336
91
290
83
290
426
37
289
300
9
36
289
290
269
445
8
278
258
272
18
370
6
262
285
268
5
267
254
26
258
23
236
251
277
223
389
234
82
257
278
210
240
12
235
287
15
188
546
192
532
180
209
110
517
188
521
180
112
431
256
115
420
258
513
33
512
141
15
20
508
528
509
436
43
528
224
441
19
203
48
201
533
31
537
205
38
459
536
328
177
542
11
49
545
173
327
477
38
18
330
170
472
527
136
555
334
63
533
322
554
534
147
537
5
49
24
41
545
13
75
21
136
548
24
365
8
362
518
117
366
581
96
112
586
365
6
359
16
94
369
11
548
369
604
365
45
133
369
68
611
324
132
552
321
114
100
403
618
100
619
565
76
67
401
570
72
72
630
410
630
350
630
581
414
664
632
666
637
338
665
595
668
343
459
600
327
642
668
330
673
441
606
507
440
444
422
468
659
406
675
626
667
416
973
478
334
455
620
979
960
487
685
687
691
423
694
694
427
695
338
434
700
700
183
702
696
509
687
449
700
362
501
356
701
450
703
700
705
415
694
706
418
535
510
387
526
503
706
386
707
499
390
531
499
710
394
1050
714
397
492
716
1053
368
401
721
733
494
375
1060
362
710
486
737
1062
375
345
474
1048
738
715
459
341
736
462
1055
716
733
349
716
754
344
357
1066
692
750
335
689
1071
754
362
482
363
482
1083
348
468
864
464
766
850
459
365
358
1098
720
360
459
783
354
1104
861
355
790
715
357
371
759
467
359
1115
750
786
469
807
452
718
456
719
1135
454
1138
709
1132
394
1135
710
714
470
1140
837
825
709
1145
824
843
481
710
1153
850
832
851
670
817
672
817
1158
668
808
1148
486
663
1151
865
782
1153
786
637
641
495
842
484
1163
845
1158
830
641
1149
590
813
832
1153
844
842
599
1147
584
856
561
1146
843
848
1147
852
563
1136
853
1138
857
1142
567
861
857
818
858
542
861
1152
537
863
832
543
1160
880
862
1159
881
879
841
880
841
1170
841
877
1166
842
861
897
865
900
896
881
853
872
874
857
889
1178
877
888
860
1179
1181
849
1188
842
900
1190
904
1188
901
907
853
910
900
858
902
912
1199
1195
920
861
1185
1188
874
935
943
847
1200
949
943
1203
933
852
949
942
955
853
940
851
945
940
849
940
942
924
945
853
960
927
929
955
961
851
1249
850
959
850
976
955
837
981
983
961
845
1275
962
995
1280
999
860
1279
972
1001
839
1005
988
1279
1009
982
844
981
840
1009
1286
816
986
993
992
996
997
1021
1308
1002
1311
1032
1006
1011
1305
1007
1294
998
1010
1036
999
854
1286
1016
1039
1287
1020
1007
857
1014
1271
1002
1018
1020
1027
1010
1286
1014
1029
1018
1017
1020
1283
1018
1020
1009
1021
1287
1284
996
1286
1021
996
1290
1018
994
1293
998
1022
1295
1001
1298
1003
1066
1300
1006
1058
1303
995
1031
1061
1034
1309
1065
1003
1022
1311
1009
1005
1314
1011
1311
1076
1314
996
1017
999
1318
997
1023
1326
1093
1033
1092
1330
1328
1038
1013
1094
1322
1037
1037
1096
1324
1100
1038
1319
1104
1039
1323
1033
1107
1330
1098
1041
1333
1330
1100
1052
1331
1098
1323
1097
1099
1311
1097
1314
1101
1318
1319
1317
1111
1315
1106
1107
1309
1105
1309
1306
1293
1292
1284
1261
1247
1236
1240
1242
1244
1222
1224
1224
1219
1205
1203
1200
1198
1201
1205
1208
5
5
9
5
5
5
9
5
5
20
18
9
14
12
9
20
7
15
12
10
15
5
16
33
15
35
28
19
19
5
7
13
38
28
9
38
38
7
27
58
29
18
10
18
28
45
38
22
28
63
9
76
13
10
42
75
34
48
16
82
30
19
23
31
90
61
38
69
24
37
56
25
11
15
26
60
30
33
11
96
89
84
44
79
88
28
57
88
60
24
8
68
8
94
123
73
43
53
64
44
74
132
131
10
64
128
108
23
68
33
11
35
148
69
91
60
149
100
30
15
155
52
238
158
224
240
52
44
144
15
20
74
150
9
24
77
242
116
30
105
233
162
5
24
48
63
158
185
53
98
240
12
112
35
201
199
46
200
42
122
22
171
45
121
15
16
53
123
188
5
52
188
130
229
39
122
9
162
202
206
122
147
206
37
148
171
36
133
149
90
198
157
102
79
201
70
130
43
65
151
188
23
64
155
11
32
120
35
124
286
159
164
82
166
35
22
5
49
92
97
36
96
28
179
149
317
45
56
141
24
318
47
136
320
54
126
324
111
204
308
67
45
243
146
9
313
287
64
235
48
6
239
119
294
53
238
18
113
328
118
93
149
485
251
319
315
12
492
114
72
152
499
193
138
503
408
68
133
411
119
488
343
76
492
341
70
17
409
500
333
355
479
146
321
303
467
301
6
469
328
92
327
230
470
156
167
585
127
103
325
167
441
143
135
97
125
335
13
430
222
606
340
58
214
320
495
64
219
421
600
111
41
105
455
33
38
6
125
29
433
518
115
322
19
516
55
439
165
625
509
477
502
118
252
57
454
509
24
333
62
45
507
338
466
185
222
221
71
50
346
74
6
138
63
423
14
207
55
62
364
79
530
40
213
437
536
5
436
34
20
541
434
226
532
437
21
380
68
42
540
442
574
537
238
16
535
444
46
543
237
435
43
82
43
437
394
249
381
439
241
47
381
16
556
39
560
239
454
294
566
20
293
607
97
570
602
576
573
15
603
307
104
581
296
256
610
578
406
210
6
256
408
191
621
219
9
61
40
106
219
73
604
599
69
602
595
69
645
605
125
598
58
420
600
522
414
599
654
409
529
76
660
246
593
633
218
539
589
205
84
643
410
184
600
411
556
680
591
520
683
557
588
467
424
589
469
700
462
697
429
196
693
197
602
570
696
469
603
436
700
597
185
573
702
576
478
706
547
686
472
689
200
157
197
553
472
555
697
466
475
693
464
455
687
559
209
457
613
289
694
202
447
495
451
373
377
573
694
198
453
491
452
482
700
305
689
405
439
291
693
588
374
701
444
326
283
487
706
431
317
441
290
295
576
712
818
713
586
429
824
711
450
711
589
831
834
692
588
429
697
731
693
843
836
468
472
831
615
471
836
500
831
717
457
503
835
629
700
484
461
842
637
460
486
848
737
711
640
850
706
630
730
473
855
521
473
856
737
521
741
850
716
519
474
853
739
719
744
657
522
865
750
470
750
655
475
724
737
538
727
664
477
730
473
547
670
463
716
733
731
555
458
722
457
683
732
461
567
741
689
568
739
748
919
750
743
470
575
738
573
473
738
749
932
933
733
743
734
738
940
593
743
589
741
735
954
732
738
736
963
742
1311
740
612
969
771
603
748
774
1317
982
592
761
758
572
1314
784
1314
755
997
762
999
579
785
765
758
779
715
579
785
754
1009
780
757
1013
784
718
1010
726
1355
1001
1349
715
999
793
790
1353
794
1008
714
796
1361
795
1008
696
790
1009
825
689
783
1370
786
684
683
1013
787
1015
673
670
1381
791
665
1384
785
1019
668
1023
791
663
1377
794
861
1028
1382
797
868
1026
1363
859
804
859
1032
1360
789
1028
863
1365
1030
793
1347
787
785
1040
1357
787
1050
872
1364
796
1055
877
795
1370
1059
776
880
1375
1065
1374
885
1061
1376
1063
787
1058
1380
1060
791
1375
782
1357
946
1057
907
1058
1360
794
1062
916
796
1357
1061
786
1352
1063
924
1342
793
1314
912
973
1318
1072
905
1062
905
1318
979
895
1062
978
894
897
982
968
900
1071
1340
903
1058
1331
896
1062
1333
1064
886
971
1337
889
1056
969
1345
882
1346
1059
887
1347
985
1324
895
1319
1059
1321
904
908
1308
980
1304
1066
906
1298
1066
911
1064
1295
1064
910
1291
1065
1283
989
1071
1290
993
1066
1293
985
987
988
1298
990
1298
1072
1078
999
1077
1003
1291
1077
1007
1074
1295
1287
1012
1070
1012
1067
1293
1016
1294
1073
1285
1074
1077
1289
1263
1077
1267
1262
1077
1081
1266
1271
1087
1275
1091
1096
1283
1100
1281
1282
1103
1278
1276
1112
1113
1289
1117
1291
1118
1116
1291
1120
1278
1120
1281
1119
1283
1248
1242
1245
1245
1243
1239
1225
1216
1200
1185
1182
1185
5
5
5
8
5
7
5
11
13
6
5
5
23
26
25
17
21
8
38
40
18
12
20
34
36
13
36
28
49
31
8
13
24
51
16
9
52
29
29
14
59
33
78
26
62
35
60
36
72
9
86
38
59
35
42
35
99
61
28
69
45
104
55
49
42
47
96
41
7
65
33
65
95
110
52
19
18
65
17
104
69
95
46
125
70
19
82
106
5
40
79
26
24
101
141
90
114
18
83
88
180
23
90
61
121
28
76
27
19
109
77
66
104
206
74
106
44
216
13
216
48
77
25
119
111
228
7
210
113
81
6
120
170
94
8
124
97
125
5
124
179
93
102
7
109
232
5
135
105
92
36
128
243
26
102
145
106
147
54
17
257
113
155
208
208
165
206
68
124
195
140
22
126
24
129
132
9
134
75
190
208
146
144
212
79
37
75
6
151
27
36
156
7
228
160
62
158
154
222
158
49
158
155
229
141
150
226
160
192
132
121
218
231
13
11
18
6
6
59
182
129
242
8
19
5
239
60
63
189
184
248
190
61
40
234
169
74
66
160
62
65
144
13
39
54
254
28
288
82
257
266
154
288
191
290
284
5
188
64
264
11
62
280
10
294
39
268
37
140
295
250
41
45
277
134
216
278
118
118
270
287
281
293
114
289
392
72
296
243
8
223
278
5
198
8
414
173
52
116
95
417
322
246
416
170
127
34
327
424
165
19
42
234
226
327
435
212
437
330
206
432
185
361
329
184
5
429
333
363
182
430
334
185
9
426
374
430
225
429
433
22
185
194
186
391
388
382
187
8
191
386
381
194
391
214
184
173
653
388
378
174
48
380
382
111
217
197
219
384
200
5
12
374
36
405
378
214
672
376
409
429
389
199
196
6
393
11
437
209
519
684
237
238
235
233
181
525
238
164
182
524
239
172
240
139
523
9
129
515
88
519
186
233
133
433
220
95
526
213
105
530
194
104
122
84
123
64
59
232
543
16
733
69
180
45
547
550
174
545
172
34
38
171
483
40
119
541
6
484
112
102
545
753
160
545
479
744
474
99
744
478
553
174
482
103
748
164
752
165
453
750
550
140
455
142
755
119
100
98
569
98
649
82
571
764
655
766
84
557
549
86
765
645
93
345
554
227
93
574
504
97
641
571
507
230
571
511
231
362
556
572
199
515
652
548
661
518
657
799
176
517
791
376
665
593
930
524
933
342
155
596
938
563
683
531
601
565
561
604
681
690
313
611
697
831
963
312
689
534
610
669
842
617
845
666
621
631
546
711
852
968
627
638
628
589
863
971
579
955
565
629
956
580
564
613
866
565
348
621
839
350
619
566
838
623
356
551
752
357
986
517
756
636
993
621
522
745
359
999
624
524
751
1004
623
525
750
640
883
371
533
642
880
341
643
884
523
500
643
708
894
1026
708
895
710
1027
658
714
1027
657
650
905
1015
909
668
661
731
653
537
640
725
928
657
545
646
727
637
639
722
640
724
646
563
641
1059
562
634
734
564
961
1072
956
1075
556
641
959
546
956
546
1083
646
958
649
945
632
550
630
554
951
947
936
643
924
643
921
799
922
648
787
925
791
650
922
923
654
799
590
927
647
646
795
937
641
620
608
939
591
609
941
586
599
943
582
937
603
939
818
589
582
818
938
580
818
597
811
584
946
815
554
937
603
931
602
935
828
600
1031
932
1033
603
1024
602
837
941
828
593
1007
1009
943
858
1010
856
1005
945
848
1004
853
951
847
955
851
984
845
979
846
952
855
847
958
852
956
955
939
843
859
845
942
952
931
906
928
893
896
894
877
850
1316
832
943
877
940
839
870
908
942
893
878
948
870
885
844
874
842
890
878
881
894
880
1357
970
896
1359
961
872
964
866
877
887
868
872
967
964
876
866
889
969
1388
872
892
1388
972
866
1391
976
870
904
880
898
873
984
868
889
980
888
1399
973
885
871
1402
872
880
1403
882
986
1401
873
872
858
986
921
1406
990
909
870
909
998
907
869
999
910
1426
878
999
891
920
882
1002
1423
880
887
922
1418
882
924
884
916
894
915
888
1029
1430
890
1426
896
1428
918
1040
1427
921
1039
924
1434
1431
1047
1433
931
935
1054
1424
940
1425
1057
942
1425
1058
942
1429
1426
1069
1428
1053
1057
1424
1052
1420
1050
1416
1410
1055
1054
1387
1380
1063
1376
1066
1372
1375
1067
1071
1362
1075
1364
1079
1363
1075
1077
1375
1376
1066
1371
1063
1059
1352
1344
1345
1349
1351
1348
1349
1353
1345
1340
1344
1335
1333
1336
1337
1341
1345
1337
1334
1318
1322
1319
1303
1304
1304
1307
1309
1305
1300
1303
1296
1300
1303
1303
1304
1307
1308
1301
1300
1302
1298
1298
1301
1304
1299
1298
1295
1295
1299
5
5
5
5
6
5
8
10
13
21
5
5
19
8
16
20
5
9
18
14
8
5
37
9
25
21
12
41
22
14
42
44
54
55
19
41
26
59
41
44
43
57
5
44
43
16
64
33
20
15
7
14
18
101
66
51
13
26
26
18
15
30
43
107
19
35
19
106
81
34
79
26
98
23
26
119
111
98
29
29
102
32
11
120
162
137
19
128
162
38
21
128
11
7
122
139
119
66
6
55
190
194
14
38
144
139
153
67
146
78
209
147
60
6
178
74
212
9
182
14
141
9
60
5
190
143
60
169
229
14
61
166
51
75
30
11
166
192
251
219
86
34
174
203
161
251
26
90
233
165
22
189
273
198
5
171
187
9
233
14
176
212
19
177
64
216
284
37
255
5
15
258
17
277
243
261
280
251
314
224
210
287
35
183
123
177
39
293
285
284
188
296
251
99
193
303
84
257
24
185
6
259
250
171
202
9
245
315
11
319
239
321
237
111
382
8
378
95
333
134
379
97
340
98
27
327
84
94
237
333
393
82
330
41
384
328
28
17
45
330
385
321
246
23
249
43
32
133
20
68
5
356
266
10
5
346
337
29
6
278
138
345
14
426
25
270
60
348
352
382
10
35
433
359
32
361
159
438
39
28
359
331
9
325
20
451
297
361
316
362
12
316
445
153
353
108
38
11
158
452
356
32
101
9
325
357
8
416
329
46
420
352
15
463
48
466
15
16
55
430
472
363
25
475
363
351
436
353
480
8
19
352
437
358
345
492
170
371
492
341
374
364
495
450
347
13
351
5
467
457
388
13
20
460
384
471
104
7
372
472
5
370
378
470
473
380
372
5
469
90
375
7
463
82
6
371
96
10
400
497
383
97
530
84
388
386
489
399
103
29
393
474
549
30
453
426
5
400
120
398
412
543
19
382
416
77
570
407
37
32
386
11
37
564
371
561
374
571
400
23
39
24
362
13
506
7
5
509
38
43
6
512
39
504
31
594
504
607
506
580
34
394
511
33
583
619
398
516
43
524
588
632
407
528
525
396
605
394
526
620
548
530
612
398
527
521
559
632
618
554
635
621
529
621
552
421
625
548
535
271
624
554
628
543
434
640
560
278
637
631
549
635
438
566
430
639
645
422
640
648
563
636
418
634
302
411
658
637
301
639
643
269
578
664
582
667
429
585
671
619
664
660
422
622
419
591
281
675
401
281
678
677
268
389
258
684
258
682
615
690
392
694
393
686
602
397
679
687
264
610
383
244
688
612
690
610
250
646
640
692
395
683
389
640
624
686
644
622
682
630
386
628
378
624
678
636
681
300
685
689
692
398
755
393
682
759
646
376
686
681
764
649
685
768
651
681
380
654
770
679
376
647
774
680
649
773
371
774
371
684
761
360
651
757
686
649
748
687
756
635
698
795
697
762
724
764
683
648
760
680
648
1091
628
681
683
632
812
677
753
779
1105
639
785
760
1100
640
782
1098
750
1102
779
749
751
763
649
1104
767
632
773
633
827
763
828
636
772
771
826
633
765
764
824
1107
765
828
1104
643
769
771
825
648
1119
646
649
1103
650
845
844
1110
837
807
831
1118
1114
814
802
843
804
1109
836
800
1115
839
797
843
1116
825
845
1115
846
1117
827
1121
827
799
1122
817
722
1108
821
717
800
1114
835
724
808
728
810
1124
819
813
1110
823
815
850
819
748
853
823
821
854
751
814
754
874
879
1127
834
1131
834
1124
839
834
826
899
830
895
783
879
826
780
899
805
784
896
791
1152
781
870
899
785
891
877
904
1165
791
873
900
857
1162
892
859
893
794
1166
794
829
905
792
825
1440
901
1440
1182
830
1425
1190
910
916
816
1432
1195
1411
913
898
821
920
1201
895
831
918
898
1188
834
922
898
833
936
902
1422
926
847
839
906
838
933
824
1211
909
1429
910
1419
1222
911
951
840
915
862
1194
818
918
957
1440
866
929
1425
989
1427
992
1207
882
937
1407
996
1390
887
983
913
973
1002
892
1397
886
1001
983
1234
926
985
891
990
1237
993
1024
1237
988
1020
1240
1244
1023
1427
992
1403
1016
1247
1406
987
1248
1407
1253
1399
1025
990
1387
1255
1026
993
1245
986
1247
1030
1241
1033
1239
1353
1235
1004
1014
1004
1358
1007
1017
1008
1013
1014
1344
999
1014
1014
1004
1014
1264
1002
1263
1001
1359
1019
1031
1268
1350
1266
1038
1338
1273
1027
1045
1337
1025
1049
1340
1276
1049
1343
1275
1054
1342
1275
1275
1340
1342
1262
1345
1254
1240
1335
1338
1243
1330
1241
1327
1244
1321
1243
1229
1310
1233
1295
1298
1234
1233
1293
1285
1225
1209
1282
1282
1210
1278
1205
1271
1203
1275
1200
1196
1247
1236
1197
1230
1181
1165
1227
1226
1158
1227
1229
1233
1236
1238
1236
1230
1207
1211
