4
4
4
4
8
8
8
8
12
12
12
12
16
16
16
16
20
20
20
20
24
24
24
24
28
28
28
28
32
32
32
32
36
36
36
36
40
40
40
40
44
44
44
44
48
48
48
48
52
52
52
52
56
56
56
56
60
60
60
60
64
64
64
64
67
67
67
67
71
71
71
71
75
75
75
75
79
79
79
79
83
83
83
83
87
87
87
87
91
91
91
91
95
95
95
95
99
99
99
99
103
103
103
103
107
107
107
107
111
111
111
111
115
115
115
115
119
119
119
119
123
123
123
123
127
127
127
127
130
131
135
135
135
139
140
140
143
143
145
145
149
14
4
154
154
156
158
157
160
17
166
5
168
170
173
173
174
20
6
44
34
184
184
38
185
188
187
192
52
35
198
41
202
29
23
206
206
22
210
211
8
42
214
221
59
65
53
228
47
230
88
46
235
238
32
238
243
14
89
7
68
255
83
256
53
260
262
267
268
110
89
44
5
279
277
40
5
286
7
128
28
293
116
300
301
146
304
307
77
38
7
32
73
5
40
321
58
326
328
15
146
28
24
334
20
337
342
113
35
74
349
36
109
88
49
76
25
10
362
179
363
19
57
36
370
370
373
63
59
152
118
49
384
145
40
43
112
391
209
30
4
397
401
73
405
75
145
12
412
412
6
13
188
70
6
181
31
424
148
20
4
66
9
26
435
437
39
175
442
111
36
33
43
448
58
224
451
50
217
36
53
34
184
66
202
465
63
472
475
82
16
251
478
27
11
244
63
80
211
229
355
90
106
499
502
51
12
43
158
508
24
38
271
90
238
110
382
259
133
526
529
16
39
185
48
535
298
14
265
406
137
286
157
550
556
40
31
72
69
322
7
565
289
285
41
574
167
580
131
18
61
28
346
309
99
595
598
601
11
22
367
42
203
8
167
207
11
97
416
625
135
9
300
394
15
47
35
58
234
38
239
17
203
443
655
36
133
421
9
45
336
13
140
467
44
86
60
97
682
278
445
5
242
72
50
287
167
48
71
23
375
466
709
52
125
308
314
99
140
194
186
86
733
82
73
341
207
167
751
113
94
769
365
134
112
787
188
130
155
805
209
176
823
230
841
197
859
215
877
895
913
931
949
967
985
1003
1021
655
673
691
4
4
4
4
8
8
8
8
12
12
12
12
16
16
16
16
20
20
20
20
24
24
24
24
28
28
28
28
32
32
32
32
36
36
36
36
40
40
40
40
44
44
44
44
48
48
48
48
52
52
52
52
56
56
56
56
60
60
60
60
64
64
64
64
67
67
67
67
71
71
71
71
75
75
75
75
79
79
79
79
83
83
83
83
87
87
87
87
91
91
91
91
95
95
95
95
99
99
99
99
103
103
103
103
107
107
107
107
111
111
111
111
115
115
115
115
119
119
119
119
123
123
123
123
127
127
127
127
130
131
131
133
134
135
137
137
141
141
141
143
145
146
146
147
20
150
151
152
153
155
156
157
157
161
161
161
162
166
166
166
170
170
170
170
174
33
20
176
31
180
180
182
183
27
30
188
188
188
59
192
192
192
193
196
32
199
16
203
205
12
205
53
209
209
36
64
72
215
60
219
219
221
24
69
227
228
62
231
230
232
37
15
52
63
83
48
22
94
245
245
24
247
27
251
251
252
114
89
6
60
24
21
265
266
85
269
73
51
51
275
127
58
57
281
116
285
54
39
290
292
51
112
28
18
157
305
308
143
312
316
75
136
52
19
42
21
329
329
184
25
6
339
99
18
343
27
5
43
353
48
49
211
30
39
366
367
48
64
9
32
70
28
380
238
57
69
393
33
19
52
404
60
25
84
417
37
27
60
79
431
10
87
52
111
444
54
28
455
106
76
8
471
41
130
97
32
14
495
62
154
7
56
5
35
12
519
28
178
23
15
22
56
30
23
543
8
10
24
16
47
15
205
46
54
42
16
31
32
50
570
48
36
43
74
29
78
235
40
52
56
20
72
17
600
32
98
70
102
76
64
34
80
65
96
34
41
88
274
9
59
88
101
639
20
117
71
109
22
115
30
9
73
109
70
17
310
22
44
131
95
133
49
675
127
14
36
107
22
23
49
47
340
145
74
125
18
57
21
166
705
5
47
49
56
169
367
9
152
45
104
27
48
18
196
735
32
22
27
26
82
196
72
131
182
45
57
45
765
220
149
109
96
209
84
167
241
792
117
136
236
816
257
837
278
858
299
879
320
900
341
921
362
942
383
963
404
984
425
1005
446
838
467
859
488
580
509
601
530
548
566
4
4
4
4
8
8
8
8
12
12
12
12
16
16
16
16
20
20
20
20
24
24
24
24
28
28
28
28
32
32
32
32
36
36
36
36
40
40
40
40
44
44
44
44
48
48
48
48
52
52
52
52
56
56
56
56
60
60
60
60
64
64
64
64
67
67
67
67
71
71
71
71
75
75
75
75
79
79
79
79
83
83
83
83
87
87
87
87
91
91
91
91
95
95
95
95
99
99
99
99
103
103
103
103
107
107
107
107
111
111
111
111
115
115
115
115
119
119
119
119
123
123
123
123
127
127
127
127
131
132
132
133
136
137
137
140
141
143
145
146
147
147
150
28
153
153
155
156
157
160
160
160
162
24
164
167
168
15
168
172
173
176
176
177
177
58
4
181
183
186
187
187
189
26
192
195
196
17
45
5
60
12
204
204
27
208
11
29
210
54
212
212
216
216
11
78
219
43
223
44
224
32
228
231
232
81
235
71
237
68
240
63
50
47
65
38
248
57
248
252
253
255
255
99
259
65
120
264
266
268
10
273
274
275
15
278
107
279
282
89
282
286
289
28
135
291
34
156
298
39
302
302
303
303
27
308
44
42
312
313
316
318
60
58
168
324
328
13
189
34
10
332
336
57
74
341
72
343
345
346
84
348
348
198
34
358
43
219
12
64
362
366
29
11
9
6
373
372
374
376
58
21
78
381
36
246
391
392
56
396
41
396
400
39
36
27
404
16
406
30
88
51
108
411
276
14
28
421
425
180
427
426
69
11
57
433
434
46
60
438
118
303
41
448
19
58
207
454
455
38
456
458
87
463
90
327
148
472
43
231
478
479
62
482
483
15
487
114
351
117
499
15
500
28
258
505
25
509
511
510
42
375
49
24
39
28
527
405
529
52
531
288
538
539
399
10
4
51
66
55
552
554
432
556
315
562
566
426
25
37
79
573
93
578
456
583
339
586
590
591
453
103
602
604
360
610
611
241
332
127
625
474
381
259
632
634
353
646
151
277
402
498
374
658
295
420
667
175
522
141
682
438
688
199
546
162
322
706
709
223
340
570
727
730
358
247
745
594
754
376
763
615
775
394
781
636
272
796
799
657
290
817
817
678
835
838
699
853
859
350
720
880
368
741
386
759
404
536
422
554
4
4
4
4
8
8
8
8
12
12
12
12
16
16
16
16
20
20
20
20
24
24
24
24
28
28
28
28
32
32
32
32
36
36
36
36
40
40
40
40
44
44
44
44
48
48
48
48
52
52
52
52
56
56
56
56
60
60
60
60
64
64
64
64
67
67
67
67
71
71
71
71
75
75
75
75
79
79
79
79
83
83
83
83
87
87
87
87
91
91
91
91
95
95
95
95
99
99
99
99
103
103
103
103
107
107
107
107
111
111
111
111
115
115
115
115
119
119
119
119
123
123
123
123
127
127
127
127
130
130
132
134
134
136
138
139
141
143
143
143
145
147
147
149
150
152
154
29
157
158
160
163
163
166
166
168
168
171
172
174
13
176
176
179
53
10
50
65
190
190
192
194
196
196
198
200
201
43
206
211
77
13
40
92
16
7
219
221
222
223
223
227
15
7
231
27
21
73
58
27
241
12
107
46
73
248
46
40
252
252
115
34
256
45
100
57
51
264
57
91
134
17
45
276
278
279
106
69
283
73
20
148
127
84
18
161
297
44
300
124
22
93
309
136
44
151
103
111
4
45
30
324
15
117
169
49
333
24
35
339
38
345
141
175
187
40
66
48
363
9
51
15
369
5
71
9
171
74
16
211
30
38
25
95
5
21
33
48
402
8
38
24
204
29
49
241
49
68
26
30
35
12
45
131
432
57
234
59
139
47
79
63
33
17
456
63
25
87
160
71
264
9
477
46
47
6
26
92
291
16
217
36
70
20
27
15
10
19
18
119
56
12
19
4
43
244
324
17
36
50
29
27
46
60
40
18
146
43
51
89
45
37
47
51
357
167
59
70
48
4
116
72
72
188
15
74
16
86
134
15
28
100
93
209
102
13
39
40
104
13
155
116
45
8
230
34
130
61
8
34
176
12
13
16
69
55
130
31
38
29
197
58
91
16
42
40
43
154
24
36
13
64
7
37
21
121
54
45
67
72
13
40
58
18
31
45
66
6
145
34
96
14
39
84
58
166
30
117
57
38
102
82
187
138
120
59
103
208
159
138
80
124
229
180
101
145
250
201
122
166
271
222
143
187
292
164
310
182
328
200
346
364
382
400
418
436
454
472
490
508
526
544
562
580
598
616
634
652
670
688
4
4
4
4
8
8
8
8
12
12
12
12
16
16
16
16
20
20
20
20
24
24
24
24
28
28
28
28
32
32
32
32
36
36
36
36
40
40
40
40
44
44
44
44
48
48
48
48
52
52
52
52
56
56
56
56
60
60
60
60
64
64
64
64
67
67
67
67
71
71
71
71
75
75
75
75
79
79
79
79
83
83
83
83
87
87
87
87
91
91
91
91
95
95
95
95
99
99
99
99
103
103
103
103
107
107
107
107
111
111
111
111
115
115
115
115
119
119
119
119
123
123
123
123
127
127
127
127
131
131
132
133
135
136
4
140
141
141
142
145
146
146
147
149
151
154
154
156
156
36
160
163
163
162
166
166
167
168
42
29
40
174
31
177
178
178
33
182
182
186
187
5
69
192
193
196
196
195
198
200
72
202
204
73
61
208
65
36
63
213
214
216
218
35
220
223
225
30
225
229
31
102
232
97
65
236
90
109
243
4
72
63
65
250
250
252
254
256
58
66
114
124
92
123
28
148
89
90
102
277
70
281
283
28
138
148
119
26
15
110
150
175
14
28
304
6
100
128
156
55
50
42
19
52
325
41
30
149
180
24
343
43
62
173
201
361
8
9
48
22
21
23
194
14
382
72
30
35
20
20
20
24
45
52
38
53
38
102
41
45
47
21
77
7
69
45
16
34
96
72
5
12
43
21
4
10
120
8
11
26
4
33
64
42
4
5
141
37
32
25
19
43
50
88
41
37
21
165
53
37
40
49
38
71
22
70
115
76
42
31
61
28
192
92
60
46
100
22
20
82
58
213
113
55
24
8
11
6
9
127
234
49
106
47
137
45
35
35
33
148
36
255
66
53
28
4
166
57
16
279
15
90
74
49
25
187
12
7
78
20
28
43
39
306
70
101
211
13
36
31
44
52
7
327
21
31
125
52
17
348
22
34
49
48
24
366
15
32
10
50
22
55
19
6
28
51
9
396
59
45
52
9
4
49
75
30
5
36
83
426
30
75
10
23
10
31
102
447
110
51
41
31
4
40
9
129
59
75
28
30
77
13
21
12
19
22
4
6
16
34
14
19
30
104
43
48
46
31
33
48
43
46
51
66
64
69
84
87
102
120
138
156
174
192
210
228
246
264
282
300
4
4
4
4
8
8
8
8
12
12
12
12
16
16
16
16
20
20
20
20
24
24
24
24
28
28
28
28
32
32
32
32
36
36
36
36
40
40
40
40
44
44
44
44
48
48
48
48
52
52
52
52
56
56
56
56
60
60
60
60
64
64
64
64
67
67
67
67
71
71
71
71
75
75
75
75
79
79
79
79
83
83
83
83
87
87
87
87
91
91
91
91
95
95
95
95
99
99
99
99
103
103
103
103
107
107
107
107
111
111
111
111
115
115
115
115
119
119
119
119
123
123
123
123
127
127
127
127
130
131
132
135
135
137
138
16
139
141
143
144
147
147
148
148
151
152
152
153
29
156
156
157
159
160
161
163
163
165
165
168
171
171
49
174
175
28
17
179
179
7
184
184
186
186
62
21
190
192
192
193
196
196
197
198
201
201
205
204
47
61
37
42
214
216
216
92
220
15
222
222
24
20
226
103
63
14
74
235
234
7
239
91
243
12
244
247
48
249
44
84
127
98
5
28
31
16
47
60
5
267
99
271
42
68
108
151
7
282
122
282
286
30
120
29
61
89
44
297
55
175
99
34
146
310
309
141
110
318
6
17
322
321
66
199
58
40
170
117
6
132
131
38
343
345
33
351
82
355
194
141
152
30
70
59
162
369
57
373
22
19
28
381
109
221
176
385
168
10
15
12
40
192
396
49
55
197
9
136
248
411
195
37
171
61
6
39
423
218
48
76
23
225
275
42
82
444
444
16
63
204
242
39
47
19
72
8
462
24
113
40
7
16
17
17
480
93
6
49
486
48
38
143
20
38
38
43
37
114
15
510
69
36
12
65
132
519
61
10
12
56
537
48
150
25
6
42
549
88
40
39
168
24
86
564
9
52
11
573
17
29
64
45
192
30
588
20
38
594
50
85
66
44
20
12
222
9
6
29
618
53
87
4
30
30
27
50
20
252
639
59
48
111
13
83
19
34
41
660
69
279
34
10
40
20
14
681
18
297
20
26
31
18
7
17
44
38
12
318
705
44
45
25
10
53
31
38
45
14
36
342
732
46
20
69
26
37
65
64
41
369
233
47
50
390
254
68
71
411
275
89
293
432
311
450
468
486
504
522
540
558
576
594
612
630
648
666
684
702
500
518
4
4
4
4
8
8
8
8
12
12
12
12
16
16
16
16
20
20
20
20
24
24
24
24
28
28
28
28
32
32
32
32
36
36
36
36
40
40
40
40
44
44
44
44
48
48
48
48
52
52
52
52
56
56
56
56
60
60
60
60
64
64
64
64
67
67
67
67
71
71
71
71
75
75
75
75
79
79
79
79
83
83
83
83
87
87
87
87
91
91
91
91
95
95
95
95
99
99
99
99
103
103
103
103
107
107
107
107
111
111
111
111
115
115
115
115
119
119
119
119
123
123
123
123
127
127
127
127
130
130
130
132
134
136
136
137
140
140
141
141
145
146
146
150
29
151
154
154
155
155
160
26
160
34
163
163
28
168
17
169
169
172
173
42
173
178
59
21
184
184
25
188
14
190
61
59
28
196
196
61
199
27
201
202
203
53
75
206
208
19
51
214
58
220
44
55
223
224
226
95
229
229
27
97
56
60
237
86
78
241
241
52
26
71
85
253
253
23
257
54
259
259
128
86
265
130
25
105
270
53
274
277
112
283
283
53
28
289
129
17
8
52
297
133
301
15
307
310
17
150
55
316
32
44
154
16
324
39
328
171
28
41
334
340
340
40
71
351
24
352
189
17
358
55
364
367
64
207
98
48
110
19
378
41
382
8
7
82
391
228
394
16
40
94
125
75
405
140
4
32
22
5
415
103
112
40
64
33
96
28
429
53
52
28
130
49
176
136
130
41
9
91
14
451
25
55
16
66
459
19
27
5
163
11
15
38
209
36
22
7
49
483
43
77
487
27
18
51
102
25
20
42
38
13
55
44
49
199
507
69
40
51
76
517
44
36
66
132
37
54
73
61
531
226
27
67
14
544
71
63
159
549
97
20
20
253
54
38
94
567
353
118
186
44
23
5
44
21
14
591
121
139
380
28
16
26
216
48
53
41
160
618
40
55
240
178
77
639
76
64
196
264
101
660
97
214
88
288
681
125
232
118
112
312
702
250
149
139
136
723
268
336
173
160
286
744
160
360
181
197
304
765
184
384
202
221
322
786
208
223
273
340
245
807
358
294
266
825
376
284
843
394
302
861
412
320
879
430
338
897
448
356
915
466
374
736
484
392
754
502
772
520
790
538
808
556
826
844
496
514
4
4
4
4
8
8
8
8
12
12
12
12
16
16
16
16
20
20
20
20
24
24
24
24
28
28
28
28
32
32
32
32
36
36
36
36
40
40
40
40
44
44
44
44
48
48
48
48
52
52
52
52
56
56
56
56
60
60
60
60
64
64
64
64
67
67
67
67
71
71
71
71
75
75
75
75
79
79
79
79
83
83
83
83
87
87
87
87
91
91
91
91
95
95
95
95
99
99
99
99
103
103
103
103
107
107
107
107
111
111
111
111
115
115
115
115
119
119
119
119
123
123
123
123
127
127
127
127
130
130
131
132
134
137
137
138
141
141
141
142
145
145
145
149
149
150
150
154
155
155
158
158
159
162
163
163
167
167
167
168
172
174
174
175
176
178
179
179
183
184
184
189
189
191
191
194
196
196
197
198
200
200
202
206
207
210
211
210
211
214
215
218
218
220
221
223
225
226
230
230
230
231
235
237
239
239
240
241
245
247
250
251
252
253
252
257
257
260
262
264
264
271
271
275
273
275
276
281
281
281
286
288
288
290
295
295
294
300
302
304
302
309
311
312
316
315
319
320
324
323
325
323
330
334
336
336
341
343
344
346
344
348
350
351
357
361
360
365
368
365
367
372
373
377
378
384
383
388
386
391
395
396
400
399
401
404
408
407
415
415
420
419
420
424
428
428
432
439
439
437
441
448
452
449
453
455
460
463
462
472
470
474
476
473
481
487
483
491
491
496
495
500
502
504
511
509
512
516
520
524
523
525
527
535
533
537
544
544
548
545
546
554
559
558
565
563
568
567
572
575
579
583
581
586
592
588
596
596
600
599
607
607
609
616
620
617
621
628
631
630
640
638
644
642
649
655
651
659
664
663
668
670
672
679
680
684
688
692
691
693
703
701
705
712
712
716
714
727
722
726
733
736
740
735
743
747
751
754
760
756
764
764
768
775
775
777
784
788
785
789
799
796
798
808
806
812
810
817
823
819
832
827
831
836
838
840
847
848
852
856
860
859
861
871
869
873
880
880
884
882
895
890
894
904
901
908
903
911
919
915
922
928
924
932
932
936
943
943
945
952
956
953
957
967
964
966
976
980
974
978
985
991
1000
999
1004
1015
1017
1024
1028
1039
1048
1052
1063
1072
1076
1087
1096
1100
1117
1121
4
4
4
4
8
8
8
8
12
12
12
12
16
16
16
16
20
20
20
20
24
24
24
24
28
28
28
28
32
32
32
32
36
36
36
36
40
40
40
40
44
44
44
44
48
48
48
48
52
52
52
52
56
56
56
56
60
60
60
60
64
64
64
64
67
67
67
67
71
71
71
71
75
75
75
75
79
79
79
79
83
83
83
83
87
87
87
87
91
91
91
91
95
95
95
95
99
99
99
99
103
103
103
103
107
107
107
107
111
111
111
111
115
115
115
115
119
119
119
119
123
123
123
123
127
127
127
127
130
130
131
7
134
8
136
137
138
140
142
144
144
145
146
148
148
149
152
21
154
155
156
157
158
18
27
164
165
164
40
6
41
170
170
9
44
177
36
178
30
182
183
184
186
188
54
190
28
67
28
194
196
199
69
203
63
206
48
41
10
51
215
215
89
69
16
81
4
225
229
229
67
233
34
73
238
34
241
239
242
31
28
14
80
12
254
117
15
262
61
265
268
269
52
272
19
274
36
61
25
8
44
284
39
31
292
6
295
57
298
299
46
29
302
52
11
314
316
61
78
30
322
73
325
326
187
34
340
44
28
347
349
94
353
18
358
220
8
11
370
16
70
58
36
21
379
83
17
383
16
386
133
37
9
38
400
400
34
118
38
406
53
410
7
10
40
63
56
125
55
428
427
175
433
23
13
437
31
54
74
37
445
7
18
79
163
29
98
27
47
85
95
463
108
170
39
469
100
206
473
220
40
58
99
116
62
118
60
490
12
140
17
19
206
505
13
242
200
139
256
21
76
33
20
31
520
170
50
34
52
163
236
42
272
538
41
286
233
109
550
64
60
200
184
83
62
266
568
313
78
263
205
577
139
227
94
83
96
113
293
340
598
101
604
114
254
616
320
119
367
631
634
281
137
347
394
514
155
658
308
532
374
173
421
685
550
191
398
445
568
709
209
422
469
586
227
443
604
358
245
464
622
263
379
366
281
485
384
299
503
402
317
521
420
335
539
438
353
557
456
371
575
474
389
593
492
407
611
425
629
443
647
665
683
701
719
737
755
773
791
809
827
845
863
881
899
917
935
953
971
989
1007
1025
1043
1061
1079
1097
1115
1133
1151
1169
1187
1205
1223
1241
1259
1277
1295
1313
1331
1349
4
4
4
4
8
8
8
8
12
12
12
12
16
16
16
16
20
20
20
20
24
24
24
24
28
28
28
28
32
32
32
32
36
36
36
36
40
40
40
40
44
44
44
44
48
48
48
48
52
52
52
52
56
56
56
56
60
60
60
60
64
64
64
64
67
67
67
67
71
71
71
71
75
75
75
75
79
79
79
79
83
83
83
83
87
87
87
87
91
91
91
91
95
95
95
95
99
99
99
99
103
103
103
103
107
107
107
107
111
111
111
111
115
115
115
115
119
119
119
119
123
123
123
123
127
127
127
127
130
130
132
133
134
136
137
139
141
141
142
145
147
148
151
151
152
19
155
154
156
11
159
14
10
162
164
165
168
169
169
13
172
175
175
177
178
36
178
18
37
183
5
7
187
37
190
47
194
61
198
198
201
56
17
202
206
207
208
29
52
67
61
72
216
219
220
57
223
224
46
50
231
50
14
238
96
240
20
243
246
247
247
87
251
74
76
38
120
44
267
267
268
271
272
111
100
12
59
12
7
147
294
294
298
138
80
127
26
33
42
34
19
177
321
324
101
165
154
37
53
61
119
9
201
348
168
58
9
192
24
8
19
222
13
33
88
189
146
375
13
21
82
219
9
26
39
51
4
38
249
49
60
216
43
118
40
405
48
109
36
53
249
64
34
74
52
4
6
130
21
148
57
435
21
85
279
17
25
151
64
104
78
82
36
6
51
178
109
465
51
21
172
22
47
16
315
30
75
133
190
208
495
68
46
51
10
54
46
21
345
211
157
16
10
15
238
95
525
34
18
175
17
151
235
54
34
262
9
12
52
549
196
58
51
175
259
131
54
10
33
53
289
217
90
576
277
15
45
202
88
164
37
238
295
87
26
6
36
603
120
5
18
25
75
28
262
6
319
30
60
114
53
630
29
49
45
19
49
343
10
135
33
292
50
90
654
70
79
364
54
49
71
319
675
88
117
385
75
73
92
696
106
343
141
406
96
97
717
367
424
165
735
442
388
186
753
460
409
207
771
478
430
789
228
496
451
807
249
514
825
472
532
843
490
550
861
508
568
879
526
586
897
544
604
915
562
432
933
580
450
951
598
969
616
987
634
1005
652
1023
670
1041
688
1059
706
1077
724
1095
742
1113
760
778
4
4
4
4
8
8
8
8
12
12
12
12
16
16
16
16
20
20
20
20
24
24
24
24
28
28
28
28
32
32
32
32
36
36
36
36
40
40
40
40
44
44
44
44
48
48
48
48
52
52
52
52
56
56
56
56
60
60
60
60
64
64
64
64
67
67
67
67
71
71
71
71
75
75
75
75
79
79
79
79
83
83
83
83
87
87
87
87
91
91
91
91
95
95
95
95
99
99
99
99
103
103
103
103
107
107
107
107
111
111
111
111
115
115
115
115
119
119
119
119
123
123
123
123
127
127
127
127
130
130
131
134
134
134
137
138
138
142
9
143
12
147
147
148
149
151
152
153
156
156
157
161
160
163
15
165
164
15
36
172
173
42
175
10
179
179
19
48
185
186
39
47
190
191
196
45
10
40
202
203
13
8
18
75
43
20
212
74
6
218
61
224
72
15
229
230
232
42
35
46
47
49
111
248
36
96
47
63
253
42
12
265
65
117
274
63
5
30
12
20
289
86
141
48
12
298
26
90
4
13
39
47
13
316
69
168
39
325
34
117
31
31
22
90
37
340
80
55
138
14
62
9
10
358
361
18
114
67
20
58
16
27
82
38
379
34
36
20
95
11
391
144
51
47
397
100
46
57
41
63
38
415
418
171
124
6
11
4
81
90
436
8
65
442
27
32
198
148
31
457
29
10
463
48
120
53
169
5
95
4
4
228
481
61
32
490
11
14
43
196
29
153
31
25
31
128
29
508
261
94
22
41
65
223
49
32
79
532
161
43
65
294
244
127
98
553
65
262
86
112
12
194
327
225
280
18
160
30
131
110
12
221
298
249
354
42
30
134
14
316
245
273
17
378
9
155
337
38
11
38
272
27
173
22
405
22
361
65
17
45
38
194
299
46
16
43
247
41
4
8
215
95
326
64
43
268
26
62
6
34
82
125
289
44
22
356
83
103
33
149
43
101
8
380
21
5
61
26
122
173
8
45
19
26
23
146
197
37
32
44
167
55
218
53
21
73
68
188
242
45
206
92
266
224
284
242
302
260
320
278
338
296
356
173
374
191
392
209
410
428
446
464
482
500
518
536
554
572
590
608
626
644
662
680
698
716
734
752
770
788
806
824
842
860
878
896
914
767
785
803
4
4
4
4
8
8
8
8
12
12
12
12
16
16
16
16
20
20
20
20
24
24
24
24
28
28
28
28
32
32
32
32
36
36
36
36
40
40
40
40
44
44
44
44
48
48
48
48
52
52
52
52
56
56
56
56
60
60
60
60
64
64
64
64
67
67
67
67
71
71
71
71
75
75
75
75
79
79
79
79
83
83
83
83
87
87
87
87
91
91
91
91
95
95
95
95
99
99
99
99
103
103
103
103
107
107
107
107
111
111
111
111
115
115
115
115
119
119
119
119
123
123
123
123
127
127
127
127
130
131
131
131
135
135
12
136
139
140
140
141
143
144
146
148
7
150
153
33
154
11
157
15
161
161
164
164
42
166
168
31
171
173
173
174
175
10
40
184
186
187
188
44
69
55
51
195
44
197
23
21
204
206
32
208
210
212
215
216
218
68
52
226
228
56
90
233
234
62
239
60
245
249
254
254
91
260
90
275
275
279
281
284
121
296
120
302
305
311
148
317
323
329
335
338
344
353
359
365
371
380
386
389
401
407
407
422
425
428
443
443
449
461
464
470
479
485
491
497
506
512
515
527
533
533
548
551
554
569
569
575
587
590
596
605
611
617
623
632
638
641
653
659
659
674
677
680
695
695
701
713
716
722
731
737
743
749
758
764
767
782
785
800
803
818
821
836
839
854
857
872
875
890
893
908
911
926
929
944
947
962
965
980
983
998
1001
1016
1019
1034
1037
1052
1055
1070
1073
1088
1091
1106
1109
1124
1127
1142
1145
1160
1163
1178
1181
1196
1199
1214
1217
1232
1235
1250
1253
1268
1271
1286
1289
1304
1307
1322
1325
1340
1343
1358
1361
1376
1379
1394
1397
1412
1415
1430
1433
1448
1451
1466
1469
1484
1487
1502
1505
1520
1523
1538
1541
1556
1559
1574
1577
1592
1595
1610
1613
1628
1631
1646
1649
1664
1667
1682
1685
1700
1703
1718
1721
1736
1739
1754
1772
1790
1808
1826
1844
1862
1880
1898
1916
1934
1952
1970
1988
2006
2024
2042
2060
2078
2096
2114
2132
2150
2168
2186
2204
2222
2240
2258
2276
2294
2312
2330
2348
2366
2384
2402
2420
2438
2456
2474
2492
2510
2528
2546
2564
2582
2600
2618
2636
2654
2672
2690
2708
2726
2744
2762
2780
2798
2816
2834
2852
2870
2888
2906
2924
2942
2960
2978
2996
3014
3032
3050
3068
3086
3104
3122
3140
3158
3176
3194
3212
3230
3248
3266
3284
3302
3320
3338
3356
3374
3392
3410
3428
3446
3464
3482
3500
3518
3536
3554
3572
3590
4
4
4
4
8
8
8
8
12
12
12
12
16
16
16
16
20
20
20
20
24
24
24
24
28
28
28
28
32
32
32
32
36
36
36
36
40
40
40
40
44
44
44
44
48
48
48
48
52
52
52
52
56
56
56
56
60
60
60
60
64
64
64
64
67
67
67
67
71
71
71
71
75
75
75
75
79
79
79
79
83
83
83
83
87
87
87
87
91
91
91
91
95
95
95
95
99
99
99
99
103
103
103
103
107
107
107
107
111
111
111
111
115
115
115
115
119
119
119
119
123
123
123
123
127
127
127
127
132
134
134
135
136
139
139
142
142
143
143
147
147
148
148
151
152
155
155
157
159
160
162
163
28
36
169
169
171
173
174
175
175
177
23
179
33
182
184
184
17
187
191
13
58
195
15
24
199
199
72
28
203
204
207
26
208
209
15
56
20
214
215
217
50
220
75
43
37
22
34
229
51
57
233
53
237
239
239
241
244
48
70
248
250
250
73
253
62
74
64
259
55
76
266
269
4
271
78
277
97
278
88
283
283
27
85
289
290
21
31
22
299
8
304
124
108
308
310
313
313
314
54
45
46
58
32
326
18
331
332
23
21
337
124
192
341
81
72
14
39
29
353
29
91
145
32
213
53
367
51
5
371
15
60
376
16
102
30
166
23
59
53
237
68
22
39
68
37
398
403
190
129
41
258
47
412
11
66
46
89
422
211
11
153
4
433
282
35
439
13
13
113
171
235
28
38
457
309
463
6
189
37
65
14
43
140
29
12
207
20
58
339
490
36
4
41
70
29
225
10
56
39
47
21
85
517
220
243
31
66
53
100
37
20
538
261
74
72
112
74
54
253
99
279
559
95
15
133
19
53
98
25
105
17
27
131
306
14
129
42
589
14
17
49
166
25
86
128
55
6
47
27
35
60
336
164
47
162
12
52
47
625
199
82
85
119
74
164
39
363
35
66
192
25
25
226
109
48
101
661
121
390
213
200
247
17
71
55
102
139
61
131
234
694
145
420
230
47
101
85
8
12
718
166
12
447
254
125
74
29
112
187
30
39
742
21
10
474
281
152
19
136
31
28
772
495
51
37
311
157
58
55
799
175
335
73
820
356
91
841
377
109
862
398
127
416
434
452
470
488
506
4
4
4
4
8
8
8
8
12
12
12
12
16
16
16
16
20
20
20
20
24
24
24
24
28
28
28
28
32
32
32
32
36
36
36
36
40
40
40
40
44
44
44
44
48
48
48
48
52
52
52
52
56
56
56
56
60
60
60
60
64
64
64
64
67
67
67
67
71
71
71
71
75
75
75
75
79
79
79
79
83
83
83
83
87
87
87
87
91
91
91
91
95
95
95
95
99
99
99
99
103
103
103
103
107
107
107
107
111
111
111
111
115
115
115
115
119
119
119
119
123
123
123
123
127
127
127
127
130
130
130
130
134
135
137
137
138
139
141
142
142
145
145
146
147
150
151
151
152
155
156
156
159
160
161
162
164
165
165
166
168
169
14
173
24
173
176
177
177
178
181
181
49
186
186
28
190
190
191
23
194
5
25
16
200
19
7
204
26
208
209
53
211
212
214
66
217
85
222
222
40
67
226
59
230
41
233
61
52
236
43
240
62
6
244
245
247
122
252
255
256
100
24
88
263
22
70
9
137
92
17
92
8
275
277
152
285
285
130
22
100
89
38
121
52
39
167
122
122
38
305
307
43
4
312
315
19
7
130
30
22
151
146
169
69
329
128
336
4
28
342
343
43
40
170
90
55
353
66
14
360
49
205
64
366
164
40
114
374
28
381
382
70
38
79
85
35
238
395
6
7
141
402
91
73
106
65
61
415
19
62
24
419
21
33
426
115
271
130
40
89
19
106
86
48
46
446
48
139
453
298
15
157
104
67
46
133
73
7
473
163
12
122
39
480
36
181
84
31
26
334
76
19
39
140
20
106
27
17
172
5
506
46
196
72
513
51
214
161
64
75
59
26
50
87
52
75
60
47
142
536
79
229
543
105
16
247
97
114
82
166
90
563
103
17
231
259
43
135
277
187
15
21
38
587
127
117
255
286
67
15
301
36
214
22
59
48
611
17
154
144
279
6
30
91
10
316
63
45
331
86
263
244
52
78
32
44
303
184
115
177
36
37
63
90
287
349
271
364
327
105
62
211
108
207
308
295
376
348
391
232
126
329
231
316
369
99
144
101
415
350
255
337
390
162
123
153
355
408
180
279
174
373
426
192
391
444
210
409
462
228
427
246
445
264
463
481
499
517
535
4
4
4
4
8
8
8
8
12
12
12
12
16
16
16
16
20
20
20
20
24
24
24
24
28
28
28
28
32
32
32
32
36
36
36
36
40
40
40
40
44
44
44
44
48
48
48
48
52
52
52
52
56
56
56
56
60
60
60
60
64
64
64
64
67
67
67
67
71
71
71
71
75
75
75
75
79
79
79
79
83
83
83
83
87
87
87
87
91
91
91
91
95
95
95
95
99
99
99
99
103
103
103
103
107
107
107
107
111
111
111
111
115
115
115
115
119
119
119
119
123
123
123
123
127
127
127
127
130
131
133
134
135
137
138
139
140
141
143
146
147
147
147
150
151
154
154
155
155
158
158
159
160
162
24
163
164
166
10
169
20
170
173
173
175
177
177
182
183
187
187
187
188
191
191
192
17
195
195
29
197
60
50
200
46
204
205
208
53
212
9
214
17
12
13
83
44
222
224
90
226
230
231
65
234
30
236
82
10
241
244
107
89
71
248
117
53
48
49
258
54
260
262
15
34
266
18
268
270
25
21
280
125
52
36
287
13
289
14
294
48
298
302
70
51
57
306
310
61
310
161
41
75
24
49
81
331
334
335
26
339
337
12
10
11
191
9
5
7
54
21
111
361
31
36
365
56
369
367
28
41
33
221
20
35
45
26
138
391
8
391
395
52
18
399
57
68
22
44
50
254
29
165
18
418
421
78
425
79
45
429
95
52
74
50
42
284
192
99
29
445
103
27
119
71
457
98
461
120
465
216
124
469
317
92
62
119
487
124
491
495
110
137
142
511
128
515
155
253
160
146
173
535
539
277
178
164
191
559
563
182
209
580
584
200
227
601
218
605
245
622
236
263
626
254
643
281
647
272
299
664
668
290
317
685
689
308
335
706
480
326
353
727
501
344
371
748
362
522
389
380
769
407
543
398
425
790
564
416
443
811
585
461
699
606
479
720
627
497
645
515
663
533
681
551
699
569
717
587
735
605
753
623
771
641
789
659
807
677
825
695
843
713
861
731
879
749
897
767
915
785
933
803
951
821
969
839
987
857
1005
875
1023
893
1041
911
1059
929
1077
947
1095
965
1113
983
1131
1001
1149
1019
1167
1037
1185
1055
1203
1073
1221
1091
1239
1109
1257
1127
1275
1145
1293
1163
1311
1181
1199
1217
1235
1253
1271
