5
8
6
10
5
12
5
5
10
5
13
7
22
13
5
29
5
5
5
9
13
5
7
18
25
10
13
5
21
7
13
8
5
16
20
8
22
14
5
21
26
40
5
18
5
51
6
5
27
36
7
42
5
12
6
22
27
5
16
7
7
40
8
41
7
49
5
6
13
8
5
10
12
18
123
5
5
33
26
11
143
13
58
8
5
13
64
8
9
85
8
66
5
9
9
16
5
6
90
149
7
6
12
125
6
16
125
5
11
14
72
5
30
5
9
37
8
49
6
217
9
13
9
22
14
5
14
6
19
5
11
14
13
19
5
6
16
25
5
31
16
5
17
12
6
7
21
12
18
24
5
7
5
16
7
24
5
6
17
5
14
5
5
14
9
21
5
51
5
42
21
5
72
5
84
5
34
6
10
8
12
91
82
5
5
19
9
5
31
29
5
14
18
5
14
5
31
8
5
11
9
17
5
13
39
5
7
56
5
39
5
60
5
30
34
5
11
15
81
5
12
18
25
5
5
27
5
39
5
9
14
6
33
5
5
27
60
5
6
48
5
51
5
72
6
287
68
9
5
56
5
28
5
228
5
5
34
5
53
7
8
8
64
127
5
5
86
5
48
80
5
7
157
5
7
78
8
5
10
215
10
133
20
5
8
13
21
5
22
6
11
42
5
11
5
24
45
5
5
100
11
5
23
5
79
10
5
13
98
5
5
6
7
120
15
6
121
11
9
108
6
6
32
8
56
9
61
6
35
5
54
5
9
63
6
201
7
39
5
47
10
5
199
25
19
6
58
5
60
34
5
7
42
12
5
8
8
29
38
5
6
6
21
5
306
5
8
291
14
29
24
5
33
5
344
262
127
46
5
18
5
8
26
5
645
477
232
5
112
6
233
9
7
14
8
219
231
12
5
30
7
17
11
13
12
31
151
5
599
7
20
5
15
271
6
13
9
5
14
42
5
48
5
17
6
23
5
5
480
90
719
5
15
107
103
301
758
13
5
80
71
500
19
14
26
17
998
6
20
9
30
40
44
731
287
843
868
718
94
670
290
686
110
934
621
600
686
248
920
849
290
700
648
1073
501
752
264
607
985
406
787
948
910
426
321
795
822
1060
890
1306
984
1357
1174
1164
1521
963
1556
1277
1788
1433
5
13
5
18
5
12
10
13
21
31
5
7
35
37
5
5
16
5
18
8
30
5
8
33
5
38
8
8
5
103
16
9
6
104
5
12
5
10
27
5
24
5
13
15
8
18
5
34
8
5
22
8
30
9
5
40
7
194
8
5
12
9
59
13
5
137
111
5
90
125
5
5
6
10
133
13
160
5
20
5
26
5
9
13
6
5
22
28
5
18
5
5
50
8
10
5
18
7
26
17
5
42
8
80
5
40
7
5
50
54
5
66
6
66
27
19
7
5
16
21
43
5
14
20
7
5
61
12
8
5
5
19
7
26
5
202
5
15
21
5
17
9
19
9
6
40
16
5
31
55
48
5
31
5
38
9
6
13
7
6
22
7
5
34
5
12
5
20
53
5
5
16
7
25
10
5
79
5
9
27
6
32
37
5
9
15
18
5
38
21
14
28
7
41
12
31
5
34
68
5
62
45
7
50
5
79
8
6
111
27
10
36
5
14
6
151
5
11
18
13
159
26
5
136
9
99
160
14
7
238
5
5
7
9
5
34
10
5
8
5
287
35
5
39
19
5
7
25
5
12
204
5
71
7
5
45
15
5
57
5
13
9
6
17
24
6
7
6
16
29
8
5
13
101
13
5
16
5
5
26
6
9
10
7
19
7
8
171
5
11
16
5
159
6
7
6
12
5
13
33
5
6
12
9
5
45
12
5
17
26
64
10
35
14
73
11
5
83
16
29
5
14
20
5
57
6
10
55
8
5
21
5
115
5
132
15
12
5
17
8
33
5
144
7
33
140
5
17
9
14
109
5
36
5
6
64
8
6
125
14
9
30
5
36
5
5
116
9
8
37
90
10
5
110
13
5
102
5
7
81
5
68
24
5
295
12
5
5
33
46
8
33
16
9
14
12
284
17
320
5
7
246
68
165
7
356
12
25
8
5
13
26
8
5
44
11
49
15
5
37
5
71
70
5
6
5
36
10
106
5
112
5
32
6
8
18
5
31
6
15
6
8
21
48
146
6
7
15
6
12
6
41
5
32
46
54
42
5
5
21
10
208
5
7
121
74
5
7
101
336
5
5
8
261
8
32
5
41
6
6
52
300
253
132
91
175
113
728
708
377
250
194
414
446
551
735
858
515
872
616
5
5
5
10
14
16
5
19
7
26
5
10
5
18
11
6
27
5
27
9
5
32
14
5
14
5
19
8
27
5
10
27
5
13
26
5
50
33
8
45
14
5
38
5
11
5
19
7
88
6
10
33
15
41
12
16
5
101
57
5
18
5
103
140
5
66
88
47
5
12
5
16
5
7
26
5
16
5
167
5
14
23
19
5
24
5
7
7
5
14
18
5
25
9
27
16
5
37
9
5
12
24
6
14
55
6
19
38
12
14
5
5
5
9
5
12
5
11
14
5
20
5
25
13
6
19
6
8
25
8
15
35
7
5
13
36
5
44
5
16
9
23
5
74
5
6
9
14
6
18
6
7
12
30
5
29
9
12
41
5
14
5
13
23
18
28
5
15
65
22
67
40
5
5
24
5
26
34
12
12
5
57
5
10
11
15
5
127
20
6
7
15
68
5
17
5
21
9
85
5
12
47
54
56
5
163
7
143
6
87
7
5
26
17
5
25
5
11
5
12
55
9
5
15
8
259
6
10
9
14
5
5
14
20
14
5
21
25
9
12
5
5
6
11
15
5
19
9
21
6
8
8
5
23
28
23
7
5
25
12
6
16
24
7
5
27
38
5
22
6
44
46
5
9
17
6
44
9
5
14
7
22
8
5
16
6
59
20
7
5
12
95
5
7
67
12
42
97
5
109
7
91
8
67
6
12
6
131
5
5
10
28
15
5
128
27
16
5
11
7
16
136
219
5
7
5
160
134
14
11
5
15
16
26
5
21
42
5
45
5
11
186
5
16
9
18
9
22
9
26
7
33
9
7
289
5
12
6
19
7
5
11
17
5
23
23
13
5
32
11
5
38
33
5
8
21
7
36
6
351
7
33
8
52
46
8
5
6
19
8
24
13
35
5
42
5
5
7
121
13
18
5
20
11
31
5
13
20
7
6
25
11
32
16
5
42
20
10
26
5
12
6
18
20
6
43
9
47
9
38
43
7
12
114
5
6
110
6
13
8
18
11
5
14
7
7
258
5
11
6
16
9
15
5
22
10
5
15
6
10
5
15
10
5
15
7
20
8
5
13
7
5
11
12
19
13
5
9
26
5
32
7
19
5
23
5
55
5
7
11
12
5
68
5
26
5
22
7
28
110
5
6
9
10
25
5
12
6
17
17
5
35
16
5
17
18
5
51
10
5
39
6
9
20
7
12
55
8
29
6
10
74
7
15
5
96
6
5
10
5
17
8
5
15
24
28
5
11
12
36
5
39
12
5
18
9
57
9
58
5
7
20
7
6
26
5
79
6
7
13
43
6
47
6
53
8
5
31
5
15
5
8
20
6
41
5
5
138
7
5
12
57
8
5
76
16
96
5
8
101
13
5
21
13
99
5
8
9
172
6
224
9
129
21
9
9
153
36
5
73
6
10
5
5
26
9
5
5
20
10
5
39
6
26
5
8
34
9
5
9
94
5
264
5
5
7
47
5
113
5
97
114
72
8
5
16
91
5
141
5
85
6
91
19
5
105
5
22
5
38
124
5
17
5
24
6
187
5
133
66
204
7
67
5
33
5
36
8
15
5
13
24
524
7
12
5
13
213
5
18
210
5
245
5
444
7
5
15
256
5
10
414
5
5
10
9
36
11
5
23
12
49
5
12
5
18
5
6
67
5
5
6
524
6
485
7
5
8
80
25
7
568
12
5
10
6
288
13
22
26
5
642
6
5
27
5
34
7
26
5
8
43
14
19
5
13
8
22
5
54
6
11
94
5
11
8
16
23
8
27
5
118
5
9
12
17
5
119
7
33
5
5
40
12
5
122
5
34
5
27
6
40
42
5
22
9
51
5
16
20
17
71
12
5
55
6
247
6
49
8
5
229
8
129
16
809
5
910
628
26
23
5
9
38
5
13
5
23
20
5
7
122
5
12
6
46
5
67
14
18
5
17
5
8
65
12
5
27
7
7
77
6
11
268
6
13
6
128
6
11
71
6
15
5
11
5
18
9
21
5
29
14
5
18
5
151
5
10
5
16
8
25
15
5
5
5
8
5
9
1108
14
6
7
19
12
22
26
13
6
8
7
13
9
32
35
5
6
11
460
6
13
26
8
33
5
11
13
5
19
9
13
6
16
9
5
8
33
5
44
11
5
19
5
9
8
18
6
9
37
5
13
42
47
5
14
8
16
24
6
12
9
8
23
5
21
5
28
28
5
6
36
5
18
23
5
11
5
20
6
25
10
36
5
12
5
18
5
48
5
35
5
45
5
5
56
20
25
1549
1051
809
10
5
16
5
20
5
27
6
11
10
5
20
25
5
9
25
18
5
46
6
5
37
6
42
23
5
26
9
5
22
7
22
9
83
5
9
9
92
9
31
5
8
96
13
6
15
22
5
19
75
81
6
60
65
5
12
18
6
21
5
11
32
15
163
15
33
5
39
5
27
37
5
11
5
16
10
20
6
16
8
6
8
40
5
14
58
6
36
6
69
9
5
18
8
21
6
25
6
5
15
10
5
54
12
5
66
5
56
39
5
9
18
5
93
14
5
10
20
5
14
8
199
7
8
39
8
11
14
77
5
14
95
19
5
71
183
21
5
17
5
26
8
5
25
30
5
26
148
5
16
6
11
14
26
5
90
6
34
5
9
24
11
67
5
5
6
39
5
91
5
11
16
5
32
10
122
5
12
76
5
9
7
17
146
5
158
9
156
9
157
9
7
81
7
180
5
192
6
5
23
7
8
15
137
5
144
247
488
5
5
62
12
6
16
6
8
192
5
578
6
368
35
8
48
11
5
8
18
13
25
5
8
318
316
5
91
6
258
8
7
7
171
5
354
363
6
7
342
12
5
87
5
325
19
5
16
10
5
18
5
40
5
15
5
20
37
19
22
5
5
60
411
5
6
7
14
900
764
11
13
6
9
23
8
25
6
124
11
27
5
16
469
5
9
5
16
781
54
490
5
12
36
9
5
51
54
795
74
5
10
5
91
13
753
5
10
87
463
26
12
29
5
32
5
26
6
585
386
28
25
5
28
5
37
5
60
9
5
68
15
5
86
10
7
61
18
6
5
20
716
33
98
5
231
10
5
17
19
29
5
6
136
5
11
12
16
5
20
5
15
20
5
6
17
20
5
29
5
7
32
12
5
5
13
5
18
5
11
12
5
16
5
13
8
22
20
31
12
5
20
5
24
5
14
6
19
8
22
6
9
20
5
27
5
13
5
19
15
5
24
5
8
24
5
25
5
11
8
17
13
5
19
10
24
15
5
6
8
5
15
6
25
9
6
11
5
1417
6
19
5
11
24
7
18
5
13
11
5
19
13
15
10
1036
27
5
23
8
55
11
37
5
16
5
48
8
5
12
5
1307
5
10
7
17
5
8
5
14
7
8
6
11
16
16
23
27
26
47
54
70
1410
5
5
9
5
5
20
5
26
5
7
5
12
5
5
13
19
5
5
8
5
9
15
5
12
21
6
5
12
15
11
23
5
6
38
9
5
15
21
5
11
33
15
66
6
8
14
5
19
7
23
15
5
25
11
5
16
5
15
24
5
23
5
28
5
11
36
5
20
46
5
28
6
25
73
61
11
5
47
13
15
76
26
5
32
9
5
14
5
16
5
14
11
20
31
5
27
6
14
5
6
40
12
28
5
18
5
28
5
56
8
39
5
15
21
5
11
5
64
14
8
27
5
9
37
41
22
6
7
22
12
5
157
5
119
64
50
6
11
19
16
21
6
13
9
14
41
5
27
30
7
5
12
17
5
51
5
30
8
38
6
44
7
48
16
80
5
10
209
13
141
5
7
5
12
7
18
8
5
20
6
5
30
5
5
29
7
35
14
5
67
5
14
5
19
14
5
21
5
11
22
26
12
19
9
5
26
14
22
5
11
51
18
57
6
38
12
5
19
17
373
5
31
331
5
38
9
44
9
7
5
178
5
10
5
15
5
11
8
15
5
5
12
17
5
5
13
19
11
15
5
20
10
28
5
17
8
5
26
16
10
5
21
6
5
17
9
6
42
5
17
24
5
6
11
23
5
36
8
47
6
31
19
5
21
9
60
6
23
52
76
5
80
5
5
12
7
19
126
19
5
23
6
9
38
5
30
8
13
8
5
6
20
5
21
30
5
33
10
19
5
90
5
28
25
5
6
107
5
102
6
45
83
5
90
5
7
9
11
9
5
17
8
6
22
5
31
6
5
37
7
5
45
16
7
13
5
202
5
6
5
32
5
22
44
5
5
199
6
20
9
29
5
7
14
5
5
76
11
5
13
5
13
5
20
8
25
5
39
6
16
5
5
38
9
28
38
49
6
7
28
12
5
36
13
8
5
14
5
29
7
34
7
130
9
5
16
5
21
8
29
5
15
72
11
17
5
21
5
185
7
6
6
171
5
10
5
5
20
5
26
34
42
5
20
5
8
45
11
5
37
5
8
19
8
25
42
10
5
15
5
7
59
5
12
5
9
24
16
6
33
14
5
16
103
8
18
19
15
13
19
5
28
6
9
5
22
9
6
27
6
10
6
23
5
16
8
27
26
34
65
5
16
5
25
10
5
14
5
13
15
7
21
5
8
8
5
16
15
5
18
22
28
8
5
14
6
18
22
5
41
9
31
10
5
65
45
7
5
12
25
9
5
11
7
15
8
51
5
10
14
5
20
5
5
26
6
8
12
5
17
11
5
25
12
7
36
5
12
43
5
48
5
62
20
10
5
23
6
21
203
5
15
9
22
45
5
13
45
51
5
72
6
6
21
7
5
12
88
6
38
6
42
5
10
39
14
63
5
11
75
5
84
10
75
16
34
32
8
40
86
5
9
14
51
11
5
18
68
12
137
5
25
5
108
8
5
14
5
123
5
9
223
7
32
12
5
45
9
6
12
61
5
12
21
5
9
5
35
5
28
5
37
5
9
230
16
84
5
9
18
5
70
23
41
7
24
31
5
41
6
61
5
8
57
5
6
135
16
5
23
12
8
5
16
5
12
16
5
10
7
6
9
25
6
16
31
9
193
5
9
14
15
5
57
5
25
5
45
5
17
6
29
5
32
5
17
9
28
6
9
8
14
119
7
135
7
128
9
5
80
13
17
5
9
14
5
39
5
47
54
5
159
5
57
13
16
5
6
6
5
38
95
156
5
52
13
115
5
12
17
74
5
10
191
6
15
22
7
41
6
5
21
11
17
5
23
36
5
9
20
5
60
66
5
99
5
316
9
5
14
5
28
35
6
133
5
5
6
8
51
5
12
5
48
9
17
5
56
5
201
5
16
5
217
9
94
9
55
13
5
47
5
5
11
248
13
496
5
31
9
78
27
7
40
5
12
23
6
46
5
9
206
5
195
5
16
9
5
50
9
27
9
8
210
289
5
258
6
137
5
5
250
126
8
102
106
5
16
20
11
5
14
1009
5
10
6
14
5
20
5
7
13
5
34
17
411
5
20
6
10
16
36
5
14
17
70
10
5
15
241
5
476
6
11
14
394
6
12
5
17
8
12
5
5
5
810
6
10
5
15
11
742
5
14
6
409
758
12
5
414
25
5
26
5
10
40
39
5
10
23
10
5
30
13
17
5
12
514
19
5
42
5
22
5
45
8
64
5
11
9
5
13
28
30
5
37
6
28
6
31
6
12
5
17
18
5
8
17
120
116
48
891
114
687
90
163
90
176
991
731
5
8
5
6
12
5
18
5
20
25
5
5
14
5
17
5
7
5
9
19
20
5
19
9
25
5
17
26
6
11
5
16
9
24
9
26
9
37
5
16
8
22
5
28
9
5
5
14
18
5
8
8
11
5
14
5
5
11
7
5
16
13
5
12
19
5
5
12
8
19
8
6
9
12
20
9
5
14
15
20
20
5
29
8
24
27
17
5
44
5
8
5
13
6
16
10
9
22
5
28
5
40
5
47
5
52
48
5
10
5
12
9
5
8
7
5
12
5
5
6
10
14
5
15
21
5
15
6
9
5
20
21
5
29
6
41
44
5
12
6
17
5
16
8
22
5
11
5
9
5
44
12
31
38
5
56
5
12
13
17
5
81
5
89
5
8
8
5
15
25
6
34
14
45
5
21
5
55
62
13
5
17
6
18
9
13
5
13
18
14
5
22
11
5
18
25
5
6
9
8
5
9
5
12
24
6
6
32
9
5
15
23
5
29
29
27
5
19
6
25
7
48
5
57
7
8
46
14
5
6
18
6
21
7
5
15
5
15
19
5
19
5
12
8
32
5
12
29
5
6
7
37
7
15
43
8
8
60
5
14
77
11
5
15
52
5
14
19
5
20
16
5
39
10
5
52
30
5
53
29
5
85
5
5
88
5
5
8
169
5
13
118
5
151
110
9
5
86
5
16
27
5
23
37
5
5
9
24
6
36
25
5
36
16
275
5
56
59
5
5
67
9
6
73
38
7
12
5
10
48
15
5
60
12
6
118
5
11
5
5
17
7
24
8
32
15
5
5
118
5
92
89
5
71
5
14
10
20
5
12
24
112
5
124
8
45
5
111
8
233
10
5
448
16
246
5
26
10
5
31
13
5
15
8
5
9
7
6
36
300
5
32
13
5
65
28
5
9
42
38
43
5
20
5
24
5
73
9
596
8
5
9
7
7
11
5
12
14
10
19
28
8
11
14
34
30
5
5
5
5
9
17
5
15
8
23
8
11
14
17
5
18
5
17
10
22
12
5
45
9
5
8
54
5
5
584
5
8
8
7
5
12
619
12
299
16
7
24
16
5
7
9
5
14
5
5
15
24
5
27
5
5
40
28
5
36
7
6
11
42
15
5
5
5
13
6
7
12
23
31
5
5
6
20
5
5
28
10
8
16
8
21
9
8
6
5
5
5
5
14
7
20
5
12
26
8
30
8
5
7
5
12
6
6
7
5
13
6
8
5
13
5
18
5
12
7
8
8
39
8
6
5
45
6
5
13
5
17
11
18
5
19
13
22
18
5
23
14
22
5
8
33
5
42
24
5
7
31
5
18
6
11
25
5
14
53
6
7
6
15
8
6
14
23
72
5
7
7
114
7
8
5
20
7
16
5
10
24
15
6
40
5
7
56
6
5
35
5
74
5
39
6
63
5
39
9
11
52
16
79
5
11
7
16
10
13
5
20
10
11
32
5
22
5
5
5
142
5
9
185
15
6
14
16
5
6
9
15
22
6
30
12
9
32
19
5
40
5
47
5
10
64
12
223
8
5
13
5
8
245
5
8
6
12
9
281
7
5
12
9
9
19
8
26
9
7
10
17
20
5
5
5
28
10
20
5
23
6
5
53
6
7
43
64
10
5
9
16
8
57
70
5
40
5
77
5
5
114
5
27
5
7
8
49
5
53
8
56
5
10
5
16
5
12
16
5
20
8
25
5
5
180
10
6
13
27
14
5
30
21
5
21
5
33
9
5
39
5
7
21
5
66
5
9
68
6
13
58
5
16
50
5
82
5
5
39
112
6
10
87
13
5
55
6
129
10
6
15
8
20
26
5
48
5
8
169
5
18
19
5
10
10
17
22
5
24
52
5
6
194
11
39
5
11
216
5
16
63
7
28
7
36
5
38
9
22
5
7
5
24
6
30
5
8
6
16
40
5
8
20
11
23
5
31
68
5
6
7
842
31
47
5
5
32
72
5
6
42
11
16
5
5
8
38
5
113
28
59
5
7
5
9
17
22
5
8
125
158
5
20
5
104
6
130
94
5
67
5
48
5
202
114
6
7
16
6
230
16
71
5
10
17
5
38
19
5
33
7
9
54
5
16
92
5
9
16
6
9
22
13
5
28
5
23
9
92
6
5
265
5
7
113
5
34
5
40
5
5
60
11
39
12
5
48
5
50
20
7
12
17
5
323
5
146
6
44
9
14
762
295
169
135
159
71
488
267
1150
331
174
182
208
279
288
212
669
253
287
248
387
340
744
654
709
460
745
1649
1367
705
974
1790
7
5
12
8
5
5
7
5
29
14
5
39
5
5
5
12
17
5
18
5
23
13
30
19
5
9
26
7
6
12
5
17
5
23
13
28
5
17
8
32
11
5
13
6
11
47
6
18
6
49
20
11
5
17
5
39
5
10
44
14
25
29
5
6
17
90
5
27
7
67
5
10
78
14
5
102
5
6
12
12
6
17
11
166
20
5
27
24
5
34
9
28
16
5
6
16
11
5
16
6
5
5
45
6
77
5
41
9
8
64
6
9
8
5
12
9
122
33
5
8
44
11
5
50
5
11
23
5
5
31
7
8
52
5
59
5
92
5
78
6
197
11
5
195
8
18
198
124
12
32
5
11
100
9
16
8
209
231
225
5
171
5
178
9
15
5
259
5
7
7
26
9
36
13
5
35
8
5
47
68
16
5
67
5
9
349
16
36
8
358
9
22
15
5
20
238
5
45
6
134
5
40
9
49
8
5
17
13
5
5
71
9
86
5
5
48
13
5
17
5
105
6
35
6
95
11
5
25
6
31
5
7
33
12
5
36
5
16
41
9
23
8
11
13
30
6
67
17
6
9
5
22
5
286
10
5
38
14
5
134
16
116
6
48
21
5
24
5
30
5
482
43
7
12
19
5
15
24
5
25
6
37
14
5
33
8
5
33
14
5
132
5
11
13
5
16
6
24
5
5
27
6
5
37
5
8
65
6
14
44
5
7
59
7
130
7
5
83
12
7
129
10
14
5
84
166
80
106
6
9
172
9
13
31
8
267
6
41
132
25
7
6
31
5
30
5
20
5
29
5
241
5
42
9
69
5
11
9
7
68
6
11
5
19
15
873
26
5
18
6
9
27
5
30
8
5
23
5
57
6
86
38
5
7
21
16
6
23
15
873
17
5
14
118
21
5
86
5
11
18
5
22
26
13
5
15
5
8
20
12
5
6
10
12
5
17
7
19
5
16
15
444
5
374
14
6
7
12
19
6
12
8
19
44
34
5
7
50
62
5
70
6
8
20
5
5
98
25
29
5
50
5
8
51
5
10
59
6
16
10
13
6
14
28
12
5
28
9
31
5
33
9
5
152
5
17
28
8
14
132
1201
251
226
139
39
44
67
113
255
65
88
273
702
593
334
1369
1160
1000
1623
1165
5
9
5
15
5
5
5
14
18
5
16
6
7
6
5
11
29
14
26
34
5
6
13
12
6
5
10
5
29
7
100
5
12
11
18
5
16
42
5
46
7
5
30
5
9
43
33
5
9
44
7
52
5
12
14
6
19
6
17
26
5
18
22
5
39
9
5
14
13
17
5
5
8
9
76
9
33
28
54
13
57
5
68
5
7
92
109
5
28
5
115
5
41
44
5
6
8
103
13
43
11
5
162
19
5
6
180
20
5
5
32
5
14
7
23
15
5
5
6
7
14
20
5
22
6
32
5
12
12
17
5
24
6
5
7
15
5
13
8
19
5
6
7
22
7
28
7
5
6
10
12
5
326
9
5
14
11
17
5
17
5
19
19
5
6
33
38
5
54
5
52
17
21
5
18
6
23
6
5
27
5
38
5
18
9
7
25
5
47
11
10
5
20
82
5
36
5
51
9
109
5
56
9
21
5
14
30
34
6
9
15
6
8
7
17
21
33
5
19
8
43
32
5
7
67
7
5
72
13
7
16
179
21
5
16
15
5
21
5
7
27
7
12
27
5
32
6
52
9
7
49
53
69
68
5
5
12
11
20
5
12
21
5
11
5
13
5
22
7
19
31
5
28
5
47
6
5
44
13
14
5
7
21
72
5
7
5
9
6
5
5
5
12
18
5
10
5
17
9
5
6
5
5
11
9
16
11
5
12
9
20
5
9
5
7
5
9
5
11
28
11
15
5
14
24
5
49
9
5
19
9
26
5
33
10
5
14
19
6
5
19
9
5
24
14
5
6
16
5
14
5
29
34
5
14
5
19
9
29
5
8
5
62
39
5
5
9
5
7
5
5
40
9
5
51
5
38
10
5
30
58
5
39
8
104
5
122
55
6
7
12
5
98
12
5
20
6
76
17
9
23
212
164
5
144
5
5
205
12
18
236
5
222
5
241
243
5
5
255
165
5
6
247
6
252
5
10
19
16
6
22
18
23
5
19
6
27
9
6
266
5
127
15
5
8
313
16
33
5
21
5
5
7
33
12
6
14
6
67
5
34
9
7
22
387
8
5
14
5
43
29
5
63
6
44
5
16
18
9
5
6
23
31
21
33
35
471
189
425
72
545
625
397
608
597
338
1905
1306
636
623
5
5
8
6
14
8
5
24
6
18
21
5
29
9
8
17
6
23
42
5
18
5
19
6
77
5
17
13
13
25
5
27
24
9
6
14
13
21
5
5
8
25
13
55
5
55
7
21
5
10
26
13
5
34
5
19
7
48
5
30
6
55
9
14
5
9
21
13
36
5
99
46
5
9
15
5
25
10
30
5
12
5
6
34
7
38
5
13
57
5
65
5
24
9
28
5
12
8
5
15
5
13
14
5
15
14
16
5
10
22
14
5
29
8
5
29
8
27
33
5
5
22
9
5
11
18
16
5
14
32
6
36
5
20
6
5
29
66
17
6
5
39
6
8
16
5
13
88
83
5
14
21
6
36
5
6
76
5
71
7
5
15
55
5
69
5
119
6
7
127
5
12
68
5
15
8
143
18
94
25
5
15
5
21
5
8
175
8
61
5
137
6
10
5
9
7
28
5
29
5
27
6
16
5
23
5
65
276
7
5
28
12
35
5
97
5
9
155
13
9
15
5
10
23
6
13
38
5
125
7
5
37
46
5
95
5
67
6
7
5
32
5
11
5
13
5
31
8
18
5
54
5
46
8
53
5
51
5
62
8
82
5
458
82
11
19
5
6
10
175
13
5
120
5
8
46
12
5
120
9
151
5
11
121
150
5
5
14
5
19
6
186
5
17
339
5
18
20
349
5
33
5
8
52
9
53
25
5
18
9
23
12
43
5
17
6
25
10
12
18
64
10
5
23
8
8
5
27
38
9
5
21
11
47
5
5
42
6
5
55
6
9
48
16
5
35
7
5
21
12
5
5
95
27
119
5
17
6
99
9
17
13
5
37
11
19
14
5
8
126
13
124
5
44
93
7
193
9
129
6
160
5
8
86
12
77
5
197
5
176
214
5
24
28
5
33
19
24
5
7
12
215
5
12
6
12
5
20
29
14
5
17
7
5
23
42
7
5
52
8
5
48
5
195
40
5
53
8
53
8
26
6
64
33
5
381
64
25
31
6
13
10
5
20
13
25
5
11
752
16
5
12
20
5
11
707
20
5
25
7
6
15
5
39
8
25
5
8
30
5
8
40
7
25
5
9
9
15
5
9
71
55
5
31
37
243
132
122
883
1021
580
542
1321
1239
244
1353
264
1661
805
1457
5
7
8
7
5
12
8
6
9
6
7
33
5
13
5
43
6
13
5
18
9
28
5
30
33
5
45
10
5
8
19
24
5
33
5
14
5
19
5
5
5
5
10
13
5
20
21
14
5
23
5
42
7
20
5
5
46
38
6
8
7
23
9
5
84
15
8
36
16
22
5
5
32
38
5
14
9
27
14
33
5
13
27
6
18
46
17
5
39
13
21
5
13
36
5
11
13
34
5
9
13
14
44
5
29
5
27
5
41
9
52
49
5
7
84
15
141
8
5
13
16
89
5
24
9
21
29
5
123
42
5
8
5
31
14
11
5
69
71
14
6
21
9
25
5
36
6
8
50
14
49
5
17
6
8
7
15
75
6
10
33
7
15
21
77
85
140
5
5
15
5
24
5
32
5
47
9
57
5
20
7
9
28
5
36
7
15
5
14
7
12
23
15
20
411
5
20
5
21
10
5
26
6
13
5
10
21
5
21
6
5
11
41
6
14
69
9
70
8
49
71
263
5
7
74
5
26
5
34
10
36
5
9
19
9
5
11
14
5
19
15
5
24
13
32
5
20
31
19
23
5
87
6
8
40
5
8
99
7
39
5
14
5
30
10
140
5
14
46
9
16
219
20
5
79
142
7
5
17
12
5
122
31
5
9
21
6
6
51
135
8
5
43
8
5
14
5
5
7
15
197
5
53
5
82
6
91
7
5
12
83
12
97
5
110
5
15
6
113
5
20
9
28
11
40
5
9
27
14
78
12
5
72
8
41
5
65
5
8
239
17
5
5
25
9
55
60
5
498
494
8
12
147
488
16
21
5
12
9
18
8
6
7
7
12
7
14
5
7
5
15
31
5
14
5
5
11
30
9
14
5
9
5
16
10
5
16
331
5
10
6
14
5
5
11
5
28
5
27
12
34
21
5
7
23
8
5
14
5
16
12
17
5
8
17
5
24
10
34
5
16
42
5
54
23
5
676
7
22
29
5
515
8
51
5
15
6
101
5
11
6
18
7
19
5
16
23
6
17
6
10
20
6
16
8
8
14
5
16
7
14
6
23
5
10
5
37
5
17
25
5
37
5
9
13
16
28
5
6
7
656
12
5
27
36
5
920
18
5
25
9
30
829
434
763
871
82
1033
986
1034
5
7
12
16
21
26
5
7
5
6
9
9
13
7
5
10
15
6
18
23
5
5
11
7
16
11
5
13
9
5
6
5
5
13
5
13
19
5
7
5
16
24
5
5
10
13
5
16
7
5
21
8
25
5
13
31
6
39
6
9
21
6
27
5
5
7
5
15
5
5
14
5
17
7
23
8
23
9
27
5
10
12
18
5
26
11
33
5
16
5
5
9
15
7
18
5
7
32
6
9
47
13
21
5
52
6
5
10
24
6
12
54
8
85
6
92
5
10
45
17
5
21
10
115
6
5
5
7
28
5
106
130
5
51
9
78
13
5
22
24
5
103
12
5
6
119
8
181
42
21
5
21
5
30
5
42
5
137
46
49
5
8
152
7
225
8
97
5
34
5
11
12
272
96
5
5
77
5
6
341
5
6
20
24
5
8
202
8
7
183
7
183
5
5
11
7
5
24
9
5
29
5
19
5
26
6
7
12
6
5
16
24
5
28
5
33
5
38
5
5
5
5
11
18
9
22
5
12
8
16
13
22
5
26
7
9
8
41
66
6
71
21
5
8
17
23
5
29
5
9
46
9
53
50
6
59
5
18
7
26
52
77
8
6
12
5
5
29
5
8
13
6
37
9
17
15
6
8
21
5
14
25
59
5
61
7
5
18
15
9
156
9
36
5
39
5
47
52
5
13
5
14
7
20
10
34
5
14
14
214
5
36
5
13
11
23
12
5
35
5
40
39
6
9
14
14
22
5
5
16
5
32
8
9
18
33
5
12
6
38
25
9
29
5
5
11
5
10
5
21
9
5
20
15
59
5
5
49
79
5
120
6
7
21
74
5
10
18
5
25
42
8
5
31
7
6
6
97
5
109
52
6
146
8
5
60
6
71
5
5
36
7
25
5
115
5
1039
5
9
53
9
76
132
5
82
5
9
84
16
337
11
5
22
5
7
19
5
26
10
272
13
5
39
6
48
7
9
33
6
5
32
5
6
8
102
15
5
188
37
11
42
27
5
77
5
49
5
195
7
5
94
9
7
115
5
32
5
634
5
132
9
6
252
242
11
123
9
91
6
22
8
26
6
12
10
5
12
9
17
5
15
106
38
353
187
219
269
131
580
413
454
422
572
215
438
524
385
351
357
704
5
6
7
5
12
19
24
5
10
15
5
10
14
5
19
5
24
13
10
18
5
43
5
17
5
19
7
40
6
10
14
5
17
7
15
5
5
10
6
9
18
9
25
5
24
6
27
6
11
42
15
6
5
17
6
24
9
5
9
8
5
14
17
5
12
25
8
16
29
33
11
9
18
10
5
15
5
18
6
18
5
25
8
5
40
15
5
26
29
9
6
42
9
13
18
18
23
13
51
16
5
76
5
70
5
10
5
30
5
23
9
5
14
14
38
12
5
55
7
27
6
8
34
16
44
14
5
19
63
7
101
5
12
12
109
6
9
6
23
9
5
129
5
40
8
46
8
16
13
5
5
33
8
175
13
60
39
71
13
5
54
7
19
5
5
10
8
99
35
5
5
33
9
29
7
7
115
7
119
12
5
82
5
131
13
5
24
5
9
7
8
17
58
5
7
35
72
5
5
38
170
29
5
35
105
5
20
7
5
25
14
80
17
24
16
5
21
8
6
8
34
7
15
12
5
55
5
74
5
7
5
43
12
5
550
166
5
7
15
23
5
12
5
98
113
5
17
12
24
6
31
6
5
7
45
9
28
5
252
6
5
73
5
9
8
5
14
91
5
127
5
5
7
71
6
98
5
9
22
12
5
60
12
20
5
44
6
10
457
6
5
7
29
7
115
5
12
10
69
121
5
103
41
6
89
7
5
12
8
32
7
6
62
5
240
6
111
6
84
8
221
36
5
31
197
6
14
132
85
83
41
9
19
165
5
661
6
221
15
17
5
21
6
28
6
9
7
18
5
299
5
398
5
13
5
47
5
6
30
5
37
44
5
19
49
5
8
13
5
7
323
7
65
5
292
5
60
5
7
384
6
14
484
5
159
17
9
20
5
15
5
10
5
43
13
5
26
13
5
361
5
5
41
6
39
5
8
29
8
25
8
30
5
15
66
15
5
20
310
9
88
5
7
117
12
5
117
14
18
5
26
7
32
9
13
5
10
15
5
10
19
5
31
8
5
26
14
6
40
5
46
16
642
77
50
62
99
72
62
71
193
193
130
242
238
730
663
739
627
298
820
316
458
202
831
215
786
908
773
1291
1109
1080
801
884
902
1262
907
1010
1371
1128
733
1137
605
1121
1064
1855
1622
1035
2989
2536
