9
14
241
240
280
295
288
324
329
308
405
401
392
392
402
413
412
433
442
470
450
472
466
491
489
472
475
499
483
491
494
527
509
506
543
528
531
521
555
572
563
540
549
551
589
560
566
593
586
630
598
596
630
632
633
650
662
643
681
684
660
679
675
675
675
710
698
699
696
684
712
734
750
749
739
731
767
741
734
735
776
771
758
766
774
769
805
761
784
780
804
839
828
853
833
847
853
876
865
887
882
875
915
900
894
921
894
904
948
941
917
955
963
945
934
977
983
971
1013
1020
1033
1048
1036
1025
1053
1029
1030
1064
1066
1063
1045
1067
1083
1068
1085
1082
1112
1122
1111
1130
1120
1140
1122
1158
1169
1133
1173
1171
1163
1145
1177
1174
1197
1180
1208
1169
1217
1209
1221
1215
1225
1255
1256
1234
1255
1279
1286
1268
1268
1283
1287
1270
1312
1310
1311
1332
1341
1335
1342
1335
1343
1330
1333
1332
1341
1333
1362
1348
1355
1351
1357
1371
1389
1371
1403
1396
1396
1390
1402
1405
1413
1406
1402
1425
1400
1419
1414
1416
1422
1454
1458
1463
1485
1484
1455
1456
1455
1456
1493
1476
1508
1487
1506
1530
1494
1512
1539
1525
1543
1525
1542
1546
1543
1530
1585
1578
1598
1571
1611
1610
1592
1620
1606
1610
1606
1602
1623
1657
1620
1653
1644
1683
1683
1666
1649
1647
1651
1665
1666
1672
1670
1689
1714
1691
1704
1686
1717
1720
1738
1743
1709
1745
1765
1758
1776
1755
1770
1762
1771
1802
1833
1825
1818
1825
1823
1850
1817
1828
1812
1832
1833
1866
1844
1872
1869
1875
1870
1909
1898
1888
1883
1924
1936
1906
1944
1954
1950
1947
1942
1948
1972
1984
1996
1979
1992
2031
2019
2014
2025
2016
2077
2068
2065
2056
2073
2083
2079
2095
2062
2105
2111
2107
2134
2120
2118
2117
2151
2122
2181
2178
2169
2186
2218
2189
2250
2259
2233
2272
2288
2259
2289
2300
2303
2328
2332
2353
2344
2344
2338
2369
2365
2376
2354
2395
2371
2373
2439
2443
2431
2432
2432
2439
2434
2472
2474
2458
2452
2488
2492
2493
2490
2493
2493
2483
2476
2474
2481
2518
2503
2526
2527
2565
2550
2560
2562
2584
2581
2616
2604
2645
2644
2644
2674
2664
2678
2670
2699
2719
2708
2726
2724
2721
2766
2742
2784
2781
2757
2816
2782
2785
2799
2795
2836
2847
2829
2872
2903
2901
2903
2894
2884
2913
2887
2906
2905
2925
2931
2961
2975
2992
3002
3003
3028
3016
3052
3067
3051
3108
3109
3076
3105
3100
3112
3107
3152
3138
3125
3185
3176
3208
3180
3341
3342
3445
3610
3585
3585
3644
3631
3620
3651
3655
3672
3680
3677
3718
3781
3956
3923
3955
3975
3963
4027
4092
4082
4216
4285
4297
4344
4334
4351
4336
4352
4342
4408
4509
4478
4591
4586
4793
252
256
290
281
285
280
292
309
306
303
343
336
401
400
414
409
447
429
448
416
413
436
433
443
454
488
461
485
472
522
509
536
510
523
529
533
526
528
561
532
551
536
544
579
550
595
575
591
584
582
588
608
606
630
631
622
606
609
627
619
653
648
662
652
679
682
649
672
705
687
666
707
702
731
723
717
720
727
753
721
750
736
759
801
792
802
779
796
797
807
802
836
818
830
830
832
828
867
834
849
881
885
871
865
877
882
876
890
915
901
932
918
936
918
911
918
913
964
976
969
978
941
948
988
973
996
985
977
970
971
998
1000
1006
1004
1024
1020
1007
1016
1045
1010
1060
1060
1049
1047
1073
1079
1077
1062
1094
1076
1097
1066
1095
1061
1066
1068
1081
1085
1093
1110
1106
1123
1139
1137
1116
1145
1149
1155
1158
1159
1179
1185
1186
1189
1202
1231
1221
1237
1215
1233
1227
1228
1229
1249
1273
1253
1287
1263
1277
1253
1292
1269
1296
1315
1285
1308
1334
1322
1315
1338
1339
1358
1350
1352
1343
1370
1372
1370
1383
1386
1382
1389
1429
1432
1415
1430
1411
1422
1430
1423
1457
1427
1449
1429
1443
1451
1472
1462
1490
1488
1495
1476
1506
1495
1494
1507
1497
1516
1530
1548
1530
1532
1527
1549
1545
1577
1573
1586
1568
1553
1567
1599
1603
1578
1613
1584
1606
1621
1614
1640
1635
1642
1645
1628
1633
1629
1679
1658
1652
1669
1660
1665
1695
1719
1689
1690
1711
1705
1699
1699
1731
1749
1751
1743
1750
1762
1736
1764
1760
1772
1780
1753
1788
1799
1793
1782
1798
1782
1811
1814
1809
1815
1798
1798
1830
1846
1826
1860
1852
1872
1833
1860
1870
1868
1868
1863
1905
1906
1904
1911
1903
1878
1895
1891
1905
1907
1917
1910
1947
1940
1946
1935
1931
1968
1969
1984
1957
1995
1961
1996
2007
1982
1979
1985
2015
2031
2049
2039
2028
2070
2064
2065
2111
2115
2112
2098
2099
2128
2109
2110
2107
2130
2171
2168
2170
2160
2164
2144
2159
2175
2149
2195
2188
2162
2201
2176
2226
2223
2218
2205
2209
2212
2235
2233
2301
2287
2285
2306
2285
2297
2343
2313
2378
2350
2391
2420
2435
2408
2437
2442
2415
2447
2479
2469
2451
2471
2474
2463
2460
2484
2503
2542
2530
2526
2529
2564
2563
2544
2592
2596
2592
2562
2623
2621
2628
2657
2677
2680
2682
2674
2669
2671
2701
2688
2715
2734
2751
2730
2747
2788
2774
2767
2787
2776
2798
2816
2882
2862
2856
2901
2887
2927
2922
2906
2932
2931
2978
2959
2980
2963
2983
2999
3033
3050
3038
3027
3057
3057
3062
3106
3130
3103
3166
3190
3188
3247
3235
3223
3350
3343
3365
3404
3374
3587
3650
3671
3659
3790
3843
3843
3841
3843
3977
3980
4421
4602
4586
4659
5380
5380
9
12
189
170
256
296
298
332
305
337
323
362
358
392
423
409
428
428
497
481
471
475
493
536
528
532
523
549
523
542
549
543
531
530
567
551
544
562
564
593
557
599
602
589
580
629
621
619
614
651
648
650
639
673
674
656
656
672
682
665
684
678
696
731
725
720
719
720
728
719
714
758
782
775
787
779
759
813
806
815
816
826
790
828
811
842
822
844
844
850
827
828
834
829
832
844
882
854
870
868
882
899
893
889
888
897
934
915
951
966
972
942
963
950
969
951
971
974
981
974
966
997
992
994
1018
1025
1010
1027
1060
1055
1057
1055
1061
1061
1075
1045
1062
1087
1068
1082
1109
1109
1116
1107
1108
1095
1117
1123
1108
1134
1138
1133
1145
1116
1158
1123
1156
1168
1150
1163
1165
1187
1185
1187
1186
1196
1195
1214
1179
1201
1233
1230
1218
1208
1236
1243
1246
1249
1265
1281
1280
1289
1282
1265
1292
1311
1296
1281
1300
1316
1287
1290
1302
1312
1333
1312
1335
1370
1352
1365
1398
1399
1411
1399
1412
1394
1406
1385
1398
1404
1403
1423
1433
1446
1441
1454
1449
1481
1513
1492
1491
1492
1503
1541
1533
1533
1524
1527
1533
1570
1583
1560
1588
1553
1577
1556
1588
1622
1617
1616
1633
1624
1643
1619
1611
1647
1632
1632
1654
1634
1666
1646
1663
1684
1667
1713
1708
1701
1703
1728
1709
1722
1746
1744
1751
1748
1726
1752
1755
1751
1746
1764
1768
1774
1767
1788
1760
1764
1800
1791
1808
1788
1833
1836
1835
1808
1837
1827
1839
1874
1847
1846
1849
1882
1858
1880
1891
1895
1914
1879
1908
1917
1898
1898
1929
1949
1929
1945
1943
1928
1932
1963
1953
1963
1989
1957
1991
1996
2014
1998
2005
2003
2027
2005
2033
2014
2052
2015
2025
2040
2044
2050
2043
2054
2046
2072
2050
2073
2070
2076
2080
2083
2102
2106
2127
2158
2137
2157
2143
2159
2173
2192
2174
2191
2204
2227
2233
2233
2233
2245
2266
2291
2284
2262
2284
2271
2263
2292
2311
2340
2338
2338
2343
2340
2344
2365
2340
2373
2376
2399
2374
2365
2405
2384
2371
2384
2415
2419
2424
2409
2450
2419
2451
2455
2452
2455
2452
2433
2451
2483
2497
2510
2522
2505
2510
2514
2529
2547
2582
2582
2577
2587
2609
2625
2630
2652
2654
2692
2686
2687
2689
2703
2722
2695
2709
2738
2741
2733
2777
2750
2754
2748
2743
2780
2749
2781
2783
2837
2838
2863
2853
2879
2900
2898
2878
2900
2901
2910
2950
2930
2929
2941
2968
2988
2986
2987
2964
3011
3041
3033
3087
3090
3092
3078
3096
3071
3112
3121
3175
3157
3165
3153
3234
3292
3292
3312
3284
3463
3513
3503
3485
3546
3571
3625
3701
3735
3846
3848
4127
4432
4593
4667
4667
4666
5194
5195
5196
5186
5397
5380
10
6
265
291
308
350
332
352
332
380
382
421
446
421
463
462
429
475
446
447
447
506
508
482
499
494
512
498
492
525
518
512
563
565
555
534
579
589
563
592
578
587
587
592
591
589
616
606
598
579
609
620
653
644
628
614
647
660
643
665
646
679
690
687
712
703
716
725
728
716
764
739
744
756
779
777
756
800
778
791
793
795
821
838
856
866
849
860
853
874
849
849
850
892
870
869
902
894
875
885
908
939
941
906
938
933
977
964
959
941
969
962
993
990
991
973
999
995
997
1034
999
1045
1026
1041
1035
1041
1023
1046
1048
1087
1089
1064
1082
1077
1098
1086
1060
1071
1095
1098
1089
1104
1084
1108
1106
1134
1136
1134
1121
1129
1115
1163
1144
1176
1175
1149
1179
1186
1218
1215
1190
1205
1201
1215
1232
1222
1220
1262
1252
1255
1248
1272
1235
1276
1273
1260
1280
1251
1260
1277
1288
1256
1293
1298
1313
1317
1300
1302
1321
1307
1316
1350
1335
1339
1340
1342
1368
1372
1402
1361
1371
1399
1396
1423
1433
1420
1430
1395
1426
1412
1434
1436
1431
1436
1458
1456
1427
1484
1463
1464
1484
1459
1485
1481
1523
1493
1519
1538
1502
1541
1525
1550
1553
1537
1545
1530
1566
1533
1581
1537
1547
1561
1598
1565
1606
1607
1603
1577
1594
1581
1586
1628
1642
1640
1608
1629
1628
1616
1648
1621
1647
1646
1667
1662
1675
1676
1653
1662
1688
1662
1693
1694
1714
1720
1692
1708
1727
1717
1719
1743
1718
1720
1724
1727
1744
1732
1790
1749
1745
1767
1794
1770
1801
1805
1774
1813
1802
1793
1837
1828
1829
1827
1820
1865
1873
1871
1869
1878
1877
1896
1905
1910
1888
1924
1925
1915
1931
1919
1920
1920
1916
1943
1942
1975
1968
1971
1945
1974
1968
1974
2011
1975
2011
1979
1982
2006
2019
2028
2022
2035
2042
2063
2029
2052
2048
2089
2082
2075
2088
2111
2115
2079
2137
2122
2177
2141
2169
2169
2186
2175
2171
2231
2228
2235
2204
2241
2228
2216
2258
2239
2232
2273
2269
2252
2284
2310
2294
2317
2320
2300
2342
2309
2315
2315
2344
2386
2379
2419
2417
2410
2396
2404
2418
2407
2431
2466
2476
2474
2466
2477
2472
2469
2505
2496
2522
2520
2508
2497
2551
2560
2577
2556
2545
2546
2582
2557
2592
2580
2622
2677
2682
2685
2678
2684
2663
2673
2669
2691
2679
2730
2721
2713
2696
2699
2757
2748
2737
2776
2757
2794
2826
2830
2836
2855
2844
2873
2873
2882
2915
2911
2913
2946
3007
2999
2993
3054
3039
3016
3050
3078
3263
3314
3376
3356
3457
3434
3422
3496
3497
3476
3528
3516
3502
3583
3583
3724
3797
3791
3893
3892
3876
3894
3874
3864
3872
3903
3875
3915
3898
3912
3977
3970
4164
4156
4188
4365
4368
4395
4681
4902
11
240
266
252
287
275
284
313
302
358
374
377
379
375
415
406
446
453
469
488
452
498
464
502
501
516
494
486
498
536
516
521
544
564
548
533
569
561
558
583
590
584
595
615
613
577
616
585
634
629
612
635
623
652
626
633
669
661
656
656
668
695
696
701
670
699
696
724
702
719
717
744
720
724
726
731
770
774
778
782
772
769
777
804
816
797
791
835
795
801
823
826
834
832
872
857
894
884
897
882
911
912
904
917
934
931
903
932
965
953
947
941
968
942
948
964
955
979
953
970
959
1009
1004
990
1024
992
1027
1031
1034
1035
1034
1024
1053
1017
1053
1040
1057
1029
1044
1072
1076
1090
1068
1072
1072
1104
1076
1076
1104
1086
1084
1112
1091
1138
1109
1138
1118
1152
1146
1157
1151
1168
1180
1191
1173
1162
1204
1197
1198
1177
1194
1188
1231
1229
1221
1253
1251
1241
1245
1259
1251
1266
1294
1298
1276
1273
1299
1288
1278
1279
1299
1277
1294
1321
1339
1342
1329
1338
1337
1337
1330
1355
1337
1367
1379
1369
1381
1374
1388
1383
1408
1386
1397
1429
1433
1419
1413
1412
1399
1440
1437
1411
1421
1418
1453
1448
1461
1475
1454
1480
1478
1482
1490
1492
1483
1514
1515
1528
1530
1526
1527
1519
1520
1555
1560
1543
1553
1535
1572
1554
1538
1570
1563
1584
1565
1602
1585
1578
1593
1623
1617
1607
1640
1634
1634
1657
1629
1631
1630
1661
1668
1660
1689
1670
1690
1665
1666
1669
1700
1704
1683
1728
1704
1710
1738
1722
1709
1721
1737
1738
1768
1760
1733
1743
1768
1771
1779
1799
1763
1808
1772
1802
1784
1800
1799
1818
1813
1817
1820
1820
1852
1846
1845
1871
1873
1870
1893
1881
1907
1899
1918
1909
1923
1923
1932
1935
1922
1959
1977
1974
1955
1957
2005
2005
1989
1989
1993
1990
2028
1995
2012
2037
2028
2037
2028
2067
2038
2061
2066
2068
2074
2057
2069
2064
2082
2083
2087
2094
2127
2150
2152
2151
2140
2185
2161
2172
2166
2202
2199
2173
2221
2214
2214
2226
2223
2224
2219
2238
2242
2279
2277
2278
2262
2252
2276
2315
2307
2322
2309
2335
2350
2315
2353
2379
2351
2378
2359
2369
2431
2424
2467
2467
2486
2487
2486
2526
2499
2539
2530
2579
2566
2544
2557
2611
2576
2576
2575
2648
2618
2638
2683
2689
2686
2690
2689
2689
2697
2722
2754
2758
2767
2795
2787
2798
2792
2818
2857
2852
2880
2861
2861
2870
2914
2923
2886
2931
2935
2936
2989
3024
3010
3034
3034
3074
3043
3090
3123
3096
3141
3125
3179
3181
3206
3169
3172
3300
3291
3303
3293
3299
3298
3316
3456
3444
3483
3472
3468
3461
3518
3505
3580
3597
3680
3680
3679
3731
3802
3844
3812
3985
4072
4075
4078
4072
4444
4702
4796
4782
5338
5339
13
189
180
264
280
307
304
286
320
369
391
363
393
420
401
392
437
458
420
427
456
437
430
449
491
488
492
492
550
543
516
569
565
558
532
569
584
568
602
610
637
608
635
628
611
610
658
660
673
622
631
646
654
689
720
723
683
697
700
732
711
752
710
753
773
768
774
753
781
788
782
835
839
802
825
866
826
869
875
866
846
906
903
905
886
907
913
919
923
926
903
945
955
936
940
925
950
954
979
946
953
958
994
979
962
964
970
1001
1015
1011
1011
999
1030
1019
1015
1047
1050
1024
1038
1044
1025
1077
1057
1054
1067
1070
1079
1093
1071
1113
1132
1096
1107
1096
1120
1118
1148
1151
1119
1151
1150
1145
1145
1140
1155
1153
1192
1190
1230
1232
1195
1235
1251
1222
1251
1240
1238
1244
1264
1234
1295
1248
1305
1263
1312
1278
1306
1304
1286
1331
1339
1302
1359
1342
1339
1370
1382
1363
1377
1367
1394
1384
1386
1397
1370
1409
1400
1407
1404
1421
1446
1413
1447
1444
1422
1450
1467
1460
1461
1464
1448
1486
1495
1500
1491
1498
1530
1506
1540
1539
1538
1527
1537
1519
1545
1545
1545
1592
1552
1604
1571
1614
1617
1590
1594
1592
1645
1640
1603
1620
1620
1631
1635
1659
1633
1679
1638
1660
1663
1662
1673
1662
1670
1666
1672
1688
1715
1708
1722
1724
1707
1745
1750
1712
1758
1755
1752
1773
1758
1754
1786
1786
1787
1785
1813
1818
1816
1818
1797
1827
1793
1841
1843
1813
1850
1815
1817
1816
1869
1869
1863
1854
1863
1885
1852
1876
1856
1877
1904
1872
1911
1882
1907
1909
1874
1910
1905
1898
1888
1889
1915
1912
1931
1949
1952
1977
1950
1990
2002
2006
1977
2000
1973
1999
1984
2029
1999
2051
2034
2065
2026
2047
2078
2066
2071
2067
2077
2100
2088
2069
2085
2075
2111
2136
2166
2173
2144
2150
2193
2187
2169
2160
2201
2187
2235
2237
2215
2260
2237
2222
2243
2239
2280
2272
2265
2300
2298
2312
2315
2308
2278
2347
2337
2373
2364
2383
2368
2378
2381
2418
2394
2440
2454
2436
2458
2456
2457
2502
2481
2481
2505
2487
2510
2504
2513
2530
2524
2551
2547
2551
2549
2524
2575
2531
2578
2563
2567
2583
2583
2615
2620
2594
2601
2598
2654
2654
2647
2650
2664
2669
2674
2663
2666
2693
2696
2736
2739
2728
2702
2716
2761
2749
2737
2783
2777
2781
2816
2803
2839
2840
2876
2880
2880
2858
2847
2850
2898
2890
2908
2900
2902
2900
2949
2977
3002
2975
2982
3028
2991
2990
3083
3081
3114
3113
3103
3086
3128
3100
3147
3168
3188
3166
3231
3239
3231
3327
3326
3343
3347
3383
3383
3539
3555
3683
3685
3645
3695
3694
3713
3741
3712
3707
3749
3775
3744
3805
3785
3866
4028
4123
4104
4201
4186
4167
4385
4431
4760
5466
5462
5709
13
245
268
276
262
259
277
309
270
304
298
293
342
312
348
330
345
340
379
356
348
422
394
416
418
449
444
429
443
421
448
450
491
478
492
488
504
494
535
509
532
569
572
579
569
564
568
597
593
575
595
589
648
630
627
650
661
680
678
676
692
673
669
666
672
683
695
686
689
693
722
706
702
749
760
750
750
770
773
786
755
763
763
784
791
810
792
798
777
786
831
837
848
838
816
851
842
864
834
869
857
871
874
901
872
903
895
914
910
945
939
940
931
929
927
977
960
973
952
949
996
1004
976
1004
1006
1011
1009
1021
1011
989
1031
1018
1040
1024
1017
1066
1065
1035
1070
1082
1062
1074
1064
1099
1062
1084
1109
1087
1081
1084
1098
1106
1133
1161
1147
1166
1137
1170
1151
1171
1188
1188
1147
1198
1191
1165
1213
1199
1219
1193
1221
1223
1226
1231
1230
1247
1237
1252
1243
1252
1264
1262
1262
1256
1262
1292
1283
1304
1300
1292
1323
1317
1308
1345
1366
1358
1367
1355
1376
1382
1356
1366
1404
1394
1388
1400
1435
1428
1436
1428
1453
1419
1460
1445
1476
1459
1479
1468
1454
1458
1463
1506
1472
1516
1513
1514
1507
1527
1515
1549
1534
1552
1553
1571
1573
1544
1578
1582
1591
1586
1585
1591
1585
1606
1632
1608
1640
1652
1624
1654
1652
1652
1673
1646
1657
1670
1655
1699
1677
1708
1711
1688
1708
1688
1709
1720
1711
1734
1716
1730
1730
1726
1724
1764
1724
1778
1776
1772
1777
1747
1792
1760
1796
1814
1790
1818
1814
1796
1815
1842
1832
1826
1850
1848
1825
1859
1841
1852
1875
1862
1872
1845
1878
1869
1881
1878
1879
1896
1890
1906
1876
1906
1931
1921
1948
1920
1932
1930
1958
1951
1955
1958
1945
1988
1972
1985
1983
1980
1982
2013
2012
2009
2009
1998
2013
2060
2053
2057
2051
2046
2050
2099
2067
2106
2071
2082
2079
2134
2098
2112
2130
2158
2167
2132
2143
2180
2166
2187
2172
2208
2202
2219
2230
2230
2224
2244
2226
2235
2243
2284
2288
2290
2280
2286
2261
2267
2304
2302
2303
2315
2332
2327
2334
2321
2360
2371
2348
2404
2401
2439
2417
2456
2434
2511
2478
2526
2545
2552
2570
2545
2596
2611
2604
2602
2631
2652
2631
2633
2630
2635
2679
2644
2695
2690
2710
2722
2739
2739
2750
2760
2747
2749
2751
2776
2753
2791
2761
2815
2814
2796
2865
2863
2863
2862
2886
2877
2879
2904
2916
2917
2921
2908
2919
2922
2925
2940
2975
2961
3001
2972
3027
3031
3007
3048
3030
3083
3076
3092
3067
3069
3099
3131
3135
3139
3125
3142
3163
3183
3220
3199
3212
3254
3230
3334
3328
3335
3370
3362
3439
3433
3581
3569
3611
3680
3771
3812
3812
3810
3808
3803
3913
3913
3967
4217
4214
4386
4469
4629
4619
5026
7
11
188
270
272
254
262
284
304
323
325
346
357
365
388
363
397
386
396
382
378
412
406
410
440
491
482
491
477
487
529
496
510
522
532
518
561
573
593
572
596
589
610
583
576
599
609
618
607
614
642
609
615
628
667
649
666
681
666
686
663
692
686
696
662
700
681
700
703
696
700
733
699
719
757
751
741
731
767
754
797
787
817
785
819
818
811
845
816
855
845
861
848
857
863
843
860
858
884
899
882
879
906
892
902
895
893
890
904
906
942
932
937
928
957
959
971
953
980
975
1007
984
989
987
1023
997
1027
1044
1028
1014
1009
1017
1047
1035
1031
1039
1034
1059
1054
1081
1083
1077
1074
1063
1064
1094
1087
1102
1101
1116
1093
1140
1110
1112
1155
1152
1157
1138
1146
1165
1161
1199
1166
1170
1209
1195
1188
1185
1201
1202
1242
1224
1239
1246
1233
1255
1272
1259
1257
1259
1283
1253
1273
1298
1301
1283
1289
1275
1305
1305
1296
1305
1321
1324
1322
1323
1325
1333
1332
1319
1323
1332
1325
1330
1374
1337
1378
1379
1388
1382
1377
1396
1371
1395
1372
1389
1409
1410
1411
1429
1429
1420
1414
1409
1464
1462
1432
1451
1473
1454
1480
1457
1492
1477
1474
1508
1475
1495
1509
1502
1533
1531
1537
1549
1543
1554
1529
1549
1554
1531
1560
1535
1571
1588
1589
1597
1587
1570
1609
1598
1610
1601
1603
1592
1626
1617
1608
1603
1628
1624
1617
1619
1637
1630
1633
1682
1675
1683
1665
1705
1718
1699
1729
1724
1724
1745
1744
1711
1739
1730
1767
1767
1786
1773
1752
1777
1773
1767
1763
1790
1814
1809
1813
1831
1847
1851
1835
1855
1815
1838
1854
1837
1851
1852
1832
1849
1886
1888
1891
1884
1871
1881
1881
1907
1907
1914
1906
1909
1926
1904
1906
1900
1942
1940
1942
1934
1967
1963
1967
1987
1981
1969
1970
1980
1973
1998
1998
2007
2046
2030
2042
2038
2030
2029
2056
2040
2027
2063
2065
2048
2060
2081
2083
2076
2078
2073
2076
2114
2114
2113
2128
2125
2162
2177
2182
2178
2210
2196
2200
2195
2228
2229
2229
2220
2252
2236
2224
2233
2227
2274
2264
2269
2288
2278
2288
2300
2302
2326
2334
2324
2337
2341
2385
2360
2379
2402
2393
2413
2389
2395
2394
2397
2413
2470
2476
2463
2477
2518
2505
2506
2534
2536
2522
2516
2578
2608
2598
2595
2608
2601
2673
2647
2697
2705
2695
2704
2692
2766
2732
2776
2813
2862
2884
2864
2883
2875
2882
2917
2938
2923
2947
2917
2950
3020
3017
3017
3000
3072
3088
3090
3126
3097
3133
3182
3226
3225
3219
3203
3208
3241
3229
3263
3243
3261
3355
3359
3450
3577
3573
3622
3668
3689
3687
3671
3715
3762
3790
3879
3900
3988
4050
4420
4479
4638
4641
4695
4877
4853
5718
5963
11
12
205
208
255
280
287
269
292
261
313
286
299
341
332
304
381
389
382
425
416
438
430
428
446
434
482
475
488
475
496
520
513
507
511
549
531
528
548
532
537
570
561
570
568
594
616
613
633
622
642
620
605
639
619
616
646
656
658
651
665
671
707
715
728
717
696
694
698
702
708
737
722
762
763
769
766
786
783
773
794
797
797
834
801
859
856
861
852
852
853
881
857
892
860
890
894
891
920
918
911
906
913
947
935
934
938
960
947
960
989
1006
983
984
1029
1032
1040
1041
1035
1037
1054
1024
1022
1050
1050
1039
1027
1057
1029
1055
1070
1039
1082
1068
1082
1075
1109
1099
1114
1114
1130
1095
1122
1102
1118
1112
1152
1114
1168
1178
1148
1173
1174
1157
1206
1162
1215
1194
1194
1186
1224
1179
1191
1200
1204
1204
1252
1238
1220
1238
1224
1258
1242
1283
1287
1281
1272
1286
1258
1270
1291
1282
1297
1274
1273
1303
1300
1334
1330
1291
1310
1319
1308
1303
1310
1350
1344
1358
1365
1368
1367
1347
1344
1357
1395
1374
1413
1365
1372
1415
1396
1396
1388
1430
1439
1434
1433
1429
1440
1423
1458
1424
1428
1481
1467
1469
1479
1511
1484
1529
1501
1525
1512
1524
1556
1564
1552
1550
1571
1545
1563
1548
1577
1595
1591
1590
1590
1603
1596
1585
1572
1598
1594
1609
1595
1608
1599
1636
1594
1651
1647
1613
1642
1655
1681
1659
1685
1667
1695
1707
1671
1720
1715
1710
1722
1714
1723
1708
1715
1738
1725
1730
1751
1744
1763
1761
1798
1775
1797
1806
1800
1814
1805
1841
1832
1834
1842
1835
1836
1871
1869
1889
1899
1863
1888
1877
1898
1877
1895
1928
1894
1917
1916
1914
1957
1956
1983
1973
1987
1943
2010
1968
1996
1987
2006
2005
2000
2049
2008
2035
2068
2076
2059
2082
2086
2063
2061
2055
2063
2115
2082
2114
2139
2152
2131
2148
2147
2170
2168
2177
2202
2198
2227
2192
2210
2198
2250
2251
2230
2251
2244
2256
2272
2286
2308
2301
2332
2289
2288
2326
2311
2332
2314
2323
2372
2352
2358
2354
2334
2379
2344
2359
2361
2372
2367
2385
2424
2416
2416
2406
2426
2386
2432
2403
2411
2461
2452
2434
2491
2484
2458
2465
2468
2494
2487
2520
2519
2501
2533
2532
2547
2520
2515
2512
2558
2553
2540
2537
2564
2601
2563
2571
2594
2645
2612
2636
2646
2714
2704
2680
2712
2743
2724
2779
2769
2766
2742
2753
2809
2813
2814
2798
2835
2831
2860
2879
2854
2878
2921
2902
2929
2898
2892
2917
2960
2933
3035
3024
3009
3066
3130
3087
3176
3162
3163
3166
3146
3227
3267
3423
3549
3525
3588
3632
3627
3648
3667
3677
3694
3695
3675
4097
4168
4305
4346
4348
4345
4930
5254
5291
5264
5265
6314
6386
6382
6386
6376
6376
6744
6740
12
211
229
214
212
258
251
252
305
304
315
319
360
359
363
343
340
371
393
387
409
379
390
422
460
452
455
440
475
475
477
480
476
477
495
479
477
490
485
523
510
510
547
523
549
530
547
547
562
587
552
553
596
557
595
594
591
580
595
618
640
626
624
627
664
665
668
667
686
679
659
700
660
683
707
696
687
709
706
699
740
740
721
728
779
738
778
770
770
759
791
788
802
795
794
777
793
779
816
815
819
807
816
863
846
865
850
880
850
901
881
910
910
939
920
944
923
919
921
950
960
953
935
973
955
965
954
985
980
978
1007
1010
1019
1020
995
1013
1005
996
1005
998
1042
1018
1042
1059
1075
1078
1082
1076
1095
1079
1093
1074
1074
1067
1118
1087
1123
1102
1117
1137
1123
1142
1138
1129
1138
1165
1153
1172
1174
1140
1148
1164
1151
1174
1200
1166
1222
1183
1184
1225
1194
1224
1226
1244
1220
1246
1242
1234
1281
1283
1245
1287
1250
1253
1275
1257
1305
1277
1307
1287
1300
1331
1322
1304
1308
1323
1355
1352
1355
1340
1347
1342
1374
1347
1354
1381
1375
1396
1379
1362
1373
1370
1404
1376
1409
1378
1390
1410
1388
1431
1435
1430
1426
1416
1425
1432
1459
1422
1464
1466
1441
1457
1448
1454
1457
1475
1451
1492
1491
1504
1485
1511
1516
1488
1517
1517
1512
1521
1510
1516
1521
1541
1538
1544
1572
1578
1591
1564
1557
1581
1608
1589
1626
1629
1612
1618
1598
1601
1647
1641
1651
1632
1669
1662
1681
1657
1659
1661
1667
1655
1689
1694
1715
1729
1704
1745
1747
1743
1722
1740
1745
1738
1767
1763
1778
1767
1762
1771
1796
1799
1794
1810
1788
1805
1793
1809
1790
1828
1822
1826
1829
1818
1878
1860
1853
1855
1874
1898
1893
1893
1878
1894
1917
1904
1902
1907
1900
1907
1929
1948
1934
1964
1959
1958
1940
1972
1951
1980
2000
1995
2005
2006
2034
2033
2009
2012
2055
2054
2053
2057
2044
2043
2038
2065
2085
2092
2081
2068
2107
2101
2087
2113
2141
2130
2160
2147
2132
2154
2166
2158
2159
2197
2185
2242
2208
2251
2226
2252
2220
2254
2238
2235
2235
2254
2243
2262
2278
2294
2320
2283
2328
2322
2340
2340
2372
2343
2364
2391
2388
2390
2427
2437
2439
2426
2441
2481
2477
2479
2475
2467
2499
2474
2491
2488
2528
2507
2513
2497
2533
2521
2593
2580
2616
2624
2648
2651
2672
2683
2674
2694
2669
2699
2720
2727
2708
2697
2707
2755
2759
2761
2751
2758
2758
2803
2792
2810
2774
2811
2807
2867
2872
2875
2875
2882
2864
2883
2881
2924
2905
2987
3003
2979
3015
3028
3110
3099
3156
3178
3162
3192
3254
3273
3305
3280
3392
3395
3429
3433
3548
3732
3783
3787
3787
3841
3873
3930
3985
4108
4214
6236
11
12
239
252
250
250
262
244
288
269
318
344
377
375
379
399
420
434
432
452
448
438
493
472
508
477
488
472
506
507
498
499
500
489
519
560
530
530
555
582
549
550
580
615
596
605
614
592
605
609
645
641
638
662
661
640
682
700
681
725
699
710
692
744
721
714
730
786
779
780
751
761
780
793
764
800
793
804
809
800
803
809
837
833
872
833
849
847
847
891
864
880
911
888
891
920
926
927
910
900
949
942
924
934
959
941
934
977
953
987
997
1000
1000
997
1000
997
1004
993
997
1013
1026
1027
1057
1069
1054
1054
1084
1108
1093
1096
1115
1109
1135
1131
1112
1154
1115
1133
1158
1147
1153
1164
1162
1196
1214
1211
1201
1230
1205
1234
1223
1218
1254
1223
1237
1226
1236
1266
1257
1245
1241
1246
1239
1289
1281
1290
1307
1285
1304
1310
1301
1331
1318
1326
1314
1346
1303
1334
1325
1351
1346
1346
1369
1353
1348
1394
1386
1379
1400
1402
1374
1395
1405
1392
1416
1407
1415
1437
1445
1415
1458
1457
1435
1445
1447
1450
1453
1472
1488
1492
1497
1489
1496
1485
1524
1502
1503
1505
1518
1510
1530
1530
1532
1534
1529
1542
1542
1545
1532
1574
1574
1574
1579
1576
1582
1574
1570
1578
1599
1580
1582
1641
1641
1604
1608
1632
1609
1652
1663
1666
1673
1661
1666
1669
1675
1650
1661
1663
1695
1698
1695
1724
1708
1709
1708
1733
1728
1744
1724
1758
1762
1769
1732
1780
1787
1783
1785
1800
1794
1792
1788
1810
1812
1827
1804
1822
1822
1845
1858
1848
1850
1840
1843
1871
1880
1868
1896
1882
1907
1894
1896
1906
1907
1906
1909
1904
1917
1937
1952
1956
1981
1993
1989
1970
1988
1974
1978
2007
2000
2002
2016
2037
2029
2034
2038
2036
2059
2061
2064
2061
2036
2076
2070
2060
2089
2077
2105
2092
2107
2101
2100
2100
2099
2127
2126
2138
2141
2172
2193
2213
2226
2211
2210
2249
2231
2234
2235
2275
2246
2264
2269
2274
2303
2287
2316
2310
2338
2319
2345
2337
2336
2345
2332
2340
2330
2340
2353
2338
2377
2397
2403
2388
2409
2408
2374
2375
2427
2403
2455
2469
2470
2449
2464
2500
2492
2525
2524
2525
2565
2539
2561
2602
2582
2599
2606
2623
2630
2634
2638
2657
2656
2639
2657
2652
2658
2672
2709
2700
2697
2734
2738
2750
2723
2749
2741
2749
2787
2783
2822
2815
2837
2855
2840
2858
2856
2837
2834
2869
2895
2943
2928
2919
2917
2913
2918
2964
2961
2989
2981
3054
3058
3040
3102
3153
3246
3228
3225
3251
3229
3277
3311
3297
3335
3332
3397
3447
3450
3482
3480
3459
3498
3611
3597
3665
3639
3713
3735
3736
3740
3767
3825
3819
3866
3966
3965
3957
3953
4014
4123
4115
4362
4364
4613
4606
4812
5046
5028
5964
5942
5946
9
208
207
203
189
186
218
238
247
291
276
303
290
312
325
344
327
351
359
347
384
380
375
419
412
430
445
458
446
450
482
478
462
453
460
460
513
517
518
513
509
508
533
549
545
547
531
544
540
541
562
543
539
586
588
564
572
590
593
595
595
622
619
617
617
652
640
633
629
663
663
653
654
664
650
674
676
673
703
677
676
695
728
707
708
704
738
749
716
738
751
764
744
786
787
780
782
794
810
792
814
838
818
856
844
840
871
884
872
861
858
886
886
873
916
916
906
943
932
932
926
960
953
945
948
946
976
949
977
976
985
961
969
975
965
992
983
984
1003
1028
1035
1047
1038
1033
1027
1065
1040
1064
1059
1087
1088
1080
1059
1104
1063
1089
1109
1105
1114
1078
1084
1100
1087
1085
1121
1121
1105
1136
1154
1164
1159
1184
1149
1145
1167
1166
1184
1206
1167
1205
1176
1178
1222
1203
1232
1210
1230
1221
1254
1256
1238
1269
1230
1270
1277
1270
1284
1273
1262
1260
1283
1265
1301
1279
1294
1291
1284
1282
1286
1323
1340
1315
1343
1332
1327
1366
1365
1339
1340
1357
1341
1364
1366
1348
1386
1357
1401
1372
1401
1396
1396
1378
1425
1436
1404
1410
1451
1454
1455
1458
1432
1465
1443
1466
1453
1450
1458
1462
1466
1505
1506
1498
1497
1525
1522
1499
1501
1531
1505
1538
1537
1533
1521
1539
1546
1532
1552
1542
1567
1561
1563
1582
1600
1589
1589
1619
1604
1610
1641
1610
1625
1647
1642
1629
1656
1650
1669
1655
1684
1684
1698
1667
1671
1715
1717
1704
1727
1701
1734
1704
1703
1705
1745
1724
1739
1761
1764
1782
1779
1768
1770
1746
1787
1781
1770
1770
1796
1797
1788
1815
1814
1833
1814
1816
1823
1815
1839
1853
1844
1846
1863
1857
1895
1904
1895
1912
1927
1903
1907
1899
1911
1953
1950
1939
1940
1951
1977
1958
1991
1962
1979
1958
2003
1976
2039
2036
2050
2046
2045
2076
2064
2092
2108
2074
2106
2095
2115
2101
2143
2134
2184
2150
2190
2210
2193
2195
2208
2225
2219
2229
2208
2240
2217
2250
2267
2235
2268
2280
2251
2301
2294
2298
2301
2331
2334
2308
2316
2335
2332
2333
2375
2338
2369
2353
2387
2380
2404
2380
2439
2418
2418
2448
2425
2459
2493
2507
2493
2518
2515
2516
2509
2496
2553
2533
2554
2604
2608
2646
2682
2686
2689
2693
2661
2684
2662
2680
2700
2675
2692
2736
2729
2732
2742
2733
2760
2773
2786
2784
2799
2771
2762
2818
2802
2832
2818
2833
2815
2884
2856
2902
2903
2875
2922
2894
2924
2953
2939
2936
2972
3037
3087
3068
3108
3103
3107
3145
3124
3194
3251
3371
3388
3419
3457
3643
3705
3775
3789
3765
3790
3794
3779
4188
4181
4236
4225
4217
4291
4284
4616
9743
9
147
204
246
248
247
300
283
275
327
301
330
330
338
309
341
337
321
323
387
383
391
427
481
463
459
500
513
493
485
532
506
537
522
505
532
557
538
575
582
574
567
590
561
572
600
600
603
578
596
604
653
648
638
633
651
625
666
656
641
645
652
673
657
689
690
671
698
700
685
698
698
722
749
744
730
759
749
758
790
793
797
786
778
796
840
829
844
818
833
860
837
853
861
878
874
866
858
899
887
892
899
874
911
875
881
881
906
933
904
916
910
908
920
973
935
987
971
970
970
1011
1014
996
999
1011
1027
997
1000
1015
1017
1059
1064
1046
1069
1050
1067
1098
1084
1102
1113
1115
1121
1106
1113
1092
1123
1092
1120
1126
1124
1114
1134
1127
1165
1183
1193
1182
1183
1181
1177
1214
1217
1219
1235
1236
1217
1252
1254
1271
1282
1261
1273
1267
1281
1307
1288
1291
1291
1291
1326
1329
1312
1351
1353
1349
1366
1337
1337
1371
1375
1370
1384
1388
1395
1413
1395
1413
1408
1408
1421
1408
1402
1430
1425
1428
1453
1455
1474
1452
1482
1486
1477
1488
1514
1498
1513
1511
1502
1499
1510
1535
1546
1569
1591
1586
1597
1572
1569
1595
1597
1591
1600
1617
1612
1620
1607
1605
1634
1615
1646
1645
1642
1649
1656
1646
1683
1677
1678
1682
1671
1702
1694
1688
1718
1687
1724
1722
1721
1743
1738
1756
1727
1764
1781
1786
1771
1798
1788
1804
1823
1798
1818
1802
1813
1816
1839
1823
1839
1869
1852
1831
1858
1854
1860
1867
1886
1887
1885
1894
1894
1919
1895
1924
1914
1927
1928
1919
1960
1924
1932
1932
1932
1969
1952
1982
1972
2007
1996
2020
2002
2028
2027
2024
2030
2051
2045
2104
2095
2082
2098
2116
2102
2106
2105
2139
2134
2144
2136
2152
2166
2180
2174
2192
2194
2196
2214
2177
2213
2206
2214
2204
2213
2203
2212
2237
2223
2207
2228
2253
2249
2246
2255
2246
2241
2262
2263
2300
2309
2306
2353
2353
2358
2331
2351
2373
2377
2359
2360
2389
2379
2388
2375
2385
2399
2438
2451
2464
2450
2439
2483
2460
2494
2498
2488
2521
2504
2517
2499
2516
2511
2525
2523
2540
2569
2545
2576
2591
2576
2595
2595
2567
2598
2574
2598
2591
2616
2613
2613
2610
2622
2664
2637
2676
2671
2715
2719
2745
2720
2725
2747
2749
2766
2798
2768
2775
2805
2808
2821
2803
2811
2837
2814
2817
2837
2859
2852
2875
2870
2882
2886
2886
2906
2916
2926
2928
2974
2962
2984
2969
2976
2977
2981
2998
2993
3035
3039
3030
3028
3091
3132
3143
3171
3193
3215
3356
3346
3457
3439
3435
3467
3562
3562
3547
3608
3736
3790
3824
3830
3928
3916
3937
3912
4030
4032
4034
4022
4124
4271
4274
4369
4388
4373
4534
4511
4515
4512
4596
4571
4665
4643
12
187
246
280
269
281
307
340
320
339
319
347
344
343
394
383
377
430
439
426
429
456
421
468
479
471
476
480
517
530
493
505
506
504
528
547
547
547
550
550
597
567
590
570
613
575
613
615
622
601
589
604
645
648
677
658
644
678
666
697
701
721
682
718
726
716
715
708
751
764
752
798
814
827
831
817
849
851
882
895
897
864
884
904
906
913
877
891
912
919
891
929
927
947
936
937
934
961
931
968
948
971
975
940
964
955
959
954
972
970
983
1003
1029
1032
1040
1042
1037
1029
1061
1080
1094
1090
1072
1091
1078
1065
1083
1093
1082
1135
1127
1138
1126
1138
1133
1135
1118
1155
1152
1146
1158
1170
1187
1171
1180
1184
1176
1191
1167
1169
1170
1181
1215
1185
1226
1214
1202
1206
1251
1250
1247
1238
1258
1260
1244
1286
1268
1265
1284
1277
1308
1276
1303
1290
1285
1301
1294
1308
1304
1317
1343
1356
1353
1360
1379
1359
1375
1371
1395
1385
1367
1372
1370
1399
1370
1413
1403
1419
1403
1403
1426
1421
1406
1434
1401
1448
1442
1429
1446
1420
1451
1460
1437
1473
1438
1451
1464
1455
1474
1455
1459
1469
1515
1512
1523
1498
1500
1502
1547
1549
1535
1549
1535
1549
1536
1553
1565
1539
1567
1554
1567
1586
1575
1582
1582
1610
1570
1616
1592
1629
1623
1625
1605
1635
1644
1626
1656
1623
1658
1667
1668
1657
1661
1698
1718
1722
1727
1689
1711
1739
1708
1750
1732
1743
1723
1770
1764
1779
1754
1769
1768
1800
1766
1778
1773
1788
1816
1791
1798
1819
1838
1826
1842
1884
1879
1879
1865
1871
1913
1926
1914
1938
1911
1909
1948
1921
1978
1952
1978
1951
1981
1980
2000
1989
1997
1987
1979
1979
2025
2020
2027
2018
2014
2012
2054
2032
2036
2075
2050
2080
2083
2054
2107
2098
2115
2092
2116
2118
2097
2094
2096
2091
2123
2109
2106
2135
2131
2133
2148
2208
2204
2186
2178
2209
2233
2243
2241
2244
2245
2231
2237
2232
2235
2233
2242
2237
2257
2253
2267
2302
2292
2319
2304
2324
2345
2374
2377
2370
2409
2412
2388
2410
2411
2394
2437
2445
2445
2436
2438
2461
2494
2486
2472
2511
2498
2531
2502
2517
2530
2565
2582
2565
2575
2553
2583
2585
2595
2600
2614
2623
2607
2606
2683
2702
2700
2690
2705
2696
2739
2730
2714
2719
2711
2754
2763
2764
2741
2772
2763
2776
2785
2815
2798
2835
2845
2831
2827
2843
2836
2827
2857
2893
2862
2892
2889
2887
2929
2925
2907
2948
2932
2938
2957
2957
2961
2970
3019
3010
3043
3014
3071
3095
3097
3098
3125
3114
3100
3102
3143
3174
3166
3162
3194
3162
3167
3176
3178
3207
3341
3335
3338
3324
3405
3693
4016
4079
4057
4085
4130
4182
4306
4359
4359
4352
4347
4351
4392
4460
4750
4723
11
137
211
236
221
217
242
238
239
281
276
292
293
291
271
337
349
342
338
340
350
401
388
441
420
447
467
466
464
461
465
477
526
541
522
552
558
560
554
579
548
546
566
572
574
620
609
635
618
614
610
645
633
619
657
652
639
638
635
674
674
684
661
661
707
667
699
694
723
699
720
711
732
731
716
717
729
724
762
732
735
771
801
798
796
789
814
791
816
801
833
854
844
829
872
884
882
880
881
870
857
860
921
920
882
931
905
929
933
905
931
929
948
982
950
939
946
961
1006
979
977
998
1027
1030
1033
1025
1020
1043
1024
1035
1055
1035
1030
1035
1039
1089
1067
1055
1068
1069
1102
1119
1096
1099
1121
1107
1109
1120
1150
1122
1141
1124
1164
1136
1168
1150
1138
1187
1196
1170
1203
1217
1231
1202
1203
1246
1229
1247
1265
1239
1245
1235
1278
1237
1268
1274
1267
1289
1289
1300
1285
1276
1291
1289
1291
1309
1302
1344
1319
1338
1340
1333
1370
1373
1398
1383
1371
1401
1409
1404
1422
1398
1426
1424
1407
1426
1437
1447
1439
1468
1433
1474
1468
1470
1466
1462
1501
1482
1495
1476
1474
1477
1521
1534
1520
1519
1510
1527
1504
1508
1512
1565
1561
1537
1559
1583
1578
1566
1555
1575
1553
1557
1565
1563
1589
1619
1620
1601
1613
1625
1650
1658
1645
1668
1638
1687
1674
1675
1684
1662
1699
1687
1718
1720
1708
1700
1701
1707
1709
1728
1730
1733
1728
1756
1735
1742
1749
1741
1779
1797
1772
1787
1772
1813
1789
1817
1807
1812
1827
1820
1837
1837
1855
1866
1827
1847
1892
1872
1897
1892
1892
1869
1905
1886
1905
1904
1922
1932
1895
1932
1935
1934
1943
1947
1938
1927
1937
1929
1972
1933
1970
1974
1967
1951
1954
1953
2001
1992
1973
2011
2023
2037
2031
2021
2018
2044
2042
2047
2100
2082
2098
2135
2131
2103
2107
2139
2137
2122
2137
2151
2150
2183
2163
2158
2181
2165
2197
2165
2182
2230
2225
2201
2222
2243
2223
2267
2251
2311
2307
2287
2301
2345
2372
2356
2356
2354
2357
2359
2355
2352
2386
2379
2381
2417
2403
2444
2423
2455
2423
2459
2462
2482
2470
2494
2488
2492
2516
2515
2539
2558
2544
2538
2587
2588
2569
2615
2579
2582
2643
2599
2613
2603
2659
2651
2630
2634
2657
2651
2667
2681
2680
2700
2753
2716
2746
2749
2762
2742
2742
2743
2782
2780
2779
2768
2769
2825
2806
2801
2833
2867
2846
2829
2860
2921
2883
2942
2924
2926
2918
2917
2970
2932
2988
2969
2969
2969
3018
3049
3031
3076
3110
3126
3117
3165
3161
3159
3160
3146
3239
3254
3246
3255
3306
3302
3282
3398
3417
3428
3499
3485
3535
3563
3777
3819
3807
3786
3879
3873
4008
4033
4032
4084
4149
4140
4177
4720
4723
5760
6006
5987
