41
45
75
79
84
83
89
97
101
106
110
114
130
134
138
141
142
146
151
153
157
158
162
169
166
176
176
181
185
189
203
207
208
212
216
220
224
234
238
240
244
245
251
255
259
261
270
274
275
279
280
284
284
288
287
295
299
303
303
308
312
310
314
314
318
323
322
330
334
339
343
341
345
353
357
351
366
370
373
377
378
384
384
388
388
392
395
399
400
404
405
411
413
415
415
421
430
434
436
440
444
448
449
458
462
462
466
469
473
476
481
485
486
489
493
498
497
499
503
503
508
512
514
518
520
517
522
522
522
526
536
530
547
551
568
572
574
578
569
578
582
593
586
590
604
596
600
615
604
608
630
612
620
624
628
632
655
636
665
670
669
647
678
653
682
683
684
661
671
675
703
685
689
719
693
728
732
736
752
756
762
766
780
784
788
788
799
802
806
844
848
850
854
859
863
916
920
976
980
1023
1027
1031
1035
1039
1043
1047
1051
5
9
5
13
17
19
5
9
8
10
19
20
24
16
5
9
31
5
45
49
44
48
20
52
56
60
64
5
9
5
9
13
17
21
5
9
5
9
5
11
5
12
9
18
31
5
9
13
5
9
7
11
15
19
11
15
30
36
26
30
5
9
13
5
9
5
9
13
17
21
5
9
13
17
23
15
5
5
9
29
21
5
9
5
9
13
5
9
13
17
5
9
5
9
5
11
15
13
23
27
28
31
35
41
45
15
51
55
26
59
63
5
9
13
5
9
5
9
13
17
16
20
22
5
10
9
36
12
16
29
20
5
9
5
9
7
11
12
16
5
9
13
17
5
9
13
17
21
5
15
18
22
5
9
13
17
5
9
5
9
5
9
5
9
5
9
5
9
13
9
13
15
19
5
9
5
9
5
9
13
17
5
9
5
9
13
5
9
7
8
5
18
18
5
16
9
24
5
9
13
17
21
25
29
33
5
13
19
23
5
9
5
9
5
9
5
9
5
9
5
9
5
9
5
9
13
17
5
9
15
19
12
18
30
34
38
42
5
9
13
17
21
25
29
33
5
9
5
9
5
9
5
13
9
23
15
5
9
18
22
35
5
9
13
5
9
13
17
5
9
15
14
18
5
9
5
9
5
11
16
5
27
20
5
29
16
20
5
9
5
9
5
9
41
45
75
79
84
88
92
97
101
106
105
111
130
134
141
145
146
153
157
160
161
165
169
173
176
180
185
189
203
207
208
216
220
221
225
228
229
232
233
245
249
253
255
259
271
275
278
282
285
286
292
292
297
301
308
312
318
322
327
331
334
335
339
341
343
347
349
353
353
357
361
361
368
372
373
377
378
382
381
384
387
388
394
393
399
398
397
406
410
410
414
413
428
432
431
436
442
442
446
441
444
445
451
460
455
458
463
467
479
473
487
477
490
486
490
500
494
492
500
496
514
520
524
515
528
516
532
540
524
544
543
531
535
555
561
562
566
546
568
550
573
578
580
584
564
568
591
599
603
581
585
610
589
620
624
598
602
628
606
636
644
648
648
652
654
658
628
664
639
643
679
647
687
687
691
658
662
666
706
670
717
721
723
725
693
697
737
701
746
711
715
756
719
762
723
727
731
779
735
786
789
790
793
746
797
800
753
759
811
763
814
826
830
779
783
787
791
795
799
803
807
811
938
942
982
986
1016
1020
1098
1102
1106
5
11
16
5
23
20
9
24
14
19
24
5
28
34
51
55
27
59
63
5
9
7
11
5
9
13
17
21
8
5
35
39
20
5
45
21
31
32
33
37
41
27
45
29
78
51
82
40
100
104
78
84
88
115
94
98
126
102
108
112
15
25
5
127
11
131
12
16
5
9
13
17
9
13
5
9
5
9
5
11
13
17
5
7
11
19
15
20
25
28
32
36
38
5
47
51
51
55
21
61
25
63
67
35
71
78
43
82
82
86
53
90
19
96
23
105
68
102
108
120
11
15
123
127
136
140
16
144
6
13
30
10
159
22
163
21
25
11
15
176
180
184
188
192
196
200
204
208
212
6
13
10
226
230
24
234
24
28
242
32
18
249
22
25
26
5
9
25
29
278
33
285
289
5
9
5
9
5
9
5
11
15
16
20
24
5
9
13
5
9
13
5
9
13
5
8
12
16
5
9
5
9
5
9
5
9
5
9
5
9
5
9
13
5
9
5
9
5
9
13
23
27
19
33
30
5
9
12
16
23
22
26
34
49
53
48
52
5
17
5
9
25
29
6
10
5
9
5
9
13
17
5
9
5
11
13
17
19
23
25
27
33
37
5
9
5
9
13
5
41
45
75
79
84
88
97
101
106
110
130
134
141
145
146
150
153
157
165
169
172
173
181
185
186
205
209
214
218
219
228
232
235
236
243
240
245
246
249
253
255
257
261
266
265
274
275
279
276
280
286
290
291
295
298
302
302
308
312
313
317
318
318
322
327
326
335
330
345
349
354
353
350
354
363
367
358
364
370
377
381
382
392
396
398
402
391
395
412
399
417
405
421
423
424
411
430
433
434
435
437
439
442
447
451
453
457
463
467
470
471
475
479
477
480
484
484
486
490
496
500
509
513
525
529
533
547
551
554
558
561
565
582
586
590
594
598
602
609
606
616
620
627
624
628
639
632
640
644
657
648
665
652
658
677
662
678
668
692
696
700
710
714
717
721
722
726
730
734
751
755
759
763
778
782
784
788
791
792
798
802
806
810
814
818
822
826
830
834
838
842
846
850
854
858
862
866
870
874
878
882
886
890
894
898
902
906
910
914
918
922
926
930
934
938
942
982
946
952
956
995
962
966
1006
975
979
1020
998
1002
1045
1006
1010
1014
1018
1022
1026
5
9
5
9
8
12
18
22
15
21
25
49
6
36
12
40
62
59
66
5
74
9
18
82
26
85
93
5
5
14
9
111
115
119
123
6
7
134
138
7
25
11
149
32
153
159
44
48
169
173
16
179
27
31
5
9
6
10
14
13
5
29
21
25
16
29
33
7
11
15
5
9
5
11
5
15
19
14
26
30
5
21
25
27
8
12
5
9
5
31
33
37
5
9
7
11
5
16
18
22
5
9
5
9
13
5
9
5
9
10
14
20
5
9
5
9
5
9
13
5
9
5
9
13
16
20
33
37
41
45
5
9
13
7
11
12
22
26
26
9
13
5
5
9
13
23
17
28
30
34
5
9
13
17
23
27
16
33
37
27
41
45
49
55
59
13
23
27
74
33
37
85
43
47
96
102
106
58
116
120
73
12
16
87
91
139
5
13
148
17
10
105
17
21
27
31
121
27
125
176
129
135
139
190
196
200
150
206
210
161
219
223
176
227
186
190
238
247
251
205
255
218
222
270
226
280
284
237
250
254
258
307
264
268
318
278
282
333
288
292
344
350
354
303
358
362
366
370
374
378
382
386
390
394
398
402
406
410
414
418
422
426
430
434
41
45
49
53
75
79
84
88
92
97
96
103
106
107
113
117
121
125
130
129
141
145
146
150
149
154
166
170
179
183
184
188
190
194
198
204
202
209
213
217
221
224
228
230
234
241
238
247
242
253
248
257
260
254
258
262
273
279
279
283
273
288
287
293
297
298
303
292
309
309
302
320
306
318
312
330
316
332
335
339
339
343
327
347
352
356
357
361
366
370
377
381
363
385
393
397
398
402
403
407
414
418
425
429
432
433
437
439
443
445
447
451
468
472
474
478
482
486
490
490
501
505
506
510
514
513
518
527
531
528
532
535
539
543
554
547
561
553
565
566
565
579
583
587
594
591
600
609
613
620
624
631
635
643
647
651
666
670
674
690
694
695
702
706
707
713
713
717
717
720
724
728
728
736
740
738
742
744
746
750
754
758
762
773
771
775
787
795
799
789
803
797
814
801
823
827
812
816
851
855
867
871
908
912
982
986
991
995
1029
1033
5
9
5
9
8
12
20
16
17
21
37
8
5
50
23
9
17
13
67
24
71
14
11
18
37
33
41
45
15
6
31
36
25
40
17
5
9
8
10
14
23
5
9
15
19
16
25
27
31
5
9
8
12
16
5
9
5
13
14
17
20
24
6
10
14
18
26
9
38
42
28
28
32
40
5
18
22
49
53
16
57
5
9
13
5
11
16
20
23
27
5
9
5
9
5
9
5
9
5
9
5
9
5
9
5
9
5
9
5
9
13
17
21
25
29
33
37
5
12
16
20
11
15
27
36
29
5
14
18
46
5
56
16
5
9
5
9
5
9
5
9
13
7
11
26
6
17
22
10
13
34
22
5
25
9
30
36
40
13
19
5
51
55
29
18
34
15
19
70
77
35
31
55
59
47
63
94
67
7
11
80
84
114
9
5
102
106
137
23
112
27
36
148
153
11
45
157
42
5
9
24
13
12
173
17
57
26
30
189
5
198
9
44
48
209
52
24
230
234
77
238
242
246
252
5
17
21
25
25
272
276
33
280
46
288
50
16
20
301
305
309
75
82
86
57
90
64
5
9
9
13
5
9
13
17
26
30
19
23
5
9
13
17
5
20
24
28
28
45
50
54
5
9
5
9
13
5
9
13
9
13
5
9
5
9
5
9
13
5
9
41
45
49
75
79
84
88
97
101
106
110
130
134
141
145
146
150
153
157
165
169
172
176
181
185
199
203
204
208
209
218
222
228
232
232
245
249
248
252
253
257
261
261
270
274
274
278
283
284
287
289
287
298
302
307
311
311
315
323
319
329
325
333
335
336
340
341
343
340
352
344
355
359
362
355
368
359
375
378
379
370
385
385
389
391
396
395
397
403
407
405
409
411
413
418
422
424
426
417
432
435
424
440
444
444
445
449
435
441
459
445
460
464
468
466
473
477
478
482
470
474
496
478
503
505
489
511
493
515
517
518
521
535
539
555
559
563
571
575
576
581
581
585
587
589
591
596
600
608
612
617
616
626
637
641
645
647
651
674
678
694
698
716
720
723
724
730
743
747
754
758
762
801
805
809
819
823
874
878
929
933
957
961
981
985
1061
1065
5
9
5
9
8
5
9
23
13
26
5
10
41
13
5
22
20
5
28
33
16
37
27
41
9
5
56
60
51
27
66
31
12
27
73
81
39
85
89
48
43
47
5
9
13
5
9
39
13
35
39
5
9
5
16
21
7
11
32
5
9
13
5
9
5
9
13
17
21
25
29
33
37
41
45
15
19
65
25
29
14
19
38
23
88
92
21
25
38
5
9
5
9
5
9
14
18
24
33
37
64
10
68
48
77
81
28
85
89
7
11
100
104
108
5
9
5
9
5
9
5
9
5
9
13
5
9
13
8
12
5
9
5
9
5
9
13
5
9
8
12
15
10
14
26
18
22
26
5
9
13
5
9
5
9
5
9
13
14
18
27
31
35
9
13
46
50
9
13
17
5
9
13
5
9
5
9
5
9
5
9
5
9
5
9
13
17
21
25
29
33
37
41
49
53
17
59
28
5
9
5
9
5
9
5
9
13
5
9
5
9
13
5
14
15
19
5
9
5
11
15
18
22
24
5
9
5
9
7
11
5
11
15
16
6
24
10
31
30
38
41
45
49
5
9
13
5
9
5
9
5
14
18
19
23
5
9
8
12
16
20
5
9
13
5
9
5
9
5
9
13
17
21
30
34
18
38
28
5
49
9
55
59
63
67
11
15
15
19
86
25
5
97
9
13
5
9
13
8
12
7
13
17
27
31
31
35
45
49
16
20
5
9
41
45
49
75
79
84
83
89
97
101
106
110
114
130
134
141
145
146
153
157
160
161
165
169
169
176
179
180
180
185
184
192
190
196
202
212
216
220
220
225
226
229
233
237
239
243
245
249
251
255
259
263
267
267
271
275
283
287
290
294
291
295
295
299
303
310
309
320
324
321
328
334
326
344
348
351
355
357
359
365
369
370
374
373
377
380
383
386
387
388
392
393
397
401
401
395
404
408
413
412
415
419
423
427
437
431
442
444
448
449
454
454
459
461
465
467
469
473
477
475
478
482
482
483
487
488
492
493
497
513
517
521
529
533
537
541
542
548
550
552
554
557
561
606
610
614
626
630
634
634
640
642
646
647
651
659
663
667
671
675
680
679
687
691
690
693
707
711
714
718
722
722
728
726
738
743
737
747
745
749
763
767
771
783
787
1039
1043
1105
1109
5
9
8
12
1137
16
1145
5
9
13
23
27
20
25
11
6
16
20
42
24
30
25
6
30
57
61
36
18
42
22
71
16
26
91
79
83
28
65
89
5
39
77
81
99
81
19
109
113
16
119
123
27
129
133
13
23
27
22
26
158
7
5
47
169
31
12
35
181
20
5
28
9
197
35
47
41
45
210
94
98
102
106
63
110
233
238
73
121
125
248
129
88
93
11
97
142
146
103
25
276
280
116
284
164
168
13
17
8
132
179
183
29
18
147
314
193
5
44
161
165
333
214
340
218
177
31
182
228
186
359
363
197
367
245
205
249
378
382
258
220
263
15
19
397
401
276
239
243
411
291
416
423
5
260
304
308
29
269
312
38
25
282
451
286
292
296
465
306
5
480
313
484
490
22
494
326
32
36
338
40
44
517
48
53
5
9
5
9
5
9
5
9
5
9
5
9
5
9
5
9
5
9
7
15
19
14
26
40
44
5
9
5
9
5
9
5
9
5
9
5
9
10
14
12
16
5
9
11
15
24
5
9
13
16
5
20
5
27
9
47
51
31
9
13
17
21
5
10
14
19
18
22
8
12
33
43
47
27
33
37
58
64
68
48
74
78
59
65
69
89
99
103
84
93
97
117
106
131
135
139
143
147
151
155
159
163
167
171
175
179
183
187
191
195
199
203
207
211
215
219
223
227
231
235
239
243
247
251
255
259
263
70
74
78
83
87
88
97
101
104
108
112
122
126
132
136
136
140
143
147
166
170
172
174
183
187
191
195
199
203
207
216
220
220
232
236
241
240
248
249
253
251
268
276
280
277
287
286
291
288
293
297
306
310
312
316
319
323
327
331
335
336
340
347
344
353
354
360
362
364
364
369
370
375
375
380
381
390
394
401
405
408
412
413
417
421
424
425
432
431
435
439
440
444
445
449
450
454
459
463
467
474
478
479
483
490
494
495
499
505
509
514
513
519
534
538
547
551
558
562
563
567
571
586
590
611
615
616
622
626
630
634
647
651
688
692
696
696
706
710
714
719
718
737
741
746
745
751
772
776
779
780
786
827
831
874
878
882
886
890
920
924
928
932
957
1035
1039
1047
1051
5
9
13
5
9
8
12
5
11
16
5
24
28
16
8
10
14
18
22
28
26
30
5
9
19
23
20
26
5
34
13
11
5
47
51
11
25
42
24
28
38
42
89
93
97
101
105
111
115
14
18
5
9
5
9
14
18
24
28
5
9
15
13
17
5
9
5
9
8
12
5
9
13
5
9
5
15
17
21
5
9
5
9
5
9
7
11
15
11
15
14
18
5
9
5
9
9
15
19
14
20
30
34
5
9
13
17
21
7
5
32
36
17
40
44
27
53
15
19
5
9
13
17
5
9
5
9
5
9
5
9
15
19
14
18
5
9
13
17
21
25
29
33
13
17
54
5
9
5
9
5
9
5
9
13
17
21
12
16
17
21
25
5
9
13
17
5
9
5
9
5
9
13
17
21
25
5
9
5
21
7
25
11
32
17
40
5
9
13
17
21
25
29
33
13
17
49
53
5
9
13
20
17
27
31
5
9
13
5
5
9
31
35
33
39
41
5
9
5
9
5
9
18
20
24
5
9
5
15
19
27
5
48
5
30
9
19
20
24
5
9
5
5
9
5
38
9
43
47
5
9
5
9
7
13
17
12
20
24
40
40
5
9
10
14
16
18
27
31
35
5
9
5
9
13
5
9
8
12
16
5
9
5
9
5
9
5
9
13
17
10
14
28
20
5
39
9
46
11
15
57
65
69
29
73
39
84
88
5
11
14
18
22
26
34
38
18
46
13
17
33
5
7
11
16
5
11
15
13
17
21
25
70
74
83
87
88
92
97
96
102
104
106
109
112
117
125
129
131
135
140
144
145
149
154
153
159
163
167
175
179
187
191
200
204
209
213
217
220
224
227
231
232
236
240
242
246
249
250
254
258
256
259
263
276
280
285
289
288
301
305
306
309
312
313
321
325
326
331
337
334
338
345
342
352
354
356
353
360
364
368
368
367
371
377
375
386
379
393
397
387
391
404
409
413
413
405
409
424
413
432
434
436
424
441
446
445
450
454
458
456
464
464
468
467
475
471
475
479
479
480
485
489
491
495
494
498
503
507
496
510
514
518
541
522
550
551
533
550
537
561
565
569
569
573
569
577
586
581
567
571
575
603
579
602
606
585
615
618
595
599
621
626
635
639
636
640
615
619
654
623
660
629
664
668
668
672
673
644
648
683
688
663
667
703
707
711
720
715
726
730
732
738
742
736
740
744
748
752
768
772
776
780
784
790
794
803
807
820
824
828
832
889
893
925
929
933
937
941
945
951
952
1086
1090
5
9
1140
1144
1148
5
1161
9
1166
5
12
9
17
1182
6
12
13
17
21
5
11
15
16
22
5
26
30
14
34
37
38
6
50
10
54
54
58
62
24
66
27
75
5
34
11
38
51
19
96
100
29
67
106
5
43
47
84
51
55
59
32
63
67
49
53
6
10
6
9
11
10
24
5
23
11
15
32
5
9
59
63
67
47
52
54
56
81
64
23
5
67
13
37
5
9
13
17
27
31
20
24
5
9
5
9
5
9
5
9
5
9
13
5
9
13
5
9
5
20
24
29
33
5
9
13
17
21
25
29
33
37
5
9
5
9
13
17
21
8
12
32
36
40
44
48
52
56
60
64
68
72
76
80
84
88
92
96
100
104
108
112
116
13
17
131
135
139
143
147
151
155
5
9
5
9
5
9
13
17
21
25
5
13
17
20
21
25
29
10
5
18
19
22
19
23
57
61
32
65
37
5
9
13
17
5
9
13
17
21
25
29
33
5
9
8
5
7
19
23
17
24
28
5
9
11
15
20
28
32
30
36
42
46
18
50
53
5
30
9
65
69
73
10
14
84
88
92
11
15
103
107
111
115
119
123
127
131
5
9
5
9
15
19
16
28
32
32
36
47
51
55
59
63
31
35
5
9
13
70
74
83
87
88
97
101
104
108
122
126
130
132
136
140
143
147
151
170
174
176
178
182
186
186
191
189
195
195
197
201
212
216
222
226
230
234
243
247
248
252
253
257
259
261
268
269
272
273
272
277
279
286
283
291
295
296
304
308
309
313
317
324
328
332
336
337
341
346
350
351
355
359
361
365
365
371
375
377
379
383
385
389
391
395
399
405
403
410
414
418
422
423
425
429
436
440
440
446
451
457
461
463
467
468
472
476
481
485
486
490
501
505
508
512
516
520
525
524
536
540
541
545
543
550
554
555
559
562
563
572
567
573
577
585
587
581
595
587
599
602
593
597
601
618
605
611
627
631
633
635
641
645
649
649
639
643
661
653
657
676
661
685
665
693
695
676
699
681
685
728
732
736
742
746
755
759
763
785
789
795
799
803
854
858
920
924
928
932
936
940
949
944
958
959
963
967
971
975
979
983
987
991
995
999
1003
1007
1011
1015
1019
1023
1027
1031
1035
1039
1043
1047
1051
1055
1059
1063
1067
5
11
12
16
5
9
16
20
25
5
5
14
9
17
20
25
29
31
14
18
45
22
9
13
9
13
24
9
13
37
17
33
37
50
54
33
39
12
16
20
24
5
9
13
7
11
16
22
26
22
26
5
6
8
16
20
19
6
28
5
31
11
22
5
40
17
36
5
14
52
5
69
73
29
5
9
9
7
11
20
10
5
31
35
23
39
24
28
15
32
57
61
45
64
68
5
9
5
9
5
9
5
9
5
9
5
9
5
9
8
12
16
20
24
28
5
9
6
13
17
22
21
36
5
43
26
66
70
74
78
82
86
90
94
98
102
5
9
5
9
13
17
15
5
32
36
40
6
46
15
30
19
38
63
28
69
33
12
77
16
5
21
29
26
95
5
36
9
26
43
107
47
51
55
5
9
5
9
13
17
5
9
9
32
36
22
40
24
24
28
54
58
48
62
32
36
5
9
13
17
21
5
9
13
16
5
11
14
18
5
9
5
9
13
5
9
13
5
9
13
5
9
9
13
5
9
13
5
9
9
13
17
5
9
13
5
9
5
9
5
9
5
9
13
5
9
7
11
7
11
22
5
28
22
26
18
30
34
47
53
57
45
63
67
56
60
5
9
13
5
9
5
9
5
7
11
16
5
70
74
83
87
88
92
97
101
104
105
109
111
116
120
125
129
131
135
140
144
145
154
158
175
179
192
196
200
200
205
206
211
220
224
225
229
232
233
237
239
242
246
249
253
256
257
263
261
268
268
273
277
279
286
290
292
294
297
298
306
310
314
318
318
325
330
334
338
338
344
344
353
355
357
361
361
369
373
374
377
379
383
383
388
389
393
394
393
398
397
399
404
419
423
418
422
429
434
438
443
447
451
462
455
470
477
481
486
485
480
484
498
488
503
492
498
517
502
515
527
531
518
522
540
526
546
530
553
557
560
564
565
578
582
583
587
588
591
592
595
600
599
606
605
610
613
610
618
614
628
632
635
633
669
673
681
685
691
695
700
704
740
744
749
753
757
760
761
766
770
773
775
799
803
807
809
815
818
849
853
865
869
873
877
916
920
924
928
932
936
941
952
952
956
960
964
968
972
5
9
1142
1146
5
9
13
8
14
18
14
18
5
9
8
10
14
18
5
28
32
31
8
21
14
25
19
23
20
10
27
14
16
35
40
28
49
7
11
60
64
5
9
6
10
7
11
15
5
9
5
9
5
9
13
5
9
5
9
5
9
5
9
6
10
5
9
5
5
15
9
22
26
30
5
13
17
19
18
22
41
45
49
53
6
10
5
9
5
9
13
9
5
15
15
19
25
5
20
9
28
5
9
13
5
9
5
9
5
9
5
9
5
9
5
9
10
14
18
18
26
36
5
9
5
9
13
39
43
36
47
5
56
9
62
56
66
70
74
5
9
5
9
5
9
5
9
5
9
5
9
5
9
13
5
9
6
10
5
9
7
11
5
9
5
9
13
6
10
5
9
13
6
10
5
9
13
17
5
9
13
5
9
13
5
12
35
26
41
5
9
13
5
5
15
9
20
21
5
5
9
36
40
45
5
9
13
5
9
13
17
23
27
15
37
41
31
45
49
53
5
9
5
9
5
9
5
9
13
17
21
5
9
13
17
28
32
21
41
45
35
43
47
58
68
72
62
66
70
74
78
82
86
11
15
101
105
109
113
117
121
125
129
11
15
143
147
151
155
159
163
167
171
16
5
189
24
193
16
11
36
210
214
48
218
29
222
226
230
234
238
242
246
250
254
258
262
266
270
274
278
282
70
74
83
87
88
97
101
104
108
112
122
126
130
132
136
140
143
147
151
151
170
174
176
180
182
186
191
190
195
196
199
203
204
212
208
222
226
221
225
234
238
252
256
261
260
268
268
272
271
276
279
280
284
287
289
292
296
300
302
304
308
310
315
315
319
323
327
328
332
334
336
340
344
345
349
353
357
357
362
364
367
371
370
375
374
379
378
387
391
393
399
402
406
406
417
421
425
428
429
432
437
438
440
441
440
449
450
453
458
457
458
463
464
463
471
480
475
474
487
489
485
493
497
501
505
507
511
508
515
516
525
529
530
535
540
539
541
546
545
550
553
557
558
561
560
567
565
572
576
577
573
578
583
582
584
593
591
598
602
604
608
613
617
632
636
643
647
686
690
703
707
708
714
718
727
731
738
742
746
765
769
792
796
1008
1012
1020
1024
1028
1051
1055
1083
1087
5
9
13
5
11
22
5
30
6
32
15
39
19
24
28
25
34
58
13
17
6
10
5
9
5
9
5
9
13
5
9
13
14
18
29
33
37
41
10
14
52
58
62
27
66
22
26
40
30
82
49
53
41
14
18
100
104
67
60
64
77
68
119
124
10
128
97
138
142
27
35
39
157
161
23
165
14
18
179
46
191
195
35
5
9
8
12
5
18
22
26
42
5
51
55
17
5
62
30
23
29
28
12
32
17
101
5
9
13
5
9
5
9
13
17
5
18
22
30
5
9
5
9
13
5
9
5
9
5
9
5
9
5
9
13
5
9
5
9
5
9
5
15
16
5
5
9
53
57
45
5
9
5
9
5
9
5
9
5
9
5
9
13
17
23
27
13
17
5
9
5
9
7
11
21
25
18
22
5
9
5
9
5
9
5
9
5
9
6
10
6
10
5
9
5
9
13
17
21
25
29
5
9
13
5
16
20
21
29
33
35
5
9
13
17
21
5
9
5
9
13
17
21
5
9
5
9
5
9
5
9
5
13
17
18
28
32
5
9
13
17
21
25
9
33
5
16
20
20
24
19
55
59
63
5
9
5
9
13
8
12
16
5
13
5
17
9
25
29
33
37
5
9
5
9
5
9
5
9
13
5
9
13
5
9
5
9
13
17
21
25
29
33
37
41
45
49
53
57
61
65
69
73
77
81
85
89
93
70
74
78
83
82
88
92
97
101
104
105
124
128
133
132
137
140
144
143
148
148
153
157
154
159
162
163
175
179
180
186
186
190
190
190
194
203
207
211
211
223
227
229
244
248
253
257
258
262
263
267
271
277
275
281
286
289
290
293
294
299
300
305
307
309
311
316
315
319
319
322
328
325
332
334
334
332
340
344
350
357
361
367
371
372
383
387
388
392
391
395
403
399
410
403
417
420
424
425
429
431
435
433
437
443
447
448
453
459
459
463
467
471
475
481
485
487
489
493
495
500
502
504
510
526
530
534
538
542
546
552
550
557
561
563
565
564
568
573
579
580
579
583
588
596
594
600
594
598
602
606
610
614
618
622
626
630
634
638
659
642
668
669
672
653
677
676
687
691
690
694
675
689
693
718
724
704
708
735
741
740
719
744
726
730
757
734
770
749
753
757
791
763
767
802
771
775
779
783
787
832
791
838
797
842
844
804
808
812
816
820
824
828
882
832
838
842
894
846
901
850
861
865
921
874
878
936
882
1041
1045
1048
1052
1056
1060
5
10
14
18
24
28
33
37
11
6
17
12
15
5
25
29
15
60
38
5
11
15
53
36
21
5
64
64
6
13
10
102
36
106
79
44
77
7
11
102
110
22
26
110
114
5
13
18
22
1326
5
1336
195
21
199
29
33
37
45
49
5
8
12
21
25
77
81
36
40
5
9
9
13
17
21
25
29
33
5
9
5
9
5
9
5
9
27
13
28
35
32
24
41
10
14
20
18
27
39
5
9
5
9
5
9
5
9
5
9
13
6
10
5
9
5
9
5
9
13
5
9
13
19
23
16
20
5
9
5
9
5
9
13
19
16
20
24
28
5
9
7
11
20
24
28
5
9
7
11
15
19
23
27
31
35
39
43
47
51
55
59
5
9
7
11
5
6
13
10
17
14
25
29
33
30
37
26
31
43
12
16
41
20
58
5
9
5
9
5
9
5
9
5
9
5
9
5
9
5
9
13
5
9
13
8
12
16
20
24
28
32
36
40
5
7
11
16
20
24
28
32
5
9
5
9
13
17
21
25
5
9
13
17
5
9
13
19
23
16
22
5
34
9
42
46
5
8
12
16
16
5
13
5
20
11
15
25
5
9
5
11
5
16
11
5
26
70
74
78
83
87
88
92
97
96
102
104
108
109
114
120
125
124
131
135
140
139
145
149
151
155
158
162
166
170
175
174
187
191
202
206
210
210
216
224
228
240
244
242
246
250
255
260
261
264
264
261
265
268
269
279
283
279
287
292
284
288
302
292
301
305
316
309
327
331
333
340
344
330
334
353
338
360
342
367
371
369
375
377
382
386
388
392
381
385
402
389
418
422
429
426
437
438
437
441
448
449
445
452
454
459
460
464
456
464
470
474
479
478
482
488
496
500
502
504
499
503
516
507
515
519
527
531
532
536
537
540
529
543
545
539
543
559
547
568
582
586
593
597
601
605
609
613
621
625
631
635
657
661
669
673
683
687
688
692
696
700
710
714
716
718
721
724
728
732
739
743
749
747
760
764
771
768
779
786
779
790
792
797
789
801
805
811
815
814
813
817
821
834
825
842
846
859
863
868
867
873
881
885
896
900
922
926
931
935
936
940
944
992
996
1016
1020
5
9
9
15
16
20
11
15
13
24
5
27
9
20
34
27
31
35
39
43
5
12
9
58
5
14
9
31
35
16
20
22
26
38
30
40
5
11
5
13
17
12
21
15
20
30
34
38
5
9
5
9
5
9
5
9
5
9
13
9
13
16
20
5
12
16
20
7
11
6
10
5
9
5
9
8
12
5
9
5
9
13
6
10
37
41
45
38
49
11
15
52
19
23
5
9
5
9
5
9
6
10
14
18
8
12
32
5
23
27
5
9
67
71
45
75
81
85
59
89
93
97
101
105
109
113
117
14
18
133
137
141
145
5
9
9
13
5
9
5
9
13
17
21
25
5
9
5
9
12
16
17
21
25
5
9
5
9
10
14
15
19
7
11
5
9
13
17
21
25
9
13
14
24
28
28
5
9
13
17
21
5
9
6
10
5
9
5
11
15
20
5
9
5
9
5
13
16
20
5
9
5
9
5
9
5
9
5
9
13
16
20
31
24
30
46
50
54
58
5
9
5
9
13
17
21
27
14
18
5
9
5
9
13
19
14
18
5
9
5
9
5
9
5
9
13
5
9
13
17
21
5
9
5
9
13
17
21
25
5
9
5
9
5
9
5
9
5
9
13
17
5
9
5
9
9
13
5
9
13
17
5
9
13
70
74
83
87
88
92
97
96
102
104
108
109
113
125
129
131
135
140
139
145
145
154
158
175
179
185
196
200
204
204
209
212
213
215
222
219
227
228
233
233
237
239
240
241
245
249
252
256
260
268
272
271
275
283
287
291
295
297
301
313
317
319
321
327
327
332
336
337
343
347
351
355
356
363
367
374
378
380
382
388
390
392
395
393
399
401
407
405
412
416
419
425
429
433
429
433
437
445
452
456
459
463
463
467
475
479
471
475
489
479
500
504
510
514
504
508
522
512
516
535
520
540
543
547
554
558
560
562
568
574
578
601
605
628
632
634
636
645
649
649
653
656
657
661
667
686
690
686
694
700
704
701
722
726
730
740
744
748
753
757
773
777
781
785
789
793
798
799
803
809
807
811
815
819
834
838
842
962
966
970
974
987
991
995
1073
1077
5
9
5
9
5
9
13
16
20
5
9
5
9
5
9
5
9
5
9
19
23
32
36
5
9
13
5
9
13
17
28
21
25
29
33
5
9
5
11
16
21
5
16
20
31
19
5
23
27
39
43
36
40
37
5
10
14
20
5
9
5
9
13
7
10
14
18
5
9
13
17
5
9
5
9
5
9
13
17
21
25
5
13
17
21
5
9
5
9
7
11
15
19
23
27
5
9
5
9
13
17
21
25
29
12
16
43
22
16
20
63
67
71
75
79
83
87
9
13
98
102
106
5
9
10
14
16
20
6
10
5
9
5
9
5
9
13
5
9
5
9
13
17
5
9
5
9
5
9
13
17
5
9
5
9
10
14
9
22
13
5
37
9
13
40
44
37
5
9
5
8
12
16
20
5
9
5
9
5
9
5
9
5
9
8
12
15
19
5
5
14
9
18
22
5
9
5
9
5
9
13
17
5
9
5
9
13
17
21
5
9
5
9
13
19
14
18
5
8
12
16
5
24
26
35
39
21
24
28
51
32
26
30
49
71
75
16
79
85
71
89
28
47
51
84
88
105
109
7
6
21
10
136
140
7
46
151
55
21
65
69
73
67
77
81
183
187
191
195
199
203
207
211
215
219
223
5
9
6
10
5
9
13
5
9
5
9
9
13
17
21
25
29
33
37
41
45
49
53
5
9
23
27
77
81
85
89
93
97
5
9
8
10
19
70
74
83
87
88
92
97
101
104
105
109
111
116
125
129
131
133
139
140
144
145
149
154
153
175
179
180
184
206
210
217
221
222
226
227
231
234
235
239
241
246
246
251
251
256
259
263
264
268
268
272
276
276
281
283
288
290
294
295
299
300
304
332
336
348
352
356
360
361
365
368
372
376
380
382
386
387
393
397
399
403
407
407
410
418
415
422
424
427
429
437
441
444
449
452
465
469
473
479
477
484
488
483
490
493
494
498
506
510
516
520
531
535
541
545
564
568
570
574
575
579
584
588
591
595
609
613
617
622
626
634
638
639
643
666
670
682
686
692
696
700
727
731
735
738
742
782
786
790
794
798
802
963
967
971
975
979
983
1000
1004
1054
1058
5
9
8
5
14
18
5
8
26
29
6
30
17
17
15
21
48
13
17
32
7
41
7
11
57
61
63
65
5
88
9
9
52
13
5
24
5
10
9
20
20
41
24
28
47
51
55
59
63
5
9
5
12
5
21
5
14
11
28
15
36
19
5
9
13
8
12
5
9
5
9
13
5
9
5
9
5
9
5
9
5
9
5
9
5
9
13
17
21
5
9
5
9
13
17
21
25
36
40
18
46
50
29
35
39
61
67
71
50
86
90
74
94
107
113
96
117
12
123
5
114
132
118
32
16
37
125
41
147
151
5
9
13
17
5
9
13
5
9
5
9
5
17
25
29
5
9
13
17
21
25
34
38
17
33
5
62
9
5
9
5
11
12
16
20
5
11
5
6
19
25
17
5
38
9
13
47
17
66
70
28
74
67
98
102
106
68
72
11
117
121
12
125
29
33
95
99
103
107
111
117
5
162
14
167
60
132
136
25
140
186
41
5
14
18
57
65
69
31
41
84
88
96
100
19
23
5
9
10
5
17
21
28
32
24
28
23
5
9
5
9
5
9
13
5
9
5
9
13
5
9
13
17
21
25
29
33
37
5
9
5
9
9
13
17
21
5
11
15
19
23
5
9
13
17
23
15
5
25
16
5
9
13
17
21
25
29
35
39
16
20
24
28
5
9
5
9
5
9
5
9
5
9
5
11
12
5
22
26
18
30
24
34
29
5
9
13
17
21
5
9
5
13
9
19
21
27
31
8
12
5
9
5
9
5
9
13
5
