5 0.18
10 0.74
15 0.76
20 0.72
25 0.76
30 0.88
35 0.9
40 0.76
45 1
50 0.72
55 0.9
60 1.02
65 0.96
70 1.1
75 0.96
80 0.96
85 0.84
90 0.96
95 1.08
100 1.14
105 1.08
110 1.04
115 0.82
120 1.06
125 1.02
130 0.88
135 0.78
140 0.88
145 0.5
150 0.6
155 0.66
160 0.9
165 0.54
170 0.54
175 0.52
180 0.58
185 0.56
190 0.3
195 0.5
200 0.42
205 0.44
210 0.38
215 0.36
220 0.46
225 0.36
230 0.4
235 0.32
240 0.38
245 0.46
250 0.36
255 0.28
260 0.48
265 0.44
270 0.54
275 0.3
280 0.42
285 0.3
290 0.5
295 0.42
300 0.28
305 0.4
310 0.38
315 0.38
320 0.5
325 0.3
330 0.28
335 0.44
340 0.24
345 0.34
350 0.32
355 0.3
360 0.32
365 0.34
370 0.28
375 0.26
380 0.36
385 0.28
390 0.22
395 0.14
400 0.28
405 0.24
410 0.24
415 0.3
420 0.28
425 0.26
430 0.26
435 0.44
440 0.14
445 0.16
450 0.24
455 0.2
460 0.4
465 0.28
470 0.18
475 0.32
480 0.24
485 0.4
490 0.36
495 0.24
5542 49.06
5 0.14
10 1.18
15 0.84
20 1.1
25 1.02
30 0.86
35 0.98
40 0.94
45 1.18
50 0.96
55 1.08
60 1.52
65 1.12
70 1.34
75 0.9
80 1.08
85 1.32
90 1.2
95 0.94
100 1.14
105 1.36
110 1.06
115 1.14
120 1.14
125 0.7
130 0.66
135 1.04
140 0.7
145 0.8
150 0.7
155 0.46
160 0.58
165 0.58
170 0.62
175 0.56
180 0.52
185 0.42
190 0.36
195 0.6
200 0.28
205 0.34
210 0.28
215 0.34
220 0.42
225 0.42
230 0.28
235 0.24
240 0.26
245 0.4
250 0.26
255 0.34
260 0.26
265 0.2
270 0.36
275 0.2
280 0.44
285 0.26
290 0.22
295 0.5
300 0.28
305 0.32
310 0.26
315 0.12
320 0.2
325 0.26
330 0.24
335 0.16
340 0.32
345 0.16
350 0.3
355 0.34
360 0.38
365 0.26
370 0.18
375 0.24
380 0.06
385 0.26
390 0.2
395 0.08
400 0.16
405 0.22
410 0.38
415 0.22
420 0.32
425 0.14
430 0.12
435 0.18
440 0.34
445 0.26
450 0.12
455 0.14
460 0.26
465 0.12
470 0.26
475 0.24
480 0.26
485 0.1
490 0.1
495 0.16
3586 50.14
5 0.16
10 0.74
15 0.88
20 0.86
25 0.66
30 0.94
35 0.98
40 0.76
45 1.08
50 0.98
55 1.1
60 0.96
65 0.96
70 0.86
75 0.86
80 1.2
85 1.14
90 0.9
95 1
100 1.06
105 1
110 1.16
115 0.98
120 1.06
125 0.86
130 0.7
135 1
140 0.68
145 0.62
150 0.5
155 0.66
160 0.54
165 0.64
170 0.54
175 0.46
180 0.42
185 0.44
190 0.42
195 0.42
200 0.46
205 0.46
210 0.3
215 0.48
220 0.52
225 0.48
230 0.34
235 0.38
240 0.38
245 0.32
250 0.24
255 0.38
260 0.36
265 0.52
270 0.28
275 0.36
280 0.48
285 0.3
290 0.4
295 0.4
300 0.26
305 0.42
310 0.16
315 0.24
320 0.42
325 0.34
330 0.16
335 0.4
340 0.28
345 0.34
350 0.22
355 0.24
360 0.4
365 0.28
370 0.2
375 0.34
380 0.14
385 0.26
390 0.22
395 0.22
400 0.18
405 0.3
410 0.2
415 0.32
420 0.26
425 0.28
430 0.3
435 0.18
440 0.18
445 0.22
450 0.36
455 0.24
460 0.24
465 0.12
470 0.32
475 0.3
480 0.12
485 0.18
490 0.32
495 0.14
5653 50.68
5 0.18
10 0.92
15 1.06
20 0.8
25 1.06
30 1.08
35 0.84
40 1.16
45 1.06
50 1.42
55 1.12
60 1.06
65 1.22
70 1.12
75 0.92
80 1.18
85 1.14
90 1.32
95 1.56
100 1.38
105 1.04
110 1.12
115 1.38
120 1.2
125 1.1
130 1
135 0.76
140 0.94
145 0.92
150 0.82
155 0.84
160 0.76
165 0.6
170 0.7
175 0.66
180 0.4
185 0.66
190 0.42
195 0.64
200 0.42
205 0.44
210 0.62
215 0.4
220 0.36
225 0.5
230 0.34
235 0.3
240 0.36
245 0.4
250 0.32
255 0.38
260 0.5
265 0.32
270 0.12
275 0.4
280 0.34
285 0.26
290 0.36
295 0.2
300 0.36
305 0.24
310 0.2
315 0.24
320 0.22
325 0.36
330 0.24
335 0.26
340 0.34
345 0.34
350 0.4
355 0.32
360 0.22
365 0.26
370 0.2
375 0.12
380 0.26
385 0.24
390 0.22
395 0.2
400 0.36
405 0.22
410 0.44
415 0.22
420 0.16
425 0.34
430 0.2
435 0.3
440 0.22
445 0.26
450 0.14
455 0.14
460 0.24
465 0.18
470 0.28
475 0.28
480 0.28
485 0.1
490 0.24
495 0.24
4914 45.02
5 0.18
10 1.26
15 1.12
20 1.02
25 1
30 0.94
35 1.12
40 1.04
45 1.24
50 1.44
55 1.04
60 1.28
65 1.14
70 1.36
75 1.14
80 1.32
85 1.5
90 1.1
95 1.28
100 1.14
105 1.22
110 1.02
115 1.08
120 1.14
125 1.14
130 1.08
135 0.68
140 0.94
145 0.52
150 0.82
155 0.76
160 0.74
165 0.8
170 0.64
175 0.76
180 0.46
185 0.6
190 0.48
195 0.46
200 0.58
205 0.7
210 0.54
215 0.48
220 0.5
225 0.42
230 0.62
235 0.46
240 0.56
245 0.42
250 0.36
255 0.42
260 0.32
265 0.56
270 0.42
275 0.42
280 0.38
285 0.54
290 0.32
295 0.46
300 0.36
305 0.3
310 0.34
315 0.28
320 0.42
325 0.36
330 0.16
335 0.28
340 0.44
345 0.4
350 0.32
355 0.28
360 0.2
365 0.28
370 0.16
375 0.24
380 0.3
385 0.28
390 0.28
395 0.16
400 0.34
405 0.32
410 0.24
415 0.16
420 0.24
425 0.24
430 0.12
435 0.28
440 0.14
445 0.12
450 0.28
455 0.26
460 0.28
465 0.32
470 0.28
475 0.24
480 0.2
485 0.18
490 0.18
495 0.18
3448 42.08
5 0.2
10 0.82
15 1.12
20 0.64
25 1.12
30 1.22
35 0.98
40 0.76
45 1.24
50 1.08
55 0.96
60 1.02
65 1.32
70 0.96
75 0.92
80 1.14
85 1.22
90 1.14
95 1.16
100 1.18
105 1.22
110 1.04
115 1.06
120 1.16
125 0.74
130 0.86
135 0.78
140 0.78
145 0.72
150 0.82
155 0.28
160 0.74
165 0.68
170 0.78
175 0.52
180 0.66
185 0.4
190 0.42
195 0.46
200 0.48
205 0.5
210 0.42
215 0.44
220 0.52
225 0.48
230 0.44
235 0.46
240 0.46
245 0.46
250 0.42
255 0.48
260 0.5
265 0.48
270 0.42
275 0.5
280 0.28
285 0.4
290 0.28
295 0.38
300 0.44
305 0.3
310 0.46
315 0.3
320 0.56
325 0.44
330 0.28
335 0.44
340 0.3
345 0.38
350 0.2
355 0.38
360 0.34
365 0.28
370 0.4
375 0.36
380 0.48
385 0.42
390 0.32
395 0.24
400 0.32
405 0.42
410 0.28
415 0.24
420 0.42
425 0.24
430 0.24
435 0.44
440 0.38
445 0.4
450 0.22
455 0.22
460 0.24
465 0.38
470 0.14
475 0.1
480 0.3
485 0.38
490 0.24
495 0.32
3058 43.64
5 0.26
10 0.86
15 0.68
20 1.08
25 0.98
30 0.78
35 1.12
40 0.8
45 0.98
50 1.14
55 1.04
60 1.08
65 1.3
70 1.1
75 1.06
80 0.98
85 1.12
90 1.46
95 1.22
100 1.12
105 1.12
110 1.16
115 1.14
120 1.1
125 1.06
130 0.94
135 1.08
140 0.92
145 0.74
150 0.74
155 0.64
160 0.86
165 0.64
170 0.58
175 0.68
180 0.58
185 0.6
190 0.58
195 0.32
200 0.54
205 0.66
210 0.5
215 0.7
220 0.44
225 0.44
230 0.48
235 0.44
240 0.42
245 0.4
250 0.4
255 0.38
260 0.44
265 0.4
270 0.34
275 0.54
280 0.34
285 0.32
290 0.3
295 0.36
300 0.3
305 0.24
310 0.22
315 0.28
320 0.36
325 0.2
330 0.34
335 0.46
340 0.12
345 0.32
350 0.28
355 0.34
360 0.18
365 0.28
370 0.22
375 0.22
380 0.22
385 0.24
390 0.26
395 0.22
400 0.26
405 0.06
410 0.26
415 0.16
420 0.18
425 0.3
430 0.28
435 0.32
440 0.2
445 0.2
450 0.18
455 0.24
460 0.2
465 0.18
470 0.12
475 0.08
480 0.16
485 0.1
490 0.28
495 0.08
3476 46.38
5 0.22
10 1.14
15 0.98
20 0.68
25 1.2
30 1.1
35 1.28
40 0.9
45 1.1
50 1
55 1.04
60 1.08
65 0.84
70 1.18
75 0.96
80 0.96
85 1.2
90 1.22
95 1.34
100 1.32
105 1
110 1.24
115 1.32
120 0.94
125 0.94
130 0.96
135 0.68
140 0.68
145 0.82
150 0.58
155 0.68
160 0.66
165 0.86
170 0.7
175 0.52
180 0.72
185 0.64
190 0.56
195 0.44
200 0.64
205 0.54
210 0.7
215 0.38
220 0.54
225 0.36
230 0.42
235 0.5
240 0.52
245 0.64
250 0.5
255 0.44
260 0.42
265 0.34
270 0.5
275 0.58
280 0.28
285 0.3
290 0.32
295 0.38
300 0.32
305 0.34
310 0.48
315 0.4
320 0.44
325 0.3
330 0.28
335 0.24
340 0.3
345 0.28
350 0.36
355 0.24
360 0.14
365 0.34
370 0.32
375 0.42
380 0.42
385 0.22
390 0.22
395 0.28
400 0.18
405 0.38
410 0.18
415 0.18
420 0.28
425 0.26
430 0.26
435 0.36
440 0.36
445 0.16
450 0.26
455 0.18
460 0.14
465 0.22
470 0.16
475 0.2
480 0.12
485 0.34
490 0.28
495 0.3
3448 43.88
5 0.18
10 0.86
15 0.76
20 0.82
25 0.74
30 0.7
35 0.88
40 0.8
45 0.82
50 0.94
55 0.84
60 0.82
65 1.08
70 0.84
75 0.66
80 1.02
85 0.86
90 0.96
95 0.98
100 1.28
105 1.04
110 0.96
115 0.88
120 1.14
125 0.96
130 0.6
135 0.66
140 0.8
145 0.76
150 0.74
155 0.7
160 0.84
165 0.62
170 0.72
175 0.54
180 0.66
185 0.46
190 0.36
195 0.46
200 0.44
205 0.46
210 0.38
215 0.46
220 0.34
225 0.44
230 0.62
235 0.52
240 0.36
245 0.46
250 0.44
255 0.24
260 0.24
265 0.3
270 0.36
275 0.46
280 0.24
285 0.5
290 0.28
295 0.26
300 0.48
305 0.38
310 0.42
315 0.24
320 0.4
325 0.24
330 0.24
335 0.18
340 0.38
345 0.36
350 0.22
355 0.26
360 0.38
365 0.24
370 0.24
375 0.32
380 0.3
385 0.34
390 0.18
395 0.24
400 0.4
405 0.26
410 0.22
415 0.22
420 0.18
425 0.18
430 0.14
435 0.22
440 0.22
445 0.3
450 0.3
455 0.3
460 0.18
465 0.22
470 0.16
475 0.16
480 0.3
485 0.16
490 0.24
495 0.26
6691 50.8
5 0.2
10 0.84
15 0.7
20 0.78
25 1.04
30 0.92
35 0.74
40 0.82
45 1.04
50 1.06
55 1.06
60 1
65 0.94
70 0.98
75 0.8
80 0.84
85 1.36
90 1.16
95 1.2
100 0.82
105 1.04
110 1.08
115 1.36
120 1.34
125 1.38
130 0.88
135 0.88
140 0.84
145 0.94
150 0.82
155 0.76
160 0.52
165 0.62
170 0.64
175 0.68
180 0.7
185 0.66
190 0.5
195 0.56
200 0.56
205 0.58
210 0.5
215 0.6
220 0.48
225 0.46
230 0.3
235 0.46
240 0.58
245 0.46
250 0.52
255 0.32
260 0.44
265 0.32
270 0.36
275 0.28
280 0.22
285 0.34
290 0.36
295 0.26
300 0.44
305 0.36
310 0.3
315 0.52
320 0.44
325 0.22
330 0.28
335 0.2
340 0.28
345 0.12
350 0.32
355 0.24
360 0.26
365 0.36
370 0.28
375 0.28
380 0.32
385 0.26
390 0.2
395 0.18
400 0.18
405 0.14
410 0.24
415 0.28
420 0.2
425 0.24
430 0.22
435 0.18
440 0.18
445 0.3
450 0.32
455 0.14
460 0.22
465 0.14
470 0.2
475 0.4
480 0.14
485 0.2
490 0.08
495 0.26
4335 46.98
5 0.2
10 0.94
15 0.94
20 1.02
25 1.22
30 1.1
35 1.08
40 1.24
45 1.26
50 0.9
55 0.9
60 1.14
65 1.4
70 1
75 1
80 1.14
85 1.44
90 1.46
95 1.28
100 1.54
105 1.32
110 1.26
115 1.18
120 1.24
125 1
130 0.96
135 0.92
140 0.84
145 0.74
150 0.56
155 0.72
160 0.8
165 0.74
170 0.66
175 0.56
180 0.74
185 0.66
190 0.32
195 0.54
200 0.56
205 0.42
210 0.54
215 0.52
220 0.5
225 0.38
230 0.38
235 0.46
240 0.3
245 0.38
250 0.4
255 0.28
260 0.42
265 0.3
270 0.5
275 0.26
280 0.52
285 0.4
290 0.24
295 0.32
300 0.32
305 0.3
310 0.36
315 0.22
320 0.32
325 0.2
330 0.32
335 0.26
340 0.24
345 0.38
350 0.24
355 0.22
360 0.3
365 0.32
370 0.2
375 0.42
380 0.22
385 0.22
390 0.26
395 0.22
400 0.36
405 0.14
410 0.18
415 0.2
420 0.28
425 0.32
430 0.32
435 0.22
440 0.28
445 0.28
450 0.12
455 0.24
460 0.22
465 0.24
470 0.34
475 0.28
480 0.12
485 0.12
490 0.32
495 0.18
4329 43.66
5 0.16
10 0.9
15 0.92
20 0.84
25 0.62
30 0.92
35 0.8
40 0.68
45 0.94
50 0.9
55 0.9
60 1.04
65 0.84
70 0.92
75 0.56
80 0.96
85 1.14
90 0.98
95 1.08
100 0.96
105 0.92
110 0.8
115 1.18
120 1.04
125 0.96
130 1.1
135 0.78
140 0.86
145 0.6
150 0.6
155 0.4
160 0.42
165 0.82
170 0.56
175 0.34
180 0.56
185 0.6
190 0.54
195 0.46
200 0.3
205 0.54
210 0.58
215 0.5
220 0.34
225 0.38
230 0.52
235 0.34
240 0.26
245 0.48
250 0.4
255 0.38
260 0.36
265 0.1
270 0.44
275 0.46
280 0.38
285 0.42
290 0.36
295 0.28
300 0.36
305 0.2
310 0.26
315 0.28
320 0.32
325 0.24
330 0.36
335 0.32
340 0.42
345 0.32
350 0.44
355 0.28
360 0.2
365 0.28
370 0.44
375 0.26
380 0.16
385 0.38
390 0.36
395 0.24
400 0.34
405 0.3
410 0.14
415 0.28
420 0.16
425 0.2
430 0.22
435 0.36
440 0.24
445 0.28
450 0.2
455 0.18
460 0.16
465 0.3
470 0.18
475 0.24
480 0.3
485 0.16
490 0.14
495 0.26
4193 50.82
5 0.24
10 0.9
15 1
20 0.82
25 0.9
30 1.08
35 0.62
40 0.88
45 1.04
50 0.84
55 0.84
60 0.84
65 1.12
70 0.9
75 1.04
80 1.12
85 1.28
90 1.06
95 0.86
100 1.28
105 1.08
110 0.98
115 0.86
120 0.88
125 0.94
130 1.12
135 0.94
140 0.76
145 0.94
150 0.68
155 0.58
160 0.68
165 0.58
170 0.48
175 0.5
180 0.38
185 0.5
190 0.48
195 0.56
200 0.34
205 0.5
210 0.58
215 0.5
220 0.3
225 0.38
230 0.58
235 0.42
240 0.3
245 0.26
250 0.46
255 0.32
260 0.24
265 0.34
270 0.18
275 0.42
280 0.4
285 0.34
290 0.38
295 0.26
300 0.48
305 0.34
310 0.16
315 0.24
320 0.36
325 0.32
330 0.26
335 0.22
340 0.3
345 0.26
350 0.4
355 0.24
360 0.44
365 0.28
370 0.34
375 0.24
380 0.3
385 0.24
390 0.3
395 0.16
400 0.2
405 0.26
410 0.32
415 0.3
420 0.42
425 0.34
430 0.22
435 0.36
440 0.26
445 0.18
450 0.28
455 0.12
460 0.28
465 0.08
470 0.22
475 0.38
480 0.22
485 0.28
490 0.32
495 0.24
3419 48.76
5 0.2
10 0.62
15 0.58
20 0.78
25 1.02
30 0.78
35 1.02
40 1.08
45 0.96
50 0.9
55 1.16
60 1.16
65 0.86
70 0.54
75 0.82
80 0.7
85 0.98
90 1.12
95 0.94
100 1.38
105 1.02
110 1.34
115 1.18
120 1.26
125 1.46
130 0.78
135 0.76
140 0.72
145 0.68
150 0.86
155 0.48
160 0.76
165 0.66
170 0.66
175 0.72
180 0.66
185 0.68
190 0.54
195 0.5
200 0.54
205 0.72
210 0.54
215 0.5
220 0.56
225 0.38
230 0.5
235 0.44
240 0.42
245 0.4
250 0.54
255 0.44
260 0.44
265 0.7
270 0.38
275 0.46
280 0.5
285 0.38
290 0.24
295 0.46
300 0.26
305 0.5
310 0.34
315 0.38
320 0.4
325 0.52
330 0.42
335 0.3
340 0.32
345 0.52
350 0.32
355 0.32
360 0.28
365 0.34
370 0.34
375 0.32
380 0.3
385 0.42
390 0.36
395 0.32
400 0.12
405 0.36
410 0.4
415 0.42
420 0.26
425 0.16
430 0.32
435 0.38
440 0.1
445 0.16
450 0.24
455 0.52
460 0.36
465 0.18
470 0.28
475 0.18
480 0.26
485 0.3
490 0.28
495 0.14
3441 44.44
5 0.18
10 0.92
15 1.06
20 0.72
25 1.04
30 1
35 1.1
40 0.9
45 0.84
50 0.88
55 0.92
60 0.92
65 1.2
70 1.06
75 1.02
80 1.12
85 1.12
90 1.24
95 0.96
100 0.84
105 0.94
110 0.9
115 0.94
120 0.72
125 0.88
130 0.88
135 0.78
140 0.9
145 0.74
150 0.54
155 0.62
160 0.6
165 0.58
170 0.46
175 0.58
180 0.56
185 0.66
190 0.52
195 0.36
200 0.6
205 0.46
210 0.56
215 0.52
220 0.5
225 0.7
230 0.32
235 0.62
240 0.48
245 0.38
250 0.42
255 0.46
260 0.44
265 0.48
270 0.26
275 0.44
280 0.44
285 0.32
290 0.4
295 0.38
300 0.38
305 0.32
310 0.28
315 0.32
320 0.38
325 0.26
330 0.2
335 0.48
340 0.3
345 0.26
350 0.34
355 0.28
360 0.24
365 0.4
370 0.24
375 0.24
380 0.22
385 0.18
390 0.34
395 0.28
400 0.28
405 0.34
410 0.12
415 0.36
420 0.2
425 0.26
430 0.32
435 0.16
440 0.38
445 0.24
450 0.12
455 0.3
460 0.28
465 0.22
470 0.3
475 0.26
480 0.28
485 0.16
490 0.24
495 0.2
5429 47.66
