5 1.06
10 6.52
15 6.68
20 6.5
25 6.62
30 4.1
35 5.58
40 6.1
45 6.54
50 6.4
55 3.32
60 2.6
65 2.16
70 2.3
75 2.04
80 1.72
85 1.38
90 0.94
95 1.2
100 1.16
105 1
110 0.76
115 0.76
120 0.82
125 0.66
130 0.62
135 0.58
140 0.58
145 0.36
150 0.48
155 0.5
160 0.46
165 0.44
170 0.42
175 0.36
180 0.42
185 0.36
190 0.28
195 0.3
200 0.34
205 0.26
210 0.36
215 0.26
220 0.3
225 0.2
230 0.24
235 0.24
240 0.2
245 0.22
250 0.24
255 0.08
260 0.2
265 0.18
270 0.18
275 0.2
280 0.16
285 0.12
290 0.12
295 0.18
300 0.16
305 0.12
310 0.16
315 0.08
320 0.14
325 0.16
330 0.06
335 0.14
340 0.08
345 0.14
350 0.08
355 0.06
360 0.1
365 0.06
370 0.12
375 0.04
380 0.08
385 0.06
390 0.04
395 0.1
400 0.02
405 0.1
410 0.06
415 0.04
420 0.08
425 0.04
430 0.08
435 0.04
440 0.08
445 0.04
450 0.04
455 0.06
460 0.06
465 0.06
470 0.06
475 0
480 0.02
485 0.06
490 0.06
495 0.06
6455 7.6
5 1.48
10 6.36
15 6.26
20 6.3
25 6.42
30 4.44
35 5.9
40 6.06
45 6.36
50 5.26
55 4.52
60 2.66
65 2.32
70 2.06
75 1.74
80 1.4
85 1.46
90 1.12
95 1.14
100 1.02
105 0.8
110 0.9
115 0.76
120 0.5
125 0.66
130 0.54
135 0.6
140 0.68
145 0.48
150 0.4
155 0.42
160 0.48
165 0.5
170 0.4
175 0.3
180 0.36
185 0.42
190 0.22
195 0.36
200 0.24
205 0.32
210 0.3
215 0.14
220 0.4
225 0.2
230 0.24
235 0.18
240 0.22
245 0.26
250 0.2
255 0.16
260 0.08
265 0.18
270 0.24
275 0.2
280 0.08
285 0.1
290 0.18
295 0.3
300 0.12
305 0.14
310 0.04
315 0.14
320 0.2
325 0.12
330 0.16
335 0.04
340 0.14
345 0.14
350 0.12
355 0.1
360 0.04
365 0.06
370 0.14
375 0.1
380 0.02
385 0.08
390 0.12
395 0.08
400 0.1
405 0.02
410 0.06
415 0.12
420 0.06
425 0.02
430 0.1
435 0.08
440 0.1
445 0.02
450 0.06
455 0.02
460 0.12
465 0.06
470 0.02
475 0.04
480 0.06
485 0.06
490 0.06
495 0.06
6586 8.38
5 1.36
10 6.7
15 6.2
20 6.4
25 6.18
30 5.42
35 5.66
40 6.38
45 6.3
50 5.02
55 3.72
60 3.16
65 2.6
70 1.96
75 1.52
80 1.42
85 1.52
90 1.22
95 1.26
100 0.9
105 0.86
110 0.72
115 0.72
120 0.76
125 0.64
130 0.58
135 0.5
140 0.38
145 0.46
150 0.5
155 0.5
160 0.22
165 0.4
170 0.22
175 0.42
180 0.4
185 0.28
190 0.2
195 0.22
200 0.34
205 0.16
210 0.28
215 0.14
220 0.14
225 0.18
230 0.1
235 0.22
240 0.18
245 0.12
250 0.08
255 0.12
260 0.12
265 0.16
270 0.18
275 0.08
280 0.12
285 0.08
290 0.12
295 0.12
300 0.12
305 0.12
310 0.02
315 0.1
320 0.08
325 0.14
330 0.1
335 0.08
340 0.02
345 0.06
350 0.12
355 0.08
360 0.12
365 0.04
370 0.06
375 0.08
380 0.04
385 0.12
390 0.1
395 0.08
400 0.06
405 0.04
410 0.08
415 0.04
420 0.08
425 0.1
430 0.08
435 0.02
440 0.06
445 0.08
450 0.08
455 0.06
460 0.02
465 0.06
470 0.06
475 0.04
480 0.1
485 0.02
490 0.02
495 0.06
4235 10.24
5 1.4
10 7.46
15 6.6
20 6.84
25 6.36
30 4.84
35 6.64
40 6.78
45 6.74
50 5.68
55 3.86
60 3.22
65 2.06
70 2.18
75 1.92
80 1.7
85 1.38
90 1.5
95 1.3
100 0.8
105 1.02
110 0.96
115 1.06
120 0.88
125 0.68
130 0.6
135 0.82
140 0.6
145 0.6
150 0.6
155 0.42
160 0.54
165 0.36
170 0.48
175 0.4
180 0.34
185 0.46
190 0.32
195 0.26
200 0.26
205 0.3
210 0.38
215 0.14
220 0.3
225 0.3
230 0.2
235 0.26
240 0.28
245 0.14
250 0.22
255 0.22
260 0.16
265 0.18
270 0.22
275 0.16
280 0.2
285 0.1
290 0.24
295 0.14
300 0.16
305 0.14
310 0.1
315 0.16
320 0.16
325 0.16
330 0.12
335 0.08
340 0.12
345 0.1
350 0.14
355 0.14
360 0.02
365 0.08
370 0.12
375 0.06
380 0.18
385 0.04
390 0.08
395 0.12
400 0.06
405 0.08
410 0.06
415 0.08
420 0.06
425 0.08
430 0.06
435 0
440 0.1
445 0.1
450 0.04
455 0.08
460 0.02
465 0.04
470 0.1
475 0.08
480 0
485 0.06
490 0.02
495 0.06
1012 1.48
5 1.6
10 6.08
15 7.08
20 6.68
25 6.18
30 4.76
35 5.4
40 7.06
45 6.54
50 5.36
55 4.06
60 2.84
65 2.34
70 2.28
75 2.1
80 1.28
85 1.28
90 1.38
95 1.28
100 1.1
105 0.72
110 0.86
115 0.8
120 0.54
125 0.8
130 0.56
135 0.62
140 0.58
145 0.36
150 0.64
155 0.42
160 0.5
165 0.4
170 0.28
175 0.38
180 0.26
185 0.36
190 0.32
195 0.2
200 0.22
205 0.26
210 0.18
215 0.28
220 0.22
225 0.14
230 0.14
235 0.2
240 0.1
245 0.16
250 0.14
255 0.12
260 0.08
265 0.2
270 0.1
275 0.18
280 0.04
285 0.16
290 0.12
295 0.06
300 0.1
305 0.08
310 0.18
315 0.06
320 0.08
325 0.1
330 0.1
335 0.12
340 0.1
345 0.06
350 0.12
355 0.12
360 0.04
365 0.1
370 0.08
375 0.06
380 0.12
385 0.02
390 0.06
395 0.1
400 0.08
405 0.04
410 0.04
415 0.1
420 0.08
425 0.04
430 0.06
435 0.06
440 0.08
445 0.04
450 0.04
455 0.06
460 0.04
465 0.12
470 0.02
475 0.06
480 0.04
485 0.04
490 0.1
495 0.02
5031 7.66
5 1.2
10 7
15 6.88
20 6.68
25 6.66
30 5.18
35 5.74
40 6.46
45 6.9
50 6.14
55 4.1
60 3.04
65 2.54
70 2.24
75 1.8
80 1.64
85 1.4
90 1.5
95 1.36
100 0.86
105 0.98
110 0.88
115 0.9
120 0.84
125 0.68
130 0.68
135 0.64
140 0.64
145 0.6
150 0.4
155 0.56
160 0.62
165 0.46
170 0.46
175 0.36
180 0.26
185 0.48
190 0.22
195 0.36
200 0.3
205 0.16
210 0.28
215 0.26
220 0.32
225 0.14
230 0.22
235 0.14
240 0.22
245 0.18
250 0.1
255 0.16
260 0.18
265 0.2
270 0.16
275 0.04
280 0.16
285 0.2
290 0.1
295 0.16
300 0.06
305 0.06
310 0.22
315 0.12
320 0.1
325 0.06
330 0.08
335 0.16
340 0.12
345 0.04
350 0.16
355 0.04
360 0.1
365 0.12
370 0.08
375 0.06
380 0.06
385 0.08
390 0.08
395 0.08
400 0.04
405 0.06
410 0.08
415 0.04
420 0.08
425 0.04
430 0.04
435 0.1
440 0.06
445 0.08
450 0.02
455 0.02
460 0.08
465 0.04
470 0.12
475 0.04
480 0.02
485 0.06
490 0.02
495 0.1
1658 2.96
5 1.44
10 5.76
15 6.7
20 5.38
25 6.12
30 4.56
35 5.78
40 5.88
45 5.66
50 5.98
55 3.86
60 2.64
65 2.18
70 2
75 2.16
80 1.64
85 1.46
90 1.12
95 1.18
100 1.04
105 0.86
110 0.92
115 0.8
120 0.68
125 0.64
130 0.66
135 0.42
140 0.58
145 0.74
150 0.42
155 0.44
160 0.36
165 0.48
170 0.38
175 0.52
180 0.32
185 0.18
190 0.4
195 0.38
200 0.42
205 0.38
210 0.12
215 0.26
220 0.3
225 0.32
230 0.24
235 0.22
240 0.24
245 0.18
250 0.22
255 0.22
260 0.12
265 0.22
270 0.1
275 0.12
280 0.14
285 0.34
290 0.12
295 0.08
300 0.14
305 0.06
310 0.3
315 0.14
320 0.02
325 0.14
330 0.06
335 0.26
340 0.1
345 0.06
350 0.06
355 0.12
360 0.22
365 0.02
370 0.06
375 0.04
380 0.1
385 0.16
390 0.12
395 0.02
400 0.12
405 0.06
410 0.06
415 0.1
420 0.1
425 0.12
430 0.08
435 0.08
440 0.06
445 0.08
450 0.04
455 0.12
460 0.04
465 0.08
470 0.06
475 0.04
480 0.06
485 0.08
490 0.06
495 0.08
6943 9.2
5 1.02
10 7.12
15 6.12
20 6.66
25 6.34
30 5.7
35 6.08
40 6.18
45 6.42
50 5.12
55 4.58
60 3.38
65 2.28
70 1.94
75 1.88
80 1.82
85 1.48
90 0.9
95 1.2
100 1.06
105 1.08
110 0.92
115 0.7
120 0.7
125 0.72
130 0.64
135 0.52
140 0.56
145 0.62
150 0.48
155 0.46
160 0.32
165 0.56
170 0.48
175 0.44
180 0.34
185 0.26
190 0.44
195 0.28
200 0.38
205 0.2
210 0.28
215 0.26
220 0.22
225 0.2
230 0.26
235 0.32
240 0.1
245 0.14
250 0.14
255 0.24
260 0.28
265 0.06
270 0.1
275 0.16
280 0.22
285 0.14
290 0.14
295 0.1
300 0.16
305 0.16
310 0.2
315 0.06
320 0.08
325 0.22
330 0.08
335 0.16
340 0.1
345 0.12
350 0.08
355 0.14
360 0.1
365 0.14
370 0.06
375 0.06
380 0.12
385 0.14
390 0.1
395 0.06
400 0.1
405 0.06
410 0.14
415 0.08
420 0.08
425 0.04
430 0.06
435 0.14
440 0.08
445 0.06
450 0
455 0.1
460 0.14
465 0.06
470 0.04
475 0.04
480 0.12
485 0.06
490 0.04
495 0.04
2628 4.44
5 1.34
10 6.18
15 6.62
20 6.54
25 5.74
30 5.18
35 5.64
40 6.86
45 5.88
50 5.1
55 4.2
60 3.24
65 2.5
70 1.88
75 1.98
80 1.72
85 1.34
90 1.02
95 1
100 0.92
105 1
110 0.92
115 0.72
120 0.66
125 0.6
130 0.64
135 0.48
140 0.68
145 0.54
150 0.5
155 0.32
160 0.28
165 0.54
170 0.58
175 0.22
180 0.32
185 0.26
190 0.32
195 0.34
200 0.34
205 0.2
210 0.22
215 0.24
220 0.28
225 0.08
230 0.22
235 0.28
240 0.12
245 0.2
250 0.18
255 0.1
260 0.18
265 0.12
270 0.24
275 0.1
280 0.1
285 0.14
290 0.24
295 0.1
300 0.08
305 0.12
310 0.18
315 0.08
320 0.12
325 0.08
330 0.12
335 0.12
340 0.08
345 0.06
350 0.14
355 0.08
360 0.16
365 0.06
370 0.06
375 0.06
380 0.14
385 0.08
390 0.14
395 0.06
400 0.08
405 0.02
410 0.14
415 0.04
420 0.1
425 0.02
430 0.1
435 0.04
440 0.08
445 0.06
450 0.04
455 0.06
460 0.04
465 0.04
470 0.1
475 0.06
480 0.06
485 0.02
490 0.04
495 0.06
5113 8.3
5 0.7
10 3.98
15 3.92
20 4.3
25 4.4
30 3.06
35 3.52
40 4.04
45 4.28
50 3.3
55 2.22
60 2
65 2.02
70 1.16
75 0.96
80 0.98
85 1.02
90 0.86
95 0.56
100 0.72
105 0.68
110 0.5
115 0.5
120 0.42
125 0.56
130 0.52
135 0.36
140 0.36
145 0.34
150 0.4
155 0.34
160 0.36
165 0.3
170 0.22
175 0.3
180 0.28
185 0.2
190 0.32
195 0.26
200 0.24
205 0.1
210 0.26
215 0.16
220 0.2
225 0.2
230 0.06
235 0.24
240 0.1
245 0.16
250 0.16
255 0.06
260 0.1
265 0.16
270 0.06
275 0.1
280 0.12
285 0.06
290 0.14
295 0.06
300 0.06
305 0.08
310 0.12
315 0.04
320 0.08
325 0.1
330 0.06
335 0.06
340 0.04
345 0.12
350 0.02
355 0.08
360 0.06
365 0.04
370 0.08
375 0.04
380 0.06
385 0.06
390 0.06
395 0.04
400 0.06
405 0.04
410 0.04
415 0.1
420 0.04
425 0.04
430 0.06
435 0.04
440 0.06
445 0.04
450 0.02
455 0.1
460 0
465 0.04
470 0
475 0.1
480 0.04
485 0
490 0.06
495 0.02
32232 39.84
5 1.2
10 5.94
15 5.98
20 5.6
25 5.64
30 4.54
35 5.76
40 5.64
45 5.7
50 4.82
55 4.04
60 2.68
65 2.16
70 1.96
75 1.78
80 1.5
85 1.26
90 1.06
95 1.1
100 0.72
105 1.02
110 0.98
115 0.58
120 0.64
125 0.56
130 0.64
135 0.6
140 0.5
145 0.28
150 0.38
155 0.26
160 0.46
165 0.38
170 0.32
175 0.32
180 0.26
185 0.3
190 0.2
195 0.3
200 0.2
205 0.34
210 0.18
215 0.24
220 0.1
225 0.24
230 0.22
235 0.2
240 0.2
245 0.1
250 0.22
255 0.18
260 0.08
265 0.16
270 0.14
275 0.12
280 0.18
285 0.12
290 0.08
295 0.16
300 0.14
305 0.1
310 0.08
315 0.08
320 0.18
325 0.08
330 0.12
335 0.04
340 0.04
345 0.2
350 0.04
355 0.08
360 0.1
365 0.06
370 0.06
375 0.1
380 0.04
385 0.1
390 0.08
395 0.04
400 0.08
405 0.06
410 0.06
415 0.06
420 0.12
425 0.02
430 0.08
435 0.02
440 0.06
445 0.12
450 0
455 0.06
460 0.02
465 0.06
470 0.04
475 0.08
480 0.02
485 0.04
490 0.04
495 0.02
11535 15.66
5 0.96
10 5.44
15 5.06
20 5.5
25 5.06
30 4.14
35 4.64
40 5.12
45 5.54
50 4.64
55 3.5
60 2.36
65 2.26
70 2.04
75 1.48
80 1.7
85 1.08
90 1.16
95 0.86
100 0.86
105 1
110 0.7
115 0.66
120 0.86
125 0.54
130 0.66
135 0.62
140 0.56
145 0.56
150 0.42
155 0.48
160 0.46
165 0.48
170 0.38
175 0.3
180 0.34
185 0.3
190 0.38
195 0.38
200 0.32
205 0.14
210 0.2
215 0.32
220 0.28
225 0.24
230 0.24
235 0.12
240 0.28
245 0.26
250 0.3
255 0.12
260 0.14
265 0.26
270 0.18
275 0.26
280 0.1
285 0.1
290 0.22
295 0.1
300 0.18
305 0.12
310 0.2
315 0.12
320 0.08
325 0.1
330 0.16
335 0.16
340 0.14
345 0.12
350 0.08
355 0.14
360 0.1
365 0.2
370 0.02
375 0.12
380 0.14
385 0.08
390 0.18
395 0.08
400 0.04
405 0.12
410 0.04
415 0.16
420 0.12
425 0.08
430 0.1
435 0.04
440 0.14
445 0.1
450 0.06
455 0.14
460 0
465 0.1
470 0.12
475 0.1
480 0.1
485 0
490 0.08
495 0.18
10309 18
5 1.18
10 6.2
15 6.9
20 5.88
25 5.7
30 5.78
35 5.54
40 7.06
45 5.78
50 5.12
55 3.78
60 3.18
65 2.5
70 1.96
75 1.92
80 1.56
85 1.38
90 1.04
95 1
100 1.08
105 0.92
110 0.78
115 0.66
120 0.66
125 0.58
130 0.6
135 0.56
140 0.56
145 0.56
150 0.46
155 0.4
160 0.38
165 0.4
170 0.46
175 0.36
180 0.3
185 0.28
190 0.48
195 0.28
200 0.26
205 0.18
210 0.34
215 0.22
220 0.22
225 0.32
230 0.22
235 0.2
240 0.2
245 0.16
250 0.18
255 0.24
260 0.2
265 0.2
270 0.14
275 0.18
280 0.18
285 0.24
290 0.18
295 0.14
300 0.14
305 0.2
310 0.14
315 0.2
320 0.16
325 0.12
330 0.12
335 0.18
340 0.04
345 0.12
350 0.16
355 0.18
360 0.1
365 0.06
370 0.08
375 0.08
380 0.1
385 0.1
390 0.1
395 0.08
400 0.06
405 0.1
410 0.14
415 0.08
420 0.06
425 0.08
430 0.08
435 0.12
440 0.14
445 0.04
450 0.1
455 0.06
460 0.08
465 0.08
470 0.12
475 0.06
480 0.08
485 0.06
490 0.08
495 0.04
2277 7.46
5 1.7
10 6.24
15 7.14
20 6.4
25 6.2
30 6
35 5.72
40 6.96
45 6.46
50 5.26
55 3.64
60 3.48
65 2.54
70 2.34
75 1.78
80 1.68
85 1.3
90 1.14
95 1.14
100 1.14
105 1
110 0.86
115 0.82
120 0.84
125 0.62
130 0.68
135 0.62
140 0.66
145 0.44
150 0.58
155 0.42
160 0.46
165 0.3
170 0.58
175 0.32
180 0.32
185 0.38
190 0.24
195 0.26
200 0.32
205 0.32
210 0.24
215 0.32
220 0.16
225 0.22
230 0.18
235 0.18
240 0.26
245 0.14
250 0.06
255 0.2
260 0.16
265 0.14
270 0.22
275 0.04
280 0.06
285 0.2
290 0.1
295 0.22
300 0.04
305 0.14
310 0.04
315 0.14
320 0.16
325 0.06
330 0.12
335 0.06
340 0.04
345 0.12
350 0.16
355 0.04
360 0.1
365 0.08
370 0.08
375 0.08
380 0.1
385 0.14
390 0.04
395 0.06
400 0.06
405 0.18
410 0.1
415 0.04
420 0.04
425 0.06
430 0.1
435 0.1
440 0.04
445 0.02
450 0.1
455 0.06
460 0.04
465 0.04
470 0.06
475 0.02
480 0.12
485 0.02
490 0
495 0.08
2855 4.52
5 1.54
10 6.86
15 6.54
20 6.58
25 6.2
30 5.6
35 6.12
40 6.48
45 6.12
50 5.58
55 4.32
60 2.66
65 2.24
70 1.98
75 1.7
80 1.76
85 1.26
90 1.18
95 1.12
100 0.9
105 0.82
110 0.84
115 0.78
120 0.68
125 0.74
130 0.6
135 0.52
140 0.62
145 0.62
150 0.5
155 0.46
160 0.4
165 0.44
170 0.5
175 0.4
180 0.3
185 0.44
190 0.3
195 0.24
200 0.36
205 0.3
210 0.3
215 0.28
220 0.24
225 0.22
230 0.24
235 0.24
240 0.28
245 0.22
250 0.2
255 0.24
260 0.14
265 0.12
270 0.32
275 0.14
280 0.2
285 0.18
290 0.16
295 0.16
300 0.12
305 0.1
310 0.18
315 0.2
320 0.1
325 0.14
330 0.08
335 0.1
340 0.16
345 0.08
350 0.12
355 0.14
360 0.06
365 0.08
370 0.04
375 0.06
380 0.14
385 0.06
390 0.08
395 0.02
400 0
405 0.16
410 0.04
415 0.1
420 0.04
425 0.08
430 0.02
435 0.04
440 0.06
445 0.1
450 0.06
455 0.02
460 0.04
465 0.08
470 0.08
475 0.04
480 0.04
485 0.08
490 0.04
495 0.08
2176 5.26
