5
12
23
24
30
34
37
32
40
39
55
42
41
42
45
73
44
46
49
83
81
93
81
85
6
75
108
73
111
65
120
121
78
80
142
79
144
82
78
11
81
166
81
84
79
167
71
161
57
182
42
44
47
129
50
115
194
223
64
223
226
72
219
76
208
65
65
230
52
169
47
47
267
53
52
6
41
130
42
283
45
268
47
48
51
113
48
310
50
38
279
40
57
43
98
47
89
49
70
147
345
349
334
337
381
335
383
339
384
343
384
345
386
349
386
349
348
368
352
356
417
360
419
360
364
413
356
408
360
406
363
387
365
369
364
363
368
319
371
280
374
256
378
382
448
386
387
454
386
448
390
450
393
390
525
385
528
389
532
391
393
516
396
545
399
395
553
399
400
561
404
565
403
514
406
408
549
410
412
589
412
593
413
595
411
570
414
573
418
417
416
618
414
620
417
622
421
624
425
648
429
433
654
437
656
434
437
657
441
653
441
655
445
659
443
657
447
660
450
694
453
695
455
459
459
682
463
710
465
466
694
468
697
471
695
474
698
475
479
749
474
477
755
481
759
733
737
741
740
743
743
747
748
751
755
759
761
762
848
852
783
864
801
813
817
802
805
803
806
809
812
820
822
823
822
823
814
813
817
817
821
819
817
815
810
811
812
811
815
816
819
822
826
830
825
826
820
824
823
823
1044
1048
1051
1032
1036
1038
1040
1039
1041
1045
1048
1052
1047
1040
1039
1041
1042
1046
1050
1054
1048
1019
1011
1014
1018
1014
1015
1019
1023
1011
1006
1006
1009
1009
1013
1014
1018
1017
1021
1025
1029
1032
1336
1339
1346
1348
1351
1353
1347
1351
1355
1356
1360
1363
1364
1367
1371
1373
1373
1375
1379
1387
1389
1393
1394
1395
1397
1397
1401
1405
1409
1413
1413
1414
1417
1419
1424
1428
1432
1435
1439
1442
1445
1448
1452
1444
1447
1450
1452
1453
1457
1460
1463
1462
1464
1468
1472
1469
1472
1476
1480
1484
1486
1493
1497
1500
1500
1503
1505
1500
1502
1503
1509
1513
1515
1519
1526
1525
1529
1532
1535
1539
1542
1545
1549
1552
1555
1555
1558
1559
1561
1560
1563
1570
1572
1576
1580
1582
1586
1588
1594
1598
1599
1603
1607
1610
1614
1618
1622
1622
1625
1629
1632
1628
1631
1638
1988
1992
1992
1995
1998
2002
2005
2008
2009
2012
2011
2015
2018
2022
2024
2028
2028
2029
2032
2035
2039
2039
2043
2047
2051
2055
2059
2063
2065
2067
2070
2074
2076
2080
2083
2087
2091
2095
2095
2097
2101
2105
2109
2113
2102
2106
2110
2114
2113
2112
2120
2121
2124
2127
2127
2128
2130
2134
2138
2142
2146
2150
2142
2144
2139
2142
2146
2150
2154
2158
2160
2161
2162
2164
2168
2171
2174
2173
2176
2179
2182
2186
2188
2188
2192
2189
2194
2196
2200
2201
2201
2205
2205
2209
2208
2209
2212
2215
2217
2577
2572
2576
2579
2583
2580
2580
2583
2584
2588
2590
2589
2593
2596
2598
2602
2605
2604
2612
2614
2617
2620
2622
2629
2633
2634
2637
2641
2643
2646
2653
2656
2660
2664
2668
2672
2676
2678
2680
2681
2681
2684
2687
2687
2691
2693
2697
2701
2698
2701
2696
2699
2700
2702
2706
2705
2707
2711
2715
2717
2712
2716
2720
2724
2727
2731
2735
2737
2741
2742
2746
2750
2751
2755
2758
2762
2763
2764
2768
2772
2774
2777
2781
2783
2786
2790
2793
2797
2799
2802
2809
2809
2813
2813
2816
2819
2820
2824
2821
2825
3126
3115
3119
3119
3113
3114
3114
3115
3119
3116
3112
3113
3115
3118
3120
3124
3128
3127
3128
3132
3131
3126
3130
3130
3133
3132
3126
3126
3128
3123
3116
3120
3121
3122
3124
3128
3131
3133
3133
3137
3138
3140
3141
3140
3141
3143
3147
3143
3144
3145
3139
3143
3145
3142
3135
3138
3140
3144
3142
3142
3146
3419
3403
3386
3369
3368
3330
3318
3320
3265
3641
3603
3573
3569
3549
3532
3522
3472
3474
3460
3464
3467
3442
3415
4029
4033
4033
4037
4041
4045
4042
4044
4048
4051
4052
4056
4060
4064
4067
4069
4068
4071
4073
4077
4076
4078
4082
4086
4089
4091
4090
4093
4097
4101
4100
4104
4106
4109
4113
4116
4120
4123
4125
4129
4133
4137
4139
4143
4146
4150
4153
4151
4152
4156
4160
4161
4165
4169
4173
4176
4180
4184
4187
4191
4194
4195
4196
4199
4195
4199
4202
4206
4210
4213
4217
4221
4224
4227
4230
4235
4239
4243
4247
4251
4255
4257
4261
4264
4267
4268
4271
4274
4273
4277
4281
4282
4286
4284
4284
4287
4290
4294
4297
4298
4298
4287
4286
4287
4291
4292
4294
4291
4293
4297
4301
4303
4307
4311
4312
4581
4582
4580
4544
4547
4529
4512
4512
4502
4495
4496
4487
4482
4480
4481
4478
4474
4477
4479
4477
4466
4468
4463
4462
4456
4458
4616
5403
5402
5395
5396
5388
5364
5359
5354
5354
5357
5361
5353
5351
5349
5351
5338
5335
5333
5321
5322
5321
5313
5315
5317
5321
5317
5320
5309
5312
5301
5297
5295
7261
7260
7263
7267
7266
7268
7272
7275
7279
7283
7285
7288
7291
7294
7296
7299
7301
7304
7308
7312
7313
7314
7317
7320
7324
7328
7332
7333
7335
7336
7339
7343
7346
7350
7354
7357
7359
7362
7362
7365
7361
7365
7369
7369
7371
7374
7377
7379
7383
7383
7385
7386
7390
7380
7384
7383
7384
7386
7389
7393
7388
7391
7395
7398
7402
7405
7409
7412
7415
7416
7414
7417
7412
7416
7419
7422
7418
7421
7418
7416
7409
7403
7402
7405
7407
7411
7414
5
5
5
9
15
35
10
9
13
11
59
5
40
5
79
9
7
68
79
73
86
108
98
105
113
86
112
79
123
126
64
115
114
117
14
119
124
123
123
126
129
184
147
131
146
135
135
149
139
139
146
148
104
155
146
157
159
90
160
190
163
166
100
168
73
169
71
171
173
174
176
178
175
227
178
180
252
183
306
187
191
223
195
276
195
196
263
197
198
201
144
205
250
208
212
258
215
255
219
223
377
227
227
384
231
234
388
238
387
241
390
238
391
244
390
245
392
249
251
323
253
255
333
257
329
258
261
293
263
295
265
264
268
480
270
267
486
271
489
274
490
275
494
465
275
469
277
281
418
284
416
288
359
282
284
493
285
285
287
536
291
291
536
292
540
284
287
548
542
541
540
543
543
548
545
548
546
521
549
484
551
553
383
553
553
557
561
560
567
571
561
564
567
656
624
623
621
718
622
720
626
673
624
623
665
621
624
740
624
745
625
749
628
747
619
609
660
609
759
611
615
734
618
772
621
774
620
620
780
623
748
626
752
618
618
756
622
760
626
719
616
613
818
598
824
596
594
789
594
836
587
848
855
859
863
866
868
868
867
871
858
864
870
874
876
879
877
881
862
835
834
823
910
1015
1025
940
936
938
944
948
889
896
967
972
976
980
985
987
994
997
999
995
999
1003
1005
1009
1013
1017
994
1002
1197
1203
1205
1216
1221
1042
1026
1026
1006
1009
1261
1265
1268
1269
1270
1270
1273
1277
1279
1278
1281
1281
1285
1289
1292
1296
1300
1308
1312
1316
1318
1286
1275
1270
1272
1365
1376
1377
1376
1379
1383
1386
1389
1406
1413
1327
1418
1424
1428
1452
1348
1466
1469
1379
1381
1382
1491
1495
1494
1459
1414
1514
1515
1524
1494
1540
1651
1552
1559
1557
1562
1566
1570
1559
1583
1571
1596
1585
1616
1615
1616
1623
1627
1628
1635
1638
1644
1654
1655
1659
1666
1666
1670
1677
1703
1681
1804
1724
1700
1888
1896
1900
1759
1766
1930
1762
1699
1684
1828
1829
1788
1823
1833
1835
1835
2015
2019
1948
1949
1955
1963
2065
1873
1875
1877
1920
2018
2022
1947
2128
1949
1960
2149
2152
1979
2168
2172
2177
2181
2184
2186
2189
2023
2025
2230
2048
2037
2040
2039
2042
2283
2283
2289
2292
2293
2297
2301
2302
2309
2313
2314
2306
2310
2298
2298
2304
2308
2312
2316
2322
2321
2238
2241
2240
2243
2254
2257
2261
2265
2269
2273
2276
2280
2281
2292
2295
2299
2302
2306
2309
2310
2313
2315
2319
2326
2329
2332
2336
2340
2344
2348
2356
2357
2358
2360
2363
2365
2365
2369
2373
2377
2381
2383
2387
2394
2398
2400
2403
2405
2409
2412
2412
2416
2418
2421
2425
2429
2436
2530
2522
2525
2523
2527
2505
2507
2510
2518
2519
2523
2583
2577
2570
2572
2571
2849
2851
2853
2856
2860
2864
2859
2862
2866
2868
2871
2875
2876
2877
2881
2884
2883
2885
2887
2890
2891
2894
2897
2899
2907
2910
2914
2913
2914
2913
2917
2920
2923
2916
2914
2916
2919
2917
2913
2911
2913
2916
2917
2913
2914
2915
2917
2921
2925
2929
2937
2934
2937
2940
2943
2947
2949
2953
2957
2959
2962
2966
2960
2962
2961
2964
2964
2963
2966
2968
2971
2973
2977
2985
2984
2988
2992
2996
2998
3002
3005
3008
3011
3235
3239
3237
3238
3239
3238
3236
3239
3243
3243
3247
3243
3244
3245
3249
3253
3251
3255
3258
3261
3264
3265
3259
3257
3260
3258
3250
3252
3242
3244
3238
3242
3246
3250
3254
3256
3260
3259
3260
3263
3267
3265
3267
3269
3270
3270
3277
3281
3671
3646
3638
3630
3600
3601
3608
3601
3538
3518
3512
3495
3496
3632
3604
3734
3733
3733
3732
3736
3729
3731
3733
3731
3733
3733
3730
3734
3738
3737
3739
3743
3744
3745
3744
3748
3752
3756
3760
3764
3762
3766
3770
3774
3777
4154
4154
4145
4148
4144
4144
4145
4146
4144
4148
4147
4136
4136
4118
4118
4120
4113
4099
4102
4104
4094
4098
4098
4101
4089
4088
4090
4089
4090
4080
4084
4088
4083
4084
4079
4081
4084
4083
4085
4085
4087
4086
4086
4377
4381
4385
4388
4391
4393
4394
4398
4399
4402
4401
4403
4402
4404
4408
4412
4411
4411
4415
4413
4409
4413
4412
4416
4420
4423
4425
4428
4431
4435
4438
4442
4445
4447
4450
4452
4455
4455
4456
4459
4461
4463
4463
4839
4842
4845
4848
4852
4856
4858
4857
4859
4863
4866
4862
4866
4866
4870
4870
4872
4876
4880
4883
4886
4889
4892
4889
4892
4896
4898
4901
4902
4903
4907
4904
4907
4911
4912
4911
4911
4914
4915
4918
4922
4926
4930
4934
4937
4941
4940
4941
4945
4949
4950
4947
4951
4952
4956
4958
4962
4966
4968
4965
4969
4971
4975
4979
4983
4987
4990
4994
4995
4995
4997
5000
4999
5001
5005
5009
5013
5017
5018
5019
5022
5022
5024
5027
5030
5033
5036
5040
5041
5041
5042
5045
5046
5048
5048
5048
5051
5055
5059
5058
5062
5064
5068
5072
5075
5077
5081
5083
5087
5088
5539
5540
5544
5547
5547
5550
5552
5555
5554
5558
5561
5563
5567
5570
5573
5575
5579
5581
5585
5586
5589
5591
5592
5596
5600
5603
5604
5608
5610
5613
5616
5618
5620
5624
5627
5631
5635
5639
5643
5647
5650
5652
5655
5659
5660
5657
5660
5664
5668
5671
5675
5678
5680
5680
5684
5688
5692
5696
5697
5700
5703
5707
5709
5713
5717
5718
5718
5721
5724
5728
5731
5734
5736
5735
5736
5738
5741
5744
5748
5746
5749
5751
5754
6162
6
12
19
22
12
29
37
43
52
47
56
52
59
61
55
65
55
48
5
57
54
53
55
14
57
94
63
62
6
63
64
67
140
62
59
58
61
42
45
27
45
39
9
40
41
36
66
40
27
35
197
36
99
37
34
210
34
101
29
33
227
22
112
17
21
120
25
29
67
30
252
19
207
20
16
17
23
22
27
207
32
32
70
32
214
36
210
40
194
43
304
47
48
205
51
332
50
321
88
344
359
336
361
361
216
365
369
356
373
376
355
380
380
359
380
413
384
387
418
391
374
393
394
434
397
400
383
403
448
399
398
457
402
406
409
474
412
416
417
486
418
489
419
493
420
497
423
502
427
506
428
430
513
432
516
434
437
520
439
439
542
438
445
440
444
444
440
447
450
447
450
448
454
452
457
403
459
505
460
503
464
467
583
470
467
589
471
439
474
443
478
482
442
485
489
444
493
447
497
501
564
503
511
507
512
511
543
515
518
658
521
523
518
526
458
529
525
526
530
533
535
538
707
541
710
541
569
541
542
541
544
587
546
537
587
536
536
582
538
585
538
542
800
543
802
544
607
548
605
552
556
819
560
613
557
560
831
557
845
627
830
595
870
875
857
798
869
799
792
796
800
785
784
787
776
954
904
906
975
984
995
999
1006
1013
1017
1020
1015
1010
1034
1045
1048
1051
1054
1058
1061
1065
1067
1071
1072
1074
1077
1077
1081
1083
1085
1089
1149
1161
1161
1156
1157
1161
1170
1172
1173
1167
1164
1166
1232
1242
1244
1247
1235
1236
1243
1233
1235
1042
1025
1250
1252
1252
1254
1257
1262
1263
1265
1260
1257
1260
1263
1270
1273
1276
1278
1274
1276
1282
1289
1293
1296
1282
1279
1282
1282
1286
1287
1291
1287
1288
1289
1287
1291
1294
1297
1296
1300
1297
1275
1274
1278
1274
1278
1274
1273
1276
1277
1586
1589
1593
1596
1599
1598
1610
1613
1615
1619
1623
1625
1629
1633
1636
1636
1640
1644
1647
1651
1654
1655
1656
1658
1661
1664
1665
1669
1673
1677
1685
1688
1691
1690
1687
1691
1734
1740
1740
1741
1740
1743
1751
1755
1759
1761
1756
1751
1785
1793
1799
1811
1818
1823
1844
1848
1847
1851
1710
1870
1876
1883
1883
1903
1907
1913
1917
1930
1932
1936
1965
1959
1957
1958
1979
1986
1986
1990
2001
2001
2001
2025
2028
2031
2032
2040
2043
2047
2047
2051
2061
2061
2060
2063
2067
2068
2068
2076
1986
1955
1959
1962
2106
2110
2113
2121
2125
2131
2130
2133
2139
2143
2150
2154
2158
2161
2164
2168
2172
2176
2180
2183
2191
2194
2193
2196
2199
2202
2206
2208
2208
2211
2214
2216
2215
2219
2223
2226
2227
2226
2222
2226
2227
2230
2236
2240
2234
2232
2232
2231
2234
2237
2239
2243
2245
2439
2436
2439
2443
2444
2442
2445
2445
2446
2450
2450
2443
2447
2435
2417
2418
2415
2418
2413
2415
2419
2422
2419
2417
2421
2421
2421
2424
2422
2426
2424
2424
2421
2420
2623
2625
2629
2632
2636
2637
2639
2642
2646
2645
2644
2646
2650
2654
2653
2657
2661
2663
2666
2672
2676
2679
2680
2681
2685
2689
2693
2696
2700
2702
2699
2703
2706
2708
2710
2712
2711
2715
2718
2722
2726
2727
2729
2731
2734
2737
2728
2732
2736
2734
2738
2742
2746
2746
2746
2747
2748
2747
2751
2752
2756
2760
2760
2761
2758
2761
2762
3076
3079
3082
3085
3093
3096
3100
3104
3104
3107
3104
3106
3105
3108
3112
3116
3120
3124
3127
3129
3132
3123
3119
3123
3126
3130
3133
3132
3136
3140
3143
3141
3142
3145
3136
3138
3142
3139
3143
3147
3151
3154
3154
3157
3161
3165
3169
3172
3176
3178
3180
3184
3186
3189
3192
3196
3200
3202
3206
3210
3214
3217
3218
3221
3225
3229
3233
3237
3239
3243
3240
3241
3242
3246
3249
3252
3255
3254
3258
3261
3264
3271
3275
3278
3281
3284
3287
3291
3294
3298
3301
3304
3308
3310
3313
3317
3321
3322
3326
3494
3476
3467
3470
3472
3457
3455
3456
3423
3426
3528
3529
3533
3533
3528
3514
3514
3513
3516
3511
3502
3488
3481
3684
3687
3691
3691
3690
3694
3698
3687
3689
3690
3694
3692
3687
3687
3678
3675
3671
3673
3670
3672
3673
3674
3678
3674
3676
3679
3683
3684
3687
3689
3690
3693
3692
3694
3682
4016
4020
4024
4028
4031
4033
4037
4036
4039
4037
4040
4044
4044
4048
4052
4048
4052
4056
4059
4056
4060
4059
4061
4065
4065
4069
4073
4073
4072
4076
4078
4080
4084
4087
4090
4094
4098
4102
4106
4108
4111
4098
4102
4106
4110
4114
4113
4108
4111
4115
4119
4120
4124
4127
4124
4128
4124
4127
4130
4134
4137
4141
4144
4147
4148
4152
4154
4157
4151
4155
4156
4160
4164
4163
4163
4165
4167
4170
4174
4175
4179
4180
4178
4169
4173
4174
4176
4173
4174
4178
4180
5534
5538
5541
5543
5544
5548
5550
5553
5556
5557
5557
5561
5563
5566
5570
5572
5574
5576
5579
5582
5585
5587
5589
5592
5596
5600
5604
5606
5610
5613
5617
5621
5624
5628
5630
5633
5637
5641
5644
5638
5642
5645
5645
5646
5649
5653
5653
5651
5655
5658
5662
5666
5670
5674
5676
5679
5680
5683
5685
5689
5691
5693
5696
5696
5697
5699
5699
5699
5702
5704
5708
5711
5712
5714
5716
5720
5724
5724
5727
5728
5727
5731
5734
5737
5741
5739
5740
5744
5748
5751
5754
5758
5761
5761
5765
5769
5772
5770
5774
5778
5781
5785
5787
5790
5790
5793
5793
5796
5799
5803
5807
5809
5812
5816
5820
5823
5826
5829
5833
5
5
14
16
20
21
25
18
31
32
29
36
59
39
42
27
45
74
49
47
86
49
51
44
52
99
55
46
50
112
14
56
58
129
64
66
61
135
64
133
64
62
42
62
143
8
143
74
78
123
81
111
85
175
88
119
90
92
94
179
97
183
99
194
103
192
101
101
41
105
231
97
244
101
245
102
106
109
235
111
234
115
239
119
242
122
124
249
125
181
128
124
258
125
250
125
144
127
131
97
135
95
139
140
93
143
144
347
146
139
342
137
329
135
136
139
303
141
290
145
285
145
93
153
156
285
158
277
162
256
164
165
243
169
243
172
243
175
244
179
190
182
392
185
189
420
185
424
187
431
190
192
195
198
415
199
331
203
501
207
503
211
507
211
511
510
511
534
531
286
545
546
573
553
576
561
578
573
564
560
563
326
552
581
555
584
551
591
555
593
549
551
354
551
542
608
539
612
536
617
538
538
526
628
527
631
531
631
529
635
514
632
503
636
501
496
642
494
643
493
645
495
644
487
651
481
648
483
649
480
464
704
449
708
447
715
451
455
717
768
771
741
757
760
761
761
765
771
769
764
768
772
775
778
781
783
788
882
890
893
913
916
920
922
915
915
917
922
925
925
927
929
926
925
991
922
928
933
929
923
925
929
933
934
937
936
1068
1074
1058
1017
1017
1017
1021
998
1001
991
990
976
979
964
914
917
915
906
888
1157
1160
1163
1162
1166
1169
1169
1173
1173
1176
1175
1179
1183
1184
1186
1186
1193
1195
1198
1201
1205
1207
1214
1218
1217
1221
1225
1227
1230
1226
1229
1230
1234
1238
1242
1241
1242
1246
1249
1266
1270
1279
1280
1277
1281
1285
1288
1287
1290
1291
1295
1281
1285
1284
1288
1291
1298
1296
1281
1281
1286
1290
1290
1293
1296
1300
1302
1305
1308
1309
1313
1306
1308
1449
1451
1449
1452
1456
1457
1460
1463
1463
1464
1465
1464
1468
1466
1470
1471
1475
1479
1479
1483
1485
1486
1490
1494
1489
1491
1494
1496
1497
1499
1502
1505
1509
1507
1511
1515
1514
1518
1521
1520
1522
1523
1526
1528
1532
1538
1542
1546
1802
1798
1801
1805
1809
1799
1785
1789
1791
1795
1797
1783
1787
1791
1788
1788
1792
1791
1791
1788
1788
1792
1796
1798
1798
1802
1805
1790
1760
1747
1749
1753
1756
1759
1752
1751
1754
2152
2155
2141
2145
2142
2144
2146
2130
2124
2128
2130
2111
2113
2099
2101
2103
2101
2101
2096
2094
2084
2087
2089
2064
2045
2041
2188
2181
2109
2102
2060
2369
2372
2376
2379
2378
2382
2386
2389
2391
2395
2399
2402
2405
2404
2408
2405
2409
2412
2414
2414
2418
2419
2423
2425
2427
2425
2429
2432
2434
2436
2438
2442
2444
2446
2449
2447
2444
2444
2440
2442
2446
2449
2450
2446
2450
2454
2458
2462
2462
2464
2464
2466
2470
2474
2470
2474
2477
2478
2482
2486
2489
2493
2496
2497
2501
2504
2502
2506
2506
2508
2504
2508
2512
2516
2520
2523
2525
2529
2527
2530
2532
2532
2534
2537
2541
2543
2546
2548
2548
2551
2555
2559
2558
2562
2563
2565
2568
2572
2576
2578
2568
2572
2576
2811
2815
2819
2818
2819
2822
2823
2826
2828
2831
2829
2830
2833
2836
2837
2841
2845
2849
2853
2847
2845
2848
2851
2853
2853
2855
2858
2862
2864
2865
2867
2870
2871
2872
2876
2880
2884
2887
2889
2892
2895
2898
2898
2902
2905
2908
2911
2915
2918
2913
2917
2918
2920
2918
2921
2923
2923
2926
2929
2931
2934
2937
2939
2941
2944
2945
2948
2952
2956
2953
2956
2958
2961
3288
3292
3292
3295
3296
3295
3299
3292
3291
3294
3281
3285
3288
3292
3295
3299
3296
3296
3299
3306
3310
3312
3313
3314
3318
3308
3311
3309
3313
3317
3317
3313
3313
3317
3318
3314
3317
3319
3322
3325
3327
3323
3317
3316
3314
3316
3318
3316
3318
3322
3318
3316
3314
3318
3321
3325
3328
3332
3336
3325
3325
3328
3332
3336
3340
3340
3338
3339
3337
3340
3342
3346
4391
4392
4394
4390
4394
4390
4389
4384
4388
4377
4362
4360
4361
4361
4364
4351
4349
4351
4337
4339
4317
4317
4317
4315
4317
4320
4304
4303
4294
4293
4254
4257
4616
4620
4624
4626
4629
4630
4634
4638
4636
4640
4644
4647
4649
4651
4655
4651
4655
4659
4663
4667
4671
4674
4678
4682
4686
4690
4693
4694
4698
4701
4703
4706
4705
4705
4708
4712
4714
4718
4716
4720
4720
4724
4728
4732
4734
4738
4741
4743
4746
4744
4747
4750
4752
4756
4760
4763
4766
4767
4771
4775
4774
4778
4782
4784
4786
4790
4793
4794
4797
4801
4805
4808
4812
4815
4818
4822
4822
4824
4827
4829
4830
4832
4836
4837
4839
4841
4842
4842
4846
4848
4849
4849
4852
4855
4859
4863
4867
4870
4871
4875
4878
4878
4882
4884
4885
4886
4889
4889
4893
4896
4899
4903
4905
4905
4903
4904
4903
4907
4911
5526
5530
5534
5532
5534
5538
5542
5545
5547
5550
5553
5551
5555
5559
5560
5563
5566
5570
5570
5573
5576
5580
5573
5576
5580
5582
5585
5583
5587
5590
5593
5596
5597
5598
5601
5605
5606
5603
5607
5611
5613
5617
5621
5620
5624
5628
5624
5623
5626
5625
5629
5633
5633
5636
5638
5638
5639
5642
5646
5650
5653
5656
5660
5663
5666
5669
5673
5677
5678
5682
5686
5690
5694
5697
5701
5704
5701
5704
5707
5704
5706
5705
5704
5707
5710
5710
5713
5717
5713
5713
5715
5715
5719
5723
5726
5730
5731
5730
5731
5735
5737
5739
5739
5743
5747
5750
5754
5
9
11
17
12
12
34
35
39
43
38
34
38
70
45
47
60
51
29
47
79
93
83
62
81
79
87
91
92
17
96
135
100
141
101
53
110
109
18
108
17
101
45
164
105
171
102
104
104
193
102
103
111
102
96
92
93
27
69
63
66
106
73
24
74
15
74
5
62
115
65
49
266
44
270
48
51
280
52
282
55
52
292
56
298
59
296
63
294
67
70
303
65
310
69
312
67
310
71
309
71
313
75
315
79
316
76
313
289
310
312
316
350
352
396
351
227
351
152
348
342
341
346
344
344
348
348
350
437
354
370
357
367
361
363
460
366
461
370
374
470
375
379
383
327
387
391
394
298
396
499
400
506
401
510
405
407
518
411
522
409
525
412
414
414
416
282
420
547
423
548
427
551
430
426
580
427
430
582
427
430
589
433
592
436
596
436
597
437
598
437
589
439
589
441
592
443
595
440
599
442
603
445
605
448
596
445
600
448
604
450
453
452
663
451
667
455
459
673
456
676
459
680
463
683
465
686
469
689
473
693
476
697
480
697
479
700
481
701
485
670
489
490
669
494
498
670
501
674
503
675
507
677
511
680
515
681
519
679
685
688
696
698
701
704
704
695
693
697
705
704
708
712
716
903
910
915
919
923
924
923
926
878
778
785
788
792
994
995
809
805
804
802
806
806
806
808
1001
823
821
1059
1093
1096
845
843
849
857
861
865
866
865
1112
1115
1119
1122
1124
1126
1129
1131
1215
1218
1197
1236
1213
1250
1183
1268
1246
1280
1256
1258
1267
1304
1311
1314
1290
1304
1307
1307
1310
1312
1316
1315
1319
1321
1326
1328
1330
1330
1334
1334
1338
1339
1343
1347
1350
1357
1347
1351
1355
1359
1485
1497
1498
1503
1507
1510
1508
1511
1514
1512
1500
1503
1491
1494
1494
1495
1497
1497
1489
1487
1491
1489
1491
1491
1494
1489
1478
1636
1641
1587
1568
1548
1544
1500
1528
1526
1525
1528
1532
1527
1527
1530
1534
1538
1539
1541
1545
1546
1549
1550
1554
1552
1554
1550
1547
1555
1559
1562
1551
1783
1786
1787
1791
1794
1794
1794
1795
1799
1803
1806
1812
1816
1817
1821
1823
1810
1813
1817
1822
1826
1829
1833
1829
1833
1837
1838
1839
1840
1844
1848
1851
1853
1857
1861
1864
1867
1871
1872
1876
1880
1882
1884
1885
1888
1888
1890
1893
1889
1886
1886
1889
1890
1893
1894
1897
1901
2141
2149
2156
2158
2166
2170
2173
2176
2179
2180
2188
2192
2196
2199
2201
2213
2216
2219
2224
2224
2228
2232
2236
2239
2243
2248
2251
2243
2246
2250
2246
2247
2249
2253
2255
2258
2261
2266
2270
2273
2277
2280
2284
2285
2287
2288
2288
2287
2286
2287
2294
2298
2299
2303
2307
2311
2313
2317
2320
2323
2323
2325
2329
2332
2331
2331
2335
2338
2341
2336
2336
2340
2344
2346
2346
2350
2352
2356
2357
2360
2364
2367
2374
2375
2376
2380
2380
2382
2386
2390
2392
2394
2394
2397
2401
2405
2408
2412
2416
2419
2422
2426
2428
2432
2536
2539
2543
2546
2549
2552
2556
2556
2559
2563
2566
2566
2569
2573
2576
2579
2580
2583
2870
2873
2859
2861
2858
2852
2856
2859
2841
2839
2841
2845
2838
2838
2839
2822
2823
2818
2801
2787
2784
2786
2784
2785
2779
2780
2784
2785
2783
3006
3010
3014
3014
3015
3018
3021
3021
3016
3016
3019
3023
3026
3029
3033
3035
3033
3039
3040
3039
3043
3038
3041
3045
3048
3050
3050
3054
3044
3048
3050
3054
3049
3045
3049
3053
3057
3059
3063
3067
3065
3069
3072
3076
3079
3076
3077
3078
3082
3085
3088
3091
3095
3096
3100
3101
3104
3107
3105
3109
3109
3112
3116
3116
3118
3368
3370
3374
3376
3376
3379
3380
3382
3386
3386
3388
3392
3395
3395
3398
3402
3404
3406
3409
3413
3417
3421
3425
3427
3430
3434
3436
3440
3442
3445
3444
3448
3452
3456
3454
3457
3460
3461
3464
3468
3470
3474
3478
3482
3479
3483
3485
3482
3486
3490
3492
3492
3491
3487
3491
3494
3497
3500
3504
3504
3749
3741
3741
3724
3654
3649
3622
3608
3604
3606
3605
3596
3597
3596
3583
3586
3985
3983
3980
3977
3963
3966
3964
3930
3929
3923
3914
3901
3904
3900
3903
3904
3903
3893
3896
3899
3903
3865
3851
3844
3841
3842
3834
3838
3839
4183
4187
4191
4191
4190
4194
4192
4193
4197
4201
4203
4205
4209
4212
4216
4214
4218
4219
4223
4220
4220
4216
4210
4214
4218
4220
4216
4216
4214
4217
4215
4218
4221
4225
4227
4229
4229
4233
4234
4236
4235
4238
4239
4228
4232
4235
4239
4241
4243
4247
4245
4249
4251
4237
4240
4243
4243
4241
4243
4247
4248
4249
4253
4245
4246
4250
4254
4258
4255
4256
4256
4258
4262
4263
5584
5583
5569
5557
5543
5541
5534
5531
5532
5492
5496
5499
5489
5482
5437
5986
5990
5989
5989
5993
5992
5994
5998
6002
6006
6010
6002
6005
6009
6012
6015
6018
6019
6019
6022
6026
6024
6026
6030
6034
6038
6038
6041
6043
6046
6048
6052
6050
6053
6057
6057
6060
6062
6062
6063
6063
6065
6069
6073
6077
6080
6084
6088
6092
6095
6098
6102
6106
6109
6113
6117
6120
6124
6126
6127
6130
6130
6132
6136
6140
6144
6146
6149
6152
6156
6160
6158
6157
6159
6163
6165
6169
6172
6167
6171
6175
6179
6179
6182
6185
6189
6193
6197
6201
6205
6209
6213
6215
6217
6216
6212
6216
6215
6218
6222
6225
6229
6233
6237
6240
6244
6247
6248
6251
6252
6256
6254
6257
5
5
9
16
17
23
21
12
36
19
20
33
14
13
8
6
5
10
77
7
84
14
18
94
16
106
19
110
18
120
124
28
22
130
16
137
17
21
145
148
5
148
5
55
5
170
5
170
5
103
200
97
200
17
13
208
15
209
8
228
5
230
5
91
5
6
245
9
253
10
9
8
254
7
255
5
8
114
10
289
292
296
5
9
302
11
299
12
246
324
328
328
329
347
333
350
334
354
337
338
345
342
345
348
368
341
372
344
380
347
350
269
354
351
345
399
349
414
353
357
360
357
359
363
300
365
365
454
369
308
371
375
374
474
378
478
381
293
385
389
393
357
397
362
392
395
399
506
393
290
396
400
281
400
403
543
404
405
539
406
543
410
411
565
415
303
419
421
298
425
300
428
426
298
430
600
430
427
586
430
431
574
432
621
429
431
630
434
631
437
439
634
440
641
444
643
446
644
449
452
648
454
458
655
460
684
464
467
668
470
470
473
471
682
458
686
462
693
466
696
470
700
473
703
476
707
480
710
478
713
481
717
484
718
488
714
485
715
488
718
492
722
495
726
725
728
731
735
741
742
741
740
740
748
864
821
767
780
781
775
782
785
787
790
797
801
804
804
803
807
809
812
810
814
816
823
899
836
840
841
847
1026
1036
868
1050
974
951
944
933
1088
929
1099
941
945
1117
1121
928
934
924
907
1154
923
929
932
922
1186
1190
1193
1197
1197
1196
1199
1202
1204
1208
1208
1211
1213
1214
1054
1225
1231
1232
1235
1236
1239
1241
1245
1249
1251
1255
1258
1257
1264
1264
1265
1269
1273
1275
1277
1281
1283
1285
1289
1291
1294
1297
1301
1296
1299
1303
1306
1310
1314
1317
1319
1323
1327
1328
1332
1340
1342
1345
1344
1348
1347
1350
1351
1355
1359
1357
1361
1364
1367
1367
1371
1375
1369
1369
1366
1370
1373
1376
1380
1384
1388
1392
1394
1392
1396
1397
1401
1402
1404
1406
1410
1414
1418
1422
1426
1428
1427
1425
1746
1745
1735
1734
1737
1741
1793
1797
1806
1805
1823
1827
1831
1835
1838
1852
1857
1865
1872
1879
1883
1885
1888
1887
1890
1888
1891
1899
1903
1906
1908
1909
1908
1912
1916
1914
1917
1919
1923
1925
1928
1929
1930
1933
1935
1939
1942
1962
1965
1964
1971
1966
1962
1964
1955
1955
1953
1956
1956
1955
1944
1939
1940
1923
1918
1915
1919
1908
1891
1891
2034
2027
2008
2008
1931
1917
2119
2121
2123
2127
2128
2131
2135
2134
2134
2136
2139
2142
2146
2150
2154
2157
2160
2162
2165
2169
2173
2175
2179
2182
2181
2183
2187
2191
2188
2190
2192
2196
2198
2200
2203
2204
2208
2209
2213
2213
2209
2210
2213
2217
2221
2223
2225
2224
2228
2229
2233
2236
2240
2238
2242
2245
2248
2256
2259
2261
2264
2266
2270
2273
2277
2280
2282
2286
2275
2278
2281
2285
2287
2290
2292
2296
2647
2645
2647
2643
2642
2628
2629
2633
2632
2627
2628
2626
2620
2623
2621
2625
2626
2624
2614
2612
2610
2610
2614
2617
2620
2623
2626
2626
2630
2634
2636
2627
2625
2625
2605
2606
2604
2604
2607
2607
2611
2936
2934
2933
2937
2941
2938
2941
2945
2945
2948
2952
2954
2954
2956
2960
2964
2964
2964
2967
2968
2965
2964
2964
2965
2969
2972
2972
2974
2980
2984
2988
2992
2994
2996
2999
2998
3002
3004
3006
3010
3008
3012
3002
3000
3002
3001
3002
3001
3004
3007
3007
3011
3013
3011
3011
3012
3013
3015
3019
3022
3023
3026
3030
3034
3038
3035
3039
3037
3040
3044
3036
3036
3038
3042
3046
3050
3054
3058
3054
3053
3056
3059
3062
3065
3069
3399
3399
3398
3400
3402
3398
3395
3398
3401
3405
3407
3408
3409
3410
3414
3414
3415
3414
3418
3419
3413
3417
3421
3421
3422
3426
3430
3434
3436
3442
3438
3441
3445
3445
3447
3451
3455
3459
3461
3465
3467
3469
3470
3474
3474
3478
3481
3485
3487
3491
3488
3491
3495
3499
3501
3500
3504
3506
3507
3509
3512
3516
3519
3519
3522
3525
3527
3530
3533
3532
3536
3534
3537
3541
3545
3542
3543
3545
3549
3553
3554
3557
3561
3562
3564
3560
3553
3557
3559
3563
3814
3815
3817
3818
3818
3820
3822
3826
3829
3832
3833
3836
3837
3841
3841
3844
3845
3848
3850
3853
3856
3859
3858
3862
3865
3868
3871
3875
3879
3879
3882
3879
3881
3885
3889
3892
3895
3898
4194
4088
4092
3953
4331
4329
4298
4283
4252
4249
4238
4241
4224
4211
4214
4207
4211
4215
4211
4182
4180
4160
4150
4148
4150
4148
4142
4532
4536
4540
4535
4538
4541
4542
4544
4548
4552
4551
4552
4554
4555
4559
4562
4566
4570
4573
4573
4575
4578
4582
4586
4590
4592
4593
4597
4594
4596
4588
4591
4595
4598
4599
4603
4607
4606
4609
4612
4616
4618
4621
4625
4628
4631
4635
4638
4639
4640
4644
4641
4645
4647
4644
4647
4646
4637
4641
4645
4649
4652
4653
4657
4661
4664
4667
4670
4671
4675
4677
4680
4679
4679
4682
4686
4690
4694
4697
4699
4703
4707
4711
4709
4708
4712
4716
4715
4714
4715
4718
4722
4721
4724
4722
4726
5345
5347
5351
5348
5350
5354
5357
5357
5358
5359
5363
5367
5370
5374
5376
5376
5376
5380
5384
5384
5383
5380
5383
5385
5389
5390
5394
5397
5401
5405
5407
5409
5404
5402
5405
5408
5399
5399
5402
5396
5392
5387
5387
5390
5392
5386
5389
5391
5392
5393
5395
5396
5388
5385
5383
5380
5382
5382
5377
5380
5377
5378
5375
5747
5749
5743
5746
5706
5
5
15
22
28
28
11
29
31
25
50
28
50
30
34
35
11
34
41
49
40
47
44
45
25
47
51
112
55
50
53
124
51
128
53
57
141
50
144
54
56
151
59
62
66
171
70
74
178
78
185
81
85
194
88
195
92
95
146
98
98
137
136
224
138
16
139
236
128
239
238
129
244
259
258
250
248
229
242
164
246
231
278
234
286
225
229
294
231
234
265
229
227
311
229
315
319
218
322
221
219
218
303
216
209
347
209
213
276
217
383
217
217
285
221
396
224
224
219
222
408
217
206
235
209
208
426
205
206
420
194
193
427
196
193
197
427
200
388
199
371
199
368
201
357
203
350
204
352
207
342
207
431
211
353
515
364
414
418
363
419
347
423
439
426
429
381
433
365
435
369
439
439
337
440
288
444
581
444
584
446
445
592
449
595
453
454
603
457
606
456
608
445
611
448
607
452
598
452
453
600
455
604
459
608
463
465
642
461
463
559
466
619
465
696
464
698
466
467
668
468
644
469
643
472
474
574
476
570
477
479
735
473
547
469
473
719
475
479
557
483
729
487
490
768
490
771
494
587
779
588
737
778
678
836
837
844
838
842
822
635
833
858
865
855
693
883
874
879
877
883
882
885
886
887
897
906
910
910
914
1008
1012
933
932
938
936
939
931
966
971
974
976
987
991
992
996
1000
1002
1003
1002
1006
1002
1000
1022
1028
1190
1031
1146
1150
1158
1158
1162
1065
1186
1075
1183
1088
1194
1197
1204
1206
1118
1122
1162
1225
1211
1169
1254
1163
1260
1259
1260
1266
1265
1253
1257
1263
1267
1271
1273
1272
1277
1277
1279
1266
1265
1269
1273
1268
1264
1268
1271
1275
1267
1274
1242
1290
1287
1272
1259
1261
1265
1262
1259
1256
1258
1550
1554
1558
1561
1564
1567
1570
1574
1578
1582
1586
1592
1592
1595
1599
1602
1599
1601
1605
1610
1614
1616
1620
1620
1621
1623
1627
1631
1635
1637
1638
1645
1648
1653
1654
1658
1662
1666
1670
1669
1671
1673
1677
1681
1682
1683
1691
1694
1698
1702
1705
1709
1710
1714
1718
1722
1725
1727
1729
1733
1737
1737
1738
1741
1734
1738
1741
1744
1748
1752
1756
1759
1761
1764
1768
1768
1771
1775
1778
1780
1784
1786
1787
1787
1790
1793
1793
1797
1801
1804
1806
1807
1811
1814
1817
1821
1821
1825
1827
1831
1834
1837
1840
1839
1840
1844
1847
1850
1854
1852
1856
1858
1858
1860
1857
1861
2029
2031
2035
2038
2042
2046
2039
2034
2034
2036
2040
2043
2038
2031
2032
2035
2034
2028
2030
2027
2029
2022
2019
2009
2152
2153
2157
2160
2163
2165
2169
2173
2173
2175
2177
2181
2185
2189
2192
2194
2198
2202
2203
2204
2207
2207
2211
2207
2210
2212
2215
2218
2218
2222
2226
2233
2235
2236
2239
2238
2242
2243
2247
2250
2251
2255
2258
2262
2265
2269
2273
2276
2276
2280
2281
2593
2588
2580
2563
2570
2560
2561
2561
2551
2552
2551
2542
2546
2528
2531
2533
2535
2530
2534
2537
2540
2543
2547
2539
2521
2520
2521
2513
2512
2492
2496
2490
2493
2493
2847
2850
2852
2848
2850
2849
2852
2852
2848
2836
2828
2821
2811
2809
2812
2811
2813
2800
2784
2775
2779
2771
2775
2768
2760
2761
2738
2684
3085
3088
3089
3093
3096
3099
3100
3098
3102
3104
3108
3111
3112
3116
3118
3119
3115
3118
3119
3122
3106
3110
3114
3116
3120
3122
3126
3127
3131
3132
3136
3139
3143
3147
3146
3148
3148
3144
3147
3151
3155
3157
3159
3163
3163
3165
3169
3173
3174
3176
3173
3175
3179
3177
3180
3182
3184
3188
3189
3191
3194
3195
3196
3198
3201
3205
3208
3208
3212
3214
3217
3221
3224
3226
3230
3232
3234
3237
3241
3241
3244
3247
3250
3249
3252
3253
3251
3252
3255
3259
3261
3260
3264
3267
3270
3274
3275
3404
3365
3965
3962
3965
3968
3972
3972
3972
3976
3979
3983
3987
3988
3977
3978
3971
3975
3969
3967
3971
3968
3970
3968
3971
3964
3968
3969
3969
3971
3974
3962
3952
3953
3950
3952
3954
3955
3959
3963
3967
3961
3963
3966
3969
3972
3971
3972
3973
3976
3980
3984
3985
3988
3990
3985
3977
3980
3983
3986
3990
3994
3994
3998
4002
4002
4002
3998
4000
4002
4546
4547
4548
4552
4554
4558
4560
4562
4566
4565
4567
4567
4570
4573
4575
4582
4585
4588
4592
4595
4598
4601
4602
4605
4609
4613
4614
4616
4619
4618
4618
4618
4622
4626
4629
4632
4634
4637
4633
4637
4640
4640
4642
4644
4644
4647
4651
4654
4658
4653
4647
4650
4654
4658
4662
4662
4666
4662
4664
4666
4668
4665
4668
4670
4673
4675
4678
4681
4684
4688
4689
4696
4700
4704
4708
4706
4708
4712
4715
4716
4719
4722
4726
4730
4734
4734
4737
4741
4743
4747
4750
4754
4757
4761
4765
4764
4768
4771
4774
4771
4775
4779
4783
4787
4790
4794
4797
5341
5327
5290
5279
5277
6413
6416
6418
6422
6423
6418
6422
6419
6420
6424
6424
6427
6425
6428
6428
6432
6436
6438
6438
6439
6438
6442
6442
6445
6448
6451
6451
6452
6456
6459
6457
6460
6464
6466
6467
6469
6468
6470
6466
6470
6472
6474
6474
6478
6482
6483
6486
6488
6492
6493
6497
6500
6504
6508
6512
6516
6518
6519
6521
6525
6528
6529
6531
6531
6535
6535
6538
6542
6545
6549
6553
6555
6556
6559
6562
6560
6562
6565
6569
6572
6576
6575
6575
6576
6579
6582
6586
6590
6592
6594
6598
6598
6595
6594
6598
6599
6603
6604
6605
6607
6609
6613
5
6
24
5
23
26
34
40
20
46
10
32
61
69
37
40
77
44
18
48
9
54
18
103
110
111
36
117
118
127
122
133
122
143
123
113
40
114
152
115
156
117
116
159
122
161
125
162
129
133
18
125
125
88
125
127
18
126
166
128
129
114
130
129
122
222
126
225
130
137
64
140
244
139
289
148
152
260
154
263
151
152
155
317
154
317
157
161
324
161
327
163
327
167
330
171
332
171
331
174
334
178
141
181
344
185
346
187
190
187
106
194
196
114
200
369
203
201
370
203
368
205
370
209
376
212
207
443
209
450
210
213
457
215
394
218
221
400
225
401
228
223
407
227
411
228
414
232
416
229
417
233
421
231
424
235
488
239
243
441
246
442
247
432
254
258
439
506
443
504
446
507
450
511
454
513
442
505
312
496
469
498
469
487
472
487
476
488
478
485
482
476
485
480
489
471
492
473
633
471
621
471
475
619
472
616
476
615
477
478
472
473
475
457
631
456
453
633
447
451
638
452
619
447
621
443
447
610
445
614
446
443
603
444
591
588
592
579
564
560
559
551
546
548
720
545
702
567
544
552
556
545
608
548
801
805
808
810
813
815
819
818
820
823
825
823
818
820
822
828
925
933
937
937
941
939
934
935
938
942
943
947
948
944
943
964
963
966
966
970
973
977
981
987
990
989
990
991
995
1001
1004
1008
1009
1015
1019
1017
1019
1021
1024
1028
1029
1032
1036
1039
1043
1047
1051
1055
1058
1057
1061
1064
1063
1067
1071
1073
1076
1079
1085
1088
1092
1096
1103
1106
1113
1117
1117
1121
1123
1126
1130
1134
1141
1137
1140
1141
1144
1148
1152
1153
1157
1159
1163
1167
1171
1172
1176
1179
1177
1181
1185
1188
1182
1186
1183
1186
1190
1192
1195
1199
1203
1201
1202
1200
1204
1467
1470
1471
1467
1471
1475
1479
1483
1486
1488
1492
1494
1496
1500
1504
1508
1508
1512
1516
1519
1516
1520
1522
1523
1526
1530
1533
1539
1538
1538
1540
1544
1542
1528
1528
1528
1532
1536
1539
1543
1545
1542
1544
1548
1552
1554
1550
1552
1555
1554
1558
1559
1560
1559
1562
1566
1569
1569
1572
1576
1575
1901
1905
1909
1911
1904
1908
1909
1910
1913
1915
1919
1923
1925
1925
1927
1931
1930
1932
1933
1923
1912
1916
1920
1914
1912
1912
1914
1918
1915
1916
1920
1924
1926
1925
1928
1918
1919
1921
1925
1928
1929
1936
1938
1944
1947
1942
1944
1948
1948
1948
1942
1942
1931
1930
1922
1925
1928
1932
1936
1936
1939
1940
1943
1938
2290
2293
2296
2299
2297
2301
2303
2307
2308
2307
2311
2314
2317
2321
2314
2309
2311
2314
2317
2319
2314
2315
2316
2316
2319
2322
2322
2324
2325
2324
2327
2329
2329
2322
2326
2329
2331
2329
2328
2327
2330
2331
2333
2336
2339
2343
2345
2346
2349
2353
2348
2351
2354
2349
2350
2331
2330
2334
2338
2337
2339
2342
2344
2346
2350
2351
2350
2350
2351
2354
2357
2355
2593
2592
2590
2581
2556
2554
2554
2554
2520
2519
2522
2517
2518
2517
2498
2498
2503
2506
2495
2474
2469
2788
2768
2738
2742
2723
2727
2698
2689
2639
2640
2646
2626
2625
2567
2990
2987
2990
2986
2987
2988
2989
2993
2996
2999
2998
3000
2997
2991
2991
2993
2997
3001
3005
3009
3009
3013
3017
3002
2991
2993
2975
2976
2975
2972
2976
2980
2981
2984
2986
2987
2991
2994
2990
2983
2970
2973
2975
2978
2974
2972
2972
2968
2967
2956
2959
2961
3263
3267
3269
3273
3275
3278
3281
3285
3289
3291
3295
3299
3302
3306
3303
3306
3310
3303
3306
3310
3314
3318
3322
3325
3322
3326
3330
3333
3337
3341
3345
3348
3351
3355
3352
3356
3360
3363
3367
3369
3372
3373
3376
3377
3381
3379
3383
3385
3389
3392
3389
3393
3397
3401
3404
3407
3408
3412
3416
3417
3420
3424
3428
3420
3418
3421
3423
3429
3431
3433
3437
3438
3441
3444
3448
3451
3451
3454
3458
3455
3458
3459
3460
3464
3467
3471
3475
3477
3481
3485
3485
3488
3491
3490
3493
3492
3494
3498
3502
3506
3510
3514
3518
3522
3524
3528
3532
3536
3540
3542
3543
3547
3548
3552
3552
3556
3559
3562
3565
3569
3572
3576
3580
3582
3586
4116
4120
4122
4123
4127
4127
4130
4131
4133
4137
4141
4145
4148
4149
4151
4154
4155
4158
4155
4159
4159
4162
4164
4168
4168
4172
4176
4179
4183
4187
4187
4189
4190
4193
4197
4201
4204
4208
4212
4216
4220
4224
4227
4230
4233
4237
4240
4244
4248
4249
4253
4251
4254
4257
4258
4260
4261
4264
4264
4268
4269
4273
4276
4280
4282
4286
4607
4516
4515
4475
4382
4372
4375
4377
5671
5675
5674
5676
5680
5683
5685
5688
5692
5693
5694
5698
5700
5704
5708
5712
5715
5713
5715
5719
5723
5726
5729
5733
5737
5737
5741
5733
5736
5738
5742
5746
5750
5754
5756
5758
5761
5765
5767
5770
5773
5774
5778
5779
5781
5783
5786
5790
5793
5796
5800
5803
5804
5807
5810
5814
5815
5818
5822
5823
5826
5826
5828
5823
5822
5826
5828
5827
5831
5835
5834
5836
5838
5842
5841
5840
5844
5848
5849
5853
5857
5861
5864
5865
5859
5856
5856
5860
5862
5857
5855
5858
5859
5862
5866
5867
5871
5875
5879
5883
5885
5889
5889
5892
5896
5900
5903
5906
6308
6311
6304
6306
6306
6301
6301
6305
6302
6286
6285
6288
6286
6270
6264
6255
6244
6246
6250
6253
6249
6244
6242
6236
6216
6212
6193
6191
6195
6194
6197
6194
6197
6191
5
5
11
17
16
12
24
24
24
25
24
15
6
33
10
34
52
38
72
35
34
6
33
95
37
41
22
43
47
110
48
51
32
52
55
122
53
53
37
54
27
57
58
62
144
66
139
69
143
74
183
72
74
179
76
77
154
81
81
84
87
149
87
90
148
91
228
92
230
94
92
236
90
167
94
163
95
94
98
5
102
230
106
227
109
110
115
112
239
116
218
120
124
127
230
122
234
125
229
129
236
130
211
131
135
215
139
140
220
141
220
145
222
146
268
148
150
271
151
153
278
156
282
160
275
163
162
258
159
262
160
265
161
255
165
259
161
259
165
248
164
168
162
253
166
254
166
245
170
244
165
242
169
234
172
217
209
302
272
226
228
227
540
411
544
414
548
547
558
542
565
546
548
525
573
519
577
516
590
516
510
435
497
501
501
423
505
387
504
504
389
500
355
494
346
486
641
486
642
483
486
480
654
481
648
482
652
485
654
486
657
485
660
485
662
488
666
491
667
493
665
494
667
494
482
579
478
574
479
577
479
480
579
482
583
483
587
487
590
491
590
494
722
486
485
602
489
473
609
477
744
748
755
754
753
757
760
759
767
769
857
864
868
872
703
884
887
819
829
830
833
835
929
932
937
945
948
955
950
954
954
956
962
961
962
966
965
967
971
973
974
977
981
985
989
990
994
997
1004
1005
1004
1002
1006
1004
1004
1008
1011
1015
1018
1018
1022
1023
1027
1031
1035
1039
1039
1043
1046
1048
1051
1052
1056
1060
1062
1067
1069
1071
1075
1078
1082
1086
1088
1092
1096
1094
1091
1092
1095
1095
1099
1089
1092
1100
1101
1102
1104
1108
1110
1117
1119
1123
1111
1111
1115
1119
1122
1125
1120
1124
1126
1129
1131
1130
1132
1134
1138
1144
1145
1148
1150
1153
1310
1277
1267
1253
1225
1205
1441
1445
1451
1455
1454
1457
1461
1458
1460
1462
1465
1467
1466
1470
1473
1477
1480
1477
1481
1484
1486
1492
1495
1496
1500
1503
1507
1510
1510
1504
1507
1510
1514
1518
1521
1521
1525
1531
1530
1537
1543
1546
1550
1547
1550
1549
1544
1548
1544
1547
1542
1542
1546
1550
1554
1552
1556
1551
1537
1541
1544
1688
1692
1692
1696
1700
1703
1707
1711
1713
1716
1719
1722
1726
1730
1734
1737
1741
1743
1742
1744
1747
1751
1748
1752
1752
1754
1754
1758
1760
1762
1766
1767
1771
1774
1775
1778
1781
1784
1783
1786
1783
1787
1791
1795
1799
1802
1802
2125
2127
2066
2067
2050
2039
2010
2008
1984
1979
1979
1955
1957
1940
1934
1935
1920
1901
2241
2245
2248
2251
2252
2247
2254
2256
2259
2252
2255
2257
2260
2257
2261
2265
2266
2268
2271
2273
2277
2281
2277
2280
2284
2291
2295
2299
2300
2304
2304
2307
2311
2312
2316
2318
2322
2326
2326
2321
2323
2320
2321
2324
2328
2332
2336
2337
2341
2345
2349
2353
2354
2358
2361
2364
2366
2363
2364
2368
2367
2371
2372
2372
2371
2375
2372
2375
2375
2378
2382
2380
2382
2381
2385
2386
2385
2386
2390
2394
2397
2401
2402
2404
2408
2409
2412
2412
2414
2418
2422
2421
2424
2428
2432
2432
2436
2439
2441
2445
2448
2450
2451
2454
2457
2461
2465
2469
2779
2781
2776
2777
2777
2778
2766
2767
2763
2762
2758
2751
2753
2750
2753
2756
2753
2748
2752
2750
2732
2734
2736
2724
2727
2727
2729
2718
2720
2718
2708
2706
2704
2704
2704
2702
2706
2707
2711
2709
2710
2712
2716
2708
2706
3027
3016
2986
2979
2900
2857
2835
2805
2776
2776
2771
2769
3235
3236
3239
3243
3245
3249
3250
3251
3255
3259
3263
3265
3267
3271
3273
3274
3278
3278
3275
3278
3282
3285
3285
3288
3292
3293
3297
3297
3301
3302
3306
3310
3310
3312
3315
3319
3322
3325
3329
3332
3335
3338
3342
3343
3345
3347
3349
3353
3357
3359
3363
3363
3367
3371
3375
3378
3380
3386
3381
3384
3388
3389
3392
3392
3393
3397
3399
3401
3399
3403
3407
3409
3408
3409
3413
3415
3416
3419
3422
3423
3422
3423
3423
3424
3427
3431
3435
3439
3442
3443
3445
3447
3450
3450
3453
3456
3453
3455
3454
3454
3457
3459
3461
3460
3464
3461
3465
3469
3473
3477
3478
3482
3486
3489
3885
3889
3891
3894
3895
3899
3903
3907
3909
3910
3913
3917
3920
3923
3926
3929
3932
3934
3938
3942
3946
3949
3951
3952
3955
3951
3955
3955
3958
3962
3966
3970
3974
3978
3981
3983
3987
3990
3993
3984
3987
3989
3987
3981
3985
3986
3989
3993
3996
3997
4000
4001
4005
4008
4011
4015
4012
4014
4016
4020
4024
4028
4027
4028
4029
4033
4035
4038
4041
4044
4048
4043
4045
4049
4050
4052
4052
4052
4056
4057
4060
4064
4068
4069
4072
4071
4075
4079
4080
4084
4087
4091
4087
4085
4089
4093
4092
4096
4100
4102
4104
4108
4112
4114
4118
4121
4123
4127
4128
4128
4131
4135
4137
4139
4143
4147
4151
4155
4617
4613
4612
4613
4617
4607
4608
4597
4599
4593
4590
4588
4582
4559
4561
4555
4557
4555
4557
4558
4546
4546
4531
4529
4531
4527
4531
4490
4485
4470
5553
5557
5558
5561
5556
5554
5551
5550
5553
5548
5550
5551
5553
5557
5559
5562
5561
5562
5563
5561
5561
5560
5549
5545
5549
5553
5552
5544
5536
5540
5544
5548
5550
5541
5545
5548
5551
5553
5553
5556
5556
5560
5564
5563
5564
5566
5566
5567
5571
5572
5568
5570
5568
5572
5574
5576
5577
5580
5569
5556
5559
5563
5566
5568
5567
5570
5573
5569
5573
5
11
11
23
28
31
36
35
42
52
49
55
57
52
15
62
65
84
65
68
66
59
74
72
109
73
68
71
75
72
79
132
82
77
137
76
80
144
81
97
83
159
81
73
168
74
171
71
173
72
76
70
74
195
76
199
79
148
82
75
77
72
226
66
230
59
61
239
43
43
47
252
50
250
32
254
23
256
278
70
282
280
12
287
282
302
286
306
294
306
315
312
319
319
323
319
323
320
356
330
333
369
341
373
345
346
352
342
346
355
350
354
364
349
353
368
355
363
360
371
359
375
361
377
365
379
149
383
362
387
366
367
393
369
397
372
401
375
405
374
409
376
416
375
379
421
378
423
376
430
379
434
380
438
384
388
445
392
446
395
448
399
452
390
453
393
456
395
395
462
399
464
402
470
406
471
410
474
413
478
410
481
414
484
417
487
420
491
423
489
421
493
415
497
417
499
416
503
420
506
421
509
424
425
515
512
431
430
515
432
514
435
518
437
518
440
522
443
526
446
530
450
534
446
538
450
542
453
546
455
547
459
554
462
554
464
460
730
459
721
463
464
712
468
695
472
676
470
636
470
634
549
556
558
506
546
504
626
507
629
510
512
624
632
636
643
646
650
653
650
652
656
663
666
670
901
684
688
691
923
926
925
716
720
726
730
728
963
967
967
958
947
951
933
914
917
792
803
807
808
812
820
822
826
830
832
833
836
843
847
853
857
858
862
866
868
871
874
877
883
886
1056
1040
1039
1028
1020
1014
1011
1013
1013
1008
1005
1002
1003
1002
1008
1000
1003
1005
1006
1007
1007
1005
1320
1324
1328
1335
1334
1338
1342
1346
1349
1350
1354
1353
1357
1361
1364
1368
1371
1369
1373
1377
1378
1381
1386
1390
1393
1397
1397
1397
1399
1400
1403
1407
1406
1396
1396
1400
1401
1404
1404
1408
1411
1411
1415
1414
1414
1418
1422
1426
1431
1432
1428
1432
1435
1437
1436
1438
1436
1439
1442
1440
1440
1443
1446
1449
1451
1454
1438
1434
1436
1438
1439
1442
1449
1449
1449
1453
1457
1455
1457
1461
1465
1469
1472
1476
1473
1475
1477
1481
1485
1489
1493
1493
1495
1498
1501
1820
1822
1825
1825
1827
1831
1834
1826
1826
1829
1833
1834
1836
1840
1843
1847
1851
1855
1859
1861
1863
1859
1863
1867
1868
1870
1871
1872
1874
1878
1878
1882
1880
1885
1887
1889
1896
1900
1904
1906
1907
1911
1904
1904
1899
1905
1909
1909
1912
1916
1920
1924
1928
1932
1935
1939
1938
1937
1941
1945
1946
1948
1952
1955
1951
1953
1956
1960
1963
1967
1970
1973
1977
1978
1981
1983
1985
1988
1992
1996
2000
2003
2005
2008
2011
2014
2016
2020
2023
2027
2029
2028
2025
2029
2024
2018
2022
2024
2026
2029
2033
2035
2353
2354
2355
2358
2361
2364
2361
2364
2368
2372
2370
2373
2370
2370
2367
2369
2373
2360
2364
2368
2370
2366
2365
2367
2370
2374
2378
2382
2385
2385
2379
2382
2384
2386
2390
2392
2395
2395
2399
2395
2397
2401
2405
2411
2413
2416
2419
2417
2420
2418
2418
2422
2422
2422
2426
2430
2432
2432
2435
2436
2440
2443
2442
2444
2448
2445
2443
2445
2446
2446
2447
2443
2427
2431
2741
2732
2725
2726
2724
2706
2692
2690
2692
2683
2673
2676
2671
2668
2666
2647
2633
2631
2620
2617
2557
2971
2949
2944
2930
2930
2929
2919
2910
2911
2896
2899
2880
2865
2869
2858
2848
2848
2822
2818
2814
2805
2801
2797
2795
2797
3211
3215
3218
3215
3216
3216
3220
3218
3222
3223
3227
3230
3233
3236
3237
3239
3238
3239
3242
3245
3241
3244
3246
3247
3251
3249
3253
3255
3259
3263
3265
3267
3270
3272
3274
3278
3281
3285
3289
3295
3299
3303
3305
3309
3310
3314
3313
3313
3316
3320
3323
3318
3322
3326
3328
3332
3334
3333
3331
3334
3337
3340
3340
3342
3346
3350
3347
3349
3353
3355
3357
3357
3361
3363
3367
3370
3372
3375
3379
3383
3381
3383
3384
3388
3392
3393
3396
3398
3402
3406
3410
3414
3418
3422
3425
3427
3425
3427
3425
3426
3779
3731
3560
3524
3855
3856
3859
3863
3867
3867
3871
3870
3871
3872
3875
3877
3880
3879
3881
3885
3887
3888
3892
3895
3897
3900
3903
3896
3898
3901
3905
3909
3906
3910
3914
3918
3922
3921
3925
3928
3932
3933
3935
3937
3941
3944
3947
3951
3955
3953
3956
3959
3959
3955
3958
3962
3965
3964
3968
3971
3969
3973
3970
3974
3972
3975
3979
3982
3979
3981
3982
3985
3983
3987
3991
3991
3992
3986
3988
3992
3996
3998
4002
4003
4006
4008
4011
4013
4015
4017
4017
4019
4020
4023
4021
4025
4029
4032
4033
4034
4036
4040
4291
4181
4128
4129
4128
4429
4433
4385
4315
4307
4309
4302
4294
4286
4290
4277
4266
4222
4565
4569
4570
4563
4567
4571
4571
4574
4574
4575
4578
4571
4571
4573
4577
4576
4580
4579
4579
4578
4570
4565
4553
4555
4555
4556
4557
4561
4561
4564
4568
4571
4561
4564
4564
4555
4556
4556
4558
4562
4566
4559
4559
4555
4910
4913
4915
4919
4920
4923
4926
4924
4915
4918
4916
4918
4916
4918
4920
4923
4926
4928
4929
4932
4936
4940
4938
4940
4943
4946
4950
4954
4958
4961
4961
4964
4966
4967
4966
4966
4963
4965
4965
4965
4967
4970
4974
4971
4974
4974
4975
4979
4978
4979
4981
4981
4983
4987
4991
4993
4997
4996
4996
4999
5003
5004
5001
5005
5008
4996
4992
4987
4987
4989
4991
4991
4994
4998
4996
4994
5
12
17
18
16
5
20
17
19
23
17
19
20
14
14
16
23
25
41
20
17
96
22
103
20
20
113
20
21
119
24
122
27
15
14
140
13
134
16
131
18
22
138
25
161
27
23
50
24
18
151
21
150
25
147
29
32
177
36
40
214
34
38
227
33
34
5
34
158
38
118
250
257
14
260
259
267
266
271
244
275
278
253
285
285
288
8
288
290
313
292
318
292
298
300
205
299
302
303
296
305
305
300
308
356
312
360
316
320
317
322
327
326
324
321
328
323
333
327
331
332
343
326
330
363
333
366
337
359
340
344
373
347
440
346
349
317
351
352
399
351
400
358
361
477
358
353
450
343
347
496
349
499
348
354
352
355
450
355
358
460
361
462
364
466
367
468
371
372
474
375
477
371
480
372
483
374
473
375
477
376
375
485
378
489
382
490
384
492
388
443
389
393
480
386
390
514
393
515
388
520
392
393
502
397
588
398
397
670
398
402
601
404
406
600
410
593
411
504
415
417
605
419
422
718
426
512
550
558
538
549
540
535
538
520
532
752
536
531
529
761
527
765
517
543
521
523
530
523
685
527
529
687
527
678
531
681
529
670
667
670
645
642
641
636
626
629
860
764
718
717
669
647
645
651
724
700
704
701
700
699
863
862
864
868
868
870
873
876
880
884
891
885
889
886
878
882
886
889
891
894
898
896
898
899
900
903
907
906
909
909
913
902
906
909
906
897
901
902
903
907
906
910
912
916
917
1209
1211
1211
1214
1218
1221
1224
1222
1225
1228
1230
1232
1235
1242
1240
1244
1246
1250
1254
1257
1261
1267
1266
1268
1269
1273
1280
1279
1280
1279
1281
1284
1288
1292
1295
1297
1295
1298
1301
1304
1306
1310
1311
1309
1313
1317
1321
1325
1329
1334
1338
1340
1344
1347
1351
1354
1358
1362
1368
1370
1373
1377
1384
1388
1392
1394
1395
1398
1400
1404
1408
1412
1404
1407
1411
1415
1418
1420
1422
1426
1427
1430
1433
1437
1441
1445
1449
1453
1457
1460
1464
1468
1472
1476
1480
1482
1484
1484
1486
1488
1492
1495
1496
1496
1499
1500
1505
1509
1513
1514
1518
1522
1526
1527
1530
1533
1536
1540
1579
1864
1858
1860
1862
1866
1863
1866
1870
1870
1874
1872
1868
1869
1867
1868
1871
1874
1871
1874
1876
1878
1881
1884
1888
1884
1886
1881
1885
1883
1881
1883
1882
1880
1881
1882
1884
1879
1883
1887
1885
1887
1891
1893
1896
1899
1899
1903
1906
1908
1911
1900
1904
1908
1911
1915
1918
1915
1919
1920
1920
1924
1923
1922
1920
1919
1919
1913
1912
2247
2250
2234
2238
2241
2216
2218
2209
2188
2191
2193
2189
2190
2187
2190
2192
2186
2146
2140
2141
2134
2131
2121
2110
2109
2112
2116
2108
2110
2109
2107
2500
2502
2505
2508
2511
2514
2518
2522
2526
2527
2530
2532
2536
2535
2537
2541
2541
2540
2541
2543
2544
2544
2540
2541
2536
2540
2544
2545
2546
2548
2547
2545
2545
2541
2545
2548
2545
2545
2548
2552
2555
2556
2560
2563
2555
2559
2563
2566
2568
2570
2573
2576
2580
2581
2584
2587
2590
2594
2596
2599
2602
2606
2605
2609
2613
2617
2621
2619
2620
2624
2625
2629
2627
2627
2631
2630
2633
2635
2639
2642
2646
2650
2653
2655
2659
2663
2666
2669
2670
2673
2677
2680
2684
2687
2691
2692
2695
2699
2701
2704
2708
3080
3083
3081
3085
3089
3092
3094
3093
3097
3101
3104
3103
3107
3110
3109
3113
3117
3120
3116
3118
3122
3121
3124
3126
3124
3128
3129
3125
3126
3128
3127
3125
3129
3133
3137
3140
3144
3148
3148
3148
3152
3156
3155
3159
3163
3164
3168
3171
3175
3179
3183
3186
3186
3190
3194
3195
3196
3200
3203
3206
3209
3213
3208
3212
3215
3213
3215
3217
3224
3227
3230
3234
3238
3238
3241
3243
3246
3248
3251
3254
3255
3255
3258
3261
3266
3270
3273
3276
3278
3280
3284
3280
3281
3285
3289
3293
3296
3298
3299
3692
3696
3694
3698
3702
3703
3698
3701
3702
3706
3710
3714
3716
3716
3717
3718
3720
3722
3719
3717
3718
3720
3724
3728
3731
3722
3723
3726
3725
3728
3732
3735
3739
3741
3744
3748
3752
3756
3751
3755
3750
3749
3747
3746
3749
3743
3745
3739
3734
3733
3729
3733
3729
3733
3737
3741
3744
3745
3749
3753
3751
3747
3747
3750
3736
3738
3739
3738
3741
3745
3749
3752
3753
4376
4370
4367
4336
4340
4300
4244
4248
4233
4152
4153
4911
4901
4905
4906
4899
4902
4901
4902
4906
4907
4888
4889
4892
4893
4892
4885
4884
4888
4890
4891
4889
4892
4891
4889
4887
4890
4894
4886
4882
4884
4886
4890
4891
4886
4884
4888
4892
4893
4892
4893
4893
4897
4899
4903
4901
4901
4901
4904
4906
4908
4911
4909
4912
4916
4913
5961
5965
5969
5972
5976
5978
5982
5986
5988
5991
5993
5993
5996
5998
6001
6005
6009
6013
6014
6016
6017
6021
6023
6026
6029
6033
6037
6041
6038
6037
6037
6038
6042
6041
6043
6044
6048
6051
6055
6057
6058
6058
6061
6061
6065
6069
6073
6077
6080
6083
6087
6086
6090
6093
6092
6096
6097
6101
6105
6105
6107
6108
6108
6109
6113
6114
6118
6121
6120
6124
6128
6131
6130
6126
6130
6129
6129
6133
6137
6139
6143
6145
6149
6150
6152
6153
6155
6159
6163
6167
6171
6174
6177
6181
6184
6184
6187
6189
6193
6197
6200
6201
6199
6202
6203
6207
6209
6213
6217
6220
6223
6225
6227
6229
6233
6236
6240
5
5
8
16
14
17
11
16
44
18
32
24
25
68
31
71
16
38
5
41
58
41
36
39
38
5
42
46
119
49
51
128
51
131
48
45
45
30
44
37
18
41
19
40
21
164
21
20
179
22
21
25
28
180
31
29
123
29
215
31
31
8
31
225
34
6
36
242
30
246
34
244
23
248
23
18
266
21
25
272
28
32
292
35
293
27
9
30
294
34
298
35
299
32
300
36
303
49
303
296
344
354
355
354
358
357
362
362
369
365
368
375
367
373
369
375
371
375
374
379
373
381
376
384
385
380
386
368
386
429
390
389
423
393
394
438
398
435
401
427
403
424
407
408
415
410
413
485
417
419
505
423
459
426
424
503
428
429
433
527
435
521
438
539
438
437
441
445
503
447
504
444
493
442
446
562
439
527
440
437
537
440
443
540
445
544
449
445
553
447
543
440
441
560
444
626
445
540
447
518
451
455
459
581
455
525
455
536
454
458
513
453
474
455
690
455
455
506
458
459
498
458
490
462
644
466
470
503
466
654
468
472
662
473
666
472
471
520
517
688
693
697
693
697
803
809
815
815
818
822
818
824
857
759
762
757
761
766
758
750
753
743
753
746
744
747
738
739
737
739
741
742
740
737
737
739
751
1017
1020
1033
1037
789
1050
1053
811
804
805
808
811
1090
1098
1102
1105
905
1118
867
867
869
1140
1145
1149
1153
1151
1168
1175
1172
1178
1176
1179
1185
1188
1191
1194
981
1205
1209
1212
1216
1221
1224
1226
1230
1234
1238
1239
1243
1246
1248
1255
1259
1263
1267
1264
1266
1270
1274
1278
1279
1273
1276
1277
1280
1280
1283
1287
1291
1295
1302
1309
1313
1311
1315
1319
1322
1324
1325
1326
1324
1328
1332
1336
1340
1342
1345
1348
1351
1353
1357
1359
1363
1367
1370
1374
1378
1382
1386
1390
1393
1396
1399
1401
1405
1409
1412
1416
1423
1424
1425
1428
1430
1433
1437
1438
1442
1440
1443
1447
1449
1453
1456
1459
1460
1464
1465
1461
1463
1467
1471
1474
1478
1482
1485
1486
1787
1790
1789
1792
1794
1794
1797
1800
1804
1806
1810
1812
1815
1819
1822
1825
1831
1834
1837
1841
1837
1839
1834
1836
1833
1837
1841
1845
1848
1851
1854
1858
1859
1863
1867
1869
1873
1877
1881
1881
1885
1889
1890
1889
1891
1894
1897
1899
1903
1907
1910
1914
1916
1919
1918
1915
1918
1921
1922
1924
1928
1932
1932
1935
1938
1942
1946
1948
1951
1957
1954
1956
1959
1963
1964
1961
1965
1976
1979
1982
1988
1990
1993
1996
1997
1995
1994
1997
2000
2004
2008
2010
2012
2016
2017
2016
2018
2338
2333
2315
2299
2299
2306
2300
2304
2308
2302
2303
2287
2279
2272
2266
2270
2273
2274
2267
2260
2260
2262
2265
2269
2258
2261
2245
2250
2245
2223
2214
2506
2431
2426
2361
2330
2300
2521
2523
2525
2528
2532
2536
2540
2538
2542
2541
2544
2547
2550
2553
2551
2544
2545
2549
2548
2543
2544
2548
2552
2556
2558
2562
2562
2565
2556
2559
2562
2565
2563
2566
2569
2569
2565
2566
2570
2574
2576
2578
2575
2578
2580
2583
2585
2589
2588
2591
2595
2596
2600
2603
2607
2605
2608
2608
2604
2607
2937
2940
2943
2944
2947
2950
2950
2950
2947
2950
2952
2955
2959
2963
2966
2970
2967
2971
2972
2976
2979
2983
2983
2987
2989
2991
2995
2999
2998
3001
3003
3005
3007
3010
3011
3014
3016
3015
3019
3022
3025
3029
3032
3034
3037
3040
3040
3036
3039
3041
3044
3045
3044
3045
3049
3049
3049
3051
3052
3048
3051
3054
3056
3059
3063
3067
3070
3074
3067
3071
3075
3079
3081
3073
3073
3073
3077
3079
3083
3087
3091
3094
3098
3576
3580
3582
3579
3579
3583
3587
3590
3588
3590
3593
3594
3593
3594
3593
3597
3594
3597
3600
3597
3599
3601
3597
3601
3605
3608
3605
3606
3609
3606
3609
3608
3607
3611
3614
3618
3622
3623
3624
3625
3626
3630
3628
3632
3631
3629
3633
3634
3638
3637
3641
3644
3646
3646
3643
3642
3645
3637
3635
3639
3643
3647
3644
3646
3636
3635
3636
3635
3639
3642
3644
3637
4177
4181
4184
4184
4186
4188
4192
4193
4197
4201
4204
4207
4208
4211
4212
4216
4220
4223
4225
4227
4231
4235
4234
4237
4237
4241
4245
4249
4246
4250
4251
4253
4256
4260
4262
4264
4263
4259
4263
4267
4269
4265
4268
4272
4274
4278
4280
4283
4286
4288
4285
4289
4293
4294
4298
4302
4299
4300
4300
4303
4305
4308
4312
4316
4320
4322
4323
4327
4330
4334
4336
4339
4341
4345
4349
4353
4356
4355
4356
4360
4364
4365
4367
4369
4368
4362
4363
5020
5020
4996
4989
4992
4967
4902
4897
4883
4853
4853
4853
4836
5211
5213
5215
5216
5220
5224
5226
5230
5233
5237
5239
5241
5240
5244
5247
5251
5255
5257
5254
5256
5258
5262
5266
5261
5263
5266
5262
5259
5262
5266
5269
5272
5275
5278
5281
5285
5284
5286
5288
5289
5293
5297
5296
5300
5303
5307
5311
5309
5312
5316
5318
5316
5319
5321
5323
5319
5320
5324
5325
5329
5333
5335
5338
5342
5345
5349
5352
5352
5356
5358
5362
5362
5366
5369
5369
5372
5376
5379
5383
5387
5390
5392
5394
5397
5401
5403
5404
5398
5401
5404
5408
5411
5414
5416
5415
5417
5420
5421
5422
5426
5428
5430
5434
5438
5438
5442
5445
5898
5899
5883
5882
5864
5857
5861
5857
5856
5853
5851
5847
5851
5855
5851
5854
5836
5837
5827
5831
5824
5817
5815
5808
5805
5796
5765
5760
5754
5758
5757
5
10
12
18
24
22
38
42
16
46
53
65
53
56
36
56
74
54
54
71
58
61
64
60
110
63
63
66
70
94
73
77
129
83
134
79
132
83
86
88
5
89
172
92
172
96
98
163
167
105
174
106
107
178
108
110
174
114
117
225
118
114
227
118
121
238
120
239
116
240
119
120
238
120
241
122
245
125
129
274
133
276
137
280
136
139
282
141
289
143
146
268
142
265
146
272
150
152
287
155
150
146
145
301
148
290
149
289
145
148
287
147
291
151
151
286
155
297
159
160
388
159
158
161
315
164
311
168
290
166
136
167
171
398
175
388
179
364
182
358
185
357
189
193
360
194
362
196
200
365
204
355
206
357
209
339
213
335
217
311
221
224
296
227
504
228
231
510
512
513
452
528
536
532
536
544
544
555
552
557
553
558
561
559
561
553
548
551
416
403
409
706
686
580
690
583
689
686
425
690
678
432
682
605
683
684
611
684
614
687
691
772
695
772
699
776
682
654
618
620
750
606
749
593
593
806
596
813
589
584
679
587
672
585
830
588
587
787
590
778
593
587
851
583
807
581
582
806
576
811
575
803
796
806
810
802
777
778
782
790
793
797
796
789
784
778
776
772
763
762
756
754
744
748
739
742
1035
757
759
1053
1056
1059
1061
1059
1066
1070
1074
1076
1075
1080
1082
1076
1079
1083
1081
1085
1080
1084
1088
1092
1096
1100
1104
1205
1209
1209
1213
1220
1219
1223
1223
1234
1242
1242
1233
1229
985
1238
1199
1144
1133
1136
1298
1302
1154
1257
1154
1263
1338
1344
1344
1349
1352
1355
1356
1294
1326
1325
1308
1244
1241
1352
1415
1422
1440
1444
1448
1452
1458
1459
1421
1292
1548
1542
1546
1547
1550
1461
1465
1480
1477
1484
1410
1419
1417
1400
1390
1384
1386
1385
1537
1541
1549
1552
1555
1557
1560
1563
1567
1571
1575
1576
1580
1582
1585
1587
1594
1742
1740
1517
1751
1757
1756
1764
1767
1771
1775
1775
1773
1777
1777
1777
1775
1777
1780
1781
1784
1788
1788
1870
1875
1741
1747
1749
1759
1755
1758
1761
1764
1765
1767
1771
1773
1777
1916
1923
1892
1901
1894
1882
1894
1968
1966
1906
1902
1897
1901
1902
1904
1908
1911
1914
1914
1918
1920
1919
1923
1927
1930
1929
1931
1935
1934
1937
1941
1945
1948
1949
1959
1963
1965
1965
1969
1977
1981
1981
1984
1986
1987
1986
1990
1992
1996
1997
1997
2001
1996
2000
2002
2233
2235
2239
2240
2246
2249
2251
2255
2253
2251
2255
2259
2261
2265
2266
2378
2252
2284
2287
2269
2299
2302
2303
2303
2306
2310
2309
2312
2314
2315
2317
2317
2321
2324
2327
2323
2320
2321
2324
2326
2327
2329
2332
2336
2336
2336
2335
2339
2336
2340
2341
2344
2350
2353
2356
2360
2364
2367
2375
2378
2381
2384
2388
2392
2396
2393
2391
2394
2397
2399
2399
2403
2402
2405
2409
2412
2700
2703
2699
2700
2701
2704
2707
2711
2715
2719
2722
2723
2722
2726
2728
2730
2734
2731
2734
2736
2740
2744
2746
2749
2750
2753
2753
2758
2762
2763
2762
2765
2769
2770
2774
2776
2777
2781
2785
2788
2792
2795
2794
2796
2800
2801
2805
2803
2806
2808
2812
2807
2809
2813
2814
2816
2820
2823
2824
2826
2824
2828
2828
2828
2832
2825
2829
2833
2837
2841
2843
2843
2845
2847
2847
2851
2850
2851
2855
2858
2861
2865
2867
2869
2872
2873
2876
2874
2877
2881
2885
2889
2892
2894
2898
2900
2903
2906
2909
2913
2914
2915
3098
3102
3106
3110
3113
3112
3111
3113
3108
3112
3116
3117
3121
3125
3127
3128
3129
3133
3135
3139
3141
3145
3143
3143
3147
3148
3150
3153
3156
3157
3161
3161
3165
3165
3169
3173
3174
3177
3181
3184
3188
3191
3532
3536
3537
3536
3540
3539
3535
3531
3533
3537
3540
3541
3545
3542
3546
3549
3549
3553
3554
3558
3561
3559
3563
3567
3571
3572
3575
3572
3576
3579
3580
3582
3585
3586
3580
3561
3563
3561
3559
3556
3552
3554
3543
3546
3550
3548
3540
3542
3543
3542
3544
3546
3550
3552
3556
3556
3555
3559
3562
3563
3567
3562
3838
3837
3841
3844
3848
3852
3856
3857
3861
3862
3863
3867
3871
3874
3869
3872
3874
3876
3879
3877
3880
3881
3882
3884
3888
3892
3896
3896
3900
3903
3907
3906
3908
3912
3915
3919
3913
3917
3921
3920
3922
3922
3926
3925
3929
3933
3931
3935
3939
3943
3946
3950
3954
3956
3957
3961
3965
3967
3967
3970
3967
3971
3969
3973
3977
3980
3980
3983
3982
3982
3982
3984
3987
3987
3979
3983
3984
3986
3987
3991
4183
4187
4191
4191
4191
4185
4188
4192
4196
4200
4193
4195
4199
4198
4194
4196
4192
4196
4190
4190
4190
4182
4185
4189
4190
4183
4187
4191
4194
4191
4738
4738
4721
4691
4659
4650
4590
4565
4541
4508
4509
4863
4841
4838
4820
4795
4778
4727
5348
5351
5355
5357
5360
5364
5357
5360
5363
5363
5366
5370
5374
5378
5382
5386
5390
5394
5398
5402
5403
5406
5410
5413
5417
5412
5414
5415
5413
5415
5419
5423
5423
5425
5418
5421
5424
5425
5424
5426
5429
5432
5430
5433
5436
5437
5441
5445
5446
5450
5454
5456
5460
5464
5468
5472
5473
5477
5480
5479
5482
5483
5486
5490
5494
5498
5501
5504
5501
5503
5503
5502
5506
5510
5513
5516
5518
5517
5520
5523
5527
5529
5533
5537
5540
5540
5542
5546
5549
5553
5549
5546
5550
5548
5550
5554
5558
5559
5560
5564
5565
5568
5568
5564
5567
5568
5570
5574
5578
5582
5584
5
11
16
11
38
30
33
40
30
33
39
58
37
40
17
74
21
32
16
12
15
94
97
15
100
15
8
9
6
5
128
6
135
123
139
28
13
152
163
22
19
178
11
175
27
193
28
197
22
25
201
21
201
11
154
30
141
26
115
29
31
31
40
32
36
242
40
36
260
31
34
258
38
254
38
257
40
283
34
37
294
37
288
38
40
282
43
285
299
303
320
306
323
310
311
305
315
317
348
321
322
326
347
326
351
327
329
346
326
319
330
334
317
337
316
337
341
384
345
366
345
370
349
348
341
351
355
356
350
359
459
357
356
359
355
362
365
328
368
440
371
369
441
372
287
374
371
449
373
503
377
374
442
369
267
371
260
369
370
365
537
366
368
371
370
373
511
375
378
514
382
518
382
526
385
529
387
533
388
537
392
541
396
545
395
396
614
392
396
618
397
621
400
370
404
656
403
400
662
403
592
403
589
406
410
680
413
662
415
419
696
423
425
703
428
702
431
668
434
667
664
718
721
751
584
676
547
700
562
698
682
804
689
620
752
849
771
769
873
875
880
798
802
903
906
912
917
917
927
930
932
936
939
940
942
945
944
890
887
986
982
908
992
992
995
1003
1002
1007
1011
1014
1019
1023
1027
1034
1037
1040
1044
1048
1052
1057
1056
1059
1063
1067
1071
1075
1079
1081
1085
1092
1095
1099
1106
1109
1110
1114
1118
1119
1123
1127
1131
1133
1137
1140
1144
1151
1158
1162
1166
1168
1168
1171
1174
1178
1181
1185
1188
1192
1196
1195
1199
1202
1206
1205
1208
1215
1216
1219
1221
1221
1225
1228
1230
1228
1229
1232
1234
1237
1237
1241
1245
1248
1248
1252
1256
1264
1267
1266
1278
1279
1282
1286
1289
1293
1296
1297
1297
1301
1305
1309
1311
1310
1312
1315
1318
1318
1317
1577
1579
1583
1581
1582
1583
1576
1575
1567
1569
1572
1575
1573
1570
1570
1574
1571
1575
1575
1572
1571
1572
1574
1574
1572
1571
1574
1570
1568
1570
1574
1572
1576
1579
1583
1587
1591
1588
1590
1590
1593
1596
1596
1600
1603
1611
1614
1616
1620
1624
1627
1628
1636
1637
1638
1639
1643
1647
1651
1655
1658
1661
1661
1983
1973
1976
1978
1981
1985
1987
1991
1995
1998
2002
2006
2003
2009
2011
2013
2016
2020
2021
2022
2026
2030
2032
2035
2037
2039
2043
2047
2049
2053
2057
2059
2063
2065
2069
2070
2073
2073
2076
2078
2085
2087
2091
2093
2096
2100
2104
2108
2111
2109
2113
2116
2120
2115
2118
2121
2125
2129
2129
2133
2137
2135
2138
2141
2145
2141
2144
2148
2151
2155
2158
2162
2166
2170
2173
2177
2177
2177
2180
2183
2183
2185
2189
2188
2192
2192
2193
2197
2198
2202
2205
2207
2214
2218
2215
2218
2217
2221
2225
2222
2226
2229
2409
2413
2417
2417
2421
2424
2420
2415
2418
2422
2426
2428
2432
2436
2439
2443
2447
2450
2453
2457
2461
2464
2465
2468
2465
2466
2469
2472
2475
2476
2476
2477
2480
2482
2486
2481
2485
2486
2490
2491
2494
2498
2499
2498
2496
2500
2501
2504
2508
2512
2515
2518
2522
2525
2522
2525
2528
2527
2528
2532
2736
2721
2722
2688
2690
3027
2957
2939
2921
2919
2802
2786
2790
3086
3087
3089
3092
3092
3095
3097
3100
3101
3097
3101
3102
3105
3103
3106
3109
3109
3112
3109
3113
3108
3110
3111
3113
3117
3121
3122
3126
3129
3132
3131
3134
3133
3135
3137
3141
3144
3147
3150
3151
3154
3156
3160
3157
3153
3154
3151
3146
3139
3138
3135
3127
3129
3130
3134
3134
3138
3140
3138
3137
3141
3140
3138
3130
3428
3427
3431
3434
3438
3441
3441
3445
3443
3447
3450
3453
3456
3458
3462
3464
3466
3468
3471
3474
3476
3480
3476
3480
3484
3487
3486
3490
3493
3495
3493
3493
3497
3500
3500
3503
3507
3511
3515
3519
3523
3525
3523
3526
3529
3533
3537
3541
3542
3546
3545
3544
3548
3551
3555
3554
3558
3560
3561
3565
3569
3572
3575
3574
3576
3580
3583
3584
3584
3587
3588
3592
3596
3600
3602
3606
3610
3612
3616
3623
3623
3627
3628
3632
3636
3640
3644
3648
3651
3653
3655
3656
3657
3660
3664
3667
3665
3669
3669
3672
3676
3680
3684
3685
3686
3690
3694
3694
3698
3702
3706
3710
3713
3716
3717
3720
3722
3725
3728
4070
4072
4076
4078
4082
4084
4085
4089
4093
4097
4100
4103
4107
4111
4113
4115
4118
4120
4123
4126
4130
4134
4136
4140
4143
4143
4147
4150
4152
4156
4157
4161
4164
4166
4169
4173
4175
4176
4180
4184
4186
4189
4191
4192
4196
4199
4200
4204
4201
4205
4204
4208
4208
4212
4216
4220
4224
4228
4232
4234
4235
4237
4239
4242
4231
4232
4234
4238
4242
4245
4249
4253
4256
4258
4258
4255
4258
4261
4259
4260
4263
4267
4271
4275
4278
4280
4282
4282
4283
4287
4291
4295
4299
4300
4303
4304
4308
4310
4307
4308
4309
4307
4309
4312
4313
4317
4320
4601
4595
4590
4592
4584
4580
4571
4575
4572
4575
4579
4583
4587
4586
4585
4587
4590
4593
4594
4587
4587
4591
4594
4597
4596
4600
4590
4594
4598
4597
4600
4599
4598
4599
4592
4596
4598
4601
4603
4607
4603
4600
4599
4601
4601
4595
4597
5497
5493
5492
5471
5468
5467
5463
5464
5468
5470
5473
5475
5470
5457
5455
5445
5426
5423
5426
5430
5430
5433
5666
5642
5523
7333
7328
7323
7320
7323
7319
7314
7309
7306
7304
7303
7307
7305
7305
7299
7297
7299
7303
7295
7291
7293
7284
7286
7251
7231
7235
7234
7235
7211
7215
7216
7220
7214
5
11
22
31
30
29
43
45
43
46
52
42
43
53
51
69
55
80
56
55
66
57
60
91
63
63
100
65
72
68
72
77
75
74
78
86
73
137
141
139
146
149
163
144
165
146
149
177
155
158
162
161
162
193
166
197
166
201
166
205
171
226
170
163
226
167
196
248
234
238
260
182
262
266
254
161
278
268
266
165
197
275
243
245
247
227
252
41
256
312
260
318
267
304
271
274
348
273
271
276
280
304
280
249
369
370
253
233
389
227
395
212
210
324
218
219
326
196
326
423
326
326
183
329
166
333
168
337
450
333
452
337
455
341
479
336
338
469
342
340
346
501
344
502
348
505
508
355
512
359
516
363
519
367
521
369
528
372
532
376
536
380
540
383
541
391
543
390
544
390
546
390
550
394
557
398
400
562
402
564
406
402
572
406
574
410
413
417
596
407
406
596
407
599
409
600
412
604
415
608
419
611
422
613
421
615
425
610
429
614
431
609
438
609
442
610
446
608
450
603
454
606
458
598
462
600
464
601
468
604
472
608
477
710
479
483
714
487
718
489
718
490
722
489
723
493
496
730
500
734
504
736
506
739
510
743
510
742
740
828
741
832
744
815
748
811
751
810
810
756
812
752
813
756
816
760
818
764
814
767
809
771
803
774
805
776
788
779
785
783
785
786
780
787
766
788
765
767
762
801
759
805
763
808
766
811
765
814
766
810
758
814
756
818
751
816
748
817
738
821
736
825
739
828
742
832
739
835
736
839
737
846
731
849
725
850
853
857
857
859
862
864
991
866
994
997
872
1001
871
1005
874
1002
871
1000
875
993
979
878
962
880
938
884
925
890
929
884
933
885
915
888
914
888
918
892
921
894
925
897
929
896
933
899
933
900
931
904
929
908
932
909
934
913
936
913
938
916
936
919
936
921
942
928
946
949
933
952
935
953
939
950
938
954
941
953
945
956
949
953
1173
1158
1144
1139
1118
1291
1221
1219
1222
1187
1141
1139
1167
1369
1372
1379
1382
1385
1391
1395
1383
1383
1385
1380
1359
1358
1359
1360
1354
1363
1367
1475
1479
1373
1483
1373
1487
1374
1482
1378
1486
1378
1488
1359
1491
1363
1495
1367
1499
1371
1502
1367
1506
1363
1509
1367
1508
1369
1510
1369
1504
1372
1507
1374
1511
1357
1514
1358
1517
1359
1521
1351
1522
1525
1356
1529
1533
1359
1534
1363
1536
1364
1537
1366
1541
1370
1539
1373
1540
1377
1544
1381
1546
1385
1547
1386
1550
1389
1554
1391
1557
1394
1557
1396
1560
1396
1557
1400
1558
1400
1561
1401
1565
1402
1569
1573
1466
1577
1458
1581
1585
1456
1588
1429
1591
1591
1650
1595
1651
1599
1558
1603
1557
1606
1551
1603
1604
1552
1605
1526
1609
1503
1613
1482
1614
1616
1620
1624
1618
1619
1623
1625
1624
1628
1835
1631
1832
1623
1836
1618
1838
1622
1840
1624
1839
1625
1843
1626
1831
1628
1830
1632
1834
1634
1832
1637
1825
1640
1816
1644
1818
1648
1822
1651
1824
1655
1820
1658
1823
1658
1816
1662
1804
1666
1801
1665
1802
1669
1789
1659
1791
1662
1795
1662
1785
1663
1747
1667
1747
1668
1748
1744
1746
1746
1744
1742
1724
1717
1999
1998
1999
2002
2006
2010
2012
2016
2018
2022
2025
2028
2032
2036
2035
2035
2029
2033
2030
2034
2038
2041
2039
2043
2045
2049
2052
2056
2060
2063
2066
2062
2066
2068
2072
2076
2075
2079
2083
2087
2090
2094
2096
2099
2101
2098
2097
2098
2102
2105
2107
2110
2114
2112
2111
2115
2119
2120
2119
2123
2126
2126
2130
2134
2134
2138
2142
2146
2150
2151
2155
2159
2163
2160
2163
2165
2163
2165
2166
2170
2168
2170
2169
2171
2170
2174
2178
2182
2186
2189
2192
2196
2196
2199
2202
2206
2210
2214
2216
2222
2226
2228
2231
2613
2377
2332
2416
2408
2402
2369
2371
2375
2360
2682
2680
2683
2687
2690
2694
2698
2699
2700
2704
2707
2711
2715
2719
2723
2725
2727
2730
2733
2734
2727
2730
2727
2728
2730
2734
2738
2739
2743
2746
2750
2754
2757
2761
2763
2763
2764
2766
2765
2767
2762
2766
2768
2770
2773
2773
2772
2772
2773
2771
2770
2774
2776
2777
2776
2776
2779
2780
2784
2784
2787
2786
2785
2785
2787
2785
2788
2789
2787
2791
2791
2795
2798
2792
2796
2797
2798
2796
2798
2802
2806
2809
2810
2808
2811
2811
2813
2816
2818
2822
2822
2825
3226
3222
3226
3216
3220
3224
3225
3215
3218
3222
3224
3228
3231
3234
3238
3237
3238
3227
3228
3228
3225
3221
3225
3228
3228
3223
3225
3221
3220
3218
3222
3223
3226
3229
3232
3233
3612
3616
3620
3619
3622
3625
3626
3629
3632
3636
3640
3642
3646
3649
3652
3655
3656
3659
3662
3658
3661
3664
3667
3668
3668
3670
3672
3674
3678
3682
3685
3689
3692
3695
3696
3694
3695
3698
3702
3706
3708
3710
3714
3718
3722
3725
3729
3733
3736
3740
3744
3747
3751
3746
3742
3746
3749
3753
3756
3756
3760
3761
3765
3767
3770
3774
3773
3777
3781
3783
3784
3787
3791
3791
3789
3792
3796
3792
3791
3794
3798
3802
3802
3805
3807
3811
3814
3813
3816
3819
3821
3823
3820
3823
3810
3808
3807
3809
3813
3817
3820
3824
3827
3831
3828
3832
4244
4195
4190
4168
4156
4118
4121
4123
4124
4128
4116
4117
4119
4123
4123
4091
4072
