4
6
13
14
12
14
4
8
18
30
26
7
15
39
11
18
21
13
25
62
48
56
18
33
42
42
32
47
39
50
73
33
16
45
68
32
95
17
37
11
14
26
37
11
5
61
75
47
73
33
80
83
62
62
79
75
127
41
58
60
53
10
20
29
29
62
79
94
51
124
12
19
121
104
96
103
119
119
45
106
39
174
102
45
121
108
24
156
43
103
123
42
148
33
158
48
105
164
71
123
116
147
13
35
89
4
10
36
110
103
165
68
73
154
12
11
48
110
151
6
161
183
127
9
184
103
163
201
162
240
147
84
33
110
196
167
236
110
60
33
149
231
54
146
90
126
123
99
235
76
102
96
80
76
56
108
105
159
114
74
79
66
149
261
233
133
116
242
194
77
141
221
62
46
131
8
195
223
127
55
247
99
67
114
24
280
145
209
60
283
219
35
68
247
167
86
40
89
100
68
84
54
169
37
215
119
159
167
141
136
212
88
15
84
101
17
51
216
323
30
254
157
41
177
99
156
83
27
96
157
67
274
195
36
364
94
114
174
193
128
202
173
84
317
366
237
39
188
252
119
195
97
207
205
41
117
99
106
270
14
75
334
178
206
7
200
203
134
185
102
206
8
153
315
355
49
366
72
63
287
74
11
9
126
135
165
163
8
174
242
98
129
349
209
129
43
198
147
164
172
375
98
484
220
101
198
166
171
121
104
241
220
76
153
44
224
376
118
446
242
291
92
246
28
73
246
89
209
174
300
95
267
348
382
137
92
469
191
162
401
189
133
183
47
130
121
238
276
218
146
459
164
245
106
196
202
283
267
489
216
458
184
34
155
283
109
81
213
219
306
132
242
136
158
177
100
530
361
348
297
174
354
107
172
279
383
153
217
378
482
529
201
222
488
199
295
122
217
135
332
379
289
152
523
237
171
270
266
173
245
285
467
225
312
318
329
387
225
349
178
270
479
278
453
398
210
421
224
245
303
257
233
457
325
627
291
555
238
212
310
319
376
531
311
302
314
287
484
324
357
303
417
318
487
340
293
273
426
306
279
429
398
684
327
623
351
306
457
453
371
496
325
435
569
400
403
364
442
468
712
666
515
403
572
423
450
437
496
444
777
564
461
509
513
541
809
596
837
649
748
4
16
8
17
12
8
6
32
13
13
30
36
53
29
36
45
12
49
37
56
39
57
7
43
22
9
5
44
21
53
53
71
13
17
59
76
19
76
82
42
52
61
65
74
58
57
76
63
45
93
23
10
73
14
56
63
69
70
32
62
63
91
57
36
61
68
67
99
149
59
62
89
53
31
6
119
22
71
115
30
78
97
61
31
100
45
162
42
35
148
55
90
81
69
34
99
144
167
146
156
39
170
178
110
66
65
46
82
33
141
45
107
120
38
24
82
101
155
82
90
140
98
9
250
77
116
5
45
226
16
144
61
4
195
246
146
182
137
207
128
189
138
78
106
100
126
39
152
149
75
173
101
230
125
114
23
119
232
148
165
257
163
72
256
135
74
75
69
25
26
21
61
200
194
82
217
226
101
83
83
120
88
199
174
164
16
8
88
68
178
160
282
136
217
175
218
202
292
196
175
38
112
79
112
252
143
312
133
225
266
149
112
116
110
78
243
246
133
202
245
165
327
157
96
212
126
70
93
103
185
108
200
137
329
278
188
231
353
285
44
207
98
222
145
104
49
124
78
147
81
71
88
284
87
192
33
290
309
26
304
197
165
333
185
69
350
294
405
42
337
51
121
182
87
215
129
137
83
100
136
72
201
280
262
33
148
336
56
294
300
238
113
72
26
184
65
117
305
138
339
347
244
138
366
21
411
360
117
287
191
185
123
33
57
251
60
432
182
502
183
392
210
207
6
121
363
224
96
66
141
219
378
346
165
196
269
68
170
392
294
200
329
150
332
100
53
128
387
355
329
169
376
287
438
137
129
326
193
331
198
197
141
103
273
240
268
44
230
456
93
276
384
346
101
194
204
260
464
222
295
193
557
200
365
452
369
301
118
90
360
85
216
211
347
176
284
217
149
457
259
271
165
399
435
325
201
372
131
158
412
193
470
352
443
552
311
242
548
384
215
272
292
229
193
208
240
241
267
469
324
209
343
366
586
343
456
366
255
462
289
216
467
344
279
318
415
265
335
330
294
610
359
281
358
324
253
240
333
287
452
264
637
483
324
342
349
323
329
318
302
569
442
285
658
495
451
451
339
461
503
337
412
316
447
341
463
612
348
520
361
364
462
507
489
474
492
499
491
537
486
8
4
5
15
7
26
34
13
19
22
18
45
33
29
34
43
47
46
27
38
47
63
5
36
38
12
38
36
41
80
7
6
66
66
71
53
85
49
16
32
48
7
79
87
13
52
71
84
72
110
102
14
13
55
135
60
79
90
72
45
62
66
104
137
79
112
146
31
68
94
66
116
30
85
31
54
33
9
133
14
168
55
12
77
15
154
57
87
106
34
59
162
116
46
151
162
91
64
60
143
124
180
46
11
122
139
151
75
102
44
228
6
81
132
63
131
213
32
107
157
83
138
204
45
155
122
129
74
167
167
110
275
39
157
204
126
101
128
36
120
208
38
122
15
99
56
168
162
82
167
306
123
124
35
111
214
94
308
176
59
125
65
293
96
24
69
29
67
119
35
184
103
43
208
183
117
110
363
18
125
44
43
172
77
184
216
360
124
166
16
285
259
78
114
199
283
161
248
29
92
138
58
184
149
92
223
123
234
285
130
359
294
244
116
74
323
334
198
94
52
96
30
151
163
170
46
158
137
247
167
50
35
137
165
200
55
357
321
394
58
222
21
143
138
101
160
123
139
181
115
157
176
169
10
112
89
171
242
195
137
192
402
213
235
299
88
131
152
176
169
240
105
132
173
235
139
145
204
346
130
312
233
39
231
66
342
27
127
98
213
312
173
195
218
142
141
131
173
110
316
104
273
97
166
96
411
330
273
49
147
159
491
130
77
78
506
272
315
175
225
394
155
247
249
161
165
346
260
27
334
479
184
306
347
171
173
64
381
121
229
111
199
241
314
214
250
173
283
287
193
182
227
301
100
60
177
297
424
164
319
43
577
408
223
200
124
250
196
332
431
294
311
209
576
364
383
328
201
325
248
258
186
390
255
312
213
387
298
235
217
367
316
270
238
325
312
236
322
362
410
186
132
377
202
123
321
285
206
430
224
212
171
308
297
142
160
440
153
317
400
270
329
173
298
390
191
642
268
407
184
581
222
334
417
201
323
393
274
261
285
207
426
322
238
317
231
254
518
448
524
386
417
357
292
357
346
340
319
424
324
331
301
391
299
394
449
406
484
460
489
477
428
359
361
300
324
408
423
347
522
388
425
449
347
520
444
434
394
416
358
388
486
374
386
387
482
453
430
474
521
5
8
20
9
10
33
34
6
18
47
36
46
20
21
41
26
22
54
11
58
9
55
21
54
35
54
40
58
68
47
76
51
74
13
30
59
33
77
82
9
45
105
15
29
39
38
33
52
60
55
81
102
18
60
43
46
60
8
28
84
100
87
55
70
47
47
152
17
63
16
18
62
83
59
72
87
100
45
4
136
142
116
75
152
100
171
20
53
114
59
129
25
34
16
128
64
105
34
188
25
132
163
27
72
162
80
19
80
36
76
110
98
41
90
97
127
190
163
78
81
112
11
248
29
77
17
141
24
127
85
168
135
32
146
80
7
149
57
117
159
208
144
36
60
157
84
61
89
31
187
153
4
79
255
109
110
109
245
171
77
110
46
202
205
167
109
77
182
143
113
257
107
125
198
37
122
167
193
181
101
104
75
138
179
119
43
19
122
112
326
181
253
85
104
241
194
251
223
67
48
30
23
201
193
54
60
53
125
129
127
154
124
174
4
87
161
254
64
73
243
166
52
184
144
66
167
184
83
199
189
168
224
387
115
230
95
94
201
243
193
73
242
73
272
260
342
258
159
10
271
185
24
101
153
223
119
190
229
326
14
78
384
366
123
53
311
183
132
138
126
53
180
349
139
239
175
150
188
104
77
298
287
113
294
382
185
185
58
24
165
227
101
63
304
263
326
384
291
195
62
131
242
70
159
266
200
159
163
339
98
388
105
89
477
424
16
166
220
116
171
85
44
203
194
163
96
356
224
241
39
110
275
180
398
360
217
310
225
244
77
137
150
43
273
49
117
416
35
330
39
410
461
327
247
121
189
311
44
259
102
206
224
206
70
418
217
506
131
120
596
341
235
306
53
214
85
103
82
165
340
303
287
126
211
388
384
462
255
399
292
259
177
84
170
157
323
91
113
439
126
118
102
140
495
430
262
250
226
280
406
318
194
240
337
211
443
250
519
201
221
518
340
253
296
245
175
324
374
217
234
491
455
245
298
448
393
246
273
351
321
529
254
292
241
324
372
253
276
246
452
521
295
598
280
316
330
320
265
267
392
271
328
582
450
355
423
465
323
382
575
309
326
510
495
668
330
367
375
359
550
519
369
493
538
521
385
447
439
739
446
469
439
500
454
696
632
690
727
754
811
5
10
7
6
17
18
32
36
7
14
9
45
22
51
45
36
36
47
44
47
53
51
28
10
43
25
46
71
23
59
46
49
21
64
63
56
34
23
35
67
65
64
80
34
57
44
71
18
53
63
115
73
65
45
58
61
97
58
132
73
88
128
134
64
92
68
19
76
66
78
61
98
94
127
108
108
118
81
118
80
66
130
131
36
105
91
101
37
38
26
156
150
27
110
154
112
48
159
66
92
129
93
172
89
22
170
27
192
228
32
176
114
113
126
33
42
59
163
18
136
171
41
146
56
181
213
133
54
70
103
237
104
199
21
103
81
94
58
162
242
185
200
198
157
81
145
135
175
5
61
101
112
73
149
268
163
251
34
119
83
132
277
57
112
147
89
344
85
297
205
77
196
61
85
56
242
227
265
23
85
48
115
240
9
11
198
208
149
199
187
236
212
216
115
182
51
262
154
174
160
204
119
286
186
159
158
125
261
157
90
159
178
204
95
49
351
228
275
448
133
247
291
74
206
172
14
185
57
4
325
117
78
180
58
249
169
123
28
110
70
342
61
34
295
241
186
206
173
314
27
314
255
185
239
249
107
141
391
4
230
115
203
300
53
276
32
234
431
210
307
135
39
140
155
90
323
106
563
143
355
114
389
68
329
339
88
40
143
198
414
431
180
102
30
241
252
220
52
327
169
146
180
63
327
230
282
89
170
107
302
124
191
379
504
348
305
319
260
298
70
98
18
239
97
161
76
216
497
657
390
415
111
457
74
290
79
19
18
111
144
487
278
207
48
232
324
105
69
225
375
87
53
337
204
376
508
262
197
385
339
139
311
572
455
178
252
123
200
219
124
229
519
166
452
379
99
394
159
425
106
215
227
271
293
170
260
115
684
397
528
232
581
488
395
195
125
360
237
191
613
478
162
181
276
280
185
223
441
425
453
346
366
275
485
232
241
229
429
242
206
308
231
735
404
553
607
553
456
265
654
203
278
328
211
348
432
384
514
226
230
480
503
262
271
358
430
439
259
271
416
303
458
312
442
271
348
411
805
381
388
282
479
292
413
488
711
304
493
504
432
573
332
456
739
484
381
485
718
533
380
422
522
408
382
397
704
425
427
711
577
456
541
447
445
560
534
582
566
585
506
6
15
22
6
12
18
10
36
20
31
41
47
24
54
38
22
38
58
55
49
7
58
32
9
20
47
16
23
53
82
24
24
39
47
23
89
72
92
85
69
19
85
39
23
11
34
47
77
51
48
47
24
7
54
48
6
49
43
37
54
66
68
90
12
6
140
39
90
64
45
75
55
68
18
44
136
33
122
94
93
46
107
56
64
70
48
74
58
65
155
76
32
53
40
48
104
30
111
57
75
106
8
60
38
55
164
120
60
49
125
128
106
150
154
117
15
104
139
134
20
188
33
174
126
149
4
178
159
60
242
102
78
87
85
158
91
100
172
92
119
153
88
68
125
145
220
152
113
69
176
102
139
132
76
128
218
172
131
177
171
123
81
162
156
120
144
164
73
163
118
206
27
117
241
157
146
287
114
93
99
274
145
111
74
134
185
60
151
22
27
279
35
136
94
66
269
230
40
58
57
155
86
232
33
140
210
171
174
17
59
96
124
132
263
78
156
139
114
156
52
224
308
131
86
247
97
288
30
117
111
56
61
267
205
100
74
153
250
215
295
281
127
29
92
328
262
49
69
165
135
220
302
250
232
243
97
126
324
38
115
202
221
379
78
310
140
104
235
214
214
342
191
303
303
73
320
162
70
214
183
111
82
274
308
322
165
436
170
27
104
403
242
169
130
46
32
249
33
158
129
304
200
264
46
189
129
89
316
336
100
113
166
245
109
314
281
414
124
155
141
387
173
317
315
49
242
447
130
97
229
140
195
48
113
203
411
32
205
282
51
383
397
257
76
66
57
507
168
141
274
37
177
276
257
114
366
155
189
96
161
121
374
151
142
110
50
355
68
47
312
119
301
518
222
253
201
442
289
369
142
112
275
529
220
159
185
238
287
158
219
294
464
260
170
165
358
341
112
375
116
109
484
213
146
214
273
290
353
172
451
183
157
199
255
456
205
147
448
302
411
611
208
280
308
475
315
206
545
280
266
208
234
314
233
304
382
552
301
264
427
363
440
388
244
291
322
395
454
279
254
285
248
416
364
383
484
680
313
393
533
369
481
354
323
397
406
542
373
329
465
411
512
332
386
444
405
406
513
674
398
578
432
435
379
427
416
420
505
449
390
399
418
439
694
504
556
724
548
724
679
10
5
18
15
21
5
23
16
24
38
33
35
8
20
23
33
51
54
39
58
12
45
48
51
6
77
36
34
82
61
79
30
77
65
67
101
78
91
17
43
56
66
78
53
49
109
75
23
96
116
39
19
95
105
120
73
40
24
95
61
33
26
71
115
125
57
72
137
80
29
55
92
73
14
103
42
11
109
92
79
67
17
169
61
20
112
94
4
64
29
185
96
136
34
156
197
43
119
103
50
11
99
209
105
163
27
66
94
43
75
122
59
124
100
8
78
14
125
18
69
35
142
15
218
145
68
238
95
31
120
143
202
152
17
191
176
113
60
151
189
114
90
164
141
99
141
30
76
187
147
60
160
144
71
154
174
54
167
186
128
178
170
135
183
89
44
195
77
163
128
77
112
226
127
151
4
189
105
31
184
143
28
105
148
38
131
175
222
63
143
88
116
136
211
15
41
73
194
200
232
210
243
61
111
107
93
258
271
24
104
55
136
146
37
52
285
241
89
293
132
131
64
148
9
48
237
176
143
63
235
92
72
262
24
230
207
262
113
242
41
288
38
163
195
121
200
287
74
30
125
268
102
277
85
88
231
156
194
353
326
100
60
212
21
218
115
320
306
40
371
34
223
241
4
229
119
312
139
161
150
77
292
43
148
102
96
114
42
224
99
286
187
142
242
8
371
60
226
280
217
297
404
138
352
136
326
103
154
257
167
111
27
310
364
61
83
113
138
302
67
330
249
160
82
328
354
49
253
86
189
224
126
377
54
36
66
69
146
253
171
280
180
166
114
58
407
85
153
389
329
395
482
89
220
433
195
315
177
177
90
68
318
231
222
75
364
454
113
92
120
164
228
132
407
158
355
234
84
167
268
463
132
61
104
82
117
233
444
148
126
257
185
217
379
279
258
94
141
436
123
229
180
398
497
304
123
286
523
193
374
212
221
116
325
314
263
456
544
194
204
309
197
377
202
150
165
164
537
237
215
320
500
228
197
263
335
337
196
530
238
249
479
596
333
350
489
350
309
423
293
532
624
284
274
351
258
254
605
258
263
299
280
341
336
338
284
604
292
321
502
664
405
406
564
371
509
599
585
339
429
497
383
402
610
542
717
389
431
597
624
436
610
576
656
551
472
632
581
607
627
6
8
6
11
5
30
13
15
16
41
32
27
44
36
40
41
37
5
13
17
65
25
25
64
37
39
45
42
42
53
49
25
72
4
38
68
19
25
72
81
91
18
68
94
100
119
26
17
72
12
23
66
75
60
76
122
55
86
72
77
114
16
83
112
16
42
101
39
135
133
71
149
100
31
131
67
46
73
128
104
66
98
48
165
78
40
35
113
102
76
37
71
65
116
137
83
124
109
179
206
70
10
46
120
26
15
97
110
50
49
128
107
22
74
53
137
164
183
211
50
63
117
97
157
127
73
87
64
129
107
128
137
61
102
145
198
94
145
266
162
217
98
31
33
219
80
106
202
181
117
171
35
61
132
51
149
187
116
68
127
125
33
93
100
148
53
125
34
127
167
106
127
189
55
145
190
270
138
195
129
210
17
158
226
129
104
122
97
155
174
140
109
147
95
174
158
167
93
159
27
366
104
293
14
55
187
165
272
161
83
260
199
266
91
137
280
190
127
174
7
253
164
127
104
29
407
352
48
178
288
37
44
178
74
209
163
253
247
165
115
279
174
115
169
151
247
248
185
139
110
355
252
157
180
61
312
75
278
129
294
214
162
111
353
307
246
199
25
148
203
299
215
220
28
69
252
20
227
303
190
224
161
273
156
317
237
322
434
306
171
138
101
346
197
217
237
264
245
335
56
245
169
160
109
269
409
291
178
151
68
210
381
371
212
159
286
159
321
284
18
352
75
279
165
119
45
319
136
133
23
373
405
149
311
178
153
298
123
233
537
229
305
77
101
80
225
370
161
243
263
98
262
373
517
334
220
317
210
458
223
398
237
156
186
203
350
152
457
451
386
270
367
441
390
199
302
361
91
357
329
212
214
151
209
345
148
187
339
246
180
337
152
167
322
283
164
559
353
218
546
181
314
404
498
164
211
170
181
487
289
505
235
292
381
367
228
229
423
269
606
317
342
321
482
544
451
514
395
276
440
237
534
340
539
467
581
291
250
530
349
592
333
452
284
286
476
693
370
371
370
569
622
374
353
419
469
315
623
373
614
494
633
531
355
580
374
515
505
443
414
561
647
433
499
550
697
653
524
671
576
606
569
462
629
668
465
501
734
720
574
557
725
574
641
779
629
829
816
873
907
5
5
11
21
27
13
16
32
38
45
8
17
17
32
29
44
49
47
51
49
62
38
4
63
60
28
11
60
19
18
33
7
31
29
26
71
29
70
26
43
28
45
87
50
11
62
114
28
61
87
20
35
110
68
61
51
30
110
101
42
17
85
33
104
71
126
74
31
39
48
39
69
94
63
73
75
24
85
25
104
137
71
73
114
49
93
39
54
122
122
106
43
96
107
152
104
114
78
117
123
30
48
123
99
57
132
96
10
193
149
56
98
89
60
159
154
92
66
86
76
70
190
79
22
12
200
100
38
14
123
188
89
52
132
80
54
184
17
78
248
52
98
87
116
169
127
26
82
191
6
171
189
21
219
139
152
140
54
94
71
246
194
90
159
70
34
112
213
302
68
120
85
175
85
93
100
169
27
219
121
214
105
114
210
80
300
97
86
91
232
125
128
90
133
212
54
268
150
216
161
86
107
33
274
282
74
159
69
119
185
293
282
21
197
147
289
76
132
157
55
43
202
190
262
138
162
285
208
315
139
99
106
149
41
124
71
53
217
57
62
66
202
155
146
14
123
348
62
91
143
60
224
215
154
163
241
231
39
264
170
73
249
224
40
311
179
43
140
177
141
81
387
142
370
90
190
145
135
255
347
205
305
114
51
251
100
440
157
97
257
234
223
222
120
251
6
152
65
302
191
162
352
339
388
285
148
138
110
48
278
358
59
281
209
308
191
471
125
150
502
278
129
217
212
238
322
128
277
170
367
213
393
202
168
412
142
37
334
149
390
95
86
218
330
203
81
155
281
514
45
169
123
248
224
316
142
348
279
137
265
118
68
137
164
208
317
184
347
360
198
173
317
77
239
259
133
123
202
248
140
124
490
93
341
235
263
188
433
331
225
433
173
500
272
309
231
402
150
289
506
374
239
243
187
326
369
303
364
294
568
452
252
246
213
433
338
288
294
390
229
254
652
378
292
533
364
402
362
258
366
269
316
214
282
233
283
457
239
466
242
454
231
308
453
219
359
282
456
273
306
263
299
277
280
334
290
336
266
310
610
302
518
326
321
520
332
519
420
302
327
578
398
354
319
348
469
343
486
555
578
450
394
628
440
403
489
484
598
634
497
698
490
579
533
739
633
793
669
835
703
12
14
24
35
36
34
21
28
44
44
24
52
27
31
10
7
38
12
58
8
8
9
5
48
48
38
62
62
52
5
35
38
103
56
56
20
73
16
104
79
54
21
100
93
93
74
60
51
19
61
51
80
62
91
41
48
97
107
38
154
50
105
86
90
9
112
138
73
110
14
54
66
113
83
106
56
93
77
13
20
46
140
74
109
27
132
113
149
46
111
100
103
130
219
132
166
128
187
50
197
179
39
90
114
179
199
63
118
78
105
81
204
51
97
68
159
169
142
22
20
75
33
160
131
137
74
45
69
78
145
117
144
200
114
110
88
138
161
192
210
85
174
119
275
202
191
246
58
46
211
11
162
189
164
43
208
84
51
218
229
34
121
15
116
89
83
41
175
117
197
79
20
89
197
206
202
4
175
205
108
194
64
69
100
160
118
5
60
177
70
40
142
280
251
132
187
35
187
225
241
73
302
85
139
286
192
121
206
65
360
159
117
126
305
254
167
58
50
275
123
268
75
134
213
189
83
127
201
152
205
109
192
116
203
249
244
255
246
88
258
272
281
197
353
192
174
257
231
32
13
302
448
308
151
326
80
236
95
138
125
137
304
321
96
39
162
23
406
30
273
233
264
167
257
218
39
355
236
132
207
84
135
382
158
135
276
78
232
293
293
261
43
262
104
193
132
145
62
301
124
101
354
258
201
391
334
404
198
392
397
308
81
350
130
100
229
111
204
559
360
113
99
254
155
417
356
86
157
201
150
258
376
433
317
170
327
86
162
15
156
408
72
15
148
390
424
18
326
182
266
359
248
299
234
313
274
418
395
154
97
323
629
57
189
94
271
118
452
417
143
233
190
94
315
322
135
325
126
95
368
330
452
280
161
191
329
414
121
230
199
259
465
459
206
249
168
428
152
248
483
520
157
338
308
468
386
279
319
281
473
307
214
364
171
366
519
396
178
442
465
392
214
611
443
346
381
409
338
217
273
438
384
421
201
308
438
365
299
601
375
313
271
429
327
250
534
339
369
266
489
331
249
316
335
369
531
410
593
481
290
358
282
614
423
580
515
351
528
523
320
444
456
704
347
359
415
458
634
359
348
428
486
485
379
383
388
390
455
671
423
407
429
636
662
492
605
518
643
707
723
5
6
20
12
4
25
29
24
36
14
30
44
24
51
5
30
9
30
47
39
50
46
16
21
19
9
21
59
56
62
23
59
20
76
42
43
17
60
23
28
55
7
11
71
15
105
6
59
25
68
110
72
62
77
7
125
85
45
77
45
11
58
129
35
65
75
49
58
53
53
63
150
58
11
23
23
30
33
71
20
41
34
161
121
66
29
33
83
92
90
97
67
8
39
92
22
12
74
110
105
94
143
33
187
34
129
14
197
224
82
114
102
103
5
95
37
22
117
177
36
113
103
108
69
115
40
113
85
56
17
68
126
68
21
211
81
136
104
278
110
64
50
16
74
171
107
116
4
22
131
123
74
167
157
28
77
147
38
107
137
183
29
23
44
160
221
78
229
109
18
81
186
161
67
159
39
163
117
128
86
97
27
108
125
162
74
24
21
161
205
44
5
126
49
125
16
93
261
96
80
317
42
232
30
82
39
142
202
304
185
118
150
130
134
101
20
124
196
111
36
154
179
176
123
165
212
83
271
313
101
156
179
191
96
303
6
161
284
73
148
148
64
172
312
105
23
209
195
121
212
135
198
19
140
8
78
27
37
139
252
114
236
316
118
25
245
173
290
38
54
18
259
241
173
159
184
205
111
92
122
213
100
117
215
49
141
83
276
51
104
208
80
329
180
284
111
288
91
273
123
138
39
135
243
282
105
177
34
25
339
84
321
205
235
250
147
247
482
116
205
85
61
84
322
314
235
351
315
328
127
221
91
20
311
215
288
192
334
272
290
217
281
341
100
186
334
107
277
58
133
9
258
134
111
506
62
139
62
369
146
172
504
132
416
88
324
342
338
89
115
96
307
385
156
335
118
250
344
314
230
86
339
328
188
145
183
299
237
167
267
160
231
175
283
133
205
223
419
291
226
184
155
422
221
220
271
214
336
175
431
249
387
227
290
266
423
180
180
323
486
176
369
213
450
361
387
165
454
445
263
233
281
460
428
205
211
496
468
390
419
302
206
306
244
269
319
388
284
433
234
339
245
395
264
422
550
294
469
375
509
429
320
339
535
392
291
401
359
464
308
351
348
471
339
462
339
430
522
524
356
498
484
573
396
504
419
530
414
414
469
575
462
556
577
475
496
529
592
643
695
6
15
11
16
21
20
19
33
35
39
29
29
42
30
37
19
51
37
39
54
43
11
43
40
66
65
43
26
38
56
21
16
4
80
29
10
45
62
75
54
38
75
99
56
63
98
61
59
51
89
72
95
20
12
130
34
40
53
36
35
48
138
82
87
82
117
128
81
37
99
30
134
34
30
62
144
154
52
99
85
20
88
85
99
6
72
113
13
18
180
49
84
107
7
52
69
106
53
100
46
61
159
165
158
50
83
36
69
120
139
134
127
100
60
53
25
96
124
75
59
186
136
194
131
209
74
68
119
152
173
46
156
100
195
125
112
174
138
92
119
19
60
152
127
119
50
140
61
166
228
108
223
194
57
99
45
122
210
189
62
108
213
82
106
86
186
171
218
131
61
205
153
152
124
149
146
247
220
221
84
33
227
150
49
200
150
70
209
18
116
92
76
274
147
49
170
151
207
98
220
57
155
169
150
218
119
20
146
98
249
215
119
65
21
49
132
52
263
33
84
200
74
173
250
251
177
196
209
174
340
134
341
91
293
105
22
77
45
372
25
181
272
349
125
245
45
252
97
257
213
116
146
227
304
82
14
321
78
118
146
270
105
341
421
136
176
300
239
220
232
310
272
79
86
273
92
57
301
171
51
137
277
292
291
332
177
159
227
141
96
56
332
272
105
187
159
77
331
123
90
161
72
256
405
14
237
127
205
73
161
97
194
110
21
83
365
257
366
45
275
406
183
257
302
102
298
191
121
198
425
4
90
329
173
181
174
266
79
40
445
281
270
308
74
88
376
432
21
42
495
72
182
438
168
205
297
134
40
599
425
191
168
206
160
189
152
366
585
431
413
157
269
382
212
369
189
480
174
147
411
445
395
373
290
334
360
211
265
146
166
123
231
153
134
322
409
145
277
265
240
335
148
569
355
158
324
326
349
297
414
423
449
213
475
178
372
363
369
215
186
582
191
447
451
222
393
437
273
271
499
370
315
304
413
639
442
250
410
405
417
479
468
393
275
556
270
353
462
662
532
406
449
353
372
412
344
709
522
335
486
467
500
405
428
612
485
716
508
527
396
777
530
477
444
453
474
609
505
749
576
470
795
536
543
516
544
668
805
619
726
582
587
729
838
719
645
879
941
967
972
5
12
10
22
12
11
11
36
34
19
24
40
21
41
44
50
5
23
47
46
45
42
73
10
16
22
7
55
64
49
52
54
26
38
60
14
62
50
12
61
77
35
15
26
61
35
97
30
62
108
26
87
71
28
67
79
87
44
15
86
137
137
61
49
31
53
28
77
74
81
137
36
52
96
37
49
79
73
100
21
93
9
40
30
65
20
119
132
79
124
179
105
29
150
21
50
56
100
148
101
62
112
204
201
131
23
117
35
99
138
135
157
21
76
174
196
108
163
71
140
28
73
113
53
79
81
44
141
33
119
219
118
174
155
58
174
58
63
101
71
133
113
212
267
115
164
128
179
88
169
285
47
60
190
224
97
54
165
92
171
15
231
89
298
85
155
24
109
124
182
124
28
254
142
138
243
128
20
83
249
168
124
174
161
120
225
106
137
42
151
38
43
277
82
41
155
265
149
115
126
213
356
49
213
62
157
325
203
345
161
34
133
152
167
48
189
208
26
216
185
62
107
125
237
93
184
103
176
65
97
252
47
140
95
60
43
240
112
67
278
96
343
84
246
26
100
422
164
193
343
219
363
256
127
232
255
91
128
206
198
43
150
441
98
104
141
58
144
65
307
181
173
271
277
265
99
243
291
343
371
121
181
114
203
416
163
66
141
359
50
152
122
255
5
100
99
204
68
80
65
477
36
48
44
21
543
126
245
73
272
250
249
330
336
221
43
325
114
197
110
40
266
157
112
191
90
159
142
89
127
13
248
170
75
228
108
17
73
133
109
112
103
416
129
590
383
255
342
312
165
85
330
93
98
141
525
177
132
281
309
94
277
162
24
68
118
249
226
189
162
85
72
527
179
147
145
136
408
46
202
211
432
263
64
456
271
85
470
169
284
211
136
539
287
165
158
250
149
264
291
94
176
99
245
219
188
462
92
182
214
167
576
248
384
257
478
486
280
454
479
212
156
139
279
197
385
185
184
189
226
302
149
185
369
627
331
264
476
234
371
287
252
568
252
239
208
512
249
235
342
223
391
536
211
223
555
516
223
284
267
250
268
328
568
250
242
563
283
267
261
289
255
274
517
261
263
509
365
562
478
355
477
505
441
338
310
328
481
609
544
355
364
469
397
653
473
451
615
501
594
9
5
16
17
8
4
4
29
27
4
41
25
38
51
50
25
29
24
39
19
52
68
31
35
45
11
62
75
67
70
64
74
44
17
61
73
33
38
63
17
78
14
114
86
62
9
66
43
95
116
105
46
76
48
85
66
109
116
17
59
40
130
66
28
110
144
101
113
79
134
99
115
49
82
33
39
95
75
92
108
67
123
86
80
84
71
65
61
99
133
97
46
141
64
98
73
129
96
110
151
113
70
153
197
32
90
100
186
115
153
145
30
53
48
115
65
101
215
45
183
131
144
155
57
35
183
44
163
25
104
48
110
133
164
186
28
68
175
72
76
137
92
134
111
65
103
138
16
66
75
215
67
82
133
65
88
74
107
156
226
172
288
28
106
13
24
70
111
251
195
95
154
73
197
196
119
14
180
90
100
117
85
35
13
149
158
7
135
266
115
108
62
168
20
216
132
241
124
78
171
89
152
86
194
82
88
55
360
291
188
195
102
265
139
144
89
34
213
203
7
93
31
110
117
55
332
25
192
239
145
48
113
165
290
193
168
85
227
229
120
105
97
83
171
76
92
70
133
229
133
28
380
83
8
385
85
11
228
48
173
24
221
245
86
359
192
107
352
138
264
145
90
101
185
205
308
116
163
69
31
290
77
16
283
22
91
77
179
300
95
177
146
244
127
216
194
88
53
77
131
308
138
86
235
30
146
272
477
78
47
157
184
63
230
28
301
29
63
80
164
182
273
18
452
210
108
165
106
290
104
42
258
102
404
394
223
264
283
373
225
110
234
294
50
114
146
155
161
236
245
133
237
95
536
203
115
24
272
69
50
309
330
94
91
126
44
364
333
65
399
217
112
176
96
180
156
155
92
110
339
311
458
191
235
400
71
128
384
177
196
60
375
97
123
382
75
325
128
81
234
295
194
251
188
243
148
258
368
206
134
613
166
167
455
410
113
147
168
430
223
449
390
187
269
190
480
146
194
241
238
526
149
296
460
319
373
213
162
478
307
208
207
249
224
631
256
224
190
251
204
261
415
511
249
276
331
322
279
547
386
529
514
256
295
348
256
654
467
273
314
290
305
576
544
291
430
339
359
618
439
400
306
562
374
366
577
390
653
558
410
583
393
632
592
585
669
518
476
473
491
5
9
18
15
19
8
26
21
4
22
36
4
5
44
17
37
35
33
50
40
14
46
8
70
14
32
70
61
78
10
85
11
80
45
7
57
48
53
74
22
65
6
72
40
27
25
103
95
68
104
97
47
4
104
85
96
14
72
81
28
103
117
11
28
76
119
100
75
82
97
106
171
40
140
80
30
45
118
127
112
186
189
115
89
134
83
21
88
127
91
96
129
15
19
34
124
91
57
51
59
179
185
153
65
62
142
123
4
57
214
35
109
89
68
142
8
87
22
44
206
115
31
136
219
44
94
16
225
81
127
119
175
151
98
201
124
211
186
123
139
84
103
242
204
127
96
142
115
50
103
14
33
237
281
237
161
158
69
89
107
163
112
188
55
182
191
189
104
119
69
219
64
116
328
96
96
92
308
139
122
150
35
77
99
152
211
60
306
302
94
150
209
175
96
13
107
173
343
108
183
226
119
196
167
72
89
54
131
323
83
186
278
25
269
157
205
212
131
136
48
89
135
275
269
54
159
113
140
174
90
149
51
184
229
375
218
186
430
186
253
156
178
172
265
237
419
109
223
209
161
285
154
205
70
179
227
405
101
210
180
232
255
62
183
143
218
258
151
295
223
108
318
271
219
89
51
221
158
155
204
245
288
172
216
196
214
69
65
196
141
170
180
340
438
195
83
299
427
300
372
222
273
208
266
264
16
469
163
338
275
232
147
88
248
72
282
496
211
68
331
296
252
227
99
172
337
327
250
300
317
131
437
56
223
107
152
283
281
230
262
202
211
275
254
225
239
178
79
259
238
170
188
400
508
293
421
464
380
488
220
364
166
215
252
549
216
435
361
306
355
162
203
371
215
110
415
398
334
330
219
442
401
157
395
356
217
509
149
283
214
242
400
308
302
133
278
214
346
272
235
232
365
280
278
184
413
504
394
361
451
213
602
330
249
232
214
238
568
307
430
210
306
328
278
486
214
486
422
229
342
269
300
503
247
505
238
585
301
495
266
300
316
332
283
293
412
270
461
598
299
388
520
703
304
351
329
466
334
300
440
462
443
363
506
316
505
405
414
370
530
493
410
484
761
415
409
489
462
424
563
473
417
538
569
451
777
454
535
627
608
627
830
578
637
884
675
633
731
795
829
