65
69
72
76
80
84
84
93
97
118
122
126
129
133
134
138
139
145
150
149
5
157
161
162
11
15
189
193
198
34
55
40
59
211
63
216
217
223
225
229
232
236
240
85
248
89
264
268
270
104
277
281
282
293
297
118
304
122
142
126
317
322
165
5
181
11
185
14
12
349
32
36
40
22
26
375
379
390
394
396
184
83
88
190
408
92
411
418
420
422
270
276
428
187
115
191
99
443
195
443
448
259
452
115
92
265
463
468
194
222
475
226
205
481
125
24
5
514
308
24
312
280
284
537
554
558
560
409
43
48
415
419
575
575
5
410
414
272
599
5
621
9
629
50
425
429
642
195
68
201
654
177
181
663
667
413
512
677
516
152
682
686
168
685
693
690
271
119
180
276
703
707
187
710
537
9
719
36
578
395
552
225
556
232
213
236
240
475
73
77
144
148
621
152
261
5
9
279
13
800
6
99
12
16
815
11
819
21
613
23
617
43
32
47
852
856
48
717
495
499
165
86
169
92
886
890
95
717
755
102
759
749
754
82
741
583
615
587
629
633
388
6
394
258
443
262
464
101
967
105
21
971
975
10
979
467
163
757
167
48
762
766
206
416
152
156
1017
226
230
16
869
87
873
27
29
33
459
112
1054
1060
591
123
691
695
1070
246
507
606
587
611
513
5
302
9
1103
1108
534
17
539
19
543
947
29
951
299
554
149
29
658
44
5
669
197
671
16
423
20
428
1165
685
1170
836
31
596
696
447
209
5
215
639
38
643
17
718
21
655
568
299
57
32
78
91
95
99
128
6
432
541
156
882
886
612
892
30
896
321
27
31
171
175
179
183
1149
1065
5
213
5
9
585
589
593
1009
1014
962
16
20
408
26
5
983
419
862
217
16
20
225
1003
75
876
87
81
85
1016
599
1020
288
292
9
1060
1065
15
907
303
426
315
125
732
129
931
533
1212
1061
126
1065
885
951
956
1096
755
565
1103
133
766
1488
361
1116
367
1504
6
958
1128
963
159
18
22
1139
26
65
978
721
867
725
39
990
1543
994
734
884
24
739
95
667
99
517
1414
521
677
112
518
288
336
293
1431
88
1287
1291
1019
1295
1026
662
1030
1090
150
154
999
831
835
170
839
1640
1644
919
1356
189
1362
193
862
932
1143
200
985
774
1381
778
993
882
217
1681
221
1394
267
745
455
236
240
911
246
612
922
1520
622
1389
626
1532
1395
683
577
530
948
613
952
539
284
288
592
1212
596
345
641
323
680
1791
1795
1626
1801
1630
704
504
1262
1358
510
1362
1617
1273
1278
503
1374
1206
1634
386
1862
1866
541
383
1030
387
1246
1013
1040
1017
402
1023
1348
790
1055
1912
1357
1916
1725
1365
1729
809
1927
1079
1740
1586
1942
1090
1755
568
572
1770
1021
1775
1025
1626
1483
1031
1421
1464
1096
1468
2001
2005
1629
1488
1633
1521
1256
1642
1260
1179
1183
1144
1091
1095
1099
1023
1105
640
1109
1034
1213
1217
1693
902
1127
1131
1099
1707
1137
1711
869
923
873
716
1725
720
695
1731
1826
838
2130
1833
2134
849
1179
853
1846
859
1850
2150
1194
2155
872
2161
679
1209
1868
686
1317
1510
1321
1327
1331
1522
2192
1641
1938
1158
1304
1308
1168
1139
1256
1663
1264
1667
1964
2235
2239
1804
1165
1687
1171
1691
1815
1047
1037
1202
1702
1304
1816
1214
1820
1824
1321
1828
1729
1733
1078
1737
1099
1103
907
1686
911
1692
1760
1341
1766
1345
1703
1719
1774
1125
986
1733
990
1792
1740
1730
1734
1804
1738
1330
1334
1815
1167
1754
1758
1177
1762
1834
1838
1842
1193
1846
1781
1785
1035
1789
1860
1795
1621
1048
2450
2454
1630
1810
2461
1582
1640
2224
1479
1592
2044
2480
2270
2055
1494
2274
1608
1711
2251
1922
1465
1926
1366
1371
1932
1563
1480
1567
2091
1571
1575
1134
1962
1966
1432
1659
1150
1443
1263
1673
1267
1872
1692
1696
1818
1702
1513
1346
1352
1356
1524
1365
1369
1379
1385
1380
1193
1197
1768
1630
1634
1486
1490
2738
2742
2522
2526
2363
2367
2145
2149
1686
1690
1891
1332
1341
1908
1724
2809
1728
2825
2662
2666
1581
2383
1591
1595
2394
2249
2253
1617
2257
1753
2884
1757
1400
1408
2898
2571
2575
1781
2409
2922
1412
2926
2420
2935
2242
2791
1427
2796
2944
2469
2949
2953
2262
2957
2271
2044
2160
2050
2981
2054
2171
2508
2338
2063
2342
2185
2784
2788
1788
2640
1929
1933
2648
1752
1805
2478
2482
1763
2486
3047
2490
2279
2283
3063
2101
2924
2928
2112
1973
1977
2708
1981
1829
1833
2720
1857
1664
2605
1668
2610
2107
2111
1864
1868
1715
1719
3213
3217
2183
2187
3230
1895
3239
3027
1906
1916
1920
3042
1926
1754
2781
2787
2791
1765
3286
2648
2656
2660
3304
2664
3156
3160
2679
3166
2754
2690
2424
2428
2768
2409
2413
2285
2291
2051
2424
2430
2434
2062
2071
2075
2449
2079
2085
2311
2315
3181
3185
3046
3050
2839
2843
2404
2408
2192
2196
2200
3951
3636
3640
3421
3425
3429
3251
3255
4319
3259
4329
4185
3062
4189
4025
4029
3077
3086
2904
4044
2908
3861
3865
3651
3655
3430
3434
3244
3248
3065
3069
2925
2929
2933
2937
65
69
72
76
84
88
93
97
110
114
117
121
124
125
131
135
137
141
147
145
152
156
160
164
5
172
9
178
180
183
5
201
205
207
209
55
16
6
219
45
10
225
229
16
53
53
57
241
245
26
32
257
36
256
5
268
44
12
16
17
21
287
25
289
294
302
128
317
321
145
329
149
336
337
342
342
348
348
352
147
151
364
114
369
9
162
166
382
170
204
389
139
143
399
405
7
5
413
6
16
20
13
422
17
251
432
257
436
56
60
105
301
111
305
175
71
62
5
9
56
60
197
28
32
322
326
330
502
334
286
510
290
33
521
37
114
13
528
303
307
376
380
29
206
547
210
296
553
197
7
11
310
314
570
249
320
253
584
242
5
249
5
20
16
13
614
6
40
12
627
85
631
92
70
5
642
36
649
80
497
60
438
65
92
26
96
510
60
518
343
340
85
30
348
34
18
151
36
27
40
192
162
37
716
720
206
386
724
729
733
10
737
563
742
397
20
587
530
756
276
760
412
191
273
620
385
292
611
390
633
21
400
419
108
23
223
116
227
33
43
43
5
325
6
249
15
12
464
5
310
5
16
51
320
55
262
18
44
22
269
53
176
104
45
49
131
63
140
5
70
9
915
5
5
110
9
105
933
15
6
116
169
33
125
5
9
85
89
970
974
686
54
692
58
12
994
16
69
1001
83
87
815
78
83
718
97
249
253
95
839
99
107
692
696
1050
443
1056
12
1060
458
11
462
777
781
28
5
9
15
5
26
6
24
16
870
417
16
5
287
9
365
5
13
18
303
18
312
389
393
557
17
51
102
23
69
27
572
9
389
13
108
5
392
9
974
9
13
404
237
293
115
145
5
248
433
155
159
19
67
165
71
30
34
13
1267
17
18
22
30
26
240
10
39
529
69
75
20
5
14
65
18
33
15
19
57
6
69
14
5
52
9
12
16
69
1386
1195
116
9
5
1206
61
5
1068
108
73
20
121
1083
5
13
13
17
1290
1294
1110
1124
1461
75
1466
1122
80
14
1141
19
71
7
75
77
992
996
104
12
298
91
20
24
719
28
19
54
24
135
139
330
145
52
149
157
752
225
157
85
229
86
81
1590
1594
1595
1600
101
1460
1606
214
218
1404
222
1478
228
1290
226
1417
1208
238
252
1212
1304
1647
161
165
255
259
1132
263
269
1675
1144
735
1375
739
300
284
289
1264
1392
1396
758
1400
1135
1140
311
316
1150
320
1155
1155
1159
879
883
612
616
1511
620
952
664
668
1784
1493
487
1541
1545
1549
1553
508
1557
1520
1250
518
1254
1568
1262
1266
1582
1270
1276
1858
1280
1597
1863
1603
1867
1871
1130
1875
1616
1620
673
1890
1894
1151
692
696
1645
498
1912
1917
955
1661
1139
966
1143
1128
976
1132
930
532
934
1956
938
1000
1004
1008
1978
862
1985
1986
873
970
664
1996
2000
1035
1034
674
839
1851
988
2015
992
1721
2023
690
2027
2028
2028
862
2033
701
2040
1744
706
810
814
2049
2049
1571
1730
564
1766
568
732
1774
730
734
1756
1760
752
1614
1938
1618
763
1451
1455
1459
1183
1641
1187
1977
1838
1048
1842
809
814
1527
1452
1063
1191
884
826
888
701
1473
705
1555
1480
1327
1331
996
1006
863
1088
871
875
1101
934
938
748
752
1951
756
1783
1787
2264
2270
2129
1540
1546
1322
2140
2291
2295
1951
2154
1955
1344
1961
1348
2168
2172
1151
1998
1759
1764
2004
1166
971
975
1819
1625
981
1629
2360
1830
1658
2367
1662
1316
1320
2164
1324
1020
1024
1028
1032
1343
2191
1068
2024
1535
1043
2033
1698
1085
1554
1091
1390
1709
1713
1397
1717
2232
1106
1111
1726
971
1738
1742
986
2265
1549
1995
997
2503
1002
1559
2006
1265
1794
1015
1019
1837
1310
1412
1314
1290
1294
2543
2401
2405
1305
1834
1440
1311
1444
1085
1089
1450
2164
1325
2169
1511
1099
1516
1227
1520
1898
1236
1902
1348
1531
1535
1912
1539
1365
1369
1748
1373
1557
1755
2641
2645
1571
2649
1773
2655
1444
1585
1589
2059
2063
1458
2072
2076
1473
2080
2697
2084
2714
2356
2107
2360
2113
1968
1972
2795
2799
2555
2559
2563
2396
2400
2153
2157
1995
2843
1999
2005
1732
2856
1738
1742
2867
2877
2881
2880
2443
1585
1590
2449
2285
2678
2291
2136
2689
2698
2702
2150
2296
2300
2161
2111
2115
1946
1950
2958
1966
1807
2982
1811
1815
1819
1823
1827
1831
2750
1835
3021
3025
1846
2857
2769
2774
1860
2778
2872
2876
2789
2880
1877
2797
2801
2891
2811
2645
2698
2661
2462
2720
2466
2488
2492
2324
3125
3130
3134
2222
2975
2343
2981
2347
2236
2240
2843
2082
2364
2217
2855
2221
2098
2863
2102
2232
2039
2873
2043
1972
2664
3204
2670
2424
2428
2276
2280
2002
3245
3046
2113
3050
1877
1881
2126
2786
2790
2794
2798
2802
2411
2415
2270
2274
2125
2129
2133
2137
2141
2145
2149
2153
2157
2161
2165
1992
1996
2000
3406
3410
3179
3183
2762
2766
2520
2524
2369
2373
2201
2205
2209
2213
2013
2017
3527
2777
2781
2785
2789
2633
2637
2451
2455
3513
3219
3223
3063
3067
3071
3075
3079
2870
2874
2878
2506
2510
71
75
81
85
86
91
92
95
96
99
102
103
110
142
146
149
154
158
162
168
172
5
181
9
190
5
195
14
199
201
14
206
61
60
29
214
218
69
73
226
230
79
12
16
243
20
103
26
68
30
99
265
269
273
273
281
285
55
59
147
5
114
43
120
47
16
117
121
332
336
337
341
197
71
201
353
358
359
364
6
365
40
169
44
169
190
173
384
67
20
71
37
47
16
42
408
58
412
41
416
212
216
27
33
227
116
64
447
68
454
124
311
466
315
135
471
5
143
476
480
329
333
494
337
498
171
175
8
520
12
526
527
383
532
15
377
20
210
11
214
79
20
559
24
414
420
424
12
46
50
51
9
594
13
62
32
607
10
14
45
80
12
84
623
624
19
6
488
635
10
644
648
55
464
656
660
470
358
69
362
315
319
416
91
420
16
480
688
260
25
5
268
110
702
558
17
376
115
6
10
99
103
732
736
68
585
742
589
79
55
593
418
597
290
367
294
22
5
17
22
7
11
31
35
9
22
471
26
19
653
16
194
394
49
401
210
255
84
227
90
84
14
18
97
57
61
899
903
689
563
567
695
755
135
938
942
179
183
10
9
15
741
5
24
498
5
812
6
34
981
985
28
812
21
816
669
673
1007
7
545
867
5
1022
81
13
85
68
5
93
36
9
27
31
1063
861
53
865
322
722
1084
331
1088
124
733
84
737
131
1099
1103
93
1103
945
450
203
207
1117
458
366
231
59
962
1128
966
378
5
668
991
497
80
980
985
260
989
834
1166
838
36
1174
40
32
849
5
50
540
55
11
939
864
943
551
299
951
303
30
733
26
30
5
67
92
6
11
10
78
391
114
5
789
793
1127
422
912
122
916
433
1017
846
439
124
136
451
140
856
110
462
457
300
147
190
649
653
278
512
148
152
332
1361
1365
529
1369
305
1373
992
845
1137
616
176
218
180
839
226
153
849
627
237
1167
633
829
469
248
1272
252
837
227
1279
789
793
1041
674
678
557
690
682
892
1119
449
919
904
514
462
269
555
559
1137
563
492
254
569
1176
573
384
349
353
1521
1004
1525
396
643
430
850
1546
1550
1364
1370
1149
1360
1563
1571
1575
1575
891
1581
1177
1011
491
1015
1402
1406
774
1352
1412
1356
669
785
515
676
843
680
512
1203
516
857
892
509
896
1220
1143
1147
536
911
1153
915
547
1243
551
922
1686
1168
546
1172
883
1254
1259
1701
941
945
1551
506
1051
1195
1055
1563
520
1421
964
1425
521
525
1281
1074
978
1221
982
1291
938
938
626
942
992
1769
1001
1773
643
1010
647
963
1621
1625
1265
971
808
812
1283
652
1482
1486
1048
1054
690
1316
583
700
1380
704
1320
710
1324
1336
1169
1173
720
611
1177
1336
706
1341
957
1100
735
1104
1351
1108
972
921
976
1091
1095
1901
906
1130
1134
1138
951
1142
1927
1931
1152
1935
1408
1412
946
1169
1418
1173
792
1955
1180
803
807
810
811
1192
1441
1985
1989
1747
1811
1817
2002
1760
1224
1491
891
895
1487
1491
2027
1332
1514
1783
1518
1343
1103
1348
1793
1529
1373
893
1377
1197
1647
1375
1379
1661
1383
1392
1396
1105
1400
2111
1957
1175
1124
967
1421
973
977
1432
1199
1203
1986
1619
1445
1214
995
1218
1629
1222
1460
1634
1305
1641
1481
1645
1473
1242
1479
1246
2198
1252
2202
1663
1494
1505
1498
1262
1426
1505
1930
1509
1275
1686
1516
1384
1520
1451
1698
1951
1527
1702
1298
1464
1302
1711
1955
1568
1544
1314
1726
1484
2049
1428
2057
1203
1497
1723
1501
1751
1755
1606
1759
1361
1520
1365
1770
1940
1945
1530
1757
1534
1781
1375
1379
1769
1383
1778
1553
1782
1394
1805
1810
1565
1814
1800
1804
1660
1808
1591
1595
1314
1599
1603
1445
1607
1835
1840
1455
1694
1618
1622
1874
1704
1709
1474
1713
1898
1902
1651
1564
1908
1568
1504
1662
1667
1574
1625
1925
1929
1522
1683
1528
1687
1251
1940
1651
1944
1948
1545
1952
1553
1557
1963
1283
1287
1724
1728
1570
1982
1986
1584
1990
1541
1826
1545
1596
1600
1836
1604
1352
1357
1846
1575
1615
1581
1585
1626
1632
1636
1596
1646
1650
1654
1617
1658
1625
1629
1633
1637
1641
1498
2672
1502
2678
2532
2536
2321
2325
2313
1927
1931
2329
1935
1736
2731
1740
2192
1571
2202
1575
2747
2579
1581
2028
2032
2591
2036
1600
2599
2603
2047
2053
2057
2264
2270
2799
2068
2072
2052
1856
2814
2819
2064
2823
1871
1875
1747
1879
2838
1754
2850
2854
1769
2560
1779
2571
2388
2392
2890
2396
2901
2905
1918
2909
2918
2922
1933
2926
2635
2640
2763
1784
1788
2650
1792
2778
2297
2305
2149
2515
2153
2525
2529
1981
2535
2539
1992
2293
2297
2120
2124
1940
1944
3069
3073
2875
2879
3185
3189
2948
2952
2813
2817
2263
2267
2271
2275
3082
2279
2285
2137
2953
2962
2692
2151
2696
2700
2704
2708
2712
2502
2506
2510
2514
2290
2294
2085
2089
3372
3376
3380
3384
3116
3120
3124
2818
2822
2826
2830
2658
2662
2524
2528
2532
2379
2383
2387
2391
2395
3493
3497
3501
3505
2964
2968
3372
2839
2843
2504
2508
3780
3784
3452
3456
3155
3159
3012
3016
2712
2716
2720
71
75
81
85
86
90
91
96
102
102
106
142
146
149
5
154
159
164
163
171
175
18
177
5
183
194
198
201
7
208
212
12
210
229
5
65
24
254
258
264
269
47
273
51
280
284
62
30
297
301
40
123
301
127
307
320
311
165
125
330
129
333
335
340
341
144
148
152
26
5
16
5
21
9
60
31
64
20
398
8
70
74
252
256
417
260
424
428
430
199
434
439
440
210
447
62
218
62
454
223
460
210
475
479
479
86
90
502
5
295
299
356
5
9
140
144
33
134
138
548
142
379
383
13
78
563
570
15
19
34
38
42
42
46
599
50
36
464
40
12
613
471
462
466
291
628
298
633
126
198
38
135
134
138
7
223
11
669
5
330
334
16
158
31
162
698
38
703
55
5
722
9
726
129
732
133
740
554
751
11
755
565
132
6
598
765
26
773
777
778
480
399
788
36
792
491
170
5
12
454
9
110
114
30
7
112
37
835
18
839
840
678
845
512
851
594
856
855
864
860
531
873
252
729
733
627
467
746
5
488
650
493
161
5
323
917
327
171
774
18
5
12
16
790
449
352
196
200
64
961
206
5
75
621
468
586
983
475
5
116
121
11
574
412
1010
416
225
229
803
1025
726
809
730
1036
1037
6
15
19
843
847
922
499
1081
505
1085
934
54
58
901
1097
905
524
637
136
641
1111
15
19
590
594
552
556
560
564
568
24
572
857
34
861
583
665
1182
1186
1190
607
988
5
617
472
477
19
217
1009
776
1229
780
646
1236
650
560
41
565
1045
1248
661
130
665
644
262
649
75
5
271
1275
9
775
544
1296
9
1300
178
5
44
11
29
55
1162
59
21
38
1169
44
1173
743
857
71
75
1147
1151
758
995
5
883
9
1012
891
573
577
581
1188
233
315
319
1034
1038
686
1042
380
695
384
264
1053
268
726
1060
778
782
531
1079
535
279
283
761
896
900
295
755
207
759
515
214
519
770
362
368
372
784
1523
208
1527
578
786
582
218
741
1539
223
618
572
622
436
1557
1561
585
946
591
495
1351
270
468
277
270
1364
472
274
517
481
521
448
1235
525
1610
1615
535
1619
1627
542
1631
1473
1638
1478
1271
1645
908
1345
1652
1349
1655
502
921
1078
578
1663
582
1671
1140
395
1184
781
1685
785
1104
1533
1537
1541
1209
1545
1709
1713
1716
1717
1415
1724
1419
1238
1728
1242
455
1042
1046
1739
1748
1753
1073
468
1750
1226
1062
1602
1066
1616
1092
1769
1096
1079
1252
940
1633
946
1637
829
1013
1017
1652
1460
1645
1815
1369
1819
1500
1471
1312
1381
1822
1316
1215
1219
1073
1089
905
1107
909
1084
1544
1090
984
1860
1124
1868
973
1400
1254
1878
945
984
1010
833
1888
949
840
1273
690
816
698
977
827
981
1915
1920
834
625
992
629
840
844
743
1935
1949
851
1275
1048
1052
1002
1056
1784
1788
967
1601
1971
1975
981
1979
1985
1803
1989
787
1046
1050
1640
1054
1112
1648
956
812
1065
2019
1658
2023
1660
968
1082
1670
1086
674
1399
1403
1098
1164
691
1521
1525
2064
1181
884
1122
888
896
1284
1288
2089
1137
2099
2129
2103
1148
1279
2139
1283
2116
2121
976
1295
982
1148
2132
1624
1152
964
2177
968
2150
1646
2155
2187
979
1995
1999
2165
2003
2009
880
2180
814
2184
2024
2190
1777
900
827
832
2200
2204
1788
2210
2214
1641
1292
1647
1651
2225
2231
2235
1662
2131
1977
2241
2289
1673
2293
2006
2251
2011
1992
1688
1845
1920
2023
1924
2271
2144
2276
1943
1785
1789
1615
1888
1894
1751
1626
2184
2321
1632
2325
1764
2331
1768
2203
1119
1995
2001
1548
2005
1133
1788
1792
1557
1493
2016
1797
1503
1801
2130
2136
2430
2140
1812
1582
1284
2442
1826
1288
2192
1835
2196
1697
1701
2021
1535
1864
2030
1868
1546
1154
1308
2040
1882
2045
1165
1323
1981
1327
1875
2521
1901
2525
1885
1889
1692
2003
1707
1698
1711
2400
1765
1363
1770
1431
1435
1296
1377
1300
1504
1385
1533
1512
1271
2440
1547
1407
2452
1411
1289
2458
2464
2622
2468
1301
2474
2478
1315
2482
2643
2486
2650
2236
2497
2657
2244
2505
2671
2038
2675
2516
2678
2524
2053
2528
2690
2542
2546
2534
2538
2542
2544
2350
2561
2566
2356
2559
2563
2256
2567
2373
2113
2267
2117
2582
2586
1962
2590
1984
1971
1988
2601
2605
1837
2609
1614
1618
1850
1622
2626
1628
2630
1863
1867
1671
1425
1675
2650
1432
2657
2286
2290
2116
2120
1813
2862
1817
1825
1829
2881
2731
2023
2735
2905
2909
2045
2770
2154
2776
2158
1900
1904
2447
1686
1862
1867
1696
2466
2148
2152
1753
1757
1761
2696
1765
2706
2710
1776
2473
2477
2301
2305
3015
2309
2876
2880
2323
1953
1957
1930
1934
2187
1746
3073
3077
2201
2915
1763
1767
2926
2764
2001
2007
1807
2775
1813
2786
2790
2639
2643
2410
2414
2095
2099
1896
1900
3229
3233
3237
2941
2945
3252
2806
2812
2671
3265
3119
3123
2686
2692
2696
3134
2712
2716
2755
2574
2580
2370
2770
2596
2600
2383
2391
2395
2615
2399
2405
2409
2317
2321
2146
2150
3582
3586
3590
3594
3598
3602
3606
3610
4444
4448
4452
4278
4282
4139
4143
4147
3554
3558
3382
3386
3390
3188
3192
3196
3200
71
75
79
81
86
87
90
91
90
94
98
114
118
122
126
132
138
142
143
147
5
156
161
11
12
16
20
178
24
194
198
201
202
208
215
212
215
220
224
15
228
234
239
84
30
243
78
248
38
42
106
268
272
275
281
41
285
283
53
295
57
296
5
307
9
74
315
155
8
12
326
337
18
341
344
337
23
111
115
29
354
356
360
364
28
56
5
45
9
398
13
396
220
400
411
12
416
16
420
424
429
197
433
13
279
443
447
131
218
135
141
465
232
64
475
475
68
156
483
282
115
119
334
499
161
503
16
180
307
171
175
518
192
9
5
45
49
53
23
27
221
6
211
215
561
219
21
25
571
247
91
36
95
70
74
251
78
256
19
260
611
266
615
615
34
131
38
278
627
282
418
422
92
154
158
18
162
169
173
316
320
490
494
45
11
6
17
10
15
696
702
155
26
285
5
35
719
721
725
729
736
733
743
585
57
65
14
18
601
771
614
618
236
358
786
243
790
369
794
59
203
814
207
805
73
832
836
675
7
679
659
847
849
851
688
147
536
540
372
362
368
877
5
387
886
890
393
891
574
402
578
407
72
411
914
415
617
758
621
426
260
483
264
489
777
219
146
150
653
657
963
164
168
982
986
801
796
494
498
296
502
1009
506
282
286
1023
1025
1031
1036
878
851
884
855
85
1048
806
873
95
862
99
103
658
662
342
666
831
670
746
752
1095
756
12
1104
764
1108
643
647
772
512
1119
516
657
32
5
787
1134
792
1140
47
1144
748
1152
648
1156
760
25
81
669
273
277
123
55
1193
61
1051
134
159
71
163
1211
77
1037
1221
857
88
72
76
865
598
954
602
668
1246
1250
882
1264
1268
697
1074
119
714
718
949
722
514
518
75
285
965
289
742
746
1125
750
1047
1051
1135
991
761
995
977
704
708
1009
712
1163
1167
793
990
843
847
1104
851
163
167
640
644
822
1127
917
1130
921
779
668
783
1145
679
829
683
1299
1097
838
866
694
698
640
702
978
656
660
656
508
649
512
529
731
520
735
674
527
678
668
746
587
1521
468
591
561
398
424
383
388
1239
392
1246
523
999
711
1003
426
430
510
514
518
522
465
526
507
511
1207
1067
483
1071
376
545
921
1615
925
387
512
1628
1632
1635
971
1641
1645
1646
520
524
1659
528
1468
534
1472
1669
1434
1674
1011
840
844
1490
558
562
1695
588
1545
592
573
514
1552
1362
1066
1525
1539
1543
1113
1373
628
1377
1124
636
640
1390
1244
737
1121
1125
750
1129
938
1267
942
609
1564
604
608
628
1665
1456
781
1460
993
997
1202
1264
1206
796
1858
944
1862
644
1284
649
954
1394
1355
1398
1295
683
969
1300
1703
1304
1023
1027
1351
1031
1068
1361
1072
883
1339
887
1122
1081
1345
888
1528
893
1353
1357
1139
1536
1101
905
1541
1367
1371
963
763
767
1336
1289
1340
1392
1396
989
1400
1997
1316
1136
1175
1419
1142
1423
2021
1186
1190
2028
1194
1160
1200
1164
1444
1836
1449
1172
1176
1215
2060
2064
1855
2068
1469
1009
1474
1016
1630
1020
1485
1211
1215
1493
1029
1034
1225
881
1236
1240
897
1244
1677
1499
1253
1503
1259
1263
924
1124
1554
1128
1563
1958
991
995
1573
1577
1973
2194
2198
1987
2013
2208
2019
1644
2001
2217
2005
1612
1617
2011
2232
1884
1969
1669
1673
1894
2027
1980
1639
1984
1683
1717
1688
1650
1712
1847
1655
2054
2058
1857
1734
2062
1475
1733
1480
1309
1313
1722
1514
1879
1346
1519
2085
2089
1888
1896
1359
1741
1707
2099
1711
1176
1756
1719
1760
1236
1918
1729
1922
2126
1928
2130
1777
1741
1258
1745
1788
1216
1749
1927
1931
1760
1935
1319
1323
1770
1976
1946
1787
1950
1782
1797
1786
1810
1961
1815
1582
2425
1586
1800
1976
1980
1832
2438
2442
1372
2444
1991
1436
1823
1583
1587
1940
1841
1845
1460
1849
1824
1855
1828
1415
1475
1622
1479
1426
1980
1301
1873
1850
1438
1854
1884
1888
1317
1839
1892
1509
1848
1513
1844
1903
1848
1858
1470
1381
1889
1385
1706
1897
1903
1879
1719
1935
1889
1503
1893
1947
1552
1926
1559
1930
1959
1963
1569
1528
1967
1942
1919
1976
1980
1465
1984
1396
1628
1632
1996
1466
1486
2006
1617
2010
1477
2663
1627
2667
1491
1453
1457
2030
2036
2040
1468
1474
1478
2051
2141
2145
2063
1496
2727
2731
2734
2547
2086
2090
2002
2094
2750
2754
2016
2606
2110
2114
2771
2032
2626
2459
2596
2791
2608
2140
2612
2430
2434
2360
2480
2155
2159
2154
2163
2374
2453
2162
2457
2174
2178
2182
2015
2186
2272
2276
2026
2280
2201
2205
2209
2044
2213
2301
2305
2221
2139
2062
1692
2234
1696
2154
2241
1934
1938
2254
2258
2262
2266
2081
2268
2085
2276
2280
1920
1926
1930
2052
1938
1942
2066
1919
1923
1916
1920
3179
3183
2916
2920
2924
2928
2780
2784
2624
2628
2246
3230
2250
3240
2962
2261
2968
2821
2042
2048
2832
2836
2555
2559
2314
2318
2151
2155
3547
3551
3555
3376
3380
3205
3209
2999
3003
2804
2808
2585
2589
2593
2597
2601
2605
4624
4628
4632
4236
4240
3751
3755
3759
3763
3767
3512
3516
5344
5348
5198
5202
5206
5210
4783
4787
4620
4624
4628
4632
71
75
81
85
86
90
91
95
140
144
157
5
162
164
166
169
16
170
174
178
180
182
185
188
193
195
202
5
211
16
28
20
225
36
65
231
235
71
241
246
250
13
15
19
19
259
23
261
269
29
5
274
276
280
13
102
285
286
291
5
292
297
126
301
305
131
26
6
107
12
111
41
328
332
335
128
130
134
59
138
355
142
358
362
159
154
153
157
167
161
378
92
97
387
5
395
11
399
403
240
6
407
412
416
8
5
9
20
5
274
9
445
449
233
453
83
87
29
35
5
66
98
71
45
92
19
486
55
491
31
22
502
26
508
71
62
66
535
5
542
546
384
550
315
319
562
34
575
5
77
324
5
16
425
429
444
435
22
439
455
347
6
615
447
220
451
622
67
455
18
125
23
465
469
63
473
650
10
5
349
354
13
358
86
498
5
11
109
15
16
29
485
34
22
705
26
709
496
718
500
547
727
551
733
398
737
232
32
236
408
558
413
37
46
41
95
8
576
103
19
219
23
473
46
5
10
14
62
24
5
9
136
826
10
830
831
164
837
663
283
667
290
302
306
54
312
5
12
16
68
258
20
887
886
890
85
89
903
91
262
106
643
110
68
72
122
56
78
60
133
942
85
400
5
93
99
688
16
6
319
323
114
987
991
307
5
12
9
1003
841
845
30
645
649
653
169
5
280
74
285
442
81
5
22
11
26
106
457
30
462
73
77
10
112
14
254
220
265
269
110
117
121
487
491
76
495
5
9
90
13
512
17
111
115
13
119
33
37
128
41
203
134
6
140
41
55
46
544
16
61
327
397
331
1204
15
28
19
339
170
35
179
418
258
354
89
6
360
269
617
621
375
26
380
384
1262
993
1269
395
644
35
402
5
407
411
396
414
1020
243
10
14
34
18
422
283
24
904
287
14
913
67
50
651
54
31
79
657
314
135
79
139
51
87
1374
91
535
540
97
503
349
1389
1384
1395
1388
340
118
122
119
123
133
137
177
141
549
553
1442
557
408
412
179
1460
183
1469
1466
596
600
604
1492
610
1502
614
1337
693
1345
697
1510
703
1514
1360
1192
713
1314
1196
1526
1373
1344
1324
656
1328
731
736
1336
740
681
685
758
385
857
861
865
1398
869
1199
1203
411
1022
1249
1026
1255
1630
807
1637
903
818
1178
822
1144
1149
1188
1656
833
1661
1661
1052
1666
843
824
828
1678
619
947
951
861
873
877
1095
881
885
1718
566
1500
1504
671
1110
583
587
1152
1156
1123
932
990
524
994
943
1437
783
1441
544
793
960
1452
964
860
865
869
1468
601
1518
607
1522
1818
1483
994
1309
1382
1386
1102
1115
1327
1121
1331
1020
1116
647
811
1125
1863
1129
657
1139
824
1042
1693
1697
673
1701
1062
682
1066
1169
1541
1905
1546
692
1171
1077
1175
1410
1919
998
877
1002
1422
1006
1934
730
734
738
1953
1305
1764
1309
1625
749
1974
1634
1978
957
961
1801
1787
1467
1792
821
1069
825
1816
1821
832
1664
1810
1492
1815
1835
1636
1303
1640
1690
1311
1543
708
1484
791
1489
716
1634
1638
1329
805
2065
2069
1569
1347
1025
1351
1508
1512
1516
1227
1520
1467
1472
1237
1062
1320
1531
1975
1324
2136
2140
1992
1311
1996
1155
1159
2009
1328
1332
1850
1336
1871
1876
1342
1865
1005
1715
1357
1028
1349
1034
2205
1360
1222
1034
1226
1748
1482
1954
1486
911
916
1492
1496
1969
1502
2257
1506
1246
1506
1175
1523
1179
937
2285
1190
1276
968
2299
972
956
978
960
1811
2312
2317
2120
967
1823
1546
2328
2135
1972
1556
1976
2183
2188
1982
2352
1428
2357
2039
2043
1837
2076
2080
1448
2380
1894
2384
1856
2389
1696
1644
1910
1469
2403
2407
1724
1728
1667
2423
2427
2431
2435
2435
1510
1515
2441
2450
2454
2454
2451
1762
1530
1378
2464
1720
1724
1556
2471
2479
1390
2476
1604
1399
1608
2485
1973
1409
1977
1173
1981
2259
1180
2263
1767
1992
1606
1676
1777
1665
1478
1684
2533
1226
1262
1679
2546
1493
2101
1219
2109
2113
1355
2557
1289
1363
1293
1707
1266
1372
1270
1307
1274
1313
2588
2149
2153
2157
1327
2619
2433
1342
2437
2178
1350
2182
2637
2448
2452
2190
2456
2642
2655
2420
2659
1377
1381
2671
1385
2673
1391
2677
2686
2493
2690
2494
1406
2499
2243
2503
2467
2324
2709
2267
2271
2262
2338
1902
2177
2530
2273
2734
1982
2186
2541
2190
1921
1754
2049
2749
2555
2003
2559
1764
1609
1850
2066
1613
2571
2251
1860
2784
1935
2788
1934
1775
1779
1783
2613
2617
2299
1946
2835
2839
2633
1991
1995
1967
2116
2120
2124
2660
2128
2559
2563
2137
2266
2237
2241
1990
2015
2282
1997
2286
2026
1781
2072
1916
1785
1701
1706
1925
1793
2091
1904
1751
1908
1810
1815
1761
1819
1650
1656
1660
1830
1668
1845
1849
1643
1647
3098
3102
2870
2874
2683
2687
2442
2446
2202
2206
2210
2214
2218
1995
1999
3206
3210
3214
3010
3014
3018
3022
2859
2863
2477
2481
2002
2006
2010
2014
2018
2022
3331
3335
2981
2985
2989
2993
4021
3880
3884
3564
3568
3273
3277
3281
3285
3053
3057
3061
2912
2916
2771
2775
3542
3342
3346
3182
3186
3190
71
75
79
81
86
87
90
91
90
95
97
102
101
126
130
139
134
148
152
145
156
157
154
165
158
167
174
175
5
169
181
5
39
17
9
194
198
15
203
54
207
213
211
215
220
219
222
223
230
234
51
55
59
242
63
253
250
258
263
265
267
265
58
270
62
68
291
284
295
296
302
78
13
17
96
316
320
324
328
332
336
344
363
367
370
129
12
16
386
396
400
402
404
397
401
412
405
231
235
37
187
41
194
442
198
433
437
449
241
458
463
247
466
464
223
245
478
482
190
496
500
339
343
513
347
201
205
546
359
363
558
222
336
226
569
155
346
159
578
121
137
125
589
590
593
9
212
410
152
262
103
419
385
252
389
114
622
262
126
635
130
134
644
71
419
656
242
10
661
82
665
254
297
505
513
308
210
686
438
290
442
297
706
5
128
535
539
334
338
25
7
739
11
98
576
128
10
132
282
587
16
766
293
770
573
31
778
5
516
521
6
446
10
336
10
340
458
14
348
18
25
826
24
830
15
129
30
131
5
23
141
71
75
854
859
706
21
712
25
874
13
101
17
554
107
889
562
743
747
49
751
574
755
910
684
917
688
84
773
777
781
19
787
791
618
356
360
364
63
67
69
73
66
70
141
78
844
848
852
856
96
862
681
797
570
837
876
843
880
581
1047
588
442
899
6
43
13
48
54
16
19
24
16
20
24
84
8
604
609
497
5
954
958
17
962
26
30
973
293
977
479
483
1155
42
178
46
48
1166
904
168
908
81
511
70
515
182
1193
229
809
1200
635
240
138
142
748
752
1223
756
245
1039
1043
1241
1047
776
1053
780
1255
1029
1259
789
1092
793
1068
775
779
1112
362
366
921
925
1063
904
908
1303
762
766
1150
572
922
926
578
1335
1164
1193
421
1199
425
595
1178
429
299
309
304
1188
1192
303
636
640
329
644
466
325
470
338
474
387
1232
1236
1415
360
1242
364
499
1426
1242
1433
1246
381
1252
385
1447
1151
391
528
1124
1463
1128
1478
1482
1248
847
1252
1496
1500
1193
1228
1202
637
1239
1276
1105
813
1109
651
960
1065
966
1069
429
513
905
517
1238
1242
523
906
698
911
1252
889
538
827
893
756
760
899
721
755
842
665
670
1599
769
541
621
547
1442
551
632
549
553
640
1454
644
568
1460
1647
1651
1411
1473
1417
592
1017
1484
1023
612
850
1495
755
759
624
859
633
630
770
1515
1089
1147
911
1720
1538
917
1542
663
1731
1735
805
651
655
677
681
685
1569
689
1762
1766
1584
1770
707
1776
711
722
1596
726
1006
689
1606
693
728
1017
1801
826
740
1484
744
837
1631
1494
1635
755
759
1067
1840
763
1648
1845
771
1079
1858
778
1862
1862
1091
1095
1114
790
1875
794
1686
1883
1690
805
1660
1718
813
1722
1733
1738
1710
836
840
1748
844
1525
1530
1758
1709
855
1745
863
1774
867
1733
1625
997
878
883
1635
1778
1008
1782
1989
1016
1993
1651
1793
904
1797
1594
1598
1809
1602
2019
2023
1726
1826
2029
1830
1453
1737
1742
2039
951
955
1363
959
2057
2061
1860
975
1866
979
2072
1737
1501
1505
1397
1541
1545
1001
1007
1415
1011
1413
1529
1533
1913
1280
2121
1922
2125
1291
1076
2133
1042
1080
1937
1186
1942
1805
1459
1195
1316
1061
1067
1961
1071
1212
1077
1072
1835
1975
1341
1979
1087
1130
1983
1090
1989
1569
1993
1102
2200
1579
2204
1114
2208
2010
2015
1124
2219
2223
1780
1134
2030
1139
2256
2260
1795
2264
2048
2052
2006
2058
2138
2062
2017
1670
1674
2068
1412
1189
1416
2163
1422
1940
2043
1201
1205
2050
1209
1952
2332
1957
2060
1220
1224
1398
1228
2077
2081
1236
2085
1414
2089
2368
2093
1318
1322
2215
1326
1912
2223
2114
2118
1925
2122
2019
2023
2132
1863
1942
1946
2141
1874
2434
1878
2151
1961
1833
1888
1892
2450
1899
1834
2291
1855
2295
1914
1918
1854
1876
1696
2120
2126
2130
1707
1943
1777
1713
1717
1903
1721
1787
1909
1728
1913
1919
1670
1537
1740
1746
1750
1548
1754
1758
1762
2248
1766
2258
2069
1780
2073
1790
1794
1904
1913
1917
1505
1511
1928
1665
1669
2685
2689
2189
2193
1977
1981
1777
1781
2807
2811
2658
2662
2434
2438
2220
2224
1899
1903
1907
1911
1875
1915
1881
1885
1889
1893
1897
2410
1901
2422
2426
1917
2430
2214
2218
2015
2019
1868
2946
1872
2952
2301
2305
2966
2158
2977
2981
2172
2985
2989
2993
2997
3001
3005
3009
3013
3017
3021
3025
3029
3033
3037
3041
3045
3049
3053
3057
3061
3065
3069
3073
3077
3081
3085
3089
3093
3097
3101
3105
3109
3113
3117
3121
3125
3129
3133
3137
3141
3145
3149
3153
3157
3161
3165
3169
3221
3173
3181
3185
3238
3189
3249
3253
3203
3257
3101
3105
3218
3059
3063
3119
2499
2503
2919
2928
2311
2518
2315
2371
2375
2329
3500
3504
3508
3512
3327
3331
3186
3190
3194
3671
3675
3447
3451
2853
2857
2644
2648
3735
3739
3743
3579
3583
3352
3356
3360
3203
3207
3027
3031
2881
2885
2889
2893
2736
2740
3887
3891
3746
3750
3606
3610
3614
3618
3622
3476
3480
3240
3244
2902
2906
3961
3965
3498
3502
3506
3219
3223
3018
3022
3026
3030
3034
3038
3042
3046
3050
71
75
81
85
86
90
91
95
140
144
148
152
157
156
162
166
166
169
167
173
174
180
181
184
181
191
185
198
191
202
203
201
205
16
216
22
216
230
220
236
241
79
30
5
255
261
262
16
51
279
283
284
291
295
298
303
304
5
306
311
310
26
30
335
34
342
344
115
186
119
193
153
16
368
20
164
373
377
382
386
387
20
24
401
157
408
161
413
419
417
222
226
433
437
442
298
11
83
456
88
8
461
23
463
5
33
478
9
5
47
6
19
23
10
61
14
67
518
5
523
373
377
542
178
546
16
555
20
559
560
114
5
427
580
11
341
424
438
345
592
227
597
351
604
348
608
240
615
250
98
252
622
260
20
116
110
490
31
55
59
14
165
20
25
5
14
18
217
35
670
19
40
28
158
232
157
5
246
165
533
172
537
699
13
52
17
332
184
21
6
464
343
10
728
733
13
387
479
371
395
375
70
218
222
765
5
395
774
270
16
343
180
184
34
366
370
31
374
41
45
139
143
26
6
467
471
36
471
5
20
168
172
494
5
881
885
409
526
23
532
61
5
524
529
11
431
16
311
5
539
543
26
923
927
33
934
931
392
25
19
338
23
83
953
88
348
958
13
960
422
426
193
197
205
27
989
994
49
998
225
60
76
836
5
90
9
855
15
5
147
84
151
9
525
14
12
269
258
163
278
442
5
50
54
277
282
42
33
37
40
44
54
130
60
134
408
55
248
60
418
254
141
5
101
105
109
155
25
29
210
214
54
1189
1193
305
70
13
235
19
239
324
12
5
1221
1054
11
1058
28
32
8
76
1069
80
1021
18
57
22
16
1257
20
637
1264
463
467
6
1110
10
1120
1064
939
12
1295
1300
20
948
1304
5
960
9
1327
1331
15
980
1149
627
1134
26
6
48
1143
53
1153
857
22
861
71
75
319
79
39
768
604
608
179
327
28
32
337
341
198
347
151
351
209
1213
1217
495
363
367
341
371
353
357
91
977
208
154
158
114
118
1005
1009
289
1013
811
1524
441
445
449
1543
453
839
1557
1418
1398
1422
1383
1110
1114
930
1118
1592
1596
1129
1600
1280
1606
1284
286
931
291
1616
938
1079
1083
793
797
1638
801
986
844
1652
848
1300
818
1304
826
830
1318
834
1151
849
1155
845
950
954
864
958
863
867
757
1719
878
1724
873
767
1723
771
882
1304
893
1308
902
1251
906
1087
386
912
390
919
1102
923
1277
1092
1630
1096
1638
574
1107
949
1111
1137
1142
592
1146
1309
1313
1131
1317
1114
1118
613
1170
619
1004
1334
868
873
1010
1002
1200
1164
1007
1209
735
734
1877
740
1881
1029
748
1033
604
756
1037
1698
1702
1064
616
1706
772
776
624
1056
1921
882
1925
635
991
640
892
1732
976
1736
1003
1106
680
814
1750
989
1754
1495
1499
1964
829
1129
1133
1013
1137
1185
1189
1788
1155
1159
1801
931
1064
1068
937
1053
782
1815
790
912
794
768
918
703
1842
707
781
1849
1853
1857
1861
2071
1509
1513
1319
1329
1145
1149
1351
862
871
1369
1373
1758
1377
1612
790
1616
1388
798
1283
1287
814
1106
1110
825
1414
1114
1113
1117
1120
1428
1264
1268
1122
966
1126
970
974
978
978
1141
982
2244
2248
2090
2094
1702
1706
1755
1710
1719
1568
1621
1574
1254
1632
2305
2309
1287
1687
1269
976
1693
980
1302
1132
1136
1870
1442
1446
1450
1158
1162
1166
1170
2439
1174
2444
2297
2301
2094
2098
2102
2474
2106
2491
2495
2129
2133
2137
2510
2141
2516
2520
2147
2525
2529
2531
2535
2163
2542
2306
2545
2549
2178
2323
2556
2083
2190
2566
2089
1598
2571
2575
2147
2411
2210
2268
2592
2158
2596
1962
2591
1628
2226
2596
2174
1444
2178
2293
2619
2100
2018
1458
2621
1462
2388
1468
2392
2263
2634
2638
2126
1881
1485
1885
2649
2059
2655
2063
1720
2208
2051
1810
1814
1796
2236
2240
2329
2244
2722
2726
1841
1379
1737
1383
2737
2363
2448
2367
1751
2740
1756
2592
2378
1864
1868
2474
1874
1878
2312
2400
2620
2456
2460
2417
2273
1902
2279
1906
2343
2431
2192
1914
1918
2120
2832
2446
2836
2208
1886
2212
2134
2850
1710
2854
2227
2002
2866
2006
1728
2723
1539
2341
1615
2884
1619
2891
2740
1915
2736
1921
2740
2368
2327
1571
2331
1931
2012
2064
2068
2022
1784
2028
1759
1798
1763
1769
1573
1577
1982
1919
1923
1816
1927
1597
1601
1749
1753
1830
1650
2679
1656
2690
2439
2443
2447
2451
2455
2459
2463
2467
2471
2475
2479
2483
2039
2487
2495
2499
2055
2503
2509
2513
1845
1851
1855
2378
2384
2388
1866
2392
3166
3170
2884
2888
2699
2703
2452
2456
1983
1987
3253
3257
2978
2228
2982
2238
2007
2419
2015
2019
2434
2023
2027
2031
3385
3389
3243
3247
3251
3255
3259
3415
3010
3014
3429
3258
3262
2829
3069
2839
2684
3080
2693
2697
2894
2478
2906
2729
2491
2735
2494
2502
2508
2512
2505
2520
2524
2328
2528
3034
2755
2338
2539
2543
2348
2547
2770
2572
2256
2363
2367
2269
2590
2594
2598
2447
2451
2302
2306
4020
4024
3839
3843
3507
3511
3515
3519
3358
3362
3189
3193
2817
2821
4232
4236
3546
3550
3554
3558
3394
3398
3237
3241
71
75
79
81
86
87
90
91
90
95
102
106
142
146
149
5
154
158
6
164
170
17
177
181
184
185
8
195
12
201
203
208
48
214
6
54
69
221
228
228
232
81
86
95
243
37
105
254
101
258
262
6
267
272
272
277
281
92
282
100
34
38
42
103
107
172
30
324
330
334
335
169
170
346
175
351
179
62
188
189
5
367
73
78
375
381
199
14
203
391
5
211
215
11
143
219
406
259
122
263
230
5
9
437
441
449
5
264
456
5
16
465
20
16
470
474
28
478
487
299
18
303
25
25
507
5
57
61
45
65
71
69
75
57
539
543
547
549
49
53
103
57
61
198
580
584
585
7
410
11
12
160
164
12
16
622
475
438
479
160
164
457
461
465
662
25
471
29
673
675
5
688
9
712
716
716
77
722
529
487
533
186
732
581
499
16
744
199
748
397
753
569
515
345
73
349
55
59
87
55
59
6
434
12
16
210
660
473
151
477
48
52
169
847
851
663
859
96
866
517
5
107
873
5
883
16
704
5
36
903
666
24
670
764
32
768
280
76
268
934
5
47
464
305
305
309
313
970
974
331
368
372
984
628
205
383
425
440
238
242
660
82
242
246
669
93
261
97
363
266
261
1053
266
373
277
115
229
204
5
1075
5
13
292
764
296
303
16
256
305
235
309
626
313
165
18
22
6
1130
10
349
911
387
915
394
825
5
737
673
11
1161
315
20
702
706
385
29
389
704
1193
532
168
5
413
184
419
16
16
559
563
23
434
28
1235
13
439
1239
47
1030
300
5
48
52
323
1067
98
913
457
18
107
22
14
5
509
513
80
5
44
9
13
16
540
544
519
548
84
88
1375
1379
576
1220
1391
5
94
1400
9
679
1240
391
1246
395
5
1046
11
408
43
415
419
23
423
29
21
227
303
81
211
85
32
38
1094
224
1042
888
1049
744
289
73
58
77
883
887
1130
771
442
661
446
1532
296
1536
1536
673
154
678
1378
747
1385
751
826
287
291
1561
571
295
1567
969
157
343
164
621
981
625
991
828
611
832
350
354
1277
1281
1285
453
457
387
461
709
467
493
840
401
414
845
849
505
853
1663
859
1667
346
1051
350
1057
1683
1061
1067
887
905
1696
527
368
1710
1704
372
902
907
924
911
1721
1245
1733
1530
1534
1750
1538
1265
1110
1303
1761
1764
950
1766
1313
793
1125
1129
903
972
907
1792
980
1796
1519
716
826
1524
990
1046
994
1810
1481
1384
1485
736
458
1008
1829
1836
1650
1840
1839
1843
1846
1664
1089
1436
491
844
495
1447
1051
1451
1875
1058
1881
1885
1891
1889
527
1899
531
1082
1900
889
1904
1091
1919
1707
1096
509
1714
513
1923
1108
1115
1119
1123
1535
884
1523
920
1134
924
899
726
1317
1986
1752
1161
1756
2001
2005
1625
2009
775
1635
600
1639
2020
1377
1645
1224
1097
1102
1125
2034
1235
998
2046
1002
1144
1008
969
2059
2063
649
2067
983
2071
2100
2104
2105
1002
2110
1006
2093
2116
1890
2120
1057
1973
1747
2110
2116
859
2120
1758
1916
1662
1249
2151
2133
2137
2162
2141
1266
1019
1684
2153
1025
2157
1319
907
1323
1533
954
958
2200
2204
2179
2217
2221
915
2021
2233
2027
2237
2230
927
1999
1512
2003
1858
1863
1862
2249
1526
1198
1345
1873
838
1878
1207
2277
1357
880
2272
1449
2277
1627
855
1227
1231
2290
868
881
2299
1650
2303
892
917
2311
1666
2315
2337
2193
917
2197
1514
2201
1691
1695
2345
1699
1529
1222
1707
1226
2364
1232
2212
2388
1721
2240
2393
2220
1621
1247
2254
1954
2098
1632
1583
1263
1588
2423
2110
2427
2428
1854
1858
1378
1382
2284
1388
1394
1392
2295
2465
2313
1318
2317
1697
2323
1419
2327
1331
1426
2040
1258
2332
2336
2340
2194
2344
1363
2350
1367
1283
2207
2229
1943
1381
1385
1955
1389
2377
2254
2382
1402
1406
1816
1412
2273
1827
2169
2173
1727
1256
2406
1733
2410
2297
1267
2304
2308
1588
2160
2001
2097
2005
1603
1607
2107
1350
1652
1356
1656
1879
1660
1449
1453
1891
1895
1727
1731
1735
1543
1547
1359
1363
2717
2721
2725
2729
2733
2737
2741
2581
2585
2589
1811
1815
1819
1618
1622
1626
2554
1630
1639
1643
2303
2309
2143
1425
1433
2157
1966
1970
2849
1980
1793
2865
1797
1565
1569
2895
2899
2901
2736
2748
2752
2747
2753
2376
2526
2932
2936
2535
2765
2390
2120
2775
2124
2188
2192
2640
2196
1772
2648
1776
2059
2063
2658
1782
1790
1795
1790
1799
2677
1799
2681
1810
1814
2689
1818
1633
1638
2699
2703
1652
2709
2713
1663
2721
2725
1678
2729
2738
2599
1695
2603
2565
2607
2575
2579
2622
2583
2406
2410
2594
2253
2257
2461
2084
2473
2477
2097
2483
2487
1932
1938
1782
2498
1790
2320
2324
2179
2183
2187
2191
1983
1987
1823
1827
2781
3244
3248
3252
3019
3023
2823
2827
2592
3643
3649
3653
2603
3659
3503
2409
2415
2419
3514
3353
3357
3361
3218
3222
3062
3066
2872
2876
2725
2729
2733
2737
2741
2745
2749
2753
2757
2761
2765
2769
2773
2777
2781
2785
2789
2793
2797
2801
2805
2809
2813
2817
2821
2825
2829
2833
2837
2841
2845
2849
2853
2857
2861
2865
2869
2873
2667
2671
71
75
79
81
85
86
90
91
95
140
144
157
161
162
169
13
173
174
180
182
184
196
200
202
9
15
213
216
217
222
224
228
228
232
235
236
239
20
242
242
247
43
255
47
260
265
114
271
276
277
280
280
284
66
288
8
302
12
40
309
45
323
327
140
333
339
151
186
350
354
350
129
365
369
210
229
233
380
24
397
5
407
404
411
16
417
418
264
422
419
196
426
5
38
434
42
48
18
52
449
460
5
63
67
219
73
482
77
230
132
5
9
5
509
9
285
360
289
352
356
126
130
541
545
344
92
326
5
356
408
336
412
16
115
186
357
120
133
5
200
204
437
443
610
69
614
154
10
8
617
6
17
20
22
630
25
21
80
84
34
651
38
40
171
50
10
54
60
315
64
25
327
188
40
10
705
199
124
5
260
25
25
29
734
738
739
509
513
216
47
220
765
5
770
6
775
473
13
477
198
792
23
796
240
26
245
33
803
608
659
544
40
44
48
204
205
625
209
833
215
837
639
72
499
503
93
7
238
11
598
453
457
20
9
24
887
468
14
688
692
898
293
904
909
490
351
6
10
287
291
368
789
5
216
5
316
229
233
364
237
30
34
51
379
383
70
1011
1015
396
868
402
872
864
267
868
882
275
18
101
697
275
108
279
901
1062
1066
136
1070
54
154
5
474
262
249
5
22
9
179
5
770
778
40
18
514
518
25
59
313
807
5
47
1171
1175
1179
1183
1183
1019
567
966
743
6
577
853
581
1034
940
945
21
983
764
5
803
68
995
72
15
1235
787
611
6
1242
840
844
217
21
5
9
856
7
466
470
513
241
247
373
74
211
857
1140
384
1144
221
1327
5
122
238
127
231
686
690
248
694
243
629
248
1350
1107
254
125
129
9
649
13
1376
464
27
31
472
1137
206
293
11
297
217
21
5
29
151
1209
155
10
1214
43
1222
482
5
18
9
42
30
14
18
93
97
29
33
158
37
70
254
258
104
97
355
101
115
1089
1093
1097
116
1101
377
1107
581
1111
131
1545
1550
139
594
1554
1126
883
150
1565
1412
1416
895
1260
167
171
627
1273
448
963
760
182
1604
187
969
467
726
276
780
1625
1629
1323
745
1327
221
226
446
450
236
297
1169
1173
328
334
1441
1445
737
262
325
743
329
1695
1137
1700
1141
753
1707
1708
588
1712
960
1158
1156
1468
1472
1326
1079
1330
1021
1005
1025
626
1093
630
523
326
636
1199
1107
1025
1111
1066
651
1070
1037
346
954
1042
663
667
900
1794
1800
1503
1507
1325
914
1329
922
1826
926
1835
758
1839
1096
1591
1014
1595
578
1441
582
867
871
1863
1451
430
1299
639
881
885
1878
1136
652
478
901
482
610
464
614
757
761
620
791
479
795
627
633
631
1362
640
634
638
1054
1058
654
1385
660
1389
1069
1074
1220
675
1824
527
1831
1240
1835
538
963
967
1107
859
863
1120
721
1125
1131
1874
946
952
993
696
1888
2052
702
1691
977
758
718
722
664
726
1924
672
1040
863
1939
867
1946
694
1950
679
1962
1344
699
1348
1058
922
930
788
1073
792
1081
1800
1085
1091
1813
1817
1838
1821
1827
1831
1850
2206
2012
1606
2016
1847
1851
2228
1855
1861
1636
1865
2242
1636
1640
2250
2252
1880
1338
1884
1659
1671
1347
1675
2275
1679
1901
1905
1534
1909
1693
1544
1548
2153
1920
1924
1401
1928
2169
1934
2173
1569
1416
1272
2184
1276
1419
1953
1425
1484
2025
2029
1435
1814
1601
1496
1347
1291
1885
1354
1889
1303
1061
1464
1065
1370
1472
1917
1470
1489
1474
1175
1262
1876
1652
1272
1656
1194
1667
1671
1289
1088
1092
1682
1686
2470
1690
1481
1485
2482
1939
1648
2233
1321
2496
1325
2246
2504
1666
1670
1480
2286
1484
1702
2293
1706
1495
1499
2043
1503
1719
1724
1348
2058
1498
1589
1502
1363
1221
1225
1605
1229
2587
1429
1337
1341
2611
2615
1454
1161
2622
2480
2455
2486
2342
2466
2472
2211
2353
2210
2214
2227
1328
1336
1340
2245
2086
2090
1931
1935
1650
1654
2722
1658
2731
2578
1671
2587
2591
1528
2307
2313
2164
1543
2771
2775
1390
2614
2784
2788
2183
2792
1406
2796
2633
1499
2804
1503
1422
2811
2817
2823
1436
1440
2664
2668
2838
2842
2846
2298
2302
2306
2152
2156
1885
1889
2884
2894
2408
1743
2412
1753
1520
2031
1526
2042
2046
2940
2944
2724
2728
2764
2568
2737
2741
2779
2587
2591
2488
2595
2217
2601
2221
2503
2349
2065
2353
2616
2621
2200
2625
2083
2208
1892
2636
2640
2220
2644
1909
2648
2652
2656
2660
2664
2515
2519
2373
2377
2160
2164
1976
1980
3144
3148
3152
3156
2668
2672
2676
2391
2395
1929
1933
1937
1941
3372
3376
3380
3384
3388
3392
3396
3400
3404
3408
3230
3411
3421
3425
3246
3429
3093
3097
3451
2838
2842
3464
3319
3323
2694
2703
2558
3180
3190
3015
2574
3019
2434
2438
2873
2877
2686
2690
2444
2448
2264
2268
3750
3754
3529
3533
3389
3393
3397
3401
3155
3159
2972
2976
2817
2821
2623
2627
2631
4079
4083
3809
3813
3817
3643
3647
3651
3655
3659
3663
3667
3671
3675
3679
3683
3687
3525
3529
3533
3180
3184
3016
3020
3024
2748
2752
2756
2760
71
75
81
85
86
90
91
96
102
100
102
106
114
141
145
5
9
156
162
166
20
169
173
174
26
30
185
189
193
195
199
200
205
209
212
216
11
15
71
21
32
82
240
5
244
11
78
23
253
27
14
24
18
100
268
42
100
104
82
108
285
112
290
294
297
154
304
308
13
6
172
330
335
336
192
12
5
19
351
13
356
361
360
22
368
191
30
29
229
376
34
40
5
46
6
55
59
63
414
67
83
87
436
440
46
59
63
447
76
80
476
480
88
9
13
331
493
351
499
355
122
520
524
527
528
30
534
46
50
382
54
403
407
555
72
76
80
228
205
5
11
15
287
291
257
83
613
87
618
432
47
436
259
110
143
114
482
149
655
155
659
345
83
663
498
502
320
682
324
378
330
498
696
700
119
340
704
352
708
718
569
722
402
367
372
730
415
5
744
8
244
600
754
440
30
774
778
782
36
315
52
56
796
483
802
5
807
67
811
455
307
311
263
267
19
114
118
655
659
19
23
42
5
709
390
10
150
570
124
887
891
423
44
38
42
912
916
475
479
782
239
304
12
943
16
232
951
257
239
54
672
962
676
110
342
5
698
9
1004
1008
716
747
5
549
760
8
764
125
23
13
27
24
23
38
792
796
81
598
411
1072
785
856
395
422
26
10
14
596
18
836
379
420
54
425
431
1129
435
66
402
406
272
276
275
279
1158
283
52
5
277
281
61
296
16
343
306
347
114
1188
5
1193
316
1197
361
976
220
937
351
832
355
207
154
211
844
44
5
1238
168
1243
11
54
59
58
1102
970
67
184
705
188
1112
984
945
290
294
298
576
580
963
421
738
742
658
79
432
1310
84
752
756
673
258
262
1155
266
691
439
116
636
640
500
1361
504
307
311
1380
1385
1389
379
1393
487
386
491
1404
549
394
186
400
190
1419
1245
194
1426
1430
367
1434
1263
575
262
579
223
1451
1455
277
1459
399
600
404
293
410
297
612
1477
420
1107
424
308
1492
1506
1496
632
438
1341
442
879
1512
1528
1516
1534
1538
898
1542
999
1003
1156
845
748
752
851
687
1170
1574
1174
501
505
615
1581
1585
1602
1610
1614
986
495
499
1013
1017
1004
1021
561
565
1646
569
876
575
880
946
1661
759
519
766
523
590
597
1068
601
568
1676
1680
791
797
1522
1098
1526
633
637
755
610
1120
1124
1229
780
604
1137
608
673
1145
1259
941
690
945
1164
1168
1172
956
962
713
966
855
1809
1445
803
726
731
809
1825
1456
875
663
667
1288
1843
671
1849
1853
750
1303
1859
996
761
1003
1701
863
1697
705
1703
709
1887
1892
1684
721
1688
1722
1100
1736
1106
1521
1637
1737
907
1545
1647
1119
1549
1537
1116
1355
1124
901
1128
1366
910
1344
1348
1143
1352
923
927
1155
931
1368
935
939
1996
789
2003
1804
800
1810
1217
1814
811
1108
2031
1112
1079
2037
2041
1087
2043
1797
1093
916
1806
1810
863
1167
1815
1533
939
1537
880
1186
1005
1340
1009
897
1349
1180
1020
1032
1036
1197
1040
1044
1048
1077
1052
1085
1775
1604
1608
1439
1443
1447
1289
1293
2210
1297
1307
1119
2228
1123
1129
1133
2243
2007
2252
1144
1148
1152
1156
2271
2031
2134
1570
1167
1171
2146
1175
1586
1275
2132
1279
1190
2017
1195
2142
1290
2324
1294
2028
2329
1961
2033
1136
1140
2341
2345
2341
1977
1652
2352
2054
1656
2353
2359
1664
1520
2365
2144
1939
2148
1533
1947
1537
2383
2159
1998
1216
2397
2002
2104
2109
1969
1228
2113
1871
1876
1240
1880
2127
2131
1776
1782
1257
1632
2142
2445
2445
2295
1638
1617
1647
1621
2163
1476
2167
1632
2317
2175
1296
2479
2175
2483
1332
2186
1312
1504
2198
2330
2197
2204
2053
1355
2341
2345
2349
2065
2353
2224
2229
2359
2080
1843
2369
1847
2244
2249
2379
1858
1862
2259
1866
2394
2399
1872
2274
2593
2409
1759
2286
2605
1763
1896
1900
2473
1773
1777
2305
1781
1684
1688
2492
1510
1591
1595
2327
1522
1601
1526
2338
2368
1609
1615
2356
2360
2391
2020
2024
2374
1693
1697
2385
2714
2389
2720
2395
2724
2728
2389
2405
2393
2738
2458
2415
2260
2264
2471
1734
2433
2437
2769
2441
2447
2256
2451
2058
1760
1765
2066
2269
1769
2466
2470
2095
2474
2084
2088
2104
2485
2489
2830
2114
2103
1932
2840
2844
2504
2552
1951
2556
2516
2128
2562
2132
2530
2534
2067
2538
2153
2544
2157
2079
1990
2083
2557
1832
2561
2173
1882
2178
1848
2583
2587
2201
2591
1914
2209
2208
2213
2602
2043
2047
2616
1904
2626
2630
2233
1917
2636
2640
1927
2652
2656
2254
2463
1945
1949
2264
2474
2007
1962
2011
2098
1967
2105
2109
1978
1829
1833
3110
3114
3118
3118
3129
2858
3133
2862
3146
3150
2448
3161
3165
2464
2310
2314
2919
2925
2929
2165
3197
3018
3202
2721
2176
3031
2958
3035
2739
2744
2971
2748
2861
2865
2585
2377
2989
2993
2388
2824
2603
2396
2607
2835
2839
2406
2405
2621
2626
2413
2630
2230
2255
2234
2641
2645
2079
2649
2270
2275
2089
2279
2380
2285
2120
2391
2124
3421
3425
3244
3248
3252
3256
3260
3264
3268
3272
2614
2618
4301
4305
4152
4156
3881
3885
3700
3704
3426
3430
4944
4948
4562
4566
71
75
79
81
85
86
90
91
95
140
144
157
161
162
168
169
172
174
180
6
180
185
184
13
193
195
23
200
204
206
5
9
5
9
231
235
236
6
244
10
250
52
258
56
265
271
269
276
280
282
117
121
292
300
304
140
144
319
5
325
9
329
331
331
182
102
188
347
192
13
356
166
170
368
372
378
5
16
44
228
33
25
39
5
403
420
424
424
428
81
5
9
80
5
456
9
464
467
318
72
479
483
197
485
494
203
498
496
138
500
319
507
323
13
514
513
22
84
88
362
530
534
538
542
402
546
558
552
562
414
67
560
573
424
577
576
571
405
586
584
413
189
16
599
262
608
442
31
446
209
622
627
6
238
242
18
22
496
500
288
504
503
295
507
83
515
519
514
523
680
24
28
689
693
697
701
711
5
540
719
15
723
15
564
19
572
69
580
744
584
751
756
593
597
601
443
773
52
56
457
97
101
132
136
60
140
638
642
449
646
77
81
7
680
11
687
517
5
9
705
499
194
500
249
877
515
519
729
891
10
5
898
610
10
353
357
23
27
27
427
5
44
944
948
23
27
956
296
300
971
982
5
168
172
997
5
399
403
1008
1014
409
1018
1019
692
419
46
588
219
592
47
229
51
459
1048
463
448
452
726
302
1073
1077
314
804
747
157
529
1094
164
5
822
571
404
408
27
31
29
33
244
37
514
518
36
40
11
594
44
50
1010
54
637
492
60
34
1024
39
1028
9
870
14
727
84
731
25
741
745
182
245
148
152
251
282
101
196
86
90
150
52
56
300
130
122
134
250
254
1124
258
146
145
149
195
153
677
159
681
1158
209
515
1161
1165
64
1169
1336
1340
974
838
83
1014
1018
807
813
255
291
657
1216
1220
252
299
269
304
1232
277
1236
1404
315
320
289
1245
324
284
335
339
1432
716
345
419
1273
1443
278
1447
429
286
274
220
1458
278
1468
1472
1469
1309
1479
1041
1484
247
1314
1318
1053
1332
1336
999
1342
1070
828
718
832
1197
1201
1359
1041
733
545
1369
1546
1052
1550
1556
1562
1560
877
1392
1571
1157
1569
1573
1411
1371
1377
1175
934
910
1387
1420
943
1190
1165
1017
1432
1021
769
773
963
1191
636
1195
765
760
764
648
1205
442
1656
496
1660
786
1221
792
1225
561
565
1240
1244
817
1248
1702
1254
1706
561
676
1709
681
1264
924
1717
928
1062
819
702
806
1740
810
829
580
717
1298
549
555
1759
1310
1408
683
1066
692
1070
1422
775
781
1791
1795
1290
1796
1506
1802
1510
806
1124
812
1128
1595
1315
824
1010
1176
831
1612
835
1191
841
1551
845
1224
799
851
803
1562
1095
1099
1572
813
1583
817
1434
1258
1262
1443
1266
892
896
1090
900
1912
1705
717
1709
921
1713
1719
1641
933
1126
1319
1323
945
1327
1367
953
1371
1066
1672
914
1074
918
1433
918
1769
1773
981
1451
1193
939
1790
1199
1794
1083
950
1008
776
1801
1155
1806
1017
1100
788
1022
909
913
1029
2043
902
1617
1183
1187
927
1634
931
940
1377
2075
1883
1383
2088
955
2093
1893
1923
1744
1398
1090
1405
880
1756
979
995
999
891
1956
993
997
1567
986
1972
907
1008
1020
1012
1583
921
925
1275
1026
1030
1355
1359
943
1363
1299
1160
954
1164
1379
967
973
1228
1881
1232
1889
1744
1748
2240
1472
1480
1253
2255
1257
2074
2269
2078
1268
2278
2278
2282
1282
1286
2061
1290
2113
1296
2117
1935
2074
1939
2144
1930
1934
1311
2091
1797
1940
1944
1328
1948
1812
1682
1650
1954
1643
1343
1647
1662
1966
1466
1700
1378
1183
1976
1480
1981
1189
1389
1217
1491
1221
1996
1499
1508
1250
2016
1254
1863
1867
1871
1875
1879
1883
2275
1744
1758
1433
2299
1437
2157
2161
1453
1412
1257
1261
1291
1295
1934
1938
1633
1637
1477
1481
1304
1308
1312
1952
1316
1322
1326
1966
1972
1976
1337
1771
2616
1775
1348
2624
1783
2628
2634
2638
1369
2642
2261
1516
2267
1520
2464
2468
2058
1671
1532
1536
1540
2072
1914
1691
1918
1701
1536
1687
1542
1698
2717
2391
2395
2225
2229
2233
2237
2095
2099
2762
1907
2773
2572
1922
2786
2790
1934
2794
2591
1944
2354
2617
2621
2363
2815
2453
1959
1964
2373
2466
2180
1979
2184
2844
2533
2401
2537
1897
1901
2108
2001
2415
2254
1911
2258
2128
1921
2132
1620
2030
2034
1982
2038
1940
1944
2048
1948
2059
2063
1963
1969
2019
2074
2078
1824
2082
1988
1832
1992
2093
2097
1999
2101
1847
1866
1870
2112
2116
2120
3000
2124
3009
3010
2135
2139
2833
2143
3029
2681
2846
2685
2159
2358
2367
2223
2177
2227
2185
2189
3075
3081
2880
2200
2889
2705
2215
2709
2227
2231
2468
2237
2241
2479
2312
2316
2252
2068
2072
2266
2076
2276
2280
2087
1990
1994
2098
1935
1939
3209
3213
3055
3059
2820
2824
2828
2671
2675
2148
2152
3595
3599
3363
3367
3196
3200
2911
2915
2919
4010
4014
3868
3872
3664
3668
3507
3511
3515
3519
3334
3338
3147
3151
2922
2926
3770
3554
3558
3562
3240
3244
3042
3046
4349
4353
4357
4204
4208
3991
4212
4218
4222
4006
3555
3559
4072
4080
3867
3395
3871
3404
3408
3882
3890
3726
3421
3427
3431
3737
3483
3487
3491
3495
3499
3503
3507
3511
62
66
75
79
93
97
108
112
133
137
139
143
144
148
149
153
156
157
5
177
183
11
187
188
194
198
202
204
209
212
213
221
5
77
81
233
40
46
247
251
12
252
257
261
267
269
13
17
5
9
291
297
301
305
312
316
316
320
133
137
141
346
350
53
57
212
8
20
374
25
11
18
381
22
387
29
6
10
402
406
409
251
176
257
180
422
421
263
209
267
83
219
87
278
294
42
209
213
456
305
466
309
224
319
475
323
69
235
485
239
490
245
494
320
497
325
502
12
511
16
44
48
533
5
538
545
395
14
150
154
559
8
412
11
416
20
24
8
31
12
40
16
284
606
420
284
424
34
294
38
307
474
131
478
112
645
649
653
158
657
661
346
665
670
376
671
155
28
159
681
64
391
693
15
699
19
404
180
256
13
89
260
717
472
314
98
726
730
731
5
500
9
7
284
11
514
440
45
315
451
284
62
7
66
5
172
11
20
5
155
9
114
826
830
329
113
435
5
843
856
848
859
863
707
859
865
33
869
718
347
724
176
880
260
184
188
272
609
613
336
17
340
924
27
428
153
271
69
724
944
728
21
167
5
954
9
34
959
961
300
12
151
107
157
984
25
988
987
993
6
7
523
527
1002
311
700
837
1019
841
714
718
459
47
463
1042
1047
8
699
263
703
1057
736
272
740
26
715
910
558
565
287
1081
42
568
388
426
432
773
401
32
405
39
268
43
52
80
16
5
11
168
29
172
83
7
11
215
1171
1027
103
1031
333
840
844
252
467
471
57
475
135
327
5
229
72
5
337
341
21
86
22
90
1246
30
1250
15
517
24
1086
22
1090
1267
1273
381
1120
919
58
52
925
56
550
621
625
77
91
5
328
99
333
93
123
100
104
134
62
108
65
5
114
462
77
299
50
836
6
12
96
100
526
1225
997
1065
1001
544
548
288
552
219
5
302
155
13
159
234
130
5
235
240
12
983
16
224
228
14
232
417
5
249
11
5
12
9
1503
18
46
1510
1348
1097
1243
76
60
64
1253
1054
68
1112
172
942
762
76
201
41
96
102
990
106
52
6
58
107
43
114
47
18
1010
121
130
134
138
288
292
296
300
1064
85
91
163
1078
167
1298
175
179
183
293
187
379
98
222
228
102
110
106
1347
117
1063
123
1067
855
414
859
967
865
971
125
255
259
1571
668
1325
672
270
163
274
521
182
169
1340
1345
178
1063
542
186
393
565
1074
504
215
508
406
261
265
1028
817
274
240
296
266
270
849
1024
1028
642
865
869
1868
1872
660
1694
1883
1887
1017
677
324
1030
1034
696
886
920
890
1926
1931
930
720
1937
1161
1165
1717
925
740
420
1431
1973
1749
979
1753
1750
1759
1754
1462
992
1466
803
1769
807
1319
1203
658
1207
480
1790
1794
1343
1465
682
519
1475
523
1299
1209
1303
1165
2072
1169
1221
1177
1229
2090
1749
2096
1244
2102
1248
1290
1760
1203
1958
1207
1930
1303
1965
581
1941
585
1277
1949
1738
1742
1293
1746
1182
1301
1186
1598
1602
741
1436
971
975
752
722
1163
726
1024
1028
1466
1032
1235
1239
1243
1435
921
932
1452
1208
1212
924
928
1660
1664
1126
1130
821
825
2146
2150
2154
1713
2163
2167
1728
2171
1604
1608
2191
1916
1920
1309
1747
2207
2211
1319
1758
1593
1329
1776
1597
2226
2231
2397
1030
1034
1455
1459
2421
1193
1202
2081
2085
2449
1883
2290
2459
2294
1894
1463
1467
2306
1490
2131
1494
1229
1878
1234
1503
1718
2150
1724
2154
1072
1076
2021
2025
1523
2029
2542
2546
1542
2050
1845
1849
1853
2332
1577
1377
1381
2342
1588
1208
1243
1212
1560
1565
1253
1100
1223
1080
1084
1111
1088
2647
2651
2655
2511
2515
2450
2369
2297
2301
2380
2189
2193
1791
1797
1524
1926
1530
1376
1937
1792
1796
1390
1655
1659
1467
1471
2773
2777
2482
2783
2789
2793
1571
2497
1359
2501
2804
2646
2811
2508
2815
1374
2664
2508
2512
2353
1844
2644
2363
2648
2848
1855
1365
2655
1369
2862
2665
2866
2055
1380
2059
2882
1389
2886
2457
1925
1919
2675
2680
2469
2684
1935
2478
1939
1950
2449
2331
2335
1799
1994
1970
1974
2000
2473
1814
1605
1609
1613
1994
1617
2329
2333
2004
1628
1632
2114
1636
2024
2028
2127
2032
1654
2036
2042
2046
1512
2056
2060
1527
2064
2068
2072
2076
2080
2084
2088
2092
3080
2096
2102
2106
3093
3099
3103
3107
3109
3111
2128
1945
3120
1949
3125
3129
2764
1801
1805
2878
2882
2784
2646
2650
2605
2611
2372
2661
2514
2518
2386
3200
3204
2850
2403
2854
2542
2546
2863
2550
2229
2873
2233
2561
2565
2883
2569
1761
1766
2575
2579
2898
2587
2591
2560
2595
2609
2613
2585
2617
2621
2625
2629
2633
2473
2477
2257
2261
1964
1968
1799
1803
3689
3693
3186
3460
2999
3003
3484
2770
2776
2780
3341
2789
2793
3356
3193
3197
3201
3205
3209
3213
2704
2708
2542
2546
2380
2384
3932
3936
3606
3610
3440
3444
3283
3287
3291
3295
3299
3303
3130
3134
2914
2918
2750
2754
2486
2490
4032
4036
3878
3882
3741
3745
3749
3558
3562
3338
3342
3346
3350
3147
3151
2954
2958
2740
2744
62
66
75
79
83
87
93
97
108
112
133
137
139
141
144
149
149
155
161
166
170
170
174
178
182
11
187
191
195
33
29
213
5
53
5
9
231
235
240
34
245
105
252
109
115
56
267
269
271
276
279
280
281
282
288
125
292
296
296
136
300
305
309
134
148
138
320
324
321
329
333
335
342
5
346
350
353
9
13
8
185
189
386
25
29
33
5
9
417
421
424
196
432
169
436
207
176
439
70
449
453
454
460
464
468
473
472
311
315
490
319
495
500
503
184
503
188
340
511
177
521
199
184
29
385
391
53
40
547
552
59
358
51
559
362
563
568
358
224
568
572
580
232
578
132
5
25
587
29
592
352
608
275
279
39
283
287
57
291
630
635
645
639
127
131
89
93
335
339
680
133
229
33
690
436
144
291
352
43
159
339
507
511
159
714
718
719
10
726
17
327
21
738
156
6
10
750
754
15
757
758
143
147
27
31
768
772
776
791
11
498
613
626
6
227
624
220
5
18
816
5
38
76
21
80
830
658
834
656
403
486
407
564
413
568
501
65
5
658
662
337
423
16
427
550
487
555
352
439
81
503
903
92
177
455
181
919
187
767
218
595
222
941
87
945
208
792
553
400
404
238
244
248
130
978
982
983
136
259
253
5
12
45
455
12
459
670
25
82
86
5
447
9
526
530
453
639
353
643
464
468
62
1060
474
1064
15
513
379
812
5
495
283
129
287
493
128
502
1099
139
844
1109
848
335
152
92
156
346
1122
98
271
352
159
5
876
41
881
169
528
888
532
30
54
1159
1163
31
388
393
8
910
15
914
55
405
1185
409
1190
999
947
210
214
1009
940
218
961
950
481
954
92
96
165
169
831
85
89
257
330
8
334
268
853
13
5
535
539
1011
1015
37
1019
27
1023
1027
1031
380
1035
56
43
47
249
253
677
356
1065
360
606
81
9
1080
14
7
367
92
371
94
98
32
102
252
256
42
37
113
155
159
266
1122
57
490
61
363
140
1142
144
507
1148
143
147
313
317
1164
321
375
379
198
335
339
210
136
398
140
1198
405
137
1495
1276
421
1280
1222
1226
1230
1522
1234
189
193
197
1537
1099
1543
1549
1260
1110
1141
668
672
1122
1566
633
523
1348
904
1185
908
1592
1596
1201
419
1192
1196
720
724
312
572
316
385
390
322
1635
1639
305
461
1645
465
709
316
1651
1658
1662
564
1275
960
964
1386
825
581
1395
1294
1399
836
1689
1693
1405
1137
1142
1311
1263
708
1705
1268
654
980
658
1326
1723
1728
1121
730
1581
734
1342
1132
1736
734
1351
464
748
1541
752
1604
1363
1609
753
1553
1557
765
487
1620
1778
547
551
1576
1580
1401
1584
1805
1370
528
1374
1380
1445
1216
540
972
826
556
830
1852
1856
1244
1321
1325
1261
1064
1583
1046
1409
598
1075
1891
1080
1518
1522
1067
1526
1097
897
1101
1438
1537
1765
1541
1452
1456
1245
1129
1249
1379
902
1383
1141
1353
1146
1177
795
1181
1368
962
1069
805
934
897
901
704
708
1631
712
2006
1639
2010
995
723
1000
2022
2026
1439
741
745
1126
1130
1456
1134
2060
1720
1049
1724
902
906
2075
742
746
1743
925
929
1925
1092
1096
1938
1100
1104
785
1108
1112
962
968
1796
972
982
1814
1818
1156
1822
1592
1356
1172
1360
1842
1847
1173
1851
1191
1195
1199
1866
1203
1195
1046
990
1050
1883
997
1889
1632
1636
2258
2264
2268
1647
2112
2116
1658
1668
1672
1866
2153
2157
1692
2161
2152
2167
2156
1897
1706
1710
1674
1714
2345
2187
2191
2180
1729
2197
1733
2365
2191
1704
1994
2377
2381
1750
2008
2012
1761
2019
1769
1469
1773
1777
2250
1781
2261
2265
1502
2269
1509
1809
1513
2280
1820
2286
1600
1823
1827
2299
1831
1615
2306
1619
1321
1842
2312
1331
2493
1335
2329
2503
2333
1180
1870
1185
2343
1191
2347
2523
1884
2351
1895
1899
2541
2371
2547
2375
1910
1915
1676
2300
1680
2394
1539
2398
2315
2087
1549
2091
2412
2416
2250
2254
2627
2631
2014
2018
1873
1877
1482
1486
2295
2079
2083
2087
2091
2095
2099
2103
2107
2111
1856
1860
1601
1605
2815
2819
2823
2682
2686
2690
2694
2698
2702
2468
2862
2472
2871
2611
2290
2300
2304
2626
2640
2461
2323
1803
1807
2476
2480
2484
2488
2249
2253
2016
2020
2024
2028
1832
1836
1651
1655
1659
1663
1667
3026
3030
2575
2579
2583
2587
2591
2595
2599
3066
3072
2753
2864
2610
2872
2502
3092
2508
2779
2512
3103
2637
2641
2949
2645
2796
2957
2209
2531
2656
2660
2540
2519
1975
1979
2232
1983
2536
1989
2322
2052
2570
2056
2335
2580
2009
2584
2067
2073
1920
3193
2033
2037
3209
2803
1947
2807
2048
2054
2634
2058
2063
2644
2066
2077
2072
1881
2655
2660
1890
2664
1939
2668
1950
1954
2682
1960
2693
2514
2518
2236
2240
3321
2244
1998
2002
3338
2995
2999
2842
2846
2516
2520
2378
2382
2197
2201
2037
2041
3437
3441
3237
3241
3245
3249
3055
3059
2893
2897
2696
2700
2549
2553
3668
3672
3676
3478
3482
3128
3132
3136
3140
2631
2635
2639
2643
2400
2404
4069
4073
3832
3836
3840
3021
3025
2849
2853
2857
2861
2865
2869
2873
2877
62
66
75
79
93
97
101
105
108
112
116
133
137
139
143
144
148
149
156
7
5
167
21
6
173
30
34
192
45
49
206
210
215
219
53
8
226
12
236
237
241
23
243
27
250
251
82
86
112
261
267
271
123
128
18
132
134
285
138
141
41
33
142
37
306
5
58
316
320
323
324
330
330
335
6
336
341
342
345
348
155
354
159
359
68
361
368
79
372
376
377
380
390
386
394
395
396
403
240
116
120
407
5
9
429
8
429
444
58
62
26
30
54
58
318
62
489
13
496
496
500
199
24
204
20
364
38
26
42
375
528
8
535
539
342
346
403
560
564
416
241
8
5
391
429
19
23
589
593
115
121
428
432
416
422
429
72
76
628
432
444
437
121
66
5
97
644
97
77
5
140
14
144
660
675
485
681
8
489
699
703
296
300
517
12
44
5
730
734
18
5
328
9
15
463
340
467
34
38
772
776
361
780
786
640
150
793
154
651
508
490
163
12
627
18
18
638
22
190
643
156
367
839
843
701
618
17
21
561
376
633
380
729
5
402
11
406
234
238
424
37
28
32
50
920
924
778
56
935
5
942
946
295
481
6
353
306
959
963
495
316
706
712
378
567
571
326
330
318
123
56
127
336
340
363
474
5
355
10
359
365
500
5
33
11
37
513
747
8
32
36
223
70
74
25
29
256
6
315
12
319
419
69
5
487
9
84
221
80
94
1164
982
998
986
113
6
992
1010
336
857
552
556
185
560
145
195
149
29
571
153
165
41
583
587
170
174
913
748
184
752
5
39
44
11
205
15
16
53
22
57
46
18
29
22
71
26
30
694
71
36
75
245
705
675
679
560
689
693
104
697
703
136
5
118
594
122
137
141
19
5
137
9
376
5
11
20
24
400
245
10
765
35
769
100
255
104
1435
25
264
268
272
276
276
67
71
282
812
83
816
64
1474
68
86
257
98
102
638
1491
1495
645
1306
114
1503
119
275
116
1317
1513
1321
1517
969
290
1522
1529
1533
879
1106
886
156
890
1117
1115
1119
1004
915
919
1566
186
907
911
1392
494
1593
500
1597
1046
1406
946
1410
1605
1615
1610
1231
1235
1239
1243
1247
1640
1646
1646
1650
1258
247
1262
1656
1104
1496
1500
1659
1663
1668
1504
1281
533
1528
1532
880
549
1144
310
931
606
891
896
1316
1322
312
747
951
751
635
331
463
965
1343
341
356
345
474
346
1358
350
774
1364
1768
361
1772
379
1630
498
503
389
1789
1641
1793
513
1393
404
408
1641
1404
1499
1512
529
1610
534
1416
1616
1122
1477
1126
1534
1430
967
1181
971
1535
1289
1293
1196
1297
1461
1303
1465
997
1211
1869
714
1529
1381
1223
1480
1897
1901
1892
1607
1611
1349
1460
1911
1915
1919
1524
1923
1484
1534
1333
1934
785
1939
1957
1943
1308
1313
1966
1159
1562
1567
1979
1759
1373
1763
1578
1977
1981
1771
1588
1592
1991
1596
2017
2021
1412
1127
1654
1419
1658
1138
1628
689
1421
695
1425
1642
1149
1290
1298
1160
1142
1662
1666
1152
1513
934
1519
938
2080
1167
1365
1540
1371
1544
1126
725
729
733
1117
1123
1019
744
2123
748
1133
2152
1034
1138
1965
1435
763
1057
767
1151
2010
1667
1860
922
926
1074
1988
1464
1081
1281
1841
1688
1285
2202
2055
1890
1857
1075
1079
2070
1852
1577
1090
944
951
1866
932
1870
1597
1746
1396
940
1881
1666
1406
1670
1532
1198
1537
1125
1543
1129
1347
1066
1070
2296
2300
1360
2130
1563
1568
1602
2319
2323
2146
1118
1970
1122
1587
2044
1627
2048
1596
1984
1600
1138
2356
2360
1836
1840
1847
1623
1627
1666
1631
1639
1643
1684
1647
1653
1888
1657
1698
1665
1455
1669
1911
1468
1472
1470
1917
1304
1462
1481
2454
2458
1471
1384
1322
1326
1393
1330
1489
1179
1496
1674
1171
1190
1684
1688
1182
1192
1196
1704
1528
1862
1532
2142
2146
1553
1988
1891
1895
1899
2000
1588
1574
1578
1797
1599
1365
1807
1369
1448
1582
1588
1371
1463
1473
1386
2328
2332
2178
2182
1837
1841
1845
1849
1705
1709
1486
1490
2782
2786
2787
2793
2797
2601
2480
2807
2636
2496
2640
2623
2460
2464
2256
2264
2478
2878
2882
2733
2737
2741
2745
2749
2911
2753
2923
2658
2609
2664
2043
2620
2059
1836
2642
1840
1846
1850
2504
2513
2517
1866
1676
3002
1686
3018
2879
2883
2726
2730
3041
2577
3046
3050
3050
2588
2152
2156
3064
2882
3070
2886
2018
2022
2564
2568
2339
2725
2343
3099
2893
2351
2897
2743
2360
2497
2763
2767
3132
2454
2515
2460
2318
2205
3146
2971
2214
2327
2975
2139
2143
2147
2080
1990
2136
2140
1996
2144
2094
2563
2150
2576
2382
1811
2386
2215
2219
1826
1921
1925
1929
1933
1937
1941
1945
1949
1953
1957
1961
2712
1965
2555
2559
1992
2563
2429
2433
2018
2022
2026
2030
2034
2038
2042
2046
2050
2054
2058
2062
2066
2070
2074
2078
2082
3082
2086
2092
2096
3096
2102
2106
2919
2925
2673
2117
3216
3220
2686
2137
2141
3234
2145
2542
2151
2546
3247
2753
2757
2165
2287
2291
2769
2121
2182
2186
2127
2190
2215
2219
3866
3870
3874
3878
3665
3669
3515
3519
3234
3238
2773
2777
2630
2634
2638
2642
2646
