5
5
12
10
9
22
6
38
37
31
39
44
48
39
66
53
55
26
77
66
75
106
62
109
53
44
35
5
35
112
43
106
153
5
33
5
44
178
145
182
167
42
5
124
196
92
5
8
56
12
207
215
212
220
217
199
221
240
196
198
183
5
178
227
181
180
6
5
181
177
242
255
158
255
6
164
256
159
258
294
260
9
170
169
293
293
176
12
129
301
275
97
97
283
90
93
52
299
19
296
295
293
297
129
296
117
267
186
155
124
6
319
26
438
80
436
435
435
437
446
441
428
420
451
432
430
504
471
451
463
41
361
424
380
330
263
491
374
225
495
497
488
498
500
493
284
499
496
513
511
510
218
518
521
527
457
533
287
271
274
260
422
578
561
565
586
434
402
400
598
395
398
587
684
687
642
240
246
655
625
658
707
700
715
444
619
731
715
732
693
467
726
663
704
733
752
490
491
682
755
769
635
487
738
635
754
598
738
713
716
755
759
819
736
765
764
725
827
831
826
780
825
828
832
835
840
769
570
771
574
571
782
574
791
872
787
785
838
784
807
890
792
809
855
802
810
903
907
741
823
818
923
893
744
895
750
835
861
849
910
888
889
967
890
969
891
972
892
971
896
874
878
970
878
879
904
858
1070
1003
1073
1003
899
1071
1009
897
898
871
1015
1019
902
861
1026
1029
1093
1037
1097
1032
1101
1102
1092
1044
1097
1047
1047
944
1049
942
1105
909
1071
955
1059
1144
934
935
938
966
937
970
939
1107
964
943
1111
966
1186
972
949
1120
1124
1127
1128
1131
1094
1135
1122
1223
1125
1127
1233
1131
1126
1029
1127
1032
1126
1127
1042
1132
1031
1037
1140
1270
1144
1048
1300
1066
1064
1062
1275
1209
1280
1287
1076
1077
1229
1223
1100
1106
1203
1202
1100
1243
1245
1209
1113
1103
1255
1220
1335
1148
1149
1229
1128
1342
1139
1326
1314
1242
1245
1317
1249
1150
1253
1241
1319
1247
1248
1177
1175
1171
1463
1466
1244
1178
1162
1189
1166
1124
1125
1199
1201
1205
1124
1208
1120
1115
1203
1202
1435
1386
1209
1433
1434
1318
1322
1419
1325
1325
1400
1423
1132
1405
1248
1248
1420
1236
1240
1424
1357
1356
1429
1252
1259
1450
1262
1453
1262
1465
1261
1387
1472
1271
1394
1260
1488
1260
1473
1493
1475
1475
1421
1476
1414
1480
1512
1505
1480
1507
1291
1589
1294
1578
1435
1299
1568
1569
1565
1301
1456
1561
1527
1520
1568
1521
1519
1574
1332
1338
1338
1513
1511
1595
1597
1601
1561
1602
1556
1369
1371
1619
1367
1371
1551
1572
1496
1638
1573
1572
1586
1572
1650
1595
1540
1499
1661
1502
1583
1594
1583
1586
1663
1587
1591
1592
1458
1462
1590
1578
1686
1583
1586
1692
1685
1587
1686
1591
1567
1695
1563
1699
1712
1680
1714
1718
1721
1701
1715
1717
1702
1770
1702
1774
1699
1773
1775
1776
1780
1778
1722
1774
1747
1739
1705
1747
1798
1741
1805
1745
1736
1811
1771
1705
1828
1709
1780
1732
1760
1774
1846
1773
1792
1752
1733
1866
1868
1866
1866
1867
1870
1754
1871
1737
1871
1741
1878
1880
1732
1814
1884
2212
2150
1804
1898
1808
1901
1901
2078
2236
1882
1907
1886
1842
1894
1841
1927
2271
1928
1875
2287
1943
1942
1862
2303
1938
1895
2306
1959
2306
1959
1947
1910
2322
1951
1909
2327
2318
2285
1965
1959
2299
1963
2303
2340
1971
1937
1968
2016
2321
1980
2329
2031
2016
2254
1995
1991
2028
2200
2404
2001
2147
2119
2105
2020
2005
2016
2059
2025
2016
2032
2032
2036
2416
2417
2088
2422
2088
2049
2095
2433
2096
2429
2497
2488
2481
2482
2448
2484
2117
2105
2458
2103
2452
2456
2459
2517
2462
2516
2525
2170
2527
2174
2531
2528
2532
2533
2185
2537
2178
2506
2507
2177
2552
2553
2517
2556
2521
2510
2558
2561
2511
2512
2573
2484
2481
2485
2488
2593
2488
2596
2482
2483
2483
2487
2606
2480
2609
2624
2625
2624
2627
2510
2627
2500
2502
2498
2639
2503
2651
2507
2659
2662
2510
2669
2522
2522
2678
2514
2680
2680
2513
2684
2511
2516
2692
2534
2525
2703
2523
2707
2724
2729
2717
2715
2554
2718
2555
2708
2533
2523
2711
2523
2529
2531
2720
2729
2542
2733
2737
2544
2539
2539
2742
2741
2540
2738
2738
2737
2741
2745
2747
2747
2751
2740
2738
2742
2746
2749
2748
2751
2755
2752
2755
2759
2760
2764
2767
2768
2772
2765
2768
2763
2767
2769
2773
2774
2768
2771
2774
2776
2775
2778
2776
2772
2774
2777
2780
2781
2785
2789
2784
2786
2789
2781
3137
3138
3142
3146
3150
3146
3145
3143
3141
3145
3144
3147
3151
3144
3144
3147
3149
3146
3146
3144
3140
3135
3127
3129
3132
3133
3134
3136
3129
3133
3135
3139
3143
3141
3142
3144
3147
3148
3145
3135
3131
3115
3113
3117
3115
3118
3119
3120
3123
3124
3128
3129
3131
3135
4271
4273
4268
4270
4251
4253
4257
4237
4232
4236
4236
4238
4242
4237
4239
4241
4241
4245
4248
4245
4249
4252
4254
4247
4251
4250
4251
4251
4253
4255
4257
4261
4264
4261
4265
4266
4270
4274
4278
4281
4280
4281
4283
4287
4289
4292
4287
4290
4293
4292
4294
4294
4297
4296
4297
4296
4297
4284
4281
4280
4284
4287
4286
4285
4289
4286
4288
4286
4285
4268
4272
4267
4268
4265
4266
4269
4272
4267
4271
4275
4278
4282
4284
4280
4279
4272
4273
4263
4261
4260
4259
4262
4263
4267
4260
4261
4262
4265
4239
4240
4242
4243
5
8
6
8
7
6
8
13
27
40
15
41
51
44
45
56
61
57
44
47
49
62
15
55
50
105
68
101
63
66
107
120
80
25
123
124
103
94
90
103
148
95
155
157
147
149
150
179
148
84
183
144
53
118
119
168
102
126
35
164
162
109
153
178
55
183
8
200
28
189
199
24
160
204
270
271
204
172
100
5
174
178
10
174
214
210
193
175
165
309
250
166
213
202
320
296
295
314
219
359
306
210
205
287
289
48
210
228
225
311
238
315
237
199
194
186
144
241
337
220
335
322
325
345
324
334
326
224
321
172
228
326
262
77
330
267
374
446
235
515
276
115
9
533
11
538
28
294
536
380
536
380
574
129
280
49
268
517
50
562
597
526
570
385
574
356
120
580
306
109
365
556
591
585
584
583
649
585
111
589
491
399
487
483
601
487
406
611
492
408
501
496
493
632
626
638
622
629
504
508
419
748
177
519
184
755
416
666
538
659
535
774
538
499
435
545
500
685
686
513
463
494
465
467
724
580
718
488
710
417
716
715
720
743
496
722
715
716
716
545
767
780
772
726
455
774
454
920
442
539
888
564
933
575
569
563
930
933
819
935
938
579
493
583
907
905
583
892
506
488
895
566
879
556
546
904
540
908
499
897
900
906
474
508
505
916
922
916
921
915
819
822
821
826
573
940
937
841
936
845
692
849
950
936
642
1121
639
613
880
638
871
969
872
964
644
876
876
648
846
1049
988
887
990
889
990
885
863
1074
867
890
1084
1084
1078
1088
702
1222
692
901
902
1161
1109
1069
916
912
912
1253
910
1124
911
1139
906
1140
866
1136
934
1131
1099
931
1098
936
1299
1162
1088
950
1091
951
1315
1318
1315
1313
1111
1336
977
1121
1119
1348
1115
1309
1347
1226
1111
1353
1115
1348
1015
1222
1329
1106
1230
1031
1337
1336
1238
1130
1039
1127
1032
1125
1036
1322
1322
1323
1326
1286
1334
1330
1285
1325
1165
1291
1295
1172
1291
1170
1292
1171
1295
1167
1340
1344
1177
1340
1308
1500
1175
1512
1320
1515
1178
1182
1370
1533
1517
1507
1386
1511
1386
1384
1517
1515
1415
1393
1520
1405
1388
1521
1524
1523
1413
1523
1408
1407
1410
1414
1246
1414
1249
1418
1421
1420
1409
1427
1259
1258
1262
1420
1259
1423
1264
1426
1445
1448
1446
1488
1443
1486
1286
1615
1616
1488
1290
1626
1291
1637
1482
1473
1631
1500
1396
1504
1392
1650
1397
1661
1400
1486
1406
1538
1357
1528
1523
1556
1507
1559
1698
1435
1569
1515
1511
1708
1517
1716
1401
1403
1592
1408
1460
1536
1592
1740
1529
1588
1620
1567
1596
1596
1758
1493
1602
1497
1618
1779
1622
1782
1793
1577
1791
1488
1788
1467
1775
1643
1647
1650
1643
1644
1490
1492
1677
1484
1544
1669
1534
1667
1664
1540
1821
1663
1551
1553
1516
1512
1726
1622
1606
1723
1594
1723
1583
1586
1708
1573
1594
1575
1734
1591
1730
1580
1602
1584
1599
1583
1603
1753
1755
1754
1751
1756
1760
1750
1758
1750
1757
1749
1760
1758
1761
1725
1827
1826
1774
1814
1745
1768
1821
1743
1745
1991
1775
1763
1766
1854
1853
1846
1847
1851
2039
1855
1859
2043
1872
1816
2062
2066
2047
1829
1891
1839
2061
2065
2068
1906
1909
1906
2079
1897
1862
1863
2087
1860
1910
2084
1856
1860
1844
2094
1847
1927
2105
1926
2356
2360
2359
2353
2339
1952
2315
2314
2310
1964
2310
2148
1965
1942
1945
1985
1986
1990
1978
1970
1971
2348
1972
1978
1976
1976
1986
2364
2373
1989
2374
1989
1997
1998
1997
2237
2225
2231
2402
2020
2022
2244
2426
2422
2424
2425
2425
2422
2425
2416
2274
2271
2454
2463
2285
2277
2471
2280
2473
2284
2291
2483
2470
2468
2468
2496
2448
2308
2303
2185
2512
2749
2303
2746
2302
2750
2200
2191
2192
2320
2492
2550
2486
2493
2495
2552
2483
2556
2555
2553
2493
2557
2818
2817
2566
2570
2573
2379
2823
2376
2829
2588
2390
2832
2837
2392
2387
2390
2384
2849
2617
2558
2394
2622
2625
2872
2408
2876
2575
2646
2652
2584
2580
2442
2584
2670
2447
2669
2576
2677
2577
2466
2672
2572
2468
2674
2674
2672
2676
2674
2677
2665
2499
2668
2507
2505
2496
2629
2498
2690
2693
2639
2713
2511
2652
2656
2723
2657
2527
2525
2661
2527
2747
2749
2748
2672
2748
2675
2666
2669
2561
2672
2757
3114
3114
3118
3115
2685
2787
2788
3126
2782
3125
2709
2710
2789
2712
2709
2701
2802
2686
2803
2805
3158
2694
2677
2679
2675
3178
3182
2832
2838
2839
3199
3199
2845
2851
2858
2861
3214
2869
2872
3232
2872
3223
2855
3237
3241
3245
2882
3233
2885
2894
2895
2899
2897
3261
2882
3265
2886
3268
3270
3273
2903
2907
3279
2909
3277
3295
3301
3303
2940
3308
3310
2950
3311
2950
2964
2963
2966
2966
3343
2970
2974
3348
2965
3352
3355
2974
3355
3363
2989
3367
3365
2991
2995
2997
3373
3374
3001
3383
3382
3018
3385
3383
3387
3385
3386
3387
3387
3384
3387
3390
3389
3385
3387
3391
3393
3384
3388
3390
3387
3386
3390
3391
3392
3394
3392
3396
3395
3398
3401
3405
3405
3402
3406
3407
3411
3400
3400
3403
3391
3395
3396
3398
3397
3393
3378
3381
3385
3385
3387
3390
3393
3396
3399
3393
3396
3382
3360
3362
3364
3368
3345
3347
3344
3339
3342
4172
4126
4118
4105
4008
4000
3978
3848
3800
3710
3669
3647
5
5
9
18
15
15
35
38
23
46
36
39
53
28
65
20
67
62
83
42
77
77
5
5
65
110
113
37
34
119
24
63
117
30
121
34
97
38
18
97
10
162
168
9
83
13
162
160
147
99
201
195
196
206
212
167
216
213
229
217
206
234
214
178
217
246
226
258
15
243
180
239
6
169
246
279
282
287
272
274
297
289
262
303
312
289
288
285
262
287
267
270
12
319
299
299
311
323
313
248
216
379
321
330
378
385
105
386
371
108
359
81
421
203
94
414
80
338
413
412
74
393
48
400
433
436
344
13
5
328
252
448
458
34
457
456
454
445
447
467
456
28
473
476
492
470
490
472
145
77
578
576
524
67
518
530
521
512
432
541
537
540
531
544
534
530
114
641
531
564
466
655
594
664
659
605
579
582
445
390
319
593
322
591
312
638
634
604
636
636
607
545
719
616
723
314
711
295
551
666
277
668
757
670
648
675
655
667
655
672
592
688
289
674
688
682
610
670
813
793
810
788
691
689
652
822
627
700
630
622
622
718
617
799
801
807
623
734
623
613
613
815
744
740
742
799
746
679
637
636
849
634
633
770
852
658
856
636
902
845
598
782
786
863
789
688
693
695
882
910
708
707
986
699
596
577
985
963
580
964
570
968
980
975
947
977
953
1004
1002
751
996
968
753
907
748
993
987
996
991
991
994
1009
977
851
1123
852
1125
819
949
1005
734
956
1008
680
1000
966
1004
1003
1007
1011
1172
1007
989
1166
1169
1001
1173
1203
1004
1207
1034
1191
983
987
1215
1200
1219
1201
1213
1173
1169
1219
1167
1021
1083
1012
1176
1153
1091
1093
1155
1089
1158
1150
954
1047
1050
1054
949
1032
1200
1040
1207
1132
1120
974
1103
1055
1107
1107
989
1061
1063
1329
1064
1068
1012
1072
1070
1126
1349
1011
1270
1358
1362
1086
1366
1282
1355
1284
1357
1105
1171
1049
1046
1289
1292
1173
1298
1124
1296
1390
1391
1195
1393
1391
1129
1390
1392
1094
1392
1322
1145
1322
1323
1403
1155
1154
1411
1156
1494
1140
1135
1349
1503
1423
1415
1412
1154
1413
1148
1149
1419
1151
1401
1155
1160
1157
1545
1160
1550
1373
1374
1619
1180
1377
1185
1174
1167
1194
1167
1582
1585
1408
1589
1589
1402
1196
1599
1659
1601
1647
1421
1607
1611
1419
1614
1607
1427
1607
1424
1506
1432
1688
1627
1674
1530
1452
1469
1542
1473
1545
1474
1547
1477
1492
1482
1490
1567
1570
1492
1490
1738
1487
1738
1589
1591
1509
1597
1514
1739
1518
1747
1616
1715
1713
1713
1717
1715
1588
1638
1589
1640
1592
1642
1600
1578
1741
1663
1584
1737
1663
1588
1583
1602
1589
1594
1590
1685
1598
1598
1689
1603
1598
1696
1694
1698
1696
1693
1695
1655
1640
1703
1699
1863
1701
1670
1665
1981
1702
1701
1997
1712
1714
1999
2006
1704
2005
1700
2004
2007
2005
1748
1752
1697
1757
1708
1759
2032
1961
2028
1963
1950
1725
1936
1728
1730
2038
2046
2049
1962
2054
1966
2057
2122
1766
2128
1981
2132
1984
1774
1768
2139
1772
2095
1769
2090
2150
2154
2094
2157
2096
1788
2161
1885
1888
2173
2177
1894
1891
2180
2185
1812
2179
1814
2181
2145
2147
2087
2089
2160
2092
2091
1945
2092
2090
1949
2100
2193
2195
1971
1970
1989
1989
1998
2220
1986
2114
2114
2222
2117
2226
2113
2001
2236
1984
2239
2117
1999
2003
2246
2004
2254
2140
2011
2257
2251
2272
2269
2272
2374
2088
2091
2016
2280
2103
2213
2197
2107
2403
2110
2305
2307
2120
2123
2125
2326
2129
2308
2129
2246
2236
2137
2233
2231
2220
2149
2165
2153
2162
2353
2354
2488
2173
2499
2176
2370
2374
2181
2160
2517
2383
2516
2386
2511
2345
2390
2391
2525
2528
2388
2360
2394
2344
2346
2547
2410
2405
2400
2558
2402
2404
2604
2399
2581
2585
2394
2589
2396
2592
2595
2386
2596
2630
2595
2595
2641
2589
2390
2640
2594
2377
2646
2645
2604
2474
2476
2657
2654
2398
2490
2638
2644
2504
2500
2686
2506
2650
2687
2656
2526
2661
2529
2707
2668
2530
2675
2719
2719
2723
2719
2725
2563
2705
2728
2731
2568
2749
2720
2585
2584
2732
2582
2771
2773
2601
2778
2611
2765
2613
2617
2764
2774
2802
2806
2635
2795
2794
2795
2641
2615
2614
2614
2618
2663
2619
2666
2823
2822
2823
2824
2826
2830
2830
2849
2662
2860
2670
2716
2867
2676
2861
2674
2865
2874
2871
2877
2877
2874
2879
2877
2876
2883
2889
2887
2890
2895
2890
2904
2890
2914
2915
2918
2907
2902
2904
2814
2816
2805
2916
2813
2813
2816
2941
2936
2977
2933
2980
2921
2984
2984
2917
2918
2983
2996
3000
3003
3006
2946
3003
3007
2947
3009
2950
2952
3012
2956
2959
3025
2963
2967
3029
3034
3029
2974
2973
3033
2981
2984
3044
2988
3048
3052
2992
3061
3065
3069
3017
3071
3073
3021
3075
3016
3085
3086
3027
3093
3095
3040
3046
3099
3103
3103
3100
3101
3104
3129
3103
3129
3105
3109
3135
3122
3113
3123
3117
3128
3137
3129
3135
3139
3143
3149
3151
3166
3553
3556
3560
3563
3561
3565
3568
3566
3558
3538
3542
3525
3523
3523
3522
3523
3524
3518
3521
3525
3522
3523
3523
3526
3529
3527
3530
3534
3537
3539
3537
3536
3526
3530
3532
3531
3513
3503
3486
3488
3490
3490
3488
3490
3494
3496
3494
3497
3497
3499
3503
3500
3504
3507
3510
3513
3514
3516
3508
3508
3503
3507
3504
3494
3492
5
5
6
17
24
22
6
35
37
39
41
6
36
62
56
66
72
74
27
80
78
90
85
99
87
101
5
104
110
102
95
96
136
99
139
145
90
148
145
149
108
73
75
136
46
46
175
178
21
178
6
192
191
93
65
36
198
230
202
210
231
181
215
219
214
218
218
219
229
241
227
242
213
262
225
227
257
22
233
226
199
218
133
222
327
329
329
162
238
193
232
235
236
322
211
326
217
24
105
367
265
367
341
354
357
339
357
13
287
343
39
341
342
292
354
398
434
430
301
417
307
412
309
57
338
423
339
339
255
434
432
398
431
445
427
263
16
359
416
446
6
385
35
279
383
279
486
281
492
526
433
530
424
533
300
413
538
287
62
542
291
66
553
529
567
538
541
459
638
538
547
443
590
493
594
596
599
513
504
479
682
454
673
450
675
384
350
621
616
618
333
697
477
338
608
709
629
712
577
553
629
547
705
563
567
615
564
561
751
618
753
550
526
661
741
698
761
765
540
765
713
751
716
736
535
533
538
737
685
781
682
750
684
754
776
756
697
762
769
706
815
812
714
818
823
704
825
794
829
691
813
950
839
819
957
833
956
832
826
830
958
603
964
842
719
863
614
853
864
733
601
725
993
999
873
568
875
870
846
748
848
829
833
806
766
1005
765
604
823
1021
761
1024
769
843
840
767
1034
839
771
1033
838
833
782
1012
783
1014
1052
859
1046
1044
863
864
1020
864
1062
1066
1039
1066
831
824
1079
816
1083
806
898
886
1094
1079
1080
901
1087
902
1115
1098
1093
1085
1126
1128
1114
1102
1134
1102
1138
1138
1141
839
840
1151
1132
837
839
811
924
1170
888
1152
890
1181
889
889
1180
884
1184
1128
863
1134
863
1195
1140
1196
1238
883
1127
1244
1116
1217
1253
1250
1253
1121
1237
1232
1263
1136
1237
1237
945
1278
947
1279
1246
1274
1130
1274
1078
1062
980
1287
1290
1246
1331
1328
1331
1248
1319
1323
1386
1259
1387
1356
1388
1363
1362
1279
1364
1368
1279
1406
1591
1274
1379
1267
1377
1269
1274
1417
1278
1613
1398
1284
1282
1267
1270
1416
1270
1453
1269
1443
1447
1648
1273
1271
1423
1659
1430
1661
1664
1433
1431
1435
1722
1438
1440
1480
1739
1738
1743
1336
1493
1754
1555
1501
1345
1509
1346
1500
1513
1777
1441
1515
1512
1420
1791
1389
1522
1797
1352
1800
1350
1374
1361
1544
1547
1367
1547
1556
1560
1381
1835
1856
1576
1595
1573
1577
1849
1608
1613
1416
1612
1861
1425
1872
1628
1584
1445
1647
1449
1605
1909
1903
1605
1909
1913
1910
1629
1693
1621
1693
1934
1702
1702
1705
1950
1707
1951
1711
1955
1713
1979
1979
1964
1982
1725
1969
1988
1983
1986
1988
1744
1985
1989
1993
1988
1990
1760
1991
1764
1765
1766
1770
2020
1775
2024
1758
2020
2022
2018
2034
2037
2018
1782
1665
2021
1782
2028
2032
1791
1788
2035
2042
2069
2041
1699
2041
1805
1808
2049
1812
2053
2057
1723
2061
2063
2057
2064
2068
2060
1953
2063
1957
1847
1851
1855
2077
1849
2086
2090
1864
1996
2088
1977
1981
1975
1979
2097
1983
1889
2102
1985
1886
1890
1894
2113
1889
1882
1995
1884
2125
1999
2001
2005
1899
2008
1903
2148
2150
1914
2155
2031
1922
2166
2170
2174
2174
2174
2161
2062
2050
2174
2052
2168
2056
2172
2059
2178
2065
1991
1991
2372
2071
2051
2208
2050
2383
2376
2058
2220
2379
2056
2224
2228
2061
2056
2393
2046
2050
2052
2055
2063
2067
2057
2068
2268
2267
2270
2080
2077
2440
2286
2437
2108
2435
2112
2445
2449
2453
2320
2456
2316
2452
2318
2317
2455
2320
2458
2457
2323
2327
2459
2465
2453
2459
2339
2343
2334
2324
2364
2324
2328
2367
2331
2371
2333
2475
2470
2468
2340
2470
2316
2475
2402
2316
2319
2315
2493
2425
2314
2506
2492
2496
2488
2485
2456
2460
2456
2464
2366
2502
2469
2364
2360
2361
2523
2490
2492
2495
2539
2496
2539
2500
2533
2538
2508
2506
2545
2506
2542
2553
2560
2561
2551
2538
2554
2542
2549
2546
2539
2543
2531
2538
2540
2559
2563
2553
2554
2555
2548
2553
2554
2560
2555
2557
2569
2572
2576
2577
2581
2582
2581
2595
2592
2596
3131
3122
3091
3072
2946
2925
2918
2921
2912
2894
2851
2829
3334
3323
3126
3043
3033
3004
2996
2951
3707
3703
3704
3706
3705
3701
3705
3704
3706
3708
3711
3715
3718
3721
3725
3729
3727
3725
3729
3729
3732
3736
3738
3741
3743
3744
3732
3736
3734
3737
3737
3741
3744
3746
3750
3747
3745
3747
3748
3743
3746
3750
3752
3756
3742
3738
3728
3729
3732
3736
3736
3738
3742
3745
3778
3748
3751
3763
3740
3761
3769
3771
3774
3774
3766
3778
3770
3782
3770
3781
3772
3781
3771
3784
3773
3788
3774
3763
3772
3766
3765
3783
3768
3771
3772
3775
3775
3776
3778
3781
3781
3787
3785
3788
3789
3795
3786
3787
3786
3818
3789
3820
3820
3792
3793
3795
3827
3799
3831
3839
3827
3825
3813
3814
3828
3818
3832
3836
3843
3847
3850
3843
3844
3858
3867
3871
3845
3873
3848
3871
3856
3867
3865
3871
3872
3882
3874
3881
3895
3885
3897
3886
3888
3894
3898
3894
3887
3909
3875
3883
3926
3887
3929
3890
3944
3944
3948
3916
3953
3917
3927
3929
3968
3961
3956
3959
3963
7246
7239
7242
7231
7224
7224
7228
7218
7220
7202
7192
7161
7162
7158
7162
7166
7161
7163
7160
7163
7139
5
6
14
18
23
5
29
40
6
41
36
55
40
50
56
15
50
69
51
33
83
31
71
97
43
102
33
96
119
32
16
40
5
156
22
71
163
82
142
183
88
180
188
10
203
32
203
108
96
197
198
45
234
5
233
104
108
234
243
104
241
135
5
268
222
11
265
266
142
8
272
281
271
284
262
284
146
125
121
162
115
164
114
314
321
312
12
332
335
318
337
136
325
80
222
329
58
59
355
366
336
367
328
371
375
236
376
193
382
138
83
429
83
403
32
411
414
33
31
462
49
35
37
478
10
454
469
7
278
450
468
449
468
470
454
455
488
475
456
494
324
466
478
494
475
471
473
513
468
462
462
537
453
509
453
510
510
457
562
566
467
464
470
574
579
582
293
571
489
301
471
494
487
307
310
595
613
505
508
601
610
636
613
636
527
712
618
644
346
650
639
549
660
641
639
724
675
565
679
561
737
660
655
751
703
585
752
709
713
715
712
773
694
745
692
696
730
752
734
746
809
745
751
848
762
761
763
828
771
760
766
770
880
762
884
782
757
896
512
767
767
453
758
943
430
821
898
822
857
765
891
925
818
881
769
845
933
933
864
787
968
833
825
827
987
832
583
832
999
828
1003
1006
822
895
835
896
845
888
827
1035
806
1036
1018
1036
1013
1039
1026
917
1026
1029
916
889
1038
887
1038
1048
1005
1051
947
999
915
647
961
628
1080
1084
1025
1088
1028
1099
995
924
1070
1061
977
1064
1027
1056
988
1033
981
963
961
1076
952
1079
1043
994
1038
1034
1177
1180
1004
1031
1183
992
1191
1020
1095
1020
1021
1209
1024
981
1215
1121
1121
988
1125
1043
1060
977
1016
963
1007
1067
1009
1077
1078
1272
1004
1296
981
1095
1298
1097
1299
1021
1200
1307
1104
1203
1309
1315
1309
1313
1311
1315
1052
1321
1320
1327
1241
1151
1159
1042
1262
1165
1265
1153
1148
1279
1136
1283
1138
1285
1142
1289
1135
1084
1405
1304
1094
1093
1133
1166
1131
1325
1066
1314
1070
1317
1184
1320
1103
1185
1321
1460
1323
1113
1201
1116
1342
1116
1342
1476
1340
1120
1122
1235
1115
1495
1487
1527
1494
1493
1490
1543
1492
1150
1274
1550
1551
1552
1285
1553
1285
1283
1285
1561
1568
1536
1289
1292
1296
1291
1585
1294
1587
1281
1590
1285
1567
1589
1286
1574
1593
1594
1489
1492
1588
1497
1304
1613
1601
1595
1302
1606
1513
1516
1515
1623
1525
1622
1330
1555
1627
1541
1537
1623
1541
1627
1356
1547
1544
1653
1548
1657
1544
1592
1548
1538
1603
1541
1712
1715
1718
1611
1562
1728
1556
1731
1735
1737
1718
1737
1722
1646
1733
1727
1587
1724
1725
1659
1658
1593
1660
1590
1573
1575
1665
1739
1735
1732
1738
1692
1739
1696
1797
1798
1800
1616
1715
1711
1702
1703
1703
1705
1709
1712
1716
1656
1617
1715
1839
1814
1843
1844
1630
1834
1631
1738
1840
1837
1744
1644
1917
1854
1919
1857
1909
1859
1775
1778
1869
1788
1908
1903
1790
1893
1791
1885
1897
1866
1860
1831
1900
1810
1898
1815
1899
1903
1903
1907
1833
1908
1836
1904
1906
1845
1907
1845
1905
1849
1853
1907
1858
1969
1916
1920
1971
1886
1888
1884
1932
1935
1889
1931
1883
1933
1887
1937
1889
2006
1940
1944
1944
1948
1930
1952
1913
1945
1949
1953
1914
1934
1921
1938
1942
1916
1907
1900
2066
1900
2068
2069
2070
1967
2073
2074
2078
1979
1983
1983
2087
1990
2099
1996
2098
2101
2105
2003
2109
2049
1972
2014
2013
2124
2012
2009
2522
2139
2143
2147
2145
2145
2539
2088
2041
2089
2043
2093
2044
2097
2172
2054
2098
2102
2179
2104
2187
2111
2114
2110
2602
2104
2208
2204
2111
2209
2618
2618
2216
2130
2221
2222
2134
2230
2227
2155
2634
2700
2620
2624
2243
2172
2256
2184
2255
2256
2194
2260
2739
2264
2660
2269
2272
2271
2266
2671
2270
2767
2670
2672
2676
2280
2283
2287
2683
2790
2794
2791
2795
2788
2698
2319
2305
2797
2305
2705
2700
2312
2698
2316
2698
2702
2694
2698
2336
2702
2697
2699
2702
2703
2702
2679
2671
2651
2653
2621
2877
2881
2617
2600
2884
2888
2599
2598
2888
2884
2583
2587
2587
2900
2588
2906
2586
2579
2576
2572
2916
2574
2911
2916
2920
2924
2926
2603
2929
2607
2935
2606
2585
2580
2577
2581
2959
2572
2960
2963
2967
2574
2973
2587
2583
2984
2585
2986
2986
2588
2989
2992
2994
2984
2979
2982
2980
2983
2987
2990
2989
2991
2991
2977
2977
2973
2976
2962
2958
2956
2960
2957
2961
2965
2966
2968
2971
2975
2979
2982
2982
2965
2969
2970
2974
2978
2963
2944
2948
2950
2950
2951
2953
2955
2959
2963
2956
2955
2959
2961
2961
2965
2960
2950
2950
2954
2949
2948
3371
2950
3370
3375
3381
3384
2966
2972
3384
2974
2960
3388
3376
3376
2965
2957
3372
3375
3376
3379
2974
2978
3374
2988
3000
3002
3400
3384
3367
3362
3349
3349
3336
3340
3336
3325
3323
3327
3300
3287
3288
3278
3257
3255
3252
3250
3247
3248
3233
3237
3238
3236
3217
3220
3220
3223
3205
3205
3209
3205
3207
3201
3204
3207
3199
3560
3562
3561
3561
3559
3552
3555
3554
3545
3541
3544
3538
3533
3525
3523
3524
3527
3524
3528
3529
3533
3537
3539
3534
3538
3539
3534
3524
3519
3515
3518
3510
3511
3515
3510
3508
3510
3505
3509
3511
3513
3514
3516
3519
3522
3525
3529
3524
3526
3522
3516
3520
3520
3523
3519
3517
3519
5
5
6
21
10
17
28
17
27
36
15
22
36
24
51
37
66
44
9
69
22
82
15
36
93
5
94
115
104
118
111
6
111
138
131
120
5
38
119
154
45
32
159
44
43
5
106
137
36
52
51
154
61
155
99
13
163
24
5
170
218
168
214
29
121
220
182
226
186
230
233
220
25
12
228
14
286
235
288
225
216
289
5
12
34
253
6
245
8
254
11
321
37
7
277
321
171
328
96
297
17
305
313
301
8
83
40
42
329
57
50
446
443
343
444
29
447
15
449
358
453
358
357
5
378
333
474
390
393
484
395
487
5
330
329
405
8
420
245
239
378
429
48
432
138
435
439
538
443
99
450
71
549
60
457
558
461
466
470
460
463
575
463
479
480
484
472
592
595
487
601
505
497
509
499
506
509
508
512
628
632
631
632
630
532
634
537
540
626
629
548
628
550
555
560
565
648
650
575
654
577
663
664
595
664
609
563
614
611
607
610
553
611
615
531
529
700
702
633
535
694
524
687
522
481
652
452
442
655
713
871
666
660
415
662
831
666
831
409
400
397
847
400
767
843
771
843
926
712
708
857
708
707
857
861
723
841
724
723
834
832
837
829
742
835
838
749
751
1011
822
825
787
869
872
795
879
883
888
886
889
795
890
890
797
891
806
808
807
841
904
906
844
940
855
946
919
862
950
934
960
875
932
964
878
881
866
952
874
875
953
864
861
961
918
1018
920
1030
847
849
1038
853
1002
950
1007
864
1239
1056
868
966
863
1070
1074
853
1073
853
1077
992
996
861
996
1297
872
1295
873
1007
1108
1010
1112
856
830
1121
1024
1330
1129
1328
1333
1331
1145
1336
1322
1282
1153
1360
1362
1163
1366
1290
1297
1167
1300
1284
1176
1098
1194
1198
1190
1111
1178
1194
1197
1130
1203
1203
1199
1205
1208
1211
1475
1474
1477
1480
1234
1233
1227
1183
1497
1187
1501
1504
1494
1276
1510
1502
1267
1283
1274
1280
1276
1279
1283
1279
1281
1291
1282
1291
1286
1548
1289
1267
1271
1574
1299
1577
1299
1577
1302
1288
1584
1336
1293
1588
1332
1301
1597
1305
1308
1605
1611
1341
1614
1324
1350
1319
1618
1316
1622
1624
1323
1628
1629
1634
1402
1404
1396
1648
1396
1359
1654
1401
1617
1667
1407
1648
1620
1618
1681
1620
1677
1624
1685
1671
1638
1640
1701
1682
1644
1593
1671
1717
1442
1713
1711
1685
1450
1450
1711
1453
1697
1719
1702
1723
1470
1711
1731
1472
1476
1480
1470
1429
1425
1658
1427
1660
1647
1748
1439
1438
1439
1662
1581
1442
1769
1446
1452
1663
1663
1598
1668
1594
1670
1597
1823
1827
1821
1662
1820
1614
1643
1827
1826
1626
1659
1631
1631
1634
1836
1634
1852
1845
1640
1644
1866
1546
1869
1545
1544
1868
1862
1546
1859
1660
1646
1890
1649
1889
1653
1656
1639
1697
1905
1699
1903
1907
1910
1654
1910
1650
1907
1915
1652
1805
1639
1801
1803
1639
1939
1807
1943
1752
1816
1820
1810
1811
1957
1966
1811
1812
1780
1810
1778
1988
1990
1822
1825
1784
1997
1993
1985
1982
1977
1978
1981
2034
1984
2033
1985
1988
1832
1992
2048
2048
2051
2047
1900
2051
1900
2055
1910
1907
2065
1910
2068
2060
2049
2053
2053
2072
2061
2053
2057
2052
2077
1968
2062
1944
1933
1916
2110
2105
1922
1924
2091
1927
2093
2095
1935
2097
2120
2119
2122
1951
2125
2119
1957
1959
2129
1962
2122
2121
2140
2117
2126
2130
2130
2159
2126
2160
2164
2158
2139
2151
2155
2148
2145
2149
2150
2131
2118
2115
2121
2124
2124
2135
2131
2130
2131
2134
2133
2132
2142
2127
2140
2124
2141
2126
2141
2144
2139
2217
2144
2217
2207
2204
2208
2210
2211
2213
2212
2216
2216
2212
2215
2219
2356
2341
2335
2322
2280
2262
2262
2262
2257
2843
2846
2850
2847
2848
2850
2849
2830
2831
2835
2839
2840
2844
2848
2851
2855
2853
2846
2847
2845
2842
2842
2843
2839
2843
2841
2845
2843
2839
2842
2846
2842
2844
2846
2850
2850
2852
2855
2856
2856
2851
2851
2853
2857
2858
2858
2862
2863
2861
2865
2857
2857
2860
2864
2866
2868
2866
2867
2871
2870
2863
2867
2864
2867
2868
2872
2873
2877
2880
2882
2885
2888
2881
2885
2888
2889
2891
2895
2896
2896
2898
2899
2899
2888
2891
2895
2899
2902
2906
2909
2902
2906
2909
2913
2914
2918
2922
2924
2927
2929
2933
2934
2932
2928
2925
2929
2933
2933
2936
2939
2926
2923
2920
2918
2921
2925
2929
2933
2931
2933
2934
2935
2937
2941
2940
2938
2941
3521
3521
3523
3525
3513
3505
3501
3505
3509
3511
3514
3518
3515
3518
3510
3511
3508
3512
3512
3497
3495
3493
3496
3498
3500
3494
3481
3484
3486
3488
3487
3491
3487
3489
3490
3491
3495
3488
3485
3475
3469
3467
3471
3456
3458
3460
3458
3459
3460
3464
3468
3471
3473
3472
3454
3457
3425
3429
3429
3422
3425
3424
3426
3426
3427
3429
3433
3433
3437
3435
3438
3442
3444
3447
3444
3442
3437
3440
3442
3446
3447
3447
3445
3438
3441
3444
3441
3442
3439
6222
6221
6214
6202
6206
6199
6198
6191
6195
6198
6202
6179
6174
6178
6176
6179
6182
6166
6151
6154
6154
6150
6150
6154
6155
6149
6150
6145
6132
6125
6129
6108
6112
6115
6091
6089
6082
6067
6059
6056
6054
6053
6048
6052
6056
6054
6044
6039
6040
6040
6003
6005
6008
5996
5995
5996
5999
5989
5991
5989
5993
5988
5
5
11
15
23
27
6
15
42
5
57
31
43
25
8
6
72
7
5
78
9
85
44
88
78
43
97
15
103
36
102
132
98
130
64
133
121
50
53
148
151
39
94
38
87
85
89
17
156
77
119
144
26
24
100
18
99
107
88
64
28
70
24
34
22
9
10
249
143
5
18
21
270
25
154
154
9
140
279
143
144
264
264
5
5
279
272
273
272
276
5
279
297
43
6
298
288
291
288
291
287
5
254
5
5
50
27
358
325
36
288
12
23
261
357
263
359
259
397
371
261
483
7
490
494
484
496
487
110
491
388
391
414
503
12
24
505
421
6
421
411
337
341
541
305
7
307
77
544
539
576
570
462
332
229
424
426
559
430
424
579
572
380
374
615
592
375
365
618
209
581
202
584
377
162
625
375
344
637
515
640
597
595
626
630
520
622
604
520
201
446
398
520
393
522
633
361
637
358
635
634
638
657
657
647
375
656
567
664
673
669
387
672
666
666
656
693
659
366
694
357
697
700
701
692
357
395
698
362
358
355
816
349
815
725
383
768
542
769
395
737
375
705
708
517
752
712
792
716
701
936
697
774
695
888
883
819
882
783
832
827
820
822
835
826
832
827
828
829
744
737
928
717
922
831
925
910
855
912
622
737
857
870
860
868
860
937
869
928
874
927
874
879
913
915
884
673
669
887
651
914
635
935
634
621
589
925
929
951
842
942
946
1184
844
956
1187
836
1197
949
951
879
992
944
949
891
1002
956
960
896
1009
941
910
879
1020
882
1009
1013
927
895
1018
913
1018
1022
912
907
906
1010
910
1005
886
923
1012
1007
1063
941
934
930
913
934
913
1342
913
947
951
1350
1335
1115
1134
1342
1346
1349
970
952
1156
955
1143
1144
1368
1357
1152
1360
1156
1156
1364
989
991
1199
959
1140
1208
1211
1198
1151
1194
1398
1183
1197
1199
992
990
1194
1208
1196
1193
1091
1188
1094
1206
1191
1088
1026
1075
1065
1060
1063
1223
1064
1065
1065
1482
1063
1053
1061
1066
1070
1502
1068
1062
1500
1066
1499
1055
1509
1510
1510
1295
1512
1510
1280
1109
1292
1325
1109
1332
1294
1330
1266
1264
1344
1144
1353
1345
1584
1587
1349
1351
1584
1354
1573
1569
1338
1324
1321
1319
1317
1320
1429
1426
1313
1376
1376
1380
1377
1372
1453
1376
1342
1651
1450
1348
1342
1345
1344
1403
1675
1333
1337
1331
1859
1423
1494
1699
1353
1873
1436
1504
1717
1725
1509
1513
1727
1887
1388
1894
1895
1398
1896
1473
1533
1475
1537
1914
1418
1918
1419
1495
1916
1414
1415
1565
1420
1573
1582
1526
1530
1501
1501
1487
1960
1489
1457
1607
2033
1489
2046
1494
2050
1618
2041
2006
2042
2044
2010
2046
1904
1905
1908
2027
2028
2039
1918
1919
1922
2033
2022
1694
2068
2012
1705
1999
1710
2003
2005
2090
1721
1718
2009
2099
1722
1723
2017
1724
2113
2019
1720
1713
1987
1712
1992
1716
2036
2193
2144
2043
2156
2210
1742
2164
2167
2034
2035
2224
2070
2034
2167
2232
2168
2240
2169
2204
2058
2209
2261
2209
2194
2197
2083
2200
2078
1812
2291
2088
2085
2291
2295
1830
1840
2104
1839
2106
1836
2109
1835
2105
2327
2329
2152
1847
2275
2158
2279
2155
2283
2349
2352
2163
2349
2341
2333
2331
2305
2335
2310
2193
2343
2314
2313
2314
2191
2318
2362
2322
2363
2204
2198
2420
2330
2201
2199
2200
2228
2219
2220
2349
2353
2456
2359
2215
2235
2239
2364
2360
2482
2361
2484
2240
2248
2239
2359
2206
2247
2209
2249
2372
2211
2371
2210
2379
2192
2498
2195
2502
2387
2389
2543
2399
2401
2223
2566
2311
2566
2222
2322
2323
2323
2330
2329
2449
2333
2452
2606
2610
2460
2276
2273
2622
2276
2353
2353
2486
2354
2351
2354
2357
2637
2509
2368
2509
2362
2326
2363
2368
2666
2690
2374
2538
2541
2340
2682
2676
2379
2348
2338
2330
2563
2567
2390
2570
2392
2304
2742
2385
2388
2688
2753
2395
2682
2755
2756
2606
2693
2611
2694
2698
2778
2698
2768
2697
2769
2440
2707
2771
2447
2711
2778
2452
2457
2783
2655
2651
2466
2789
2792
2662
2796
2470
2664
2667
2671
2756
2678
2769
2503
2507
2834
2782
2786
2520
2786
2521
2524
2716
2720
2721
2808
2725
2871
2870
2733
2818
2822
2824
2565
2828
2755
2572
2572
2562
2906
2563
2778
2859
2778
2776
2581
2779
2770
2774
2597
2601
2785
2788
2787
2609
2789
2787
2913
2782
2784
2915
2914
2927
2930
2925
3018
2826
2827
2827
3036
2831
2947
3038
2834
2953
2957
2959
2950
3061
2945
3057
3058
2949
2951
3045
2870
2870
2961
2874
2878
2878
2879
2977
3080
3080
3076
3080
2899
3006
2913
2915
3013
2919
2921
2931
3031
3127
3129
3133
3049
3135
3047
3133
2967
2971
3131
2975
2975
2978
3133
2979
3114
3076
3124
3128
3081
3080
3130
3079
3128
3085
3089
3137
3095
3104
3105
3105
3112
3110
3110
3108
3189
3105
3109
3192
3117
3093
3095
3099
3093
3130
3100
3230
3234
3232
3107
3234
3110
3116
3171
3167
3120
3248
3180
3169
3148
3149
3178
3150
3152
3155
3194
3158
3296
3290
3281
3176
3279
3214
3208
3207
3206
3293
3207
3292
3208
3210
3213
3215
3217
3217
3313
3227
3226
3306
3228
3220
3314
3313
3315
3305
3311
3256
3245
3317
3304
3298
3254
3261
3311
3260
3296
3299
3287
3286
3318
3318
3317
3321
3315
3319
10
5
27
28
23
45
42
58
53
62
54
45
77
6
17
81
19
94
86
11
44
15
9
65
102
121
124
127
20
139
134
129
141
90
42
92
159
140
151
167
114
157
189
119
17
200
76
197
201
189
192
6
210
196
206
241
6
242
168
244
262
5
261
260
249
263
245
263
244
292
7
173
247
146
286
138
243
316
122
253
325
255
328
319
156
320
323
339
344
310
331
293
185
358
360
363
324
363
327
359
378
325
380
413
384
387
250
423
428
430
333
366
412
343
360
214
428
429
374
475
373
481
377
482
379
479
395
7
395
395
399
393
398
390
398
509
509
164
523
518
410
392
412
389
385
376
190
416
349
156
298
232
356
624
581
161
580
154
374
597
380
379
373
653
467
435
620
387
622
390
386
439
621
297
394
626
670
400
657
402
466
463
286
692
411
403
385
666
299
391
636
516
258
504
735
443
436
526
501
734
762
672
643
766
764
768
831
768
652
485
665
666
467
780
666
633
630
549
486
536
369
834
896
534
900
634
850
854
629
609
549
603
532
481
878
518
879
459
447
889
627
538
451
617
551
535
524
918
921
549
540
544
628
627
872
950
1020
822
547
538
1012
1015
1012
531
811
1020
692
1013
685
1012
660
1024
694
1005
1001
703
1037
1008
672
1026
1014
1012
1016
1020
1023
1025
1026
1066
1026
1060
1050
710
1057
711
713
1093
717
712
683
1099
662
1100
1107
1110
1105
1171
1099
1173
1166
1102
700
1105
1107
1177
1137
1131
1113
1108
1136
1112
1112
1141
1115
1117
1176
1164
1153
1125
1223
1125
1155
1167
1181
1162
1238
1178
1181
1153
1182
1145
1147
1190
1262
1156
1155
1265
1268
1271
1212
1348
1276
1182
1361
1282
1186
1190
1231
1162
1375
1037
1196
1031
1307
1202
1247
1031
1203
1405
1256
1033
1031
1032
994
970
959
1234
1240
1448
1376
1372
1369
1325
1365
1325
1323
1324
1379
1315
1316
1376
1377
1380
1315
1506
1385
1307
1507
1510
1514
1317
1518
1327
1528
1334
1420
1421
1423
1426
1356
1490
1494
1497
1499
1498
1370
1499
1447
1375
1507
1504
1382
1502
1499
1390
1502
1389
1471
1475
1494
1479
1482
1208
1507
1492
1661
1664
1665
1652
1230
1656
1226
1196
1666
1454
1522
1458
1527
1461
1534
1218
1470
1539
1538
1466
1465
1542
1474
1483
1483
1568
1601
1727
1588
1590
1736
1738
1598
1742
1608
1610
1606
1538
1610
1765
1755
1634
1637
1757
1559
1563
1646
1563
1648
1646
1649
1640
1638
1784
1786
1658
1658
1660
1868
1652
1868
1652
1697
1651
1648
1883
1708
1822
1711
1706
1890
1637
1704
1873
1646
1713
1849
1714
1702
1889
1700
1891
1865
1863
1865
1686
1689
1729
1874
1694
1735
1737
1737
1740
1940
1744
1745
1743
1727
1745
1911
1912
1734
1753
1748
1921
1981
1982
1985
1985
1778
1982
2106
1782
1789
1987
1994
1998
2082
2002
2002
2005
2089
2088
2013
2020
1990
1992
1843
1988
1989
1844
2043
2037
1859
1861
1989
2055
2058
2129
1876
1884
2091
2070
1892
2071
2029
1898
1901
2165
2118
2087
2119
2089
2121
2092
1921
2130
2131
1919
1922
2137
1924
1951
2225
2153
2059
2062
2212
2165
2143
2167
2006
2153
2150
2178
2147
2151
2189
2007
2011
2250
2208
2015
2019
2178
2258
2182
2256
2177
2174
2178
2181
2240
2178
2184
2247
2188
2075
2079
2079
2118
2270
2262
2089
2086
2260
2298
2272
2096
2276
2310
2310
2152
2286
2135
2129
2134
2174
2181
2343
2279
2283
2333
2287
2164
2288
2343
2292
2277
2386
2273
2334
2373
2326
2364
2345
2248
2345
2231
2330
2238
2361
2232
2314
2319
2367
2361
2253
2351
2455
2252
2393
2270
2400
2347
2272
2266
2387
2360
2362
2492
2402
2359
2360
2396
2305
2295
2309
2293
2296
2313
2375
2379
2390
2380
2383
2462
2379
2339
2341
2472
2404
2335
2479
2400
2402
2401
2405
2489
2406
2405
2406
2410
2370
2509
2409
2438
2381
2442
2385
2444
2437
2459
2543
2449
2429
2452
2455
2456
2540
2541
2440
2576
2475
2555
2470
2575
2470
2489
2576
2468
2578
2481
2483
2503
2483
2506
2528
2491
2495
2497
2614
2538
2541
2507
2632
2551
2524
2544
2642
2649
2661
2568
2572
2664
2554
2554
2672
2587
2561
2558
2673
2598
2690
2610
2608
2700
2592
2610
2599
2595
2635
2606
2735
2729
2900
2736
2732
2894
2898
2743
2899
2751
2891
2646
2745
2650
2651
2650
2652
2701
2655
2765
2766
2662
2663
2730
2663
2722
2781
2670
2724
2801
2791
2727
2796
2731
2786
2963
2958
2741
2702
2812
2704
2814
2812
2708
2816
2980
2768
2987
2989
2990
2992
2837
2783
2785
2852
3009
2855
2796
2800
2869
2860
2922
2836
2925
2834
2825
2935
2943
2836
2847
2845
2849
2850
2845
2972
2973
2921
2916
2919
2993
2919
2997
2899
2923
2926
2928
2928
2932
2932
3020
2933
2935
2943
3182
3182
2946
3185
3184
2963
3056
3057
3198
3060
2983
3071
2983
3075
3213
3077
3214
3081
3208
3079
3206
3095
3098
3100
3104
3108
3112
3116
3251
3109
3162
3260
3092
3095
3164
3094
3164
3095
3167
3171
3175
3178
3116
3143
3117
3144
3144
3143
3144
3355
3359
3363
3367
3370
3367
3370
3371
3375
3379
3381
3380
3384
3387
3385
3388
3391
3394
3397
3397
3397
3399
3395
3395
3399
3402
3405
3407
3403
3402
3406
3410
3408
3410
3414
3417
3412
3416
3420
3424
3421
3422
3423
3427
3427
3431
3435
3437
3437
3434
3437
3441
3445
3441
3444
3446
4412
4220
4139
4131
5
5
5
6
22
9
8
27
6
27
14
17
18
20
20
64
25
6
77
53
5
43
40
66
17
53
59
77
66
9
15
66
99
143
75
79
104
94
86
84
45
107
175
114
181
95
98
80
68
78
61
127
79
24
48
17
177
18
6
165
138
142
129
137
186
258
119
16
71
132
69
112
67
218
114
208
207
211
78
214
197
199
105
152
80
156
72
107
74
349
101
352
127
136
368
5
376
115
377
117
88
5
85
400
351
31
403
355
358
152
357
31
153
355
157
162
450
165
29
167
171
239
232
382
187
378
381
467
495
13
503
28
285
496
20
186
507
240
182
495
517
15
437
256
7
253
546
554
546
550
556
236
558
296
542
292
545
520
575
185
570
496
494
186
488
273
471
566
241
83
559
554
543
628
467
568
544
266
635
639
554
641
238
594
597
494
588
498
591
558
672
599
601
596
593
583
689
598
601
697
600
604
608
460
600
715
717
562
717
532
611
556
485
484
483
723
483
716
478
476
475
654
488
477
456
591
501
730
504
672
713
504
486
472
481
473
474
739
464
742
745
912
914
919
488
728
488
733
726
720
785
781
886
726
760
791
898
900
771
741
909
801
748
785
751
747
780
821
559
943
529
938
938
845
936
847
520
946
485
945
853
949
815
809
813
954
956
777
779
966
967
758
845
974
844
844
992
784
991
863
853
795
797
864
778
1014
871
866
869
872
864
1034
866
809
801
875
767
879
769
880
1063
762
863
1066
1067
1068
1072
751
1074
1075
743
1070
1072
1072
1069
921
1072
924
1077
928
914
895
1085
899
917
914
907
914
1103
1103
1332
1108
1103
1094
1343
939
1116
912
1357
917
871
1117
867
1128
1374
1376
1377
1135
885
842
1172
1168
884
1174
1172
1409
1175
1177
1409
1410
1409
1412
1414
1196
1415
1214
1212
1422
1216
1425
1425
1216
1212
1211
1215
1243
1218
1242
1219
1220
1246
1230
1221
1224
1227
1223
1220
1223
1128
1227
1576
1579
1232
1578
1575
1239
1140
1141
1582
1144
1245
1249
1151
1594
1597
1603
1311
1175
1612
1315
1315
1619
1180
1583
1187
1177
1593
1181
1597
1319
1656
1321
1324
1609
1320
1612
1669
1621
1676
1678
1682
1475
1473
1668
1430
1407
1430
1408
1245
1391
1246
1423
1398
1673
1249
1433
1705
1708
1403
1410
1403
1694
1723
1458
1727
1462
1414
1713
1470
1474
1722
1471
1729
1733
1736
1734
1471
1466
1458
1740
1344
1740
1745
1519
1523
1349
1479
1349
1479
1340
1337
1770
1517
1496
1551
1521
1503
1526
1558
1561
1517
1561
1559
1808
1808
1545
1572
1806
1805
1867
1808
1873
1583
1814
1422
1884
1817
1599
1819
1596
1604
1906
1605
1909
1600
1598
1597
1924
1599
1928
1584
1591
1630
1597
1945
1950
1952
1954
1962
1965
1971
1975
1930
1982
1933
1937
1938
1708
1948
2013
1697
1698
2016
2020
2016
2018
1707
2019
1977
1714
2025
1971
1718
2031
1976
1725
2042
1731
1989
1739
1742
1742
1734
2071
2017
2011
2014
2017
2096
2015
2098
2017
2021
2094
1773
1772
2101
1770
1773
2107
1768
2045
2042
2026
2315
1783
1782
1786
1785
1785
1787
1791
1787
2060
2063
2360
2369
2191
2376
2193
2380
2196
2095
2381
2202
2203
2206
2208
2205
2404
2210
2404
2209
2211
2214
2407
2224
2222
2422
2154
1993
2156
2441
2160
2234
2009
2235
2012
2238
2182
2020
2176
2247
2472
2251
2187
2180
2188
2274
2190
2059
2508
2057
2052
2289
2515
2519
2522
2525
2075
2527
2320
2510
2518
2521
2524
2521
2255
2524
2350
2258
2358
2355
2266
2270
2273
2366
2372
2569
2566
2382
2567
2384
2571
2386
2567
2390
2394
2577
2398
2580
2401
2323
2327
2584
2211
2213
2318
2595
2590
2592
2581
2243
2571
2247
2575
2463
2465
2464
2357
2463
2358
2361
2470
2364
2365
2476
2291
2618
2486
2491
2499
2314
2504
2318
2646
2403
2641
2645
2648
2651
2528
2651
2520
2652
2519
2654
2517
2521
2368
2659
2519
2428
2428
2426
2676
2399
2396
2548
2409
2539
2417
2545
2529
2530
2531
2432
2534
2715
2440
2439
2442
2542
2446
2447
2550
2445
2554
2748
2449
2451
2741
2716
2576
2747
2739
2725
2585
2725
2591
2590
2596
2595
2752
2599
2762
2601
2745
2605
2733
2761
2760
2614
2753
2742
2616
2752
2750
2753
2754
2760
2754
2758
2769
2771
2775
2653
2761
2759
2668
2762
2763
2681
2763
2816
2772
2815
2819
2786
2708
2822
2775
2708
2709
2835
2788
2785
2786
2827
2784
2732
2725
2785
2788
2788
2737
2789
2798
2751
2798
2748
2753
2755
2877
2819
2820
2814
2807
2777
2902
2900
2902
2904
2817
2900
2900
2820
2808
2807
2855
2838
2864
2863
2854
2943
2940
2943
2887
2937
2879
2938
2892
2896
2894
2896
2898
2914
2917
2921
2922
2925
2987
2983
2929
2986
2933
2984
2947
2998
3002
2958
3005
3009
3009
3004
3008
3007
3003
3005
3004
3006
3623
3626
3616
3620
3624
3628
3623
3621
3622
3616
3611
3615
3616
3617
3595
3599
3602
3601
3602
3605
3605
3601
3599
3595
3598
3595
3586
3586
3588
3578
3569
3573
3568
3539
3540
3534
3532
3522
3514
3517
3519
3522
3522
3510
3492
3494
3498
3501
3498
3493
3488
3481
3482
3478
3473
3475
3471
3474
3473
3477
3475
3476
3477
3481
3484
3487
3483
3484
3487
3482
3476
3480
3461
3461
3460
3460
3453
3455
4021
4021
4020
3968
3964
3961
3962
3940
3940
3939
3921
6
8
8
6
18
43
24
24
40
23
19
6
55
58
73
76
49
69
51
71
96
62
26
94
5
78
79
82
121
8
100
12
51
147
47
126
124
42
147
130
156
130
158
46
145
150
137
154
198
113
123
200
128
205
199
118
9
5
147
216
189
213
243
257
161
164
267
159
106
221
33
18
297
274
295
186
256
188
325
18
327
265
25
86
268
13
219
298
66
219
288
198
305
299
5
126
5
123
390
126
9
211
400
369
298
405
293
24
381
300
31
9
13
232
16
236
319
438
447
427
446
445
22
8
445
436
271
440
445
423
462
416
462
370
417
292
412
289
371
403
113
373
308
101
497
382
373
497
367
64
327
325
330
381
331
589
524
606
530
605
514
349
415
631
630
360
347
406
420
352
409
319
364
303
364
367
433
493
276
489
473
278
279
646
283
646
448
281
652
478
277
240
241
243
715
659
660
508
659
662
664
508
516
736
738
494
677
675
503
683
534
522
686
357
315
508
312
496
529
711
498
496
826
498
502
498
501
729
508
736
512
726
723
717
868
523
523
575
524
579
521
861
856
841
589
832
754
833
529
607
533
596
570
545
526
511
511
797
576
581
525
890
536
886
890
833
545
891
611
892
891
1011
1008
888
1012
881
868
1017
886
880
646
873
596
651
885
653
1051
612
894
611
660
1062
664
1061
667
922
633
919
917
636
926
918
916
915
918
921
917
708
930
932
1125
943
942
720
923
929
700
701
949
939
952
745
941
739
960
948
967
969
973
1185
970
1179
966
958
779
960
758
762
961
977
1212
970
1214
962
954
985
1231
1237
1238
1242
1010
1238
972
975
1016
975
961
965
1028
1031
966
1273
1033
1033
1037
990
1043
1042
1044
1047
1051
996
1320
1322
1325
1004
1426
1418
1412
1416
1415
1353
1416
1356
1419
1360
1420
1361
1416
1363
1409
1372
1365
1366
1434
1369
1082
1371
1375
1162
1088
1373
1371
1374
1465
1467
1101
1384
1386
1090
1384
1080
1496
1086
1207
1208
1408
1410
1411
1101
1414
1418
1226
1233
1537
1429
1433
1436
1223
1553
1230
1555
1447
1450
1454
1458
1462
1581
1468
1580
1472
1584
1562
1482
1292
1565
1294
1302
1509
1585
1301
1305
1591
1524
1593
1485
1597
1596
1538
1483
1323
1483
1550
1550
1625
1551
1626
1622
1559
1463
1563
1417
1562
1389
1360
1361
1377
1574
1364
1355
1660
1346
1390
1392
1349
1392
1394
1395
1694
1397
1697
1376
1403
1702
1702
1394
1393
1703
1698
1699
1654
1697
1650
1696
1697
1701
1654
1656
1704
1660
1702
1675
1675
1723
1670
1724
1676
1725
1680
1688
1691
1720
1695
1724
1729
1706
1731
1706
1727
1735
1739
1738
1742
1737
1742
1739
1754
1743
1761
1757
1759
1764
1754
1759
1758
1758
1759
2009
2011
1762
1760
1764
1768
2019
2023
1771
1777
1800
2010
2002
2004
2008
1797
2010
1795
2010
1799
2005
1828
1807
2009
1834
1809
1813
2023
1823
2008
1823
1819
2008
2010
1813
1870
1874
1878
1829
1885
1828
1891
1848
2042
1855
2027
2024
2258
1850
1848
1916
1919
2270
1914
1907
1862
1911
1911
2296
1918
2300
2302
2306
2307
1927
2311
2319
1908
1908
2332
1917
1917
2337
2341
1916
1923
2352
2348
1920
2345
2148
2146
2347
2150
2349
2346
2153
2151
2345
2157
2158
2152
2157
2151
2378
2150
2377
2154
2381
2385
2387
2390
2391
2178
2395
2179
2399
2181
2403
2411
2409
2200
2416
2418
2207
2421
2420
2219
2423
2221
2224
2425
2163
2225
2164
2431
2223
2168
2165
2160
2238
2162
2460
2653
2449
2655
2252
2247
2460
2254
2667
2667
2239
2661
2243
2663
2237
2230
2710
2213
2682
2679
2217
2678
2253
2679
2257
2256
2678
2265
2261
2260
2694
2266
2705
2267
2574
2788
2713
2794
2717
2784
2296
2300
2604
2606
2808
2607
2748
2809
2615
2743
2817
2819
2820
2626
2823
2629
2772
2632
2774
2775
2777
2771
2774
2862
2865
2869
2785
2795
2799
2802
2891
2805
2899
2809
2812
2898
2721
2706
2714
2919
2720
2843
2847
2722
2839
2841
2845
2732
2738
2852
2740
2854
2741
2745
2865
2876
2874
2767
2877
2770
2875
3008
3005
2772
3009
3007
2885
3010
2777
2891
2892
2889
2892
3030
3031
2891
2806
3036
2803
3040
3043
3045
2919
2920
2924
2927
2916
3069
2848
2933
2859
2936
2856
2940
2855
2940
3107
3109
2957
3115
3115
2963
3116
2893
3125
2896
3114
2983
2985
2905
2989
3122
3126
3122
3001
2928
2925
2929
2933
3152
2939
3156
3024
3028
3031
3169
3034
2967
3176
2970
3040
3042
2976
2978
2982
3194
2986
2989
3065
2990
3208
3210
2999
2999
2993
3083
2991
2992
2994
3096
2995
2999
3103
3252
3256
3259
3248
3243
3120
3030
3033
3253
3034
3134
3116
3042
3122
3046
3121
3122
3125
3128
3066
3123
3061
3060
3067
3065
3317
3147
3141
3145
3146
3149
3094
3151
3096
3143
3147
3100
3104
3151
3364
3108
3167
3112
3380
3379
3380
3384
3386
3380
3384
3380
3382
3385
3166
3389
3159
3390
3159
3394
3385
3162
3241
3245
3399
3400
3266
3196
3409
3272
3195
3196
3414
3269
3262
3265
3424
3269
3219
3223
3277
3258
3255
3236
3261
3260
3262
3263
3263
3461
3475
3476
3288
3478
3482
3298
3482
3481
3481
3481
3484
3485
3477
3481
3483
3461
3464
3468
3466
3468
3472
3475
3475
3476
3479
3474
3477
3479
3474
3473
3468
3471
3473
3470
3472
3466
3465
3461
3465
5
5
13
6
9
5
24
26
39
42
47
47
58
20
69
16
27
64
74
55
25
93
73
26
95
34
9
34
103
106
115
118
116
25
134
124
5
116
143
146
8
145
65
13
158
162
13
144
30
11
163
129
156
201
41
198
105
107
211
208
113
218
205
223
206
225
207
198
202
5
26
212
12
217
275
255
190
288
282
293
282
277
281
31
292
288
28
16
18
225
13
221
307
308
340
54
236
12
6
340
10
332
343
341
326
330
272
259
341
340
14
372
346
28
20
383
372
361
381
286
10
11
7
278
412
462
466
277
430
265
474
478
288
475
286
9
410
299
387
6
474
6
477
506
473
535
399
519
520
407
524
493
499
535
499
544
499
501
596
497
519
558
503
491
491
632
626
365
502
328
496
500
651
507
441
655
519
523
525
675
522
601
471
669
390
616
619
485
396
679
376
561
637
551
503
645
340
520
583
333
276
710
748
704
709
543
762
719
776
757
753
778
554
743
643
746
645
772
642
776
738
741
766
744
768
725
765
798
676
776
808
813
890
817
830
698
891
892
835
893
814
846
660
831
829
855
657
643
924
872
844
878
842
693
876
842
951
856
684
858
923
965
689
913
893
869
670
675
914
660
917
906
942
931
927
928
912
906
930
715
943
717
952
946
952
948
954
710
957
698
965
969
978
959
965
956
987
971
991
738
737
738
784
956
1003
783
775
1000
1032
1087
1091
782
786
784
1041
1105
1046
778
1048
787
1108
785
1060
760
1062
1062
763
1126
1127
834
1132
838
1095
1203
1207
1100
1207
1103
1110
1109
843
1111
1168
833
831
1118
1197
1201
1200
1245
876
1313
877
1168
1311
856
853
846
1312
829
834
1314
1278
1317
1283
1270
1243
1270
1244
1247
1224
1255
1224
1226
1230
1356
1229
1231
1215
1284
1214
1373
1263
1201
1189
1382
1376
1176
1380
1174
1384
1371
1368
1285
1370
1373
1292
1286
1376
1187
1176
1295
1129
1107
1292
1339
1331
1410
1408
1310
1411
1114
1417
1351
1355
1431
1130
1341
1336
1136
1340
1449
1379
1345
1388
1382
1384
1386
1166
1345
1338
1328
1490
1314
1315
1388
1303
1389
1391
1395
1395
1541
1539
1447
1314
1540
1450
1305
1457
1236
1547
1240
1563
1301
1239
1245
1571
1571
1575
1576
1260
1258
1256
1343
1342
1602
1311
1603
1309
1540
1277
1303
1547
1542
1280
1282
1511
1513
1567
1571
1645
1649
1653
1577
1656
1479
1483
1452
1430
1672
1430
1601
1664
1368
1603
1606
1748
1605
1750
1747
1708
1748
1751
1701
1608
1755
1711
1714
1731
1734
1738
1772
1742
1637
1775
1750
1754
1689
1652
1693
1763
1757
1708
1761
1715
1791
1795
1788
1824
1734
1731
1734
1805
1800
1742
1809
1804
1803
1802
1737
1736
1815
1731
1773
1738
1779
1783
1777
1902
1774
1898
1903
1757
1845
1848
1783
1845
1915
1917
1917
1792
1922
1927
1804
1808
1803
1805
1806
1809
1947
1795
1950
1932
1936
1794
1943
1842
1787
1780
1847
1785
1966
1793
1946
1957
1945
1946
1971
1814
1890
1810
1984
1988
1826
1988
1829
1970
1917
1990
1918
1918
1917
1924
1927
1863
2021
2010
1946
1949
2045
1946
1948
2043
1908
2054
2038
2039
2036
1976
1980
2038
1933
1935
2084
1929
1929
1933
1992
1937
2067
1930
2066
2007
2010
1935
2007
1937
2079
2003
1934
2085
2009
2010
2092
2089
2009
2009
2011
2087
2010
2099
2022
2025
2103
2023
2105
2019
2020
2020
2124
2136
2040
2226
2142
2045
2231
2148
2143
2145
2241
2055
2246
2245
2243
2238
2228
2069
2229
2230
2235
2239
2240
2230
2226
2225
2227
2218
2210
2230
2234
2223
2220
2243
2222
2219
2221
2224
2267
2227
2264
2268
2267
2233
2273
2243
2244
2279
2243
2282
2285
2246
2278
2248
2250
2280
2265
2265
2294
2268
2272
2273
2311
2305
2291
2576
2578
2581
2585
2584
2588
2590
2591
2592
2594
2597
2599
2600
2604
2603
2607
2609
2613
2613
2601
2595
2595
2595
2595
2592
2594
2594
2596
2595
2598
2600
2603
2603
2603
2606
2610
2612
2615
2618
2615
2618
2617
2605
2605
2609
2610
2606
2605
2605
2609
2613
2609
2613
2617
2617
2614
2615
2917
2619
2914
2623
2927
2925
2929
2650
2652
2935
2661
2665
2663
2664
2668
2672
2674
2678
2677
2991
2993
2995
2999
3001
3002
3000
3002
2996
2995
2999
3003
3007
3010
3012
3014
3016
3007
3005
3003
2994
2996
2999
3000
3004
3003
3006
3010
3014
3006
3009
3013
3015
3009
3010
3008
3010
3002
3003
3005
3009
3002
3002
3004
3008
3009
3003
3002
3003
3006
3005
3005
3009
3476
3002
3465
3006
3472
3460
3453
3456
3010
3460
3012
3466
3012
3470
3474
3023
3478
3027
3477
3031
3033
3476
3031
3478
3480
3479
3481
3484
3487
3490
3489
3491
3474
3475
3478
3473
3476
3479
3483
3474
3460
3598
3462
3221
3458
3210
3470
3470
3472
3474
3474
3461
3560
3564
3568
3569
3477
3566
3556
3482
3556
3486
3480
3482
3470
3573
3576
3457
3580
3461
3471
3472
3465
3472
3452
3455
3619
3620
3624
3462
3627
3466
3619
3470
3623
3471
3476
3464
3651
3466
3472
3657
3475
3657
3478
3468
3660
3664
3667
3663
3482
3657
3653
3497
3650
3496
3650
3507
3508
3506
3676
3510
3675
3674
3672
3671
3673
3534
3671
3516
3663
3517
3520
3522
3669
3673
3527
3648
3525
3540
3667
3668
3672
3675
3673
3676
3651
3649
3650
3654
3646
3648
3652
3647
3629
3626
3625
5
5
6
6
12
14
5
6
39
6
37
15
45
9
30
69
29
73
60
84
67
6
33
91
24
91
88
99
72
28
32
6
13
51
8
128
34
12
128
133
160
112
162
142
27
114
150
57
181
156
32
179
152
176
161
179
11
172
13
148
123
199
110
201
162
26
209
8
152
89
111
71
271
69
236
41
278
44
278
114
284
104
288
7
106
279
108
280
118
119
281
285
60
280
275
359
131
33
114
132
133
213
113
375
39
112
124
119
297
298
167
107
427
432
89
9
145
128
375
427
199
381
462
196
40
122
196
85
477
482
471
187
355
47
497
386
479
390
91
352
526
497
209
336
461
379
548
547
217
546
547
94
408
557
556
201
106
416
567
422
571
124
133
122
579
428
588
580
94
579
589
600
165
589
111
614
309
616
307
620
616
622
645
266
628
631
489
483
283
449
439
279
438
678
442
668
687
690
307
691
691
307
699
469
301
708
463
288
287
277
275
721
268
463
723
719
744
723
769
771
729
722
471
728
468
732
453
421
420
780
747
389
379
814
750
816
746
749
370
829
363
834
899
833
770
877
909
768
767
850
890
846
853
821
939
875
874
888
956
821
886
796
823
964
810
908
904
915
775
844
777
839
766
841
764
946
933
937
850
780
782
944
856
847
847
981
848
973
852
962
837
830
800
830
976
980
803
787
1001
989
976
797
979
997
1109
1101
1003
1105
883
883
885
884
1023
838
1012
1037
1139
1037
1141
1123
859
856
843
845
1025
838
1030
808
1144
1034
811
801
1095
1042
776
772
776
1172
780
768
1130
769
1171
1150
766
1158
1020
1028
1157
1138
1170
1140
1172
1040
1042
1182
1027
1172
1174
1178
1175
1172
1053
1176
1047
1180
1181
1182
1182
1055
1197
1059
1195
1061
1195
1200
1439
1199
1211
1208
1201
1219
1205
1223
1227
1207
1215
1210
1211
1478
1478
1476
1249
1477
1126
1258
1262
1249
1138
1263
1139
1246
1250
1254
1250
1254
1285
1246
1167
1292
1181
1299
1181
1184
1305
1307
1184
1188
1302
1292
1193
1197
1189
1193
1197
1197
1199
1203
1207
1213
1350
1211
1350
1365
1358
1371
1372
1374
1368
1376
1256
1257
1260
1259
1262
1264
1405
1264
1409
1411
1410
1419
1411
1284
1281
1284
1288
1292
1444
1441
1439
1442
1458
1441
1316
1463
1439
1317
1318
1315
1323
1461
1322
1465
1465
1467
1335
1463
1341
1467
1841
1354
1843
1363
1540
1364
1541
1862
1866
1869
1520
1877
1881
1884
1574
1875
1517
1519
1526
1890
1526
1428
1606
1903
1607
1902
1540
1452
1543
1547
1456
1460
1464
1445
1629
1561
1630
1565
1634
1569
1636
1630
1574
1577
1579
1619
1589
1631
1593
1606
1600
1608
1613
1627
1624
1623
1625
1624
1628
1627
1626
1638
1626
1637
1637
1620
1633
1632
1659
1668
1671
1679
1675
1665
1675
2125
2124
2128
2130
1683
2138
2140
2144
2148
1713
2150
2154
2155
2149
1726
1737
1741
2154
2158
2155
2158
1754
2158
1759
1761
2164
2162
1764
1763
1768
2169
1772
2173
2176
2180
2175
2173
2177
2181
2181
2180
2184
2181
2181
2167
2168
2171
2174
2176
2167
2171
2363
2175
2358
2183
2175
2183
2176
2179
2173
2174
2401
2170
2404
2165
2403
2167
2399
2161
2398
2148
2139
2384
2388
2143
2146
2388
2390
2152
2379
2148
2382
2383
2381
2385
2383
2178
2187
2178
2578
2398
2397
2193
2399
2195
2193
2392
2194
2390
2338
2317
2246
2226
2216
2217
2220
2207
2220
2223
2457
2464
2238
2457
2454
2234
2236
2456
2242
2248
2243
2250
2253
2462
2256
2250
2456
2457
2449
2449
2268
2448
2270
2504
2505
2509
2507
2511
2514
2305
2516
2306
2500
2298
2488
2503
2507
2504
2316
2508
2313
2518
2322
2515
2509
2516
2510
2505
2548
2543
2540
2510
2499
2492
2493
2536
2493
2543
2495
2498
2540
2411
2410
2416
2544
2422
2525
2526
2425
2521
2525
2529
2435
2535
2524
2521
2583
2583
2515
2518
2499
2591
2500
2502
2601
2491
2597
2492
2596
2954
2600
2604
2961
2605
2960
2608
2963
2959
2599
2963
2965
2596
2600
2964
2610
2612
2615
2993
2604
2595
2996
3028
3026
2629
3028
3029
3030
3033
3037
3041
3044
3048
3051
3055
3059
3059
3063
3062
3066
3057
3055
3058
3059
3060
3054
3057
3050
3053
3056
3051
3054
3053
3057
3053
3057
3058
3061
3058
3061
3062
3064
3066
3062
3065
3069
3069
3066
3059
3060
3063
3067
3064
3066
3063
3067
3071
3074
3076
3078
3080
3081
3084
3085
3089
3086
3090
3093
3093
3066
3067
3068
3070
3074
3078
3078
3079
3070
3071
3071
3071
3070
3072
3074
3078
3081
3077
3081
3076
3074
3075
3076
3076
3080
3079
3081
4562
4566
4569
4572
4576
4578
4582
4585
4588
4582
4583
4583
4577
4571
4572
4575
4578
4577
4571
4575
4577
4579
4583
4586
4568
4571
4575
4579
4582
4580
4578
4582
4581
4581
4566
4569
4569
4569
4569
4569
4571
4574
4565
4568
4571
4571
4574
4578
4580
4583
4585
4583
4584
4587
4590
4592
4596
4600
4604
4603
4606
4608
4598
4601
4601
4605
4608
4608
4612
4615
4606
4604
4603
4606
4608
4611
4609
4602
4606
4605
4609
4608
4607
4607
4608
4610
4607
4610
4614
4618
4622
4626
4626
4626
4629
4633
4627
4631
4627
4630
4630
4633
4633
4633
4634
4637
4640
4642
4646
4644
4644
4646
4638
4639
4637
4641
4640
4642
4645
4646
4649
4647
4651
4649
4651
4654
4649
4653
4655
4650
4653
5
5
6
7
12
20
28
33
19
42
46
53
61
46
59
66
59
54
72
19
22
75
77
78
17
37
92
108
82
129
125
121
101
131
110
50
112
58
165
123
161
169
163
138
173
177
164
30
187
165
163
33
193
167
143
209
154
72
9
237
159
76
235
224
247
219
177
250
253
185
252
225
173
235
171
239
173
96
70
40
24
148
266
227
269
100
322
345
335
301
335
333
337
335
336
316
64
175
354
334
331
53
342
6
302
295
351
390
348
247
318
220
355
436
318
435
233
386
419
197
56
374
373
405
8
390
367
429
368
502
373
358
483
362
365
158
499
414
378
434
404
540
519
449
555
377
310
369
561
537
422
537
540
481
429
544
566
580
567
577
568
582
572
456
580
579
444
578
592
593
526
596
525
622
529
606
535
609
612
616
619
624
614
606
669
662
656
726
620
624
516
626
624
523
618
612
391
600
544
357
353
545
525
329
506
617
613
725
569
618
568
735
498
484
755
483
584
772
462
591
774
776
431
605
782
801
797
780
621
622
785
811
785
612
593
404
785
829
785
594
410
843
597
420
595
409
600
586
823
564
562
777
550
786
554
789
554
851
794
551
546
784
707
905
875
797
875
875
806
719
882
811
680
889
677
831
1041
830
1038
694
684
1039
678
665
1047
854
842
941
669
847
639
848
855
684
1057
615
974
869
858
891
980
983
986
877
989
862
865
987
864
932
976
868
867
870
872
1109
999
877
969
1007
974
989
892
948
990
897
954
1138
1186
1181
1171
1148
1175
968
1154
1182
975
1159
977
1160
1196
965
1200
1204
1062
1046
1178
1050
974
1055
1300
1056
1300
1304
1234
959
1064
958
958
1060
962
957
1016
1326
1081
1017
1215
1073
1018
984
979
981
1349
996
1355
1309
1110
1313
1370
1014
1354
1327
994
1326
1135
1275
1378
1382
1385
1048
1033
1159
1029
1153
1158
1370
1161
1154
1038
1152
1422
1044
1151
1155
1065
1162
1397
1400
1160
1169
1172
1082
1459
1459
1431
1459
1435
1187
1468
1472
1446
1406
1122
1463
1415
1466
1468
1221
1500
1470
1474
1468
1510
1239
1156
1155
1481
1456
1161
1434
1438
1436
1434
1437
1424
1183
1530
1532
1186
1534
1189
1527
1187
1511
1441
1194
1515
1446
1194
1456
1593
1591
1578
1465
1572
1467
1568
1544
1546
1474
1547
1476
1587
1591
1560
1592
1561
1566
1497
1573
1497
1613
1616
1505
1604
1608
1776
1590
1780
1593
1591
1538
1592
1641
1641
1640
1896
1650
1451
1446
1909
1907
1638
1455
1673
1453
1440
1910
1432
1881
1610
1608
1611
1607
1603
1463
1471
1724
1915
1912
1622
1623
1623
1499
1625
1618
1503
1507
1504
1506
2014
1952
1779
1949
1783
1912
1931
1794
1785
1916
1789
1545
1917
1548
1899
2010
2011
1810
2013
1814
1992
1813
1793
1787
1788
1953
1792
1871
1831
1788
2028
2030
1865
1868
1810
1748
1873
2044
1819
2044
1818
1816
2051
1773
2056
1767
2060
1834
1837
1840
2074
1825
1786
2087
1837
1837
1822
1824
2101
2107
1961
1964
1843
1969
1970
1853
1973
2128
2127
1849
1850
1986
1989
2107
2070
1997
1875
1871
1870
1856
2169
2088
2173
1882
1886
2040
2185
2110
2184
2044
1901
2048
2051
2050
1915
2048
2214
2214
2217
2220
2152
1986
1979
1980
2161
1982
1986
1956
2167
2102
2169
2162
1996
2003
2273
2276
1984
2133
2074
2046
2026
2050
2480
2055
2470
2152
2474
2021
2069
2316
2017
2473
2418
2180
2190
2414
2344
2412
2047
2199
2418
2400
2069
2434
2438
2147
2380
2150
2383
2307
2146
2148
2161
2308
2412
2170
2399
2385
2474
2356
2477
2476
2480
2434
2435
2365
2479
2203
2438
2377
2488
2160
2213
2455
2457
2221
2460
2213
2181
2469
2179
2473
2414
2183
2404
2187
2474
2422
2391
2382
2204
2386
2494
2499
2503
2457
2509
2295
2295
2296
2299
2424
2272
2269
2477
2476
2475
2471
2465
2460
2437
2438
2308
2419
2497
2471
2471
2506
2474
2506
2439
2472
2509
2493
2454
2455
2506
2480
2483
2453
2455
2454
2456
2444
2441
2505
2435
2507
2691
2695
2692
2539
2543
2452
2703
2546
2693
2537
2538
2691
2538
2544
2539
2537
2500
2556
2556
2558
2560
2849
2560
2853
2564
2848
2852
2856
2576
2850
2753
2580
2570
2574
2750
2581
2581
2579
2766
2583
2762
2896
2900
2898
2601
2610
2614
2911
2911
2915
2911
2807
2813
2814
2815
2810
2810
2813
2817
2821
2964
2830
2977
2984
2980
2851
2984
2855
2984
2856
2985
3256
3230
2875
3216
2875
2877
2881
3224
2882
3227
3025
3226
3021
3012
3012
2905
3243
3246
3248
3029
3246
3035
2944
2945
2928
2933
2936
2934
2934
3082
2936
2937
2934
2937
3098
2940
2944
3108
3109
2941
3116
3334
2953
2949
2948
3120
2953
3341
3124
3128
3337
3130
2963
3337
3288
3292
3285
3286
3154
2993
3278
3277
3270
2986
2990
3281
2991
3279
2994
3282
3286
3287
3285
3293
3220
3282
3226
3232
3235
3230
3232
3305
3233
3316
3301
3304
3254
3261
3267
3268
3269
3269
3302
3295
3281
3297
3281
3290
3309
3305
3305
3294
3305
3286
3315
3283
3318
3288
3291
3273
3342
3343
3356
3357
3361
3365
3369
3319
3368
3318
3377
3334
3379
3369
3370
3371
3374
3376
3377
3378
3374
3378
3379
3383
3377
3379
3381
3379
3382
3878
3882
3886
3889
3893
3897
3893
3889
3890
3894
3898
3895
3899
3903
3905
3907
3911
3912
3916
3918
3919
3914
6
13
12
16
22
32
36
9
41
41
26
42
19
53
37
53
72
42
44
61
19
63
81
100
100
70
102
74
32
112
117
113
96
120
101
124
5
13
33
114
128
5
5
135
161
190
164
193
135
165
6
205
23
27
97
79
198
62
205
209
5
212
168
59
58
5
27
5
251
174
220
33
212
40
212
258
270
194
200
200
273
148
147
214
117
226
226
292
214
75
300
197
304
195
7
307
250
93
242
299
28
304
251
305
302
261
299
262
303
395
398
392
387
158
327
385
370
415
419
10
139
130
152
424
432
47
410
445
448
507
449
443
19
519
179
456
7
529
443
50
128
534
445
390
444
390
545
392
544
404
55
578
220
190
472
583
568
576
572
485
486
193
538
493
204
502
601
499
493
622
620
491
483
619
625
624
629
628
625
623
630
637
587
628
644
713
213
651
710
536
650
540
623
677
579
672
504
668
639
676
675
443
650
689
699
698
764
702
706
607
718
771
769
725
645
737
650
746
761
748
765
649
768
565
755
651
575
768
569
556
772
543
504
710
680
507
813
692
719
674
672
809
723
681
679
912
912
682
913
915
690
918
852
854
553
700
562
878
513
668
876
958
962
995
653
810
978
1009
530
819
756
754
1029
830
759
831
754
736
737
835
1039
1037
954
958
848
1043
1051
970
762
580
971
1055
1057
1060
766
1060
1059
607
1048
1052
598
1055
810
1057
805
909
1119
802
1121
1063
1085
1042
1083
813
936
1076
1077
1080
1064
1099
1066
1069
1071
852
1074
1109
1075
1111
1113
1105
1108
876
879
1093
867
1092
1082
1103
836
1083
1128
1073
1190
1119
1052
1205
846
1043
1210
1158
1037
1126
1104
1256
1177
1262
1183
1120
1123
1253
1127
1257
1206
1252
1091
1296
1082
1081
1265
1082
1191
1231
1235
1191
1238
1287
1104
1054
1113
1056
1054
1216
1127
1068
1191
1203
1181
1180
1144
1156
1302
1091
1134
1304
1083
1185
1068
1188
1155
1253
1079
1169
1167
1161
1273
1143
1099
1097
1146
1165
1095
1158
1424
1157
1148
1204
1147
1390
1393
1157
1156
1158
1451
1154
1457
1118
1228
1466
1100
1235
1471
1229
1469
1084
1088
1178
1179
1200
1251
1251
1498
1257
1253
1257
1512
1225
1214
1218
1263
1220
1210
1196
1536
1521
1194
1538
1286
1193
1194
1533
1529
1552
1521
1555
1526
1560
1529
1215
1555
1325
1549
1316
1544
1547
1551
1555
1736
1240
1341
1234
1343
1326
1710
1577
1326
1753
1576
1701
1572
1701
1333
1699
1334
1332
1774
1712
1332
1781
1785
1786
1597
1598
1739
1599
1360
1358
1613
1358
1614
1425
1687
1346
1436
1690
1629
1633
1693
1629
1371
1627
1804
1703
1705
1876
1816
1864
1818
1716
1867
1871
1461
1463
1467
1883
1471
1887
1890
1474
1897
1750
1695
1742
1470
1746
1475
1779
1756
1782
1777
1491
1778
1727
1498
1776
1734
1738
1954
1785
1785
1935
1790
1787
1791
1795
1958
1772
1962
1966
1832
1969
2008
1969
1996
1844
1995
1843
1999
1844
1840
1995
1995
1998
1997
1864
2005
1875
1874
1877
1891
1894
1901
1905
1908
1894
1898
2056
1895
1893
1893
1891
1894
2075
2061
2052
1902
1937
1910
1939
2074
1915
1918
1941
1921
2126
1913
2106
2108
2103
1924
2101
1931
1845
2110
2114
2111
2107
2045
2140
1961
2144
2057
1878
1972
1868
2154
1974
2060
1979
2064
1880
2076
2141
2145
2080
2149
1896
2151
1897
2094
2017
1905
2092
2084
1903
2087
2030
2019
2099
2020
2024
2194
2107
2110
2111
2033
2102
1948
2143
2048
2228
2231
2153
2227
2156
2158
2218
2214
2152
2080
2308
2312
2167
2320
2322
2185
2327
2187
2188
2121
2125
2197
2128
2282
2211
2286
2264
2150
2221
2261
2263
2156
2247
2249
2160
2245
2383
2278
2386
2259
2258
2388
2265
2391
2301
2389
2393
2282
2400
2315
2397
2289
2321
2392
2291
2325
2398
2328
2301
2400
2327
2327
2331
2414
2418
2340
2412
2347
2323
2352
2326
2355
2329
2363
2332
2356
2440
2356
2346
2348
2349
2343
2459
2447
2386
2449
2452
2454
2451
2391
2450
2410
2452
2449
2409
2420
2450
2414
2420
2420
2421
2423
2424
2425
2428
2478
2435
2438
2441
2441
2455
2435
2452
2455
2457
2442
2992
2987
2469
2437
2441
2485
2997
2446
2984
2449
2453
2987
2504
2556
2505
2558
3001
2982
2524
2531
2573
2531
2561
2532
2563
2543
2547
2546
2516
2518
2556
2520
2557
2567
3005
2570
2574
2545
3020
2597
2556
2556
2596
2597
3036
3019
2613
3022
2617
3059
3029
3018
2636
2622
3077
2632
3076
3040
2638
2639
2641
2642
2645
3056
3112
3057
2653
2656
3070
2658
3134
2665
3137
3018
3139
3019
3143
3147
3025
3026
3146
3021
2752
3160
3158
3156
3011
3154
2766
2978
3157
3161
3160
2993
2995
3173
2797
2796
2785
3184
3191
2796
3193
2789
3197
3202
3206
3205
3208
3210
3212
3202
3202
3203
3205
3208
3206
3097
3193
3103
3109
3100
3090
2947
3099
2940
3102
2944
3094
2946
3097
3097
2943
3101
2951
3094
2955
3097
3099
3089
3071
3075
2989
3075
3315
3071
3319
3070
3059
3056
3340
3340
3343
3347
3351
3355
3359
3357
3345
3344
3345
3348
3349
3352
3350
3349
3352
3355
3354
3341
3345
3347
3349
3351
3349
3352
3351
3349
3353
3357
3358
3356
3359
3363
3360
3360
3340
3341
3343
3341
3344
3343
3344
3347
3343
3346
3343
3334
3332
3328
3332
3333
3334
3335
3338
3340
3341
3343
3343
3341
3341
3341
3343
3339
3340
9
6
16
18
22
12
36
44
8
42
35
9
6
39
7
48
74
42
62
33
97
54
81
110
57
103
93
39
71
112
33
141
11
91
127
110
130
153
9
155
110
181
22
22
174
168
175
172
185
123
174
174
214
32
222
224
25
224
217
197
219
200
219
242
89
238
205
25
201
266
133
241
233
242
51
238
243
320
236
208
260
263
303
269
210
311
328
331
363
326
339
23
132
203
9
19
167
5
348
351
317
326
373
308
361
253
354
259
319
394
330
382
261
449
267
365
300
473
352
411
417
366
498
415
418
502
412
21
530
534
375
311
288
290
139
163
115
473
482
138
46
136
140
487
487
566
570
440
574
441
445
74
580
440
438
580
509
585
503
628
593
446
442
603
607
451
467
438
442
465
441
475
444
479
636
444
637
489
452
608
699
502
656
659
648
660
513
729
504
732
502
676
680
499
730
447
735
430
739
696
697
698
752
434
720
422
720
720
723
777
723
811
807
799
798
792
733
841
739
767
769
852
771
852
746
746
859
833
785
794
510
506
811
805
786
806
702
803
793
805
788
802
792
805
884
783
806
812
816
793
816
841
843
571
740
841
836
932
837
934
859
848
870
850
597
877
601
953
955
607
887
772
958
865
961
854
848
970
852
814
645
919
857
919
957
981
852
871
828
942
666
984
981
971
977
1098
674
946
675
651
997
645
961
937
941
940
1155
1023
1019
1152
952
956
954
953
1044
956
1034
960
943
1198
962
945
961
958
953
950
1199
1217
1205
1073
1199
1075
1203
974
1241
1091
1237
1218
981
1208
997
1249
983
989
1120
1124
995
1272
1123
998
893
1115
1267
1119
907
1125
1127
1019
1130
871
854
1302
1144
1146
1041
1348
1352
1153
1352
1355
1066
1357
1167
1360
1158
1142
1360
1140
1365
1368
1143
1143
1144
1379
1148
1380
1383
1385
1161
1129
1128
1151
1178
1148
1172
1407
1153
1408
1440
1183
1435
1189
1419
1452
1200
1451
1202
1204
1451
1455
1184
1214
1445
1219
1203
1197
1202
1190
1182
1483
1171
1171
1485
1249
1233
1179
1492
1187
1185
1486
1490
1494
1200
1495
1253
1539
1254
1250
1224
1558
1505
1255
1564
1256
1562
1506
1508
1511
1504
1577
1501
1268
1277
1507
1593
1506
1599
1288
1296
1388
1299
1298
1382
1367
1313
1364
1364
1350
1346
1557
1323
1544
1652
1328
1334
1338
1330
1280
1340
1342
1672
1360
1362
1356
1357
1363
1359
1359
1701
1355
1689
1359
1367
1699
1355
1702
1700
1704
1701
1699
1700
1703
1429
1712
1791
1438
1421
1417
1732
1734
1730
1728
1732
1731
1834
1833
1740
1737
1840
1728
1837
1730
1840
1733
1732
1843
1796
1768
1849
1742
1848
1849
1850
1785
1791
1861
1795
1798
1565
1787
1790
1558
1888
1885
1888
1567
1892
1813
1815
1816
1902
1821
1903
1825
1915
1829
1827
1916
1914
1829
1836
1869
1837
1871
1932
1841
1872
1926
1919
1921
1923
1910
1914
1916
1882
1917
1885
1926
1891
1918
1891
1922
1930
1931
1935
1939
1919
1923
1952
1927
1939
1945
1947
1952
1948
1948
1996
2001
2002
1945
2006
2009
1951
2003
2016
2016
1965
2021
2004
2309
2007
2313
1972
2013
2317
1978
2001
2005
2318
2007
2006
2003
2333
2320
2015
2006
2320
2323
2021
2018
2011
2286
1998
2282
2272
2111
2099
2352
2359
2294
2361
2069
2364
2354
2355
2348
2055
2059
2148
2057
2138
2356
2062
2144
2338
2279
2113
2139
2068
2116
2293
2369
2280
2155
2124
2377
2086
2381
2084
2169
2142
2169
2394
2143
2169
2162
2162
2166
2161
2338
2337
2341
2175
2351
2183
2446
2186
2442
2188
2187
2451
2217
2380
2218
2218
2198
2198
2219
2195
2197
2229
2233
2482
2236
2483
2235
2486
2222
2219
2222
2440
2217
2219
2250
2241
2224
2242
2413
2227
2247
2411
2232
2412
2237
2388
2514
2298
2393
2386
2514
2357
2507
2465
2414
2293
2333
2320
2301
2429
2318
2614
2599
2363
2602
2603
2369
2609
2616
2616
2393
2620
2622
2396
2626
2400
2626
2404
2630
2408
2632
2405
2631
2407
2408
2634
2404
2653
2656
2658
2654
2658
2656
2648
2643
2645
2638
2637
2639
2641
2645
2647
2649
2643
2641
2642
2646
2647
2651
2654
2653
2656
2651
2640
2643
2639
2642
2641
2639
2642
2645
2642
2645
2646
2644
2647
2650
2948
2654
2949
2650
2952
2950
2649
2951
2941
2658
2943
2662
2947
2657
2950
2655
2948
2656
2662
2958
2946
2944
2943
2941
2932
2936
2937
2912
2908
2910
2914
2914
2918
2914
2911
2907
2900
2880
2884
2886
2886
2875
2867
2867
2864
2866
2854
2851
2855
2857
2861
2859
2845
2847
2845
2849
3414
3403
3406
3402
3405
3407
3407
3404
3408
3409
3393
3391
3388
3390
3392
3391
3392
3396
3400
3390
3391
3394
3395
3398
3394
3395
3387
3391
3384
3388
3384
3382
3383
3386
3386
3388
3389
3383
3387
3389
3387
3384
3383
3380
3383
3385
3379
3380
3378
3382
3375
3379
3380
3383
3387
3385
3382
3386
3381
3385
3388
3391
3395
3393
3393
3394
3397
3401
3402
3402
3404
3406
3409
3402
3406
3406
3405
3407
3411
3412
3416
3415
3419
3421
3423
3424
3425
3429
3432
3412
3414
3410
3402
3405
3409
3408
3412
3412
3413
3417
3420
3424
3426
3430
3431
3435
3438
3442
3443
3447
3450
3443
3447
3444
3445
3448
3449
3449
3450
3905
3905
3906
3884
3872
3869
3866
3836
3840
3844
3846
3824
3767
3771
3767
3742
3742
3737
3731
