4
5
10
12
12
13
13
15
19
8
16
14
23
26
26
17
17
21
23
31
19
11
36
40
36
37
26
42
41
14
43
50
44
47
54
47
46
53
19
45
41
62
42
46
43
61
62
59
34
68
56
71
75
47
71
77
68
80
59
59
80
75
47
63
70
74
47
85
92
82
75
90
77
82
102
102
96
104
29
79
108
113
103
113
96
113
123
106
94
94
112
121
124
88
100
104
135
118
120
114
112
128
94
138
134
71
96
148
130
126
140
98
132
52
111
116
136
158
131
143
142
135
143
156
124
155
149
158
148
145
153
139
155
174
165
155
86
149
146
149
161
168
159
190
185
147
170
178
184
197
190
159
169
198
200
186
206
174
187
209
168
209
217
131
157
165
207
200
218
173
205
181
180
173
205
235
191
222
187
205
229
224
191
247
223
218
234
196
215
149
178
226
233
224
156
238
207
225
227
245
226
244
253
224
205
255
244
231
260
233
253
272
269
238
275
206
252
281
245
286
291
158
260
236
255
284
295
247
265
256
257
278
277
269
251
295
256
300
306
300
255
323
253
279
271
220
293
211
247
226
309
286
281
312
262
291
296
320
266
319
327
284
274
331
277
303
333
299
314
347
222
308
316
280
322
353
320
356
363
320
322
300
342
342
356
329
340
332
368
351
331
274
315
357
326
376
372
257
330
370
348
347
348
342
365
283
323
291
374
349
341
381
348
363
368
397
337
395
347
333
350
317
352
376
327
373
377
359
293
381
359
357
392
419
393
420
402
388
396
404
409
407
429
406
397
437
442
424
400
340
380
446
392
452
461
330
386
389
419
416
453
414
437
430
397
362
430
408
418
441
415
432
414
457
413
465
408
403
423
333
423
377
401
449
459
420
364
460
404
430
457
475
466
492
479
461
449
479
485
470
497
481
469
508
506
452
454
408
491
521
450
501
530
402
490
454
475
488
527
486
489
496
470
523
485
446
479
509
476
543
486
527
483
537
475
513
498
404
532
450
471
445
534
497
506
533
478
519
508
549
489
566
549
493
518
556
485
547
547
545
482
585
447
526
512
514
563
586
516
562
598
526
560
488
582
565
593
578
544
571
592
593
555
505
541
576
547
617
559
483
554
611
535
585
566
570
576
519
563
515
604
542
566
608
536
579
581
626
522
637
545
557
585
553
562
604
586
613
543
573
580
584
635
567
628
640
597
635
650
629
603
643
634
636
680
663
659
607
570
615
670
607
680
693
572
621
581
620
651
670
582
629
663
606
651
635
575
651
636
663
640
586
615
698
626
602
654
644
649
594
645
643
696
621
661
703
643
686
628
691
718
727
700
704
678
723
732
700
627
677
625
660
710
680
638
764
700
681
639
692
624
733
683
651
727
728
712
728
739
713
661
704
697
746
664
765
692
699
687
744
707
665
714
716
767
702
721
774
776
732
689
768
797
713
797
739
731
735
760
737
771
722
681
810
766
735
701
748
750
789
738
787
781
789
812
766
717
769
807
711
759
731
825
812
720
745
739
773
728
800
719
831
771
790
828
771
751
754
788
739
843
781
786
781
799
783
802
795
790
780
791
828
767
865
802
806
858
799
852
887
822
865
825
769
868
858
775
794
896
875
828
872
793
867
863
839
850
832
810
850
814
829
834
848
836
909
838
824
907
844
861
890
891
844
825
914
923
824
940
861
853
878
876
917
912
921
860
951
832
879
917
873
909
890
868
904
895
885
895
930
855
879
868
950
890
951
896
954
930
900
939
907
904
872
886
953
979
920
935
902
1000
926
898
936
909
919
966
895
921
990
915
897
978
923
929
967
944
983
966
984
996
952
921
936
1007
943
1005
970
945
1010
957
999
935
937
932
968
956
1040
944
951
953
976
963
986
1022
976
950
998
968
970
1071
1031
989
995
1041
1024
1033
1058
1051
1046
1020
979
1037
1001
1037
987
983
1023
1001
1009
1071
988
996
1068
1067
1013
1026
1057
1028
1107
1088
1014
1023
1043
1071
1065
1095
1026
1092
1075
1045
1063
1056
1080
1108
1057
1040
1072
1117
1096
1113
1050
1066
1104
1138
1057
1051
1081
1078
1106
1060
1139
1069
1119
1103
1089
1106
1139
1077
1119
1147
1099
1083
1157
1155
1093
1135
1143
1109
1097
1112
1182
1105
1150
1113
1182
1146
1159
1128
1166
1140
1148
1142
1198
1165
1165
1195
1182
1145
1170
1218
1157
1179
1223
1169
1202
1165
1157
1175
1238
1185
1189
1184
1225
1238
1175
1182
1237
1188
1194
1214
1198
1189
1201
1252
1247
1201
1234
1276
1224
1265
1230
1224
1229
1233
1287
1278
1307
1272
1259
1296
1316
1298
1307
1287
1296
1308
1294
1307
1343
1328
1342
1333
1344
1352
1346
1357
1368
1357
1356
1357
1376
1358
1389
1388
1408
1402
1414
1414
1429
6
4
5
10
9
12
9
16
13
12
20
16
18
24
21
10
24
19
32
27
26
32
35
31
4
34
39
43
40
43
42
30
37
41
37
37
52
53
41
56
42
61
25
48
64
64
54
63
64
57
57
72
61
73
67
52
74
73
71
67
79
79
82
78
80
77
82
54
86
85
75
92
99
91
100
88
88
56
97
102
105
109
58
90
99
109
105
82
115
68
65
85
79
115
123
118
120
127
115
114
102
125
102
135
131
125
143
127
148
111
136
150
135
103
148
149
140
143
155
139
151
145
154
134
144
127
154
166
148
166
157
167
163
125
161
160
166
169
174
175
133
174
155
182
145
178
181
178
189
155
173
171
187
193
159
193
154
152
161
165
202
199
205
200
218
198
200
183
212
176
212
218
203
220
210
226
204
203
231
215
174
229
220
227
229
235
219
236
231
214
193
196
208
219
234
217
242
215
254
240
222
248
235
226
235
260
263
211
249
236
264
223
234
267
255
222
239
255
278
264
271
275
277
221
267
244
242
250
269
292
275
304
275
287
263
299
301
290
291
300
305
297
289
278
216
313
300
249
248
248
309
250
321
273
306
319
300
309
270
295
281
323
299
333
271
323
315
305
333
297
315
313
330
347
291
308
324
348
345
321
345
292
311
320
315
357
335
357
320
323
326
348
316
374
323
352
367
356
387
342
337
321
290
388
363
312
385
392
379
371
360
349
395
318
370
331
309
372
338
408
362
393
398
398
393
333
376
370
390
388
421
356
356
393
382
419
368
402
400
411
431
392
392
407
391
427
407
395
371
358
392
380
429
428
442
406
458
414
428
383
458
400
440
443
435
467
425
419
436
472
380
394
467
459
377
457
420
467
482
428
469
385
450
405
419
444
465
475
467
433
457
454
450
449
472
474
494
442
508
452
483
483
443
472
477
492
469
435
474
475
503
514
468
478
455
477
500
467
508
434
522
521
509
457
464
480
536
526
531
524
542
539
509
511
533
470
463
540
456
517
452
551
506
487
551
480
543
480
530
533
549
531
524
509
521
557
495
540
510
555
556
513
590
508
556
568
553
551
561
556
589
512
535
530
588
543
509
559
554
581
575
558
528
518
593
599
589
606
593
566
549
569
608
613
536
624
629
593
608
593
559
626
555
553
523
538
600
569
599
596
629
634
598
613
542
616
606
626
621
638
593
568
591
574
619
598
604
592
642
677
584
609
652
620
666
618
622
597
590
619
580
668
666
662
645
680
599
660
601
685
605
679
650
663
694
636
652
661
695
618
631
692
656
612
669
645
672
707
631
697
675
651
614
675
712
686
678
692
667
677
689
649
704
702
679
651
661
734
689
661
726
662
699
681
651
690
667
690
726
730
690
659
717
699
718
737
750
674
674
762
728
764
681
714
726
756
767
708
775
767
695
712
746
730
701
759
721
755
705
698
776
788
736
686
756
750
739
754
755
734
769
753
717
736
785
750
736
731
815
774
770
805
735
741
752
799
725
729
756
811
806
769
743
791
768
837
798
815
777
737
825
780
788
831
758
764
852
831
760
781
838
783
767
826
770
829
837
806
843
818
782
764
824
870
816
823
839
793
850
822
792
799
850
821
838
803
892
796
806
856
794
818
818
823
869
801
843
868
868
820
862
823
871
874
911
892
843
863
905
840
828
921
881
834
854
909
827
830
888
863
896
909
838
914
878
855
838
876
941
865
896
891
866
900
895
887
908
872
955
877
875
921
907
879
875
874
881
871
894
929
929
915
931
943
896
936
882
941
934
984
967
916
943
974
900
974
985
927
905
927
964
915
964
996
914
980
912
929
919
954
952
927
924
960
955
937
940
1022
937
943
992
953
991
936
933
999
993
949
944
986
983
1042
996
1007
973
997
1028
964
1000
1040
1014
972
1047
968
972
970
1025
988
1027
994
1059
1039
1009
979
984
998
1022
999
998
990
1012
1069
1001
1049
1005
1030
998
1017
1049
1061
1061
1029
1069
1067
1058
1019
1095
1051
1098
1031
1059
1028
1074
1026
1073
1041
1078
1089
1051
1110
1039
1052
1073
1056
1116
1046
1054
1100
1066
1082
1098
1060
1075
1090
1074
1106
1097
1113
1097
1072
1117
1099
1149
1112
1146
1086
1112
1085
1095
1155
1106
1088
1146
1111
1108
1146
1128
1139
1153
1146
1132
1145
1167
1130
1153
1154
1120
1147
1136
1140
1146
1179
1164
1146
1158
1176
1175
1170
1153
1184
1154
1177
1204
1170
1190
1164
1163
1185
1174
1174
1213
1183
1170
1189
1211
1180
1209
1181
1187
1212
1193
1197
1194
1218
1197
1221
1252
1229
1224
1219
1214
1260
1258
1239
1259
1282
1255
1247
1249
1261
1287
1282
1267
1268
1291
1282
1269
1283
1283
1323
1295
1293
1324
1342
1322
1346
1333
1368
1395
1401
4
7
7
11
11
7
12
11
18
18
9
18
24
23
21
19
27
31
14
19
35
27
32
38
38
35
43
18
41
40
44
48
23
51
52
54
42
36
55
55
32
60
58
59
53
67
62
47
69
57
63
72
24
62
76
71
75
78
80
66
68
81
66
84
79
83
86
92
91
68
68
98
87
92
78
43
85
88
93
107
106
78
100
92
110
86
89
121
76
120
124
121
110
124
99
100
99
128
124
96
132
107
94
108
117
141
141
87
131
142
130
146
147
134
145
149
149
120
158
151
142
158
165
136
164
142
147
141
156
147
171
157
158
140
151
175
142
167
166
170
156
187
129
126
156
164
187
177
154
169
191
195
194
171
207
177
156
206
176
212
207
215
195
157
215
192
176
205
212
181
220
176
226
230
190
191
224
172
221
237
221
191
214
224
204
243
226
221
182
239
217
207
252
232
241
218
232
194
235
240
235
240
255
217
241
250
248
257
272
280
241
242
276
214
258
279
273
256
193
257
253
245
282
235
245
236
271
299
244
259
250
305
270
295
305
279
243
296
256
278
307
237
280
303
254
287
316
303
278
324
298
286
292
305
314
329
315
325
266
326
289
282
300
342
294
311
302
286
257
317
323
319
320
303
332
327
306
297
302
370
289
341
362
353
332
353
340
343
282
345
343
318
299
322
332
325
296
382
383
302
342
383
373
381
378
368
329
393
373
356
362
379
372
391
395
372
406
368
345
375
375
369
408
329
398
343
389
411
327
405
374
370
371
433
367
347
392
390
422
403
390
392
410
390
406
382
435
373
390
443
395
432
434
443
403
326
425
430
400
438
435
394
440
404
465
421
387
418
464
367
446
478
461
411
449
450
441
462
442
448
402
442
441
388
484
426
435
452
417
417
449
484
459
376
474
454
468
461
459
490
508
481
455
478
516
389
472
505
514
485
393
469
465
468
494
477
446
460
494
539
475
480
486
506
513
520
512
506
482
515
489
490
530
469
517
512
454
500
554
529
497
559
534
490
529
504
548
546
524
539
492
565
530
475
537
575
526
526
550
508
448
523
550
540
558
546
576
537
541
538
520
561
598
566
601
552
540
597
569
571
485
535
579
556
559
559
536
589
526
629
594
525
574
574
583
602
614
605
574
584
564
582
634
595
603
585
629
591
612
579
583
628
595
554
540
619
610
552
629
639
608
616
604
590
663
664
620
639
601
629
614
632
617
607
606
644
603
629
677
606
652
673
654
645
561
628
635
629
661
664
614
669
617
709
649
699
640
612
650
629
609
683
657
672
683
622
690
600
687
656
620
674
663
655
666
720
653
635
661
690
702
680
700
679
700
674
693
731
713
746
695
748
713
727
688
755
671
693
675
681
716
679
688
681
777
733
715
676
707
688
685
728
735
716
750
723
682
726
744
725
691
680
727
691
766
730
756
741
701
755
739
764
715
771
716
745
755
740
803
809
725
745
776
768
755
742
786
738
782
754
748
803
792
737
779
831
799
834
812
770
775
759
791
800
762
800
762
846
786
792
760
754
770
740
811
810
801
819
800
766
758
826
810
804
816
811
866
819
785
808
813
760
813
846
846
832
786
815
867
837
801
836
895
840
848
874
864
828
832
834
822
829
863
818
823
880
821
849
885
880
833
821
851
872
827
877
837
924
868
876
825
842
862
820
837
864
879
888
877
840
898
907
886
884
844
865
934
855
864
872
900
920
893
921
860
909
891
911
938
920
961
915
940
916
949
898
952
900
896
869
892
909
984
898
879
881
945
931
933
925
914
899
951
948
942
929
920
902
917
956
902
938
927
979
942
960
935
944
948
1011
979
998
972
936
948
941
968
944
951
983
963
946
1004
1008
947
967
988
1000
1003
971
1027
1009
994
969
1020
970
971
970
994
1059
979
960
980
1007
981
1007
986
973
995
1009
1016
1049
994
981
977
994
1022
1051
988
1006
990
1039
1037
1070
1041
994
1047
1034
997
1010
1022
1055
1062
1010
1021
1038
1047
1036
1049
1064
1034
1031
1068
1061
1030
1040
1124
1055
1043
1054
1042
1093
1038
1049
1079
1042
1044
1085
1059
1113
1096
1123
1100
1090
1098
1071
1076
1067
1096
1066
1104
1120
1088
1103
1096
1112
1104
1173
1091
1084
1083
1084
1087
1089
1115
1127
1149
1163
1126
1101
1122
1158
1102
1145
1140
1148
1139
1112
1137
1131
1193
1157
1119
1130
1124
1133
1127
1168
1159
1184
1139
1204
1180
1158
1186
1178
1168
1159
1177
1174
1176
1196
1166
1181
1168
1182
1246
1216
1181
1178
1200
1208
1199
1191
1191
1247
1206
1224
1237
1268
1223
1210
1211
1232
1231
1254
1246
1232
1240
1236
1286
1233
1238
1266
1271
1256
1262
1266
1274
1264
1320
1298
1331
1295
1326
1324
1321
1343
1346
1376
5
9
5
5
11
4
12
8
9
21
20
14
24
21
23
21
12
20
14
31
23
35
26
25
40
43
42
43
44
47
36
40
50
49
29
51
55
59
54
51
48
59
48
28
68
63
70
68
64
75
70
47
31
80
64
78
70
72
77
52
71
74
75
85
91
64
72
83
91
64
94
53
78
97
97
87
93
105
98
86
101
117
103
109
115
80
91
113
109
110
89
113
113
116
106
105
120
130
112
101
90
102
140
132
122
146
126
126
91
109
135
152
151
147
121
154
129
126
161
114
165
164
143
156
164
152
74
149
149
163
166
172
131
168
167
139
177
173
151
180
149
114
173
180
172
140
184
177
177
157
174
171
198
204
204
205
157
160
123
205
192
211
181
212
108
177
204
167
225
212
230
227
200
199
231
224
130
224
203
211
227
194
194
223
223
195
228
215
210
224
225
170
245
237
224
247
228
225
247
250
207
206
226
251
247
227
219
235
225
266
256
266
242
230
245
239
260
285
289
274
279
289
271
277
275
275
262
264
249
288
292
298
288
246
274
256
275
244
299
288
296
314
290
284
229
281
290
300
302
298
190
245
294
269
300
312
304
300
300
286
310
275
229
295
276
321
316
334
304
335
318
277
304
357
324
318
345
284
299
336
337
359
333
330
332
361
317
276
362
352
351
310
330
341
365
364
355
382
353
359
287
348
336
341
396
362
325
399
351
371
357
339
352
364
330
292
385
392
389
358
379
371
389
421
343
376
382
375
391
386
353
388
385
407
415
417
398
359
426
383
412
369
423
410
375
381
424
444
420
394
327
416
416
406
415
432
389
450
401
436
452
429
403
428
392
357
430
468
440
420
405
433
417
381
405
457
454
419
427
447
391
458
456
449
442
468
450
484
437
436
416
467
465
476
445
399
478
448
483
489
436
473
453
498
479
485
487
511
495
526
513
463
492
488
479
446
493
459
494
480
535
526
471
450
529
521
447
474
483
508
451
523
507
539
473
527
435
520
534
492
477
499
498
530
536
539
537
507
514
529
504
459
512
506
554
548
562
533
537
536
515
528
574
519
543
546
502
524
513
547
600
565
547
514
597
540
512
599
564
572
514
500
547
520
595
592
579
581
596
560
583
561
613
595
565
626
561
602
565
567
570
589
567
525
571
625
602
580
600
586
633
636
583
593
602
575
637
565
569
580
622
603
614
657
556
578
660
593
641
576
628
648
582
567
642
643
644
624
640
621
662
611
630
605
655
663
638
688
621
654
626
584
633
653
657
687
616
630
616
636
648
619
691
623
675
661
632
639
700
661
693
639
620
703
665
653
662
643
692
692
709
606
675
713
701
657
692
700
665
663
675
736
723
720
704
660
750
745
704
688
713
720
710
678
697
678
731
738
701
758
677
734
759
687
719
690
739
714
691
704
696
748
760
718
769
729
701
709
740
774
739
777
771
719
729
743
710
767
766
713
733
720
768
756
759
757
733
768
802
742
751
780
766
795
731
731
731
795
762
749
826
786
790
824
747
802
754
821
805
754
826
755
816
765
809
780
785
847
806
775
785
802
805
772
787
777
800
832
802
788
790
820
852
799
827
790
772
813
784
801
790
852
833
821
882
792
808
877
830
874
803
850
872
805
821
859
868
863
872
833
811
826
856
877
848
850
898
876
821
853
854
878
873
877
849
843
834
828
867
855
848
885
898
869
894
839
834
875
925
880
850
920
897
882
872
854
862
923
935
873
914
935
859
878
874
913
891
951
922
891
880
924
891
879
876
908
941
949
933
917
967
942
940
980
920
891
905
915
898
895
897
965
948
974
980
937
982
983
916
960
927
954
949
930
918
973
948
978
931
949
960
942
980
982
959
932
1000
974
1000
987
967
1013
992
1020
1013
963
1008
963
951
976
982
1007
974
1007
1044
1013
1013
984
1009
1042
1002
1013
1040
1023
1038
984
988
1014
1009
1035
1008
988
1020
991
1063
1055
1033
1054
1076
1008
1004
1048
1078
1042
1028
1011
1026
1070
1057
1062
1068
1055
1080
1063
1071
1053
1085
1089
1042
1041
1075
1095
1063
1084
1102
1089
1049
1056
1062
1080
1071
1079
1095
1089
1118
1063
1066
1101
1101
1137
1097
1101
1103
1108
1088
1117
1083
1109
1131
1089
1093
1109
1120
1129
1122
1117
1168
1106
1116
1115
1163
1152
1120
1157
1158
1143
1139
1163
1178
1136
1141
1134
1137
1148
1138
1171
1153
1183
1180
1170
1171
1204
1210
1157
1156
1164
1187
1168
1172
1174
1190
1221
1178
1193
1191
1181
1212
1215
1202
1251
1205
1205
1250
1246
1211
1249
1261
1245
1233
1252
1249
1252
1241
1241
1295
1265
1253
1255
1265
1287
1310
1300
1299
1308
1310
1301
1312
1319
1328
1335
1345
1353
1358
1368
1374
1377
1383
1397
1421
1449
6
4
7
7
12
4
14
16
9
18
18
20
6
11
9
23
23
24
6
16
24
29
24
25
37
30
35
40
44
19
24
49
48
36
53
50
55
47
55
54
56
59
54
63
56
68
51
30
27
57
51
75
73
71
62
75
31
64
53
82
71
86
28
74
83
78
92
86
89
89
83
73
91
86
78
76
101
88
105
86
79
98
106
62
105
98
113
113
108
119
84
118
96
130
83
115
92
122
134
134
136
135
119
139
131
142
106
137
140
138
108
118
102
154
134
57
139
153
137
142
160
115
137
132
159
152
144
111
172
155
163
143
159
175
162
126
151
141
147
162
180
167
154
173
169
159
184
186
144
167
178
196
162
186
189
199
177
180
165
155
200
213
208
207
188
204
220
222
209
215
211
184
221
194
209
174
213
180
232
233
112
218
220
218
220
192
200
207
222
216
228
233
183
244
232
206
221
182
244
240
209
208
176
220
230
264
233
237
254
252
242
264
257
229
246
256
275
246
257
240
284
232
266
250
279
273
296
277
287
225
270
298
292
259
291
293
289
305
274
256
259
260
188
296
298
299
298
303
277
269
273
272
293
290
261
314
319
282
313
312
318
296
260
265
288
291
302
244
262
312
338
311
314
332
328
255
311
335
354
327
331
318
332
325
342
341
310
350
327
356
367
343
336
373
304
352
359
371
340
374
369
361
339
360
336
369
341
273
372
384
375
304
372
351
370
295
357
391
365
338
333
403
354
371
386
393
359
342
345
320
366
388
418
332
395
387
396
392
389
372
321
399
419
440
412
407
397
419
407
425
408
366
420
415
422
428
385
421
449
449
429
433
434
420
449
423
447
421
392
399
447
463
339
422
450
457
375
355
437
456
444
443
474
480
419
394
462
440
450
414
465
433
428
427
387
410
463
486
476
477
469
450
476
474
488
520
482
482
467
483
472
508
459
423
500
462
500
501
488
474
509
466
464
467
534
485
530
506
495
500
503
461
530
468
407
463
542
537
458
535
513
534
436
509
557
519
496
474
552
517
529
532
535
503
497
507
443
507
528
525
464
533
537
541
554
550
532
591
560
572
535
562
568
578
528
554
574
540
504
551
546
570
579
517
558
535
614
548
608
583
570
575
572
567
606
547
543
519
617
612
533
617
587
608
506
589
629
599
571
549
630
600
600
607
618
582
560
586
524
586
608
603
589
604
603
606
631
629
639
674
633
639
570
639
613
651
604
577
649
609
637
626
616
638
656
594
626
568
693
650
690
657
640
644
643
622
683
626
676
584
678
650
611
696
630
679
581
649
710
665
677
617
670
688
679
659
655
659
633
677
603
659
658
679
645
691
683
686
710
746
705
697
637
701
717
731
691
671
723
641
668
705
704
687
735
718
674
647
707
766
766
723
739
723
707
707
761
699
700
661
751
758
678
671
766
747
703
784
735
702
697
714
728
748
730
749
732
704
730
712
748
749
755
719
725
767
766
746
761
761
823
791
781
712
742
753
807
742
773
802
756
790
785
750
784
813
786
788
728
813
748
847
769
736
792
777
829
796
820
742
740
830
751
765
812
818
772
788
836
798
790
826
818
771
800
800
787
824
817
779
798
830
839
808
830
835
895
826
856
788
867
825
884
804
842
878
808
867
862
819
854
888
826
850
859
909
889
866
867
843
893
830
848
877
822
891
904
866
896
872
870
876
853
863
863
891
877
854
858
886
837
874
884
848
946
893
904
848
933
888
938
870
914
945
881
893
930
889
906
946
923
931
953
951
928
934
904
914
952
939
958
942
933
936
938
895
906
891
934
916
928
919
913
931
904
958
938
961
928
942
943
946
944
967
974
1015
942
932
1007
959
943
1013
966
946
996
986
987
1009
966
961
994
971
1001
993
990
949
995
1019
977
994
989
968
1002
966
1014
998
975
971
980
997
973
1025
1067
994
1001
1061
1011
1015
1068
1002
1007
1051
1036
1022
1050
997
1020
1041
1040
1010
1034
1031
1034
1051
1014
1061
1024
1044
1043
1044
1042
1075
1036
1040
1032
1052
1098
1028
1033
1096
1054
1067
1102
1052
1060
1102
1088
1077
1102
1066
1070
1077
1061
1059
1081
1070
1082
1100
1093
1088
1092
1091
1100
1091
1094
1114
1078
1076
1108
1084
1098
1089
1101
1098
1116
1124
1155
1095
1153
1101
1117
1161
1102
1117
1160
1113
1140
1123
1134
1147
1127
1152
1140
1137
1149
1154
1134
1140
1151
1135
1175
1147
1138
1191
1142
1202
1158
1188
1151
1156
1178
1174
1182
1176
1185
1171
1166
1174
1178
1171
1178
1182
1199
1206
1189
1228
1180
1242
1214
1227
1189
1210
1211
1208
1216
1212
1229
1223
1250
1237
1269
1277
1272
1258
1246
1278
1245
1282
1270
1256
1297
1301
1283
1336
1326
1347
1321
1359
1386
1387
5
5
5
4
14
15
13
12
14
18
23
21
20
15
18
25
22
13
18
35
8
25
19
35
22
27
35
35
29
34
43
40
41
44
50
35
46
52
54
57
59
63
53
42
63
61
61
67
65
31
56
70
51
64
76
61
81
74
76
82
80
61
57
72
81
91
75
75
88
84
73
77
62
94
80
105
93
46
100
87
87
112
73
102
103
67
98
113
119
92
126
101
110
108
107
128
116
124
114
121
115
95
121
106
135
141
146
141
134
138
134
146
137
126
123
139
150
154
143
144
120
165
147
122
162
147
146
128
131
168
175
172
129
166
157
172
156
175
130
165
122
135
128
166
185
173
196
174
188
181
174
180
184
165
177
191
155
192
192
194
151
191
183
189
179
200
160
213
216
217
196
203
222
219
175
216
184
226
196
194
227
199
189
222
199
229
230
230
182
231
233
237
254
212
202
235
226
206
205
217
223
257
251
247
257
171
246
247
240
223
244
282
224
211
246
264
266
268
248
268
263
263
235
269
289
253
265
276
281
265
249
237
296
283
279
278
293
244
223
295
310
257
304
308
278
278
299
268
311
276
307
307
261
259
278
281
319
312
318
278
328
316
282
308
295
306
309
310
333
277
279
328
326
292
300
339
250
304
296
308
349
324
372
330
353
328
349
301
354
370
349
335
333
302
357
330
373
306
360
376
357
376
348
389
373
322
369
355
320
304
348
329
347
391
386
366
387
367
348
352
357
387
396
382
340
412
325
407
340
334
370
389
304
375
360
366
396
411
421
409
409
397
421
358
426
392
406
404
391
408
431
435
336
375
422
416
419
437
362
458
457
452
442
421
461
375
416
400
389
420
408
435
453
403
411
466
405
455
441
472
412
440
444
481
465
387
439
448
461
441
435
411
470
469
411
481
462
366
490
409
443
466
480
481
444
448
483
509
497
506
487
439
477
505
441
507
522
477
426
495
497
505
480
424
539
491
504
517
525
430
446
537
543
475
511
521
510
501
487
494
519
458
541
510
491
496
501
496
551
538
564
510
533
532
522
474
472
550
550
548
553
521
474
574
567
498
540
509
453
524
494
532
591
551
570
568
564
576
590
486
593
603
578
569
575
495
588
564
599
517
572
573
597
596
561
631
620
518
599
586
528
531
583
557
566
604
626
589
593
604
587
584
537
631
622
620
589
613
548
633
557
568
602
636
598
611
606
638
640
631
637
638
581
661
665
571
611
633
631
638
612
649
683
645
566
626
696
658
665
655
579
694
596
683
646
634
632
637
608
644
661
653
598
687
698
613
708
637
633
676
679
708
670
647
654
691
673
621
685
707
693
676
697
633
704
718
650
701
694
667
635
677
724
707
749
712
698
656
720
724
731
684
665
734
711
663
692
729
719
701
778
732
681
730
657
751
682
741
757
715
670
739
693
771
733
721
714
755
758
724
752
711
675
728
765
691
767
731
716
767
755
779
700
788
734
764
780
714
763
803
752
786
768
733
738
745
729
747
797
785
810
740
782
790
815
803
792
817
728
772
774
835
780
782
769
811
746
785
862
827
819
829
771
754
805
801
783
816
765
835
796
806
838
832
791
809
847
796
853
809
866
840
838
840
780
864
847
839
862
823
835
883
824
859
816
810
863
816
811
915
864
869
871
820
863
815
895
858
888
845
858
900
875
848
842
890
831
895
852
906
842
850
885
906
883
896
914
883
909
921
912
854
860
871
871
905
923
916
911
907
908
932
859
927
902
916
891
892
908
899
931
935
921
951
879
970
910
885
935
943
932
895
953
932
958
924
930
914
946
964
968
969
897
954
929
912
955
919
913
950
986
953
963
990
987
959
966
923
970
949
969
950
988
976
959
965
993
989
946
981
968
952
981
974
1000
999
990
1018
1034
989
968
996
1018
992
968
1028
993
999
1021
1020
1014
1042
999
1045
1016
1017
999
1031
1051
993
1015
1022
1048
1040
1067
1015
1005
1061
1027
1047
1029
1071
1016
1024
1050
1018
1013
1065
1020
1033
1052
1086
1030
1037
1086
1066
1059
1052
1057
1086
1072
1035
1088
1090
1062
1072
1072
1064
1114
1095
1076
1086
1076
1080
1077
1088
1107
1070
1120
1111
1108
1082
1083
1127
1116
1096
1103
1081
1143
1088
1088
1083
1093
1101
1120
1096
1145
1137
1145
1121
1108
1122
1138
1123
1152
1135
1154
1123
1139
1127
1147
1132
1126
1126
1179
1160
1173
1145
1141
1164
1141
1153
1147
1192
1188
1187
1147
1155
1156
1159
1192
1196
1194
1193
1187
1194
1194
1202
1202
1195
1190
1197
1199
1186
1201
1201
1229
1196
1201
1222
1232
1208
1241
1241
1229
1245
1258
1248
1265
1247
1260
1259
1286
1256
1259
1269
1267
1280
1283
1306
1324
1319
1317
1320
1349
1379
1412
1439
1471
1535
5
4
9
8
12
10
13
6
9
17
5
22
9
20
21
8
13
21
16
26
22
30
33
35
34
23
42
36
45
45
44
24
48
47
40
48
53
49
47
55
59
59
55
55
58
17
65
56
68
59
56
73
72
44
79
67
76
65
60
75
86
73
54
32
90
85
86
94
86
88
46
73
102
83
91
95
93
88
86
105
79
94
97
95
105
111
100
113
115
124
101
124
94
110
99
103
124
105
105
128
131
100
133
90
129
135
142
142
144
148
137
140
142
121
154
132
144
150
163
137
150
104
137
149
154
168
137
160
168
157
170
126
150
168
104
148
157
162
154
169
164
182
178
176
155
179
187
164
172
179
172
182
192
173
194
169
190
194
173
191
201
204
219
192
156
155
204
222
180
214
224
190
219
186
188
226
187
223
226
223
237
218
178
224
175
223
144
206
218
221
226
234
233
218
240
233
226
226
247
254
237
222
226
241
220
239
242
198
234
252
251
247
241
248
260
273
267
266
265
263
286
276
271
221
262
280
245
279
263
263
288
268
262
291
288
255
306
223
304
266
318
283
298
283
203
247
282
293
268
281
310
306
314
301
290
259
322
282
306
294
319
291
297
303
307
268
314
328
323
287
319
320
314
331
343
339
328
309
344
316
342
333
348
355
296
331
340
311
352
330
341
360
355
340
366
283
335
345
372
363
370
339
358
374
358
274
375
352
372
402
358
377
361
320
381
391
378
386
311
355
370
364
381
352
389
393
333
375
395
395
369
407
374
412
385
418
383
390
387
399
425
353
368
405
402
407
421
418
414
428
400
428
432
430
418
420
355
337
421
447
402
450
411
436
443
420
416
477
432
411
433
435
420
460
398
448
380
442
370
428
428
462
440
425
470
449
463
464
430
465
467
462
486
440
434
456
443
462
457
411
443
505
488
479
476
464
491
485
509
498
501
480
489
508
440
414
492
473
466
496
503
510
520
496
481
517
517
482
552
428
496
503
543
518
534
502
424
455
512
538
493
516
537
518
511
534
513
488
542
504
531
476
513
519
495
491
516
486
535
559
563
513
559
513
555
582
566
553
548
556
571
539
513
560
597
539
471
541
576
515
579
571
586
588
586
551
593
496
554
582
620
575
578
562
598
610
579
494
609
589
602
638
588
611
589
553
612
628
583
613
538
594
525
589
576
559
605
632
558
594
632
598
586
651
578
598
608
643
586
608
635
628
670
571
604
613
609
647
649
650
643
656
649
663
662
661
645
627
566
601
643
693
670
681
633
642
686
655
633
694
663
662
657
664
689
696
631
615
679
661
659
684
662
657
697
651
656
689
668
651
609
706
674
624
716
655
631
684
695
636
682
681
626
746
714
730
688
711
717
709
729
659
728
722
694
736
733
705
664
726
708
743
750
736
713
656
722
675
760
744
739
723
719
762
735
774
750
733
686
739
750
729
757
708
707
715
704
733
702
719
717
730
743
789
758
729
759
790
769
714
806
757
747
769
793
794
769
775
790
828
802
811
769
797
822
780
730
785
809
814
795
818
789
785
792
809
804
795
830
755
821
760
818
810
779
794
822
792
827
801
808
787
829
851
775
762
861
784
828
852
777
809
810
816
872
790
802
827
821
780
837
865
812
868
860
841
876
883
841
843
877
898
832
861
859
867
890
853
856
887
847
845
875
811
846
821
901
879
835
878
835
864
899
842
856
880
839
903
904
853
919
883
847
902
916
886
936
877
872
889
909
861
936
911
938
875
946
947
877
941
891
898
888
954
944
928
927
936
920
950
968
901
929
984
907
941
888
949
928
939
895
941
932
913
924
954
916
915
974
926
947
922
930
939
922
960
960
946
971
996
993
1011
980
972
1005
1020
1021
973
1014
1027
992
999
979
1025
1009
967
972
992
999
1001
975
989
989
994
970
1006
974
981
984
988
1002
1042
1025
1023
985
984
1048
1020
1002
992
1053
1041
995
1016
1064
1005
1079
1015
1069
1065
1089
1018
1035
1031
1083
1014
1024
1056
1026
1047
1073
1048
1056
1046
1025
1031
1051
1047
1070
1037
1099
1040
1042
1081
1052
1100
1087
1112
1075
1048
1104
1099
1068
1123
1108
1117
1091
1073
1076
1119
1144
1080
1079
1097
1133
1083
1093
1082
1091
1112
1085
1106
1090
1094
1112
1098
1110
1161
1150
1161
1154
1137
1175
1157
1130
1151
1131
1135
1157
1133
1143
1129
1159
1130
1131
1125
1126
1133
1132
1169
1160
1136
1144
1143
1154
1146
1172
1146
1200
1175
1209
1219
1186
1157
1204
1180
1212
1182
1173
1221
1197
1194
1179
1189
1201
1223
1195
1215
1196
1218
1206
1243
1248
1220
1260
1260
1256
1233
1232
1234
1228
1253
1233
1246
1241
1247
1270
1255
1283
1299
1275
1314
1288
1298
1312
1341
1306
1344
1333
1349
4
4
6
5
9
15
12
16
17
19
23
15
13
19
22
25
21
10
28
20
32
21
39
17
38
40
27
14
42
47
13
28
36
29
45
47
52
37
53
36
60
61
47
63
64
44
68
58
66
43
63
66
60
69
72
32
74
61
83
14
74
88
74
92
79
81
88
80
84
90
49
89
79
65
93
95
81
90
88
76
111
110
117
94
116
78
119
114
107
114
83
106
103
108
132
78
102
87
124
136
118
123
129
133
138
134
122
112
114
142
104
105
82
130
107
138
148
154
149
141
144
152
150
153
157
145
116
155
135
124
160
170
134
181
164
110
149
163
151
190
151
185
172
168
146
171
180
171
145
194
182
195
175
208
193
199
164
191
176
195
183
209
175
172
196
197
198
190
212
213
180
158
191
187
208
216
194
209
210
239
192
198
227
215
237
239
225
184
201
229
230
199
238
200
196
213
239
258
264
224
241
219
245
237
231
239
209
220
257
208
271
238
215
256
254
199
263
259
256
254
246
286
197
240
225
269
241
268
256
203
267
251
310
304
235
280
267
287
227
290
266
264
263
309
259
295
257
250
290
307
325
261
252
300
310
308
305
297
279
247
247
317
247
316
307
278
306
321
238
333
254
322
332
330
349
312
328
296
356
309
316
322
296
326
308
315
372
323
277
329
361
384
353
356
357
294
335
282
355
300
336
353
286
313
315
373
326
373
312
393
360
351
372
298
340
382
377
370
322
362
354
313
380
409
351
390
345
309
365
404
389
427
349
423
390
411
354
374
381
358
378
402
394
432
280
369
426
426
406
400
359
408
368
420
369
357
399
425
444
404
419
361
400
381
399
418
440
359
375
418
437
475
359
422
459
454
464
383
432
412
426
448
472
413
464
417
413
439
479
497
496
444
476
466
470
477
441
409
473
433
418
427
462
428
476
497
409
461
477
464
460
444
517
441
432
458
486
517
443
440
429
490
543
444
462
527
433
508
435
473
509
490
496
468
438
530
521
476
488
524
562
528
473
534
493
542
501
552
517
454
517
463
475
531
558
487
535
536
473
493
529
508
552
560
575
538
529
517
534
574
490
514
564
547
532
539
503
515
534
576
611
557
575
597
597
517
494
582
588
559
523
581
506
537
537
538
619
581
624
526
557
601
547
529
565
515
620
494
566
602
537
599
595
559
630
626
546
537
593
584
631
639
630
591
620
583
639
595
564
622
588
602
631
619
573
659
634
652
624
588
637
585
646
586
595
641
627
687
620
649
563
601
612
596
632
645
584
629
603
714
646
597
689
681
684
580
598
639
642
664
669
605
641
691
630
687
661
711
675
700
702
672
694
648
663
698
633
658
618
643
676
695
645
734
697
661
686
680
719
660
661
683
664
697
663
761
642
700
639
775
647
664
743
744
706
699
733
715
652
688
742
657
727
670
760
743
720
763
709
684
700
736
739
694
688
752
666
773
741
707
733
774
720
768
692
769
788
756
743
758
769
717
799
753
753
790
734
704
759
771
793
716
712
755
771
829
724
833
815
786
781
805
770
751
756
725
757
790
733
853
742
832
760
840
825
789
753
774
806
827
743
834
845
772
815
800
789
860
770
825
842
827
807
817
822
822
776
792
774
822
859
835
887
842
822
843
858
794
800
841
853
819
814
876
911
832
827
814
854
895
827
894
881
858
854
814
890
889
817
838
901
912
829
855
890
883
917
829
876
908
849
836
876
920
859
838
894
878
887
860
943
919
907
900
891
868
866
852
851
892
897
976
900
914
874
873
927
911
893
913
956
923
967
906
947
930
930
888
924
891
886
889
948
913
955
937
945
978
916
910
931
985
940
995
951
943
987
974
943
954
957
915
951
926
950
1003
952
1009
970
981
947
925
974
983
929
962
1053
974
1033
1002
966
981
1024
981
960
1016
1043
962
959
1024
998
1017
1003
974
1008
1001
984
969
1052
993
1048
1009
990
1018
1081
1008
1046
1063
1021
1003
1007
1024
1019
1031
1054
1038
1032
1033
1058
1060
1021
1035
1068
1092
1021
1052
1049
1101
1046
1084
1081
1051
1054
1052
1060
1040
1048
1083
1049
1044
1049
1052
1131
1112
1066
1060
1113
1061
1064
1064
1103
1074
1088
1071
1117
1113
1096
1069
1114
1078
1157
1108
1097
1122
1103
1145
1091
1142
1086
1088
1099
1126
1091
1117
1099
1107
1133
1188
1136
1174
1188
1106
1121
1148
1150
1123
1171
1134
1135
1133
1126
1154
1209
1144
1149
1188
1199
1139
1147
1168
1194
1157
1212
1168
1165
1163
1157
1240
1202
1171
1164
1169
1174
1182
1176
1232
1193
1256
1188
1229
1196
1192
1196
1198
1206
1205
1267
1235
1217
1207
1254
1222
1267
1244
1272
1226
1232
1236
1241
1241
1289
1296
1265
1292
1276
1304
1289
1318
1342
1373
4
4
9
5
10
12
8
12
10
19
14
13
16
16
26
26
26
20
25
29
29
23
35
23
32
23
42
38
30
29
40
45
38
45
35
53
36
56
45
39
33
61
28
61
66
57
40
66
67
68
68
21
70
70
62
53
76
77
64
84
57
69
86
79
79
87
67
87
59
65
89
66
38
97
94
41
71
103
80
113
105
94
71
94
104
78
103
98
122
116
68
113
118
116
125
123
95
136
125
119
137
130
92
139
129
119
137
122
136
143
123
127
147
144
102
156
149
143
149
122
141
123
147
150
137
129
140
165
163
158
164
174
130
172
121
181
161
151
138
144
179
144
182
159
192
186
185
162
194
161
188
181
172
174
150
139
200
183
142
213
158
182
201
194
200
212
209
188
210
199
187
227
176
173
207
206
223
197
198
188
209
211
215
237
215
191
215
179
192
221
216
240
228
244
235
200
216
192
238
229
245
259
224
239
264
219
245
251
189
245
219
200
240
256
248
235
217
267
289
267
257
234
226
245
249
270
243
300
243
287
261
271
252
292
271
280
266
277
258
307
284
261
316
247
308
261
276
303
306
316
252
304
245
315
332
302
290
291
258
316
282
289
313
306
219
297
315
271
302
322
321
355
272
331
281
324
330
318
304
312
367
328
304
329
364
358
358
342
295
314
350
349
378
317
329
372
359
313
320
321
380
358
364
364
370
319
314
382
368
374
321
314
349
337
378
388
377
377
348
385
374
358
381
392
352
339
347
427
394
375
336
367
424
386
392
301
422
432
401
376
390
364
429
402
397
386
369
368
420
418
409
445
351
417
380
399
432
425
390
399
422
421
396
454
363
413
386
444
400
383
447
432
428
445
433
449
456
416
429
413
471
407
433
463
459
488
414
440
349
438
465
467
450
492
418
474
445
454
450
460
431
442
435
476
443
491
473
517
417
499
438
467
455
488
455
458
522
494
478
468
406
471
516
517
467
491
517
484
512
484
473
549
530
535
477
487
526
523
498
439
513
530
491
554
419
514
484
538
544
421
484
507
514
504
512
539
492
505
521
544
587
501
527
508
564
568
559
540
525
581
560
529
527
584
552
583
535
520
561
560
539
572
535
552
606
575
542
509
508
597
589
566
592
583
548
486
612
598
558
537
504
583
614
581
608
618
604
553
568
589
549
633
564
568
565
613
658
585
602
582
633
623
631
632
626
628
597
569
600
592
596
641
579
580
630
634
636
638
573
624
668
630
664
568
606
625
655
663
623
644
673
649
677
627
590
589
619
626
654
676
644
670
598
639
605
636
682
624
692
692
673
686
654
676
623
675
697
660
696
697
641
671
626
645
652
664
658
643
684
753
708
691
654
645
684
724
669
683
724
666
699
695
737
651
738
679
733
712
686
700
724
701
677
767
719
745
665
724
653
733
705
711
731
763
721
772
759
752
684
697
694
751
705
722
757
715
692
696
818
736
703
708
758
766
773
761
768
784
742
787
757
746
789
778
773
764
773
724
734
760
753
742
825
768
799
727
790
798
733
782
787
759
781
837
827
791
748
827
805
790
779
768
789
838
761
744
741
768
761
786
887
825
856
779
823
833
844
849
769
847
842
809
817
826
848
785
785
844
827
855
825
850
788
894
851
811
793
835
885
851
836
849
877
865
907
828
817
811
891
830
854
850
835
844
847
914
846
825
892
891
863
822
875
877
868
910
866
855
900
850
896
883
851
892
851
953
860
914
868
856
924
873
921
928
941
856
894
942
886
927
868
890
917
896
936
907
893
970
898
899
881
953
910
922
952
921
939
925
893
992
907
898
930
955
984
920
949
969
907
916
980
974
977
929
957
976
997
941
968
978
929
958
958
946
1016
949
927
956
977
953
989
948
959
1030
966
1028
980
1027
1034
950
951
1018
1015
1019
1022
1003
978
984
1043
1018
1020
1021
1015
1039
990
1005
1002
1055
1006
981
994
990
1041
1038
1065
1028
1071
1070
1059
1024
1058
1025
1046
1018
1027
1016
1054
1027
1077
1076
1064
1025
1040
1040
1072
1029
1110
1065
1079
1093
1094
1094
1100
1084
1054
1043
1091
1057
1057
1066
1087
1059
1118
1111
1060
1068
1077
1078
1105
1113
1142
1143
1092
1127
1074
1134
1113
1110
1122
1089
1088
1091
1125
1111
1128
1103
1116
1168
1167
1145
1151
1164
1165
1129
1132
1129
1145
1153
1123
1126
1152
1144
1165
1188
1154
1175
1182
1158
1150
1161
1170
1149
1176
1160
1164
1157
1185
1195
1208
1227
1183
1172
1208
1199
1204
1215
1184
1202
1197
1201
1247
1250
1193
1225
1226
1221
1206
1229
1249
1218
1218
1236
1266
1233
1231
1260
1249
1233
1259
1252
1253
1262
1258
1256
1274
1280
1269
1304
1276
1288
1311
1320
1317
1323
1312
1327
1370
1374
1380
1425
5
8
4
4
5
10
8
11
16
17
16
9
22
24
13
24
26
26
30
16
25
33
34
8
37
38
26
41
29
42
45
49
36
50
51
47
51
52
52
58
39
62
26
61
18
39
61
52
63
64
32
65
70
42
71
78
76
70
67
84
47
76
78
76
87
69
81
86
93
97
82
52
97
81
89
87
92
100
102
91
98
79
99
113
96
81
114
93
122
100
110
126
122
122
116
130
120
119
109
118
134
130
73
141
92
75
107
130
106
93
121
117
148
152
119
147
141
157
149
153
152
154
159
141
96
162
151
162
159
123
156
158
156
169
172
135
182
174
166
172
170
166
157
165
189
165
184
174
145
180
184
175
189
184
129
172
182
205
200
160
196
202
166
203
195
197
156
198
179
155
225
226
175
230
216
193
167
225
202
146
217
213
238
233
231
238
224
214
239
219
234
216
245
206
184
248
239
254
243
192
243
236
248
245
256
220
270
237
275
262
257
252
214
242
263
257
272
267
237
275
267
230
261
237
220
266
252
295
299
282
264
275
261
285
232
308
245
180
288
236
310
303
266
272
281
270
302
307
293
283
307
290
248
288
322
294
317
304
311
330
324
281
309
273
343
303
324
323
334
261
289
323
333
323
341
307
312
327
367
304
345
314
287
352
354
367
343
352
328
350
351
358
377
322
311
361
331
284
298
366
339
263
352
344
394
387
367
357
363
361
387
387
376
369
373
369
307
393
390
337
386
342
393
375
389
352
380
329
429
416
399
392
364
381
374
395
436
396
409
381
395
410
424
390
418
422
342
393
385
437
434
397
403
439
397
444
432
441
396
438
409
368
458
454
414
452
437
425
384
452
450
341
425
439
457
462
439
448
456
452
476
450
473
451
406
408
383
487
464
427
438
414
485
452
464
439
479
460
509
477
518
481
490
429
462
468
500
472
499
503
485
514
460
480
483
477
433
510
480
490
521
502
484
509
494
532
449
524
480
413
514
457
485
530
505
522
491
516
548
513
539
525
541
523
458
524
525
499
482
539
554
555
549
474
487
474
578
527
551
531
555
502
533
550
548
537
570
539
558
547
593
552
580
513
504
594
591
562
568
579
552
594
549
599
597
546
553
549
567
524
534
577
568
499
576
590
571
616
604
601
606
596
627
577
594
605
570
602
525
590
621
575
602
533
636
609
611
553
574
530
657
647
607
602
561
597
604
574
651
619
646
566
643
627
663
634
660
654
576
618
622
620
672
620
632
684
642
684
657
583
629
680
651
597
689
685
648
638
673
671
623
651
688
586
627
637
658
661
680
689
663
686
716
679
701
692
639
602
669
699
654
610
624
716
674
644
636
669
714
743
710
702
690
645
706
677
727
689
698
727
722
727
695
758
713
702
728
641
725
748
712
660
759
709
734
713
772
760
696
717
751
706
688
721
756
704
703
774
759
743
753
778
742
706
722
756
783
750
711
686
776
772
801
786
695
729
712
757
731
786
763
758
759
741
788
786
799
761
764
731
766
799
816
775
827
805
827
806
763
780
821
781
754
839
812
765
791
744
794
776
804
839
785
838
786
837
834
795
843
776
840
801
820
849
789
828
823
853
840
827
797
870
795
831
807
859
779
812
879
794
857
866
863
836
822
806
833
806
872
820
851
849
900
801
885
836
856
835
816
891
863
819
894
883
857
924
870
897
861
885
841
848
877
864
865
839
911
907
889
925
919
849
887
877
896
902
850
913
864
918
897
919
950
933
952
890
877
912
910
888
891
925
926
883
976
912
921
902
918
925
902
913
938
982
945
959
919
968
941
898
896
957
899
961
940
923
912
970
976
943
935
927
944
919
926
977
969
963
995
956
983
969
940
951
1004
938
975
947
1006
937
982
966
1003
997
1023
965
1049
963
1011
972
977
970
981
982
1013
1010
1024
1003
1020
997
976
968
1041
1014
1031
1011
1034
1035
1018
1042
1003
1015
997
994
996
1012
1020
1037
1015
1030
999
1035
1021
1023
1032
1061
1075
1066
1018
1013
1044
1083
1071
1050
1026
1047
1058
1060
1073
1038
1085
1130
1043
1073
1057
1090
1068
1073
1098
1100
1090
1075
1057
1082
1107
1072
1138
1090
1072
1079
1093
1081
1093
1108
1110
1108
1093
1098
1084
1103
1126
1142
1106
1108
1097
1102
1139
1120
1139
1131
1116
1151
1154
1124
1123
1139
1128
1125
1143
1175
1166
1163
1136
1127
1143
1145
1131
1153
1142
1155
1180
1181
1167
1158
1165
1154
1156
1164
1164
1164
1164
1163
1173
1160
1191
1176
1191
1196
1187
1216
1198
1193
1229
1181
1198
1199
1199
1221
1219
1192
1208
1203
1207
1242
1207
1235
1217
1216
1214
1220
1243
1252
1248
1242
1250
1251
1270
1250
1252
1253
1253
1278
1277
1281
1282
1300
1294
1296
1317
1319
5
9
4
10
13
4
14
14
19
21
15
13
24
8
27
17
13
24
34
22
36
34
39
39
12
44
42
37
37
46
48
46
53
48
46
50
53
43
57
59
52
50
65
50
31
56
66
64
65
64
71
76
63
81
8
54
43
78
81
68
32
81
80
81
88
89
79
78
75
94
101
92
75
71
82
83
85
87
74
87
70
101
97
108
115
122
83
113
124
109
74
121
120
113
83
128
112
120
131
118
119
139
134
135
145
121
140
121
120
133
144
145
113
144
100
152
85
115
156
141
148
160
106
151
129
161
170
157
152
155
165
172
173
175
149
152
164
164
164
176
150
166
160
167
178
164
190
174
154
173
188
174
152
185
170
174
153
197
187
183
179
159
189
212
205
194
207
177
217
227
199
190
232
221
195
202
181
225
219
190
221
230
229
241
174
230
208
212
195
237
191
228
246
237
230
249
238
233
245
258
229
259
236
237
241
230
259
232
233
224
222
255
256
246
273
255
225
218
228
280
234
254
240
249
266
281
247
252
264
246
286
308
291
253
272
251
254
265
285
292
294
307
293
294
263
318
245
270
258
283
315
302
266
298
327
313
283
319
317
314
323
315
314
318
316
319
322
313
298
304
297
323
266
336
321
325
348
308
291
298
334
355
294
344
306
318
314
362
326
341
336
324
342
376
362
330
347
324
372
340
361
335
369
387
342
367
346
377
306
337
376
358
395
406
306
378
347
394
363
359
377
381
412
395
341
397
390
389
408
384
370
395
376
384
396
417
402
382
414
389
349
376
416
405
356
407
378
392
397
442
406
408
384
387
417
435
441
412
423
359
449
458
441
416
435
462
397
417
420
430
457
401
449
441
455
479
372
429
424
428
442
432
380
434
483
475
421
472
466
450
491
473
447
475
477
441
474
471
465
463
457
467
431
504
493
483
452
487
440
462
436
510
440
488
451
465
482
518
477
489
488
471
527
536
525
497
514
444
477
492
520
506
524
542
520
510
469
554
445
470
501
507
537
509
462
514
563
557
522
518
549
509
553
548
497
542
545
538
540
544
530
540
521
525
512
587
552
560
528
546
510
535
581
587
519
554
532
545
519
596
558
560
569
544
569
605
600
575
584
503
609
573
600
581
598
620
563
555
551
563
504
531
585
587
598
601
513
597
567
633
579
592
579
567
642
629
548
604
619
621
626
620
590
622
597
606
621
646
634
624
603
606
596
611
648
631
583
629
581
624
573
667
608
643
601
598
651
682
664
636
636
568
677
691
680
653
633
689
646
661
620
646
664
603
665
629
675
649
593
648
602
664
645
673
698
617
723
662
618
684
715
685
699
705
661
692
690
678
700
683
665
697
719
682
679
680
728
693
684
688
660
666
637
748
704
703
667
689
724
754
683
713
713
736
755
773
762
734
687
767
715
723
693
725
745
716
748
712
724
697
738
676
725
742
739
695
739
797
696
793
750
764
745
750
737
745
755
758
755
779
740
771
746
760
758
757
808
747
761
766
726
740
756
773
806
785
733
746
787
757
826
829
808
789
795
851
841
785
765
846
776
799
766
791
789
808
780
782
767
807
804
804
871
768
823
794
816
831
799
867
814
812
805
822
853
825
807
805
834
830
828
845
885
827
836
831
810
825
851
833
817
836
845
892
811
864
830
897
920
886
871
822
856
851
919
823
859
921
838
850
841
844
872
873
883
892
877
942
887
897
869
898
872
875
874
890
886
893
874
930
894
901
881
892
941
905
892
880
898
895
905
904
885
904
883
893
936
933
946
947
989
979
938
893
989
926
903
905
908
934
911
911
939
945
928
958
1008
960
930
928
960
950
928
968
939
923
943
961
998
967
1003
949
963
943
965
962
968
967
962
958
970
956
994
999
952
998
1036
959
996
1008
977
958
1048
968
967
1039
969
975
988
1004
1013
1064
1020
1011
993
1024
1029
985
986
997
1059
1014
1020
1011
1011
1021
1027
1018
1061
1020
1010
1010
1006
1028
1027
1059
1015
1055
1091
1058
1049
1101
1051
1088
1032
1064
1066
1061
1032
1076
1064
1043
1038
1106
1073
1051
1062
1066
1046
1066
1120
1071
1054
1055
1111
1085
1076
1060
1071
1097
1106
1089
1097
1151
1116
1089
1126
1135
1110
1080
1103
1090
1118
1151
1096
1128
1123
1109
1154
1109
1121
1114
1104
1157
1121
1113
1125
1139
1113
1140
1166
1137
1128
1139
1203
1155
1177
1166
1195
1159
1151
1188
1147
1157
1156
1154
1194
1226
1170
1192
1171
1204
1177
1176
1182
1189
1189
1206
1236
1198
1229
1192
1195
1197
1202
1250
1241
1218
1252
1214
1213
1221
1220
1246
1250
1232
1235
1274
1240
1240
1252
1287
1290
1267
1261
1279
1281
1312
1322
1317
1288
1315
1319
1356
1327
1341
1349
1378
1381
1398
4
4
7
10
4
4
9
4
16
20
21
14
5
25
27
18
18
31
31
35
29
32
24
33
23
14
34
26
33
40
48
45
46
51
51
50
55
55
45
59
62
62
58
53
4
65
29
72
67
61
38
73
73
70
73
45
63
38
70
65
43
53
83
87
66
74
83
68
87
61
71
65
80
102
88
91
76
93
57
107
44
93
105
117
97
90
95
88
107
121
90
114
124
70
100
116
114
133
112
107
55
139
110
145
142
144
92
147
135
128
138
104
117
149
111
119
157
157
157
148
128
132
166
138
148
114
121
135
133
147
152
136
147
161
171
149
112
166
184
190
113
143
150
173
188
189
157
128
190
146
163
183
181
189
186
183
193
198
169
181
211
178
200
214
137
104
187
207
224
196
202
174
215
193
208
219
219
201
213
220
203
151
139
228
202
202
210
210
238
206
220
212
213
240
193
193
184
213
239
185
234
186
215
238
269
218
240
230
253
274
261
252
234
265
232
281
262
251
222
268
178
256
273
272
282
222
271
286
261
265
268
270
286
291
270
290
182
289
201
313
287
262
254
286
309
294
224
248
278
286
251
297
290
276
296
292
298
301
310
307
294
267
308
302
260
325
288
290
303
293
284
353
268
330
290
362
329
315
324
311
334
350
333
359
357
261
334
339
332
357
353
345
240
359
342
381
287
358
313
354
367
343
362
270
348
346
337
371
378
390
323
382
327
375
377
332
368
297
357
373
375
381
343
367
390
365
366
364
328
405
393
416
338
387
397
334
427
417
376
363
429
373
399
410
425
378
415
401
432
409
403
400
357
424
439
428
350
305
429
424
464
414
434
392
443
403
424
436
438
422
439
457
421
369
355
377
424
423
454
433
465
448
439
417
449
479
407
423
399
450
434
403
474
397
434
480
480
438
435
479
475
468
485
468
448
492
450
501
457
488
458
478
415
493
489
495
459
440
497
523
500
474
494
490
507
530
496
520
516
531
415
520
477
493
512
511
535
435
505
489
499
509
468
513
467
524
516
490
543
530
537
509
461
532
505
479
483
541
498
511
488
518
485
543
559
569
512
533
566
551
530
577
505
572
579
593
480
518
567
574
564
603
564
571
593
551
527
551
587
576
574
597
572
578
488
585
579
567
602
527
618
599
560
557
552
610
548
526
598
589
585
540
622
601
552
590
597
555
554
606
642
625
550
638
554
610
643
590
564
649
605
613
560
643
579
635
617
667
643
613
641
586
628
679
637
557
665
643
623
614
657
652
619
674
636
655
672
667
655
592
687
573
598
580
634
648
637
686
644
702
656
645
647
610
653
599
628
624
676
618
621
712
719
664
679
700
674
640
717
708
693
704
687
695
636
681
652
705
670
664
721
630
668
666
694
730
701
720
731
715
692
770
719
741
740
748
760
722
703
707
650
706
768
670
744
712
727
737
669
722
710
742
717
760
772
733
732
743
705
693
706
695
716
752
733
689
738
751
798
723
752
779
733
759
806
735
761
775
795
750
720
766
760
784
821
797
804
804
768
747
768
806
779
770
834
795
812
806
785
807
822
808
779
806
773
831
734
740
796
758
807
760
813
821
766
809
821
751
800
757
849
821
823
849
790
814
864
777
793
843
814
809
776
837
812
846
834
864
864
838
836
849
841
879
834
841
875
864
813
820
889
873
846
865
855
886
857
815
861
909
869
847
871
872
909
862
896
870
879
861
828
841
826
833
892
863
923
905
877
909
908
891
925
886
904
918
911
896
916
891
874
906
870
886
910
916
884
897
913
946
944
885
919
932
970
958
929
961
923
958
900
929
913
929
910
964
931
942
923
896
938
958
927
929
963
906
949
951
957
949
967
923
992
951
928
942
933
992
1004
975
974
997
975
986
991
1024
1015
973
950
989
958
964
1014
943
1012
972
982
971
1002
990
966
975
986
972
1018
997
1001
1004
976
1037
986
981
1056
988
1024
1032
977
1024
1043
1027
1033
1020
1030
1043
1006
1014
997
1009
1031
1032
1035
1005
1000
1048
1010
1034
1097
1047
1019
1064
1030
1078
1074
1042
1103
1055
1063
1065
1063
1051
1082
1053
1082
1068
1039
1073
1048
1071
1079
1068
1095
1137
1071
1054
1103
1105
1059
1113
1113
1075
1075
1102
1106
1096
1072
1113
1097
1079
1111
1098
1108
1111
1089
1132
1120
1107
1169
1179
1133
1132
1107
1147
1147
1141
1132
1115
1124
1140
1120
1147
1157
1128
1148
1169
1153
1158
1162
1159
1150
1166
1143
1166
1146
1158
1230
1180
1182
1175
1198
1189
1179
1178
1189
1189
1195
1247
1205
1195
1204
1213
1212
1212
1259
1205
1228
1225
1216
1248
1223
1228
1222
1236
1232
1246
1266
1241
1248
1248
1274
1307
1275
1320
1317
1289
1311
1325
1351
1361
1363
1407
4
6
11
5
7
13
16
13
17
8
19
19
4
19
4
22
17
27
21
26
30
34
18
34
35
35
44
44
10
31
48
37
52
50
52
33
53
18
42
54
58
41
52
56
44
59
64
70
60
66
71
76
72
78
79
70
65
79
78
69
82
65
78
87
64
87
59
75
59
93
73
101
94
64
94
100
93
100
107
107
99
111
91
111
112
117
117
95
71
108
90
103
120
98
99
126
118
106
124
94
127
135
125
136
125
98
121
141
137
133
125
147
136
153
111
135
131
158
155
155
150
122
155
163
140
132
152
154
139
170
155
171
162
166
177
180
168
167
166
172
190
162
156
179
163
148
178
172
182
171
157
188
157
182
203
175
191
175
185
190
207
176
215
181
183
171
207
172
203
197
210
200
218
210
201
210
153
226
191
228
237
193
232
198
239
233
223
223
223
231
234
245
230
255
219
248
241
257
218
238
239
206
235
227
246
210
245
256
191
243
255
226
202
268
238
264
262
208
256
255
237
270
248
260
280
273
275
251
287
220
277
299
290
274
268
271
277
303
300
304
276
281
309
307
307
264
298
284
293
311
308
310
311
300
303
278
294
328
293
298
293
338
278
239
313
257
311
332
332
339
344
324
315
340
333
334
329
338
334
335
312
336
270
322
326
270
341
355
314
342
366
334
368
377
303
371
338
335
325
386
360
358
352
373
373
390
298
355
377
388
395
385
347
350
388
387
297
359
373
373
359
395
381
399
384
376
392
377
395
414
360
397
427
392
389
422
400
386
412
379
416
415
346
425
353
428
444
351
423
406
388
434
439
402
437
410
361
401
451
399
395
431
443
430
453
401
382
452
372
468
373
458
454
407
425
415
456
470
439
459
456
459
479
473
423
452
455
492
442
458
428
474
415
364
475
474
465
421
472
466
409
461
477
456
390
493
469
503
495
428
502
491
447
513
487
509
518
517
469
483
516
439
465
543
526
509
508
479
462
537
538
528
499
511
531
543
536
494
501
514
520
543
514
539
540
470
484
474
529
568
457
540
505
558
521
554
441
532
569
562
531
544
569
528
523
573
548
572
584
564
574
551
542
509
485
566
506
559
595
557
519
582
571
588
622
528
590
583
549
540
586
588
544
569
569
593
613
529
541
577
624
633
612
581
573
619
569
522
595
610
526
595
638
637
592
605
581
610
615
649
621
572
616
570
624
591
597
632
652
660
619
634
649
583
658
678
566
664
648
610
669
653
637
662
597
593
646
678
627
578
644
651
646
680
645
614
676
598
684
586
700
688
643
646
597
642
648
639
708
687
690
673
712
637
637
685
730
698
695
655
694
636
672
647
702
681
672
698
668
692
695
688
644
731
719
674
737
655
693
749
668
687
722
757
651
726
715
745
767
717
682
739
662
710
749
746
742
695
758
757
769
726
706
743
750
764
769
680
699
766
751
798
758
726
732
746
732
743
771
781
735
749
789
734
728
810
758
763
784
742
773
787
722
725
735
779
826
765
804
756
772
813
838
734
762
813
770
802
793
782
754
738
774
841
841
837
780
803
771
779
835
802
789
840
812
786
843
794
809
805
795
792
840
840
781
812
828
779
800
839
877
837
835
814
843
854
876
879
871
822
886
850
841
865
897
821
872
845
843
865
888
834
885
894
905
896
840
843
846
841
873
886
891
907
844
858
834
906
847
895
869
876
891
889
856
888
841
893
875
871
896
917
892
913
866
877
942
895
856
921
878
946
931
958
892
924
885
960
959
913
949
956
951
937
911
945
972
935
907
940
960
950
935
907
966
941
952
926
934
965
909
920
984
942
969
994
924
965
939
929
1009
922
961
995
935
1008
984
1009
939
1008
973
956
938
970
949
957
974
1004
1008
965
955
973
1028
957
977
991
987
1018
1041
970
971
1015
978
1059
1021
1044
1012
1019
981
1017
987
1056
1012
1034
996
993
1040
1048
1066
1069
1045
1013
1014
1049
1027
1045
1042
1048
1017
1081
1047
1069
1048
1057
1023
1040
1028
1052
1050
1029
1088
1075
1089
1068
1050
1047
1076
1079
1089
1120
1081
1052
1129
1083
1115
1118
1095
1089
1123
1067
1064
1068
1081
1092
1102
1098
1126
1106
1076
1110
1089
1093
1120
1090
1140
1091
1147
1167
1118
1126
1155
1123
1159
1151
1134
1109
1143
1124
1115
1121
1116
1149
1133
1165
1155
1196
1131
1182
1152
1136
1153
1187
1158
1188
1168
1152
1159
1185
1184
1205
1176
1176
1182
1166
1192
1211
1171
1195
1178
1206
1218
1209
1232
1252
1192
1224
1212
1210
1242
1210
1242
1238
1276
1229
1216
1231
1268
1265
1248
1288
1249
1251
1254
1283
1257
1251
1287
1265
1300
1278
1279
1331
1285
1293
1325
1337
1326
1339
1343
1323
1347
1333
1363
1383
1366
1372
1389
1396
1433
1453
4
7
8
7
7
16
11
18
17
17
16
13
17
10
13
14
29
26
27
32
27
21
15
38
34
44
41
39
43
46
26
45
43
38
16
46
43
17
53
58
55
57
57
64
65
28
43
58
61
71
44
67
52
77
41
73
46
81
63
66
64
64
77
80
82
81
83
96
88
94
91
91
60
89
81
106
63
100
107
109
97
91
96
88
103
115
107
109
114
93
100
113
110
88
106
105
134
128
124
131
117
134
135
134
87
69
143
136
109
133
119
144
112
115
154
151
153
86
124
142
156
137
158
129
158
137
161
159
152
147
163
134
131
171
180
130
159
176
188
180
167
182
166
149
151
131
180
154
175
177
190
176
158
175
183
182
172
187
209
198
173
208
198
214
137
170
153
182
218
213
218
193
190
222
222
197
157
204
234
222
224
220
193
199
222
196
227
207
225
214
234
201
213
212
191
238
256
258
241
250
252
231
250
209
248
220
232
251
255
256
272
259
249
255
188
249
208
255
265
265
281
273
266
280
241
267
217
272
270
227
253
263
275
268
292
278
268
233
234
301
290
289
248
280
254
301
243
279
276
288
300
290
306
283
309
300
243
317
299
296
298
326
334
326
283
280
324
343
298
344
336
332
325
338
329
282
311
319
334
346
297
343
346
323
345
270
323
345
330
351
339
341
333
349
361
312
299
301
347
363
306
379
346
357
328
310
354
384
349
325
356
382
377
371
366
323
389
370
369
394
374
386
358
361
371
404
421
322
406
367
380
425
392
413
401
350
341
358
419
384
409
416
417
423
348
418
369
405
401
422
413
376
420
427
391
430
346
391
380
368
441
433
431
424
426
431
403
379
393
437
408
448
463
462
397
412
445
444
463
453
447
414
444
444
423
425
382
464
487
448
481
426
488
446
471
418
482
430
455
498
496
488
491
499
496
485
426
479
436
488
446
482
484
464
501
503
459
460
409
509
476
433
475
499
508
479
521
488
511
471
472
536
520
529
484
517
479
537
468
527
491
470
516
498
551
526
537
521
457
557
534
531
505
525
557
554
510
494
562
567
530
568
517
570
560
563
578
506
514
562
559
577
522
579
589
546
538
507
527
533
572
589
563
574
548
598
568
560
520
498
581
594
514
619
588
595
512
540
574
606
548
561
517
621
613
581
588
547
619
610
593
613
603
604
571
561
608
636
643
549
626
594
621
643
640
605
642
568
567
589
635
617
631
657
659
659
581
656
607
646
644
607
650
609
631
646
623
674
563
604
586
585
676
657
672
638
653
642
651
611
635
672
623
687
709
704
623
584
661
665
691
692
659
600
681
659
668
636
612
696
723
682
686
676
672
649
718
612
728
651
683
692
690
737
731
730
730
719
653
704
658
724
680
714
730
692
717
723
675
698
752
673
653
713
700
742
723
764
704
742
664
713
761
737
765
687
692
757
677
729
737
698
739
757
795
737
751
740
685
699
762
756
797
771
748
759
722
757
800
815
807
783
766
791
715
809
773
727
730
756
771
771
763
758
820
738
768
744
799
825
785
777
802
797
765
790
789
744
742
826
835
805
783
821
788
822
812
777
808
805
844
772
823
765
837
776
788
822
852
824
842
836
827
786
858
819
834
818
877
837
799
784
838
843
842
896
832
842
866
837
836
855
894
844
858
873
843
839
827
832
888
878
893
839
826
817
844
828
870
876
873
868
831
909
905
870
909
893
878
897
904
892
864
855
947
910
883
916
861
944
903
941
854
895
923
910
892
927
912
879
901
906
932
888
927
872
928
907
889
917
897
942
926
936
917
972
931
941
959
906
909
958
936
975
910
937
916
991
924
938
973
956
996
952
965
977
947
958
962
935
949
974
975
948
940
944
996
969
998
1013
947
989
1006
997
981
959
997
990
999
959
984
966
969
974
1020
1003
1000
969
1003
1050
1007
1008
1008
1019
1001
1009
982
1003
1006
1041
1004
986
1021
1068
1035
1013
1021
1020
1018
1025
1075
1022
1025
1045
1020
1035
1046
1031
1040
1016
1061
1037
1027
1031
1035
1061
1070
1055
1103
1089
1070
1041
1039
1054
1091
1120
1076
1077
1069
1077
1067
1067
1077
1080
1089
1095
1061
1116
1088
1079
1142
1146
1088
1079
1102
1093
1090
1091
1098
1136
1084
1107
1101
1112
1103
1119
1118
1169
1123
1120
1113
1143
1108
1143
1138
1131
1164
1133
1195
1134
1134
1128
1147
1138
1137
1167
1139
1147
1150
1153
1142
1153
1147
1195
1154
1216
1160
1153
1164
1180
1166
1172
1213
1174
1204
1194
1194
1209
1192
1187
1254
1191
1188
1214
1194
1197
1213
1210
1221
1203
1272
1243
1220
1222
1282
1219
1242
1247
1246
1251
1241
1246
1308
1279
1285
1286
1287
1284
1289
1342
1306
1341
1363
1342
1346
1384
1368
1380
1397
1428
6
6
4
8
5
5
14
15
16
16
5
5
10
16
21
21
17
27
12
30
21
26
34
29
37
40
40
25
45
40
29
36
50
32
43
53
47
52
42
60
60
55
47
53
67
52
58
52
63
56
68
54
54
56
65
15
67
78
81
84
82
66
53
73
60
59
84
89
94
88
66
90
69
86
90
96
99
92
102
89
96
94
95
96
96
100
104
101
109
96
100
123
91
130
96
110
131
111
133
112
101
129
91
118
143
146
78
133
129
145
139
146
133
140
123
139
143
145
146
153
153
149
157
123
132
148
132
151
140
143
157
157
160
161
117
145
157
185
153
169
162
176
165
148
161
191
188
184
198
164
173
136
172
142
156
191
188
203
187
212
197
200
198
186
204
206
190
207
213
206
222
182
219
194
212
190
200
214
187
157
230
194
213
235
221
182
224
201
241
214
213
236
220
220
220
185
223
235
262
226
245
221
236
231
222
185
224
266
241
249
204
278
266
244
217
254
261
263
245
266
274
257
277
250
274
267
256
297
278
266
232
299
292
235
263
294
306
276
289
292
206
256
289
272
281
280
244
237
298
320
311
301
312
283
285
291
276
252
309
331
289
324
256
318
308
303
292
300
323
307
327
327
325
341
328
325
333
331
324
324
343
333
333
345
277
350
315
344
368
311
372
311
271
316
313
317
363
368
288
369
370
386
355
367
380
355
358
356
361
371
373
375
377
377
397
355
374
393
322
365
353
367
386
374
389
404
339
369
378
416
379
391
377
401
401
376
349
412
431
403
428
357
400
373
376
356
360
416
414
428
420
450
434
431
385
429
434
410
426
445
443
434
443
433
440
399
413
414
412
417
389
375
452
429
407
461
456
375
473
436
482
422
447
477
438
464
459
418
408
471
460
469
466
457
462
442
444
423
465
511
481
489
437
515
478
452
451
481
496
466
455
498
508
498
507
500
502
504
477
529
517
482
474
523
517
439
452
504
527
490
530
534
436
479
519
484
504
527
444
479
539
553
525
523
545
438
516
528
510
493
547
569
531
545
494
544
504
503
540
544
528
545
545
558
569
540
547
486
532
571
553
523
558
559
567
590
522
577
510
550
584
504
615
543
502
514
516
535
551
597
511
612
565
614
603
587
574
578
595
596
581
619
569
622
587
601
598
576
565
635
528
608
572
606
611
600
616
600
577
613
594
628
606
587
532
624
631
615
565
645
668
620
633
586
635
564
584
599
576
613
601
654
645
683
626
611
594
647
655
618
660
654
688
667
672
682
655
614
644
600
603
660
595
586
696
672
640
678
655
592
702
645
706
626
672
679
656
691
683
654
621
643
705
664
705
688
685
670
624
740
712
646
649
713
745
655
703
649
679
695
661
711
688
748
683
736
747
731
750
712
728
726
727
733
667
752
669
676
725
677
735
770
711
726
688
660
745
722
751
761
722
746
749
744
753
754
750
713
684
801
779
698
704
731
760
704
778
752
745
785
745
764
777
774
749
758
781
739
719
712
782
807
734
784
821
777
727
783
717
739
751
769
742
840
800
761
732
801
794
762
788
819
849
775
825
827
840
816
809
781
816
809
813
768
856
846
798
828
835
792
865
816
813
786
857
832
824
846
849
786
834
777
845
796
805
852
800
828
903
840
793
789
840
907
795
878
836
811
870
869
902
853
847
888
842
848
864
852
839
854
876
852
920
879
889
867
901
920
898
841
853
893
848
854
876
851
953
866
907
930
848
915
869
947
964
911
920
889
944
886
925
933
950
890
906
928
898
956
946
911
945
885
931
936
890
898
943
926
894
951
954
928
992
952
931
931
915
951
924
963
960
981
918
952
927
920
969
937
928
1002
949
962
987
975
950
960
1000
1009
986
952
1000
945
946
991
969
1045
957
945
1021
1020
976
957
1016
998
1007
967
990
1043
1032
1002
1011
969
979
989
1037
1042
975
1020
1036
1039
1003
1004
998
1035
1073
998
1075
1032
996
1039
1026
1047
1058
1037
1009
1005
1017
1040
1078
1057
1013
1039
1072
1080
1057
1021
1026
1091
1050
1044
1066
1068
1040
1084
1101
1100
1040
1105
1076
1050
1082
1128
1073
1077
1072
1064
1091
1089
1118
1124
1073
1097
1075
1084
1097
1131
1077
1081
1156
1118
1111
1099
1092
1142
1117
1098
1120
1146
1100
1143
1176
1135
1154
1115
1149
1121
1165
1156
1142
1150
1169
1160
1191
1164
1170
1150
1168
1150
1171
1151
1171
1174
1208
1161
1202
1182
1182
1180
1211
1168
1169
1184
1200
1192
1174
1187
1177
1188
1184
1210
1217
1197
1209
1259
1215
1235
1219
1236
1221
1226
1215
1231
1241
1232
1222
1227
1243
1255
1236
1248
1292
1243
1261
1251
1268
1290
1259
1285
1297
1276
1270
1284
1293
1310
1331
1352
1353
1410
1409
1463
