5
5
5
5
8
5
5
5
5
5
8
7
7
5
11
8
5
5
6
14
20
11
48
5
6
5
15
9
5
5
55
5
6
11
8
5
17
8
28
7
5
5
6
7
8
5
58
8
5
8
73
5
5
5
5
5
5
8
5
5
9
6
19
5
9
29
5
5
5
5
7
5
5
7
5
5
5
5
7
5
13
25
5
8
5
15
5
5
5
6
5
9
5
9
6
5
5
5
8
5
5
16
5
21
22
5
8
9
5
11
7
5
50
9
5
5
23
17
5
7
5
8
5
5
7
67
5
7
9
5
5
13
18
5
8
10
17
39
13
5
10
5
36
24
5
14
41
5
5
5
44
11
8
6
14
16
27
31
10
6
8
25
63
30
5
9
66
7
5
7
5
5
25
8
35
192
9
5
5
7
6
9
15
54
20
6
10
10
93
8
6
53
7
161
5
5
16
9
116
5
5
13
23
12
139
58
60
46
6
6
19
67
38
8
13
5
10
54
24
61
5
7
5
14
7
18
56
8
5
94
5
5
7
127
5
5
26
22
11
11
19
17
7
146
18
7
156
5
5
24
35
8
79
10
5
6
37
88
9
6
6
8
5
26
5
22
38
9
15
47
18
6
14
18
57
46
27
5
14
6
7
11
62
8
14
10
64
35
23
6
22
60
18
370
23
252
22
25
56
19
5
19
5
24
41
129
166
20
147
6
28
149
16
7
44
60
5
180
50
49
5
16
10
5
118
33
125
38
330
40
243
127
214
5
6
9
135
118
34
240
19
37
259
9
11
5
5
266
7
77
5
37
5
17
78
130
130
154
30
151
115
87
17
42
303
9
14
237
9
242
81
13
268
359
17
265
42
33
115
37
15
420
14
6
246
27
66
19
5
47
7
17
10
18
407
108
5
53
73
6
9
99
46
26
23
5
7
6
21
136
30
19
45
5
52
16
102
8
5
5
675
8
5
27
9
5
355
5
25
19
450
5
6
24
21
5
38
8
6
17
5
103
5
7
32
16
528
88
12
498
38
18
103
5
7
9
340
15
5
432
23
417
439
294
302
229
40
649
204
501
165
288
237
114
376
847
741
215
508
194
423
1145
1084
759
477
667
479
441
308
821
788
716
822
470
1201
1180
1124
1114
1101
1173
5
5
6
5
5
9
9
5
9
5
5
5
5
5
5
6
5
5
7
6
7
5
5
6
12
18
5
9
5
5
5
5
5
5
22
10
27
35
8
5
5
8
15
52
15
20
5
6
12
20
5
6
6
5
5
68
7
58
77
24
30
30
10
32
6
9
9
6
20
9
68
38
153
6
60
63
12
21
68
6
32
67
99
47
26
5
27
12
15
46
9
58
5
31
5
143
6
8
15
91
39
42
9
15
11
40
24
7
81
36
67
165
57
155
14
14
118
26
22
14
5
33
5
13
5
17
152
9
8
5
11
6
8
101
253
23
9
245
7
82
41
6
5
5
282
39
9
445
22
69
388
8
6
10
31
34
5
5
269
175
8
8
11
372
22
5
5
9
5
5
6
5
5
5
28
8
8
7
16
5
5
14
11
5
5
9
25
5
5
9
8
12
14
34
5
45
20
24
5
8
5
12
17
6
5
7
28
6
5
118
8
22
170
13
5
74
38
55
5
108
53
28
14
16
9
5
5
51
6
65
18
70
27
7
25
8
14
5
29
151
9
101
134
6
78
5
65
5
84
6
87
149
102
15
13
6
24
13
15
54
16
5
11
5
6
6
26
13
62
5
32
26
16
15
74
86
6
105
9
5
5
123
75
327
150
151
220
28
6
115
8
6
40
112
8
143
14
158
149
115
5
78
389
8
6
27
12
11
6
25
36
16
48
6
9
8
52
20
7
25
5
6
32
8
5
6
5
11
90
36
18
36
7
27
88
18
6
50
9
53
20
17
158
6
5
46
7
55
6
5
28
18
5
39
12
5
10
111
27
30
30
287
6
12
5
7
61
12
15
9
13
91
27
100
6
43
19
9
15
33
13
14
71
18
34
28
6
8
14
34
23
27
12
7
51
7
10
554
20
11
101
17
6
518
103
249
32
5
140
5
46
126
446
6
9
5
31
7
41
33
77
13
29
62
5
97
100
22
6
47
20
98
13
12
96
36
119
8
47
9
44
5
11
9
6
23
15
5
8
5
38
6
11
5
16
9
8
14
8
9
6
46
14
14
6
27
12
30
13
37
11
45
36
375
41
35
43
26
48
322
253
43
969
181
875
456
275
273
94
87
483
478
708
810
761
443
1274
1144
982
416
5
5
7
5
5
5
17
13
6
7
6
52
17
6
33
12
34
5
11
7
22
7
37
60
20
5
106
32
34
8
6
13
51
5
5
21
6
15
5
38
12
6
8
47
18
7
8
68
5
5
171
5
5
10
45
65
5
25
61
5
33
52
37
5
28
19
10
255
6
72
67
37
25
20
9
27
8
5
18
6
136
6
31
5
9
5
25
116
173
55
79
7
147
17
6
37
16
31
23
5
22
79
37
5
71
6
9
26
406
8
5
16
22
80
5
7
5
94
5
26
28
10
42
19
9
26
12
24
7
97
35
5
32
5
28
25
5
6
19
6
8
5
8
108
11
128
19
65
118
8
5
18
149
23
546
110
5
5
15
16
16
7
29
36
13
79
13
10
6
8
29
5
46
18
8
54
6
30
17
8
20
48
84
258
8
7
5
300
123
5
5
6
333
5
13
7
12
16
5
6
7
24
34
12
11
25
10
13
41
18
7
11
24
12
9
17
5
5
45
69
27
74
7
5
15
6
19
5
27
6
5
8
9
5
5
12
14
6
12
9
20
8
6
160
47
12
19
6
23
522
5
484
5
5
56
13
15
68
47
50
6
9
73
6
22
9
304
19
11
25
122
10
48
45
15
12
5
26
31
9
7
16
40
9
35
9
10
21
17
5
165
5
26
9
9
5
5
124
6
15
95
23
9
14
5
7
5
17
5
11
5
5
25
5
37
34
5
29
9
9
10
55
13
15
24
6
205
8
28
46
101
29
5
51
25
13
63
32
83
69
11
20
10
27
25
5
5
18
23
33
5
158
6
53
5
5
66
5
69
5
6
6
6
19
9
35
40
110
5
23
5
5
1444
9
43
320
9
5
5
180
15
22
5
12
9
5
17
12
12
6
43
5
6
11
8
9
31
8
10
6
49
8
26
11
35
55
28
7
86
110
69
14
77
8
5
150
5
8
21
6
11
21
5
144
125
9
6
14
27
66
30
14
137
34
11
208
11
75
57
9
5
122
11
107
18
6
13
22
22
47
20
5
50
38
51
11
6
18
31
6
25
63
38
27
97
53
181
5
136
63
77
42
109
72
11
14
8
104
343
169
51
116
71
97
431
335
322
137
179
145
376
562
604
698
676
418
862
893
514
512
5
5
5
5
7
5
5
7
11
5
16
5
6
8
5
8
5
5
5
5
11
16
6
9
5
8
7
5
10
15
19
8
7
5
5
20
5
19
25
23
6
20
24
5
7
34
11
44
6
49
26
12
23
34
16
51
24
44
115
7
133
5
5
15
5
5
5
7
7
158
19
5
8
22
33
5
8
5
6
5
9
5
15
44
48
16
5
6
5
7
5
52
5
5
5
71
8
6
9
9
5
10
15
12
16
5
5
7
9
10
5
13
11
10
6
31
6
34
35
5
5
5
8
5
5
11
9
27
5
24
8
28
5
44
5
5
10
5
15
9
7
8
10
8
5
10
5
59
15
30
34
20
8
54
28
41
5
46
13
19
12
25
5
5
5
92
5
5
5
9
5
5
6
5
16
5
17
5
6
8
9
16
7
49
5
13
9
5
16
8
27
29
43
17
5
5
19
6
52
15
14
20
5
5
5
46
9
32
17
6
16
5
23
14
5
44
6
17
13
119
17
156
54
64
25
5
14
5
31
5
30
47
87
8
26
5
12
13
30
9
53
63
34
5
10
24
103
27
56
6
35
76
24
18
77
17
43
5
68
107
6
5
101
5
5
95
8
25
140
191
10
184
5
6
6
7
8
40
22
5
15
234
8
8
21
365
350
254
14
9
5
57
31
22
12
105
55
37
7
5
17
13
5
9
6
6
6
36
29
23
10
14
6
17
5
21
26
5
43
10
102
5
47
16
42
21
7
6
5
6
59
12
9
5
14
8
10
28
15
36
5
5
20
5
140
36
70
27
37
49
5
21
100
6
16
27
117
12
12
106
37
90
115
6
57
56
6
19
94
14
61
20
6
6
26
6
16
5
12
5
43
28
13
155
126
6
44
5
299
146
87
53
9
75
245
392
123
165
9
228
6
23
7
474
258
49
12
7
9
11
29
6
16
29
33
21
41
35
43
42
23
9
64
48
32
7
6
35
108
7
7
6
447
240
373
5
101
175
10
15
9
10
5
31
27
37
58
7
398
674
63
369
26
211
60
42
231
5
5
153
38
16
76
33
7
82
35
5
7
155
108
79
64
55
128
42
111
118
177
203
176
1088
624
530
241
234
465
238
289
958
262
242
707
399
838
413
803
1177
1038
805
5
14
6
8
22
9
9
16
45
9
54
21
5
5
5
13
18
14
8
6
13
26
5
12
11
13
16
6
5
38
8
15
38
84
74
20
26
5
57
9
5
9
70
5
13
16
5
5
16
8
123
30
13
6
43
47
52
13
67
12
73
6
49
77
103
12
125
5
95
5
86
6
9
5
15
5
18
5
6
8
5
5
28
33
5
5
8
5
11
5
24
22
28
5
5
5
5
243
5
5
6
16
19
282
108
10
26
13
6
294
17
5
9
50
30
24
13
29
7
14
20
7
46
21
5
6
5
9
372
5
122
59
53
106
13
5
5
22
5
5
10
35
5
20
10
8
8
39
48
5
5
21
7
8
72
5
9
5
5
24
11
5
15
6
48
5
5
5
76
10
5
5
5
5
5
8
119
104
5
5
9
12
12
9
12
9
17
14
6
9
26
6
7
28
18
5
7
75
8
58
29
7
10
8
26
32
11
116
121
15
72
104
8
6
16
110
26
17
48
6
5
8
102
6
29
11
52
7
7
29
8
5
188
5
9
6
9
5
76
6
5
11
5
5
5
5
13
71
45
50
18
54
22
8
35
55
6
245
41
239
71
6
17
5
15
68
28
93
9
31
6
9
18
5
26
5
316
5
7
292
5
5
9
5
6
10
14
30
5
27
5
7
32
10
9
5
8
7
5
9
7
7
5
11
6
19
5
5
19
14
5
28
5
8
265
123
12
8
16
75
142
5
17
10
12
23
158
5
24
19
5
348
63
12
5
58
37
13
5
11
65
27
24
5
37
15
19
5
5
120
6
69
26
87
80
47
5
104
59
126
5
5
69
134
5
7
5
5
5
5
6
8
35
38
9
31
8
26
208
25
5
15
6
58
5
5
19
8
19
43
78
5
5
11
18
17
29
5
36
7
10
8
15
16
16
5
13
5
6
7
45
5
9
5
6
14
5
404
8
368
5
13
46
45
31
25
5
6
9
12
8
49
5
25
24
469
5
5
132
392
5
5
5
5
5
5
104
5
6
7
9
9
8
5
5
5
16
6
8
20
9
18
24
5
5
8
47
9
35
33
5
35
13
5
10
9
5
58
6
572
8
6
238
5
5
8
5
9
436
344
5
229
132
129
697
174
341
796
649
549
5
5
5
5
19
5
29
18
5
29
7
5
8
5
8
5
6
5
11
16
5
5
5
5
5
5
20
22
5
5
5
8
5
10
5
5
5
41
49
10
15
5
14
10
6
11
14
8
22
20
24
39
36
13
6
22
9
42
13
23
5
7
5
5
5
5
5
5
30
5
37
10
14
12
24
6
27
58
5
5
73
34
9
8
8
65
5
5
6
5
8
6
27
58
5
7
39
121
9
132
5
90
207
5
10
9
5
19
5
147
8
6
56
302
6
5
246
8
16
5
5
5
5
8
5
23
5
28
13
20
8
14
5
5
5
5
14
18
18
23
29
11
64
26
14
50
12
5
5
8
12
6
5
9
21
5
14
5
5
16
115
5
30
67
6
6
5
9
5
5
6
39
45
5
8
9
82
5
91
8
51
5
75
14
106
8
8
52
20
5
8
5
9
78
8
74
18
5
13
13
7
73
9
55
18
28
17
17
23
25
18
6
28
5
30
107
12
5
46
5
16
140
42
6
10
131
23
6
7
43
125
35
32
13
133
9
29
42
16
20
5
28
50
5
5
44
9
6
55
9
25
15
65
9
29
11
12
16
9
69
7
28
5
5
110
260
6
20
24
14
32
55
7
5
28
5
69
5
14
10
23
7
9
6
32
6
13
43
5
7
125
5
21
7
15
5
21
30
5
153
6
9
17
9
32
15
52
7
5
56
6
13
13
210
6
22
113
8
16
40
30
33
11
67
9
12
56
9
83
83
6
15
78
26
25
55
26
9
6
40
5
14
6
9
12
135
5
5
8
7
5
37
17
26
5
175
28
6
7
101
46
37
5
8
5
26
19
6
8
47
5
52
14
8
12
192
34
58
6
18
12
59
5
114
130
160
11
102
52
31
31
9
17
5
112
5
14
5
61
69
59
76
130
5
12
9
12
73
47
198
45
58
62
57
16
20
68
234
69
9
300
7
5
5
79
5
5
27
5
215
5
123
9
5
56
9
8
729
23
32
25
5
242
25
101
25
10
667
14
45
69
6
29
8
90
69
14
96
37
21
462
64
145
112
46
141
78
58
93
142
105
170
131
171
158
85
138
192
175
224
163
178
601
162
161
180
192
197
284
175
635
621
359
344
688
789
587
816
809
485
5
5
15
9
5
20
5
17
6
12
18
12
50
5
8
48
9
5
5
5
5
21
5
28
8
5
5
9
6
11
7
16
5
5
6
7
6
20
7
13
7
5
43
8
8
35
21
53
17
16
12
37
5
68
5
51
15
6
12
32
58
5
6
47
35
47
48
5
6
44
12
60
8
39
5
45
122
83
8
5
5
5
14
80
5
15
6
6
174
13
6
24
149
26
40
48
23
6
5
46
65
5
23
13
28
10
27
5
6
7
5
27
23
25
22
29
6
8
40
6
38
6
24
70
65
40
39
29
70
8
90
5
35
39
127
136
35
104
97
11
5
7
162
71
65
6
58
43
23
8
18
21
8
9
68
9
6
33
11
36
122
235
54
260
198
17
422
50
12
38
5
25
84
35
5
8
204
6
271
5
9
152
5
18
21
9
32
5
6
9
5
11
5
16
6
5
6
7
5
7
9
5
5
6
5
5
463
7
91
12
22
5
467
5
6
5
7
391
9
371
113
42
8
67
38
41
28
49
13
5
7
6
17
9
5
31
9
5
5
67
32
5
8
5
7
5
12
7
5
8
9
5
5
7
5
13
37
9
38
8
8
6
5
23
6
7
19
163
34
5
16
62
150
62
9
14
51
5
59
17
15
6
83
6
6
5
24
112
111
14
9
30
9
37
5
6
101
95
16
6
146
5
101
35
7
5
5
8
88
22
7
7
32
11
27
12
6
16
8
41
5
38
5
5
5
5
5
5
5
5
7
5
5
5
10
10
12
5
6
18
5
5
12
6
37
19
25
5
6
9
9
7
31
7
19
27
8
5
34
49
5
5
9
52
26
8
5
7
5
5
5
5
106
106
5
11
16
5
7
169
9
7
5
9
9
21
5
14
13
7
48
54
10
23
10
18
6
34
30
6
5
5
5
5
14
27
5
6
7
38
7
5
5
9
5
6
8
7
6
14
5
5
11
7
23
37
26
13
8
1602
5
12
11
14
1457
28
1070
79
47
66
5
8
5
65
7
50
105
135
66
29
68
70
15
41
140
144
6
63
7
8
160
9
22
113
9
16
6
11
36
37
33
56
5
66
43
148
55
8
5
5
10
11
5
72
67
5
5
5
5
7
135
29
5
41
39
8
17
5
58
380
5
9
5
11
21
5
33
37
5
15
28
5
5
5
8
56
35
83
32
18
110
80
21
5
6
5
6
5
73
125
9
70
137
48
95
141
27
82
72
19
58
23
50
5
45
6
7
26
19
55
42
16
44
52
23
11
14
177
8
9
9
241
14
16
92
5
7
21
6
30
9
30
222
9
7
46
11
48
21
32
9
141
77
36
60
12
6
8
15
101
26
213
25
98
36
11
6
33
164
72
59
5
276
12
5
21
64
109
18
45
5
13
117
5
10
39
7
103
9
31
123
11
5
8
63
27
9
76
68
12
44
12
45
25
8
30
109
5
11
15
80
9
409
13
9
9
8
6
29
274
8
167
28
11
5
474
19
10
7
38
40
471
131
12
10
52
9
22
120
5
22
16
340
25
5
6
8
104
29
5
69
33
25
85
56
82
54
5
9
91
28
34
232
55
80
133
477
206
12
26
19
30
238
14
7
7
165
149
44
5
13
39
54
30
40
28
24
26
14
5
276
95
5
8
42
78
6
10
76
42
6
23
14
88
50
12
354
715
5
64
697
68
51
25
5
90
516
490
160
179
47
283
6
11
18
5
6
206
14
6
7
6
33
243
5
208
8
179
8
126
746
733
299
7
5
8
5
6
6
7
5
5
6
5
5
6
6
18
12
278
6
14
18
850
6
7
305
5
5
5
5
32
8
35
882
5
7
9
9
7
369
9
5
6
5
5
7
654
355
7
8
5
238
197
120
29
5
5
8
1010
1132
729
717
7
13
716
5
27
8
5
5
402
12
39
34
5
9
6
7
7
5
14
19
22
302
9
5
5
5
8
5
8
8
5
5
25
7
33
27
14
5
11
6
19
41
8
6
12
15
8
6
8
64
28
1578
5
5
6
1515
14
6
26
9
1521
595
9
369
1214
1289
19
5
11
5
1049
12
24
1006
41
17
424
40
11
34
7
54
25
1398
19
719
66
19
5
79
9
85
5
710
442
204
44
5
24
25
221
13
8
144
19
7
6
588
23
6
145
13
73
5
45
230
5
57
40
22
30
36
30
35
90
435
157
233
132
93
108
96
196
442
396
2007
779
446
294
238
1341
1048
905
376
2403
1630
1584
1377
1340
1006
770
2556
1796
854
1877
1881
1845
1571
1334
2658
2641
2594
2339
1736
1467
3705
3427
5
5
5
7
9
5
18
5
5
8
5
8
5
6
5
5
30
38
5
9
5
6
5
5
7
5
14
18
11
5
5
5
5
5
15
21
5
5
6
5
20
25
13
6
33
8
5
16
5
5
5
5
6
12
5
13
5
25
10
5
40
9
5
9
5
13
5
16
5
5
10
8
5
30
9
16
5
27
35
5
5
78
5
5
9
17
5
6
11
7
38
11
21
5
11
5
21
8
8
15
29
34
5
63
7
8
26
8
5
5
7
9
5
5
5
5
11
13
79
24
6
21
48
5
6
5
5
5
5
8
5
5
7
7
6
5
14
7
60
5
17
12
23
13
17
10
5
24
45
14
30
25
29
13
5
54
46
25
66
22
28
6
67
79
89
12
5
60
109
27
12
11
29
5
6
20
72
6
155
5
20
5
8
19
5
6
8
72
38
9
18
5
8
5
8
5
8
111
19
5
5
6
5
70
74
11
5
5
16
14
19
23
141
26
5
9
5
5
5
8
5
6
5
5
5
5
8
5
15
7
23
5
5
5
6
15
20
20
20
28
27
5
5
5
9
19
18
7
32
5
7
21
5
5
9
13
14
6
9
8
5
6
6
7
6
607
51
5
5
5
6
5
5
8
5
15
10
5
14
5
39
15
9
16
16
21
13
13
19
10
21
5
56
5
40
30
17
7
24
38
48
8
5
13
44
5
6
27
5
25
5
5
8
5
7
5
7
6
9
152
6
94
5
5
15
16
5
7
12
55
5
5
11
41
6
74
8
5
5
48
12
6
11
33
25
14
6
22
50
25
7
64
7
127
25
5
27
7
12
5
17
5
24
6
6
332
6
14
29
11
33
19
5
10
161
23
5
17
14
5
7
46
80
63
5
48
9
5
9
115
118
17
24
24
30
5
5
5
5
6
5
9
9
5
5
9
5
5
5
5
9
5
9
5
5
5
17
5
11
31
22
5
9
9
5
5
43
31
5
5
10
5
14
8
6
7
48
5
446
12
17
46
61
16
27
26
65
17
15
11
5
40
12
34
5
9
19
126
62
25
48
141
7
7
5
11
5
161
17
21
110
36
9
144
5
6
5
6
6
133
6
100
6
154
253
26
198
16
8
13
43
34
28
33
60
85
42
46
38
316
5
5
5
9
5
5
5
5
5
8
9
5
5
18
5
18
12
11
26
18
5
13
30
10
48
5
27
13
27
15
5
8
6
80
36
112
10
32
9
36
51
59
48
40
5
9
130
5
5
8
5
8
5
134
5
5
5
6
5
12
17
9
5
217
7
42
5
26
5
8
5
5
7
9
18
5
65
167
64
5
5
5
292
9
5
21
5
6
32
5
12
11
7
6
29
44
26
10
5
16
5
25
6
9
42
5
73
9
15
50
8
16
5
9
45
5
98
45
27
12
5
6
6
21
5
24
5
105
168
6
5
7
10
5
32
25
5
5
23
7
29
29
25
8
5
34
5
45
5
8
188
5
7
9
5
5
5
11
7
16
287
5
5
11
8
8
253
7
8
7
5
5
5
5
5
5
5
5
5
5
43
5
5
54
308
6
5
6
5
17
22
5
5
5
14
8
24
5
5
6
24
15
9
29
41
8
39
42
23
21
8
22
22
9
22
18
13
30
24
13
9
24
85
12
57
5
14
5
5
5
91
147
5
118
8
6
5
5
5
5
8
9
5
5
6
12
12
13
23
8
40
44
5
5
5
5
7
9
5
5
5
5
5
7
8
11
6
24
11
27
22
16
5
9
25
44
5
18
12
16
21
6
14
23
7
15
5
7
57
5
8
81
5
5
5
22
14
10
161
40
6
50
6
39
6
6
7
52
5
6
83
204
21
17
5
22
66
32
7
98
17
90
5
114
5
5
7
5
6
9
17
21
29
5
36
6
5
9
5
9
5
8
5
5
11
11
34
7
9
5
20
50
5
39
19
9
45
20
5
37
6
27
5
7
34
14
37
34
5
5
10
25
79
7
8
8
8
6
83
5
7
53
14
22
9
6
21
5
5
14
22
22
5
6
39
8
7
6
41
8
33
5
5
55
5
66
18
6
30
75
28
5
40
5
13
22
5
32
53
5
11
86
11
13
56
7
63
23
31
24
11
5
9
51
5
8
5
54
8
5
130
5
5
158
5
5
5
5
5
9
5
5
7
5
6
6
5
5
5
5
6
8
6
5
34
5
5
7
50
15
5
19
5
5
6
5
7
5
5
6
5
6
5
21
5
9
41
5
5
56
6
13
25
5
99
2078
1441
1371
1200
1015
5
5
5
8
12
5
9
5
5
36
31
19
36
14
46
27
10
40
35
10
5
16
6
13
27
16
30
18
5
44
38
30
147
35
9
79
130
39
35
7
23
6
5
14
28
15
156
112
11
123
13
70
198
9
27
16
201
29
19
9
6
5
7
34
161
37
13
9
234
67
5
41
72
80
258
8
8
31
158
29
96
229
5
8
15
22
9
270
128
5
20
5
184
121
5
9
378
23
28
5
379
286
5
5
7
349
9
5
5
9
14
5
5
8
6
15
20
394
5
9
5
262
21
16
5
5
5
6
36
15
5
10
9
7
7
5
56
26
18
21
12
51
5
24
27
67
9
5
8
97
5
66
27
5
8
634
235
160
6
5
5
8
8
8
5
26
5
5
5
5
720
11
5
14
10
29
5
38
5
47
5
5
24
64
10
5
21
5
29
5
89
7
5
5
8
5
8
20
6
6
44
26
23
18
8
6
43
5
5
6
15
7
5
11
6
8
94
87
27
40
6
8
27
12
8
117
43
5
71
63
65
6
44
6
49
118
9
71
9
206
5
20
8
48
96
213
13
51
5
25
6
33
195
27
39
6
6
153
5
15
11
30
227
14
5
64
39
64
234
197
5
46
7
44
125
109
20
306
8
222
20
5
259
18
105
87
62
8
29
122
5
90
48
274
362
45
5
16
46
6
8
11
5
47
43
5
89
5
40
44
94
17
70
48
5
185
5
253
5
21
5
44
227
21
45
72
7
115
18
158
14
81
6
5
10
15
195
598
14
5
127
513
201
45
16
26
156
272
5
110
54
22
268
26
11
5
21
5
148
152
336
15
13
11
22
12
223
20
26
21
103
8
27
392
15
8
18
475
27
673
145
21
250
21
56
112
168
245
467
360
318
20
60
17
492
10
13
441
14
96
18
46
158
106
5
11
11
6
9
21
9
17
439
55
14
13
36
13
80
61
11
55
62
42
32
26
47
9
9
38
6
95
670
26
861
19
5
192
804
26
29
27
113
706
100
865
235
800
115
306
81
884
177
196
285
105
257
350
227
231
170
1053
788
748
1100
291
388
453
438
339
399
201
204
1121
818
614
889
898
826
805
580
875
856
357
1209
970
1222
856
1067
961
622
1407
719
685
1471
1411
2287
2257
2211
1576
5
5
12
9
5
23
7
31
9
9
5
6
20
14
28
9
28
14
17
5
6
5
9
5
5
5
22
24
5
5
5
5
5
5
5
6
14
5
22
34
5
6
5
18
57
5
7
36
38
5
6
9
5
9
16
38
7
6
5
23
5
5
38
8
45
25
67
8
63
14
17
23
43
47
62
68
27
38
65
117
34
29
12
17
35
27
44
15
98
5
67
27
6
137
18
8
29
70
181
178
7
38
121
5
196
11
9
74
98
47
5
6
6
19
7
14
15
5
6
197
6
5
5
5
19
257
24
5
38
5
16
6
231
213
100
8
9
77
15
22
16
5
25
238
6
104
6
11
9
8
16
387
390
40
8
21
5
15
45
6
28
5
12
9
29
6
40
16
12
6
16
44
14
15
24
460
34
18
69
14
15
7
5
73
5
32
13
11
22
33
47
5
29
35
51
56
5
85
27
5
44
23
26
62
5
71
13
5
7
19
5
510
146
347
71
11
55
243
117
5
120
8
673
5
120
5
5
191
175
7
99
73
5
263
5
5
5
18
26
6
8
5
5
11
17
8
5
14
12
9
354
9
268
6
9
781
31
22
36
18
56
29
11
368
5
5
7
14
11
38
5
21
6
29
7
28
6
86
41
31
22
10
8
24
78
6
5
95
45
81
49
94
6
19
14
576
5
105
5
6
174
45
6
131
45
35
5
162
17
6
11
11
116
5
23
34
8
144
20
34
21
15
199
17
5
17
6
9
9
7
34
257
5
72
39
261
45
11
7
13
35
34
78
8
17
48
46
135
9
8
124
5
5
5
32
8
23
11
10
32
13
5
18
5
6
30
50
6
5
9
41
16
109
10
5
6
6
19
18
5
6
5
5
32
36
8
162
14
28
6
5
5
7
5
16
1432
6
25
5
5
1119
9
1007
8
479
329
15
40
6
66
25
5
46
6
5
29
9
19
8
24
45
5
5
21
8
9
347
29
9
21
6
14
50
5
13
55
31
5
8
5
8
19
24
5
5
8
5
7
5
5
5
5
5
9
17
8
31
22
15
13
19
19
19
28
14
33
5
19
52
32
5
55
7
6
47
53
64
86
101
18
5
23
5
5
117
5
14
5
12
16
30
17
99
191
197
1703
1301
962
648
426
5
5
5
5
5
7
8
5
5
5
5
5
5
8
28
12
5
16
38
42
21
5
5
36
16
14
50
32
5
27
8
14
94
5
5
5
9
9
5
24
13
125
16
55
52
22
24
5
6
5
5
76
63
8
10
46
11
7
6
5
5
114
13
20
5
5
5
6
5
5
9
27
6
14
39
17
5
5
6
5
50
55
5
204
9
5
8
5
5
5
7
8
7
5
9
5
5
8
5
5
5
26
35
5
8
5
5
5
5
9
5
5
5
5
13
7
33
5
9
32
50
5
5
5
8
44
46
6
5
66
5
5
88
5
5
5
9
15
17
20
5
6
5
34
7
11
5
5
6
5
5
7
5
5
7
6
7
8
5
11
6
25
7
8
5
35
6
9
5
6
22
44
17
21
16
47
45
15
15
5
50
16
17
37
80
8
5
36
5
7
65
26
5
5
6
5
23
9
131
28
5
104
5
28
6
14
24
23
57
33
30
13
13
28
79
73
8
5
68
78
122
5
43
13
25
117
7
5
6
17
5
15
8
51
5
6
87
55
22
9
5
6
79
30
5
7
10
14
72
12
5
5
5
108
5
8
51
9
8
17
41
22
27
69
225
15
123
20
7
5
5
63
7
5
9
5
5
35
38
12
21
36
5
5
5
5
6
8
18
5
8
5
20
9
40
5
9
5
84
27
9
100
24
7
43
18
50
6
9
5
11
60
9
157
24
14
62
23
87
5
46
68
5
7
12
6
14
21
16
27
21
81
35
40
57
96
25
5
30
9
85
13
31
20
34
26
7
95
55
5
6
6
5
602
164
6
5
9
28
307
5
5
46
52
685
5
5
8
258
33
15
71
44
5
5
10
69
7
47
9
120
6
8
128
16
5
34
5
112
8
25
11
5
20
16
5
8
145
5
6
7
9
5
17
30
853
28
697
5
52
9
5
5
5
10
9
5
250
5
35
9
20
7
6
50
5
37
6
5
7
104
6
537
14
123
101
5
9
5
11
6
9
47
13
5
803
7
20
13
5
13
8
6
17
23
5
5
11
9
16
17
63
22
6
5
7
5
464
147
5
11
12
15
34
38
36
5
21
22
26
9
33
15
81
26
30
90
1060
735
93
120
80
1395
1285
1169
720
416
271
1182
901
5
9
5
9
14
5
5
13
18
34
21
5
8
5
5
9
6
5
5
21
7
20
5
35
7
5
36
8
7
6
5
14
10
27
5
13
33
28
10
5
25
6
12
5
20
24
8
56
5
9
5
50
8
17
57
17
60
14
35
16
24
5
86
20
24
19
7
35
26
6
9
5
10
5
131
17
5
37
11
24
43
36
6
5
5
30
9
192
21
84
52
136
15
73
67
5
31
6
12
24
16
9
10
15
5
49
64
31
5
73
44
6
7
36
45
20
8
58
13
5
8
8
5
5
62
15
9
9
24
28
70
29
79
18
130
11
134
14
5
6
446
8
5
366
8
30
292
11
56
5
300
8
6
18
26
5
37
5
5
16
21
5
187
10
8
10
7
9
30
45
5
45
6
311
6
8
12
6
5
34
415
19
40
41
50
27
12
11
7
12
310
9
21
7
200
5
9
81
36
42
5
6
12
76
321
6
15
34
17
7
53
29
20
13
5
13
11
24
35
11
7
58
12
6
23
6
38
112
204
63
26
22
75
6
34
7
5
180
9
20
25
7
5
42
275
11
8
270
9
65
13
229
21
5
160
8
5
13
5
5
13
128
6
5
9
329
5
41
8
5
21
61
9
7
6
9
5
23
24
5
53
5
383
19
18
7
233
16
9
19
23
6
7
9
5
14
331
64
268
30
10
11
44
11
5
5
218
37
5
35
135
40
5
70
53
9
7
5
6
16
40
5
7
15
11
23
12
9
68
5
5
5
5
6
5
5
6
5
5
41
21
9
7
5
306
5
20
310
29
5
6
44
7
7
39
39
5
5
72
297
79
9
69
83
143
6
5
9
8
9
8
9
5
6
5
5
160
18
14
135
6
41
28
7
9
719
5
5
8
5
8
5
12
5
5
12
26
5
36
40
46
15
490
7
71
25
9
13
77
448
22
46
12
8
16
7
17
6
70
11
91
80
14
60
55
26
33
45
33
34
10
12
6
55
20
6
24
39
150
275
15
55
5
15
5
6
6
5
6
9
207
22
20
249
22
21
82
7
8
40
82
6
30
64
81
60
87
53
5
24
16
16
5
8
91
5
11
24
79
17
46
68
40
45
77
84
71
287
177
281
112
107
93
1554
1419
1135
607
523
312
347
5
5
5
9
19
5
5
30
6
24
5
5
7
5
7
43
42
9
7
5
6
5
60
5
14
14
20
5
5
21
11
6
28
5
36
6
44
26
15
6
5
68
26
14
86
20
69
46
6
71
26
51
5
63
5
10
30
78
5
5
8
18
6
6
167
5
88
17
27
57
147
19
28
109
16
227
15
220
129
6
33
6
255
22
24
17
10
257
273
59
12
33
15
15
19
104
25
9
6
65
11
5
114
5
202
6
73
6
262
8
266
5
10
189
69
10
206
216
213
23
6
25
5
5
49
197
27
73
6
9
44
5
43
9
9
6
5
22
9
96
5
9
94
515
6
5
21
15
5
40
6
6
117
43
40
24
7
32
11
5
11
14
15
55
7
10
9
17
5
22
5
5
35
32
6
15
8
9
5
8
21
5
551
42
47
13
81
9
543
27
22
6
23
32
26
26
13
12
56
16
23
30
5
8
68
12
717
13
510
27
24
34
56
59
9
53
35
14
48
51
6
5
155
300
6
8
5
91
103
14
473
15
32
6
8
6
45
13
120
13
39
9
14
15
29
6
39
5
11
8
43
5
12
6
55
9
9
840
5
12
25
28
31
41
742
12
241
132
5
6
5
19
30
36
5
17
7
960
10
5
29
104
962
58
37
9
76
6
13
17
13
6
9
14
32
18
32
491
5
47
93
142
51
105
6
7
6
8
5
97
75
889
6
405
15
126
37
36
7
38
11
6
8
5
12
52
19
24
5
5
5
183
8
9
5
5
9
5
5
218
5
5
5
5
5
5
5
5
11
16
15
17
5
5
5
5
5
5
5
5
15
5
23
7
5
781
14
9
13
5
5
410
19
9
16
9
34
50
49
5
5
5
5
19
5
25
1392
1388
5
9
10
611
5
8
5
6
5
5
401
19
26
6
52
14
30
40
47
5
68
14
40
15
44
13
9
38
15
20
8
59
5
67
31
92
91
88
130
12
108
6
19
6
14
112
14
23
42
24
23
17
25
18
48
27
5
17
69
15
8
16
56
23
9
9
40
7
48
55
15
9
9
12
114
50
33
6
7
15
6
5
17
32
68
309
71
56
89
356
360
195
1078
1034
854
722
597
1876
1609
1130
768
2224
1742
1730
1171
835
541
2259
1944
1880
1862
2617
