6
12
10
32
6
21
117
12
61
181
38
107
41
40
176
221
206
125
212
59
195
125
77
167
204
184
136
215
225
295
185
122
277
306
285
182
224
257
216
234
164
227
271
269
236
209
355
248
230
208
332
281
285
352
397
216
233
250
392
247
295
402
418
264
302
287
258
389
250
317
408
418
425
329
403
380
327
313
336
327
336
327
455
344
499
489
495
492
489
484
465
474
422
492
346
485
389
512
468
434
504
437
423
571
499
469
589
582
520
575
596
530
492
566
493
540
611
515
470
457
613
576
570
501
561
528
523
569
618
523
568
549
542
530
549
551
511
699
517
705
706
676
716
605
633
702
632
707
568
673
551
715
659
660
584
563
621
627
597
627
585
614
693
596
658
589
598
647
792
787
787
735
720
819
699
642
789
695
824
778
841
850
841
791
773
801
850
852
704
734
804
729
844
751
722
781
723
894
882
891
862
894
718
889
723
878
875
809
766
825
903
854
864
954
970
979
774
977
933
928
983
920
962
866
848
907
983
904
843
963
898
998
844
915
1034
1013
1016
1000
980
907
978
942
1070
873
927
1006
939
1057
966
912
920
1092
1024
1031
1020
992
966
1022
1025
975
1050
1027
1086
989
1038
1129
983
1120
975
1118
1175
1080
995
1177
1144
1105
1183
1098
1123
1091
1152
1093
1079
1199
1238
1041
1154
1043
1186
1191
1150
1097
1098
1211
1151
1145
1167
1114
1152
1137
1109
1313
1135
1309
1307
1271
1146
1182
1149
1284
1169
1262
1172
1210
1194
1202
1172
1187
1188
1375
1207
1373
1360
1340
1368
1339
1337
1367
1340
1290
1259
1313
1320
1438
1439
1271
1438
1436
1434
1352
1315
1405
1282
1367
1330
1293
1483
1469
1314
1460
1440
1457
1441
1445
1419
1377
1472
1441
1554
1550
1468
1457
1403
1407
1406
1388
1490
1609
1612
1582
1558
1481
1489
1488
1458
1636
1640
1582
1650
1579
1611
1617
1607
1579
1656
1511
1641
1599
1566
1599
1594
1540
1539
1602
1546
1599
1637
1596
1558
1542
1566
1745
1557
1623
1771
1696
1698
1771
1771
1775
1623
1822
1807
1779
1689
1644
1802
1728
1726
1679
1836
1853
1903
1828
1895
1887
1753
1905
1838
1865
1808
1768
1810
1764
1899
1895
1986
1861
1854
1850
2001
1988
1904
1883
1879
2090
2090
2053
2033
2258
2165
2144
2182
2116
2311
2235
2230
2173
2175
2392
2347
2322
2293
2295
2261
2263
2263
2250
2323
2277
2472
2437
2434
2437
2436
2388
2295
2596
2600
2510
2479
2457
2442
2544
2508
2691
2654
2627
2630
2626
2736
2727
2730
2717
2717
2718
2713
2708
2672
2646
5
5
97
81
21
145
5
6
147
136
6
12
109
184
218
176
22
174
178
190
115
131
216
124
222
252
274
99
261
269
279
228
122
296
122
295
248
169
315
166
308
259
331
272
255
326
328
362
269
170
275
335
180
184
372
371
306
297
243
405
310
391
342
420
425
323
317
315
380
411
303
407
317
309
395
370
412
370
304
480
297
464
319
302
394
445
440
392
403
448
482
328
436
339
381
429
498
347
471
389
514
494
430
512
470
530
404
509
462
478
442
604
503
425
503
568
441
569
616
513
634
492
580
473
652
518
607
590
562
554
547
501
545
570
537
641
520
705
625
682
607
642
712
600
690
588
668
586
651
573
565
587
754
643
757
576
696
621
690
619
650
800
653
704
798
640
773
814
740
795
803
682
671
703
703
694
663
683
843
791
800
703
795
756
697
741
799
733
784
830
889
825
874
894
758
874
878
733
807
850
844
785
868
913
819
870
908
946
805
869
945
924
802
964
909
952
902
884
854
927
880
901
838
944
947
850
950
1027
874
906
891
923
852
875
884
1001
1049
1054
981
968
959
884
895
1071
908
1059
999
973
908
1068
988
944
933
1127
1078
1097
1137
1073
1113
1102
1033
1077
1078
979
1064
1043
1045
1040
1032
1032
1013
1163
1044
1162
1017
1145
1005
1051
1169
1218
1129
1161
1129
1196
1126
1125
1115
1098
1098
1218
1250
1111
1131
1162
1163
1147
1085
1147
1204
1141
1144
1185
1128
1306
1188
1155
1318
1317
1273
1230
1166
1281
1284
1165
1181
1176
1308
1199
1244
1233
1373
1239
1400
1346
1230
1367
1319
1296
1290
1278
1294
1265
1264
1245
1259
1414
1317
1288
1325
1295
1466
1429
1421
1402
1490
1471
1381
1445
1382
1371
1347
1530
1530
1495
1381
1549
1395
1492
1393
1470
1454
1577
1577
1614
1567
1596
1509
1559
1560
1558
1556
1495
1556
1528
1453
1523
1524
1548
1537
1522
1523
1529
1597
1509
1549
1650
1548
1619
1531
1609
1607
1601
1604
1698
1563
1680
1668
1578
1609
1744
1706
1666
1668
1603
1571
1597
1594
1715
1768
1731
1676
1643
1618
1651
1639
1621
1836
1812
1810
1789
1771
1770
1724
1704
1679
1779
1775
1759
1732
1850
1838
1812
1743
1893
1797
1794
1864
1861
1839
1824
1787
1964
1920
1920
1900
1877
1849
2019
2004
1949
2040
2080
1972
1965
1926
2202
2147
2144
2144
2039
2160
2093
2320
2318
2315
2241
2239
2399
2430
2425
2411
2345
2412
2340
2311
2352
2542
2451
2408
2407
2398
2400
2392
2586
2583
2564
2481
2434
2686
2592
2590
2519
2745
2644
2562
4115
4093
4085
4061
4043
5
5
86
104
102
6
12
88
71
90
53
6
72
22
133
158
10
190
14
155
204
191
214
194
133
112
78
196
54
126
208
104
244
245
239
232
261
261
171
225
137
162
125
224
308
257
228
324
225
285
316
223
284
239
277
237
371
268
243
354
197
322
381
314
385
385
293
220
228
277
409
396
265
377
332
422
409
360
303
413
283
418
399
277
440
353
315
460
461
442
451
463
441
399
443
513
475
443
433
367
409
449
471
399
429
547
420
436
563
432
399
431
583
541
467
545
454
439
408
481
479
544
482
492
446
442
634
493
482
471
490
599
479
631
598
530
642
585
583
579
533
699
511
668
656
669
687
598
698
693
548
617
683
595
587
585
589
677
702
632
669
631
647
747
633
594
740
794
682
751
664
632
795
794
754
732
640
643
695
807
812
714
787
783
773
806
798
761
870
804
777
770
707
774
800
702
776
783
906
769
832
827
812
796
736
879
743
937
941
938
908
930
859
861
823
935
830
817
906
952
816
928
992
962
955
966
996
1004
905
880
1020
839
951
999
986
863
987
998
888
874
1050
1049
1027
1014
993
957
951
1026
1026
930
930
1070
1061
923
1116
963
1059
1115
949
1113
986
1112
965
1044
1085
1012
973
1136
1000
1137
1138
1122
1140
1124
1086
1146
1031
1145
1081
1126
1130
1030
1166
1076
1134
1064
1183
1055
1167
1095
1069
1252
1064
1246
1240
1213
1126
1187
1140
1122
1225
1165
1118
1118
1234
1196
1293
1290
1207
1149
1312
1253
1212
1292
1167
1169
1166
1162
1275
1205
1305
1264
1267
1243
1228
1386
1387
1323
1402
1332
1421
1234
1397
1301
1393
1405
1385
1397
1386
1359
1346
1345
1298
1329
1266
1300
1316
1418
1347
1295
1340
1305
1335
1315
1459
1412
1435
1503
1461
1513
1398
1514
1412
1451
1413
1447
1435
1378
1417
1530
1494
1556
1538
1536
1481
1455
1552
1461
1443
1530
1476
1459
1639
1634
1558
1544
1614
1611
1669
1671
1634
1591
1587
1591
1677
1595
1575
1699
1564
1657
1647
1647
1620
1562
1614
1671
1719
1625
1699
1675
1684
1641
1601
1604
1736
1645
1727
1720
1724
1686
1685
1659
1817
1780
1813
1777
1740
1735
1726
1710
1887
1712
1715
1898
1835
1802
1782
1756
1848
2088
2091
2006
2129
2122
2060
2051
2035
2138
2018
1996
2189
2106
2085
2059
2045
2132
2124
2220
2125
2126
2089
2054
2108
2081
2071
2257
2229
2158
2124
2120
2114
2412
2404
2407
2298
2433
2330
2293
2364
2353
2337
2323
2306
2292
2508
2476
2374
2460
2391
2378
2352
2778
2775
2713
2665
2650
2928
2828
2822
2783
5
5
9
56
17
48
93
113
104
33
148
45
131
88
8
103
168
96
107
125
183
193
185
102
194
112
204
216
101
175
180
260
176
271
222
150
217
123
185
236
224
335
231
322
289
346
347
243
339
320
253
380
356
359
300
279
387
328
406
353
256
338
281
345
372
289
297
451
413
423
468
438
468
323
336
433
384
341
498
492
508
431
435
460
429
435
394
494
493
522
520
468
384
446
504
557
422
398
472
566
473
451
484
475
539
470
557
501
465
463
609
499
605
489
578
541
466
637
522
632
590
575
541
609
657
528
587
519
534
526
517
579
561
535
560
545
556
644
679
538
553
687
569
593
588
573
698
742
578
734
629
733
693
781
756
694
793
643
802
759
694
752
715
822
812
804
759
827
754
820
734
813
710
730
851
865
714
704
867
839
743
871
786
760
902
927
914
915
909
867
856
892
835
781
896
775
870
924
883
883
973
940
893
868
811
870
907
903
1000
837
839
844
995
948
924
914
904
894
867
854
955
927
857
1015
883
886
1034
942
988
979
1052
973
951
959
1009
937
1075
981
1063
956
1051
1082
1066
1060
969
988
991
974
1079
984
963
989
1073
975
1131
986
1141
1103
1076
1195
1035
1191
1182
1190
1108
1090
1023
1183
1079
1154
1192
1143
1137
1122
1096
1221
1098
1170
1063
1091
1105
1181
1149
1190
1159
1157
1133
1096
1144
1131
1110
1103
1123
1111
1303
1193
1314
1195
1285
1150
1312
1262
1260
1151
1270
1264
1198
1303
1198
1249
1241
1276
1248
1226
1237
1194
1293
1354
1342
1322
1292
1208
1215
1305
1270
1262
1267
1407
1286
1384
1307
1277
1253
1254
1306
1282
1374
1377
1365
1339
1349
1336
1390
1481
1369
1475
1343
1460
1324
1431
1422
1506
1382
1483
1430
1528
1512
1500
1500
1535
1465
1468
1457
1408
1561
1397
1514
1469
1454
1510
1416
1599
1521
1447
1435
1499
1499
1462
1556
1508
1478
1467
1473
1586
1580
1575
1508
1641
1564
1557
1523
1515
1570
1568
1570
1721
1646
1638
1642
1727
1728
1720
1739
1676
1641
1663
1650
1705
1639
1703
1603
1679
1632
1627
1803
1639
1785
1788
1769
1745
1698
1658
1843
1834
1856
1835
1825
1825
1757
1776
1893
1888
1775
1745
1924
1925
1870
1830
1824
1811
1781
1896
1899
1889
1877
1823
1984
1926
1901
1864
1953
1955
1930
1886
2037
1948
1938
2034
2192
2084
2054
2051
2247
2249
2237
2239
2248
2227
2247
2214
2176
2096
2127
2274
2245
2248
2227
2194
2198
2491
2473
2401
2424
2400
2640
2572
2522
2492
2866
2787
2717
3143
3106
3108
3096
3087
3045
3036
3013
2998
73
63
46
13
70
62
114
5
27
117
121
90
148
14
181
98
80
206
176
226
190
229
214
242
209
233
268
272
256
233
255
153
270
246
175
182
320
281
282
172
342
292
301
278
200
170
250
224
198
194
395
364
345
370
254
403
362
352
356
353
381
393
243
375
383
325
436
272
430
278
441
408
400
408
383
357
404
397
428
450
510
430
493
494
515
486
441
421
398
478
472
479
578
411
498
441
462
455
523
504
549
492
530
444
490
497
543
547
564
448
620
458
461
649
656
626
629
560
616
589
615
591
598
554
597
642
664
587
581
558
521
692
602
739
734
724
713
562
740
730
719
586
668
776
579
760
700
700
739
688
746
639
687
706
752
610
791
620
767
735
707
698
797
798
783
664
776
702
837
777
772
681
844
752
882
862
696
700
849
830
707
787
744
864
829
749
792
734
796
880
880
819
872
761
956
910
932
965
941
828
954
893
901
827
904
850
855
917
927
877
926
814
879
1027
858
1016
873
845
1019
938
886
915
944
979
1069
1067
993
1023
1088
1081
932
970
1004
973
915
920
1081
975
1017
991
990
1120
963
1101
1100
1054
1104
1046
995
1170
1041
1149
1088
1000
1073
1034
1183
1131
1058
1056
1149
1175
1196
1153
1047
1148
1143
1173
1051
1177
1166
1175
1141
1152
1108
1129
1087
1087
1168
1125
1120
1117
1265
1202
1188
1197
1305
1157
1298
1131
1295
1272
1216
1350
1306
1229
1210
1188
1302
1270
1268
1370
1331
1381
1289
1370
1280
1352
1371
1258
1398
1379
1381
1430
1386
1354
1435
1354
1327
1283
1440
1348
1287
1446
1435
1313
1470
1360
1337
1422
1376
1460
1344
1443
1381
1441
1325
1348
1426
1364
1400
1335
1404
1388
1405
1358
1395
1346
1380
1483
1434
1418
1407
1446
1410
1579
1430
1383
1535
1504
1499
1437
1525
1485
1482
1466
1485
1636
1640
1629
1586
1603
1600
1575
1573
1573
1556
1507
1545
1528
1501
1650
1651
1584
1528
1668
1630
1616
1772
1747
1599
1825
1734
1726
1768
1689
1748
1753
1702
1690
1698
1815
1715
1810
1717
1783
1755
1719
1907
1795
1746
1919
1921
1883
2046
1979
1863
2009
2008
1980
1940
1935
2090
2026
1927
1975
1931
2075
2018
2161
2089
2092
2073
2179
2066
2154
2157
2054
2140
2099
2013
2250
2146
2092
2234
2093
2226
2230
2195
2177
2155
2150
2136
2139
2357
2328
2303
2286
2288
2266
2421
2237
2236
2370
2293
2421
2340
2288
2515
2499
2471
2399
2552
2499
2447
2364
2557
2433
2630
2472
2842
2807
2811
2796
2772
2715
3058
3057
3042
2893
3425
3393
3349
3339
3324
3545
3528
3625
3606
3560
5
13
79
8
22
36
134
153
131
109
118
161
37
130
138
111
120
184
189
172
167
223
227
199
237
118
256
271
250
260
148
256
297
239
189
310
309
319
231
291
311
206
338
345
288
341
256
281
364
212
349
345
319
300
342
394
381
302
382
310
364
320
413
351
372
381
356
367
464
430
302
297
391
341
473
336
407
312
491
438
390
448
395
401
433
389
456
393
433
454
389
378
402
394
386
401
558
524
456
560
439
565
584
573
434
494
436
545
465
521
456
601
591
605
604
530
573
551
623
599
625
604
533
503
567
536
502
524
617
559
563
556
571
530
675
703
645
579
677
655
690
588
691
650
660
643
647
575
710
651
647
771
663
754
726
655
621
645
719
739
771
678
655
790
732
787
642
692
793
781
773
763
681
831
797
765
800
800
767
716
834
853
774
774
827
828
821
800
826
896
797
796
779
770
801
884
816
808
796
794
793
954
933
932
967
943
939
922
940
890
914
847
864
933
966
963
961
959
1014
940
1013
928
898
925
897
1018
907
901
1002
957
948
1005
1017
992
1014
990
959
1000
1004
1000
1083
1077
1053
958
1068
998
1077
1002
1109
967
961
994
1090
964
1043
1011
1077
1130
1027
1051
1011
1149
1147
1032
1147
1142
1176
1078
1043
1146
1144
1180
1133
1141
1143
1078
1106
1082
1087
1074
1133
1104
1280
1267
1252
1253
1223
1212
1199
1213
1160
1162
1212
1275
1275
1229
1302
1308
1236
1182
1252
1247
1174
1330
1330
1287
1216
1252
1279
1206
1239
1305
1258
1250
1296
1267
1269
1269
1388
1375
1260
1283
1282
1285
1409
1311
1296
1301
1298
1463
1463
1409
1377
1467
1504
1464
1507
1517
1381
1466
1385
1517
1467
1517
1450
1484
1498
1425
1410
1408
1520
1413
1402
1410
1403
1537
1423
1540
1424
1527
1528
1526
1502
1611
1597
1579
1550
1523
1576
1525
1540
1561
1626
1571
1486
1559
1611
1488
1552
1550
1600
1589
1591
1579
1774
1772
1623
1710
1761
1734
1739
1768
1801
1765
1728
1728
1710
1709
1712
1702
1700
1840
1797
1785
1864
1861
1742
1753
1717
1824
1802
1783
1900
1891
1867
1908
1853
1772
1884
1761
1885
1888
1889
1799
1791
1919
1894
1998
1902
1867
2047
2018
2019
1967
1959
1900
2111
2053
2049
2013
1971
2137
2137
2135
2083
2067
2059
2063
2025
2175
2025
2163
2148
2145
2116
2113
2086
2086
2057
2338
2327
2241
2364
2360
2359
2334
2320
2305
2244
2426
2390
2389
2380
2506
2474
2441
2497
2432
2391
2387
2419
2506
2366
2504
2499
2487
2455
2456
2663
2628
2630
2596
2541
2525
3202
3172
8620
8597
8532
8511
48
12
40
20
5
5
135
135
25
145
162
92
5
180
12
184
197
200
127
205
153
193
211
232
202
249
122
123
253
88
221
206
190
188
209
201
198
204
251
190
212
187
226
227
225
268
222
240
253
161
326
354
283
255
318
213
262
324
266
278
355
238
386
347
301
312
264
417
246
291
269
365
420
298
448
427
415
296
338
396
476
449
446
395
332
497
475
408
408
496
371
412
398
399
485
384
346
502
556
554
479
527
382
496
443
480
508
420
447
484
471
565
465
540
557
536
509
539
504
607
617
553
525
459
511
490
494
596
652
475
609
668
681
651
651
553
638
607
587
659
591
584
689
685
659
684
622
688
645
660
644
606
746
642
757
598
575
620
653
758
611
748
608
700
632
801
790
772
787
719
780
675
745
664
703
640
666
813
646
851
740
800
847
832
792
812
741
742
725
698
800
790
794
789
780
725
735
809
729
815
879
734
826
934
807
793
947
770
915
947
813
764
933
844
937
908
860
849
904
813
868
817
829
995
823
916
929
916
838
851
977
1001
952
874
926
865
871
959
1026
998
904
1010
1056
1007
912
905
970
952
1099
1045
1042
922
1079
1111
1103
1023
998
1062
1085
1078
1115
1119
1144
1058
981
1144
1002
1124
1009
1155
1058
1112
1092
1068
1163
1023
1179
1036
1084
1087
1163
1080
1084
1073
1055
1038
1181
1079
1083
1119
1226
1046
1230
1193
1056
1230
1158
1186
1155
1185
1163
1200
1119
1089
1090
1164
1293
1151
1295
1281
1248
1247
1158
1267
1239
1241
1195
1203
1142
1185
1341
1287
1259
1244
1190
1359
1346
1359
1320
1263
1256
1258
1261
1251
1231
1386
1272
1377
1377
1367
1324
1260
1319
1315
1295
1458
1410
1403
1403
1377
1501
1307
1499
1501
1470
1461
1331
1399
1495
1433
1391
1429
1394
1430
1376
1411
1379
1378
1408
1519
1395
1471
1410
1581
1413
1405
1514
1526
1429
1519
1517
1434
1517
1503
1461
1445
1645
1581
1646
1581
1622
1570
1555
1633
1599
1517
1505
1589
1557
1715
1719
1723
1703
1678
1728
1668
1675
1642
1630
1663
1747
1632
1615
1608
1658
1662
1614
1793
1783
1744
1715
1675
1682
1669
1708
1655
1709
1657
1808
1760
1863
1739
1732
1712
1883
1876
1888
1886
1754
1885
1891
1929
1875
1864
1917
1857
1869
1812
1858
1860
1816
1838
1802
1773
1838
1819
1849
1983
1956
1977
2083
2022
2024
2011
2088
2086
2077
2071
2003
1971
2129
2106
2090
2249
2239
2217
2218
2367
2329
2313
2284
2288
2418
2340
2333
2298
2723
2724
2719
2645
2591
2877
2800
2746
2735
3987
3986
3931
3867
3834
64
98
5
54
37
126
25
74
116
57
52
170
164
151
51
114
219
215
221
204
246
155
206
247
265
143
103
112
290
243
230
203
277
262
252
220
281
261
211
214
238
242
305
331
226
259
233
241
211
238
220
212
267
299
395
409
360
351
400
395
262
372
341
441
274
445
391
463
464
457
417
455
414
304
361
308
360
475
323
449
354
502
501
435
487
418
445
492
544
555
505
486
379
515
453
492
451
455
537
592
504
487
563
481
458
602
614
558
492
611
559
643
605
584
605
550
615
579
491
574
576
684
503
604
677
569
661
633
615
640
676
608
723
604
573
588
725
773
682
614
685
781
662
753
635
686
710
641
634
778
677
692
777
674
752
700
844
758
845
767
697
817
858
688
823
689
718
694
804
741
836
761
865
901
744
744
825
896
832
792
835
893
771
774
927
757
911
905
941
904
847
869
900
922
800
970
884
863
822
945
915
850
895
887
950
886
947
859
948
1028
951
939
918
999
887
1030
979
930
1054
1045
1070
1008
1054
1006
955
938
956
922
970
1100
947
938
1009
944
953
1142
965
1143
1125
1101
1101
974
1139
1165
1015
1139
1167
1124
1146
1110
1165
1108
1064
1165
1103
1126
1138
1131
1056
1053
1148
1049
1123
1121
1214
1068
1086
1246
1185
1254
1249
1164
1194
1190
1104
1171
1203
1175
1118
1170
1130
1261
1207
1210
1184
1213
1145
1159
1145
1168
1352
1355
1362
1350
1370
1329
1372
1223
1350
1224
1360
1336
1290
1279
1377
1380
1369
1428
1360
1400
1338
1401
1391
1382
1363
1434
1405
1409
1436
1472
1404
1368
1420
1324
1491
1461
1396
1477
1405
1355
1352
1431
1434
1401
1392
1370
1438
1537
1543
1401
1455
1484
1488
1440
1442
1452
1427
1419
1518
1480
1480
1587
1477
1484
1612
1484
1560
1611
1562
1622
1492
1484
1629
1604
1542
1636
1590
1527
1510
1488
1595
1597
1589
1561
1655
1617
1542
1612
1515
1611
1592
1576
1599
1580
1576
1731
1658
1596
1726
1707
1581
1705
1570
1671
1727
1615
1672
1758
1734
1719
1608
1710
1676
1649
1647
1632
1737
1717
1681
1662
1777
1823
1796
1748
1697
1832
1841
1844
1814
1839
1878
1855
1826
1869
1761
1894
1748
1757
1831
1761
1803
1797
1786
1784
1778
1771
1924
1903
1833
1771
1904
1846
1820
2015
2060
2053
1935
1923
2061
2060
2100
2148
2142
2091
2181
2252
2190
2111
2092
2091
2268
2227
2208
2179
2135
2319
2247
2243
2238
2188
2234
2227
2197
2387
2386
2293
2266
2270
2450
2422
2373
2418
2360
2359
2325
2341
2333
2303
2579
2575
2412
2555
2519
2619
2480
3045
3042
3008
2964
2887
5
6
6
78
96
90
97
131
54
85
121
120
161
95
172
186
197
186
117
85
199
128
128
242
232
92
198
263
260
225
239
266
244
269
231
287
215
181
201
201
224
199
338
196
247
236
278
232
202
353
319
209
370
247
385
362
384
386
400
362
346
319
257
269
269
284
282
385
323
393
443
429
372
341
334
341
362
343
385
343
483
373
442
443
476
473
464
452
463
412
400
411
365
375
516
492
504
550
503
546
568
452
445
489
474
581
581
425
447
558
555
564
471
542
537
460
547
513
541
549
536
620
539
493
539
613
584
636
508
579
650
514
545
569
667
579
656
531
582
585
697
645
585
554
720
623
722
615
724
680
622
668
744
591
664
616
643
772
699
648
733
639
643
648
660
769
676
737
709
684
690
672
667
828
828
762
731
746
735
720
739
851
816
819
773
817
867
849
727
863
832
820
799
832
905
793
775
900
850
776
832
834
895
887
926
908
849
910
840
883
795
827
805
968
923
934
891
985
936
977
846
881
979
944
936
920
947
906
943
910
945
948
1028
926
1056
971
1047
1060
985
1050
1071
990
1068
1056
1104
1053
1034
1061
1071
1002
1097
1097
954
991
1007
993
1095
1111
1090
1031
1057
1140
1086
1011
1119
1004
1020
1184
1163
1160
1056
1119
1143
1113
1051
1057
1056
1195
1055
1180
1189
1194
1194
1121
1175
1206
1114
1116
1218
1208
1272
1126
1183
1128
1141
1173
1182
1146
1305
1278
1284
1248
1213
1220
1251
1292
1182
1333
1262
1299
1265
1212
1233
1375
1328
1269
1378
1270
1376
1381
1385
1321
1273
1433
1426
1447
1424
1380
1417
1352
1339
1335
1306
1468
1390
1372
1373
1367
1364
1475
1358
1471
1361
1446
1435
1398
1400
1394
1485
1482
1538
1475
1486
1533
1479
1570
1497
1492
1473
1463
1561
1509
1441
1494
1444
1439
1581
1568
1623
1467
1547
1461
1539
1525
1498
1493
1483
1615
1613
1603
1490
1587
1575
1616
1564
1590
1530
1581
1634
1670
1675
1662
1629
1735
1671
1734
1611
1736
1644
1717
1704
1674
1782
1780
1785
1779
1700
1697
1792
1665
1771
1782
1670
1667
1744
1705
1705
1666
1672
1853
1726
1705
1706
1843
1832
1813
1881
1757
1758
1760
1742
1746
1908
1747
1882
1749
1854
1815
1805
1795
1767
1884
1877
1870
1860
1844
1976
1979
1908
1856
1859
2051
2009
2011
1913
2010
1997
2043
1992
2023
2011
2006
1950
2108
2093
2019
2007
2140
2142
2116
2114
2099
2058
2341
2317
2275
2448
2427
2368
2360
2354
2503
2471
2475
2570
2484
2484
2453
2774
2654
2656
2653
2656
2653
2655
2856
2818
2722
2700
2940
5
20
5
13
80
5
140
135
37
118
127
45
122
27
105
23
155
194
176
127
40
168
148
128
232
167
245
242
255
81
270
182
221
261
160
133
221
242
255
261
198
221
254
238
189
217
238
261
205
356
221
352
313
377
257
355
225
318
377
296
311
299
242
306
394
314
306
355
349
441
306
366
375
275
433
357
424
402
343
349
457
322
448
429
505
439
403
507
429
384
367
343
356
397
357
520
452
502
456
412
443
547
482
454
459
490
487
580
463
567
466
512
555
482
477
545
474
556
548
495
486
528
617
648
556
595
493
570
623
502
588
535
672
604
601
572
692
550
684
586
558
544
569
715
698
716
587
684
705
661
712
744
602
703
617
763
744
719
780
760
726
754
759
748
680
742
655
688
745
697
725
723
687
705
727
808
698
756
811
719
714
729
731
706
890
821
832
822
896
875
788
912
821
824
770
945
943
889
952
845
905
893
900
816
903
967
848
960
832
834
922
828
838
925
911
994
913
1036
931
880
966
1047
894
992
902
927
903
891
896
1026
922
904
1034
1057
1037
958
1104
959
1039
962
964
1135
1097
1100
1139
1010
1110
1101
1044
1037
1155
1159
1079
1171
1148
1172
1175
1134
1198
1138
1072
1166
1164
1215
1150
1129
1222
1051
1133
1209
1129
1119
1203
1134
1253
1105
1256
1253
1098
1125
1271
1130
1228
1122
1279
1198
1293
1190
1266
1250
1293
1142
1212
1293
1206
1289
1221
1237
1339
1188
1189
1340
1186
1314
1323
1226
1377
1287
1266
1326
1347
1297
1327
1274
1398
1370
1249
1234
1235
1315
1318
1316
1428
1317
1447
1407
1460
1327
1432
1347
1310
1310
1426
1486
1416
1438
1388
1388
1387
1452
1465
1404
1367
1525
1516
1496
1498
1465
1446
1603
1579
1452
1603
1470
1453
1638
1570
1534
1635
1614
1575
1612
1531
1566
1680
1539
1570
1675
1638
1635
1605
1582
1582
1567
1584
1570
1572
1575
1557
1544
1703
1673
1751
1639
1592
1590
1773
1756
1759
1744
1712
1705
1664
1783
1797
1793
1728
1715
1726
1692
1677
1822
1734
1816
1687
1735
1786
1707
1756
1723
1718
1730
1891
1814
2049
2027
2020
2011
2008
1989
1906
1952
1990
1988
2091
1961
2115
2083
2003
1985
2222
2114
2278
2172
2245
2177
2174
2253
2309
2281
2209
2321
2315
2305
2199
2176
2304
2271
2262
2184
2262
2284
2246
2242
2235
2362
2336
2324
2287
2254
2351
2341
2255
2253
2317
2260
2427
2409
2391
2394
2460
2395
2464
2417
2396
2388
2340
2440
2425
2428
2428
2430
2580
2450
2451
2652
2926
2915
2817
2820
2812
3427
3318
3315
3290
3269
4437
4424
4426
4410
6
47
39
15
107
117
127
76
67
25
154
135
57
153
77
181
184
12
107
182
11
132
221
99
217
139
223
188
250
185
136
210
199
176
276
204
293
239
169
224
226
212
263
188
168
326
334
249
207
184
338
339
222
355
340
229
184
341
289
283
268
301
221
394
268
287
408
222
392
247
278
293
255
306
256
386
360
261
327
414
367
272
483
366
470
469
345
341
353
481
460
502
334
447
503
457
466
466
464
517
507
476
519
495
417
472
532
385
451
445
397
495
451
562
576
576
566
566
561
595
553
633
616
555
506
626
578
568
647
620
571
544
553
521
492
569
523
507
622
583
545
546
595
617
603
590
568
563
549
599
686
681
708
588
727
639
600
734
732
723
689
709
805
787
705
671
745
719
677
740
662
836
806
711
798
651
786
815
827
815
781
765
818
838
776
730
782
735
731
705
895
751
704
836
921
789
833
765
854
842
861
838
821
773
868
761
900
830
861
958
819
928
878
881
871
887
822
820
879
856
818
856
813
888
835
847
835
834
1030
855
1012
1046
1015
1008
955
1016
978
969
883
1067
954
947
975
926
1035
975
921
929
921
963
1050
943
998
928
1098
1049
1100
1012
1119
1120
1029
952
985
959
1008
978
1006
1027
984
1002
1023
996
1188
1165
1179
1102
1150
1213
1099
1066
1163
1173
1228
1076
1229
1219
1097
1165
1065
1075
1237
1213
1222
1243
1253
1231
1173
1162
1160
1248
1250
1132
1291
1132
1131
1237
1204
1271
1198
1339
1294
1282
1263
1351
1350
1267
1358
1197
1270
1265
1356
1223
1359
1218
1293
1259
1227
1411
1363
1346
1343
1325
1329
1305
1308
1293
1441
1431
1428
1389
1380
1324
1499
1429
1503
1362
1482
1413
1401
1407
1386
1374
1489
1520
1483
1412
1403
1563
1534
1529
1521
1496
1606
1469
1465
1442
1620
1608
1486
1454
1445
1601
1584
1586
1589
1569
1541
1536
1496
1739
1732
1630
1731
1738
1728
1661
1636
1769
1710
1606
1732
1622
1723
1691
1671
1708
1755
1751
1683
1763
1671
1733
1668
1646
1838
1842
1790
1813
1674
1787
1837
1829
1791
1786
1701
1962
1950
1928
1824
1801
1804
2008
1978
1983
1984
1973
2001
1982
1959
1959
1992
1949
1995
1896
2001
1945
1985
2115
2051
2015
1993
2218
2192
2157
2061
2042
2275
2261
2252
2103
2368
2315
2240
2392
2382
2346
2328
2312
2445
2380
2374
2442
2412
2390
2324
2457
2415
2413
2363
2576
2520
2519
2508
2547
2464
2537
2541
2479
2476
2486
2484
2471
2478
2695
2693
2688
2650
2632
2715
2588
2579
2705
2557
2663
2644
2720
2692
2682
2685
2607
5
5
63
49
12
80
121
163
147
20
176
105
156
163
195
204
117
72
67
177
194
79
211
126
151
251
266
120
143
277
266
119
157
298
285
252
155
263
156
237
236
176
237
309
335
309
304
302
300
315
236
369
234
326
367
279
355
309
340
315
290
255
394
315
373
309
341
272
260
387
281
331
332
314
455
448
460
299
411
393
476
308
457
361
440
440
385
484
378
507
337
527
403
455
542
552
539
533
457
449
569
414
457
544
495
492
434
438
573
561
538
532
486
494
496
543
580
451
507
573
464
606
451
478
564
637
534
522
524
521
667
497
670
631
511
624
615
677
600
666
707
575
582
537
720
651
673
637
687
557
577
687
722
742
684
745
643
705
674
718
641
662
640
768
753
718
755
700
811
723
710
703
769
776
685
705
664
660
762
685
677
812
722
705
794
686
705
899
789
871
861
871
720
907
824
865
823
765
841
748
949
833
833
849
865
788
830
849
779
957
940
944
920
899
845
1007
961
858
997
905
937
929
846
835
868
839
1007
955
1056
928
1000
1049
955
942
969
1005
934
937
1074
979
1025
914
1082
976
1078
1075
1115
949
946
1077
977
1064
1102
958
983
985
1032
1067
1081
1056
996
1052
1064
1004
1144
1136
1181
1136
1190
1119
1106
1148
1109
1035
1144
1072
1221
1128
1075
1064
1182
1145
1278
1268
1235
1240
1234
1237
1121
1125
1206
1331
1160
1296
1200
1310
1244
1178
1318
1298
1298
1185
1276
1255
1181
1231
1209
1334
1400
1302
1289
1403
1386
1367
1398
1402
1357
1336
1257
1336
1432
1406
1404
1466
1448
1394
1459
1438
1388
1371
1380
1369
1345
1315
1377
1336
1493
1335
1477
1328
1429
1391
1499
1395
1408
1357
1482
1362
1549
1510
1455
1453
1454
1583
1432
1431
1604
1598
1571
1572
1547
1441
1489
1440
1439
1623
1612
1573
1651
1562
1545
1606
1624
1501
1620
1643
1538
1622
1667
1617
1531
1535
1511
1514
1718
1706
1709
1696
1656
1640
1632
1590
1595
1611
1587
1585
1582
1740
1627
1625
1578
1777
1669
1633
1667
1619
1826
1787
1783
1779
1772
1694
1694
1698
1691
1688
1755
1841
1806
1755
1735
1860
1850
1836
1927
1888
1969
1874
1856
1904
1831
1864
1835
1858
1992
1979
2021
1988
2137
2106
2042
2182
2152
2106
2045
2345
2323
2302
2265
2385
2283
2273
2257
2246
2394
2385
2308
2300
2267
2434
2385
2365
2357
2410
2378
2338
2510
2466
2470
2443
2410
2404
2383
2377
2554
2484
2566
2482
2556
2534
2539
2476
2490
2455
2444
2449
2455
2731
2710
2665
2634
2624
3048
3043
3123
3076
3068
3071
3346
3337
21
5
92
61
70
141
104
58
24
142
181
19
116
165
156
122
190
153
227
128
111
119
120
248
91
234
225
111
154
106
116
215
149
293
190
298
147
296
280
319
273
329
341
269
294
299
224
279
306
232
311
231
324
331
324
325
290
370
326
335
369
433
357
429
448
448
421
444
441
445
379
372
415
467
485
483
368
479
445
504
397
417
499
460
391
382
388
458
521
515
385
433
490
451
426
382
506
522
495
502
528
484
504
575
499
515
474
554
516
463
477
625
509
513
556
628
484
546
591
502
627
522
512
521
601
587
554
552
528
634
613
677
615
720
568
705
648
622
678
632
639
588
614
663
585
680
601
662
621
782
775
621
705
739
712
792
698
638
760
678
700
702
698
667
813
679
796
682
685
780
749
798
861
812
843
807
739
701
761
719
838
789
818
894
781
845
772
774
801
853
835
787
852
826
808
887
864
925
811
810
956
935
890
952
919
942
846
820
976
913
856
953
862
921
848
876
868
942
937
921
1041
1023
900
981
871
1018
962
1015
955
1038
938
917
1084
998
910
1097
1101
1101
1072
1064
992
1054
978
1051
1002
991
1129
1111
1083
1133
1076
1156
1066
1058
1135
1103
1045
1086
1055
1127
1133
1061
1029
1212
1141
1077
1174
1043
1159
1093
1131
1084
1106
1102
1059
1070
1071
1232
1124
1202
1101
1182
1159
1186
1154
1256
1125
1264
1120
1294
1267
1188
1226
1176
1225
1227
1191
1293
1179
1290
1254
1184
1339
1314
1288
1248
1234
1264
1213
1188
1222
1188
1221
1265
1375
1324
1284
1242
1362
1244
1242
1343
1245
1335
1237
1331
1312
1286
1349
1352
1283
1351
1319
1331
1308
1324
1331
1298
1455
1425
1454
1383
1404
1414
1377
1371
1362
1335
1455
1457
1417
1369
1518
1404
1543
1515
1465
1476
1458
1565
1551
1561
1534
1517
1473
1514
1505
1571
1500
1493
1566
1552
1582
1555
1472
1533
1578
1511
1498
1493
1498
1619
1599
1545
1517
1702
1626
1574
1674
1548
1665
1671
1720
1608
1723
1655
1565
1706
1595
1594
1752
1748
1752
1669
1709
1635
1688
1639
1671
1772
1670
1745
1680
1650
1804
1804
1806
1808
1812
1770
1784
1679
1681
1868
1864
1882
1880
1883
1762
1860
1915
1857
1807
1908
1834
1788
1787
1777
1923
1892
1829
1960
1846
1901
1883
2025
2064
1988
1926
1929
2058
2060
2058
2044
1952
2142
2087
2089
2064
2132
2048
2132
2002
2044
2037
2272
2269
2268
2200
2366
2349
2302
2239
2238
2466
2452
2485
2468
2450
2453
2430
2342
2606
2544
2538
2531
2514
2455
2762
2709
2711
2637
2600
2903
2867
2858
2851
2848
2801
2773
5
5
6
56
50
102
43
116
6
29
62
77
23
112
37
160
39
57
109
211
114
39
224
122
192
217
195
178
237
267
89
248
222
236
240
184
199
185
186
314
122
159
191
194
245
270
338
223
306
348
342
282
336
237
358
255
214
307
334
334
316
317
316
385
401
287
390
374
373
374
381
280
284
421
417
296
297
462
306
435
363
476
363
443
453
484
438
422
312
409
417
483
393
361
480
494
409
433
541
516
528
497
450
437
429
516
387
420
538
413
517
437
451
589
438
587
496
590
578
566
456
508
615
626
526
522
631
523
465
555
483
553
662
494
563
657
566
508
537
638
523
515
524
526
700
635
686
651
559
638
546
614
627
738
699
603
657
735
664
617
604
626
640
624
615
724
623
715
636
695
730
669
718
751
677
715
749
713
696
757
741
705
775
808
792
857
869
819
711
696
895
795
804
890
796
791
899
788
837
831
823
830
757
768
803
779
797
947
846
915
844
841
799
801
794
832
809
859
940
790
901
893
872
1011
850
1003
834
936
921
898
866
880
1043
875
1013
950
954
959
895
991
927
1101
1064
1039
1057
1004
1007
1065
1049
1051
1017
968
1020
967
983
981
1001
999
1170
1076
1168
1076
1126
1077
1152
1128
1094
1078
1062
1082
1139
1054
1077
1144
1067
1147
1070
1123
1233
1212
1194
1146
1113
1157
1156
1167
1134
1251
1253
1205
1181
1249
1159
1309
1165
1282
1315
1249
1236
1219
1308
1171
1208
1274
1200
1216
1192
1240
1210
1198
1275
1198
1267
1266
1265
1230
1408
1425
1388
1384
1384
1346
1343
1327
1336
1308
1348
1327
1446
1331
1330
1423
1344
1296
1425
1342
1437
1431
1408
1398
1413
1403
1463
1392
1354
1406
1465
1389
1372
1404
1362
1556
1534
1489
1456
1490
1504
1433
1414
1497
1435
1423
1414
1619
1586
1555
1558
1545
1530
1529
1475
1469
1471
1651
1650
1560
1510
1696
1697
1696
1708
1684
1710
1712
1661
1716
1655
1698
1658
1659
1634
1645
1707
1619
1668
1627
1597
1781
1772
1735
1728
1706
1678
1649
1642
1814
1803
1758
1758
1803
1782
1748
1747
1691
1703
1800
1794
1793
1771
1840
1837
1761
1887
1815
1819
1963
1941
1803
1922
1924
1928
1931
1931
2084
2057
2047
2051
2024
2146
2031
2016
2016
1979
2173
2133
2184
2118
2162
2056
2124
2084
2283
2188
2164
2273
2163
2203
2318
2314
2219
2283
2264
2199
2264
2245
2353
2370
2254
2323
2327
2299
2428
2378
2365
2352
2513
2499
2499
2463
2406
2399
2401
2404
2400
2562
2554
2540
2758
2743
2625
3401
3256
3250
3440
3442
3428
3422
3394
3329
3323
5
6
43
19
96
144
32
144
134
74
184
161
138
118
179
156
201
115
227
205
52
200
182
202
129
129
146
261
229
135
234
208
239
137
213
205
309
244
150
198
173
306
312
162
282
179
226
244
219
199
184
236
231
283
236
360
377
252
333
273
375
252
358
386
240
395
369
406
436
327
397
286
407
290
388
274
425
319
412
409
307
454
433
385
493
344
339
338
401
484
359
436
357
464
424
387
372
499
466
438
475
496
503
495
465
455
465
436
575
506
534
497
541
557
507
436
417
532
562
601
456
579
633
494
617
479
599
526
597
560
547
546
661
639
655
592
647
544
589
674
573
563
653
631
631
637
628
627
587
604
555
597
576
759
674
567
684
770
629
651
773
696
743
752
622
753
791
746
658
809
695
667
637
759
659
653
773
699
838
760
831
769
763
814
681
843
788
690
763
797
727
833
805
815
706
892
805
778
889
802
786
901
736
835
923
826
909
832
793
820
962
876
804
966
921
792
856
918
880
937
894
867
1007
986
947
860
995
854
969
920
880
933
856
1050
1044
1049
1040
1047
1050
1057
935
1047
926
910
1094
908
1081
1034
1089
1079
973
980
958
960
952
978
949
949
976
1120
1118
1069
997
977
1105
1127
1139
1081
1095
1070
1071
1072
1128
1069
1111
1149
1079
1046
1046
1220
1180
1069
1123
1177
1107
1234
1082
1070
1109
1059
1167
1165
1135
1229
1078
1133
1119
1108
1121
1112
1109
1269
1266
1248
1270
1206
1201
1288
1217
1195
1153
1192
1278
1228
1183
1178
1257
1239
1356
1236
1342
1217
1303
1199
1301
1276
1383
1237
1383
1238
1380
1427
1372
1399
1387
1421
1421
1373
1354
1321
1411
1458
1476
1343
1384
1317
1461
1384
1456
1436
1466
1384
1445
1455
1357
1365
1355
1465
1352
1359
1421
1495
1552
1368
1511
1554
1444
1466
1448
1421
1394
1413
1411
1415
1512
1439
1427
1629
1553
1625
1596
1505
1490
1563
1469
1603
1570
1538
1518
1519
1563
1492
1535
1576
1557
1547
1662
1552
1561
1739
1733
1698
1586
1774
1764
1705
1671
1733
1829
1710
1661
1757
1661
1692
1816
1713
1757
1759
1830
1811
1734
1915
1883
1864
1856
1983
1844
1897
1831
1840
1927
2139
2093
2024
1979
1973
2165
2118
2098
2139
2041
2011
2097
2045
2042
2123
2050
2053
2206
2274
2274
2222
2213
2110
2341
2336
2318
2265
2252
2247
2197
2363
2345
2315
2281
2282
2283
2264
2254
2427
2333
2334
2323
2295
2446
2444
2323
2319
2509
2500
2474
2448
2438
2425
2492
2445
2429
2425
2401
2464
2694
2674
2610
2602
2604
2841
2777
2672
3652
3580
