6
5
9
4
8
10
13
14
12
4
18
17
16
16
13
9
23
24
11
6
24
23
27
26
28
29
26
19
22
24
37
31
37
36
40
40
34
44
45
40
45
49
46
37
48
42
38
50
49
57
38
47
57
13
53
62
50
48
63
59
63
69
51
66
73
67
28
72
74
62
65
51
41
56
45
78
80
81
61
35
62
74
73
26
84
64
94
52
83
83
96
87
57
100
64
86
98
97
101
100
100
77
51
47
112
108
95
98
86
101
47
116
65
10
95
93
102
106
118
98
22
126
34
70
107
27
123
119
126
132
46
93
128
42
134
117
123
134
100
109
100
63
138
111
139
78
128
114
125
112
108
154
41
144
155
148
132
149
145
116
162
152
137
165
98
131
143
154
166
107
45
107
24
144
55
148
49
57
164
155
144
162
184
80
179
167
46
178
138
184
179
92
166
176
88
189
126
149
177
160
182
176
111
196
162
150
75
183
166
54
168
163
27
188
199
211
169
217
209
200
175
131
162
197
225
213
124
214
218
71
166
154
185
96
189
179
227
181
105
204
195
231
222
110
110
190
219
238
233
220
176
69
250
172
222
245
108
233
204
207
228
216
235
254
141
213
191
236
243
220
175
206
179
224
269
268
122
274
258
188
236
272
253
267
261
189
164
123
270
281
216
219
218
240
229
279
265
153
161
244
190
276
279
273
231
270
289
169
272
235
278
276
175
281
268
180
298
263
262
265
310
291
217
237
266
241
276
257
316
254
323
307
280
322
317
316
222
248
219
244
306
323
332
280
316
276
262
189
317
329
272
222
305
297
277
278
336
327
217
294
314
226
346
182
229
334
329
356
305
307
335
287
258
313
281
363
284
340
256
326
352
327
330
228
346
353
376
349
259
299
366
362
331
271
363
307
235
386
256
386
320
330
302
263
319
340
363
362
262
364
383
325
387
374
382
368
397
315
355
286
326
370
388
356
412
368
292
297
373
397
399
331
392
327
371
407
402
335
361
401
403
429
304
309
317
295
391
382
375
403
390
290
394
422
361
370
419
334
426
362
358
447
399
433
415
396
427
422
411
335
422
331
436
444
430
445
364
415
432
427
373
393
314
439
468
340
421
452
441
430
356
446
426
403
395
353
457
452
472
380
336
436
467
465
439
449
440
438
472
475
341
381
461
440
401
462
462
416
423
454
452
375
471
496
456
447
371
475
452
415
426
387
474
513
501
501
498
505
488
446
473
494
471
449
490
506
485
435
497
507
487
458
486
413
466
532
423
470
524
510
497
490
450
532
528
465
521
517
518
417
520
526
514
491
496
538
519
501
533
469
517
468
484
434
531
559
529
507
524
499
536
546
543
476
518
543
544
538
550
530
532
542
547
560
505
515
569
472
571
483
561
588
545
575
470
483
515
572
560
506
533
547
578
566
548
517
567
562
548
534
551
505
581
577
563
591
558
586
572
488
592
531
569
612
589
600
500
563
584
604
577
534
564
622
575
600
609
536
592
592
626
587
519
533
624
612
618
620
596
619
590
618
566
535
621
602
565
592
586
594
611
630
612
559
610
613
660
641
623
621
652
622
635
574
620
639
646
644
634
560
675
648
656
655
651
637
629
619
573
627
611
636
666
579
662
672
627
674
651
667
674
687
652
695
640
651
682
646
640
666
673
714
680
680
649
691
691
627
661
680
684
670
689
662
687
672
660
696
694
711
701
728
679
715
723
660
700
672
703
677
708
724
702
713
712
706
704
690
683
697
693
675
675
685
720
730
670
756
704
738
708
744
734
712
730
720
752
707
733
717
738
742
738
753
721
757
724
775
738
706
746
740
723
723
701
715
730
730
738
742
793
766
739
723
790
729
759
771
738
775
767
729
789
769
756
774
775
768
766
757
806
745
763
749
788
796
741
786
806
772
810
800
789
750
781
766
777
824
793
762
789
758
786
838
797
781
823
775
781
804
824
823
797
771
811
776
805
824
816
803
855
821
820
857
790
799
845
814
795
809
851
820
808
836
829
801
839
821
839
820
808
837
809
885
846
844
822
821
841
855
840
884
822
823
826
864
849
854
859
865
874
866
835
855
848
839
855
849
870
865
923
864
869
861
881
879
891
889
862
871
867
929
893
881
889
902
887
882
894
885
878
914
882
944
900
899
896
903
907
903
922
965
941
915
930
914
909
976
922
936
933
921
929
938
991
939
943
934
947
962
945
954
945
955
966
965
971
1007
967
987
978
989
974
990
992
990
992
1029
1003
1000
1001
1029
1016
1026
1039
1064
1040
1071
1077
1110
5
8
8
6
11
7
7
15
15
11
6
19
13
19
18
23
17
10
26
11
15
12
18
32
13
17
23
33
25
36
27
30
26
34
29
43
43
40
44
47
42
47
48
47
34
35
37
40
29
20
47
52
5
48
59
48
45
54
45
45
43
38
50
65
15
63
67
74
67
75
37
24
58
61
66
44
67
65
67
76
82
84
69
60
90
70
38
92
40
51
88
67
85
97
77
80
78
94
83
75
63
75
103
100
95
77
86
43
101
103
64
88
114
96
74
108
84
24
69
100
111
19
95
122
100
122
109
111
90
129
76
116
127
138
102
132
131
86
138
38
81
80
125
131
136
136
102
125
116
97
98
123
109
156
34
140
139
110
130
153
129
145
151
61
162
122
161
95
118
142
144
126
97
89
143
118
172
154
160
152
161
174
145
164
135
69
67
106
163
179
48
194
86
169
178
140
182
116
187
137
166
189
10
173
146
195
150
143
76
142
204
211
174
187
150
127
202
126
139
199
202
174
59
154
191
197
190
199
186
197
210
142
210
224
228
173
186
161
75
220
100
137
116
211
211
240
196
179
229
228
155
169
197
178
227
241
226
221
237
247
150
194
124
177
245
166
258
240
232
103
188
175
207
214
210
210
131
248
239
248
238
263
213
173
271
113
278
274
243
148
201
182
238
237
268
271
222
197
220
241
274
260
259
246
254
273
214
216
147
142
239
201
303
263
295
261
229
296
281
277
250
234
225
257
270
248
232
236
283
242
314
322
307
231
310
243
273
144
240
311
278
277
290
250
250
317
227
299
319
324
277
220
292
179
319
283
178
214
242
340
310
291
330
319
344
262
247
250
329
276
342
213
341
280
312
359
200
289
313
348
369
265
279
271
298
264
316
330
317
336
358
310
312
337
359
298
351
322
220
372
280
241
347
312
360
322
380
366
283
288
323
319
376
343
309
367
354
383
297
284
344
358
405
313
301
360
321
399
298
351
371
388
373
342
414
310
372
323
276
363
342
405
419
276
381
331
417
361
405
402
318
301
350
357
350
350
374
409
380
307
422
326
416
385
429
295
329
390
431
386
396
427
410
332
341
351
452
408
440
314
431
377
418
461
302
470
408
455
403
378
367
359
341
416
357
391
405
415
440
413
384
464
436
457
470
459
417
366
387
440
422
419
460
457
368
423
476
416
433
468
457
412
470
378
442
345
501
347
380
444
398
466
372
448
456
491
463
397
465
415
439
403
510
379
450
507
517
446
476
425
513
493
468
497
424
451
387
461
446
449
419
503
453
376
508
415
522
483
525
389
430
486
506
488
485
490
525
434
540
532
456
498
519
409
481
519
505
557
502
564
415
548
413
432
466
517
511
453
488
494
454
542
498
493
448
558
558
429
562
524
468
555
470
459
523
512
554
522
508
514
569
558
549
528
553
587
480
539
537
465
560
550
547
540
583
592
532
483
514
498
517
596
469
555
464
581
612
578
546
610
500
515
525
498
599
547
533
541
595
497
572
554
564
549
620
583
490
606
513
618
573
539
582
610
553
645
631
619
588
631
615
569
531
525
597
531
566
634
608
636
631
565
578
627
649
589
545
565
587
575
581
606
593
658
547
606
642
646
587
581
608
601
595
637
630
634
561
590
593
668
693
643
575
658
681
673
595
582
630
608
614
579
591
634
575
585
615
585
599
699
623
696
661
667
630
681
614
670
701
652
717
695
691
712
618
645
635
612
652
663
669
600
707
638
645
720
653
626
726
690
621
669
667
726
717
642
634
718
720
635
657
652
675
663
671
730
710
675
668
650
660
718
653
646
725
732
753
669
676
675
737
751
650
709
670
771
655
695
671
770
693
740
734
664
702
783
718
745
747
690
759
683
762
704
764
703
772
788
760
737
726
718
718
729
795
796
787
767
704
774
744
785
729
718
781
703
728
730
739
744
776
789
743
778
721
735
724
769
779
806
802
753
794
829
745
785
753
751
756
779
837
840
766
755
814
824
807
746
791
811
821
805
775
765
847
819
786
847
768
776
767
768
834
797
796
772
849
838
784
787
836
789
836
823
786
795
803
809
792
861
852
848
857
806
833
802
878
803
834
881
867
815
854
809
861
842
872
891
892
834
843
874
884
842
901
864
886
836
842
885
865
839
894
891
874
874
890
880
931
874
929
891
890
920
921
875
911
880
933
927
907
920
909
907
915
921
923
905
935
923
959
958
933
941
961
948
951
935
947
937
949
951
964
949
973
992
955
963
969
981
993
977
983
998
1019
994
1020
1004
1038
1048
5
5
9
6
6
10
10
4
12
4
16
7
11
7
10
17
8
11
19
13
25
28
19
27
17
27
16
30
34
37
20
28
8
27
40
10
38
40
33
36
43
48
46
31
43
21
5
30
33
58
52
10
49
59
49
49
56
52
54
60
40
23
55
28
67
46
37
72
60
65
30
59
64
63
61
70
82
61
60
83
33
72
75
55
83
62
25
93
74
67
43
89
78
91
88
84
51
47
84
64
47
81
91
103
87
99
73
102
80
103
75
89
92
22
111
68
97
111
100
114
74
108
92
115
91
82
28
47
112
133
124
85
53
111
134
125
113
112
96
106
18
122
138
127
114
90
123
136
124
131
124
45
137
140
156
127
38
142
87
33
80
85
155
110
127
125
138
164
142
154
151
144
154
155
117
132
126
119
155
117
126
124
93
61
180
171
165
167
143
172
158
175
148
72
113
178
97
122
155
44
189
187
184
118
198
166
114
173
164
57
179
167
197
172
92
144
184
188
175
92
169
172
207
191
223
106
117
205
138
145
179
64
220
185
57
98
200
207
185
212
180
213
231
193
59
187
214
73
181
91
207
173
211
244
191
202
162
205
128
200
233
215
239
99
224
162
204
179
180
192
251
208
221
257
241
255
186
227
243
186
236
255
190
239
225
251
116
215
253
216
235
134
237
267
279
262
246
184
179
269
188
282
230
128
214
260
150
288
246
249
282
231
299
117
263
276
279
226
270
273
242
229
249
250
260
154
299
264
300
299
183
136
291
255
302
190
217
314
284
265
272
241
281
275
310
297
298
256
241
281
256
253
298
264
178
308
286
192
327
302
337
328
320
304
243
335
196
247
295
337
291
259
310
315
335
356
355
269
302
260
345
320
295
319
328
315
335
308
291
311
366
317
354
360
240
315
290
250
322
316
365
362
320
309
244
352
384
349
352
344
365
336
333
322
342
353
286
310
314
273
371
229
372
304
392
396
315
410
386
393
399
295
263
372
368
247
359
382
382
343
401
359
355
327
337
390
295
362
374
409
391
378
374
391
409
364
422
392
379
286
409
360
354
384
401
354
400
371
356
432
384
453
357
425
353
432
390
325
404
410
401
344
446
381
391
469
370
427
409
379
427
361
383
424
400
444
411
411
449
442
399
449
418
412
367
461
370
356
350
439
482
420
495
449
467
457
424
405
441
446
475
414
409
433
458
479
463
473
422
482
389
483
417
483
464
464
449
504
456
468
402
423
440
409
436
457
398
417
468
438
453
501
432
509
486
508
469
475
502
482
461
416
493
528
410
503
416
445
416
522
434
450
554
501
479
462
465
478
535
443
510
518
490
489
487
435
508
511
432
529
529
549
501
501
549
526
499
464
524
531
440
446
487
454
472
492
543
478
587
541
449
562
511
545
528
571
540
553
517
521
537
504
482
545
593
509
481
572
515
528
496
557
560
503
565
487
551
545
600
509
577
533
515
556
527
558
597
591
529
549
608
597
539
492
576
581
508
509
618
534
536
639
520
606
553
535
565
510
571
577
600
619
565
580
585
539
602
529
614
629
571
653
631
615
619
571
617
614
564
608
569
538
598
628
642
567
616
578
546
657
640
582
636
658
630
598
561
631
630
561
675
582
602
590
562
654
613
671
580
670
633
620
665
637
659
619
629
682
602
575
595
653
590
708
668
624
672
629
658
588
621
618
615
615
657
665
701
646
671
683
688
695
649
670
683
616
650
610
686
708
637
732
616
695
694
654
724
645
627
682
727
677
708
680
647
704
648
741
702
706
672
647
707
694
716
723
715
693
663
671
668
743
683
673
755
722
740
693
707
773
723
770
694
680
763
683
688
740
739
724
697
785
747
681
726
709
748
766
704
691
725
749
756
735
763
757
790
748
781
763
773
761
794
731
714
770
736
737
726
812
778
788
760
805
788
770
734
744
727
772
736
809
734
762
796
749
835
777
796
786
780
770
822
805
792
754
795
814
792
771
843
826
801
822
797
801
807
837
821
817
852
833
824
789
781
780
853
814
812
820
817
825
858
847
821
819
868
810
841
874
831
841
872
847
840
874
872
839
847
839
846
862
888
874
851
866
875
839
893
851
894
906
861
868
854
911
863
880
863
868
867
895
871
879
923
882
877
870
915
889
884
897
908
894
920
892
911
913
934
893
900
906
909
916
952
898
911
931
916
914
949
919
925
970
943
949
945
929
937
949
940
933
944
961
940
936
960
969
968
945
954
1002
992
975
963
974
987
992
985
985
1020
1007
1028
1021
1044
1043
1067
1058
1079
1087
6
7
8
7
7
11
13
10
9
4
6
17
12
21
15
14
22
18
9
19
22
6
21
26
28
28
34
24
28
30
37
27
34
6
33
41
24
30
46
40
11
16
36
46
47
47
51
33
29
43
28
51
56
51
40
49
43
48
59
45
54
23
63
68
27
52
51
64
58
65
70
42
33
40
74
57
59
60
78
34
71
72
84
13
69
92
86
64
68
91
88
62
80
72
81
96
101
20
65
57
93
103
37
96
91
100
97
78
86
106
85
96
31
94
74
69
103
66
86
75
66
123
82
108
87
120
106
125
94
121
40
125
33
82
40
110
113
130
91
128
142
135
93
136
38
121
139
145
123
132
94
111
116
115
47
51
138
134
143
121
64
151
134
157
104
166
80
156
126
165
155
141
159
37
119
117
166
157
138
31
100
144
36
183
164
68
139
165
169
105
75
158
163
176
170
108
128
169
194
139
84
147
69
178
133
166
151
167
202
135
171
170
198
192
187
75
166
114
88
190
159
106
135
200
71
165
168
224
222
179
58
196
193
199
210
43
203
179
214
199
98
126
130
199
149
226
222
141
215
203
220
214
210
167
199
218
213
232
156
190
76
169
93
208
216
214
189
180
230
111
260
246
244
178
252
168
241
157
220
144
255
208
237
168
266
111
236
230
156
278
183
220
229
219
253
223
248
261
240
162
260
158
213
281
168
208
234
247
166
272
187
222
227
267
276
278
128
272
203
225
292
258
172
267
301
287
206
167
207
284
271
222
308
298
258
207
286
224
289
309
278
163
290
320
210
314
207
208
166
270
270
307
269
254
275
292
345
317
315
262
333
253
218
268
304
295
224
281
237
208
329
332
357
264
260
351
287
231
257
249
344
333
304
352
197
358
306
320
285
226
277
317
353
304
213
249
343
315
364
355
347
314
317
228
384
323
304
368
370
310
368
341
365
359
307
273
379
393
347
405
367
386
314
329
365
349
270
390
288
356
383
244
386
275
408
397
375
268
346
386
259
352
412
392
343
360
401
305
341
396
372
411
406
269
438
320
404
341
358
412
275
391
419
387
409
434
388
428
407
435
361
409
313
397
406
441
423
394
392
333
419
316
384
439
302
378
446
429
335
450
388
404
347
397
411
456
438
399
354
395
440
350
486
331
415
464
401
452
421
483
469
436
403
341
335
460
482
431
365
438
413
426
367
457
426
470
488
481
479
383
417
427
470
451
464
446
449
495
449
423
481
423
384
512
481
503
470
495
374
520
472
445
493
375
379
409
461
470
511
452
408
466
412
528
509
527
483
454
423
453
413
452
415
481
502
562
526
470
535
466
531
428
547
552
496
530
506
536
492
484
510
514
538
448
534
473
536
480
566
546
453
492
472
532
512
546
486
526
438
575
600
536
453
523
487
559
562
528
572
565
564
480
530
571
530
590
533
548
480
495
580
571
598
504
513
584
619
550
556
507
517
532
560
582
598
574
584
617
595
595
553
555
571
516
566
602
586
599
545
617
567
612
512
516
580
504
538
637
590
622
653
599
566
623
538
622
560
587
627
595
632
611
627
637
575
529
607
531
627
568
617
666
603
641
630
669
598
589
645
609
628
587
653
616
628
614
641
658
606
676
633
670
661
595
622
614
585
709
570
665
642
583
680
705
674
702
625
621
680
612
628
639
638
609
693
668
704
668
602
678
623
651
665
654
740
651
668
728
608
644
684
702
707
658
709
712
713
708
656
727
669
668
658
688
731
738
745
705
713
682
698
643
733
695
662
764
678
702
679
703
720
722
692
705
687
737
763
696
696
703
716
759
778
755
719
764
747
743
675
709
767
757
708
750
697
717
767
737
712
797
725
732
752
723
807
769
719
761
730
775
755
726
736
735
761
728
734
816
781
786
749
753
813
792
782
820
787
743
834
750
814
755
799
749
787
755
777
745
788
839
771
764
843
776
816
767
752
781
812
824
808
848
811
779
833
785
766
826
826
832
803
799
811
800
833
857
821
781
831
854
816
829
793
834
813
849
795
876
818
837
814
852
881
859
811
844
828
875
863
858
827
892
846
838
830
864
839
870
829
856
872
894
905
846
892
900
859
858
847
849
909
849
919
890
893
884
884
914
891
907
890
916
888
914
932
903
881
904
904
907
905
909
909
939
933
911
898
908
902
924
969
919
919
954
928
917
928
963
935
965
938
983
930
941
991
960
956
943
973
993
992
964
959
984
963
966
962
983
968
973
975
1017
998
1008
1001
1034
1036
1052
1059
1059
1073
1078
1083
1099
1110
1102
1120
1132
1144
1147
4
5
7
5
7
7
8
12
4
14
14
4
18
13
19
21
22
19
16
15
23
8
18
28
27
28
32
28
27
19
19
33
38
19
41
42
38
41
41
43
43
48
37
39
30
49
52
25
28
46
50
50
9
44
46
24
39
46
50
26
56
64
15
55
62
71
69
61
71
35
74
41
63
39
55
75
81
68
49
78
34
64
43
67
70
88
83
58
54
19
60
50
94
70
57
87
96
97
98
90
49
88
104
83
102
62
107
111
108
55
86
76
97
110
69
96
50
104
87
100
95
107
112
111
71
64
29
122
79
106
131
73
112
119
99
91
123
42
135
121
104
108
87
121
144
57
119
134
145
134
112
11
125
69
142
122
126
53
156
150
96
152
27
128
156
162
153
116
125
167
168
114
126
125
147
156
180
132
92
164
97
149
138
154
164
171
81
41
159
88
109
147
179
182
160
158
185
116
183
157
118
198
145
95
147
143
198
187
186
176
200
123
186
158
182
84
200
179
167
190
42
215
91
212
183
67
200
216
212
201
180
164
197
224
182
183
177
207
238
198
151
145
157
198
221
195
222
124
198
103
217
228
157
96
231
123
101
214
243
242
214
245
153
156
219
183
110
206
253
243
199
191
244
213
132
228
232
256
255
269
222
166
240
255
125
108
269
271
261
232
248
254
234
273
203
194
229
285
188
246
301
219
257
150
211
248
224
144
239
265
152
266
271
264
146
297
289
191
271
221
306
295
255
301
213
191
255
297
172
302
155
285
302
155
298
259
245
273
202
311
296
248
162
285
292
303
286
221
336
310
329
347
296
324
335
255
191
326
268
290
246
319
233
314
300
256
297
312
280
260
304
357
208
194
246
253
189
200
330
191
334
314
325
351
311
360
209
258
249
317
311
335
359
213
293
339
358
359
333
360
346
250
385
340
251
220
370
227
349
373
363
274
385
343
366
351
383
286
298
331
290
408
306
237
287
336
239
380
355
379
361
352
354
373
408
302
357
418
298
392
301
398
405
363
293
408
406
261
261
311
387
341
369
379
302
342
427
388
415
394
426
392
390
448
324
400
328
332
409
457
306
393
426
403
375
389
415
369
391
330
363
424
432
437
418
469
409
407
462
351
389
381
341
444
377
447
458
362
436
459
395
416
489
440
474
406
447
469
420
393
463
374
439
450
455
363
505
448
353
441
416
412
435
442
431
368
478
501
474
463
440
359
518
444
497
433
402
480
426
490
492
465
396
404
460
479
439
423
520
529
480
441
510
490
531
440
399
497
475
456
475
504
464
445
491
513
406
460
487
544
499
548
521
441
473
522
491
534
455
479
470
443
420
469
463
529
521
477
462
571
510
508
481
569
532
554
497
561
540
485
543
525
503
499
492
487
546
531
560
543
588
592
527
485
515
565
485
566
498
521
487
550
466
558
505
610
539
513
490
611
570
548
522
595
570
566
535
583
543
511
565
524
536
556
525
587
578
628
633
597
552
594
570
601
523
561
529
527
593
551
547
595
651
583
517
560
611
604
558
643
599
573
522
634
624
569
592
588
614
579
555
566
672
663
635
598
615
631
611
592
603
565
568
559
584
587
614
636
543
620
684
593
597
645
600
674
653
675
644
608
626
668
650
589
626
707
604
669
612
665
632
647
695
597
614
601
652
600
598
647
641
628
676
613
624
628
710
703
661
660
692
713
684
624
671
658
709
646
705
627
692
681
654
651
748
635
730
653
698
645
690
637
633
685
645
701
665
739
737
663
668
738
713
702
697
689
704
712
660
661
737
686
688
746
730
684
715
687
788
758
730
724
739
766
754
724
672
770
726
688
690
715
712
735
709
766
676
745
734
712
717
701
720
719
778
757
783
745
827
760
751
752
761
775
758
763
795
748
726
803
754
799
741
754
746
768
749
787
722
723
805
856
758
810
776
786
787
782
790
770
747
793
767
831
782
786
823
782
787
837
752
789
794
834
772
879
812
764
843
793
818
815
853
799
805
779
802
810
799
825
815
815
817
867
818
852
825
832
792
842
913
817
849
823
840
827
883
833
830
835
887
814
854
845
828
869
838
852
871
856
858
850
875
935
848
873
858
842
915
851
857
859
918
876
850
858
953
897
896
878
877
897
889
881
880
944
872
904
906
877
875
912
948
904
973
918
955
893
907
901
908
962
922
930
932
927
966
1000
922
923
941
973
943
923
945
1016
952
940
939
990
1024
982
965
965
971
967
994
1013
1043
989
977
1027
997
993
1030
1064
1015
1075
1077
1054
1039
1047
1104
1077
1081
1084
1128
1124
1104
1119
6
5
4
7
4
8
5
15
12
17
5
7
21
21
19
22
23
25
27
13
30
29
7
11
31
10
23
32
18
36
40
39
7
39
15
39
17
25
45
44
34
44
33
45
38
42
46
48
14
44
55
36
46
56
13
51
45
43
62
50
10
51
63
50
65
70
64
31
7
38
42
71
64
46
61
83
60
29
81
61
83
65
90
90
88
70
70
93
54
45
68
68
50
97
91
66
36
87
96
90
88
88
97
57
89
103
74
53
70
46
60
96
88
111
90
98
90
21
119
52
115
115
105
118
86
114
69
57
73
57
102
106
115
113
135
96
113
132
138
145
70
119
53
137
139
121
128
125
138
33
151
58
121
127
156
25
67
150
125
144
91
155
107
74
132
157
124
114
66
132
141
141
165
106
105
86
137
142
38
175
83
172
167
39
158
164
168
143
182
129
26
131
168
58
190
169
169
159
169
156
171
157
77
192
163
188
198
106
32
193
198
176
217
196
168
209
206
166
127
202
194
104
141
161
107
169
189
156
214
211
88
183
210
124
228
198
169
177
193
150
91
205
86
218
191
239
229
234
186
76
222
220
238
190
226
67
249
181
202
210
228
217
253
237
171
229
241
226
82
118
209
249
251
260
191
161
245
260
225
143
244
234
243
228
152
179
185
260
197
261
266
274
246
159
181
262
108
227
290
246
272
257
258
240
268
292
267
268
213
220
287
256
127
225
284
297
283
272
287
291
289
279
262
266
238
147
162
189
303
308
252
281
306
316
281
315
195
285
235
212
260
235
178
326
295
250
293
316
292
334
325
321
344
244
329
309
322
221
244
260
316
310
312
322
336
312
299
335
330
344
329
301
314
358
308
240
327
282
358
242
353
347
356
254
333
231
323
328
349
287
311
261
344
362
320
346
341
381
297
368
336
276
379
379
378
269
368
284
373
367
358
337
361
355
346
383
317
395
354
312
390
390
351
329
368
371
366
402
390
267
271
395
370
301
351
302
359
379
397
351
409
411
415
367
392
329
298
346
401
385
394
429
427
434
365
411
400
329
393
367
396
317
368
341
420
427
439
439
321
396
433
355
399
440
388
413
431
450
306
393
409
409
370
423
341
325
361
446
359
444
455
455
419
356
434
466
428
415
438
443
385
483
438
460
414
374
348
486
407
360
433
480
439
476
426
476
459
444
422
447
388
490
371
499
439
501
394
415
462
456
471
406
395
388
494
445
467
459
476
485
504
509
512
475
411
484
506
385
477
460
393
511
434
518
477
490
478
456
489
521
439
441
488
526
513
414
419
460
531
544
472
504
429
502
464
492
437
493
469
489
529
518
526
552
512
549
493
523
453
498
560
521
555
474
461
521
557
531
475
566
486
526
440
558
557
540
580
496
562
532
526
462
488
469
502
523
525
540
556
565
501
484
586
563
529
557
520
539
562
591
597
513
549
494
501
571
602
603
513
506
571
598
542
620
617
597
582
548
604
528
570
546
555
566
581
595
536
512
603
611
594
565
604
581
602
629
559
550
571
639
533
609
539
636
643
538
554
610
639
562
658
619
623
658
554
609
639
574
584
606
623
598
575
617
549
645
605
628
605
644
631
663
625
598
613
595
575
678
652
670
581
682
579
583
648
601
662
664
698
699
662
650
681
616
598
608
659
640
649
655
618
634
687
645
683
689
664
640
652
672
603
718
633
644
717
623
686
687
708
612
700
737
700
740
694
714
673
624
633
642
679
681
681
725
649
690
670
715
683
699
729
668
710
675
643
757
647
671
749
719
745
770
685
665
730
777
732
730
747
708
705
671
686
698
706
714
679
741
697
705
736
757
762
704
740
703
681
740
791
781
779
762
719
802
759
764
798
743
699
728
772
722
734
707
758
728
730
770
721
773
775
789
809
738
804
734
742
792
732
804
779
764
830
803
839
748
799
763
740
743
770
765
803
794
754
799
816
827
804
769
763
762
806
832
850
851
822
824
829
869
793
769
801
783
797
789
809
784
818
846
827
826
792
802
861
808
873
866
845
885
898
856
809
835
828
809
808
816
813
812
847
877
841
825
841
884
828
888
905
874
901
915
876
849
835
859
860
848
842
903
865
849
908
874
898
919
921
928
899
945
875
879
880
884
874
932
919
917
894
913
938
944
900
893
897
952
958
893
906
949
913
934
929
949
942
963
968
923
979
940
927
956
934
967
935
978
964
968
941
999
971
954
996
969
986
976
961
971
984
996
999
987
1025
1011
998
1015
1030
1013
1012
1025
1022
1051
1022
1037
1062
1062
1085
1080
1098
1101
5
6
4
9
9
9
8
10
14
14
10
7
19
20
6
23
25
17
25
23
26
10
22
31
31
22
20
29
6
31
35
29
16
42
41
41
43
45
35
44
38
47
49
28
37
41
39
37
47
34
25
48
53
53
53
23
20
48
53
49
42
58
69
48
65
58
68
43
73
20
66
60
73
76
76
79
69
77
83
75
73
71
80
56
84
66
65
60
25
69
79
92
76
91
90
97
51
89
87
83
106
95
90
57
100
110
93
87
86
68
110
102
67
79
54
69
107
114
72
107
110
66
98
86
120
116
93
73
94
133
112
119
67
72
118
132
127
128
127
135
76
139
133
92
133
136
76
122
96
146
126
134
127
24
105
150
154
126
150
145
148
161
152
121
152
143
139
147
173
141
99
159
130
125
147
22
116
82
160
125
160
161
177
155
86
131
117
152
177
173
124
165
189
113
183
165
132
128
115
159
187
183
159
190
196
195
146
58
193
186
181
120
209
77
211
84
86
189
54
210
161
201
201
208
224
218
193
168
192
188
217
144
197
151
186
186
172
216
173
203
141
218
209
237
222
100
156
214
186
236
155
213
236
247
216
179
150
191
150
224
176
247
203
220
233
248
196
250
228
231
239
83
244
251
262
103
144
247
90
139
211
230
257
269
281
277
236
270
247
235
268
231
254
183
240
175
174
269
194
249
188
273
263
237
281
293
291
262
234
209
300
269
291
152
192
209
175
273
304
252
236
187
302
278
276
256
288
296
259
247
307
303
175
286
253
323
220
315
335
324
279
302
300
278
324
292
250
168
287
327
201
299
225
292
210
265
325
216
334
340
333
311
287
241
337
318
344
191
224
320
351
321
289
235
215
353
327
310
303
337
279
268
293
344
355
351
320
346
262
367
229
256
323
381
354
386
376
379
346
346
334
328
371
298
241
331
254
348
379
264
258
310
386
363
387
396
331
370
289
391
384
367
380
373
264
274
264
404
336
360
348
387
366
298
332
393
336
389
368
396
400
419
275
309
267
429
407
440
376
432
397
380
431
371
422
343
376
356
287
395
427
282
362
429
439
408
422
376
339
431
434
417
424
305
420
424
355
307
455
395
397
407
434
367
380
349
437
416
444
437
410
462
354
417
457
480
488
445
444
464
409
421
470
393
391
472
434
439
479
477
412
476
423
457
463
469
478
353
468
500
348
475
444
476
443
367
414
464
428
445
414
437
489
460
383
522
506
432
526
505
481
498
444
415
426
494
423
479
514
502
522
452
520
479
457
488
521
508
396
526
516
513
508
472
490
549
464
441
514
531
488
439
456
499
420
567
487
549
519
549
419
537
459
454
576
538
524
523
495
553
558
490
448
503
493
540
572
568
550
540
496
554
531
567
478
568
519
479
506
558
527
508
499
609
575
570
516
581
576
495
463
615
575
565
564
478
591
500
531
486
521
534
566
607
610
609
579
523
575
606
584
483
591
597
519
536
596
534
581
547
526
609
606
563
558
617
655
586
637
605
518
520
629
633
518
597
609
556
646
648
516
647
562
569
611
600
637
636
625
624
562
611
615
553
557
546
601
579
646
596
650
676
695
626
647
663
553
562
643
608
660
639
679
593
686
586
598
653
671
645
681
665
645
601
611
644
661
593
673
658
679
639
680
602
672
661
717
685
729
591
697
593
602
673
643
721
679
701
614
670
640
683
686
694
698
699
684
677
646
640
623
713
661
716
718
755
748
697
714
720
720
727
703
640
682
757
716
726
645
717
690
658
730
723
714
746
673
720
677
687
660
718
748
753
793
721
766
751
785
756
752
765
739
706
679
757
736
761
741
696
729
692
709
753
700
785
740
775
771
754
770
777
829
780
758
724
783
822
796
765
792
778
767
772
750
725
815
724
786
802
770
745
747
798
798
773
792
850
810
843
802
798
803
762
777
817
796
777
800
811
845
800
802
760
762
814
841
873
833
805
777
836
871
826
833
819
846
835
813
801
853
864
816
824
847
828
852
830
831
846
851
891
803
903
809
861
832
839
847
859
845
878
846
868
855
857
870
903
923
869
884
879
861
869
894
930
852
872
892
875
922
878
862
870
878
904
946
948
882
893
901
869
883
876
897
919
894
904
947
899
969
919
895
913
976
899
908
911
920
918
915
905
911
964
930
930
926
919
926
990
948
929
992
937
927
935
946
934
941
938
938
940
1003
953
968
998
944
947
954
1026
973
1004
969
967
1023
1020
975
977
980
977
984
1006
1022
1036
1009
1006
1007
1050
1046
1049
1035
1079
1065
1072
1101
1115
1126
1140
1153
1172
4
6
4
4
10
4
15
6
17
12
14
23
22
24
9
12
28
20
13
10
21
29
22
8
26
25
37
13
35
8
42
32
39
46
37
40
43
40
25
44
37
51
46
53
14
57
36
42
42
30
47
54
47
60
68
60
35
58
53
59
61
67
65
30
70
53
67
66
57
64
82
59
84
79
57
70
70
79
34
63
65
44
87
79
63
87
68
93
39
80
53
49
90
61
81
73
60
85
49
62
104
88
96
20
118
97
109
105
101
81
117
81
61
66
111
105
126
112
71
94
56
123
43
130
105
95
69
121
87
120
135
127
132
135
117
101
132
80
133
103
27
9
83
144
125
126
101
151
119
118
131
145
154
140
149
51
88
125
111
147
149
97
148
143
130
115
175
61
151
146
164
163
162
150
128
149
155
120
163
141
87
166
164
132
154
170
149
180
166
68
175
166
132
172
145
150
92
135
192
145
191
201
23
167
124
200
199
190
193
215
94
184
138
103
220
105
129
186
97
208
122
203
177
194
228
224
201
178
194
167
198
180
223
102
157
214
173
218
206
175
207
211
148
218
205
203
234
238
168
204
184
240
196
127
234
214
184
196
185
241
210
181
149
253
202
185
166
237
242
190
251
166
257
235
231
246
254
258
270
257
218
259
215
217
269
212
206
161
200
236
247
230
251
200
277
258
222
235
231
292
161
220
251
118
292
137
281
305
280
286
287
144
199
281
275
251
267
157
206
298
269
248
294
264
289
276
302
181
242
217
217
177
323
311
176
317
305
324
262
319
290
312
265
269
301
309
338
189
224
270
235
339
292
308
337
185
269
332
310
235
311
242
334
282
314
251
236
332
333
325
350
284
301
355
354
356
304
313
300
347
349
312
330
330
350
341
285
346
346
330
284
237
275
335
285
336
368
255
224
376
371
370
279
371
286
368
288
236
282
324
375
337
330
313
392
367
329
407
303
385
410
394
259
345
386
362
402
374
322
405
380
370
279
400
389
382
327
345
306
376
410
320
299
424
406
432
413
427
271
404
388
415
372
415
406
386
401
312
399
403
338
416
394
333
452
443
347
311
398
443
432
332
394
347
455
407
383
439
457
447
411
336
403
450
425
472
417
400
335
422
363
417
437
447
338
358
453
333
382
471
447
407
467
426
487
406
455
426
430
469
391
457
385
473
386
493
480
465
487
452
478
471
427
462
485
468
436
365
355
478
374
508
513
485
483
464
509
476
493
432
465
475
383
441
488
478
378
493
503
535
384
483
515
470
421
534
494
490
445
425
506
543
473
505
504
494
541
518
497
547
487
519
512
509
523
516
524
468
460
509
482
467
556
501
544
474
554
458
554
547
492
528
550
558
502
582
458
542
501
577
526
567
547
523
569
481
574
537
450
542
576
473
548
516
598
581
522
551
554
563
539
527
562
531
536
482
556
587
554
607
494
588
608
523
577
559
601
554
607
544
556
579
547
575
622
616
589
610
590
616
590
611
577
566
614
558
555
569
529
641
560
602
555
523
628
604
642
587
629
566
614
626
574
646
610
634
623
647
624
568
620
604
635
658
623
593
588
598
670
596
587
627
588
662
663
613
572
604
663
609
646
605
601
633
637
597
652
675
631
654
601
670
689
651
690
638
660
622
622
637
614
619
663
593
664
644
703
667
693
665
643
675
648
634
672
690
682
609
704
609
680
652
723
725
713
658
692
639
672
667
685
722
671
649
689
739
708
676
691
696
682
682
721
701
726
734
744
726
660
685
738
688
678
688
670
749
682
680
739
714
755
714
743
724
725
705
719
731
741
755
709
718
682
756
767
770
751
694
769
747
767
724
745
712
757
770
757
740
747
803
760
749
742
719
765
792
743
727
718
797
718
741
719
748
785
738
780
753
782
762
794
743
775
758
791
815
786
741
751
821
760
782
739
752
757
810
806
801
794
758
813
789
802
830
832
765
811
770
831
833
796
792
821
836
844
781
837
790
823
838
823
789
826
806
813
826
829
862
863
812
805
830
858
848
819
852
830
875
859
813
827
868
857
839
880
832
849
862
858
844
843
869
847
874
841
891
840
854
912
875
852
904
878
878
921
903
901
923
884
926
910
921
917
907
889
891
910
921
913
894
934
927
888
933
936
936
940
947
934
942
957
943
940
938
951
936
953
938
938
926
956
940
929
942
953
945
982
1001
987
990
1007
968
1009
1000
975
976
970
1002
982
1009
1012
1012
1013
1015
1008
1012
1023
1028
1055
1073
1040
1042
1061
1075
1060
1077
1073
1075
1094
1092
1111
1134
1121
1135
1160
1169
1193
1193
1227
1254
5
5
10
9
4
5
14
11
5
11
16
19
18
17
22
22
17
26
19
14
10
14
26
28
24
29
24
35
22
24
34
35
36
39
42
38
19
37
31
46
39
47
46
25
45
31
32
49
58
53
54
55
49
60
34
60
49
4
61
61
19
51
61
24
50
46
52
61
72
62
48
61
7
77
52
50
78
74
75
64
82
67
44
65
77
84
47
86
51
90
87
97
52
85
98
77
61
73
95
92
54
29
92
77
110
89
34
67
47
110
91
115
61
118
110
99
96
64
117
119
56
4
54
49
107
125
111
122
105
124
127
112
104
51
104
138
115
123
78
129
126
107
93
130
126
110
140
14
144
114
128
125
148
34
152
127
140
130
40
120
119
117
153
119
81
122
143
164
135
133
152
153
172
121
161
168
57
175
148
147
156
98
20
68
178
126
152
155
103
167
148
173
173
127
149
89
188
174
112
166
200
148
187
137
195
160
181
173
72
195
201
194
202
165
174
193
194
170
99
211
195
125
185
171
67
78
204
205
211
197
104
166
207
173
217
145
211
185
228
191
220
196
215
206
200
172
155
127
247
201
188
205
143
197
153
239
181
212
108
144
230
141
228
237
135
229
201
246
244
232
203
230
195
256
186
200
218
213
184
240
130
146
275
253
253
233
168
257
266
267
205
277
259
166
249
243
258
278
156
253
232
288
274
216
279
274
199
212
281
196
251
246
238
239
271
264
259
210
286
192
255
282
279
277
277
264
260
288
203
267
261
189
291
273
232
307
296
240
318
328
303
244
276
207
273
277
270
248
187
291
300
185
297
177
213
320
316
305
331
315
195
304
243
326
196
340
306
323
337
354
323
304
348
343
335
347
292
254
331
351
274
302
301
302
204
268
315
329
318
326
341
326
345
297
326
349
359
273
318
269
329
354
280
328
297
329
397
352
380
357
271
368
359
345
308
330
324
250
367
237
380
355
275
358
398
358
400
383
341
371
251
404
313
273
370
420
361
355
254
381
375
386
367
401
312
398
399
336
371
357
409
329
378
386
390
380
413
406
378
358
377
424
426
334
383
405
421
366
343
358
380
356
464
408
308
412
340
410
400
414
366
416
345
430
442
407
426
337
445
429
399
466
375
450
401
313
372
387
368
429
418
427
493
422
433
457
365
446
470
350
462
473
427
460
353
454
435
440
490
410
477
447
344
441
465
418
447
444
416
400
382
464
386
471
483
476
402
469
443
450
459
463
440
455
474
458
397
438
489
501
535
391
509
510
396
410
435
426
399
472
426
486
492
491
503
485
537
504
469
531
490
523
528
510
470
429
491
469
513
437
500
520
506
501
534
431
492
485
533
506
536
536
465
487
487
478
535
492
431
502
508
451
440
552
526
586
520
532
520
542
466
446
553
536
546
539
578
570
502
575
497
463
532
547
551
484
534
514
568
571
563
551
598
585
575
533
578
493
587
542
534
569
540
513
586
575
527
538
485
575
602
492
579
605
580
566
505
552
541
592
559
589
590
571
511
549
624
579
604
647
507
555
568
591
534
574
613
620
599
613
640
606
577
540
584
580
636
617
626
632
548
628
640
576
607
648
607
622
585
616
593
615
632
581
584
554
649
623
623
617
557
594
584
650
612
614
595
600
652
568
616
568
618
667
685
690
619
646
663
593
576
629
625
658
659
674
692
671
696
658
634
694
661
628
682
662
679
703
698
651
632
634
666
677
677
688
633
639
653
695
645
667
653
675
670
661
717
628
710
697
667
744
670
701
723
680
732
719
702
726
734
708
703
687
675
722
684
745
671
735
736
681
751
703
676
728
713
700
671
737
686
694
682
720
677
706
710
716
787
708
702
761
762
714
726
731
719
793
769
728
786
723
764
723
731
762
774
775
783
789
717
726
776
720
715
720
759
792
781
724
724
766
749
758
754
743
771
745
729
806
758
731
745
826
727
789
805
813
785
768
750
806
775
812
811
817
820
767
754
827
807
809
768
764
825
788
811
767
805
790
805
771
794
828
802
787
847
824
786
796
778
813
837
848
855
873
785
827
813
838
809
858
864
854
803
809
829
841
809
819
831
818
851
815
812
819
830
814
895
872
880
824
893
873
894
829
829
899
847
841
839
873
868
849
905
915
904
908
886
877
883
899
918
887
872
920
885
894
914
913
895
892
942
913
906
919
896
894
920
949
954
953
944
921
917
942
918
941
943
937
971
954
970
945
963
950
960
948
969
965
967
960
988
962
971
969
984
1007
987
1009
1011
1010
1022
1014
1027
1051
1060
1068
1073
1113
4
5
6
9
10
6
10
7
14
7
7
17
20
21
6
22
4
19
21
18
21
15
21
20
12
24
36
37
9
27
19
19
33
37
12
43
25
34
32
40
40
45
49
49
49
54
41
23
55
46
51
48
45
53
53
49
57
47
64
40
56
42
59
62
62
64
50
44
69
32
60
63
40
66
19
11
81
69
86
71
57
83
59
64
80
18
9
71
89
90
82
61
79
69
86
96
99
91
95
92
88
105
88
80
76
61
45
73
103
102
90
87
106
112
105
70
117
7
117
85
64
73
9
118
123
118
124
125
98
112
104
111
128
92
120
128
133
134
137
134
98
78
74
126
144
123
122
101
134
34
142
107
92
64
40
100
128
142
43
124
92
142
151
103
165
142
145
102
153
117
91
92
151
72
155
160
137
176
95
170
166
168
159
176
175
149
69
154
171
180
68
99
132
134
168
171
31
179
156
151
115
131
157
186
176
173
126
87
131
152
42
204
210
204
207
167
112
214
178
201
85
137
185
213
202
197
178
140
216
204
161
200
188
185
213
224
194
125
151
92
129
135
197
120
215
184
179
226
198
240
229
221
193
248
213
168
79
168
210
227
251
233
226
151
215
240
254
185
214
195
250
147
242
107
210
147
150
156
184
229
224
217
251
238
271
264
192
239
165
244
275
210
263
245
113
282
250
260
158
241
194
288
264
262
259
283
291
222
196
222
258
152
221
257
165
293
188
200
285
211
188
277
224
257
264
272
289
257
272
269
143
319
275
183
300
325
237
295
286
235
319
327
280
303
279
292
317
319
281
283
160
262
261
223
289
163
169
306
334
233
314
305
290
184
216
289
338
318
296
323
313
307
296
315
258
294
361
305
320
323
361
351
266
339
265
293
364
320
348
260
288
366
361
329
305
223
354
336
364
242
337
346
301
332
341
308
363
355
232
391
237
349
304
331
372
292
261
346
404
361
332
316
355
378
358
317
365
400
347
255
265
328
317
377
356
253
389
373
354
406
350
356
428
334
370
430
399
401
337
280
393
392
390
377
373
443
429
419
374
390
350
375
364
309
452
442
383
405
444
414
429
393
397
411
414
382
433
346
386
411
359
423
416
366
441
399
391
305
454
426
421
382
391
427
396
416
317
441
474
422
472
453
370
399
462
464
447
464
445
404
386
414
443
432
481
488
394
402
397
427
338
475
462
415
461
448
457
447
444
427
503
439
436
513
440
421
464
516
469
467
401
469
453
442
450
504
448
473
435
432
431
439
441
458
481
537
469
447
500
444
523
487
498
545
499
444
512
495
460
552
525
494
453
527
526
536
429
493
472
446
494
549
470
479
486
461
464
530
534
517
502
477
460
524
497
539
506
578
500
537
492
515
518
528
495
453
537
452
518
528
520
580
488
513
507
471
605
500
553
508
554
556
532
538
541
505
500
606
596
557
578
546
492
519
567
570
622
525
543
553
585
590
602
544
556
566
504
523
599
512
539
589
584
536
538
600
562
581
535
511
628
547
571
605
524
652
563
592
589
530
588
598
591
589
525
638
657
593
538
600
601
573
566
602
577
627
527
653
609
596
580
607
598
538
592
646
634
572
624
639
620
646
546
606
589
608
604
635
676
579
598
571
650
597
609
590
701
601
622
574
639
675
589
670
626
608
697
660
581
678
638
646
649
606
706
616
599
630
710
591
631
627
668
609
676
703
647
623
637
632
718
633
647
702
677
685
645
654
704
644
671
686
740
629
678
698
653
665
644
664
666
717
697
747
745
658
710
646
705
688
674
668
661
734
749
750
766
689
677
673
694
699
750
752
672
688
693
678
732
662
677
756
665
786
716
691
692
690
694
794
794
705
699
700
793
723
752
744
709
708
714
796
778
689
708
742
726
738
717
756
777
732
779
733
765
742
721
733
773
748
796
774
721
729
735
735
837
816
727
753
780
815
841
747
804
754
742
757
752
855
819
764
759
795
843
770
759
760
859
834
801
803
781
771
764
798
811
876
793
808
843
787
830
782
794
819
871
793
848
815
797
843
881
798
901
881
810
870
806
802
867
819
814
828
914
817
820
907
920
847
895
870
840
828
833
855
846
883
836
844
842
837
856
891
938
919
867
861
914
905
873
862
927
899
878
892
915
943
901
901
928
882
951
889
940
948
932
934
990
938
954
951
935
934
915
999
921
1008
1011
937
930
951
939
954
999
956
957
986
963
957
964
964
1009
1014
993
995
986
990
1013
1013
996
1066
1001
1063
1057
1043
1047
1065
1071
1047
1076
1107
1110
1114
1161
1162
1162
1202
1208
1216
5
6
10
9
12
10
7
5
17
6
9
16
19
14
16
11
22
11
27
21
27
23
30
30
14
22
33
36
23
35
27
37
23
22
43
43
38
23
31
8
38
34
36
28
33
45
43
48
17
53
58
52
44
53
61
59
39
51
32
32
27
51
60
54
72
58
66
63
57
50
76
71
59
33
41
73
39
84
38
65
69
73
88
64
83
90
84
79
74
47
63
58
40
85
75
99
103
81
29
99
97
98
62
88
31
32
85
85
61
94
57
78
116
99
104
103
103
112
89
116
73
114
18
117
100
27
112
119
104
123
119
94
103
125
120
117
102
134
31
108
123
92
97
100
130
122
152
134
117
135
133
125
123
114
131
110
145
29
109
66
147
165
154
42
156
158
148
116
144
80
159
148
131
114
62
106
136
181
101
165
116
161
144
128
127
139
49
72
183
165
146
166
168
162
185
170
166
169
81
183
68
153
192
55
193
13
193
149
185
177
201
177
176
192
161
192
103
162
45
169
99
179
203
75
185
199
222
207
73
177
201
205
152
130
140
219
226
80
140
206
112
169
242
197
228
209
222
202
231
181
195
152
235
238
226
194
202
194
211
243
67
135
229
230
243
227
211
230
235
245
133
235
207
231
253
250
170
92
232
220
105
219
232
231
166
252
145
264
237
264
159
240
207
217
218
277
270
113
214
262
236
285
273
249
143
262
136
257
252
155
291
192
279
169
296
251
264
316
301
301
256
289
264
257
260
204
285
279
289
293
165
298
225
241
295
266
298
305
289
225
267
298
292
159
275
192
193
223
307
334
214
298
270
298
260
251
288
327
318
268
333
245
234
330
299
200
318
186
352
311
296
348
316
338
351
295
258
323
339
333
319
321
290
292
251
306
304
326
326
349
344
363
375
282
324
319
331
281
354
380
352
360
343
279
223
224
348
248
367
345
306
387
352
265
377
355
360
350
301
241
381
371
244
361
258
328
328
381
376
370
376
337
330
388
405
316
355
366
356
394
415
382
399
355
403
265
306
358
396
349
350
401
395
353
392
359
396
428
419
412
273
370
439
375
425
424
348
408
405
402
316
342
435
370
405
377
309
426
417
332
424
357
436
447
366
422
367
370
403
372
427
402
448
424
350
451
401
418
383
446
389
468
352
441
396
371
425
397
410
469
433
416
469
375
414
470
494
467
470
432
478
463
367
432
431
446
463
404
478
481
405
474
456
381
472
493
473
487
467
395
363
462
471
426
481
463
434
399
499
436
495
457
446
514
525
481
436
461
415
383
516
451
454
462
536
449
504
526
528
466
517
474
452
500
535
419
422
456
471
486
491
469
498
527
541
415
504
493
423
487
525
471
541
516
472
510
449
474
538
480
540
519
530
573
552
538
500
457
526
497
542
507
508
480
515
572
497
559
567
478
472
550
575
466
564
559
537
604
508
516
577
590
510
504
517
558
557
467
498
534
510
590
558
567
587
607
512
615
593
487
603
571
572
532
526
549
544
502
595
564
535
547
529
620
517
640
610
503
597
518
541
590
555
568
608
550
550
636
568
629
598
631
556
544
576
528
615
552
634
602
554
643
643
614
611
665
533
619
649
595
610
597
579
643
614
649
553
585
625
659
651
673
606
639
636
556
655
653
595
604
664
596
574
597
603
586
602
670
614
654
596
629
582
624
686
682
578
586
708
692
662
642
673
587
626
599
606
659
642
645
605
661
604
608
711
679
671
615
634
658
663
665
709
630
703
655
710
698
706
693
700
641
673
701
719
708
661
706
639
726
724
707
662
639
697
673
659
703
665
686
747
694
660
656
773
698
747
736
707
773
735
659
682
728
745
670
737
683
670
773
742
690
760
679
743
680
739
766
695
708
679
685
761
762
716
722
702
690
708
750
787
738
783
737
812
786
769
746
718
749
755
777
711
736
754
754
787
755
761
772
761
801
724
783
781
784
798
731
799
741
739
826
740
776
756
823
825
743
808
797
782
789
768
772
813
757
763
791
760
790
810
797
799
809
778
781
823
772
825
847
798
831
802
820
861
801
790
786
792
880
789
811
874
852
839
821
858
851
856
825
858
841
884
853
817
820
888
904
841
889
829
905
848
875
849
846
907
884
877
887
908
875
881
927
874
891
913
872
908
876
873
879
907
941
879
903
919
946
935
942
903
959
931
918
961
921
918
912
904
923
926
913
930
980
934
953
962
953
973
986
955
948
944
966
955
951
943
980
954
953
983
961
1009
984
1010
1002
1012
1003
1015
1036
1007
1029
1041
1031
1036
1036
1055
1061
1053
1072
5
7
8
8
10
9
9
10
14
14
11
15
16
19
16
18
15
6
26
27
27
20
6
21
31
22
32
32
32
33
31
7
40
41
38
11
32
45
29
46
33
42
43
41
47
47
28
41
52
10
28
53
55
54
51
57
49
10
48
63
42
51
62
56
44
46
34
66
69
53
41
55
65
75
70
83
17
85
76
57
80
56
81
86
50
87
20
77
89
12
63
91
52
55
98
102
36
100
85
76
74
85
93
102
108
104
105
16
96
28
107
111
92
91
116
39
67
88
108
59
118
82
49
107
127
118
126
100
117
94
120
86
98
76
74
118
116
127
133
141
136
125
130
111
117
121
65
125
147
82
77
20
123
115
127
95
138
161
162
151
145
128
146
115
130
131
126
146
166
98
106
87
148
167
170
149
174
163
178
123
56
169
154
125
183
67
150
167
64
186
150
144
125
178
180
82
176
119
164
186
170
189
175
178
151
28
140
169
187
187
189
102
212
110
194
164
169
89
115
211
195
192
215
180
159
227
199
176
194
201
226
151
181
191
83
204
215
165
231
207
122
229
117
197
188
207
105
99
188
180
225
241
193
207
215
232
226
173
169
153
212
240
233
249
96
193
262
86
237
227
213
238
237
189
245
142
209
254
122
204
131
248
249
229
231
125
282
234
271
276
258
208
235
260
238
132
222
277
179
216
162
129
289
231
268
283
260
237
275
170
236
279
155
266
265
238
304
274
198
277
287
218
282
284
175
288
245
258
310
301
277
145
145
261
164
266
299
306
310
322
195
302
259
284
292
174
291
263
329
320
294
202
321
318
264
309
300
320
273
319
189
178
287
187
349
330
297
355
313
213
328
334
284
285
280
350
328
320
334
229
331
242
338
315
215
347
316
297
358
333
313
320
319
369
378
354
361
363
333
348
338
293
316
369
345
384
356
374
297
353
367
347
324
311
406
360
381
332
376
250
245
340
353
357
394
326
329
387
367
382
360
333
271
265
393
390
388
384
356
402
396
420
362
375
410
396
407
416
371
353
382
344
434
432
381
385
420
400
321
366
285
315
372
415
405
361
343
409
404
399
393
305
373
460
408
409
386
436
437
443
439
444
367
401
401
431
438
440
456
312
449
362
461
413
426
408
426
477
335
421
465
444
414
461
398
429
406
363
419
483
443
430
443
343
445
467
374
454
471
452
461
487
406
498
435
456
473
489
477
397
479
497
411
395
454
473
452
494
463
370
456
501
470
443
445
515
511
376
455
483
518
473
444
474
509
486
494
528
509
509
491
533
453
435
408
526
490
515
491
535
505
514
503
535
488
475
448
490
502
454
492
526
543
551
542
425
466
516
480
489
485
463
561
485
549
570
567
539
524
514
514
448
536
577
502
529
556
555
484
474
529
578
522
455
566
501
544
487
552
585
532
505
579
519
589
510
537
567
551
594
596
470
476
516
606
537
615
532
549
554
530
600
523
490
580
562
567
500
583
626
561
563
585
595
572
516
506
611
625
621
601
559
545
516
602
601
545
570
638
514
638
644
586
574
600
582
644
565
540
539
661
569
602
596
542
613
645
531
603
626
606
612
613
545
611
664
667
618
626
559
588
589
638
658
669
586
557
592
611
582
669
594
685
620
689
581
685
641
623
581
649
600
575
652
665
712
645
646
645
638
701
656
658
622
656
711
619
657
625
680
592
706
670
625
613
700
655
604
605
662
617
681
720
702
669
681
728
677
645
639
725
754
622
704
682
642
691
694
676
675
666
657
683
702
650
755
671
734
662
735
753
726
708
657
712
761
698
711
787
677
708
658
665
709
765
702
725
712
715
678
732
749
724
779
767
692
686
706
749
736
710
697
793
694
730
758
698
750
698
780
826
716
740
746
757
771
745
748
799
749
730
803
725
728
757
769
806
769
801
758
787
721
832
729
757
735
728
772
771
795
787
830
792
742
781
761
870
785
773
832
793
826
748
804
793
754
770
780
796
807
791
814
802
820
856
894
875
819
782
771
795
806
789
816
785
859
818
834
818
835
799
871
846
896
809
834
875
822
873
820
837
811
828
835
854
892
849
847
865
850
863
827
898
837
919
903
851
855
847
838
864
865
909
851
873
873
903
919
882
855
921
873
872
907
892
908
869
939
935
898
964
875
909
890
924
951
890
902
892
916
898
915
906
914
924
949
948
912
944
953
913
914
951
984
924
986
941
954
941
943
934
940
973
943
992
983
944
977
958
951
990
991
980
1016
979
973
982
992
1009
981
1001
1006
1020
1018
1026
1020
1032
1039
1044
1054
4
6
5
8
8
11
14
6
9
6
15
9
17
16
23
17
18
13
7
16
9
22
17
32
28
30
4
34
29
34
36
39
37
42
39
40
43
42
34
28
45
36
32
7
50
16
49
47
55
49
55
40
44
39
30
48
57
41
61
32
29
68
38
4
66
52
67
64
68
54
65
61
64
37
80
32
68
80
41
79
64
72
78
86
66
61
94
48
78
91
93
92
100
96
64
86
63
97
22
89
105
83
67
109
82
60
94
81
99
110
79
102
83
80
53
82
54
88
125
114
113
111
100
120
102
91
74
111
108
127
121
101
92
124
101
20
131
95
117
136
125
121
117
137
106
139
138
152
118
110
114
96
141
152
156
101
149
140
132
155
113
112
139
160
77
170
128
97
160
144
103
85
133
127
164
133
122
126
154
146
125
156
149
21
104
182
153
92
173
122
36
192
11
179
189
160
178
163
187
40
87
172
198
167
164
178
89
160
199
139
172
147
167
192
196
206
208
212
164
169
180
151
183
169
185
80
214
221
143
168
205
187
147
198
147
187
211
48
128
128
202
143
234
216
205
239
189
231
199
199
192
173
237
183
238
208
235
94
218
191
237
248
216
222
137
86
204
199
187
240
191
227
246
121
234
263
263
225
263
178
202
263
253
233
204
205
171
166
251
268
167
171
183
244
282
257
285
236
226
259
202
296
240
250
262
255
228
242
224
238
294
293
199
266
130
281
287
238
286
285
302
237
140
239
234
285
268
292
307
304
303
316
293
304
241
248
246
218
298
279
244
197
290
303
317
288
264
269
337
173
343
288
244
341
309
274
306
248
264
240
345
217
299
246
330
290
332
317
346
323
301
329
257
273
339
324
353
330
333
269
341
344
324
279
365
354
305
314
333
223
384
349
334
237
333
365
310
371
279
271
352
310
369
346
374
310
375
251
320
322
271
273
316
390
387
357
373
385
378
350
305
409
337
369
353
275
392
316
356
369
375
407
391
357
375
380
301
394
353
392
380
337
418
358
376
293
398
400
309
393
415
394
381
419
413
362
391
293
425
362
324
285
314
421
439
438
441
448
346
429
415
314
378
353
427
365
400
397
386
374
452
384
430
441
445
422
446
383
326
392
405
422
417
394
424
453
337
456
447
444
442
439
480
340
431
414
341
440
480
487
427
345
343
435
403
408
489
381
476
407
463
466
413
458
496
496
439
416
485
370
488
473
507
446
474
470
489
468
373
444
423
492
514
450
446
474
416
504
416
457
431
515
508
532
524
466
487
390
513
413
397
478
457
502
497
423
501
532
499
528
406
506
453
512
551
411
507
473
518
489
551
537
456
515
515
523
488
489
526
554
435
456
444
456
540
519
538
470
550
531
518
543
501
569
531
534
515
494
540
486
571
508
544
468
546
452
598
478
563
580
542
564
548
549
489
535
557
559
581
557
468
536
512
540
578
559
537
479
559
568
601
524
543
573
607
586
536
575
618
609
611
586
565
522
621
517
581
531
500
578
579
598
560
531
513
598
617
613
558
574
548
627
602
607
572
636
584
624
625
610
611
592
615
614
595
538
645
623
612
655
563
601
559
604
565
634
583
582
637
633
645
631
636
639
655
620
611
620
593
658
640
565
594
565
655
669
570
658
653
648
686
640
635
660
622
621
623
644
660
656
586
661
607
667
683
674
664
607
688
645
711
669
651
625
637
662
683
677
704
693
691
690
703
643
689
654
665
653
681
674
720
646
682
707
685
643
741
742
701
657
680
663
686
716
691
705
686
723
702
655
659
668
757
650
680
737
669
724
710
702
745
747
687
702
747
769
678
700
681
691
743
687
734
722
759
719
698
749
786
727
742
721
768
692
747
774
748
735
797
743
749
770
764
705
727
747
732
719
715
791
785
769
798
787
763
764
739
818
755
725
766
754
782
778
739
772
812
796
752
768
822
753
769
762
757
816
815
826
841
771
778
829
798
759
760
785
814
767
776
780
804
776
837
794
773
839
795
865
781
871
806
793
842
850
830
804
849
799
870
849
803
807
802
856
816
863
892
810
870
829
845
881
868
820
869
853
865
823
860
826
856
845
886
837
882
883
851
881
838
894
896
873
906
865
874
855
896
863
858
859
905
878
924
888
887
873
930
928
890
877
899
897
883
924
944
901
931
949
925
935
944
922
958
940
953
952
940
961
960
942
932
943
967
946
946
942
971
952
977
978
975
956
970
972
962
960
999
974
983
1005
980
1014
997
1015
1019
1014
1025
1008
1019
1029
1031
1028
1038
1037
1077
1076
1067
1063
1091
1098
4
4
5
5
4
6
8
4
11
13
7
15
16
10
11
16
12
24
6
23
19
25
12
16
4
4
31
24
28
34
15
19
33
40
22
35
10
32
31
45
45
45
43
46
48
41
43
24
45
47
44
43
38
38
55
48
49
38
55
57
57
50
50
41
57
47
64
48
5
48
63
59
66
41
25
76
66
72
83
69
76
79
57
30
49
43
63
57
88
89
87
52
88
100
58
97
92
73
60
50
76
62
72
11
73
106
111
100
100
91
101
88
94
103
42
101
20
91
91
105
32
108
102
82
110
107
32
122
99
105
106
114
37
105
120
103
80
65
86
94
66
118
145
59
141
116
114
132
92
114
89
131
44
103
124
81
143
139
99
156
126
135
120
163
145
153
120
140
147
144
155
113
112
135
151
172
167
167
15
158
155
160
147
160
149
163
94
38
140
152
176
149
107
156
162
169
173
166
72
32
89
86
132
177
110
179
113
167
193
153
205
147
207
173
151
213
180
123
180
181
119
187
158
179
214
177
183
179
198
205
169
209
200
203
147
117
70
197
192
229
181
227
218
202
214
220
204
210
76
61
86
190
217
157
210
169
204
233
235
230
195
226
217
152
256
98
216
141
228
198
224
253
203
111
125
265
215
268
224
207
214
208
210
165
192
223
223
276
232
155
245
261
256
258
241
261
249
238
272
117
113
273
167
239
236
238
288
272
262
185
228
261
272
282
275
252
262
286
237
263
152
220
151
157
315
270
260
299
284
195
237
251
255
199
270
155
273
259
163
255
163
324
301
149
243
264
282
334
288
190
321
265
271
328
274
307
266
326
223
171
312
311
314
187
304
182
333
310
332
290
316
195
341
324
310
345
296
329
316
264
296
328
344
312
366
217
276
286
288
379
278
301
348
303
333
219
319
327
234
351
338
338
239
338
312
321
286
374
375
351
325
374
323
287
262
297
370
364
370
392
385
305
392
245
305
359
325
394
368
364
340
353
243
369
368
351
249
343
386
419
328
371
378
304
397
343
279
335
356
351
430
376
422
395
400
379
425
379
391
362
395
375
430
417
370
359
330
354
401
412
403
414
421
334
432
359
412
433
448
351
296
300
407
421
461
377
388
423
340
417
390
448
438
428
406
385
402
399
360
464
420
426
446
476
396
399
443
466
408
411
363
448
461
407
447
454
382
443
472
440
470
444
410
408
448
395
401
457
497
444
469
493
455
419
429
437
380
510
407
488
476
470
436
399
480
434
491
493
508
498
427
524
509
450
485
487
453
489
522
406
484
455
454
489
533
471
520
427
499
511
498
482
455
413
547
463
518
496
495
473
469
480
458
512
447
507
440
524
532
477
425
541
476
535
538
463
541
496
544
523
523
554
563
503
496
573
529
573
545
554
531
539
503
471
502
556
572
533
516
561
552
496
563
515
509
599
591
544
550
562
562
524
503
573
517
491
483
574
580
588
511
560
572
557
574
583
514
619
608
529
533
576
620
514
581
578
602
582
572
553
562
507
603
607
599
585
636
550
534
564
587
562
598
593
602
616
559
539
525
623
561
598
611
598
623
615
564
571
606
666
558
625
564
567
648
600
547
620
620
666
619
629
652
631
574
605
628
604
646
639
582
654
666
682
632
587
607
644
686
638
651
589
640
608
624
649
616
671
656
591
671
648
716
624
603
615
612
651
659
652
592
664
619
614
702
656
679
688
651
659
668
707
688
630
620
727
729
660
670
695
657
694
669
722
633
665
667
716
695
654
707
699
648
641
740
699
755
636
672
661
658
684
646
683
722
701
702
712
734
720
706
659
754
775
702
715
771
669
738
742
758
715
687
714
712
695
723
755
752
684
779
686
722
716
713
741
757
721
708
688
697
765
717
755
707
796
748
742
731
820
796
707
715
714
776
726
782
750
752
799
811
783
760
765
798
777
800
787
766
740
827
792
759
764
785
795
779
752
762
791
746
780
749
755
815
856
844
803
754
831
786
834
799
782
762
818
835
781
772
769
854
802
806
808
838
823
813
805
782
842
785
816
871
806
891
827
819
819
857
818
884
830
814
868
903
871
842
856
836
864
824
859
845
892
822
834
834
841
852
855
851
893
857
931
911
857
899
854
903
913
884
856
907
881
881
879
893
931
887
879
878
873
952
937
900
924
886
890
902
911
911
892
951
912
911
956
900
907
981
914
979
923
973
935
943
930
975
939
924
989
939
966
967
954
964
989
988
973
1012
974
975
1004
1019
1015
998
1021
999
1029
1033
1029
1036
1028
1053
1055
1060
1055
1057
1069
1078
1085
5
6
8
9
11
7
5
11
14
15
16
19
18
5
11
14
23
7
5
19
22
22
31
9
22
31
14
24
33
34
33
33
37
18
8
19
29
44
24
42
17
49
45
30
49
45
42
46
55
35
45
55
38
50
57
48
59
63
47
64
60
63
26
54
61
24
49
55
45
76
75
72
32
68
24
72
74
72
80
70
79
60
42
80
82
10
33
55
68
85
67
79
61
96
54
84
101
78
96
103
94
84
60
68
51
102
96
107
97
79
112
80
115
89
102
104
106
111
88
91
47
114
121
83
119
22
97
119
114
96
107
124
120
135
127
8
85
130
102
118
132
130
129
110
146
129
125
143
132
113
151
140
77
119
116
82
132
148
142
121
153
119
124
164
99
139
153
154
169
150
117
88
131
151
124
169
78
52
165
160
131
146
159
168
79
184
132
176
164
169
29
148
157
181
181
181
182
171
135
188
185
163
41
185
115
114
156
173
93
73
189
207
207
203
115
85
189
140
184
185
119
220
204
192
203
181
185
208
202
112
53
188
195
177
193
215
145
120
236
76
195
213
214
214
182
174
219
234
231
80
214
239
233
190
216
236
217
220
132
207
246
137
113
256
174
227
246
90
213
248
161
217
257
229
268
202
225
232
223
251
256
271
222
202
247
252
161
245
274
249
221
121
275
255
202
166
207
257
279
284
139
143
284
271
297
273
278
246
275
185
241
297
184
299
302
211
285
243
141
264
286
246
247
273
288
198
240
270
235
228
295
306
192
237
225
297
261
271
291
317
278
323
172
325
296
302
217
176
225
190
323
325
292
334
318
318
330
266
285
200
313
270
347
330
302
331
260
329
361
232
306
327
340
323
319
279
331
317
348
238
336
356
345
309
343
347
302
324
363
360
358
341
376
264
288
239
382
224
331
337
323
359
284
350
364
294
267
361
235
306
382
345
381
304
373
408
374
350
387
388
373
404
385
373
323
378
378
373
265
403
390
386
320
331
403
404
372
322
395
300
385
412
397
404
289
311
342
364
358
400
387
329
307
424
409
338
378
407
393
378
366
366
455
448
364
438
439
420
400
365
400
409
436
409
426
407
354
348
436
466
355
336
454
452
450
449
347
409
339
454
454
440
440
468
412
441
460
469
347
465
443
452
385
363
408
452
471
408
478
479
397
492
407
464
455
452
478
387
483
393
420
419
375
396
506
375
380
493
459
393
501
483
477
454
513
485
409
488
440
517
388
468
493
505
483
474
496
450
492
488
519
520
545
531
506
446
530
504
498
497
465
456
465
434
518
534
420
514
422
448
539
469
526
492
518
431
448
458
557
550
429
506
529
471
507
554
537
530
507
540
483
568
584
555
582
543
560
549
534
506
547
551
558
554
554
495
553
484
559
463
563
561
504
571
563
571
479
561
508
492
551
608
539
512
508
573
546
620
541
560
620
552
607
548
603
592
523
548
550
566
596
625
598
588
613
621
594
552
598
599
592
641
631
615
599
591
609
535
544
605
618
627
624
538
624
544
541
661
613
594
588
632
550
635
653
631
662
610
578
642
567
661
634
623
646
581
662
646
630
649
635
620
616
646
574
642
617
662
666
662
694
581
664
617
685
638
604
585
599
652
660
695
613
665
632
648
701
654
665
702
655
630
666
654
648
701
691
726
660
674
723
715
685
692
627
628
699
679
692
712
707
687
692
641
714
707
690
716
711
651
692
632
727
692
682
670
756
650
698
693
649
716
672
771
745
688
681
747
771
670
747
763
743
733
737
717
735
735
739
757
738
709
730
710
726
735
756
681
735
739
743
748
713
796
770
790
774
792
779
763
740
786
762
787
765
740
749
765
792
789
741
792
772
751
815
745
721
778
779
785
797
793
749
811
793
828
792
775
770
762
788
778
782
816
766
774
787
821
847
830
809
792
807
827
817
806
826
793
831
825
836
798
824
806
814
793
852
804
811
798
879
843
798
856
824
884
834
838
829
878
854
822
842
862
841
824
849
846
808
823
826
879
882
818
820
839
879
876
864
859
880
891
909
850
844
893
864
877
895
899
872
908
875
864
852
860
911
874
944
890
891
891
877
939
885
887
906
908
893
887
894
891
885
894
967
887
883
915
937
904
894
924
913
911
938
987
917
934
932
917
953
920
959
924
918
939
957
1002
952
940
964
953
974
974
976
947
947
1017
1020
957
990
961
974
960
989
1045
989
979
1021
1016
991
1017
1001
1006
1023
1010
1016
1016
1037
1022
1083
1047
1040
1088
1056
1078
1095
1078
1100
1118
1119
1131
1137
1142
1157
1162
1183
1193
1216
1247
