9
10
14
11
13
12
21
24
6
7
11
21
22
13
20
5
18
24
43
28
17
22
5
30
11
24
22
26
12
14
16
35
26
50
13
24
45
8
4
31
21
43
32
29
22
60
25
34
4
25
39
43
49
13
36
4
41
28
16
39
7
31
16
5
6
37
53
44
76
22
42
20
52
9
34
67
60
59
11
57
41
20
47
102
68
48
17
71
36
60
19
54
8
27
31
51
20
12
37
33
63
14
42
65
31
54
99
81
12
37
24
66
46
19
31
70
82
6
83
64
17
61
29
57
35
50
23
22
61
21
82
22
70
87
20
100
87
73
61
99
120
59
18
15
41
41
53
6
47
22
24
11
124
16
30
90
9
105
86
15
30
40
98
85
36
13
109
97
40
51
33
12
73
4
39
45
56
19
37
109
44
62
23
132
79
38
107
106
107
109
61
7
91
52
28
8
45
93
16
25
56
81
34
42
22
82
59
69
150
59
50
102
62
9
30
98
29
9
56
67
15
27
20
26
46
21
52
133
11
60
83
14
116
166
22
87
20
39
96
82
46
4
37
24
27
13
66
41
76
182
49
20
41
8
20
65
69
18
85
202
88
42
43
64
144
38
32
44
114
35
107
14
166
5
68
87
52
11
61
62
78
9
56
64
210
150
41
69
94
21
10
43
15
8
8
61
21
56
28
15
31
54
208
67
120
55
51
54
13
39
46
5
26
14
49
35
35
14
81
18
167
14
19
39
49
24
20
25
4
94
49
23
63
30
12
68
55
27
11
30
67
37
173
43
19
42
42
73
170
63
22
66
61
33
70
12
29
27
90
65
96
126
23
217
93
38
10
87
27
56
14
12
122
71
7
9
43
19
32
14
122
29
65
97
5
13
4
61
38
71
44
22
28
5
38
143
30
6
63
29
119
122
136
149
11
29
110
153
80
108
19
13
49
44
16
70
45
49
35
124
46
67
33
53
15
23
20
62
76
140
8
152
16
8
41
49
16
46
34
18
5
32
43
53
38
8
38
28
54
118
27
33
5
167
90
10
51
25
73
151
22
17
49
34
35
34
73
48
127
34
47
20
31
44
124
33
31
89
66
68
52
55
96
94
65
77
62
64
119
91
157
124
81
102
149
89
85
96
128
98
7
4
8
17
6
9
17
10
18
5
6
12
7
10
7
12
16
8
22
6
12
10
8
5
20
5
27
15
26
11
4
4
9
5
21
31
4
8
21
4
13
11
35
7
4
11
20
25
12
28
12
44
5
21
8
15
45
47
15
10
30
21
30
17
16
7
7
17
44
39
7
37
34
47
13
24
7
45
42
42
83
28
6
28
30
72
11
11
9
37
75
6
14
31
32
21
34
18
32
4
8
30
7
8
26
14
46
4
33
25
20
43
5
24
47
38
6
26
46
7
28
30
16
26
6
48
47
49
25
18
48
6
4
43
11
6
22
18
34
11
12
63
51
4
33
7
14
44
31
58
20
44
21
22
46
53
32
16
35
26
18
29
99
9
62
35
8
4
44
20
12
50
55
13
30
10
26
66
70
68
46
55
46
42
40
66
57
17
7
12
21
22
25
49
32
58
65
20
45
13
43
15
48
93
21
93
5
5
26
37
35
44
43
43
35
84
28
7
33
34
77
44
13
35
22
27
16
20
18
24
39
47
135
22
72
141
72
38
40
38
29
68
52
15
77
81
60
4
13
87
40
14
63
12
76
57
46
23
32
42
23
37
116
22
65
5
68
35
5
102
52
96
17
76
52
55
105
15
55
26
17
24
25
145
86
9
6
20
79
32
39
47
61
129
30
76
52
25
60
47
21
123
41
6
7
48
9
32
39
54
75
18
15
151
112
36
77
8
120
40
145
51
33
125
6
71
8
17
123
12
28
45
28
28
167
42
20
34
83
33
22
50
84
149
39
13
38
77
67
28
9
11
94
177
53
37
54
125
19
76
12
8
14
60
90
14
17
49
28
89
96
58
11
73
99
93
59
51
5
103
55
13
200
67
21
97
57
6
11
51
15
40
191
40
72
11
70
23
5
52
67
61
35
12
148
4
13
67
8
142
23
51
4
44
15
41
131
50
51
62
148
51
41
26
27
66
93
122
4
47
59
62
48
30
205
114
40
6
47
116
20
6
33
70
180
43
96
142
59
10
20
4
12
65
29
129
5
47
68
17
39
87
65
102
27
27
195
36
41
69
64
78
45
24
25
64
151
57
67
31
59
77
42
56
81
82
61
78
54
83
58
155
150
97
112
120
200
209
155
201
5
5
9
14
16
8
19
18
15
22
23
15
24
14
19
19
8
16
33
31
30
8
25
33
11
10
33
12
43
30
39
33
33
25
26
18
7
16
14
5
31
33
8
41
71
4
24
17
36
41
18
39
16
55
4
54
50
39
17
36
53
37
83
4
26
50
34
86
9
63
65
19
19
12
8
38
35
34
8
41
8
9
16
6
73
4
76
40
14
38
43
51
16
29
22
70
4
4
8
72
67
46
57
121
74
43
20
7
5
102
21
70
64
23
59
91
62
52
25
59
40
10
56
20
4
47
14
28
35
50
132
23
21
103
58
34
22
23
48
24
15
96
48
63
84
22
115
48
28
49
35
150
95
76
68
40
114
93
34
56
7
61
36
50
15
22
7
103
17
96
83
61
26
4
42
42
40
72
35
87
79
7
28
76
20
68
7
30
18
68
60
153
17
147
64
70
24
7
125
23
14
6
71
11
32
112
48
30
59
111
35
36
53
50
175
62
50
33
26
19
65
19
26
42
46
65
55
136
62
38
44
28
33
4
46
37
45
43
27
5
91
165
185
38
14
49
146
46
47
84
93
148
110
32
19
79
78
10
116
19
34
52
71
58
18
94
77
72
44
4
26
60
89
4
18
56
65
4
25
219
167
102
33
110
34
60
77
60
40
50
31
72
71
26
221
41
21
56
110
107
44
52
72
37
43
20
138
75
69
34
25
29
107
77
39
152
116
85
60
79
70
135
94
27
28
24
24
17
5
27
66
8
39
57
39
60
31
124
19
42
79
61
88
174
79
49
68
115
78
57
64
10
73
4
56
15
33
38
11
71
39
12
9
47
20
64
11
13
43
89
8
60
93
47
86
83
51
41
20
10
21
90
46
61
23
107
5
45
66
133
13
99
5
23
64
17
232
37
33
14
42
34
170
20
13
111
185
89
56
84
77
27
74
70
22
86
26
67
142
75
113
68
31
141
140
55
25
151
69
16
20
19
47
43
40
93
30
38
27
21
46
40
123
17
43
8
144
20
100
138
97
23
7
58
41
137
13
25
43
149
35
169
15
159
72
112
38
60
43
33
109
30
147
24
63
84
111
90
98
67
116
158
43
49
88
53
73
64
170
75
104
67
107
114
158
125
99
143
137
162
9
12
16
16
22
6
13
18
27
13
10
31
27
11
28
4
4
22
19
9
29
25
34
28
4
11
36
23
41
36
28
42
37
26
20
44
30
15
4
10
42
50
29
9
8
7
11
19
47
28
35
12
51
19
38
40
48
12
21
14
57
4
32
41
42
14
62
52
44
6
77
31
9
9
58
32
60
54
42
61
12
57
39
8
11
6
88
70
64
7
116
90
46
14
54
24
73
69
36
74
78
22
52
71
49
45
100
32
70
64
53
27
67
53
101
72
63
32
6
38
24
53
12
128
53
5
9
92
33
29
105
53
80
69
54
42
84
4
37
86
9
17
21
49
133
19
107
17
44
39
13
5
25
7
77
23
28
59
21
28
43
31
139
89
4
44
18
18
138
26
68
67
37
126
30
25
7
121
11
6
27
73
51
58
71
39
43
56
50
64
41
57
69
56
70
50
6
11
63
97
47
20
38
48
14
31
47
69
59
23
191
95
17
59
32
101
20
156
56
19
24
30
47
59
53
26
72
58
136
116
13
42
56
50
42
44
4
13
190
64
38
56
17
26
130
28
34
34
57
90
25
48
158
218
99
44
66
31
33
11
158
33
17
67
142
60
128
178
14
51
155
25
41
4
118
12
11
14
70
66
59
45
34
42
19
196
52
37
61
129
8
63
75
55
9
273
13
4
55
67
127
104
4
14
64
34
192
16
56
110
25
36
63
20
8
35
78
70
151
59
61
12
109
23
191
37
179
253
9
31
42
120
48
223
46
39
16
47
96
54
36
256
113
5
76
51
41
62
50
60
66
29
67
52
10
27
20
10
102
63
83
80
114
71
64
203
51
124
111
276
44
203
112
36
119
75
38
12
65
55
23
63
252
42
19
28
21
67
32
25
182
4
13
160
56
18
82
73
39
56
13
16
31
288
32
50
24
45
14
89
30
12
36
105
27
201
198
33
50
51
25
10
61
92
30
53
42
15
68
28
33
6
64
80
34
37
187
29
26
54
93
7
212
29
9
20
29
28
28
104
23
12
33
56
140
23
13
14
211
70
51
61
39
13
8
43
4
45
50
17
44
24
40
34
46
67
34
37
184
86
49
66
57
113
50
70
46
104
52
84
68
81
61
65
84
248
192
121
117
199
6
16
7
15
6
18
4
17
18
16
17
6
22
18
28
13
15
13
12
5
27
23
37
7
30
24
14
17
23
7
19
14
5
49
6
14
42
9
18
20
17
40
54
27
37
28
21
38
34
28
5
17
7
22
27
20
32
33
30
74
45
10
17
15
15
60
49
6
18
28
26
21
58
44
26
54
52
5
18
23
56
24
18
62
56
28
12
4
16
22
32
4
34
9
48
6
46
7
4
4
63
5
36
6
31
9
82
59
11
58
21
74
65
28
56
35
42
43
9
24
15
68
11
10
45
56
16
45
30
58
5
5
72
6
69
26
10
5
67
59
56
70
64
66
9
56
66
70
27
53
64
69
42
51
50
15
4
52
28
26
9
7
57
74
71
59
75
52
70
4
48
24
5
28
5
65
66
15
31
135
24
7
134
74
69
6
103
83
62
64
7
72
102
58
89
53
4
36
69
25
85
10
62
120
120
54
79
50
14
8
66
47
11
5
101
62
27
164
29
36
16
23
13
102
11
23
53
38
85
40
6
120
89
39
132
75
101
4
40
84
16
27
14
42
29
41
31
124
57
8
39
31
6
6
93
7
188
41
168
52
31
92
48
24
26
5
81
80
70
22
43
165
85
123
18
59
65
36
53
13
4
4
34
171
87
38
60
176
18
82
29
74
58
58
34
48
35
28
141
18
22
60
43
46
20
59
46
56
18
10
187
143
62
111
21
43
23
35
63
57
23
6
9
37
10
29
29
171
52
72
37
38
67
43
22
67
8
6
84
76
79
98
24
16
36
116
5
29
23
51
107
77
72
26
140
85
37
17
69
25
9
60
79
31
62
162
227
67
17
49
31
15
72
15
52
91
79
123
32
30
19
56
16
57
107
16
38
79
26
41
57
238
37
50
43
35
177
22
33
17
51
99
32
99
29
235
118
21
23
8
25
62
139
104
117
101
48
49
125
54
51
25
32
43
56
7
130
97
4
80
60
5
60
107
117
224
28
72
18
39
49
63
116
85
54
200
40
60
4
66
46
12
26
41
87
187
13
65
62
143
89
32
63
64
53
18
55
137
62
29
39
76
39
51
150
52
90
160
54
168
52
91
74
174
128
65
102
178
104
112
134
162
107
114
135
201
187
154
143
153
4
10
10
13
14
14
16
19
8
25
6
22
9
11
24
14
17
13
17
38
24
9
19
13
13
30
17
36
18
9
29
38
8
13
49
44
9
30
45
20
15
4
15
4
25
16
33
5
35
15
63
18
17
5
5
62
74
51
14
32
47
49
24
19
22
29
57
53
51
39
10
65
64
52
52
63
59
20
63
45
20
15
69
65
66
29
6
46
49
10
35
65
67
64
26
75
54
25
47
59
58
9
20
71
12
74
50
83
51
125
15
24
4
17
50
9
72
57
56
11
5
66
7
23
60
13
35
26
145
8
8
49
5
8
13
20
10
34
4
49
35
34
6
67
16
53
39
35
161
77
42
33
50
31
20
12
10
33
25
18
40
55
98
59
166
51
54
30
14
46
17
39
108
11
10
36
9
25
17
10
22
52
29
44
40
72
12
49
16
41
34
57
25
111
127
111
32
52
20
27
38
15
14
146
25
37
15
71
124
6
5
75
36
78
14
81
16
65
49
37
10
26
60
12
49
17
65
39
50
35
70
33
6
31
54
19
159
26
39
24
58
32
85
54
55
20
7
60
48
54
59
22
14
16
91
43
52
63
42
15
53
69
61
45
18
103
38
17
76
40
5
90
53
35
28
74
32
15
23
6
16
29
37
11
28
31
13
11
6
38
21
30
42
63
30
4
22
32
29
6
8
9
32
113
13
54
22
41
23
34
70
61
62
12
76
58
30
27
77
39
15
53
7
4
5
33
45
82
49
31
29
5
29
38
38
87
24
5
32
4
74
16
91
8
29
18
23
71
90
5
32
127
58
75
28
35
102
6
5
10
65
123
63
15
106
75
53
69
66
83
61
85
5
84
23
77
4
64
96
28
52
70
4
35
6
47
8
52
26
9
54
68
45
50
63
52
74
17
36
45
27
118
21
68
129
12
6
25
99
7
15
68
51
12
49
43
17
4
23
4
23
59
24
48
41
59
14
13
35
57
10
13
20
21
10
80
40
44
66
37
15
58
58
37
20
41
47
52
50
15
30
57
28
51
35
45
20
26
81
6
50
84
86
12
57
46
23
10
22
26
60
121
82
27
62
19
49
25
67
19
49
66
37
74
53
28
74
45
38
81
65
55
105
73
58
68
85
104
124
102
6
11
19
10
12
11
13
12
15
8
19
12
13
27
21
6
28
17
10
16
17
27
33
22
31
30
32
6
4
18
26
21
16
4
20
37
42
27
4
20
8
54
7
27
50
20
16
23
37
14
28
24
34
53
14
36
42
31
32
10
51
23
25
8
49
37
40
45
33
10
5
58
32
39
35
57
8
22
59
51
57
34
53
5
58
61
32
11
42
54
29
68
28
47
39
33
30
37
58
104
36
45
34
37
15
55
4
56
105
9
6
61
70
4
54
31
63
17
41
5
78
24
28
93
65
13
92
46
7
51
67
51
6
6
17
64
73
79
11
18
22
24
14
79
75
65
79
19
26
16
46
27
55
49
117
84
57
15
69
87
67
68
104
80
77
38
75
60
100
90
22
86
72
47
75
89
73
40
53
18
98
66
51
84
69
42
44
95
54
78
29
36
62
62
20
57
49
22
51
13
10
22
22
79
37
10
5
59
81
70
18
43
11
28
103
4
26
65
153
96
14
126
56
25
49
30
44
6
103
26
115
69
13
49
46
7
12
12
57
14
29
100
79
18
15
65
14
10
20
67
73
55
83
24
20
52
10
49
43
11
17
28
37
72
45
42
120
113
21
30
41
56
19
63
30
42
42
33
54
24
21
100
100
118
26
34
32
5
45
49
6
39
17
4
40
87
66
75
59
10
50
15
52
44
53
38
133
46
5
17
49
33
104
113
79
39
137
76
74
57
129
97
42
114
8
46
113
20
88
99
131
89
14
79
15
73
24
77
13
148
57
65
10
73
61
78
55
5
87
13
111
37
64
40
19
53
62
37
14
98
29
49
15
77
48
50
65
166
60
94
90
42
13
4
110
29
36
76
5
28
33
24
73
29
8
24
77
14
132
18
154
15
62
29
68
29
41
21
34
114
27
95
169
98
15
43
37
34
122
96
31
54
22
42
65
122
21
28
14
56
45
24
19
72
56
40
32
69
81
11
32
59
7
35
42
170
143
50
13
18
82
94
51
101
127
61
10
45
31
7
41
152
77
91
15
25
112
82
50
68
87
25
73
60
116
85
89
55
170
95
90
94
55
41
163
27
33
61
60
164
46
57
61
84
82
131
178
99
179
113
126
105
103
187
112
208
215
148
210
212
6
12
16
12
7
7
11
25
8
22
21
10
12
18
14
23
13
26
30
25
12
5
20
24
18
16
39
21
20
43
29
28
27
8
36
22
21
25
48
29
31
16
14
38
14
21
29
23
9
30
19
7
63
25
15
23
45
23
39
12
13
4
45
19
37
48
30
61
8
6
14
63
24
31
56
31
25
5
41
33
61
50
87
15
14
58
30
61
60
49
58
17
43
7
13
4
56
31
42
54
45
7
14
69
43
48
38
4
61
9
51
26
21
58
80
54
55
6
25
67
94
106
94
84
84
60
51
25
27
64
85
22
49
9
79
70
73
67
74
47
115
74
76
38
31
4
52
18
6
59
14
4
42
22
15
92
57
45
50
9
5
61
56
4
152
118
46
38
71
20
44
69
71
23
109
56
59
62
26
31
53
44
25
39
68
39
51
150
23
64
4
46
16
85
16
57
24
31
48
35
36
25
127
92
74
15
12
49
50
28
61
51
112
9
14
14
59
26
44
48
32
22
17
83
67
19
70
69
21
84
39
7
69
22
82
99
10
40
48
74
134
17
59
76
60
87
56
72
123
20
34
27
5
32
55
17
28
51
142
76
29
20
4
33
59
13
55
90
61
11
54
111
45
22
42
134
45
13
55
43
16
12
138
62
87
65
64
43
46
88
19
170
111
36
13
39
93
139
72
87
41
14
37
28
9
87
16
102
33
11
31
104
57
4
55
58
23
36
4
22
7
96
65
71
76
49
170
71
53
116
53
108
59
57
30
21
59
57
27
77
63
31
4
58
14
15
27
39
4
51
42
130
48
126
23
77
120
40
58
96
46
132
127
34
32
82
46
97
38
87
31
83
4
43
64
16
21
100
83
57
13
59
27
54
97
56
155
52
7
60
68
16
59
24
57
55
62
56
120
37
51
9
32
27
112
45
13
160
37
144
35
60
48
15
33
85
171
32
5
41
43
73
116
35
46
26
7
7
34
5
102
80
61
39
54
13
40
18
90
16
78
14
68
14
71
28
31
121
15
92
123
71
53
108
89
98
90
65
91
68
233
75
17
91
61
27
73
70
31
234
26
43
110
87
58
112
43
51
36
37
89
84
120
48
92
59
64
70
62
65
149
143
71
140
101
229
116
170
136
155
4
15
22
12
12
10
6
13
19
5
7
12
21
8
17
27
27
9
29
29
25
32
25
29
23
42
16
49
6
18
8
48
15
14
23
33
28
52
13
32
9
16
43
12
25
32
6
15
47
50
12
10
9
21
75
7
4
40
58
7
8
42
13
26
5
5
20
4
13
43
65
62
49
66
56
9
10
26
18
74
9
48
65
61
7
15
51
37
28
45
29
63
14
37
70
65
9
18
5
61
69
52
4
6
46
4
10
15
30
57
41
18
99
32
51
50
65
21
44
39
51
28
41
107
42
34
43
57
5
35
11
30
18
119
19
8
39
62
39
103
47
71
29
21
19
111
68
115
37
81
45
38
19
71
47
62
28
32
17
61
52
36
54
52
67
14
40
104
8
28
18
61
35
49
60
105
41
96
32
71
27
45
43
24
73
37
47
36
10
96
47
94
96
80
119
12
20
4
100
45
114
32
38
49
34
16
51
35
84
12
53
6
100
11
41
32
10
11
47
10
48
14
72
112
144
51
18
68
60
20
70
58
7
76
22
26
29
105
20
98
63
20
79
6
42
50
25
26
40
21
17
40
15
9
31
43
70
83
18
4
29
51
12
44
54
4
55
95
49
105
111
9
90
43
19
29
68
29
4
21
57
14
35
11
69
26
23
74
11
67
36
85
112
71
63
13
26
26
77
9
18
32
54
5
80
46
79
65
47
71
8
47
18
4
64
64
37
36
34
7
72
63
63
137
7
8
55
81
11
39
74
8
97
12
21
5
59
30
16
73
104
77
14
12
80
26
14
77
57
77
15
76
74
87
7
53
60
131
97
14
7
71
71
21
77
74
17
10
71
54
19
18
86
9
13
9
24
66
93
13
35
163
31
65
31
83
79
93
8
61
30
48
103
7
175
5
51
50
50
54
16
43
102
36
35
5
14
14
38
76
49
111
54
36
114
11
30
27
16
4
147
101
14
80
131
28
62
57
19
51
31
17
76
77
42
102
9
19
12
46
42
41
18
49
50
52
54
86
60
76
43
4
83
12
25
12
16
78
23
55
94
69
131
30
107
37
18
86
41
30
15
10
28
81
56
50
127
65
34
99
16
39
82
54
20
64
28
54
68
51
49
123
65
93
182
124
132
124
182
148
8
8
7
11
18
15
18
18
5
16
14
5
5
29
28
12
17
4
30
10
16
5
20
5
10
35
12
7
5
26
30
26
15
11
16
7
12
55
34
32
19
28
9
7
43
60
18
53
51
62
57
47
51
28
62
59
19
60
16
50
61
54
62
43
61
37
24
61
48
31
50
54
13
60
55
55
19
47
33
50
42
48
59
67
86
60
22
55
16
29
31
45
46
62
57
26
24
5
58
10
35
46
61
93
6
89
55
12
43
50
67
57
41
66
40
27
96
4
37
60
31
44
73
69
103
27
46
10
41
37
31
9
84
91
6
26
69
91
24
18
9
72
122
65
4
124
15
42
7
5
29
61
59
16
10
81
5
97
24
83
26
43
48
68
66
78
14
76
68
55
133
26
31
103
37
55
52
73
19
10
20
15
116
62
22
48
80
126
45
50
5
33
75
22
96
41
84
117
77
16
32
9
98
21
5
33
115
23
74
90
125
103
5
14
44
59
6
183
58
47
117
162
63
26
106
102
49
46
172
39
165
106
40
38
60
60
17
90
51
55
27
37
36
62
23
112
34
134
23
17
133
68
44
34
41
123
31
61
28
4
49
39
33
29
112
65
195
127
35
21
44
12
18
65
80
38
34
78
95
113
17
103
4
43
19
79
85
34
56
36
69
33
65
23
25
36
12
67
36
31
80
47
17
65
28
76
85
4
41
95
88
173
39
93
234
34
228
53
12
44
54
11
95
146
65
30
122
78
21
77
10
13
4
16
160
68
8
51
4
153
28
80
22
16
13
73
99
104
7
81
45
74
62
38
31
41
76
65
53
52
74
28
102
44
69
66
4
4
86
199
59
68
35
159
61
30
52
38
40
27
57
11
26
89
59
77
54
102
50
76
68
34
111
7
131
24
96
30
20
133
59
12
77
71
120
140
73
15
71
68
49
28
23
37
70
20
40
70
232
93
88
133
50
28
46
9
4
21
33
61
10
146
44
82
66
5
37
52
53
39
7
4
55
35
112
61
7
21
44
125
33
130
88
31
38
102
37
43
32
60
90
25
53
18
99
86
54
41
46
22
25
54
25
31
94
73
88
72
51
72
70
55
55
102
151
140
86
80
112
84
74
109
130
111
106
161
197
165
214
248
6
6
4
7
8
4
16
16
11
4
7
7
20
19
30
7
19
7
23
19
14
23
5
22
11
31
13
6
16
10
36
15
33
19
20
13
28
4
43
12
5
35
30
5
8
4
31
7
4
42
17
20
11
6
51
43
19
32
16
61
59
9
55
55
60
42
5
42
13
67
60
45
33
17
19
59
64
66
66
32
67
33
7
36
52
46
47
60
5
67
13
70
21
24
68
81
7
39
51
31
65
59
92
21
12
62
27
59
19
36
27
19
37
48
13
6
73
56
20
52
57
64
79
48
38
109
4
26
66
15
50
34
9
36
17
66
16
43
72
25
4
17
26
60
30
35
65
10
56
74
12
45
11
5
5
68
5
20
56
68
11
71
58
8
19
17
44
98
56
7
38
31
68
24
41
73
93
72
53
26
32
15
34
13
71
46
44
7
29
29
16
9
47
23
27
42
108
17
137
81
28
18
25
36
9
6
15
46
60
59
12
54
69
138
29
33
82
25
102
53
68
41
46
70
12
51
37
26
131
11
36
60
7
71
69
35
87
47
24
108
46
143
89
64
82
45
36
106
42
54
48
34
70
123
54
52
42
58
50
19
41
97
50
4
7
41
100
33
43
64
57
14
30
113
81
53
54
143
25
41
40
119
81
12
140
54
47
44
130
9
61
96
17
90
74
30
177
202
86
10
55
86
183
79
18
29
171
37
28
148
13
92
91
63
106
115
202
30
50
90
16
101
78
21
20
38
79
53
36
114
151
29
50
78
28
105
5
16
189
117
110
204
8
56
75
69
67
147
205
169
210
67
30
15
122
48
53
37
129
7
38
101
122
89
147
175
22
48
79
4
15
40
115
25
75
60
6
19
21
9
69
83
17
29
256
204
67
145
202
60
18
39
142
53
129
118
10
262
73
63
17
21
111
27
244
61
112
86
147
98
23
97
148
70
13
50
133
76
16
49
11
71
72
48
14
7
118
29
68
169
241
100
21
99
37
109
5
42
25
106
135
62
283
169
126
54
82
21
39
25
46
91
66
162
10
143
78
7
75
82
41
12
14
27
280
68
286
122
61
99
107
161
308
57
179
103
58
52
50
64
227
205
133
65
123
320
111
336
114
165
155
274
157
126
323
179
170
220
229
266
13
18
7
9
15
18
12
11
15
21
8
23
25
16
8
39
20
17
8
46
16
9
5
16
56
30
12
15
20
11
22
24
31
41
23
16
31
34
28
7
12
21
11
45
15
21
17
28
14
36
35
12
45
20
42
17
40
14
32
9
32
41
71
6
5
44
63
32
44
39
50
61
50
62
46
74
47
8
17
70
32
7
47
30
64
51
93
31
65
29
62
15
4
34
56
25
39
46
64
61
36
32
26
61
62
30
28
50
9
42
69
58
28
79
23
39
42
67
25
68
7
61
62
14
106
63
10
26
118
138
67
22
28
32
75
75
89
80
59
92
29
48
47
42
25
53
6
84
116
46
66
88
71
145
9
37
52
42
67
16
114
13
14
95
65
127
93
84
43
138
40
35
113
98
120
73
90
24
35
31
82
23
37
58
55
149
43
147
61
12
42
56
5
34
67
70
49
34
7
135
5
184
134
59
61
173
36
28
40
77
36
42
14
31
11
165
21
110
80
9
5
10
76
73
25
177
146
176
112
64
65
80
80
143
109
39
29
12
79
84
190
18
28
121
82
84
6
47
60
80
58
179
58
123
76
80
196
8
41
68
36
36
70
42
21
74
47
122
10
68
60
67
120
83
63
21
107
76
53
62
47
64
22
43
45
190
222
20
121
44
7
70
41
64
104
108
49
46
66
152
17
21
35
43
95
103
86
24
116
39
7
13
20
20
129
15
9
34
31
36
39
5
25
49
25
37
76
17
242
104
149
34
6
33
6
66
36
82
173
185
158
51
74
84
119
98
28
150
90
56
144
43
30
9
42
26
80
30
14
43
46
16
66
4
12
61
43
34
69
81
63
4
48
15
12
5
246
70
16
49
27
55
24
40
17
143
45
60
6
45
89
11
120
187
9
67
5
83
15
42
38
43
93
5
87
187
70
74
4
44
4
103
45
8
48
76
52
25
49
67
62
87
62
87
54
58
84
23
20
44
65
73
46
23
43
48
32
99
50
8
46
35
62
41
63
48
84
5
60
37
155
12
47
5
35
58
8
21
82
26
5
25
31
82
61
9
11
51
70
151
10
69
54
7
48
143
8
54
78
23
75
58
36
49
7
26
84
44
27
16
23
45
47
69
196
135
46
47
141
123
4
6
7
9
9
15
16
22
11
18
23
19
25
18
26
21
16
19
22
4
6
21
21
34
20
16
27
13
17
10
9
31
45
21
17
48
15
20
23
10
34
20
12
18
4
13
6
29
4
33
6
26
31
18
6
23
9
31
25
22
4
47
7
14
24
42
8
20
4
38
32
26
27
30
20
36
28
21
4
15
48
4
33
14
6
20
7
56
59
39
64
19
45
22
14
7
101
38
72
69
32
4
71
109
70
9
71
9
54
10
62
51
32
100
19
65
57
37
16
87
39
13
140
55
91
36
46
32
17
35
19
54
11
83
52
36
32
17
56
74
28
163
83
25
47
25
39
30
27
72
79
51
29
33
70
62
68
7
8
14
69
36
57
120
48
69
115
65
57
8
5
65
157
6
15
91
31
102
30
85
42
32
131
43
57
26
41
71
4
67
88
47
56
18
59
48
55
16
113
56
48
151
5
4
60
40
32
92
48
37
35
17
88
38
96
33
26
12
177
34
4
6
24
34
30
55
35
4
116
35
85
106
53
5
99
30
7
5
4
9
4
28
94
47
81
32
28
155
119
33
75
21
224
5
66
64
61
73
12
91
64
59
27
45
14
89
36
60
16
4
45
58
6
13
86
47
122
40
21
46
56
11
42
11
45
118
223
25
15
86
94
21
30
19
37
17
18
7
65
230
4
42
126
6
87
57
103
128
100
99
51
104
45
46
10
25
48
42
38
60
54
44
75
33
65
126
54
153
147
59
73
28
63
132
66
53
42
41
43
16
29
17
10
222
5
38
30
44
13
71
40
57
37
6
68
22
9
36
6
31
37
50
44
36
58
53
164
5
19
62
7
25
42
33
43
5
45
11
37
53
46
100
32
38
13
41
43
13
104
44
44
13
32
29
19
8
6
9
23
62
29
37
44
22
26
49
15
43
48
31
37
10
14
20
29
48
123
34
25
31
11
20
59
50
19
39
4
51
19
35
28
8
41
55
34
13
36
134
27
37
20
18
54
66
58
14
88
44
44
68
32
10
25
19
6
31
17
42
55
14
45
50
31
6
62
4
25
6
41
60
39
69
58
72
8
47
70
81
33
74
52
152
44
15
59
10
17
36
37
58
74
41
44
68
50
37
47
52
80
75
6
10
6
5
15
17
6
14
16
12
26
11
24
14
18
14
20
25
32
13
35
29
11
12
36
11
30
24
12
13
43
38
5
39
28
14
7
52
34
18
23
41
7
28
40
18
38
45
6
38
34
58
61
61
28
56
5
19
70
56
57
17
6
23
87
49
63
14
57
16
50
13
13
39
45
35
31
5
70
7
37
34
16
54
10
43
21
27
11
77
106
33
39
36
20
67
47
27
56
27
59
46
43
54
62
9
69
34
21
11
41
41
19
61
97
52
20
33
52
18
151
9
27
51
57
71
19
79
64
40
116
60
4
95
29
86
40
53
109
17
51
68
15
68
8
32
91
7
82
14
69
144
40
114
74
72
104
47
17
47
78
194
12
4
112
42
72
18
126
39
30
123
102
25
148
104
42
51
52
11
101
14
6
228
89
10
6
144
28
25
34
19
78
64
79
73
38
26
163
9
14
13
39
149
27
74
13
40
32
10
37
92
55
55
60
27
69
80
53
75
14
4
68
155
34
55
37
22
11
115
76
63
35
43
33
72
60
50
12
28
82
24
63
84
20
20
54
7
35
12
42
20
73
129
24
59
25
37
26
11
9
41
113
27
49
96
117
18
10
24
10
10
21
79
7
14
75
8
10
16
68
37
42
40
14
31
4
114
149
47
188
73
51
14
71
45
102
29
27
94
25
86
41
55
83
5
69
43
73
21
45
53
55
50
71
58
124
43
11
52
91
45
133
48
29
5
28
112
152
125
12
4
87
78
28
56
110
50
30
100
17
107
40
101
57
116
109
19
21
104
86
10
62
27
24
29
104
191
55
71
43
17
12
5
68
79
36
12
14
151
58
69
225
120
27
35
164
44
209
89
217
53
65
174
44
81
18
68
27
42
38
103
225
57
67
24
14
10
10
27
19
140
52
169
8
15
31
5
78
14
78
6
4
63
48
103
239
57
28
45
11
11
19
86
46
76
14
82
177
52
45
15
27
160
44
15
176
74
9
100
50
46
37
11
89
36
64
40
12
23
10
87
16
15
63
30
146
72
33
22
28
12
122
45
141
41
6
19
90
14
18
136
46
26
110
22
125
39
31
57
19
28
69
129
38
79
47
53
44
172
173
63
170
69
116
182
183
119
204
175
7
5
6
18
10
5
20
14
11
15
25
11
35
11
25
17
30
4
20
19
27
6
28
23
40
26
24
24
8
17
23
34
31
25
46
21
33
35
26
31
6
42
30
40
13
22
11
4
66
9
20
42
8
12
54
22
79
47
5
4
58
6
5
32
34
4
49
26
9
74
7
49
6
31
47
53
6
16
24
14
31
5
45
5
36
42
8
25
5
20
6
53
6
72
76
15
56
66
76
58
23
25
67
62
44
63
63
73
29
50
47
58
13
58
10
27
46
67
33
89
81
102
32
56
21
35
49
63
25
21
72
73
19
51
30
12
44
49
45
70
4
18
29
6
71
60
5
48
62
49
12
39
4
61
35
66
8
22
5
60
159
57
6
76
124
64
19
25
50
59
52
57
41
4
111
91
32
51
13
21
99
29
72
15
73
23
49
79
68
22
8
21
8
65
80
55
53
9
9
17
25
72
4
65
84
28
47
81
90
33
33
13
57
22
25
46
112
51
63
89
54
79
60
32
58
78
60
81
32
33
69
54
8
25
28
43
18
69
47
8
36
11
62
58
28
57
23
118
59
96
13
66
5
69
26
14
120
162
57
106
64
17
61
118
34
19
110
66
19
20
61
70
10
94
34
33
96
56
33
38
16
78
53
55
62
137
4
51
54
17
39
41
47
26
95
17
11
17
19
39
63
95
27
17
6
15
20
158
27
5
36
24
13
7
127
21
25
81
10
30
4
44
35
7
122
33
62
4
53
13
46
14
34
104
46
49
27
55
57
16
30
52
133
133
44
77
61
49
5
224
9
72
26
73
11
59
161
19
24
35
84
29
48
66
33
39
90
23
18
55
19
67
57
59
33
90
95
174
51
58
37
71
15
112
65
56
43
29
49
62
10
94
64
18
92
68
24
74
19
137
134
46
13
76
31
48
143
88
69
115
52
67
7
4
23
11
17
7
38
77
5
127
76
36
25
53
41
19
8
4
46
39
70
22
28
50
23
39
33
27
149
45
91
32
32
33
12
39
4
51
62
46
42
11
56
75
86
19
21
76
59
5
89
6
49
21
27
102
7
8
88
65
16
115
16
43
67
57
19
32
90
60
57
106
54
57
96
40
74
58
66
58
117
60
127
99
137
110
142
165
