5 0
10 59.94
15 9.16
20 6.58
25 4.36
30 3.16
35 2.08
40 1.84
45 1.35
50 1.13
55 0.79
60 0.67
65 0.61
70 0.66
75 0.64
80 0.51
85 0.39
90 0.3
95 0.25
100 0.26
105 0.24
110 0.19
115 0.22
120 0.21
125 0.17
130 0.16
135 0.13
140 0.09
145 0.18
150 0.13
155 0.1
160 0.09
165 0.05
170 0.05
175 0.09
180 0.1
185 0.07
190 0.04
195 0.04
200 0.07
205 0.06
210 0.04
215 0.1
220 0.05
225 0.05
230 0.06
235 0.06
240 0.08
245 0.06
250 0.08
255 0.09
260 0.05
265 0.04
270 0.05
275 0.05
280 0.04
285 0.03
290 0.02
295 0.05
300 0.03
305 0.03
310 0.03
315 0.06
320 0.03
325 0
330 0.01
335 0.01
340 0.02
345 0.08
350 0.06
355 0.03
360 0.03
365 0
370 0.02
375 0.01
380 0.01
385 0.06
390 0.07
395 0.01
400 0.01
405 0.04
410 0.05
415 0.01
420 0
425 0.01
430 0.02
435 0.01
440 0.02
445 0.03
450 0.02
455 0
460 0.01
465 0.03
470 0.02
475 0.05
480 0
485 0
490 0.01
495 0.02
4697 0.88
5 0
10 58.52
15 8.73
20 6.25
25 4.46
30 3.18
35 2.08
40 1.76
45 1.44
50 1.06
55 0.99
60 0.65
65 0.76
70 0.7
75 0.54
80 0.5
85 0.37
90 0.33
95 0.39
100 0.21
105 0.22
110 0.24
115 0.18
120 0.26
125 0.26
130 0.24
135 0.22
140 0.08
145 0.2
150 0.16
155 0.16
160 0.2
165 0.07
170 0.12
175 0.08
180 0.07
185 0.03
190 0.05
195 0.1
200 0.13
205 0.07
210 0.09
215 0.12
220 0.09
225 0.05
230 0.03
235 0.04
240 0.08
245 0.06
250 0.06
255 0.07
260 0.07
265 0.04
270 0.08
275 0.09
280 0.04
285 0.03
290 0.05
295 0.07
300 0.04
305 0.02
310 0.02
315 0.03
320 0.02
325 0.01
330 0.05
335 0
340 0.02
345 0.02
350 0.03
355 0.04
360 0.02
365 0.02
370 0.03
375 0.05
380 0.02
385 0.04
390 0.05
395 0.04
400 0
405 0.04
410 0.05
415 0.01
420 0.05
425 0.03
430 0.02
435 0.01
440 0
445 0
450 0.04
455 0
460 0.01
465 0
470 0.01
475 0.01
480 0.04
485 0.01
490 0.01
495 0.02
26849 1.85
5 0
10 59.52
15 8.49
20 6.24
25 4.31
30 3.25
35 2.19
40 1.84
45 1.65
50 1.05
55 0.99
60 0.51
65 0.64
70 0.66
75 0.47
80 0.46
85 0.47
90 0.25
95 0.3
100 0.27
105 0.25
110 0.36
115 0.2
120 0.25
125 0.23
130 0.16
135 0.19
140 0.17
145 0.12
150 0.19
155 0.06
160 0.17
165 0.09
170 0.09
175 0.08
180 0.1
185 0.15
190 0.08
195 0.08
200 0.1
205 0.08
210 0.11
215 0.08
220 0.04
225 0.06
230 0.12
235 0.1
240 0.05
245 0.09
250 0.05
255 0.06
260 0.08
265 0.07
270 0.02
275 0.07
280 0.02
285 0.03
290 0.04
295 0.03
300 0.08
305 0.06
310 0
315 0.03
320 0.03
325 0.03
330 0.04
335 0.08
340 0.04
345 0.03
350 0.03
355 0.03
360 0.04
365 0.03
370 0.01
375 0.02
380 0.02
385 0.03
390 0.02
395 0.02
400 0.02
405 0.03
410 0.01
415 0
420 0.04
425 0.02
430 0
435 0.01
440 0.02
445 0.03
450 0
455 0.03
460 0.04
465 0.04
470 0.02
475 0.04
480 0.03
485 0
490 0
495 0.01
4967 1.06
5 0
10 58.72
15 9.21
20 6.05
25 4.86
30 3.24
35 2.38
40 1.72
45 1.68
50 1.07
55 0.99
60 0.76
65 0.67
70 0.62
75 0.52
80 0.47
85 0.43
90 0.27
95 0.43
100 0.34
105 0.21
110 0.24
115 0.23
120 0.2
125 0.27
130 0.3
135 0.24
140 0.18
145 0.18
150 0.16
155 0.12
160 0.1
165 0.1
170 0.11
175 0.11
180 0.05
185 0.1
190 0.07
195 0.04
200 0.08
205 0.13
210 0.04
215 0.15
220 0.03
225 0.06
230 0.03
235 0.05
240 0.03
245 0.07
250 0.04
255 0.03
260 0.09
265 0.04
270 0
275 0.07
280 0.03
285 0.05
290 0.02
295 0.05
300 0.04
305 0.02
310 0.04
315 0.02
320 0.03
325 0.01
330 0.02
335 0.01
340 0
345 0.03
350 0.02
355 0.01
360 0.03
365 0.06
370 0.03
375 0.01
380 0.01
385 0.02
390 0.05
395 0.01
400 0.04
405 0.04
410 0.01
415 0.01
420 0.01
425 0
430 0.03
435 0.01
440 0.01
445 0
450 0.01
455 0.03
460 0.01
465 0
470 0.03
475 0
480 0
485 0
490 0.03
495 0.01
1744 0.72
5 0
10 56.45
15 8.92
20 6.66
25 4.51
30 3.38
35 2.17
40 1.59
45 1.68
50 1.49
55 0.9
60 0.76
65 0.7
70 0.58
75 0.62
80 0.5
85 0.39
90 0.42
95 0.26
100 0.38
105 0.27
110 0.32
115 0.35
120 0.15
125 0.12
130 0.26
135 0.22
140 0.13
145 0.11
150 0.16
155 0.11
160 0.18
165 0.12
170 0.09
175 0.11
180 0.1
185 0.14
190 0.1
195 0.1
200 0.05
205 0.2
210 0.03
215 0.19
220 0.11
225 0.12
230 0.07
235 0.08
240 0.08
245 0.03
250 0.04
255 0.05
260 0.09
265 0.13
270 0.06
275 0.01
280 0.05
285 0.06
290 0.02
295 0.06
300 0.09
305 0.06
310 0.01
315 0.02
320 0.03
325 0.01
330 0.05
335 0.03
340 0.02
345 0.04
350 0.05
355 0.02
360 0.04
365 0.03
370 0.05
375 0.06
380 0.05
385 0.05
390 0.01
395 0.02
400 0.07
405 0.06
410 0.01
415 0.01
420 0.06
425 0.05
430 0.05
435 0
440 0.04
445 0.05
450 0.03
455 0.02
460 0.03
465 0.02
470 0.04
475 0.02
480 0
485 0.02
490 0
495 0.01
6385 1.64
5 0
10 57.52
15 8.92
20 6.11
25 4.35
30 3.37
35 2.3
40 1.78
45 1.62
50 1.13
55 1.01
60 0.4
65 0.71
70 0.67
75 0.78
80 0.54
85 0.45
90 0.44
95 0.32
100 0.25
105 0.25
110 0.24
115 0.33
120 0.26
125 0.19
130 0.27
135 0.27
140 0.22
145 0.15
150 0.12
155 0.1
160 0.17
165 0.11
170 0.08
175 0.09
180 0.16
185 0.07
190 0.04
195 0.1
200 0.06
205 0.07
210 0.06
215 0.08
220 0.05
225 0.11
230 0.1
235 0.1
240 0.08
245 0.07
250 0.02
255 0.06
260 0.05
265 0.08
270 0.09
275 0.07
280 0.01
285 0.06
290 0.02
295 0.03
300 0.04
305 0.06
310 0.04
315 0.01
320 0.04
325 0.03
330 0.01
335 0.05
340 0.05
345 0.02
350 0.01
355 0.01
360 0.01
365 0.02
370 0.04
375 0.02
380 0.04
385 0.04
390 0.06
395 0.01
400 0.01
405 0.06
410 0.03
415 0
420 0.04
425 0.01
430 0.02
435 0.02
440 0.05
445 0.05
450 0
455 0.04
460 0.02
465 0
470 0
475 0.03
480 0.03
485 0.03
490 0
495 0.03
8601 1.76
5 0
10 57.83
15 9.47
20 6.34
25 4.42
30 3.38
35 2.21
40 1.94
45 1.42
50 1.16
55 0.99
60 0.72
65 0.63
70 0.55
75 0.63
80 0.49
85 0.46
90 0.38
95 0.2
100 0.32
105 0.33
110 0.25
115 0.27
120 0.21
125 0.19
130 0.22
135 0.21
140 0.2
5 0
145 0.17
10 57.21
150 0.16
15 9.03
155 0.09
20 6.55
160 0.11
25 4.23
165 0.07
30 3.1
170 0.06
35 2.3
175 0.13
40 2
180 0.07
45 1.32
185 0.11
50 1.09
190 0.1
55 0.85
195 0.04
60 0.8
200 0.07
65 0.71
205 0.1
70 0.59
210 0.11
75 0.6
215 0.1
80 0.49
220 0.04
85 0.47
225 0.09
90 0.35
230 0.06
95 0.57
235 0.09
100 0.32
240 0.04
105 0.27
245 0.11
110 0.33
250 0.1
115 0.24
120 0.23
125 0.28
130 0.22
135 0.27
140 0.22
145 0.17
150 0.17
155 0.19
160 0.1
165 0.13
170 0.1
175 0.04
180 0.08
185 0.07
190 0.08
195 0.11
200 0.08
205 0.14
210 0.1
215 0.08
220 0.09
225 0.07
230 0.09
235 0.1
240 0.09
245 0.07
250 0.06
255 0.04
260 0.05
265 0.03
270 0.04
275 0.06
280 0.03
285 0.05
290 0.04
295 0.05
300 0.07
305 0.04
310 0.04
315 0.03
320 0.04
325 0.03
330 0.06
335 0.03
340 0.02
345 0.02
350 0.05
255 0.05
355 0.02
360 0.02
365 0.02
260 0.03
370 0.01
265 0.04
375 0.01
270 0.03
380 0.03
275 0.05
385 0.03
280 0.04
390 0.03
285 0.03
395 0.05
290 0.03
400 0.03
295 0.02
405 0.03
300 0.03
410 0.03
305 0.03
415 0.01
310 0.04
420 0.02
315 0.03
425 0.01
320 0.02
430 0.01
325 0.02
435 0.06
330 0.04
440 0.05
335 0.03
445 0.01
340 0.05
450 0.03
345 0.04
455 0
350 0.02
460 0.02
355 0.03
465 0.04
360 0.04
470 0.02
365 0.04
475 0.01
370 0.04
480 0.05
375 0.03
485 0
380 0.02
490 0.01
385 0
495 0.01
390 0.01
4692 1.66
395 0.03
400 0.02
405 0.03
410 0.04
415 0.02
420 0.04
425 0.02
430 0.04
435 0.01
440 0.02
445 0.01
450 0.03
455 0.02
460 0
465 0.02
470 0.01
475 0.02
480 0.04
485 0.05
490 0.01
495 0.02
14767 1.18
5 0
10 60.93
15 8.86
20 6.32
25 4.23
30 3.01
35 2.05
40 1.52
45 1.35
50 1.16
55 0.99
60 0.67
65 0.67
70 0.55
75 0.58
80 0.56
85 0.45
90 0.3
95 0.31
100 0.19
105 0.27
110 0.3
115 0.19
120 0.23
125 0.21
130 0.16
135 0.22
140 0.17
145 0.15
150 0.11
155 0.17
160 0.08
165 0.07
170 0.11
175 0.03
180 0.1
185 0.06
190 0.09
195 0.11
200 0.14
205 0.05
210 0.07
215 0.07
220 0.06
225 0.05
230 0.11
235 0.04
240 0.03
245 0.06
250 0.1
255 0.07
260 0.06
265 0.02
270 0.03
275 0.03
280 0.02
285 0.01
290 0.01
295 0
300 0.02
305 0.02
310 0.02
315 0.01
320 0.04
325 0.03
330 0
335 0.03
340 0.03
345 0.05
350 0.04
355 0.01
360 0.03
365 0.03
370 0.03
375 0.01
380 0.02
385 0
390 0.03
395 0.01
400 0.02
405 0.02
410 0.04
415 0.01
420 0.01
425 0.01
430 0.04
435 0.01
440 0.03
445 0.01
450 0
455 0.02
460 0.01
465 0.01
470 0.01
475 0
480 0.01
485 0.02
490 0.01
495 0
3325 0.69
5 0
10 58.24
15 9.1
20 5.95
25 4.86
30 3.18
35 2.41
40 1.58
45 1.44
50 1.25
55 0.84
60 0.8
65 0.69
70 0.65
75 0.39
80 0.47
85 0.53
90 0.51
95 0.33
100 0.34
105 0.18
110 0.16
115 0.14
120 0.2
125 0.2
130 0.18
135 0.17
140 0.27
145 0.15
150 0.25
155 0.1
160 0.11
165 0.11
170 0.13
175 0.09
180 0.11
185 0.07
190 0.09
195 0.09
200 0.1
205 0.05
210 0.08
215 0.06
220 0.07
225 0.05
230 0.08
235 0.07
240 0.08
245 0.07
250 0.09
255 0.11
260 0.05
265 0.03
270 0.05
275 0.08
280 0.05
285 0.05
290 0.01
295 0.02
300 0.05
305 0.03
310 0.06
315 0.02
320 0.02
325 0.01
330 0.02
335 0.01
340 0.02
345 0.04
350 0.04
355 0.03
360 0.04
365 0.01
370 0
375 0.03
380 0.03
385 0.03
390 0.02
395 0.06
400 0.03
405 0
410 0.03
415 0.04
420 0
425 0.02
430 0.05
435 0.03
440 0.02
445 0.01
450 0.01
455 0.04
460 0.01
465 0.01
470 0.03
475 0.01
480 0.01
485 0.02
490 0.02
495 0.02
4933 1.41
