9
9
13
15
5
15
20
10
28
5
14
18
15
17
10
23
18
57
15
15
9
22
5
13
13
24
27
13
23
55
27
43
16
5
9
20
20
91
25
40
6
8
20
8
6
14
17
127
16
15
140
9
27
50
38
135
19
24
49
6
29
31
141
36
75
31
23
13
26
97
5
62
6
56
57
64
103
194
47
99
22
199
200
15
158
183
172
165
142
219
20
117
13
136
151
72
125
8
143
236
5
100
46
5
106
17
270
36
53
84
5
27
20
90
5
32
36
30
76
276
22
28
44
166
27
119
196
136
67
5
309
308
39
303
152
298
128
278
67
41
336
310
136
211
340
21
142
172
11
89
161
318
11
80
308
35
383
31
344
225
254
29
201
30
120
166
123
158
264
28
33
127
119
18
142
118
376
237
219
405
363
191
400
389
355
11
351
7
366
335
364
133
188
347
342
34
5
392
30
383
61
457
355
303
392
359
440
351
369
314
13
352
209
299
450
505
303
354
329
487
354
284
146
336
492
279
463
459
180
321
62
297
353
460
257
48
270
558
259
266
451
510
475
513
176
234
143
391
522
521
374
238
590
218
428
335
509
316
381
364
241
486
477
224
324
462
372
247
451
224
206
646
131
159
448
578
569
217
493
253
456
667
402
263
542
351
358
436
569
440
166
328
492
277
521
518
221
501
505
454
351
525
352
506
453
237
232
503
202
463
499
619
515
616
480
535
456
416
430
600
524
400
405
487
736
354
373
452
558
402
556
376
352
762
341
551
770
515
405
341
483
344
434
802
811
810
707
767
599
582
685
371
747
464
744
647
366
782
630
440
348
754
757
597
864
601
849
801
771
410
588
699
722
732
616
412
585
589
664
692
662
765
755
619
499
695
573
680
581
641
573
444
640
417
561
685
665
564
726
693
658
959
549
631
544
493
959
665
559
903
693
484
825
670
554
817
840
980
836
552
664
666
675
668
962
604
720
512
509
562
587
657
590
840
968
839
940
725
635
947
711
598
1002
655
979
532
526
813
908
960
788
544
601
685
838
840
932
817
666
719
596
617
655
840
620
818
730
1037
726
608
1089
694
772
1084
1039
1009
641
752
625
658
941
747
894
648
614
1061
639
1046
1057
995
993
652
789
636
839
791
914
767
841
809
898
819
1146
765
764
769
811
768
824
803
920
724
920
792
890
810
823
796
889
750
786
703
1169
898
855
789
829
756
779
763
757
820
793
793
806
754
828
1272
1158
1122
1249
994
800
1098
965
1235
1129
1295
1102
910
1099
1156
1276
1122
1214
921
1103
1119
911
1138
1195
1093
1045
1131
1325
1049
1139
1130
1131
1269
1252
1129
1241
1085
1213
1210
966
1143
1086
1159
1088
1229
957
1230
1148
1130
1099
1129
1140
1023
1176
979
1124
949
1151
933
1242
1034
905
1122
1114
1106
1022
1204
1069
918
1161
974
1074
1030
1032
1016
1403
1223
1175
1224
1078
1004
1070
1159
962
1140
1099
982
1206
981
1358
1203
1362
1064
976
1120
1095
1034
1370
1065
1109
1021
1195
1070
1184
1287
1241
1191
1096
1176
1088
1519
1244
1514
1303
1127
1235
1084
1554
1255
1531
1498
1243
1490
1184
1225
1186
1143
1498
1135
1093
1193
1090
1125
1557
1183
1508
1238
1214
1250
1171
1568
1224
1223
1587
1512
1195
1250
1563
1563
1191
1564
1625
1623
1158
1645
1617
1246
1190
1272
1614
1571
1273
1181
1379
1184
1168
1605
1284
1594
1185
1374
1631
1175
1174
1178
1631
1244
1668
1300
1671
1597
1201
1604
1613
1525
1667
1269
1288
1638
1271
1650
1669
1622
1622
1732
1624
1720
1221
1523
1629
1518
1605
1759
1688
1582
1735
1653
1663
1654
1516
1600
1772
1632
1647
1775
1591
1541
1651
1756
1645
1638
1591
1501
1576
1762
1637
1462
1578
1633
1547
1488
1804
1808
1593
1745
1658
1545
1653
1398
1829
1783
1765
1654
1568
1461
1642
1634
1432
1576
1444
1774
1678
1367
1663
1525
1811
1525
1791
1779
1748
1652
1419
1657
1372
1754
1607
1650
1826
1817
1729
1396
1819
1820
1533
1455
1645
1500
1442
1476
1822
1788
1919
1781
1651
1820
1580
1914
1452
1894
1433
1787
1882
1629
1535
1816
1582
1539
1803
1486
1802
1733
1795
1455
1775
1562
1767
1743
1740
1842
1618
1717
1604
1734
1703
1581
1599
1558
1702
1651
1787
1522
1746
1752
1525
1521
1521
1613
1668
1720
1723
1697
1690
1672
1668
1621
1676
1598
1679
1558
1632
1615
1775
1608
1767
1716
1612
1713
1715
1606
1695
1635
1599
1895
1609
1897
1902
1792
1869
1859
1799
1790
1799
1834
1786
1776
1796
1761
1842
1841
1719
1784
1695
1713
1686
1837
1721
1816
1804
1724
1730
1729
1709
1712
2179
2113
2113
2073
2062
2275
2055
2015
2004
2271
2001
2099
1996
2281
1981
1953
2110
1902
2243
2239
1810
2161
2117
2161
2165
2147
2100
2044
2354
2038
2157
2348
2313
2316
2054
2318
2157
2098
2006
2321
2078
2299
1976
1951
2082
2073
2160
2165
2158
2064
2163
2148
2079
2082
2068
2005
2007
2001
1981
1972
2010
2006
1993
1975
2271
2254
2152
2111
2689
2693
2681
2610
2563
2432
2352
2275
2255
2549
2488
2492
7
5
12
5
5
20
9
14
14
18
11
17
5
10
20
5
26
6
12
20
6
9
25
63
5
31
75
5
22
29
78
6
25
29
92
76
95
5
84
19
5
64
8
25
60
59
11
5
5
58
19
65
126
15
14
25
9
13
58
92
5
31
129
22
22
26
141
12
25
6
141
176
27
23
174
14
121
149
75
187
174
11
120
125
27
40
154
5
123
234
6
114
83
13
70
34
202
17
14
34
91
34
182
46
261
5
16
257
10
264
178
15
5
138
146
9
129
66
130
85
302
6
136
149
257
37
292
147
13
268
32
26
104
215
25
18
333
341
243
25
18
333
15
42
151
327
297
277
136
41
132
278
14
136
18
286
364
305
289
40
293
222
329
31
332
45
74
301
5
5
272
126
29
344
15
305
5
282
151
309
350
341
300
340
274
263
269
121
337
295
240
295
358
111
173
6
230
270
124
275
251
221
211
266
134
213
424
124
369
111
180
342
321
89
312
379
321
281
189
329
239
186
256
235
94
216
174
227
162
334
171
225
539
76
535
169
142
211
201
193
288
276
87
275
162
147
148
277
281
134
442
247
282
248
465
144
537
139
526
114
519
136
518
137
473
430
420
656
403
549
525
199
368
231
323
669
356
620
484
654
170
603
631
448
193
666
279
663
548
423
545
541
596
337
563
460
567
340
501
340
494
689
311
394
231
558
505
289
360
428
695
546
360
249
692
310
435
413
462
402
706
685
410
512
385
710
446
317
649
310
631
350
387
656
380
619
455
805
322
672
741
616
825
563
440
378
551
386
323
822
325
689
545
378
764
773
355
675
742
498
770
460
438
507
841
494
656
435
372
751
437
746
806
548
480
654
505
671
445
711
617
405
657
512
854
685
879
607
749
604
719
715
643
836
554
498
533
933
728
924
679
727
844
518
509
734
729
912
714
941
646
687
642
843
501
986
957
859
643
918
621
946
623
909
745
911
726
562
968
904
878
535
533
735
834
719
699
523
566
707
534
775
618
974
640
608
967
1060
759
1042
942
646
620
1073
913
920
1054
649
747
768
727
861
706
747
751
1048
867
723
700
938
843
704
845
963
679
768
647
656
1053
878
957
1064
953
849
755
746
1061
656
1147
973
1069
663
822
657
750
959
727
664
722
856
691
940
1075
995
1062
1179
807
1092
870
843
786
1003
1079
1005
791
702
840
1148
800
1092
986
775
714
874
721
1056
989
892
814
982
966
1150
932
1045
1035
1003
773
1021
905
1110
903
811
977
1029
762
912
908
947
1018
949
969
1172
864
938
812
926
788
1133
912
849
951
822
1180
991
878
1147
1071
1145
928
962
1052
946
1204
957
927
1059
861
982
896
917
1172
1091
864
874
959
873
906
958
858
1088
962
963
883
1174
966
921
1089
1075
928
900
1185
983
928
921
899
982
1007
1001
1149
909
953
958
908
1010
931
913
953
1418
963
958
1371
1031
1357
1100
1357
967
963
1349
955
972
1099
1440
974
977
1108
1440
1473
964
1360
1091
1345
982
1446
1471
1394
1491
1394
1088
1077
1465
1481
1405
1492
1390
1054
1032
1451
1521
1342
1478
1368
1428
1372
1430
1464
1311
1464
1492
1563
1470
1315
1418
1311
1438
1541
1259
1471
1502
1459
1235
1405
1255
1252
1408
1496
1453
1241
1213
1549
1488
1489
1353
1454
1193
1384
1410
1382
1211
1241
1335
1513
1351
1316
1495
1205
1617
1492
1304
1226
1482
1588
1366
1586
1217
1213
1179
1194
1462
1633
1405
1219
1540
1188
1525
1483
1216
1201
1177
1388
1400
1203
1271
1359
1452
1229
1543
1190
1540
1341
1663
1406
1334
1391
1451
1631
1235
1565
1537
1462
1689
1514
1414
1332
1392
1692
1419
1615
1522
1592
1489
1428
1328
1612
1761
1295
1760
1291
1606
1405
1556
1484
1650
1459
1322
1540
1646
1750
1528
1314
1470
1586
1371
1711
1625
1346
1566
1525
1443
1561
1609
1634
1565
1719
1540
1467
1580
1568
1464
1665
1630
1630
1524
1454
1409
1492
1624
1369
1625
1598
1589
1588
1602
1381
1461
1597
1503
1591
1422
1487
1476
1548
1556
1402
1427
1400
1545
1403
1549
1620
1543
1544
1519
1598
1627
1616
1532
1610
1526
1647
1531
1603
1450
1529
1518
1628
1513
1632
1495
1513
1508
1463
1667
1465
1645
1619
1673
1494
1673
1635
1675
2003
1668
1986
1650
1611
1926
1967
1606
1957
1680
1913
1596
1970
1895
1875
2032
1813
1926
1927
1814
1907
1985
2035
1713
2021
1900
2052
1871
1629
1850
1598
1760
2053
1715
1836
2039
1584
1710
1700
2033
2046
1650
1804
1716
2032
1793
2033
2042
1652
2011
1651
2012
1776
1943
2049
1993
1670
1787
2057
1730
1924
2004
2033
1991
1677
1866
1825
1685
2043
1828
1968
1688
1918
2043
1904
1832
1764
2028
1859
1851
1764
1802
2042
1997
1768
2001
1811
2003
1813
1815
2004
1987
1971
1943
1941
1879
1882
1884
1886
1879
1813
2480
2434
2343
2333
2337
2264
2254
2258
2259
2245
2228
2183
2146
2088
2076
2538
2524
2495
2498
2501
2390
2367
2362
2362
2350
2337
2265
2227
2199
2169
2696
2697
2685
2686
2684
2683
2561
2556
2495
7
6
12
18
28
6
16
33
25
19
6
35
11
5
10
5
16
9
8
23
19
31
29
5
55
20
58
59
22
8
75
67
54
15
5
10
12
27
5
117
5
9
16
52
15
132
98
74
21
10
5
125
5
16
150
117
98
77
14
92
6
160
129
159
6
88
93
166
91
6
114
19
59
25
13
169
28
23
197
11
106
140
5
110
112
119
198
113
33
154
16
126
5
158
138
187
118
42
49
39
48
33
58
88
50
114
13
68
10
90
63
69
278
58
161
203
79
50
62
77
5
7
247
20
50
5
223
234
77
301
59
229
69
222
59
314
237
327
242
29
322
155
199
326
313
350
254
76
309
295
166
222
249
120
5
235
10
235
144
77
78
224
196
132
56
165
175
111
378
206
22
300
212
109
163
214
103
136
5
169
160
27
143
148
217
90
13
354
170
356
321
272
16
31
126
6
278
159
226
16
150
12
167
446
168
327
17
322
156
157
161
419
157
296
47
271
137
505
81
121
482
257
416
127
64
104
522
384
126
382
262
114
463
530
532
24
534
91
198
100
264
88
564
552
262
484
47
43
557
423
513
272
540
406
199
405
502
510
498
207
511
253
169
346
491
182
335
207
516
240
204
179
433
163
509
109
163
465
334
190
333
119
166
305
165
335
238
332
215
176
604
156
592
211
408
192
182
476
149
306
426
377
193
520
197
343
526
571
312
531
399
376
305
491
539
608
471
338
205
320
295
377
583
336
325
223
488
304
645
489
566
260
754
346
756
238
574
735
485
549
331
621
321
528
439
530
314
481
702
558
421
598
499
493
534
489
807
399
374
536
393
350
807
500
475
344
463
831
742
817
842
452
439
502
842
589
831
734
730
435
634
603
847
594
829
386
589
389
441
785
754
845
590
393
432
553
858
765
392
752
367
558
600
369
825
509
404
503
759
614
567
739
923
566
595
765
506
801
612
765
506
815
775
504
771
704
693
710
613
495
687
460
557
454
464
750
539
623
683
669
651
700
660
775
663
640
768
997
669
990
617
746
486
606
639
976
601
758
656
702
600
567
656
679
536
890
579
962
854
608
669
629
590
934
524
628
865
679
670
591
602
644
870
619
647
765
751
953
652
721
652
722
616
713
965
1098
643
1026
708
858
742
955
733
1004
837
974
663
654
952
948
655
952
1152
1087
944
906
636
850
909
773
910
709
946
676
640
672
869
873
954
914
1033
671
948
668
987
871
849
984
958
827
680
1047
1046
960
1188
1029
950
1223
848
970
1009
1204
974
1202
846
1166
978
731
1205
965
901
1122
920
1241
832
797
827
813
785
1135
1121
1189
1066
849
1043
1186
826
904
850
860
1176
805
1174
850
1192
1134
1036
1032
853
1051
981
1146
1045
853
1108
1091
1018
1174
966
1023
1136
1029
1079
943
1105
1001
1177
1109
1012
963
1016
955
1091
1395
1067
1020
1119
1395
1082
1029
936
1038
1070
939
1023
1379
937
1393
1043
1040
1227
1021
1368
1051
1234
1022
1239
1165
1359
1331
1049
1350
995
950
1274
952
1232
1188
1269
1174
980
1027
994
1362
1060
1064
966
975
1482
1347
1110
1318
969
1222
973
1325
1496
1208
1226
1072
1275
1002
1165
1189
1125
1220
1312
1184
1316
1121
1456
1204
1441
1050
1183
1117
1138
1492
1325
1264
1504
1181
1461
1439
1393
1413
1059
1294
1176
1270
1088
1512
1077
1401
1213
1380
1168
1152
1068
1065
1378
1149
1391
1378
1157
1485
1300
1486
1338
1316
1280
1175
1603
1488
1588
1626
1298
1450
1275
1484
1167
1576
1288
1482
1455
1204
1447
1151
1135
1436
1368
1666
1597
1160
1601
1599
1672
1503
1326
1283
1222
1395
1197
1299
1521
1285
1265
1695
1665
1487
1491
1663
1592
1256
1580
1414
1267
1581
1391
1566
1322
1745
1522
1622
1321
1271
1317
1526
1363
1608
1435
1334
1562
1310
1282
1279
1298
1273
1302
1459
1483
1306
1472
1462
1814
1387
1473
1756
1449
1296
1393
1386
1458
1347
1761
1727
1808
1356
1810
1316
1460
1729
1807
1722
1759
1433
1655
1411
1766
1646
1633
1897
1773
1770
1843
1686
1622
1610
1655
1590
1816
1812
1598
1810
1598
1595
1796
1603
1516
1797
1518
1588
1567
1517
1799
1904
1568
1520
1520
1747
1684
1531
1688
1901
1525
1849
1672
1517
1674
1668
1856
1665
2009
1548
2001
1597
1864
1807
1603
1792
1976
1797
1908
1545
1580
2032
1545
1912
1886
1738
1593
1592
2008
1897
1752
1866
1868
1836
1804
1741
1913
1689
1714
1637
1695
1911
1900
1899
1695
1879
1623
1787
1770
1704
1773
1712
1636
1670
1659
2165
2164
2136
2106
2101
2099
2042
2022
2232
2019
1992
1782
2224
2225
2216
2216
2213
2135
2101
2100
2095
2069
2024
2311
1987
1907
2306
1891
1887
1873
2243
2222
2217
1879
2169
2155
1862
1870
2165
2158
2134
2135
2082
2070
2039
2445
2353
2311
2282
2232
2214
2103
2106
2070
2036
2027
2561
2552
2538
2535
2420
2376
2325
2307
2287
2282
2253
2241
2123
2095
3576
3567
3524
3467
3468
3410
3407
3367
3361
3344
3347
3325
3282
3281
3275
3249
3231
3232
3221
3190
3175
7
12
6
12
23
25
26
6
31
22
9
14
12
6
13
5
12
20
5
25
7
9
13
5
17
20
23
7
5
10
90
15
63
102
26
76
9
80
38
15
64
136
5
15
9
5
53
20
45
111
12
92
20
25
158
25
6
113
24
112
17
69
182
26
5
33
29
182
5
20
151
127
12
207
8
47
22
158
7
63
19
12
12
65
34
17
7
257
16
82
52
204
29
33
261
5
19
278
130
43
268
14
81
15
73
266
37
49
6
224
42
225
233
282
146
10
89
69
234
43
151
141
27
329
143
143
11
113
142
327
115
81
317
36
127
120
81
51
83
8
320
85
41
103
12
5
285
27
283
16
37
21
111
23
362
266
99
325
40
41
35
94
417
73
424
15
265
47
377
191
5
12
415
434
397
330
450
434
372
194
243
429
217
407
98
303
64
204
171
165
378
400
340
396
364
297
22
46
368
56
327
463
298
393
6
77
305
74
9
313
13
301
248
17
478
294
454
185
526
147
30
246
296
195
364
419
485
381
525
519
190
490
513
83
169
151
84
55
87
251
172
98
576
66
575
377
558
519
389
504
565
386
548
570
393
446
502
192
192
510
388
162
507
471
177
461
387
177
182
412
393
363
187
389
302
160
174
258
425
428
412
377
699
352
704
234
519
271
345
498
444
207
448
434
432
702
253
384
285
246
327
715
677
563
665
433
221
669
342
391
326
350
321
524
485
670
477
666
661
251
473
662
619
328
495
564
353
400
337
598
486
319
432
405
605
417
529
506
479
560
423
479
548
563
512
534
812
433
413
787
413
464
378
477
419
391
861
520
476
868
549
476
860
803
425
765
339
858
409
844
854
768
479
455
812
456
569
490
422
570
871
859
867
789
508
506
823
817
790
812
450
810
742
760
667
726
606
846
736
565
715
615
617
842
451
615
648
729
646
846
521
575
621
511
828
914
829
654
641
620
582
704
560
608
604
524
838
559
608
500
722
537
692
548
720
1023
647
524
913
1024
898
677
642
662
906
644
577
1032
863
555
1059
654
856
626
563
1059
988
813
712
990
613
693
574
608
710
1020
1003
714
1078
703
948
1046
656
613
601
968
1093
1097
847
963
935
954
939
651
701
630
1073
1099
1156
931
993
1153
997
1120
1068
649
1052
896
1173
1033
1124
976
1002
1063
987
1130
938
931
756
915
1137
1125
751
924
920
874
1012
743
1043
1012
1136
1004
857
1099
1030
957
1007
1023
757
722
990
1093
939
958
929
951
925
930
814
873
1281
1194
859
1206
807
1021
1188
1010
966
849
840
991
1166
1314
1203
813
1302
1123
966
969
1030
968
1187
1060
1218
889
1061
883
951
900
839
1062
1120
832
1058
1285
1032
886
998
887
1284
1053
1004
1003
1259
957
895
1088
1044
1046
965
1220
1222
1279
1027
964
1004
967
986
1292
1028
1289
971
940
944
939
992
934
985
1044
1020
920
1262
1098
1008
942
1436
983
1437
1215
1277
949
1075
1324
1116
1444
1071
1002
1074
981
1064
1031
1047
1229
1453
1440
1350
997
1001
979
1329
1003
1256
1001
1246
1070
1312
1457
1305
1011
1073
1058
1440
1255
1303
1233
1424
1020
1408
1393
1385
1029
1280
1559
1275
1236
1372
1261
1288
1404
1219
1402
1253
1557
1259
1224
1423
1214
1205
1532
1314
1479
1578
1430
1432
1323
1210
1220
1191
1440
1597
1235
1352
1236
1428
1646
1377
1246
1647
1649
1237
1203
1516
1670
1249
1619
1147
1233
1361
1164
1583
1259
1566
1144
1193
1682
1147
1257
1460
1246
1561
1261
1377
1354
1652
1231
1182
1558
1204
1357
1249
1671
1662
1358
1189
1476
1186
1193
1344
1505
1475
1498
1535
1501
1606
1460
1424
1657
1496
1603
1399
1519
1215
1480
1345
1455
1447
1436
1330
1533
1326
1555
1325
1684
1638
1326
1330
1591
1513
1552
1571
1471
1322
1457
1354
1358
1560
1329
1464
1384
1506
1472
1296
1491
1325
1304
1328
1834
1836
1329
1443
1302
1471
1475
1810
1426
1479
1406
1348
1850
1398
1482
1848
1336
1415
1338
1353
1799
1782
1386
1876
1499
1719
1361
1800
1765
1725
1697
1702
1407
1697
1882
1386
1723
1510
1858
1683
1776
1392
1927
1631
1686
1930
1785
1507
1763
1748
1919
1737
1515
1506
1768
1881
1685
1773
1944
1502
1718
1717
1622
1889
1497
1576
1625
1900
1516
1796
1713
1907
1691
1507
1799
1631
1785
1913
1602
1905
1785
1584
1776
1701
1601
1703
2028
1907
2028
1599
1696
1641
1684
1606
1573
1524
2031
1861
1994
1652
1615
1629
1994
1819
1898
1785
1621
1613
1876
1592
1607
1625
1641
1873
1614
1861
1904
1878
1817
1626
1584
1828
1851
1646
1781
1638
1648
1856
1625
1858
1799
2044
1759
1630
1628
1852
1630
1778
1716
1625
1625
1725
2043
1629
1837
1825
2021
1660
1736
1793
1772
2025
1918
1886
1770
1712
1867
1843
1819
1823
1817
1723
2416
2390
2343
2333
2322
2247
2206
2209
2210
2166
2164
2137
2099
2089
2083
2070
1981
2472
2473
2476
2477
2424
2411
2401
2403
2388
2334
2307
2252
2228
2230
2141
2108
2112
2110
2078
2615
2608
2535
2525
2447
2426
2427
2356
2348
2264
2232
2199
2190
2173
2153
5
12
18
6
9
18
29
6
12
11
16
5
37
8
5
24
5
5
16
30
6
12
72
16
43
19
14
6
6
24
100
7
90
16
79
21
78
118
29
78
100
25
63
86
29
70
5
19
31
76
22
24
135
81
133
22
34
5
54
100
153
5
57
144
144
133
19
162
58
126
202
53
12
92
130
11
205
153
74
108
111
81
16
5
110
24
118
70
59
120
144
36
113
121
198
202
82
17
275
122
161
85
23
68
129
247
60
24
31
111
304
137
109
295
265
14
223
307
137
215
243
145
309
220
124
204
141
199
145
321
354
203
348
110
308
332
322
167
349
109
376
11
170
51
335
10
326
303
89
328
50
317
114
210
126
10
195
20
305
265
306
124
19
191
189
18
7
287
9
249
14
231
456
207
18
369
253
8
463
194
25
472
461
200
123
15
22
15
310
427
298
438
286
414
189
409
287
501
110
448
437
137
48
306
284
95
522
267
131
537
91
394
348
50
238
426
219
58
258
36
131
325
320
158
86
287
124
533
69
532
474
262
495
263
463
458
187
516
516
452
496
394
580
608
456
492
496
556
178
498
402
446
469
332
431
389
390
467
157
518
500
509
501
678
515
577
446
656
417
656
403
533
553
534
413
402
711
355
525
654
619
458
504
584
424
426
434
620
391
564
408
445
387
426
618
555
617
760
430
748
412
395
592
421
377
417
330
752
270
692
341
472
680
437
570
436
336
445
277
573
438
815
401
808
675
383
672
810
432
785
355
495
664
330
459
408
416
504
792
693
785
422
618
408
680
673
401
631
582
656
557
584
400
366
362
366
589
614
586
572
569
399
566
565
568
730
566
649
529
754
649
507
519
430
518
751
592
502
511
462
642
617
568
667
852
612
564
605
885
593
494
832
492
551
542
634
845
499
581
484
1008
511
609
1024
537
495
849
960
1005
774
954
857
854
529
996
981
770
671
519
864
664
985
971
966
877
865
964
779
918
964
878
874
731
896
871
721
833
689
883
960
766
763
853
779
957
765
676
918
794
736
778
772
819
659
882
788
731
852
889
664
802
753
792
720
887
760
745
699
704
780
681
1031
750
652
698
773
917
722
901
777
742
704
737
1039
920
655
840
770
695
790
674
750
1023
911
681
888
683
768
968
748
901
723
868
698
981
705
982
883
845
1254
1010
1256
1014
870
847
730
1020
928
965
1180
841
875
920
908
878
868
958
922
959
949
905
886
893
924
789
922
1075
962
921
883
883
1024
878
974
942
875
1019
961
899
936
943
931
851
928
941
946
916
852
945
942
891
901
921
934
884
891
893
885
882
900
904
1414
900
889
1247
902
1236
1399
1401
903
1312
1213
1199
1174
1284
1165
1136
1440
1106
1130
1441
1263
1404
1229
1404
1341
1378
1123
1238
1149
1213
1369
1480
1338
1214
1364
1151
1214
1337
1127
1436
1130
1473
1245
1239
1210
1225
1391
1384
1453
1137
1100
1147
1065
1190
1104
1155
1039
1474
1122
1470
1108
1573
1098
1538
1544
1468
1417
1432
1547
1550
1108
1242
1556
1547
1597
1515
1118
1431
1541
1422
1426
1167
1166
1336
1504
1323
1512
1494
1653
1510
1513
1632
1300
1420
1286
1512
1421
1646
1489
1649
1434
1469
1419
1485
1523
1463
1450
1516
1348
1487
1361
1532
1700
1528
1365
1354
1359
1711
1258
1478
1535
1368
1232
1339
1443
1729
1497
1440
1330
1541
1208
1374
1371
1374
1740
1339
1350
1267
1693
1379
1698
1263
1362
1347
1323
1673
1369
1315
1669
1353
1281
1795
1355
1669
1352
1656
1362
1318
1803
1491
1786
1329
1799
1617
1746
1330
1458
1314
1389
1426
1778
1552
1746
1356
1357
1333
1338
1739
1325
1549
1766
1739
1368
1753
1506
1723
1495
1484
1733
1486
1655
1414
1718
1481
1847
1435
1578
1833
1578
1407
1816
1413
1730
1717
1560
1721
1816
1558
1680
1563
1717
1721
1764
1689
1569
1547
1767
1535
1650
1541
1614
1585
1768
1668
1772
1545
1565
1618
1572
1622
1667
1663
1465
1509
1774
1584
1779
1575
1484
1638
1595
1506
1589
1738
2013
1715
1687
1691
1678
2012
1663
1729
2020
1733
1636
1623
1729
1594
2002
1550
1986
1665
1977
1966
1957
1602
2089
1588
2054
1973
1919
1959
1597
2098
1595
1836
2044
1925
1805
1800
2042
2007
1910
1807
1901
1808
1753
1904
1690
1908
1864
1867
1865
1863
1819
1757
1733
1728
2238
2221
2222
2218
2201
2140
2128
2129
2352
2052
2026
2000
2357
2361
2259
2005
2211
2367
2225
2016
2152
2220
1959
2223
2155
2107
2232
2048
1976
2005
1913
2232
1993
1996
1941
2241
1939
2432
1942
2414
2258
2377
2445
2214
2437
2351
2385
2353
2195
2394
2354
2148
2356
2359
2365
2152
2363
2364
2361
2344
2360
2355
2134
2329
2124
2306
2381
2357
2360
2116
2345
2322
2328
2316
2113
2406
2091
2338
2339
2278
2102
2270
2252
2258
2344
2114
2212
2095
2303
2208
2278
2273
2099
2259
2243
2225
2259
2215
2142
2130
2237
2222
2176
2150
2148
2785
2780
2771
2766
2751
2726
2673
2658
2645
2635
2637
2596
2568
2571
2572
2570
2560
2546
2535
2521
2513
2517
2512
2453
2454
2434
5
5
18
26
19
9
6
13
34
6
11
19
38
24
5
8
13
45
6
10
31
5
17
7
22
5
14
79
17
59
55
16
43
21
96
5
19
5
33
9
119
88
40
9
32
117
117
5
36
102
17
69
151
5
15
5
5
7
7
16
75
68
54
196
13
174
19
22
10
158
125
154
34
170
167
229
119
83
123
155
212
179
231
86
177
42
37
12
9
155
10
151
17
193
150
278
25
273
123
87
115
26
156
163
277
151
252
251
117
267
250
265
253
115
166
72
222
61
75
231
62
52
130
94
66
60
73
25
249
208
23
68
326
362
61
236
57
394
240
51
220
286
75
188
399
408
36
85
6
201
148
385
413
135
266
259
346
384
126
359
381
249
424
428
316
209
19
220
189
457
423
415
188
460
372
461
175
362
129
355
19
440
339
104
356
57
293
128
453
446
364
220
444
113
188
437
81
140
380
509
383
124
448
435
127
180
105
460
369
431
418
63
498
38
370
502
415
344
525
411
429
354
309
238
298
346
309
238
329
375
260
344
261
370
423
244
109
616
373
609
406
336
275
571
437
414
528
276
568
567
279
467
549
286
438
273
437
578
430
354
265
277
221
378
211
186
598
417
673
608
665
639
328
639
204
225
270
631
239
356
586
609
592
608
591
475
345
245
325
475
237
353
606
727
536
698
687
633
607
601
637
673
657
642
546
271
642
613
482
268
602
259
488
269
578
459
609
671
280
555
616
277
412
546
437
418
568
398
556
417
419
686
376
376
535
540
517
381
697
700
530
372
372
600
364
451
570
646
594
855
536
606
461
461
358
535
855
536
603
582
466
842
876
525
428
855
533
476
624
898
874
848
526
633
496
463
889
839
620
839
742
489
420
724
575
459
550
810
682
840
663
813
503
440
495
807
631
439
625
570
879
791
753
773
823
820
679
612
738
667
982
642
576
641
643
568
638
495
996
494
548
1004
645
956
917
913
935
893
561
901
785
801
927
612
1024
790
791
909
1020
1047
1025
894
1044
805
865
808
927
912
779
827
916
798
914
1035
917
1031
638
768
801
760
639
867
1063
848
1024
700
711
687
745
966
699
1099
918
989
823
621
733
724
721
701
1077
720
873
680
690
1085
834
684
688
656
681
888
1064
900
781
1019
881
1102
1051
1094
861
672
682
683
895
1029
890
1111
1101
897
1109
884
877
1106
1031
1085
866
1089
1086
1080
1088
864
848
816
1019
1046
820
891
865
760
1045
829
748
946
884
824
1102
1045
893
831
1100
1291
1273
807
1044
1262
1103
1073
801
1076
1199
800
1074
1047
1055
953
999
850
1078
851
1130
1199
863
1172
1135
1075
1163
860
1158
1017
1008
958
952
1130
870
1066
1093
1025
1005
934
1103
922
1390
932
930
1104
1187
922
898
1039
1026
1079
1383
966
954
1035
1088
1191
1338
1045
1041
1022
968
912
1403
926
1048
918
991
1002
927
962
1389
990
1391
1021
973
998
973
940
1416
1375
1369
986
1336
987
1003
1368
1357
1347
1260
1328
1226
980
1337
1253
1341
1025
1206
1370
1203
1367
1023
1274
1017
1003
1373
1006
1275
1381
1351
1348
1353
1192
1032
1202
1200
1394
1289
1183
1202
1384
1089
1243
1304
1195
1070
1162
1202
1393
1178
1542
1314
1528
1405
1179
1540
1186
1185
1168
1185
1168
1147
1557
1091
1537
1323
1521
1541
1481
1199
1555
1539
1216
1506
1475
1642
1627
1563
1203
1459
1204
1201
1622
1192
1562
1436
1500
1501
1441
1622
1565
1530
1437
1536
1486
1180
1489
1513
1228
1509
1454
1451
1478
1535
1489
1499
1458
1441
1393
1484
1489
1325
1519
1322
1523
1483
1482
1287
1429
1492
1250
1522
1452
1530
1254
1434
1491
1446
1482
1749
1411
1485
1296
1383
1367
1489
1257
1491
1337
1307
1555
1290
1499
1480
1491
1807
1474
1807
1699
1462
1372
1457
1394
1342
1466
1396
1467
1830
1820
1370
1735
1461
1821
1453
1817
1732
1722
1403
1725
1425
1826
1853
1425
1740
1424
1724
1399
1390
1401
1410
1841
1387
1729
1733
1731
1841
1875
1855
1842
1409
1721
1550
1839
1756
1841
1836
1551
1935
1828
1475
1736
1762
1836
1762
1792
1945
1687
1948
1646
1916
1849
1946
1833
1657
1661
1780
1734
1633
1800
1803
1930
1773
1687
1816
1873
1645
1654
1815
1615
1650
1750
1728
1798
1733
1703
1782
1888
1612
1701
1568
1866
1850
1779
1791
1701
1618
1787
1556
1779
1581
1793
1729
1705
1867
1703
1571
1706
1687
1845
1604
1582
1646
1609
1590
1591
1855
1594
1586
1856
1859
1601
1835
1809
1766
1775
1760
1728
1770
1724
1699
1696
2154
1699
1651
2086
2084
2026
2011
2012
1940
1946
1837
1929
1903
1807
1852
1797
1793
1782
1779
1758
1758
1754
1739
2056
2058
2018
1965
1893
1876
1878
1866
1859
1819
1799
2348
2330
2319
2168
2136
2120
2123
2121
2103
2080
2075
2043
1964
1907
1894
2817
2799
2738
2737
2700
2689
2663
2659
2655
2808
2533
2801
2801
2501
2494
2485
2810
2789
2788
2473
2749
2731
2458
2720
2673
2408
2413
2542
2496
2498
2479
2475
2460
3102
2977
2939
2930
2917
2900
2892
2881
2792
2783
2776
2747
2750
2734
2674
2675
11
16
5
11
23
10
18
11
15
5
37
11
6
17
5
6
5
14
18
5
12
12
17
5
16
9
10
111
26
17
31
20
82
8
12
27
119
26
32
104
51
29
128
8
96
134
99
39
17
42
117
51
109
119
34
90
23
117
89
33
101
28
29
111
92
62
22
35
20
195
7
54
14
56
43
22
46
57
206
45
227
148
11
5
199
237
153
199
195
186
174
73
108
5
112
66
245
7
206
72
186
135
132
44
13
249
89
298
184
5
268
12
272
29
5
194
144
17
266
127
320
45
316
13
313
294
253
256
5
111
17
297
94
5
301
299
7
5
30
85
138
7
335
312
6
256
384
249
5
20
19
384
128
407
337
23
15
329
250
361
253
294
236
187
28
257
360
29
240
170
159
171
260
222
162
42
250
136
218
10
141
109
219
235
433
125
25
430
471
164
97
144
123
408
54
144
436
411
112
45
286
410
277
108
48
122
249
102
96
445
403
7
281
249
222
5
280
252
387
140
132
111
125
532
521
93
451
160
30
142
89
412
430
412
266
121
214
464
453
199
407
296
131
247
184
606
538
106
246
386
458
358
313
624
354
461
452
322
497
321
366
448
323
460
168
396
329
180
328
516
330
152
430
154
587
178
435
420
326
420
417
514
445
433
402
416
357
279
296
336
531
280
483
422
480
351
415
423
346
420
358
450
284
698
252
300
703
266
253
355
479
709
395
467
318
251
228
293
471
373
522
457
372
515
402
481
511
538
473
357
262
477
558
444
783
463
749
720
434
408
375
506
394
697
796
461
727
484
701
391
337
685
401
322
426
394
387
630
367
781
407
428
410
609
371
707
361
711
321
700
667
877
655
618
571
878
448
388
871
855
585
390
818
461
860
841
757
661
758
773
737
460
742
648
733
600
732
567
600
734
454
717
732
470
608
457
709
611
583
933
729
558
535
741
971
708
537
900
664
549
673
660
964
932
447
522
977
479
888
891
858
473
544
890
538
887
958
535
895
832
885
881
868
680
796
884
1031
886
790
1022
765
867
1026
611
944
778
645
770
1014
1038
865
618
1021
786
880
847
715
826
965
783
974
747
796
880
807
813
1018
689
940
983
1038
946
952
804
798
661
766
736
794
831
962
814
792
1054
654
1056
1067
747
1023
982
986
749
676
1032
645
747
773
966
689
1081
1068
718
1043
911
682
658
883
737
1027
709
1028
1079
960
1012
834
992
1056
1087
837
1050
1089
992
955
981
814
876
1062
704
964
1064
1252
944
1208
928
876
949
1050
1000
929
930
783
868
898
926
863
1216
943
1173
868
1057
871
1160
928
905
947
916
815
992
1071
787
1068
939
774
1052
954
1049
1182
828
1177
821
904
884
831
1185
816
823
820
1157
960
1129
1332
1332
1205
1050
1026
1326
1104
1024
1204
993
852
998
1115
981
1210
1036
1162
985
1328
1002
1225
1053
1051
1055
1419
1211
979
1082
1009
1008
1003
1108
1089
1211
979
1089
1009
1232
1447
998
1173
1063
1130
1450
1445
1396
1070
976
954
1130
1226
941
1106
1069
1369
1105
1417
965
1459
1365
1214
990
976
1156
1066
1151
1080
1066
1442
1068
1368
1326
1230
1446
1449
1218
1065
1111
1314
1401
1138
1069
1068
1410
1075
1034
1147
1124
1041
1315
1179
1041
1067
1426
1322
1399
1075
1091
1142
1338
1107
1077
1340
1316
1566
1326
1107
1089
1594
1417
1582
1311
1184
1341
1280
1103
1420
1195
1193
1560
1554
1512
1425
1427
1192
1169
1195
1161
1504
1355
1579
1355
1181
1365
1521
1505
1503
1447
1475
1509
1495
1376
1484
1450
1464
1444
1463
1362
1675
1394
1634
1566
1503
1478
1453
1691
1357
1642
1346
1463
1692
1451
1529
1518
1383
1657
1638
1347
1340
1318
1557
1525
1481
1264
1537
1485
1476
1321
1500
1479
1318
1449
1644
1496
1645
1433
1606
1389
1326
1506
1325
1362
1803
1564
1635
1503
1474
1346
1356
1337
1635
1563
1564
1486
1597
1568
1333
1332
1585
1498
1585
1470
1487
1335
1449
1567
1480
1561
1450
1485
1441
1452
1444
1436
1422
1581
1411
1565
1600
1548
1917
1890
1887
1526
1817
1455
1942
1747
1869
1527
1425
1528
1628
1532
1703
1625
1636
1877
1496
1569
1494
1891
1504
1893
1634
1491
1783
1483
1896
1495
1633
1587
1874
1494
1678
1677
1488
1499
1656
1885
2040
1853
1976
1648
1837
1611
1977
1959
1797
1961
1613
1578
1757
1706
1945
2087
2087
1693
1934
1888
1890
1701
1880
1884
2046
1872
2047
1927
1864
1907
1908
1795
1907
1899
1747
1880
1893
1893
1744
1857
1845
1756
1836
1832
1755
1759
1762
1830
1752
2228
1761
1723
2213
1720
1741
2190
1735
2117
2077
2063
2017
2000
1930
1934
1931
1827
1802
2382
2357
2351
2342
2298
2284
2260
2214
2208
2194
2187
2138
2091
2087
2073
2015
2004
1933
2348
2280
2237
2231
2218
2189
2192
2169
2159
2120
2116
2101
2105
2085
2049
2048
2034
2544
2513
2506
2440
2306
2270
2250
2190
2176
2146
2142
2129
3266
3228
3225
3222
3202
3156
3067
2986
2969
3753
3716
3717
3696
3698
3697
3679
3665
3655
3528
3484
3463
3459
3453
3383
3366
3361
7
12
17
5
27
5
10
9
17
9
20
5
25
30
14
21
6
41
12
63
6
12
15
36
14
5
12
10
17
53
5
15
97
17
15
5
106
15
108
120
14
85
18
84
17
140
6
10
25
91
66
102
5
18
23
15
19
53
78
5
163
21
155
11
174
19
88
62
32
15
119
162
95
162
59
17
20
16
14
16
187
169
156
159
223
5
180
198
197
197
13
204
13
140
83
113
5
268
12
210
11
133
94
114
52
145
210
137
209
25
152
210
220
131
160
255
100
238
160
225
233
139
237
102
190
216
217
209
209
83
30
132
160
127
17
209
209
107
110
92
256
200
238
66
119
78
170
74
15
217
5
398
34
216
417
128
421
230
405
422
222
366
341
112
263
16
204
294
187
361
230
140
363
161
415
117
414
164
274
251
280
229
22
103
5
104
405
431
357
468
97
167
109
104
23
228
404
359
227
450
80
312
413
28
15
397
27
401
411
395
378
40
477
438
364
486
398
370
324
366
514
410
305
369
464
117
356
104
198
178
109
563
355
345
569
548
315
111
281
107
548
226
355
216
533
605
576
332
532
329
451
431
485
407
483
633
593
365
497
496
573
470
384
373
382
568
455
473
452
616
385
590
409
505
652
409
354
381
651
385
588
492
473
370
404
369
533
558
458
534
290
319
259
545
238
259
296
529
508
424
434
495
451
297
390
672
377
300
494
381
381
302
388
383
654
497
294
450
478
422
398
413
649
322
405
362
334
324
724
663
313
320
733
319
615
694
718
610
475
656
593
466
455
486
461
651
673
648
391
479
634
479
652
467
781
752
610
662
637
585
398
806
480
468
582
398
680
394
870
868
768
826
856
670
489
661
412
595
589
908
771
481
715
499
699
439
653
747
655
586
926
494
925
841
600
711
714
793
927
638
485
618
604
607
920
679
766
888
680
613
742
594
613
567
676
582
690
892
603
913
579
684
616
594
893
825
775
599
802
666
596
649
551
871
605
600
590
1038
597
564
873
768
865
799
592
792
655
791
841
818
627
648
627
618
763
1037
805
1019
788
1069
753
753
1015
677
713
1121
779
979
1112
879
1065
813
1063
653
1035
940
981
934
712
922
1107
1146
1110
787
1069
888
875
772
993
870
890
907
1105
885
1067
1107
888
806
826
1113
866
992
1103
1063
999
829
1203
839
836
988
826
1070
823
1066
795
1012
825
1186
1212
996
950
775
816
929
1206
800
767
1206
1204
768
1206
1259
1185
1264
942
1166
953
956
1163
1247
897
954
1119
1168
884
923
1231
926
1217
881
1044
889
1042
855
1200
889
1236
1174
898
908
1224
1050
885
1227
951
1198
871
877
1195
866
1194
1250
967
1167
1055
1203
1157
1248
1170
941
1160
925
1156
1150
1066
1285
922
1257
1182
1064
1138
975
1157
1039
1041
1133
1174
917
1259
1038
1231
1151
1159
1145
927
1125
1137
1175
1072
1146
1145
1151
1097
1020
1220
1025
1053
1135
1017
1093
1068
1143
1181
1141
1148
1024
1218
1006
1187
1175
1147
1081
1007
1079
984
1342
1066
1174
1156
1172
1200
1015
1034
1007
1054
1022
1172
1364
1165
1076
1028
1079
1042
1164
1030
1355
1038
1349
1162
1367
1224
1112
1050
1222
1375
1320
1208
1142
1201
1083
1179
1142
1124
1234
1122
1416
1230
1119
1225
1368
1426
1255
1428
1231
1402
1346
1138
1340
1337
1610
1294
1509
1471
1529
1420
1250
1562
1180
1396
1526
1493
1600
1499
1375
1475
1612
1365
1612
1602
1559
1388
1566
1529
1523
1356
1430
1525
1371
1375
1358
1379
1538
1405
1527
1403
1388
1495
1486
1377
1405
1494
1392
1386
1275
1716
1318
1389
1680
1564
1290
1562
1505
1683
1523
1655
1441
1502
1438
1794
1579
1555
1523
1440
1435
1503
1655
1514
1527
1496
1798
1444
1785
1517
1750
1672
1471
1618
1794
1454
1677
1723
1626
1620
1524
1714
1853
1630
1677
1672
1473
1650
1537
1593
1490
1640
1590
1488
1481
1876
1553
1641
1872
1654
1895
1502
1653
1500
1600
1545
1894
1529
1892
1498
1879
1516
1670
1627
1508
1938
1831
1923
1610
1536
1497
1475
1540
1773
1774
1492
1609
1619
1737
1524
1940
1517
1568
1518
1748
1726
1520
1635
1516
1623
1727
1620
1950
1758
1740
1529
1733
1736
1966
1678
1634
1632
1635
1621
1754
1612
1968
1936
1752
1905
1584
1727
1655
1814
2043
1972
1615
1865
2049
1812
1844
2039
1970
1831
1796
1759
1814
1749
1982
1875
1780
1871
1667
1771
1762
1860
1758
1752
1766
1751
1749
1741
1741
1716
2201
2198
2132
2111
2110
2114
2064
2062
1997
1915
1916
1863
1857
1857
1857
1848
1845
2319
2265
2257
2260
2224
2224
2407
2208
2176
2396
2246
2242
2160
2217
2410
2379
2180
2170
2172
2318
2077
2189
2169
2295
2079
2276
2262
2179
2481
2123
2479
2272
2457
2272
2104
2071
2404
2069
2267
2271
2062
2402
2188
2163
2253
2059
2166
2057
2240
2153
2159
2103
2113
2085
2089
2086
2575
2433
2424
2388
2377
2349
2339
2326
2330
2276
2278
2264
2500
2490
2479
2481
2473
2467
2460
2442
2441
2445
2411
2393
2372
2344
2316
2310
3432
3365
3285
3217
3212
3176
3166
3167
3118
3090
3066
3022
9
9
6
10
24
5
19
6
17
8
19
8
25
49
11
6
60
25
12
18
5
60
24
6
37
14
24
5
61
22
5
74
9
40
20
76
25
27
12
114
13
8
91
21
8
29
130
7
28
10
8
129
120
6
148
122
5
114
8
149
33
116
65
13
177
44
132
5
12
5
13
153
96
139
18
200
185
10
135
86
175
104
28
80
78
54
15
111
15
91
230
58
75
30
22
222
24
49
23
20
12
25
204
247
208
21
21
155
8
137
108
256
292
295
91
64
5
268
47
195
118
298
6
10
329
5
156
10
288
120
90
110
23
94
35
331
235
329
103
28
5
13
340
341
9
43
246
221
342
48
114
17
107
98
135
347
102
68
123
14
67
139
337
53
137
331
98
135
151
77
430
431
309
365
166
329
168
49
37
429
341
329
335
31
428
420
426
441
343
161
426
9
480
360
345
461
131
336
462
170
382
464
5
281
203
359
178
458
459
196
507
109
493
199
408
469
345
409
404
342
378
472
487
447
442
479
484
414
316
434
351
396
423
264
471
566
407
293
418
415
412
413
380
434
348
226
357
210
327
276
155
287
330
122
131
422
271
374
403
230
312
576
249
277
598
368
540
219
242
236
644
352
286
313
553
317
388
453
419
392
564
360
506
374
347
347
320
332
314
334
368
322
329
322
337
329
277
261
281
355
253
350
331
222
265
340
250
252
310
280
250
634
249
271
580
314
303
234
247
261
715
260
315
717
272
661
578
262
533
282
635
370
624
288
376
283
431
667
380
377
627
300
666
642
857
861
425
822
427
670
429
812
771
807
427
774
365
671
735
593
754
705
533
792
454
738
680
479
681
686
454
456
442
801
738
414
664
701
816
637
813
676
442
894
421
646
657
624
436
813
650
787
905
632
452
910
772
603
980
594
647
973
786
967
966
539
846
935
891
872
497
584
693
767
850
705
753
944
835
836
710
1034
897
889
943
808
819
666
815
519
817
650
839
765
818
697
741
996
656
987
838
790
971
673
773
920
1030
840
645
659
952
665
602
906
1086
1039
1075
840
772
792
996
786
957
1068
983
786
635
780
1059
1026
682
1030
636
736
651
668
1034
776
650
740
1005
1123
928
897
750
951
890
652
1007
933
1044
994
1145
813
801
1148
912
786
1033
688
946
986
1136
988
724
964
695
701
938
906
942
921
929
943
1134
924
1230
883
1201
925
786
1108
1069
758
892
981
1213
948
1211
959
917
899
877
930
925
888
898
840
893
777
977
891
780
832
1212
893
841
1099
1220
902
1200
800
899
796
893
870
1197
1302
822
1196
851
1199
1232
965
1213
955
1102
1148
1077
946
950
944
1081
942
1086
1159
1210
938
1145
1092
1331
1095
1037
1072
901
1010
953
1341
910
1001
1132
1073
989
1111
1415
1049
1396
1096
936
918
1074
1022
1333
1287
908
1287
907
1429
1057
932
1026
1268
981
1095
981
1411
1071
1360
956
1356
1327
1348
966
1059
1297
1091
1296
1330
1324
1481
1302
1289
1487
1290
1041
1013
1269
1489
1006
1443
1442
1477
1440
1012
1229
1463
1196
1246
1453
1228
1356
1179
1471
1524
1324
1253
1421
1190
1200
1401
1511
1189
1416
1151
1157
1146
1405
1325
1238
1319
1511
1152
1168
1468
1297
1417
1235
1157
1341
1221
1400
1169
1188
1167
1191
1589
1125
1499
1180
1617
1180
1561
1549
1466
1226
1520
1160
1130
1161
1237
1420
1353
1228
1453
1455
1317
1548
1236
1523
1294
1458
1454
1420
1550
1296
1504
1531
1509
1318
1452
1416
1300
1480
1461
1220
1306
1464
1299
1441
1396
1292
1455
1519
1398
1294
1224
1294
1716
1273
1246
1458
1329
1263
1378
1324
1703
1674
1320
1758
1668
1777
1667
1330
1776
1396
1766
1390
1663
1481
1710
1295
1424
1397
1767
1578
1557
1806
1496
1690
1623
1777
1409
1454
1506
1408
1455
1422
1783
1357
1385
1608
1565
1667
1800
1516
1387
1381
1666
1338
1351
1780
1542
1361
1732
1501
1643
1524
1879
1641
1357
1371
1860
1720
1388
1808
1474
1763
1690
1400
1691
1716
1402
1715
1568
1653
1711
1947
1914
1683
1540
1474
1508
1656
1688
1642
1843
1691
1702
1926
1929
1487
1932
1597
1899
1493
1670
1477
1582
1844
1901
1512
1900
1500
1609
1506
1495
1502
1906
1863
1855
1555
1877
1519
1869
1514
1853
1847
1834
1532
1827
1798
1841
1798
2065
1998
1830
1970
1747
1730
1937
1954
1949
1802
1935
1939
1729
1773
1765
1744
1702
1628
1966
1959
1735
1680
1671
1607
1661
1977
1631
1710
1861
1848
1850
1813
1777
1743
1736
1740
1716
1720
1707
1695
2333
2295
2296
2228
2206
2168
2169
2135
2119
2102
2090
2092
2064
2045
1967
1967
1966
1965
1965
1967
1960
1926
2237
2230
2174
2172
2128
2099
2575
2578
2579
2537
2512
2514
2516
2516
2484
2484
2470
2463
2414
2356
2349
2266
2259
2229
2223
3018
3012
3007
2883
2860
2864
2868
2857
2847
2834
2827
2812
2811
2812
2773
2707
2707
2688
2678
2669
2611
2610
3578
3560
3560
3522
3512
3505
3497
3375
3263
3262
3263
3157
3144
3706
3690
3668
3664
3570
3548
3517
3516
3462
3429
3413
3407
3352
3321
3322
7
15
6
24
6
5
11
18
5
21
5
11
46
18
12
30
25
27
14
6
18
16
48
5
17
43
6
55
9
15
11
21
15
16
12
5
23
16
16
13
43
22
39
30
118
102
12
12
5
40
9
141
27
45
5
11
153
41
81
5
29
33
107
5
73
91
92
5
188
48
18
60
5
14
68
194
200
49
201
72
44
22
27
26
170
14
6
28
19
185
90
37
22
195
64
48
5
195
8
5
186
256
12
258
213
15
252
278
199
267
289
226
289
173
268
139
261
297
201
282
215
270
148
9
197
84
13
15
231
14
48
203
5
340
334
165
5
212
207
151
10
340
45
166
6
149
164
143
302
329
24
303
170
296
14
343
12
89
344
372
239
143
238
186
263
29
82
197
320
293
252
157
292
145
31
262
116
296
218
97
70
121
47
155
220
446
182
445
206
452
454
29
420
191
35
78
93
41
446
479
6
469
5
12
428
454
213
9
414
334
32
318
236
237
295
167
194
19
190
5
352
337
191
12
165
79
368
40
305
246
308
462
441
246
65
415
208
588
211
203
362
576
349
594
471
221
355
270
444
603
207
571
598
192
126
385
142
448
234
575
408
365
364
269
135
227
578
544
360
658
524
349
192
283
426
352
324
596
440
404
505
416
658
626
288
421
292
694
409
522
606
414
514
695
290
269
623
610
613
561
603
598
408
561
589
576
362
389
298
365
538
607
528
360
304
666
257
527
530
506
242
445
441
656
530
252
513
395
404
514
492
656
595
510
711
328
573
626
309
654
643
407
558
633
384
731
319
481
689
620
636
427
529
306
524
441
508
497
859
322
850
482
832
863
473
852
692
805
676
473
542
400
860
438
826
529
670
862
532
418
370
420
746
819
471
818
666
557
801
749
551
428
911
788
658
914
490
526
455
548
476
768
422
426
517
568
502
466
849
687
774
682
774
585
552
527
578
458
519
695
465
520
811
778
907
700
639
517
968
549
511
675
938
518
538
493
478
975
947
976
675
658
793
957
923
793
958
943
603
950
920
980
744
916
964
893
614
1061
875
940
551
1054
849
906
1050
735
1043
860
637
826
1037
886
789
762
851
718
718
632
1054
704
864
1074
827
745
639
744
778
642
1067
944
1013
666
750
661
625
813
643
816
907
629
814
1011
669
1013
805
792
896
793
874
889
854
860
1136
847
1132
843
818
825
1108
785
843
763
1120
917
747
1155
1051
916
1091
742
828
1095
1092
763
863
925
1090
736
1070
1035
758
847
1010
1039
856
946
1035
1019
758
849
881
1125
811
758
1102
1047
872
1034
1023
1042
1010
1242
869
859
1074
841
1246
823
1231
1067
1042
1025
1037
828
854
827
836
1227
828
1104
1175
908
864
1068
838
1055
1172
1355
1006
965
961
924
1074
1337
1071
870
971
1117
900
1037
1348
1023
1288
1347
1283
1316
983
987
951
1145
1318
1004
1374
1207
934
1301
1138
1334
1271
933
1297
1303
967
926
1140
926
1219
1081
1289
932
1292
935
1196
1258
1044
1223
1005
1229
1188
1233
1005
1210
1003
1209
1161
1138
1118
1457
1120
1111
1046
1463
1095
1052
1098
1293
1293
1466
1295
1471
1435
1261
1228
1457
1214
1250
1462
1369
1572
1354
1467
1318
1472
1223
1576
1466
1530
1447
1221
1449
1598
1192
1588
1425
1135
1274
1205
1256
1537
1127
1452
1547
1121
1181
1501
1595
1224
1505
1217
1138
1423
1141
1494
1516
1483
1580
1500
1464
1498
1467
1540
1440
1444
1430
1413
1387
1546
1469
1453
1467
1414
1546
1515
1503
1373
1454
1428
1523
1411
1406
1351
1559
1355
1389
1435
1390
1393
1351
1326
1408
1222
1530
1569
1368
1549
1674
1529
1676
1379
1465
1330
1532
1433
1675
1532
1437
1610
1401
1428
1319
1563
1435
1523
1554
1397
1545
1521
1532
1610
1542
1523
1435
1421
1465
1567
1402
1415
1512
1435
1455
1528
1407
1511
1511
1444
1402
1482
1407
1447
1596
1347
1450
1580
1405
1575
1432
1452
1886
1397
1367
1557
1554
1401
1719
1410
1675
1777
1670
1407
1401
1503
1476
1476
1930
1479
1680
1631
1776
1491
1616
1489
1741
1853
1652
1490
1560
1966
1951
1805
1550
1552
1932
1487
1613
1816
1613
1595
1489
1592
1814
1500
1502
1916
1498
1590
1692
1638
1501
1524
1507
1596
1924
1920
1515
1534
1898
1603
1836
1982
1560
1981
1953
1820
2067
1825
2042
1913
1912
1941
1866
1826
1827
1953
1802
1807
1946
1792
1807
1776
1784
1780
1927
2136
1886
1751
1711
1715
2135
1643
1753
1868
1643
2087
1842
2130
2131
1799
1739
2100
2073
2084
2069
1706
2004
2008
2080
2080
1825
2078
2008
2083
1830
2077
2013
1713
2010
1979
1833
1793
1792
1970
1983
1971
1944
1807
1920
1819
1797
1801
2429
2427
2419
2392
2393
2368
2364
2214
2159
2159
2163
2131
2109
2067
2466
2013
2424
2409
2023
2392
2366
2368
2338
2331
2325
2281
2271
2230
2230
2232
2168
2089
2090
2052
2056
3054
2986
2873
2871
2871
2840
3102
2843
3084
3065
2851
3065
3063
2858
2836
2831
3048
2808
2745
3058
2717
2654
3062
3051
3042
2668
3046
3013
2981
2948
2942
2826
2762
2739
2736
2724
5
12
13
23
5
26
5
5
13
6
33
14
19
6
8
13
37
5
59
25
38
9
36
33
27
5
35
70
6
5
12
51
14
83
83
18
36
6
37
17
13
16
5
9
13
5
41
5
153
10
102
71
12
16
91
88
165
10
23
165
186
18
107
10
110
87
5
10
167
209
95
97
21
93
5
98
52
222
114
111
99
113
24
82
98
32
14
196
154
5
29
12
252
5
146
22
238
175
182
5
15
79
184
230
71
188
271
132
25
117
168
75
66
251
67
254
51
235
307
254
294
41
217
240
197
116
18
290
17
210
243
125
195
39
61
233
23
58
261
340
256
68
15
69
371
30
307
40
18
14
310
10
82
277
262
47
37
16
41
401
241
211
225
42
177
38
53
221
46
306
188
6
450
127
433
162
192
450
196
419
404
68
194
360
458
65
456
310
346
177
131
115
286
113
486
338
467
119
120
114
111
270
351
253
295
273
300
432
111
123
99
98
517
395
132
382
103
471
69
384
355
561
356
457
509
499
393
483
462
367
419
513
504
413
351
379
352
321
497
353
624
460
431
421
405
331
414
404
308
373
330
364
407
443
387
334
419
628
349
350
339
370
445
674
335
490
622
341
466
365
161
672
363
251
232
251
607
418
255
670
314
662
586
366
474
367
245
384
229
565
394
379
486
430
487
397
566
385
288
374
496
491
330
595
439
581
409
350
336
290
491
343
445
513
792
319
423
796
358
346
509
808
509
346
332
292
334
803
442
787
519
419
805
388
466
793
810
442
750
381
700
768
769
445
530
703
808
812
344
405
471
762
374
727
370
441
568
709
409
492
509
444
494
719
729
408
719
491
416
467
708
821
441
414
805
436
428
667
741
732
630
685
696
527
425
921
893
676
869
687
447
626
690
676
874
549
700
685
667
694
680
457
544
964
544
677
991
892
709
840
651
476
804
640
883
557
858
586
674
799
576
798
531
702
519
586
628
684
629
565
799
635
707
882
876
960
711
878
674
648
905
880
876
877
806
979
639
960
857
954
629
806
825
923
751
853
624
848
823
745
694
628
825
676
841
797
730
746
810
821
948
690
949
783
922
725
811
1099
717
755
752
725
737
849
1104
926
942
1093
734
667
725
695
947
751
942
656
847
755
850
898
901
726
684
818
962
901
861
900
844
932
831
907
787
899
727
1164
944
894
846
969
882
813
849
1166
830
930
1159
818
923
827
1189
883
902
820
1168
799
804
1283
943
807
821
1197
796
807
882
791
1298
878
1165
904
826
909
864
813
959
1148
1286
1209
1082
930
836
894
1277
808
961
829
1282
843
879
843
901
845
1067
832
1061
1069
1343
955
1347
836
1305
839
1354
1249
1287
1091
918
1072
974
1194
870
1325
1178
1035
1258
1073
1193
991
1401
1398
1200
1333
982
1311
1089
950
1064
1093
1182
1261
1181
1402
1250
1430
1336
955
1189
1431
1160
1100
1349
1419
1265
989
1140
935
1407
1241
1274
1236
1170
1140
1375
1125
1233
1120
1208
1162
1094
1048
1132
1378
1037
1208
1159
1127
1154
1045
1153
1352
1099
1387
1165
1059
1527
1130
1523
1355
1052
1088
1038
1529
1176
1168
1033
1138
1123
1371
1082
1374
1128
1504
1418
1126
1494
1126
1570
1365
1349
1562
1120
1338
1114
1434
1119
1576
1423
1575
1577
1116
1343
1563
1585
1566
1510
1559
1364
1318
1310
1514
1323
1632
1499
1568
1270
1227
1565
1605
1156
1512
1516
1559
1351
1484
1354
1624
1559
1349
1662
1471
1184
1420
1573
1592
1413
1552
1533
1416
1666
1458
1580
1544
1650
1718
1644
1731
1470
1447
1694
1426
1400
1379
1325
1307
1310
1370
1310
1339
1306
1335
1690
1358
1579
1301
1557
1337
1474
1540
1522
1781
1578
1748
1580
1308
1502
1483
1356
1425
1813
1757
1538
1477
1542
1805
1483
1744
1341
1633
1768
1444
1794
1547
1406
1765
1519
1485
1325
1561
1390
1548
1793
1514
1787
1659
1402
1367
1634
1766
1792
1690
1527
1549
1368
1526
1779
1415
1482
1736
1399
1899
1903
1710
1674
1433
1668
1806
1722
1709
1702
1723
1708
1694
1483
1658
1648
1418
1662
1717
1436
1588
1566
1475
1726
1702
1431
1657
1670
1587
1496
1632
1696
1740
1588
1511
1723
1616
1602
1667
1706
1726
1708
1600
1475
1584
1597
1587
1682
1556
1724
1654
1564
1559
1594
1694
1590
1593
1513
1583
1638
1551
1536
1559
1791
1744
2122
1701
2080
2128
2084
2053
2079
2016
2020
1970
1981
1938
1918
1967
1909
1997
1939
1877
1940
1945
1919
1945
1909
1891
1886
1867
1850
1894
1888
1798
1887
1771
1883
1768
1772
1744
1888
1878
1736
1838
1796
1744
2292
2273
2246
2220
2135
2121
2339
2262
2265
2127
2263
2256
2193
2127
2165
2116
2110
2150
2127
2051
2104
2049
1981
2103
1974
1921
2082
2081
2068
2069
2048
2007
1956
2337
2339
2313
2280
2237
2235
2369
2307
2252
2108
2258
2251
2045
2140
2119
2123
2113
2790
2642
2643
2635
2621
2588
2587
2509
2510
2472
2357
2345
2332
2880
2784
2714
2698
2670
2652
2650
3448
3346
3307
3309
3313
3237
3231
3213
3139
3142
3083
3067
3063
3020
7
12
9
20
6
5
14
36
9
5
5
18
24
5
12
6
43
23
26
8
16
16
35
5
15
77
5
8
75
21
56
25
9
10
31
95
59
9
25
90
5
89
19
16
94
6
12
21
123
23
129
5
118
34
5
97
63
28
74
19
13
20
21
6
23
84
5
22
137
120
73
15
5
88
9
142
5
97
196
64
11
92
74
13
18
207
21
185
191
14
59
6
45
20
22
5
201
154
176
57
27
72
32
155
42
37
30
29
66
32
152
63
26
24
12
31
33
231
5
300
5
25
150
122
9
123
282
78
195
5
257
17
6
11
12
219
5
205
261
297
223
283
281
179
117
219
359
170
172
289
5
380
24
370
294
36
266
287
97
85
48
290
225
8
148
279
40
114
200
197
84
77
193
422
55
28
67
11
282
433
248
39
83
15
78
151
208
6
42
200
134
195
22
198
166
10
29
116
106
123
461
92
153
462
60
16
26
71
125
18
124
471
433
317
463
43
488
389
62
83
53
268
60
19
272
406
337
87
276
42
377
203
252
465
192
284
453
362
371
456
282
232
35
264
212
302
496
68
412
465
469
314
58
372
417
406
332
448
323
341
335
314
513
427
448
243
431
283
251
321
505
226
602
443
600
113
289
293
109
297
441
523
293
532
236
486
621
457
524
586
350
163
350
672
500
361
477
233
344
582
385
176
554
296
220
648
323
651
331
305
299
661
498
648
294
291
315
412
201
630
194
379
513
357
480
276
592
719
316
238
332
355
327
524
228
484
399
469
336
246
352
327
522
353
520
626
357
470
277
630
634
346
484
798
350
462
797
583
495
576
437
640
829
392
785
825
825
342
642
827
573
535
616
337
384
831
802
334
860
644
396
645
830
804
804
398
868
362
630
844
466
764
453
766
736
886
733
468
838
371
625
450
470
570
724
393
710
865
691
594
563
943
523
876
854
903
469
782
487
681
441
453
877
775
460
795
924
457
765
667
851
952
733
446
897
709
880
846
846
616
845
851
656
941
571
885
819
851
736
820
890
570
760
867
811
638
856
803
556
772
996
531
849
940
797
844
789
515
742
884
668
726
872
604
800
851
800
832
656
567
1033
978
1007
981
831
811
797
869
927
839
836
668
829
712
616
574
747
844
740
818
849
791
833
740
818
851
763
835
1115
707
1054
731
693
745
738
708
948
1068
938
735
860
718
709
810
842
718
817
1038
1094
1039
674
824
1193
784
779
933
1017
889
712
1098
706
1094
708
1021
1021
1210
891
1002
729
998
997
1009
965
1212
909
1204
750
1206
741
895
1212
800
1150
1212
1110
1102
899
995
858
1032
856
1217
1036
938
948
843
872
1017
1063
1019
1226
1051
946
978
866
1232
849
1231
1286
845
1201
814
1306
1170
1307
1051
900
885
901
1142
1009
1142
1003
885
1163
875
886
1058
996
1132
1061
849
885
985
1333
979
1060
1148
1239
903
1300
1041
977
1148
1248
975
1007
1052
1195
1147
1158
945
948
1068
944
996
944
916
1054
946
1132
1097
1050
1043
1262
1263
1012
988
1186
976
1027
1476
977
1263
1423
965
970
1090
958
1008
994
1136
994
964
986
966
1147
1439
987
977
1205
1201
1128
1058
1044
1462
1050
1202
1466
1200
1115
1093
1458
1021
1327
1197
1448
1453
1435
1455
1373
1181
1423
1332
1393
1091
1590
1386
1562
1396
1370
1475
1630
1413
1524
1499
1350
1343
1355
1329
1393
1409
1362
1324
1391
1485
1483
1359
1312
1674
1470
1398
1662
1629
1336
1646
1409
1648
1460
1360
1374
1269
1648
1342
1612
1559
1401
1524
1266
1397
1488
1617
1484
1395
1623
1392
1457
1388
1489
1382
1353
1283
1463
1400
1279
1516
1355
1322
1507
1360
1253
1641
1288
1276
1592
1347
1406
1291
1236
1391
1529
1531
1514
1400
1493
1476
1543
1480
1493
1424
1356
1350
1417
1534
1309
1534
1347
1525
1489
1430
1474
1334
1443
1424
1482
1405
1341
1331
1325
1869
1831
1826
1408
1778
1516
1520
1513
1381
1386
1886
1869
1439
1794
1436
1866
1865
1816
1861
1705
1623
1860
1624
1556
1972
1529
1866
1813
1947
1800
1500
1449
1557
1557
1791
1526
1937
1933
1496
1806
1782
1762
1932
1490
1692
1689
1871
1867
1819
1664
1802
1788
1662
1668
1660
1618
1648
1776
1780
1634
1762
1623
1606
1641
1632
1609
1625
1583
1601
1605
1637
1601
1599
1617
1601
2342
2207
2183
2121
2124
2106
2089
2089
2028
2017
1963
2343
2324
2327
2314
2317
2320
2320
2242
2190
2165
2116
2058
2055
1923
2439
2414
2201
2408
2156
2498
2158
2414
2477
2464
2155
2455
2424
2417
2436
2156
2160
2424
2096
2346
2406
2346
2301
2299
2295
2284
2247
2269
2270
2216
2064
2061
2260
2209
2182
2067
2162
2165
2165
2122
2107
2098
2735
2734
2704
2661
2726
2621
2711
2692
2604
2647
2632
2590
2634
2638
2641
2566
2602
2808
2475
2796
2592
2579
2579
2454
2813
2528
2786
2454
2397
2361
2533
2361
2800
2531
2796
2336
2782
2775
2530
2512
2502
2741
2497
2495
2749
2629
2521
2464
2518
2492
2478
2482
2446
2490
2448
2432
2474
2452
2435
7
14
6
19
18
5
10
27
6
36
15
5
8
6
44
22
25
6
9
15
54
20
5
28
56
12
6
17
6
15
8
88
68
21
15
24
40
29
80
94
10
50
39
24
28
71
106
5
119
77
69
105
17
30
82
145
28
17
59
6
11
31
156
5
15
105
107
136
49
48
39
18
108
5
83
92
107
51
5
135
50
34
44
60
128
123
63
5
106
184
20
138
19
107
107
229
65
5
83
208
240
144
169
13
192
189
250
121
11
112
50
5
5
6
57
5
36
82
313
293
59
273
5
20
329
265
158
238
223
303
13
349
303
174
118
149
355
293
259
209
236
72
228
185
161
95
235
198
92
162
70
353
5
121
394
198
94
242
397
145
97
351
283
351
319
261
251
167
221
417
212
29
398
8
271
105
220
207
411
330
401
122
387
338
302
413
287
120
49
224
464
87
402
311
404
274
32
380
199
144
12
451
106
153
366
154
24
26
207
123
404
259
309
99
261
433
14
10
346
289
258
251
77
242
276
139
312
240
284
290
84
249
250
233
115
239
88
253
434
231
240
214
88
349
190
445
567
428
83
266
234
270
482
213
177
176
335
258
380
135
163
359
356
332
400
374
343
419
302
634
328
621
349
279
307
660
291
286
273
654
289
214
604
256
252
548
186
595
301
412
243
534
584
249
245
712
252
555
541
393
257
714
208
316
372
693
495
617
481
284
236
617
233
522
455
457
452
554
327
505
306
400
463
615
439
488
420
460
414
324
793
363
594
763
637
472
759
472
638
579
366
574
745
793
473
610
474
799
822
374
756
802
548
718
395
580
484
580
436
693
410
827
396
389
677
570
632
571
840
796
570
618
546
816
611
879
554
413
553
491
391
542
431
545
876
892
562
562
865
555
646
536
562
495
553
657
861
644
488
872
646
543
617
852
846
492
958
836
869
861
865
853
668
854
965
748
810
766
482
974
985
992
561
985
745
543
582
951
672
748
570
958
766
544
726
658
517
571
518
649
949
519
636
628
678
781
612
780
679
646
591
996
643
785
865
758
591
1024
750
989
1003
815
961
1000
975
980
738
975
833
933
1010
702
917
966
831
1007
708
817
709
1047
705
844
944
779
832
748
710
712
953
722
1058
963
906
719
1118
763
968
1036
955
955
1033
834
919
951
949
742
951
952
745
954
782
1050
874
1036
963
927
879
710
886
796
1020
937
1165
1024
716
876
1149
871
752
907
718
999
838
929
895
813
947
1103
822
812
824
1104
875
811
754
909
821
769
909
1161
1120
1152
799
1278
796
865
853
777
843
852
784
1225
852
1161
1171
845
1284
869
849
1160
810
1122
1118
1108
1295
855
1277
1286
1278
861
1023
1006
1226
1077
1068
1018
1014
1337
1269
1301
1268
907
1023
1031
1028
1200
1082
1079
1035
1179
1209
993
927
1342
1088
930
1129
895
921
1129
1060
1210
1338
1125
1288
1038
1074
1220
1300
1048
1384
1038
1326
1131
1311
1097
1241
1096
1046
1314
1011
1400
1029
1339
1012
1245
1231
1339
1164
1052
1066
1052
1301
1314
1173
1317
1029
1337
1077
1290
1268
1296
1361
1292
1134
1266
1108
1029
1053
1375
1054
1045
1003
1376
1329
1037
1285
1272
1114
1299
1314
1273
1096
1187
1241
1235
1235
1198
1238
1248
1335
1147
1223
1091
1162
1220
1132
1191
1141
1068
1334
1122
1182
1524
1210
1232
1531
1197
1393
1174
1163
1444
1441
1185
1157
1512
1134
1171
1491
1440
1445
1433
1199
1374
1375
1363
1499
1321
1493
1299
1241
1216
1207
1295
1286
1463
1284
1200
1648
1612
1590
1449
1377
1332
1596
1290
1294
1631
1278
1608
1335
1546
1596
1538
1756
1670
1628
1556
1756
1472
1555
1543
1617
1446
1749
1475
1692
1415
1480
1606
1501
1426
1482
1303
1386
1460
1333
1403
1341
1444
1430
1827
1396
1378
1806
1804
1405
1395
1792
1775
1384
1828
1386
1798
1767
1880
1380
1809
1779
1730
1884
1871
1748
1868
1903
1748
1898
1866
1864
1891
1715
1862
1791
1785
1736
1708
1734
1715
1744
1705
1730
1882
1849
1713
1743
1813
1666
1733
1639
1800
1585
1775
1722
1694
1679
1986
1579
1680
1785
1771
1993
1730
1735
1685
1921
1618
1579
1693
1833
1648
1867
1726
1721
1725
1854
1707
1661
1633
1844
1575
1594
1852
1848
1716
1705
1584
1757
1849
1760
1590
1857
1696
1843
1868
1841
1783
1833
1824
1814
1658
1819
1798
1762
1755
1746
1797
1790
1675
2127
1740
1682
1736
1744
1738
2140
1724
1729
1800
1701
2146
2093
1716
2084
1949
1747
1723
1724
1790
1703
1797
1954
1754
1737
2057
1739
2042
1924
1924
2027
1888
1742
1877
2173
1848
2023
2127
2128
1837
2047
2034
2005
2008
1848
1975
2002
1952
1824
2324
1935
2310
1834
1821
2297
2272
1910
1957
2263
1916
1911
2288
1910
2264
2259
1915
2256
2244
1906
1900
1898
2313
1911
1898
2241
1913
2231
2297
2260
1906
2261
2222
2254
2248
2239
2207
2184
2134
2168
2125
2068
2170
2056
2054
2070
2062
2013
2005
2006
2008
2251
2233
2224
2217
3867
3788
3746
3742
3736
3636
3613
3614
3607
4614
4607
4597
4581
4548
4457
4334
4311
4231
6
7
15
20
11
19
30
9
5
41
5
16
13
6
16
14
20
5
10
47
5
12
5
37
39
7
16
65
10
15
31
56
15
17
17
106
6
22
9
11
20
126
42
61
36
30
11
5
14
126
14
31
19
5
24
24
23
142
110
12
89
47
93
144
31
22
93
32
33
33
160
22
141
117
43
76
40
75
46
38
6
12
45
85
179
81
136
5
13
12
128
144
44
186
25
173
172
24
13
41
153
89
135
10
273
11
153
277
274
28
160
147
259
142
70
47
254
154
37
18
143
146
92
200
102
184
145
303
244
148
32
75
78
81
15
5
82
126
52
18
111
10
93
190
129
192
62
55
193
21
126
114
39
149
76
11
181
78
47
41
38
34
24
49
31
27
420
11
106
424
5
211
16
149
113
102
434
45
396
457
207
127
6
13
22
340
133
315
395
161
14
381
7
486
185
477
6
243
164
26
13
106
13
24
27
16
334
16
5
509
495
513
245
5
24
69
30
507
532
11
35
449
502
31
482
492
226
397
535
543
486
524
479
563
206
477
35
327
21
482
423
220
261
464
206
557
66
552
418
247
500
579
251
503
114
565
404
502
482
311
260
253
296
391
306
551
277
269
210
553
130
228
647
223
221
250
535
188
529
207
423
249
166
155
590
467
191
548
169
588
454
505
141
485
320
473
601
206
462
186
292
453
187
424
658
565
598
457
525
203
178
437
179
255
660
371
663
617
522
237
668
481
587
590
309
695
659
523
654
272
657
668
512
483
571
239
231
271
578
673
255
481
663
444
628
483
485
583
734
361
245
280
335
486
250
484
589
689
482
274
698
589
622
484
297
484
702
358
627
312
603
295
579
559
402
818
504
679
616
640
509
557
732
507
640
756
613
720
511
432
472
504
461
758
750
412
739
460
714
371
685
670
367
540
864
535
843
675
674
632
700
800
747
549
713
741
920
717
910
496
530
475
638
735
595
683
893
711
700
736
682
701
624
674
729
688
898
589
604
625
639
906
578
881
549
616
843
792
558
569
478
598
1011
560
625
568
557
568
594
556
1018
1042
596
917
550
927
523
1041
934
832
938
900
946
836
605
869
938
623
929
851
1084
883
832
1076
609
847
624
627
1026
843
579
1063
1029
927
794
1002
1004
1129
584
1133
1004
795
1087
1008
789
998
759
1105
1160
1073
713
1145
668
1124
645
1013
1100
1075
1011
1067
1091
902
1086
1070
955
915
913
1039
980
904
950
1154
1135
943
931
908
930
906
1100
843
1098
870
915
835
854
1156
883
1030
881
949
846
1136
924
894
943
909
925
895
901
905
908
1189
817
905
882
849
836
835
788
891
965
882
849
840
815
838
1011
972
978
953
1013
854
847
832
1003
832
968
996
962
924
970
1203
971
1203
823
962
1040
948
898
981
898
967
854
1208
943
1205
851
1269
1032
948
855
1273
928
1238
885
1218
889
1189
1182
1230
1297
1185
1249
1050
1135
1080
976
1243
952
1051
985
1061
957
969
1277
972
1002
1369
947
1266
1070
1209
1382
975
1022
978
1366
1357
1183
1348
985
1349
1019
1348
1136
1418
1144
1318
1528
1411
1016
1506
1532
1320
1424
1428
1155
1513
1100
1028
1424
1054
1431
1401
1320
1030
1420
1280
1058
1457
1391
1447
1452
1404
1385
1309
1055
1435
1420
1296
1407
1285
1377
1452
1424
1310
1415
1374
1235
1337
1219
1295
1265
1468
1642
1155
1406
1579
1403
1322
1610
1606
1258
1234
1329
1192
1232
1154
1156
1225
1623
1361
1264
1223
1213
1504
1270
1181
1482
1222
1175
1486
1649
1175
1254
1227
1645
1173
1208
1162
1446
1450
1667
1426
1728
1728
1664
1620
1425
1611
1284
1586
1263
1538
1723
1221
1673
1483
1677
1220
1658
1678
1430
1394
1416
1670
1516
1664
1625
1555
1638
1426
1558
1461
1418
1398
1365
1254
1319
1423
1291
1579
1417
1517
1444
1418
1603
1420
1409
1612
1387
1361
1391
1365
1589
1513
1560
1348
1358
1355
1580
1584
1861
1835
1567
1521
1517
1497
1473
1513
1452
1840
1439
1419
1912
1842
1413
1459
1895
1392
1524
1579
1525
1424
1431
1832
1762
1756
1740
1732
1732
1616
1602
1734
1576
1684
1576
1586
1565
1549
1572
1544
1842
1503
1532
1838
2049
1842
1533
1515
2053
2056
1854
1830
1816
2070
1579
2068
2025
1562
2014
1566
2019
1598
2016
2011
1608
1853
2009
1836
1809
2022
2009
2006
1800
1805
1806
2003
1748
1749
1982
1718
1722
1971
2205
2187
1981
2185
1721
1972
1694
2181
1977
1968
1969
2178
2205
2195
1919
2117
2066
2150
1983
1910
1910
1804
1982
2144
1750
2105
1946
1853
1758
1846
2106
1779
2101
2058
1784
1793
2029
2031
1979
2349
1960
1931
1931
2340
1935
1856
2338
2338
2333
2290
2151
2056
2028
2025
2026
1984
1920
2443
2440
2412
2411
2407
2410
2357
2356
2317
2321
2261
2247
2241
2177
2176
2171
2161
2145
2101
2087
2039
2486
2483
2482
2621
2395
2550
2488
2391
2401
2379
2349
2388
2351
2288
2344
2268
2249
2349
2246
2305
2281
2160
2203
2177
2774
2757
2758
2716
2720
2652
2623
2601
2601
2541
2518
2467
2446
2380
5
9
9
14
7
22
22
18
5
30
5
21
5
17
5
9
16
31
5
19
24
9
20
5
14
46
5
23
26
19
5
12
16
5
20
9
13
12
6
18
13
5
36
17
123
5
5
47
13
7
83
38
16
28
31
21
19
34
14
5
190
42
11
179
24
20
16
6
31
15
193
26
192
18
149
90
143
41
202
97
201
209
38
183
167
162
178
221
29
5
48
174
245
174
182
198
264
182
58
63
41
60
202
15
229
28
216
76
35
72
70
24
75
16
214
54
54
57
185
172
139
199
5
241
8
233
120
110
5
171
85
100
103
102
82
20
19
34
60
98
103
5
263
44
206
75
46
381
20
384
118
48
103
343
213
15
198
322
190
6
52
297
23
219
413
200
110
18
55
218
52
128
194
391
323
43
418
318
361
392
443
203
31
376
26
136
123
5
426
414
206
488
376
137
79
101
355
102
148
17
455
137
64
506
227
451
229
55
109
70
200
135
85
506
36
217
489
371
111
360
418
427
458
427
82
348
57
497
151
345
439
146
440
432
410
309
401
430
465
283
412
410
433
359
399
241
305
240
365
407
369
339
394
240
210
494
451
380
212
469
176
234
329
298
194
389
181
179
245
652
250
349
272
254
195
480
656
477
388
271
345
177
263
209
264
244
640
334
567
675
240
267
708
254
509
213
492
690
266
484
661
275
643
249
662
271
649
314
278
491
309
649
605
613
536
655
285
575
598
556
487
291
483
777
291
753
292
476
707
430
299
742
744
423
530
722
724
601
424
396
425
730
757
693
511
717
466
425
821
406
534
459
524
377
648
831
359
781
641
660
660
416
420
620
548
633
622
479
640
735
632
645
478
623
461
429
909
595
406
423
566
437
637
886
547
622
593
569
438
670
427
659
614
575
555
560
601
572
847
549
553
848
547
540
524
549
492
529
579
495
484
660
479
575
842
581
845
572
567
994
838
535
574
533
568
983
838
840
809
1030
524
1025
582
1008
816
986
559
843
984
799
982
1002
992
765
993
973
951
762
1029
939
1061
1009
1046
930
700
927
1004
1018
1045
989
1020
1047
784
782
997
688
1004
745
758
666
1000
991
662
1038
1030
1040
945
1131
1002
936
769
1050
718
996
1053
971
949
1028
677
892
1062
973
1110
984
1158
972
1129
692
1100
1090
1013
1016
1013
1096
1098
1012
855
964
957
914
984
1140
979
1105
870
1006
852
955
990
1172
912
975
1174
972
920
733
1126
735
924
1111
1117
955
1183
946
1114
985
878
1088
765
1180
1089
916
893
888
888
1104
923
934
1184
1191
1172
1169
1169
1198
939
1153
931
1223
1194
1147
951
908
810
910
1127
940
1109
1177
1106
1096
1060
977
955
1201
971
1124
924
1088
962
977
947
1055
1198
1058
1179
1090
931
937
1184
1084
885
1098
886
1177
992
1046
885
1032
971
890
969
1160
938
1095
971
1094
968
1419
1046
917
954
1021
1146
940
1381
1093
1298
1428
1263
1367
1157
1161
1257
955
1466
1353
1288
1426
1104
1251
1149
1299
1237
1487
968
1177
1488
1072
1236
1099
1452
1086
1239
1153
1293
1122
1454
1186
1445
1082
1435
997
1099
1050
1079
1511
1409
1050
1442
1107
1298
1455
1296
1195
1412
1528
1190
1460
1063
1253
1096
1226
1408
1053
1100
1412
1329
1237
1322
1452
1184
1425
1241
1186
1238
1173
1183
1289
1425
1159
1461
1158
1438
1277
1435
1195
1136
1127
1287
1131
1618
1414
1596
1208
1270
1212
1183
1298
1584
1247
1158
1153
1476
1156
1253
1523
1189
1467
1250
1154
1548
1478
1151
1440
1452
1422
1187
1430
1533
1423
1416
1179
1509
1286
1506
1426
1422
1395
1295
1387
1436
1421
1688
1297
1247
1343
1331
1686
1371
1362
1273
1334
1648
1336
1550
1294
1544
1546
1527
1658
1500
1357
1353
1665
1644
1557
1503
1446
1653
1449
1557
1549
1615
1404
1395
1471
1331
1537
1623
1380
1824
1370
1800
1802
1739
1358
1736
1725
1643
1723
1602
1570
1569
1703
1668
1624
1543
1623
1558
1550
1553
1578
1581
1554
1582
1508
1504
1548
1549
1541
1510
1541
1553
1543
1503
1512
1500
1485
1464
1541
1492
1539
1523
1485
1489
2034
2001
2004
2007
2006
2007
1967
1969
1954
1939
2081
1867
1754
2095
1753
2061
2064
2061
2036
2096
2004
1774
1973
1774
2081
2017
1947
1984
1942
2064
1703
1699
2000
1951
2083
1702
1836
1800
1863
2073
1858
2001
1992
2072
1696
1855
1800
1772
1695
1732
2067
2045
2019
2025
2017
1982
2032
1986
1981
1937
1961
1883
2244
1885
1868
2257
1868
2237
1831
1818
2133
2230
1782
1853
2153
1831
2123
2120
2103
2124
1840
2038
2024
2079
2028
2089
2087
1994
2321
1991
2320
2091
2078
2251
2076
2003
2237
1979
2039
2013
1968
2187
2159
2087
2009
2053
1962
1909
2007
1901
2013
1987
2014
1941
2613
2599
2524
2518
2492
2457
2419
2376
2327
2326
2313
2312
2274
2267
2255
2686
2246
2223
2687
2654
2643
2618
2604
2477
2411
2335
2309
2297
2297
3065
3047
3024
3020
3012
2973
2945
2920
2908
2848
2839
2812
2788
2767
2751
2748
2749
3639
3605
3600
3543
3481
3435
3403
3361
3343
3320
3317
3312
3300
3240
3237
