10
12
36
53
4
74
73
69
4
64
49
53
102
112
83
78
53
126
96
80
71
12
79
130
111
134
83
146
36
130
70
116
112
93
140
102
112
100
9
79
45
131
24
94
180
91
142
132
163
48
92
6
100
117
164
83
37
7
31
40
158
220
138
11
110
147
121
153
234
74
57
163
52
38
208
169
112
58
75
151
35
118
230
217
182
240
23
71
51
15
263
119
163
240
113
146
222
38
242
79
63
227
103
277
99
66
217
70
83
169
145
70
217
239
75
34
40
197
222
168
45
288
244
162
58
287
68
78
51
227
150
193
150
54
50
295
186
127
275
169
246
142
43
116
270
93
251
259
200
40
267
215
147
226
136
138
189
7
109
139
138
10
82
115
107
119
202
423
11
224
248
54
90
128
146
101
116
226
303
268
173
176
73
221
105
86
67
154
102
272
221
231
106
159
292
283
528
199
82
97
100
303
283
215
54
52
154
65
128
18
33
94
258
56
56
185
165
234
187
253
316
229
196
136
69
11
96
295
4
250
142
264
427
7
284
303
163
204
395
152
190
60
41
199
177
313
177
367
506
121
258
113
217
11
97
145
17
279
128
299
391
311
286
182
51
91
278
351
60
149
166
39
236
220
298
205
135
232
4
296
187
309
205
307
163
555
222
215
132
256
127
307
84
100
179
134
22
119
140
120
83
296
152
190
326
70
191
104
74
227
243
102
270
41
299
313
46
282
245
91
24
106
264
137
638
123
4
246
96
355
115
371
276
312
348
311
335
81
219
77
180
98
230
457
191
35
301
419
17
250
112
50
147
163
198
248
43
101
76
726
236
137
183
34
101
193
54
213
37
318
144
121
67
341
187
45
247
235
75
201
259
556
204
220
13
49
213
124
321
95
22
152
34
191
440
339
250
49
595
114
502
219
188
36
259
299
253
186
199
41
334
82
39
291
219
581
342
208
233
292
155
238
583
123
129
303
159
203
114
578
124
161
315
315
216
216
271
404
202
164
315
275
233
209
184
139
147
497
135
193
367
290
258
386
302
415
542
275
177
210
203
556
311
263
651
209
239
471
179
222
193
243
406
224
220
512
261
241
222
218
286
236
916
274
235
263
355
334
375
448
308
641
463
483
605
643
391
469
437
758
6
21
55
21
41
14
43
19
13
60
16
33
58
69
35
49
46
80
114
14
65
39
65
132
69
148
135
89
90
117
116
123
12
155
76
8
123
35
38
134
43
77
149
118
173
156
97
22
196
42
105
152
116
92
49
98
114
120
137
160
110
167
170
176
194
193
88
18
35
181
64
249
200
153
191
90
81
94
121
218
242
246
47
45
225
39
117
7
135
236
210
45
161
105
130
215
59
13
28
106
87
30
64
225
89
106
157
272
193
258
94
207
209
237
247
104
208
233
239
252
303
127
252
60
272
200
215
184
194
25
180
266
93
334
18
81
111
76
246
325
193
142
225
118
235
274
212
65
156
136
262
264
50
251
93
272
220
238
97
288
34
250
399
286
222
188
126
253
273
242
208
92
250
310
201
17
230
8
125
288
303
56
5
129
91
116
198
145
38
156
84
71
57
265
81
155
37
225
246
185
145
204
289
84
207
418
301
208
269
21
105
216
201
25
194
215
7
91
86
248
15
8
270
107
112
421
62
285
141
113
91
229
123
192
91
526
166
153
331
294
15
197
222
219
258
200
282
280
135
207
126
224
260
17
486
291
184
245
252
29
224
40
276
223
122
370
594
229
176
359
31
238
105
570
41
56
290
146
175
574
93
249
194
276
229
508
250
268
60
175
243
260
376
127
175
193
201
256
191
58
172
132
237
161
101
266
78
244
70
153
151
475
376
54
149
307
64
32
148
160
307
133
218
216
144
21
254
85
317
212
214
161
298
152
600
140
186
18
159
311
163
164
390
260
18
293
281
194
220
35
125
137
260
293
84
241
254
129
313
231
163
254
74
173
213
248
215
188
315
299
304
18
543
78
289
242
414
190
338
109
212
192
353
114
208
273
420
224
304
320
482
113
207
38
36
63
67
273
171
86
63
109
299
140
237
266
441
132
135
459
63
313
137
188
557
257
228
590
67
163
387
100
272
107
307
230
232
308
382
455
375
136
170
107
318
272
270
188
228
533
663
148
163
235
286
285
307
464
188
271
253
200
317
782
359
276
350
239
191
515
209
487
818
244
239
179
285
299
196
271
195
209
534
313
247
551
234
277
268
234
472
257
787
403
393
493
390
405
319
408
476
541
493
384
596
685
567
609
510
698
4
23
9
36
39
52
36
55
7
92
75
58
23
31
35
5
45
100
52
7
39
114
66
52
27
150
145
149
135
167
89
143
32
108
171
111
89
22
117
116
194
11
189
84
47
161
37
176
176
203
142
111
26
103
74
218
18
213
226
121
12
28
125
225
62
104
91
122
83
204
19
159
176
62
143
217
131
185
226
137
86
230
233
123
117
43
248
169
225
260
239
40
6
167
150
165
244
180
161
77
14
5
27
64
228
198
122
310
25
83
277
47
83
281
258
99
329
90
181
78
276
11
207
346
145
237
17
233
135
173
215
256
225
126
84
284
166
241
69
125
187
158
160
5
210
111
209
213
176
108
289
73
271
255
181
46
96
122
65
198
281
36
170
175
281
279
18
88
179
136
13
144
304
6
129
134
20
161
189
113
159
130
229
31
43
223
182
251
137
198
229
63
158
243
296
162
375
381
366
189
195
20
240
108
255
117
215
77
243
245
169
137
94
405
203
67
46
229
50
398
205
197
200
209
18
18
45
319
339
195
555
13
572
118
201
196
254
165
24
332
182
104
252
132
181
273
316
15
83
594
274
101
240
235
525
125
255
137
321
207
281
98
62
11
166
256
269
348
25
29
163
233
65
306
131
245
206
57
376
215
273
147
220
245
170
221
291
153
209
197
230
41
61
4
66
21
100
172
320
290
238
72
132
39
131
32
98
138
277
204
275
167
128
102
497
240
100
304
314
224
284
63
178
201
153
512
218
202
346
303
110
220
227
55
296
204
93
288
99
83
137
555
143
156
170
119
194
125
145
161
141
271
32
107
207
50
260
61
157
239
127
167
204
278
393
13
421
306
214
289
290
105
249
215
230
188
63
754
186
266
348
85
241
32
89
123
237
435
241
165
198
276
208
271
178
253
240
87
405
96
275
185
520
148
44
57
98
118
515
228
259
188
119
305
185
288
243
391
189
299
159
366
146
194
677
158
178
246
186
279
137
323
312
251
224
254
174
161
229
149
130
562
198
148
289
328
158
286
277
438
260
442
209
199
263
275
238
232
207
244
399
233
215
262
499
264
259
462
381
247
496
410
384
535
452
443
476
480
301
334
401
455
451
397
853
368
539
635
547
418
633
442
638
634
564
540
744
537
656
685
9
17
5
38
27
36
34
10
19
39
50
22
43
69
65
5
83
34
34
86
26
42
10
87
31
25
90
84
33
97
117
49
55
110
21
66
35
32
27
135
130
144
22
115
107
81
173
38
167
57
163
113
46
174
55
95
128
115
131
169
219
128
31
128
198
205
135
7
143
129
105
232
196
141
114
25
151
65
232
129
175
127
74
109
231
102
161
64
77
212
36
215
189
17
141
200
45
205
167
227
192
117
105
37
8
106
285
256
80
222
224
280
186
98
79
142
54
142
214
95
156
23
59
104
16
264
108
197
140
43
296
37
139
276
97
177
107
160
231
15
247
56
97
174
268
165
156
93
237
233
20
157
373
65
306
104
15
136
201
287
266
79
4
410
307
217
28
266
240
266
307
48
213
241
14
8
30
236
59
35
72
210
190
235
24
107
185
231
138
315
285
79
107
38
193
288
322
277
238
227
209
303
238
32
219
370
160
127
396
294
177
249
73
444
65
128
125
353
296
136
24
288
197
367
255
208
227
140
268
298
283
287
305
33
41
294
88
137
222
130
94
149
167
100
176
405
62
233
241
117
94
239
198
89
252
236
296
186
364
518
317
149
235
319
67
240
100
331
73
207
206
27
321
260
351
226
223
36
601
84
279
316
265
181
195
216
283
138
199
225
85
450
293
84
285
116
184
219
309
267
484
124
318
52
59
18
218
176
312
220
272
151
310
8
131
307
301
548
95
60
275
237
157
243
88
103
188
294
270
486
4
461
275
190
280
495
68
6
15
356
263
134
277
160
331
129
210
210
383
247
272
60
257
109
471
532
316
261
324
233
233
637
16
259
291
273
54
153
209
257
58
356
282
162
146
292
67
263
101
629
552
265
91
136
156
119
143
236
327
198
133
203
28
161
97
397
270
171
371
65
42
243
61
80
84
197
257
325
84
135
275
333
320
275
298
332
222
283
220
222
214
569
241
654
336
229
184
242
150
308
167
348
568
345
136
387
218
381
199
262
136
161
300
182
229
249
241
250
192
505
326
765
425
575
215
255
588
635
264
280
314
402
235
194
400
430
407
295
258
251
334
279
388
314
256
272
260
268
298
278
795
286
325
302
277
765
449
433
320
534
790
358
339
619
422
484
555
403
427
606
15
30
30
50
38
28
54
20
38
69
51
100
110
112
46
67
64
107
36
64
95
46
128
120
66
118
4
144
67
31
68
80
167
145
69
52
25
175
169
50
169
138
132
186
79
197
120
8
26
192
91
202
111
163
133
113
152
152
164
124
54
40
206
230
173
64
49
148
169
218
127
215
95
117
180
215
139
59
245
62
65
233
234
76
91
132
223
218
50
237
106
242
53
14
222
181
164
201
206
24
104
121
14
80
183
307
255
137
149
114
218
209
45
117
210
47
118
18
268
85
205
311
237
252
240
307
129
194
111
80
250
78
25
227
61
124
276
46
195
245
122
163
170
162
92
88
234
248
232
8
178
165
7
276
64
246
133
172
112
192
40
208
431
130
66
220
22
121
214
226
42
97
131
69
243
169
404
243
186
142
155
284
203
172
373
190
39
216
249
303
286
4
136
66
82
197
283
263
232
363
36
58
121
117
181
228
155
368
87
179
283
435
120
40
250
191
87
96
305
427
247
29
208
103
242
391
74
412
97
15
86
255
130
42
115
400
97
198
81
182
117
357
279
117
166
287
44
179
216
18
344
106
226
187
289
124
508
402
46
125
254
290
63
252
277
287
173
95
15
32
18
188
101
184
385
192
254
18
291
426
265
114
105
199
462
237
317
232
48
269
87
501
186
292
25
307
306
321
268
327
239
97
63
141
242
311
197
8
219
445
8
202
333
248
83
51
135
408
347
9
351
118
157
297
505
145
209
48
234
213
23
291
69
315
411
274
243
226
165
179
317
30
160
154
162
31
27
277
319
275
493
142
35
531
311
93
132
93
252
148
96
29
299
31
11
397
339
98
88
225
101
48
26
550
350
259
364
296
261
261
125
61
99
76
708
197
159
162
208
110
118
83
82
98
245
258
293
122
159
255
342
175
271
195
117
253
149
219
675
154
418
148
543
238
576
299
180
309
340
245
139
116
311
224
477
120
345
288
168
317
224
295
307
601
272
362
304
219
504
336
286
533
497
165
175
307
427
232
283
193
198
347
696
340
357
611
339
342
214
245
288
214
330
481
238
279
528
436
299
264
343
369
297
276
303
348
376
328
296
522
435
303
392
315
400
623
551
610
711
374
430
576
499
393
731
504
542
507
509
644
25
17
37
39
56
66
22
79
67
79
4
30
77
65
35
74
67
24
67
48
102
99
61
113
27
149
45
54
65
52
137
55
39
161
108
156
108
179
108
44
186
65
13
23
163
80
51
200
161
127
65
161
168
197
200
72
16
183
34
192
18
32
109
116
181
166
42
83
121
113
33
127
17
9
118
22
166
201
36
224
186
113
210
74
79
254
206
159
67
153
106
138
218
260
307
91
203
198
237
74
51
150
162
183
90
206
151
79
140
90
17
122
216
203
273
20
207
248
23
221
268
96
117
254
315
194
163
159
146
127
212
93
191
47
44
241
175
159
50
126
193
100
180
53
327
35
304
268
170
16
6
126
113
203
40
247
92
41
14
139
189
113
35
29
219
6
188
229
271
210
159
275
99
170
250
258
162
178
290
263
251
317
85
237
218
293
193
111
225
264
169
132
122
213
265
167
270
257
188
105
289
111
101
41
272
195
205
33
297
111
65
62
98
290
34
242
79
263
582
214
160
251
293
273
155
412
150
99
330
187
323
98
86
168
98
115
193
58
14
335
206
79
200
261
24
63
154
155
249
46
105
108
522
47
8
178
34
228
137
338
222
477
203
269
179
239
54
170
40
318
218
219
447
207
22
284
338
190
188
182
66
258
279
295
206
109
361
242
198
324
223
485
9
221
9
268
223
201
393
267
31
302
248
225
176
224
303
267
215
121
117
156
378
322
48
296
281
23
248
250
31
182
69
235
184
94
301
49
350
241
280
59
432
59
139
235
76
243
409
207
388
81
319
277
227
164
384
24
131
11
18
188
263
103
58
136
391
42
500
192
294
133
227
312
284
248
218
277
86
8
507
273
263
327
243
75
35
121
317
306
6
166
217
53
61
179
488
38
204
121
317
107
130
151
177
181
150
219
245
198
343
286
97
180
143
63
161
582
113
326
278
198
185
292
234
320
73
93
267
204
91
182
286
303
197
188
279
175
111
200
280
187
257
157
217
251
466
270
181
262
245
297
262
194
219
189
284
301
194
535
207
273
309
322
354
465
296
309
211
396
302
368
310
302
294
196
217
276
207
221
385
296
589
241
509
395
283
294
243
254
603
290
455
411
284
284
355
302
341
506
369
404
346
373
517
359
421
517
668
618
21
24
32
24
26
51
49
30
46
48
61
67
44
23
57
22
127
41
44
100
138
112
84
112
61
99
160
122
88
134
73
70
135
112
29
16
134
9
145
118
67
69
55
74
132
118
46
45
193
110
157
17
115
11
156
71
104
137
9
7
198
213
182
127
21
215
43
50
17
39
177
111
218
194
194
28
141
159
202
6
216
30
30
22
143
233
64
73
39
135
190
167
67
200
135
64
47
101
26
112
51
217
119
160
145
65
67
200
102
185
264
110
198
185
11
61
22
260
94
239
220
100
99
100
91
117
183
275
127
249
212
89
47
231
210
73
305
214
87
150
32
211
127
68
8
86
17
151
125
43
36
79
276
278
318
51
16
338
151
28
140
120
346
105
267
323
232
269
101
202
131
68
43
140
95
74
47
403
120
116
37
110
104
271
27
276
286
18
91
116
113
256
449
269
57
228
57
137
107
234
154
192
187
123
189
48
265
103
181
78
268
100
253
398
244
405
192
174
60
101
307
61
84
43
220
216
62
91
219
116
242
130
82
253
196
275
132
178
209
139
275
28
294
98
97
167
127
245
280
109
273
260
336
169
168
25
64
166
158
164
357
322
147
273
179
67
336
520
152
263
40
79
161
102
248
63
122
178
145
30
233
296
66
380
30
124
55
229
376
96
67
34
295
154
334
197
31
70
163
213
5
424
78
99
101
62
261
144
66
273
19
101
59
88
576
92
86
243
79
159
113
9
88
14
130
308
39
168
18
83
18
128
106
332
307
257
115
336
262
218
96
270
162
71
352
69
4
69
294
278
193
235
265
350
324
206
216
302
172
224
259
218
8
147
145
345
121
153
264
141
239
178
69
57
241
269
459
225
269
234
350
277
87
80
105
221
90
145
271
186
524
295
250
153
58
370
333
369
65
468
275
410
503
365
123
86
126
376
224
323
303
484
190
290
228
226
566
202
326
221
347
129
189
664
202
277
232
329
436
304
289
265
332
191
457
140
321
236
502
555
176
259
208
397
212
255
364
233
307
371
321
370
227
224
295
334
311
251
326
210
385
411
324
206
305
641
579
239
210
281
499
302
285
468
358
506
494
471
265
332
328
445
331
483
372
452
335
503
409
486
583
376
577
546
413
455
527
517
616
572
11
35
34
23
26
48
50
55
41
79
88
56
111
53
94
12
118
110
129
81
104
123
126
100
42
158
66
72
34
78
60
127
68
20
36
131
90
106
68
12
194
105
141
21
94
168
144
19
162
195
100
21
73
89
65
150
181
56
143
183
212
51
84
116
169
46
223
127
229
150
93
133
180
115
212
157
38
236
39
179
41
172
197
197
99
233
39
85
185
205
177
212
220
163
223
66
167
165
233
90
100
145
20
97
139
132
251
246
34
114
37
71
124
125
98
54
149
131
147
189
80
227
242
46
87
237
52
41
268
253
255
194
111
30
426
261
168
182
248
256
128
201
71
126
206
254
103
139
23
197
93
185
356
116
263
115
222
5
73
406
267
349
163
131
164
30
31
45
239
180
84
357
219
267
487
287
158
212
296
235
17
4
186
372
136
254
446
193
206
294
170
237
231
207
90
247
107
15
22
214
229
281
53
125
208
122
163
204
287
13
216
142
168
228
247
140
445
135
142
286
357
263
301
150
208
50
268
221
413
198
96
174
133
75
210
172
54
38
132
134
164
77
345
120
225
263
300
119
174
10
144
40
285
216
241
253
88
29
543
42
18
240
279
58
46
172
460
423
310
11
282
217
68
251
72
65
159
133
118
158
468
303
175
72
128
25
16
210
141
334
438
233
79
171
25
292
326
151
26
48
168
128
280
7
639
506
334
464
155
169
31
403
256
253
27
170
292
65
236
236
27
149
246
267
121
104
660
211
185
272
345
165
221
70
541
12
733
78
159
100
473
111
248
445
76
152
187
7
59
322
295
457
114
249
301
276
97
292
239
128
106
280
142
391
325
149
192
141
157
52
91
312
298
301
274
262
107
58
41
290
245
460
310
165
21
126
327
232
242
161
320
134
294
168
231
93
166
350
70
94
66
271
410
476
290
198
208
174
273
161
350
196
343
260
114
238
219
102
311
546
177
127
267
212
177
108
184
403
243
206
337
237
249
334
263
306
218
167
219
156
371
478
449
523
301
230
246
329
453
316
712
261
249
282
286
190
284
569
394
196
312
298
260
327
245
480
306
457
797
417
289
339
278
282
291
497
484
273
314
348
366
282
282
384
388
507
705
305
497
722
432
442
388
513
525
479
479
484
437
504
24
22
4
27
56
4
7
40
38
36
33
78
25
74
103
8
109
78
91
74
38
99
34
112
10
29
4
16
30
36
32
161
78
139
130
43
55
24
55
96
171
9
159
99
96
93
63
188
111
29
28
144
105
134
147
54
224
42
37
41
190
8
85
159
11
213
173
182
95
108
74
145
76
97
158
41
109
241
218
213
102
203
57
9
64
250
6
83
169
243
80
58
46
121
27
261
38
230
11
141
151
53
167
301
195
90
39
109
151
225
202
197
32
186
209
54
26
171
47
163
230
219
208
133
145
50
227
247
91
77
159
127
135
113
26
224
57
193
64
225
134
112
161
64
64
239
337
52
110
183
118
120
16
79
258
73
162
111
12
61
86
31
58
198
38
72
124
42
212
313
136
240
333
39
376
257
171
189
48
108
458
203
81
11
13
276
46
196
157
67
263
164
261
341
181
88
161
456
15
240
4
11
168
217
150
177
250
135
70
128
205
263
126
103
333
451
40
172
67
122
293
172
31
304
30
457
45
474
262
279
273
364
122
246
208
256
178
104
94
148
88
20
5
153
112
147
84
139
120
212
18
400
256
97
314
221
252
222
245
148
489
8
223
122
116
65
133
196
405
39
443
159
115
205
244
170
340
216
278
103
280
176
214
125
276
322
275
257
196
382
241
253
296
102
184
152
100
361
48
420
245
68
276
86
81
258
84
241
268
84
238
255
259
91
269
420
196
321
181
404
360
12
236
245
159
145
268
602
108
203
278
248
223
92
537
286
206
157
179
124
214
81
268
397
236
18
35
289
222
262
386
197
122
178
583
168
278
103
146
106
70
58
206
291
300
105
267
279
144
99
438
55
313
281
275
56
86
210
49
242
336
265
306
204
262
622
183
88
47
128
195
142
142
23
110
138
275
308
78
274
9
50
219
251
322
255
69
137
234
289
65
41
274
172
264
128
186
158
115
123
62
184
131
115
391
307
353
272
108
139
98
125
282
299
333
272
138
112
112
428
261
506
125
199
205
133
312
158
151
484
213
247
300
151
275
375
422
172
347
407
201
209
213
203
628
463
263
180
317
423
319
356
299
520
554
374
237
241
274
428
270
369
249
800
259
253
363
278
298
312
430
502
468
363
380
568
711
740
477
882
7
24
18
59
65
31
43
13
97
50
67
84
61
87
83
71
114
138
63
137
140
98
124
67
119
62
149
126
166
94
56
22
44
174
151
107
42
137
87
14
10
59
96
100
197
80
194
80
159
65
102
77
189
184
100
41
175
148
100
143
165
219
229
153
229
93
38
203
219
49
116
216
72
209
199
78
176
53
186
172
211
143
177
47
191
109
203
190
258
163
208
65
223
229
54
257
32
165
70
33
56
111
194
146
43
218
130
76
218
97
60
220
82
272
197
252
182
134
115
117
229
241
156
328
252
77
110
156
24
39
216
156
56
299
260
280
172
307
69
167
247
139
32
144
299
244
335
63
77
71
265
279
182
25
274
26
106
185
87
184
316
350
146
16
146
140
311
246
241
262
128
329
218
252
19
302
9
378
269
290
50
274
238
97
178
242
232
173
127
171
370
132
428
326
7
23
162
215
164
296
105
207
123
315
180
22
8
163
132
293
149
137
256
210
166
322
277
192
529
16
377
173
283
7
34
71
274
492
341
12
25
291
244
7
28
381
270
231
309
162
379
139
163
56
193
83
28
234
144
303
72
492
298
374
86
412
237
141
136
384
61
104
184
99
233
108
146
232
111
178
94
218
342
293
139
232
21
278
84
28
28
254
256
254
200
345
495
325
216
24
530
241
555
26
67
328
175
484
173
130
223
612
533
325
210
319
65
150
154
118
539
258
206
259
238
149
276
158
386
167
137
162
76
6
132
135
514
150
80
252
158
284
196
20
475
124
273
498
277
23
135
244
169
227
133
261
223
195
5
85
52
393
39
158
279
170
287
213
283
91
24
337
365
184
207
193
372
255
160
454
9
197
314
179
207
213
272
333
345
133
444
109
191
263
141
311
366
14
126
25
209
359
275
210
87
220
120
282
224
59
219
60
157
52
310
65
477
464
221
81
102
274
248
130
136
206
218
232
240
242
173
180
91
458
414
141
273
617
375
280
274
167
707
281
489
216
279
226
171
316
405
809
138
204
450
454
251
428
261
164
180
246
260
839
255
348
369
309
352
265
253
202
254
433
326
323
250
253
495
370
381
563
369
323
266
269
342
427
368
479
455
371
639
365
409
402
333
421
341
366
471
759
997
425
498
468
632
666
495
529
29
32
56
5
77
62
48
45
103
27
58
7
91
111
27
116
81
124
22
77
68
160
58
130
61
89
135
145
182
96
84
190
188
88
72
47
111
149
7
130
191
91
23
216
155
162
147
162
166
203
201
5
224
151
120
210
14
127
11
102
226
162
123
239
57
32
13
236
22
120
227
154
192
17
197
187
142
213
67
141
124
251
231
43
119
229
216
57
178
84
112
194
101
128
210
70
109
256
191
205
69
141
139
227
238
263
56
232
126
105
245
228
142
242
4
87
68
77
183
189
101
109
36
139
85
188
169
66
255
55
9
48
132
223
101
39
47
168
224
12
4
234
339
359
121
197
229
158
70
231
200
218
273
247
13
373
241
278
171
14
272
116
231
142
372
145
256
106
14
178
260
376
107
138
67
232
133
371
251
79
81
64
374
96
149
85
135
85
248
53
164
316
9
17
34
401
109
308
238
281
337
256
192
245
34
285
205
134
428
136
145
151
274
175
106
284
123
221
120
202
266
345
184
73
61
265
308
276
79
134
238
246
268
154
290
365
420
200
43
157
75
120
215
245
242
418
78
372
109
288
62
60
191
219
464
97
264
65
301
88
107
267
161
78
138
143
87
527
290
56
91
456
76
158
41
212
224
536
49
300
252
241
206
277
297
212
257
241
176
52
542
190
245
131
33
294
38
220
330
300
230
121
80
287
215
212
244
104
270
244
150
206
196
118
56
236
343
448
255
513
277
308
120
361
172
89
218
246
344
241
286
435
185
131
67
55
300
212
19
166
34
115
70
176
147
46
40
297
376
181
277
201
260
129
201
120
115
373
398
181
253
378
457
37
31
27
87
66
211
420
103
183
547
72
95
199
156
88
311
242
227
233
321
167
275
285
62
275
560
283
488
400
173
75
250
86
303
192
228
497
331
102
235
344
258
270
288
229
324
251
213
480
541
425
115
131
264
151
128
297
293
257
151
294
258
190
188
648
241
423
269
293
551
313
186
180
235
322
277
229
468
184
234
269
233
652
393
216
555
284
226
237
278
297
370
265
388
300
389
345
234
308
590
264
308
327
298
257
262
449
501
425
451
415
290
327
424
431
297
349
491
361
610
326
381
387
427
444
459
383
582
529
731
386
735
513
508
508
575
570
29
44
30
49
82
67
44
5
89
20
18
45
110
81
112
43
87
38
64
114
73
147
116
36
9
79
126
167
152
53
173
53
169
85
102
66
192
139
51
52
26
197
101
9
129
8
153
143
145
35
26
209
7
102
92
150
44
215
185
186
220
149
228
52
76
156
240
72
26
236
49
145
180
48
166
113
117
199
201
28
249
96
124
190
68
72
160
233
255
175
30
161
182
111
98
132
134
138
164
124
12
68
95
201
175
160
67
255
235
212
119
34
246
27
212
112
22
98
227
41
42
271
65
81
126
128
213
273
171
192
165
185
178
26
89
13
125
77
215
155
50
40
166
379
93
76
82
195
52
156
208
121
356
224
59
41
260
296
270
232
45
455
77
297
181
246
80
194
101
259
258
77
275
203
167
89
240
266
307
229
288
168
366
239
295
75
94
223
145
210
176
78
250
252
77
95
188
187
120
9
97
141
157
290
83
24
90
301
267
45
13
21
283
242
131
35
24
234
27
153
96
98
17
28
100
82
18
266
103
294
128
266
273
137
287
265
133
123
26
350
198
5
302
74
34
358
167
379
116
52
199
47
101
173
241
92
204
343
8
32
332
394
299
17
164
191
122
102
240
14
265
205
228
217
170
236
28
92
218
190
85
15
125
286
271
38
70
105
423
345
30
327
126
183
16
14
217
56
297
58
37
106
164
86
80
69
166
782
296
358
291
206
422
279
283
117
264
204
284
15
132
340
408
47
188
122
30
528
120
257
83
212
201
252
527
255
521
25
157
171
326
111
322
55
61
259
257
496
106
123
331
10
229
197
13
188
216
57
51
59
111
514
139
547
295
199
66
317
111
361
71
117
205
34
274
249
22
553
212
266
63
73
366
207
204
233
273
137
288
158
168
295
338
296
113
165
488
355
235
136
274
93
563
206
233
113
276
472
86
98
301
294
172
329
289
153
334
274
123
159
205
199
256
203
303
222
156
364
179
505
303
319
336
137
219
497
322
283
505
287
193
297
163
294
163
277
262
263
334
186
415
186
235
471
343
259
366
245
447
292
283
353
303
217
310
413
302
389
299
298
393
495
529
675
272
429
736
306
464
397
429
452
406
375
321
367
522
455
491
364
527
492
396
445
576
465
454
486
501
548
26
20
32
33
11
6
41
54
27
27
18
36
9
68
7
81
114
38
16
78
79
99
8
150
48
40
151
101
71
16
149
55
82
102
61
42
195
84
144
167
172
116
166
154
42
32
42
69
181
133
151
16
39
129
24
51
225
202
186
182
209
165
211
26
41
86
231
114
95
116
123
149
180
80
224
229
105
100
277
81
194
196
73
160
184
91
106
224
198
150
222
215
92
229
182
245
59
98
84
132
97
83
111
67
174
149
37
13
218
196
230
171
103
64
123
82
59
137
244
150
187
37
171
33
205
165
206
164
104
79
205
151
33
117
57
231
99
174
213
190
237
70
153
269
195
167
161
244
115
15
51
270
40
58
118
242
51
290
378
245
101
247
229
306
126
283
33
205
259
25
131
105
65
56
141
200
40
357
249
201
480
221
163
210
63
468
89
68
31
325
66
189
108
305
72
179
104
135
109
66
270
279
212
28
33
111
254
206
380
105
379
103
224
8
331
257
169
291
95
363
394
301
276
164
51
401
292
420
56
228
151
129
45
260
308
41
69
252
130
140
270
249
295
78
359
66
30
183
166
35
253
245
188
278
279
330
227
211
298
142
248
9
91
90
279
40
190
70
281
16
208
117
410
98
28
97
99
202
102
148
221
40
88
109
136
198
258
67
285
112
37
207
83
141
291
318
249
283
393
242
242
112
83
437
16
422
148
303
8
121
52
117
393
111
52
448
100
258
153
51
258
92
230
348
147
182
193
233
283
171
17
49
697
253
56
173
181
56
322
286
280
288
113
205
257
259
33
278
79
305
154
308
239
89
260
365
4
156
60
145
97
304
93
244
148
270
413
549
87
33
221
194
602
62
151
67
45
311
161
26
5
65
354
161
226
348
341
59
283
106
492
647
123
237
205
439
449
207
93
240
272
20
274
109
51
48
230
199
206
300
45
101
120
129
259
369
55
71
95
528
215
372
384
275
419
248
149
250
400
100
85
346
302
166
161
242
265
213
141
464
129
327
196
151
318
120
110
136
299
252
142
131
150
177
228
343
542
381
433
150
177
247
255
243
422
235
186
376
191
307
257
339
214
490
204
193
209
751
253
245
349
542
280
391
488
269
309
293
287
410
576
300
351
403
395
758
609
362
633
892
32
6
46
23
18
25
18
15
23
41
59
51
79
73
19
83
72
66
61
117
98
136
136
128
118
24
123
75
47
51
19
33
86
171
10
181
99
20
143
64
209
56
168
133
64
27
198
82
194
128
91
227
127
195
196
91
220
38
77
127
88
30
226
62
9
38
168
221
185
75
26
113
217
178
18
8
47
107
120
144
215
244
13
176
55
170
165
182
57
123
174
174
220
134
169
77
143
125
159
99
9
70
231
71
68
146
190
223
122
146
240
132
210
210
367
117
200
185
87
263
35
139
254
65
227
50
79
176
217
233
150
79
207
220
346
137
235
127
95
51
29
198
240
132
221
180
254
54
412
80
47
25
141
83
137
232
207
13
111
210
35
126
244
141
107
150
117
269
114
48
96
186
51
8
285
106
350
214
141
25
55
253
9
32
97
141
99
16
261
112
249
155
88
216
78
253
35
30
454
132
39
295
144
99
62
34
194
39
60
23
23
86
210
207
310
221
318
204
253
273
199
232
283
245
266
183
455
188
260
229
133
99
347
23
325
183
4
270
316
275
174
244
297
114
261
124
23
229
267
194
378
234
174
261
210
261
173
123
243
17
415
108
283
94
191
378
152
9
119
79
302
239
179
308
186
246
200
12
425
77
235
76
286
206
261
282
20
27
29
147
272
244
304
157
169
302
238
272
8
301
34
231
269
95
168
194
326
72
215
282
298
80
235
217
155
193
422
247
134
51
248
71
227
431
70
96
265
448
431
140
241
319
234
185
22
40
279
94
405
147
356
417
241
105
173
15
54
318
76
217
179
128
124
112
10
297
255
91
205
264
354
271
24
175
40
588
543
158
531
140
110
116
272
64
110
162
350
278
187
279
288
111
636
151
254
278
82
435
355
183
88
66
63
99
252
93
120
74
322
80
263
107
370
263
507
112
426
290
331
361
97
166
508
286
240
155
146
251
223
118
296
244
496
173
368
191
473
218
119
240
273
115
246
201
304
249
275
300
307
131
371
203
459
156
219
413
381
246
279
253
289
266
349
265
477
193
192
311
220
591
573
298
379
210
269
353
259
226
264
691
478
270
244
251
489
523
529
283
307
345
611
307
639
409
309
453
411
436
562
413
417
391
682
501
721
648
537
510
542
634
6
10
17
38
44
70
55
61
42
8
78
31
134
70
7
18
64
22
134
154
55
131
30
164
185
28
183
59
38
77
48
112
58
185
204
19
186
60
180
184
68
121
181
209
49
196
64
166
217
115
229
230
210
102
29
66
140
23
180
18
232
22
69
30
192
231
205
209
150
188
212
69
200
243
178
186
19
169
155
92
153
186
252
158
199
24
56
188
105
124
144
9
25
182
247
207
156
193
6
231
244
78
98
202
102
268
102
205
180
120
177
11
213
146
108
164
117
91
258
84
275
20
40
164
169
284
151
144
82
78
84
249
428
386
194
319
180
59
83
137
131
138
186
131
91
159
211
97
211
161
130
45
194
102
61
295
259
235
172
19
144
176
152
33
269
254
33
208
308
7
198
96
21
269
233
290
336
346
85
272
249
194
145
231
192
27
312
140
437
49
181
181
285
67
353
148
286
170
500
38
373
56
243
30
321
176
266
119
103
177
53
12
225
226
25
159
274
296
37
125
14
257
343
237
285
304
239
97
258
428
317
286
522
84
221
33
303
118
157
307
315
219
185
297
322
382
78
440
176
167
41
239
41
219
165
262
253
39
63
145
127
318
196
250
266
186
160
293
187
254
374
125
168
275
237
151
396
45
47
202
147
165
304
224
22
81
219
113
145
131
27
434
389
60
54
354
337
183
294
202
182
250
79
298
107
360
231
185
520
44
163
63
95
286
465
270
70
59
294
193
626
542
277
283
236
205
364
89
296
214
238
254
341
97
154
122
55
56
150
277
164
388
120
46
26
179
311
223
299
83
384
98
205
142
57
250
201
85
253
119
252
190
225
36
307
40
199
299
194
280
27
226
235
207
260
407
274
476
77
165
181
16
188
255
170
152
275
131
470
281
500
189
79
107
23
271
281
166
309
238
290
289
25
460
231
39
112
93
71
284
217
334
260
222
234
182
496
323
278
268
480
86
93
232
83
95
306
288
296
338
308
203
151
332
175
256
230
278
153
204
276
500
385
240
122
145
662
252
149
144
252
279
255
151
170
899
238
234
227
493
193
186
207
432
283
232
219
207
204
273
296
303
282
243
248
245
355
289
333
243
395
266
441
378
320
530
392
483
315
606
385
333
323
342
401
540
525
947
524
540
