12
6
27
17
31
6
33
6
10
42
15
31
25
23
14
38
60
40
53
8
9
19
41
35
53
46
79
22
38
48
61
46
60
29
12
25
73
28
61
81
76
16
77
58
34
35
97
52
89
67
65
43
16
74
97
26
61
45
50
138
11
87
103
126
104
43
50
86
78
49
26
79
40
36
147
105
156
63
54
84
72
163
59
102
92
84
70
58
109
84
126
57
81
42
83
116
83
103
141
86
81
56
102
70
47
79
45
96
20
4
179
91
16
29
7
107
115
116
100
62
113
117
64
239
142
17
103
22
216
127
17
178
68
71
148
6
37
23
47
74
93
167
146
31
212
176
154
146
79
144
58
146
60
60
121
168
80
102
255
88
53
136
132
73
66
115
176
110
146
324
83
309
126
125
113
81
125
157
178
65
249
104
100
17
174
178
112
70
87
70
160
102
225
26
119
174
153
148
25
80
34
98
233
10
161
105
122
181
89
132
326
133
25
156
253
27
32
63
176
8
46
219
16
198
239
19
166
174
44
296
63
13
106
177
118
81
82
36
202
238
159
97
184
150
51
88
135
184
168
9
134
111
35
114
85
86
225
115
66
89
100
215
97
99
29
209
41
288
292
14
22
296
42
60
75
163
69
49
160
261
172
103
65
296
239
177
176
267
24
96
76
63
110
63
280
242
95
121
133
178
67
185
31
34
219
102
80
206
52
137
42
136
80
326
190
369
70
84
16
141
309
165
195
195
57
102
196
351
84
273
79
193
73
68
172
97
127
138
90
259
266
41
85
40
40
36
24
50
261
257
276
166
106
77
253
122
114
99
389
72
95
83
402
144
18
361
218
202
25
108
243
258
88
35
297
117
294
111
123
70
126
153
40
59
213
163
148
24
333
32
95
10
60
30
26
14
83
232
339
258
174
146
311
206
160
89
115
195
27
169
442
112
165
235
75
303
69
217
245
196
156
234
359
142
264
220
108
169
77
80
266
149
88
268
234
97
261
189
238
179
269
152
137
428
257
303
245
121
201
236
244
217
375
363
277
256
241
184
264
280
259
252
326
299
203
200
352
258
265
311
214
233
297
257
421
305
205
225
273
225
315
274
400
252
288
315
257
431
338
355
274
403
289
410
358
416
339
369
448
394
8
9
16
15
9
6
5
32
6
26
9
18
34
37
29
43
6
31
25
54
67
38
30
51
7
63
21
62
56
87
55
34
33
45
25
4
33
54
17
39
12
20
45
31
24
53
62
26
72
97
21
68
66
100
104
19
58
22
38
13
67
93
128
47
57
81
107
44
14
42
36
4
32
108
124
70
89
53
70
27
57
111
48
79
77
81
130
29
100
96
79
36
81
68
98
163
146
77
9
126
109
20
5
44
89
196
7
9
192
28
116
47
30
8
53
48
77
83
33
44
127
42
11
134
161
60
157
187
55
194
29
88
156
22
113
69
153
66
39
85
103
19
8
10
89
167
26
78
87
17
78
179
94
12
140
154
61
45
14
54
138
4
5
138
147
65
105
108
188
232
45
170
246
104
248
135
129
37
219
12
82
40
158
165
53
102
19
55
43
149
46
35
73
80
107
111
144
194
103
216
76
136
10
73
98
229
28
77
62
91
65
179
72
125
145
233
306
181
315
206
68
195
177
128
41
232
228
96
126
95
7
151
104
117
98
48
215
127
121
38
9
204
98
31
142
196
168
118
35
50
274
147
103
14
16
35
119
34
178
170
260
149
392
91
110
23
120
185
82
58
97
150
270
246
192
153
129
240
91
327
63
239
161
70
38
143
296
210
224
47
112
91
269
118
133
98
89
96
273
87
249
328
311
116
137
50
114
97
63
212
148
305
120
96
468
229
191
193
59
39
22
80
182
213
185
218
95
306
267
181
300
307
180
23
228
382
327
258
299
181
178
80
13
184
350
128
229
191
173
135
378
282
71
371
388
234
118
204
99
34
130
207
243
220
151
134
159
438
96
233
157
76
156
172
80
112
161
163
328
312
272
288
407
108
473
88
325
163
183
219
270
51
202
437
85
333
75
203
194
407
362
159
429
399
323
92
274
193
241
86
86
215
171
170
243
179
153
191
454
146
328
192
383
118
245
350
195
257
174
304
116
120
290
170
131
131
406
203
416
435
296
348
477
260
201
287
468
210
197
261
321
228
163
537
398
341
201
181
241
383
245
219
257
426
386
477
381
534
317
245
333
511
294
328
465
420
276
373
288
250
252
318
388
528
426
396
313
288
430
331
511
447
302
305
440
453
436
539
406
488
12
13
17
12
7
12
40
27
23
35
32
20
18
9
51
59
45
8
36
55
25
56
53
28
35
73
4
46
25
6
37
63
10
56
50
37
74
64
16
32
14
75
74
48
92
74
77
75
59
79
64
82
52
79
34
135
89
49
110
45
68
77
46
140
57
51
113
73
77
55
13
120
49
60
116
18
31
8
37
91
70
100
43
85
116
107
165
87
71
156
152
207
60
117
40
26
91
185
132
79
68
63
31
64
75
161
63
178
81
76
73
62
8
45
21
105
149
64
99
24
86
153
10
179
160
261
161
182
131
61
219
110
21
129
73
153
65
69
21
39
49
141
68
60
163
18
143
49
146
81
205
43
31
5
138
100
57
37
171
86
11
231
57
211
84
103
50
87
72
189
82
168
4
241
81
170
98
188
139
97
102
88
45
109
102
152
176
81
86
202
68
230
24
242
113
18
161
67
121
96
137
93
43
206
300
86
185
156
186
94
127
105
34
215
67
119
237
73
316
94
10
126
183
42
208
13
80
145
236
126
70
93
248
104
176
72
76
18
254
137
291
24
92
145
90
195
238
132
290
286
28
151
140
65
230
273
189
183
151
60
28
18
303
118
108
83
293
65
402
152
104
114
197
53
288
60
94
156
244
220
213
16
93
100
302
149
160
122
157
26
331
127
400
121
241
285
39
59
18
392
131
215
6
118
286
371
158
44
7
116
228
5
24
351
109
255
135
490
194
107
173
228
188
104
203
203
114
147
124
72
37
285
120
197
275
329
336
197
95
127
130
96
206
487
107
58
41
75
95
319
184
69
181
68
60
216
266
28
111
213
481
212
281
47
171
11
450
52
18
436
129
330
287
22
520
93
101
24
210
175
182
259
303
296
27
33
262
110
37
362
18
35
163
346
356
102
370
222
157
96
116
271
156
91
166
163
152
399
148
129
241
78
80
139
217
314
137
311
592
88
281
181
119
550
494
220
309
313
448
135
293
201
259
275
370
132
318
103
347
269
242
356
194
212
471
331
133
202
178
431
168
223
278
150
229
297
213
555
526
212
269
587
398
328
269
280
232
346
236
245
329
345
190
345
472
460
225
216
236
428
644
384
318
327
369
306
387
458
403
289
578
407
375
473
540
367
343
422
390
413
8
15
10
25
16
29
49
33
43
38
17
60
14
16
19
7
45
47
49
35
52
9
12
8
48
10
42
76
65
36
71
45
13
65
31
68
81
75
18
113
52
53
29
23
87
51
23
25
64
47
64
84
43
89
63
56
35
64
50
98
19
18
59
80
99
54
68
65
57
48
4
87
74
54
14
107
105
85
68
87
12
64
135
62
125
31
115
71
117
79
61
106
76
114
82
86
147
131
171
13
176
25
30
83
107
80
36
52
143
127
26
166
96
69
68
131
95
42
98
49
58
177
171
91
104
46
134
53
73
18
108
93
84
188
152
154
95
56
81
75
54
82
154
61
99
69
257
92
277
133
288
49
21
114
166
179
123
28
7
178
25
65
169
176
216
100
64
19
67
79
25
101
151
96
85
75
77
75
264
132
53
62
230
9
173
151
150
98
122
175
37
351
66
35
364
113
37
159
90
77
116
17
107
29
236
9
262
84
91
74
125
117
299
72
120
25
12
49
48
55
234
56
21
208
10
91
352
307
56
88
88
14
59
117
169
6
19
358
184
115
133
405
173
136
97
187
56
81
268
120
170
178
166
60
4
88
45
179
40
49
87
39
210
207
214
170
82
23
32
144
75
110
124
281
168
53
336
169
110
74
253
159
16
117
47
125
185
170
71
286
25
138
65
299
191
135
89
73
18
200
32
64
123
210
110
28
63
247
106
50
54
165
84
100
280
223
228
325
79
232
23
102
190
249
75
23
177
346
327
179
116
120
51
235
158
101
232
82
210
119
220
10
40
40
409
185
240
78
183
85
86
120
257
93
69
49
349
283
74
294
159
53
159
95
243
88
48
49
68
42
163
136
319
167
285
400
17
92
391
62
61
92
75
338
130
42
194
190
234
164
287
217
272
60
319
28
103
180
478
336
132
253
7
60
146
201
241
300
373
116
114
40
82
243
66
111
243
159
206
153
366
43
129
272
98
86
47
111
322
176
403
241
158
91
104
148
130
169
143
110
88
204
365
207
292
425
375
140
302
438
211
317
222
132
404
182
365
255
178
223
189
185
347
181
182
162
256
162
311
187
277
176
199
408
194
192
511
193
365
401
244
265
338
219
225
333
239
304
485
335
455
291
337
440
349
349
345
421
368
426
8
6
19
18
10
8
6
20
21
31
28
43
27
27
32
28
46
45
45
19
17
32
70
5
33
41
16
36
77
4
79
42
67
64
46
61
27
43
62
29
49
48
106
73
41
43
45
42
5
77
61
107
73
42
48
61
4
42
45
45
43
56
46
110
132
15
43
25
105
79
90
104
56
89
140
92
78
57
65
30
81
168
18
64
93
91
8
63
123
72
37
82
53
113
103
92
152
22
28
111
16
112
135
139
60
14
108
120
151
51
90
63
67
30
92
64
173
75
92
41
25
26
176
6
185
25
168
122
102
29
73
26
84
67
143
124
172
6
30
146
97
155
171
217
125
180
67
147
114
92
199
40
148
151
75
33
49
72
117
41
75
45
82
123
187
164
158
133
95
45
33
52
44
95
196
24
214
120
136
91
128
150
154
191
94
93
201
7
89
93
40
60
251
223
107
61
195
233
71
93
44
117
68
233
103
9
149
28
80
19
193
128
96
58
241
47
45
94
24
211
10
36
192
171
244
44
196
34
62
6
91
94
40
45
87
144
87
132
296
179
290
239
51
97
48
85
89
291
107
79
36
45
173
65
8
165
245
42
146
96
17
49
132
142
56
35
86
65
143
282
243
102
121
119
35
190
76
21
106
270
112
75
134
143
132
155
134
165
80
262
228
103
288
67
16
319
137
157
195
307
66
81
102
79
223
122
229
209
16
90
225
137
129
176
42
239
185
277
124
48
59
83
60
42
385
27
199
40
8
115
304
250
73
209
324
250
225
197
168
29
186
96
101
50
256
53
368
187
154
26
432
20
126
278
351
316
172
284
112
172
27
98
21
83
224
77
125
161
73
26
11
125
82
83
94
111
484
92
81
64
309
132
50
352
5
349
170
297
84
99
327
77
25
64
127
51
351
123
415
32
188
257
273
68
34
80
73
97
455
320
104
317
168
118
21
363
204
245
54
143
139
197
216
133
180
161
141
175
147
569
154
72
404
266
226
328
60
96
126
102
412
97
71
100
215
207
86
398
171
169
370
289
368
398
263
184
264
164
146
186
267
237
198
220
299
230
183
208
343
383
319
183
181
208
366
246
375
196
316
188
229
346
241
217
313
267
398
418
243
284
330
241
239
308
309
338
277
336
317
316
16
13
17
12
26
35
22
15
18
4
56
38
15
66
30
56
39
5
13
48
42
51
45
18
78
37
11
41
51
58
40
71
31
8
60
24
68
34
77
88
52
45
42
24
46
18
135
23
69
86
64
117
60
11
55
32
50
137
124
35
80
48
94
77
110
56
128
74
91
118
59
105
67
33
167
5
56
126
64
36
78
26
160
133
121
154
81
14
138
94
78
69
77
76
8
145
218
110
46
58
59
23
70
65
129
9
4
120
5
112
151
102
41
8
83
93
36
204
77
34
6
219
63
100
163
23
41
62
203
237
157
100
101
145
71
40
47
42
104
201
96
83
68
142
7
23
154
66
111
167
222
132
53
286
49
28
108
67
14
67
56
109
57
302
14
19
191
60
42
283
52
232
93
138
106
150
169
71
42
127
6
143
131
91
14
47
16
157
284
113
68
65
166
28
199
83
84
263
40
317
31
99
327
90
60
9
86
160
154
375
85
114
88
220
157
134
363
64
231
115
119
249
202
206
30
122
27
79
231
217
196
53
109
65
362
60
84
139
229
204
91
55
163
222
144
95
74
273
422
154
33
53
192
8
41
18
138
100
168
207
87
457
60
224
68
324
22
143
251
59
321
68
301
158
349
294
271
116
43
128
33
159
80
88
327
112
196
425
111
127
47
308
228
199
147
248
50
95
264
54
176
202
50
271
222
213
141
119
269
121
161
90
196
136
37
78
155
206
78
458
321
305
391
435
396
255
225
28
401
168
187
398
88
343
118
161
112
243
418
200
110
204
96
171
128
234
103
376
195
147
100
276
101
88
302
291
109
273
259
71
158
23
221
176
58
262
238
171
84
54
32
126
567
147
365
106
479
158
318
326
112
458
109
357
82
263
446
257
377
196
186
183
232
364
228
183
279
100
424
125
178
200
316
192
129
206
113
343
384
239
254
301
171
209
175
122
280
622
267
147
157
445
235
413
181
155
202
205
163
389
505
437
325
435
334
313
287
299
405
277
233
314
313
239
261
383
180
459
287
193
244
629
499
324
469
223
575
416
317
448
329
387
412
354
251
356
242
292
359
497
684
498
435
364
611
290
292
384
289
408
357
489
598
470
451
329
560
447
455
603
403
441
573
425
498
606
481
596
568
534
7
13
17
5
19
21
32
19
20
44
45
37
17
40
38
48
38
12
18
43
55
10
66
39
14
39
73
83
16
22
24
94
4
29
63
30
39
67
101
44
28
30
37
38
26
97
45
50
57
35
37
59
10
40
80
81
43
27
74
69
32
31
80
44
77
76
72
86
78
161
4
54
32
73
107
22
44
76
66
158
123
106
74
6
60
27
53
67
7
24
93
88
69
86
37
82
16
16
153
90
23
121
71
44
72
50
86
118
29
139
29
93
97
18
89
65
139
43
82
90
55
89
170
84
147
68
139
50
68
76
76
24
74
102
163
111
107
138
138
100
11
158
43
95
35
150
41
165
21
97
160
124
75
91
178
23
39
128
182
41
17
71
47
56
184
121
149
60
97
180
138
136
157
223
18
41
26
142
59
86
261
88
200
191
55
64
201
218
77
122
99
69
169
37
120
76
173
28
53
192
261
67
70
85
223
33
96
98
6
252
20
104
222
46
138
193
234
30
16
71
41
160
49
124
122
215
119
89
220
97
29
21
27
362
239
221
137
126
212
158
25
184
87
177
131
62
99
111
180
110
247
36
255
372
163
181
116
314
203
138
325
109
207
27
17
45
19
206
111
151
12
89
27
129
27
123
267
107
165
155
175
94
155
198
77
75
36
202
407
48
292
302
17
64
271
138
248
88
123
116
207
79
196
40
62
238
114
149
242
290
70
296
130
300
100
82
309
99
409
40
83
29
253
107
120
153
126
252
223
185
58
247
367
237
124
287
179
266
61
200
106
76
76
152
352
113
295
291
126
107
347
366
291
188
102
32
80
165
286
85
151
130
134
264
152
25
76
377
138
384
245
353
208
190
308
120
423
157
184
129
85
172
175
266
222
306
103
255
103
341
476
178
175
393
357
202
318
223
191
198
298
374
369
123
243
423
185
224
215
179
167
317
391
226
321
134
318
358
213
325
217
304
285
396
344
528
268
319
202
199
216
255
189
519
438
378
180
306
194
239
261
308
334
263
490
329
266
277
262
408
469
295
274
226
246
297
338
471
391
415
295
283
322
347
292
529
284
446
321
290
371
562
334
366
382
469
348
427
384
332
415
550
439
364
418
468
528
428
392
533
489
446
451
574
575
472
587
549
585
604
5
8
7
15
13
17
29
24
15
26
31
36
26
22
14
41
25
26
11
28
56
52
28
11
55
59
69
63
28
19
34
13
19
65
45
86
39
54
23
77
38
32
10
95
15
39
82
58
29
67
94
53
24
82
12
9
111
77
72
56
21
70
104
40
59
15
67
6
64
43
53
35
8
81
26
128
93
59
136
135
14
96
64
122
43
21
27
28
71
18
131
74
67
46
115
113
73
80
13
80
33
45
73
77
48
108
153
40
34
52
179
81
16
13
78
29
34
90
50
61
70
204
94
67
25
21
80
61
102
146
74
7
11
208
32
27
130
99
92
123
57
80
56
61
47
76
22
97
29
108
141
157
52
46
93
218
59
4
55
97
83
91
187
115
82
61
201
171
39
119
99
156
95
80
63
6
258
15
54
116
5
78
40
150
141
92
130
93
145
43
33
74
44
104
103
169
7
174
41
167
8
81
89
72
90
158
17
53
147
201
21
91
19
15
244
110
121
85
170
86
86
57
214
13
9
18
94
206
100
32
59
108
170
21
241
155
97
95
149
188
80
22
205
145
87
173
93
248
127
6
40
163
83
104
94
87
126
130
201
122
120
244
319
104
128
102
121
61
85
180
109
45
28
293
74
15
201
138
134
140
10
147
208
50
176
324
82
80
9
213
65
87
68
63
98
255
220
230
213
175
178
41
109
122
102
139
36
215
219
118
101
97
419
219
152
134
166
192
58
167
71
81
54
160
155
103
166
321
239
215
280
197
91
116
191
428
16
165
78
305
148
69
124
79
16
66
339
208
79
169
123
165
113
203
49
73
66
224
193
187
118
424
246
80
315
199
154
154
306
130
223
239
199
181
236
120
186
13
177
20
323
140
104
136
67
174
66
126
283
127
68
54
364
72
158
76
172
101
100
255
332
176
89
204
158
228
101
107
98
215
237
244
193
487
306
93
124
298
94
231
169
100
263
382
86
216
131
285
113
201
108
272
198
164
179
253
157
115
151
239
120
140
182
334
424
151
295
346
235
170
439
213
270
259
206
256
326
192
165
259
282
256
232
299
215
290
205
331
219
212
337
322
228
271
302
301
403
290
253
284
300
266
280
381
306
338
279
325
334
280
270
348
334
342
318
313
324
323
348
354
4
9
5
18
29
9
17
9
24
5
25
40
28
16
24
40
19
9
24
36
34
10
21
31
38
39
47
41
66
17
76
59
40
63
52
23
12
50
24
10
37
46
87
33
63
28
88
44
72
43
16
50
34
25
61
6
97
20
63
49
9
85
102
68
54
47
37
62
45
51
19
91
99
36
11
56
41
99
58
6
56
95
62
27
40
53
186
54
68
23
22
72
42
8
104
44
70
18
67
43
18
53
20
122
17
51
110
90
168
49
69
4
91
89
121
28
93
108
106
111
60
93
35
71
120
28
10
74
4
160
26
56
53
163
98
90
68
109
37
40
90
33
98
151
83
42
70
71
142
26
46
96
179
58
120
55
4
106
192
93
37
45
76
25
5
148
60
171
67
59
74
24
39
26
126
104
45
211
142
188
23
83
73
83
52
126
8
87
44
53
108
20
130
93
13
45
84
107
140
253
13
22
119
206
76
107
205
31
145
47
76
19
226
79
259
80
97
60
107
146
41
47
109
236
106
14
99
44
319
65
192
15
167
79
100
142
199
68
57
158
147
113
157
92
100
29
69
192
163
173
90
354
84
261
127
116
64
287
73
118
150
50
128
101
102
100
233
300
209
92
52
128
94
133
81
59
146
126
130
202
100
139
163
363
21
217
183
205
171
42
261
263
38
58
192
197
85
158
4
135
240
129
164
222
34
265
84
91
122
364
109
238
74
211
259
145
230
70
138
62
338
109
59
195
116
138
127
220
152
227
96
205
39
79
190
382
228
279
224
54
256
100
318
226
132
153
258
277
76
141
50
127
23
89
316
105
112
35
171
330
212
220
60
101
227
335
32
153
314
11
37
440
120
52
107
181
49
252
228
65
303
146
159
105
270
280
240
275
50
110
300
149
291
472
249
339
233
167
329
286
161
226
50
306
112
201
416
122
275
157
87
375
235
92
91
246
137
364
374
147
165
163
431
126
335
291
222
241
108
196
295
324
282
132
354
484
194
408
296
233
241
320
363
180
287
226
454
217
300
421
304
173
178
171
420
431
239
192
399
224
196
204
275
280
361
333
427
465
251
478
371
318
272
322
285
469
342
374
339
440
252
347
360
472
414
399
375
341
326
374
337
298
475
406
441
416
329
406
399
442
4
10
12
4
16
22
6
6
6
5
43
37
45
17
42
19
37
32
26
20
4
37
32
56
67
41
6
71
60
12
40
65
48
27
8
49
9
12
5
38
20
46
27
27
71
56
44
44
21
72
32
61
70
139
99
35
9
29
69
45
55
34
46
33
63
21
5
77
16
73
10
94
34
53
42
122
65
41
57
24
44
121
92
14
15
172
16
113
65
76
138
24
114
37
28
89
91
60
14
65
54
56
66
36
45
51
89
71
119
107
70
168
56
156
49
53
90
31
33
51
234
91
5
16
77
72
92
58
210
86
19
83
21
49
97
114
31
67
124
62
97
104
139
35
171
50
104
107
123
76
91
9
193
100
30
195
131
65
58
37
273
45
96
206
263
90
159
119
91
178
26
38
42
102
171
40
183
123
165
74
53
167
189
168
69
114
97
66
266
172
35
234
117
76
97
86
89
53
56
285
9
161
258
131
161
307
196
187
235
145
62
76
34
94
25
55
78
28
274
162
230
223
54
167
212
92
53
82
67
40
142
56
6
99
277
129
60
46
81
114
179
82
152
12
64
372
101
86
185
96
155
374
192
260
173
136
56
82
168
9
166
51
79
99
80
79
19
133
43
64
297
190
260
69
160
228
191
86
117
161
87
212
178
47
78
73
17
27
132
157
158
94
242
93
106
44
48
40
336
179
180
121
465
203
357
20
112
143
263
149
71
114
170
66
31
164
24
134
184
112
144
31
290
345
56
129
90
144
173
183
205
248
143
105
41
260
75
129
186
23
170
221
13
137
31
298
142
199
185
292
218
225
212
54
491
79
393
213
68
186
174
172
257
269
97
133
132
76
245
120
213
42
49
221
211
68
373
118
149
296
63
173
151
139
56
260
162
174
188
98
274
131
207
174
41
175
170
78
176
23
164
242
333
255
185
324
559
164
483
158
167
274
87
101
364
177
62
215
244
75
246
130
78
280
294
391
146
98
119
313
237
202
298
100
236
104
161
182
176
350
262
306
238
196
195
218
299
226
193
335
244
617
180
189
230
253
426
180
348
275
352
331
285
328
283
326
188
232
305
262
255
363
325
228
204
212
280
271
298
300
623
300
332
331
337
303
347
293
303
349
302
383
302
272
341
332
319
332
336
336
10
11
6
19
10
19
10
28
25
39
38
41
23
5
42
27
42
12
15
25
60
24
41
70
32
52
88
53
15
51
9
88
28
11
48
55
47
30
5
18
75
19
61
89
44
70
12
65
54
46
57
79
13
34
131
15
106
62
31
46
70
20
107
9
25
74
103
37
63
8
88
38
77
26
79
35
74
41
117
108
146
33
16
48
102
120
104
21
24
189
103
182
29
19
67
70
149
46
83
122
17
106
64
118
112
66
100
7
130
76
112
53
143
78
96
57
121
193
97
89
76
71
23
104
46
79
60
122
223
76
255
91
106
69
89
106
169
32
124
219
28
53
10
75
90
204
161
10
45
158
85
86
72
118
13
70
188
221
154
92
246
129
171
34
78
25
153
26
74
188
96
126
86
130
110
311
177
347
226
99
49
81
79
206
100
116
129
223
54
136
32
124
153
98
239
50
97
128
202
228
14
76
91
164
16
32
62
108
233
149
167
279
70
260
133
100
172
55
241
58
132
55
50
28
49
194
176
351
279
378
266
56
173
282
127
201
35
41
228
104
16
63
186
107
106
154
74
169
98
130
271
177
104
75
209
181
12
29
159
89
329
68
14
174
36
200
280
36
52
183
144
34
20
116
22
137
86
210
90
292
259
85
378
296
459
322
115
72
119
199
72
14
25
194
114
287
213
105
213
22
190
93
266
185
236
374
250
81
178
120
291
109
55
91
127
81
65
282
67
290
205
91
158
102
129
241
316
251
100
80
69
123
75
166
77
22
82
120
382
397
93
269
60
142
21
224
212
100
91
22
97
131
372
33
164
321
114
103
183
294
359
276
13
49
398
293
73
75
96
164
108
180
132
17
128
359
17
394
145
182
172
349
321
251
88
192
57
222
113
161
157
138
112
196
480
300
193
349
69
30
80
310
221
68
44
120
82
343
245
236
136
212
380
284
306
188
64
371
510
294
160
158
189
241
223
232
151
103
113
484
161
206
275
413
325
323
165
110
499
128
122
137
158
361
306
416
414
254
323
141
253
205
326
226
480
446
250
209
249
308
233
199
564
327
272
459
385
356
216
417
299
309
276
282
393
477
522
597
257
373
381
392
502
285
366
466
544
548
504
313
368
294
356
366
379
527
357
358
540
426
4
4
12
14
21
30
13
16
42
7
27
35
36
45
31
11
39
40
32
36
45
7
55
43
31
42
25
65
15
30
60
50
87
44
35
40
107
25
29
21
36
53
37
77
64
39
35
121
74
67
54
23
113
104
73
46
16
17
43
35
28
125
63
61
65
99
101
11
54
90
32
124
72
41
76
70
62
58
109
59
52
152
61
138
129
206
66
19
37
49
36
25
78
63
134
60
114
117
76
42
85
53
146
31
154
10
22
75
104
164
126
90
22
138
82
38
149
94
24
97
93
145
168
13
29
245
87
207
77
305
153
109
82
103
193
148
34
105
139
78
172
83
183
230
52
40
47
45
115
22
102
17
179
120
106
61
208
15
128
50
68
62
138
82
113
65
195
155
92
92
92
302
212
197
150
34
240
232
162
76
174
115
9
159
88
167
77
271
196
177
9
16
51
50
21
45
36
58
110
65
184
176
187
79
181
108
301
150
179
76
8
122
208
220
190
229
80
8
164
175
189
154
362
44
27
319
59
224
46
102
99
195
79
238
61
342
204
267
25
120
17
128
28
159
56
63
185
57
216
98
195
232
103
59
270
207
69
91
97
244
99
289
284
53
260
139
63
179
9
174
134
235
91
262
139
117
174
223
77
299
13
195
99
300
295
160
52
425
19
229
65
56
116
230
85
238
224
271
83
102
83
31
222
184
299
38
121
317
73
274
332
181
172
93
175
48
339
64
163
64
102
26
56
168
272
102
87
43
336
74
143
178
41
344
266
65
152
195
49
165
50
18
75
39
68
367
98
219
177
151
289
71
125
342
140
330
292
363
147
78
302
155
194
310
248
417
163
199
192
95
280
101
296
66
184
294
78
142
108
28
128
131
125
332
169
394
250
180
421
116
179
237
33
138
291
80
129
50
169
148
247
305
319
196
378
210
282
355
357
146
59
189
270
127
359
170
161
197
256
100
353
121
336
245
335
146
114
132
225
365
114
465
224
230
318
180
180
214
195
183
387
157
381
265
214
396
288
192
271
213
346
235
449
234
234
337
167
281
318
189
426
227
236
426
518
197
248
297
440
242
323
214
392
222
268
257
278
390
250
282
363
237
302
298
245
412
331
563
436
338
309
323
336
457
591
325
381
432
470
444
4
12
9
9
7
9
24
16
18
18
15
37
23
48
43
31
45
29
50
49
64
25
58
31
17
57
48
40
53
5
40
48
63
4
53
105
40
100
9
87
20
6
43
7
60
55
87
72
61
133
68
125
69
59
89
62
110
83
13
72
7
48
107
37
51
79
57
22
67
30
73
12
91
43
57
15
145
55
32
115
17
93
29
90
52
23
78
79
67
188
23
39
131
61
124
106
49
87
157
174
31
89
49
178
6
86
51
153
51
53
29
164
55
47
34
151
103
132
91
121
16
126
4
154
117
59
55
90
122
148
68
164
94
43
98
42
145
228
40
139
116
81
71
168
121
85
132
231
29
50
59
138
13
90
92
69
259
80
38
154
73
4
92
194
21
92
80
54
142
177
50
133
177
72
67
117
155
64
241
44
128
32
37
106
95
206
214
66
39
143
29
270
74
142
117
66
293
94
157
9
225
80
68
64
23
286
85
146
17
147
43
164
161
55
200
199
137
266
52
57
228
31
37
59
62
122
253
104
347
167
61
170
114
110
191
193
314
155
96
96
72
76
311
149
158
46
75
110
158
305
70
264
30
330
29
69
56
150
106
93
39
309
112
144
152
158
126
88
315
86
107
118
87
152
327
92
130
215
98
190
66
196
229
181
290
76
125
297
297
58
180
157
196
160
148
96
116
168
150
84
394
248
325
10
348
115
153
138
206
186
135
370
131
228
216
148
193
125
15
422
200
39
19
122
242
142
195
50
197
114
124
266
315
75
252
251
169
124
50
396
257
125
259
118
292
100
118
185
60
74
99
80
339
251
409
191
446
225
250
220
139
219
132
468
246
219
49
134
108
385
134
220
69
52
51
144
222
98
294
328
158
95
174
343
186
119
350
320
203
28
107
184
38
104
256
235
377
148
160
163
102
251
209
183
351
321
322
503
176
360
97
272
84
292
479
495
279
201
164
173
129
241
306
253
419
256
202
197
282
256
163
350
265
174
234
343
225
285
238
193
403
378
261
506
588
436
227
252
296
247
518
485
274
325
223
194
313
209
222
262
249
287
342
419
293
451
364
239
242
499
447
379
339
628
430
248
297
592
372
276
345
327
493
368
468
606
403
641
473
510
447
417
494
475
487
512
428
538
568
594
7
9
18
19
22
35
16
31
12
22
44
26
38
48
29
46
44
52
15
68
31
14
56
39
14
38
8
22
68
72
66
85
51
48
79
66
99
27
46
49
109
40
29
61
67
73
45
91
74
122
74
62
6
46
70
72
130
115
57
61
76
34
25
34
84
83
78
85
165
80
81
7
78
37
101
32
43
102
16
55
122
107
55
111
64
54
83
57
106
75
25
10
50
149
12
18
15
102
76
89
80
78
89
95
88
155
28
243
40
82
86
50
26
57
114
11
119
46
26
135
72
85
64
115
131
132
7
8
114
41
52
50
104
166
9
82
100
37
20
52
85
20
21
178
107
109
6
46
50
75
82
67
184
183
71
14
150
58
39
154
135
60
141
132
210
17
112
107
88
112
166
98
158
175
28
47
38
66
80
15
64
131
112
120
36
29
73
116
27
220
104
32
180
132
211
164
54
233
141
98
239
219
86
128
144
72
240
47
129
268
217
64
17
178
23
195
162
48
265
77
10
103
41
15
43
160
131
11
15
131
85
54
99
87
64
200
106
57
54
132
29
206
309
288
194
48
29
4
195
101
20
162
251
105
150
96
261
121
31
288
82
102
193
61
358
219
58
263
27
136
154
37
40
145
233
183
79
55
97
89
192
65
11
60
112
157
122
99
102
7
54
333
203
113
245
235
85
20
36
341
217
230
327
207
64
168
5
86
86
335
198
151
370
19
191
64
333
160
81
63
93
7
72
157
231
70
251
251
94
78
110
151
108
272
164
37
55
76
255
202
22
75
68
29
90
228
75
355
394
90
65
115
115
98
276
17
442
270
152
59
392
65
101
184
96
432
139
254
55
118
151
203
87
15
77
87
260
117
85
117
324
270
181
352
172
194
268
215
131
169
104
246
286
154
114
354
178
37
72
181
461
170
112
369
121
129
68
328
242
496
182
197
495
460
312
124
161
201
274
245
119
260
391
263
298
122
100
156
234
397
331
121
136
198
272
170
338
185
234
177
296
138
251
272
394
260
194
381
290
464
268
289
385
468
293
340
345
263
362
337
198
262
194
393
202
243
315
397
453
324
457
313
276
346
400
288
390
369
246
318
349
502
318
353
403
332
321
390
438
348
331
517
325
340
336
478
371
369
403
390
21
7
23
11
34
15
37
46
9
47
38
5
13
24
38
6
53
6
68
46
38
5
25
39
33
21
48
54
56
77
37
42
34
65
33
31
21
104
55
55
18
126
92
73
59
8
28
21
9
52
75
22
76
45
92
96
16
20
45
41
5
94
76
139
29
77
65
47
65
52
19
78
78
91
36
6
112
50
58
19
9
143
98
86
72
20
160
72
95
68
117
81
107
42
113
8
127
62
135
89
52
59
66
92
64
53
105
97
49
189
120
83
152
80
112
114
140
11
19
10
183
137
72
25
98
131
7
111
124
238
71
14
159
68
96
66
105
88
7
130
162
67
206
143
27
78
122
163
158
49
75
108
146
187
194
108
59
59
207
63
97
47
106
112
114
185
105
99
48
103
207
109
167
198
66
206
80
290
53
47
172
104
61
81
144
39
25
39
231
178
27
227
254
108
115
131
116
205
34
164
186
214
135
155
116
119
83
222
95
135
81
159
155
194
61
167
273
34
4
184
101
205
130
98
85
369
264
113
117
139
232
106
27
107
93
111
65
20
100
214
48
265
333
141
144
110
219
117
289
58
7
221
214
308
207
133
66
52
73
170
21
189
85
207
26
63
142
233
369
34
42
111
226
83
291
35
196
45
442
191
215
293
230
6
177
343
209
61
174
38
85
205
99
27
21
45
110
304
420
123
205
187
266
11
216
397
81
64
41
241
354
279
161
142
175
82
27
16
66
169
223
265
399
148
124
133
175
324
157
43
144
73
100
351
275
352
116
237
76
555
392
292
149
355
102
232
248
202
106
60
48
180
124
220
435
117
203
186
181
321
103
69
326
415
327
58
194
348
140
375
447
61
262
84
48
78
134
100
158
54
381
312
239
520
343
165
153
156
282
263
227
237
301
352
636
340
471
349
223
289
201
289
303
149
162
240
439
193
155
202
125
388
265
357
429
407
416
148
159
373
531
543
311
230
223
280
460
212
308
289
435
434
311
229
165
237
273
335
598
431
512
415
222
388
188
217
251
243
497
244
435
240
335
446
436
497
504
302
243
287
473
397
356
238
269
256
389
263
404
387
294
579
540
510
482
374
464
503
302
327
375
332
450
416
526
418
557
463
477
320
387
331
343
406
433
506
433
430
455
485
