5
4
10
7
11
17
14
21
19
27
27
27
23
33
35
22
33
27
40
28
40
48
13
43
6
56
60
52
26
51
60
69
71
49
59
74
73
83
59
75
19
83
93
96
90
82
90
80
43
92
105
111
69
99
107
87
114
81
86
95
109
112
79
109
106
111
119
127
105
131
138
141
97
131
120
81
141
121
132
145
158
148
143
169
165
161
100
158
133
170
183
121
134
173
139
185
197
157
178
198
190
174
135
155
137
194
220
183
207
183
178
203
146
212
197
202
165
221
233
164
241
202
204
210
237
229
204
219
157
224
220
254
230
244
251
262
165
247
232
205
252
236
255
253
273
256
269
272
260
278
195
284
260
288
296
235
261
290
239
262
311
273
302
321
300
271
232
275
255
314
251
267
332
308
301
296
268
310
310
314
284
332
355
289
367
322
315
313
356
347
246
324
269
347
346
376
352
362
378
389
293
372
357
295
366
350
377
342
383
352
386
386
382
405
298
377
336
407
420
322
386
365
332
384
428
384
428
436
421
377
359
361
354
438
350
369
434
405
350
404
430
392
437
435
453
405
367
470
435
481
405
442
409
477
427
374
438
390
481
468
434
479
490
499
490
401
419
469
474
491
425
503
477
484
512
509
528
499
502
437
510
536
472
506
494
430
496
551
512
534
477
546
480
466
547
475
481
498
520
469
511
513
545
555
525
498
570
591
487
603
559
562
490
599
545
540
544
566
598
587
541
509
604
579
597
594
518
612
591
590
595
535
609
579
644
550
564
649
598
612
578
663
599
643
600
656
620
560
586
583
571
636
579
576
574
623
614
620
653
651
693
635
692
688
660
605
708
640
622
652
676
625
694
668
681
650
699
632
714
709
697
698
636
672
661
684
649
747
756
661
695
707
762
667
746
689
744
692
724
676
734
748
711
786
740
781
733
736
780
735
699
709
730
765
733
787
712
756
754
793
743
769
800
754
785
747
766
840
779
784
834
808
754
781
780
781
762
818
764
827
824
825
839
817
808
791
845
812
851
856
822
847
871
811
827
823
835
903
823
909
841
881
836
835
888
845
862
896
869
858
916
913
872
880
869
914
935
880
912
892
935
907
926
947
912
954
929
959
935
952
988
973
1003
992
989
1014
1042
1071
1101
1126
10
10
7
9
16
24
8
26
8
30
25
13
32
24
38
36
25
43
35
46
51
33
46
56
49
52
50
19
14
63
42
61
67
66
18
73
65
81
79
86
84
93
84
96
84
101
79
98
103
95
94
97
111
115
95
89
116
89
128
110
105
108
114
56
103
123
104
103
118
122
96
129
147
117
151
141
136
113
105
132
158
159
158
130
171
134
140
93
166
149
153
136
126
124
140
174
181
120
186
177
170
166
202
211
211
210
187
197
211
212
176
208
225
220
186
216
231
232
219
209
244
179
195
201
219
207
150
181
221
246
227
220
240
220
171
241
274
229
262
251
264
233
251
196
249
269
295
255
216
211
192
218
228
265
239
257
263
233
302
298
288
190
283
255
326
283
332
292
296
322
305
319
285
312
328
311
295
334
277
314
303
314
368
272
287
270
294
327
266
308
340
289
350
373
363
343
284
299
392
365
375
349
373
375
317
314
335
358
409
351
329
323
314
331
335
383
331
375
375
351
401
417
370
369
405
378
451
373
426
430
408
433
429
413
408
409
446
427
415
434
396
412
378
365
492
413
408
426
409
477
435
443
465
409
480
454
405
445
512
479
488
428
486
457
412
434
443
437
526
495
445
486
430
420
443
522
452
456
480
489
491
458
491
542
519
540
550
520
473
482
524
539
551
535
494
517
561
475
533
500
503
528
498
610
523
523
545
524
512
551
577
514
596
579
524
520
625
562
588
556
544
528
530
607
562
596
631
545
619
544
579
548
556
571
629
595
633
585
604
609
571
608
637
663
628
591
615
613
664
579
613
607
670
605
633
641
609
614
617
716
608
605
665
684
658
699
624
700
728
689
668
697
660
639
738
645
652
708
651
663
676
665
651
679
717
685
719
705
700
742
669
700
694
695
758
721
692
696
757
708
695
708
811
699
701
782
751
751
794
718
780
784
726
743
731
791
757
735
835
760
752
776
803
752
757
790
801
771
768
794
830
768
774
833
882
832
801
815
847
854
798
855
861
811
803
834
842
909
857
857
827
844
898
869
858
843
943
887
879
901
913
903
869
873
899
892
964
902
894
924
931
923
942
990
909
944
924
947
944
935
937
953
975
962
969
982
966
1009
1002
991
996
987
1008
1018
1036
1022
1018
1040
1045
1071
4
4
8
14
16
5
16
9
13
21
19
7
8
35
35
41
37
29
43
45
32
53
52
41
53
54
18
50
5
64
45
47
56
71
72
56
41
53
82
59
64
72
81
96
85
99
59
93
87
97
92
14
106
73
59
110
112
96
119
95
99
94
114
106
130
118
25
75
98
111
140
127
101
139
109
88
150
124
128
150
160
136
91
112
156
173
163
162
159
173
130
176
87
191
168
171
140
196
185
166
143
169
73
179
129
162
198
212
198
191
168
182
217
210
213
205
138
177
192
218
213
216
218
221
215
210
218
251
207
142
237
187
187
259
189
181
237
220
257
259
205
231
247
281
271
142
258
266
202
271
273
276
254
235
296
207
302
264
284
238
296
277
319
262
262
190
294
243
301
304
243
287
327
285
317
306
333
330
295
332
224
292
309
317
337
332
313
345
317
327
342
367
325
307
349
363
283
293
306
316
329
383
385
345
324
401
345
392
360
384
358
310
364
376
340
372
325
405
367
419
313
376
379
422
325
416
343
371
419
347
403
404
395
352
358
444
441
445
409
459
377
364
430
427
444
458
405
423
435
434
469
463
393
420
478
471
408
397
407
423
490
451
459
497
511
446
475
449
457
461
448
485
453
415
432
420
456
434
430
521
485
542
433
488
450
546
531
540
507
494
513
464
466
510
556
498
495
563
488
580
538
470
552
506
519
570
539
524
529
504
498
478
592
520
512
577
518
513
596
524
570
572
611
603
592
540
547
523
564
549
565
607
545
535
556
605
556
545
576
639
653
597
595
559
568
661
619
588
640
612
611
679
622
575
605
574
621
630
590
671
617
612
656
647
604
656
652
710
691
632
672
610
649
674
638
627
623
672
636
645
733
742
646
678
644
660
744
711
668
674
726
769
700
661
714
687
701
698
686
681
732
765
693
689
696
728
750
749
717
781
738
756
743
751
724
723
714
810
730
745
809
791
754
827
835
789
759
749
756
768
785
766
765
787
808
774
803
800
825
818
831
790
795
876
815
812
801
829
803
813
863
812
902
834
847
827
850
828
835
855
852
846
848
917
867
863
902
880
869
867
919
888
950
898
897
904
946
949
907
961
916
991
984
984
1000
1021
1017
995
1032
1051
1048
1038
1050
1080
1075
1087
1114
1112
1144
1167
4
9
13
13
13
21
16
20
23
30
14
25
29
34
22
39
24
33
28
37
15
12
53
19
47
55
60
66
56
71
72
70
70
72
51
72
64
65
88
85
79
94
67
39
96
95
100
103
103
100
98
110
81
112
116
36
58
112
88
94
116
94
131
122
98
113
129
123
137
104
100
136
139
129
118
156
153
139
94
160
145
160
145
140
138
137
167
95
155
174
174
191
184
196
199
178
182
132
173
84
173
183
214
189
167
142
183
164
220
205
178
209
226
221
210
212
154
238
242
132
185
237
216
204
243
214
259
212
186
143
257
223
255
254
245
252
230
278
278
225
160
282
262
281
254
264
253
227
256
199
264
276
293
313
266
315
302
268
287
223
245
204
278
306
326
306
262
255
306
269
335
294
291
331
311
334
331
317
279
344
344
242
298
337
331
250
365
324
376
329
307
267
361
343
339
329
362
369
338
389
400
332
398
363
382
356
348
324
330
371
308
347
382
384
426
374
436
424
388
406
343
336
323
366
427
412
423
371
366
428
366
436
415
413
449
433
456
441
433
376
459
459
455
414
439
369
469
408
478
449
426
402
474
416
432
479
463
502
456
420
494
512
472
459
454
408
434
444
418
489
464
463
521
500
503
455
506
511
456
516
446
526
461
526
504
477
463
462
541
508
549
551
554
505
498
552
572
538
494
570
565
477
527
517
510
564
571
492
563
523
523
580
593
579
552
510
555
581
574
527
608
542
533
561
587
626
578
572
600
612
567
625
627
616
625
579
552
557
588
609
570
578
652
647
642
594
585
678
664
658
642
581
597
600
658
670
639
606
605
613
647
656
673
631
650
697
627
634
657
646
706
662
630
685
678
642
708
675
641
694
676
653
649
733
699
723
662
700
689
670
673
757
722
719
730
747
739
744
701
745
716
722
730
711
740
738
720
751
785
721
737
757
753
773
742
768
734
771
778
743
744
823
823
783
812
774
805
790
818
804
772
817
814
802
783
797
788
806
805
828
805
793
822
861
817
810
869
816
853
852
820
835
857
833
828
910
861
891
853
845
868
859
901
871
898
922
878
902
907
905
905
921
945
898
915
908
953
949
930
930
955
952
967
952
987
993
959
971
1001
987
989
1014
1008
1038
1045
1025
1035
1057
1071
1091
8
6
13
10
6
6
25
20
17
29
11
21
31
30
40
37
40
47
47
29
54
29
36
32
51
61
54
69
51
54
73
41
70
32
35
79
86
76
86
92
89
97
86
62
88
43
96
100
72
89
89
96
107
120
111
81
73
93
63
97
66
112
102
105
117
70
128
122
133
126
129
143
111
136
142
148
154
158
100
142
163
165
114
145
152
134
80
155
176
188
143
192
196
164
177
99
157
134
184
205
133
192
184
219
168
211
204
181
121
97
214
224
159
191
196
147
218
242
216
201
194
193
134
222
176
223
157
225
232
163
211
244
248
248
247
264
232
260
268
271
277
282
212
268
277
287
210
263
262
239
182
279
275
285
226
314
319
285
270
223
277
248
294
258
260
280
247
346
266
326
320
300
331
221
280
343
316
314
337
236
329
344
309
329
240
319
292
344
279
336
352
335
326
255
368
366
371
374
347
391
374
385
400
386
306
406
392
394
306
386
300
368
297
324
393
386
322
403
443
404
368
380
329
327
405
362
381
375
355
400
385
433
435
444
416
387
363
450
416
425
447
353
440
469
408
442
357
430
396
427
398
452
442
436
438
376
479
491
493
481
454
498
487
445
506
491
483
518
404
517
405
511
497
442
419
435
558
523
457
512
445
493
519
449
486
458
469
490
461
459
536
544
510
562
454
509
518
543
550
565
517
544
472
586
484
553
500
540
548
543
551
551
584
597
576
567
596
586
608
587
545
557
589
631
576
622
528
610
653
544
563
636
614
580
570
561
566
555
566
558
626
619
592
665
612
602
645
663
612
634
596
672
625
656
632
634
681
644
688
627
661
680
655
700
681
706
674
643
624
649
716
624
714
715
711
692
643
647
687
641
649
688
653
663
668
677
751
708
679
695
732
713
730
753
762
713
749
731
725
726
740
708
721
758
777
728
782
799
785
796
770
796
728
779
736
729
758
780
740
759
766
814
821
761
799
794
791
811
776
821
799
820
773
791
825
852
854
839
856
791
850
806
879
855
827
855
812
827
821
858
842
899
845
873
886
886
890
870
860
894
869
925
870
897
921
946
931
893
930
946
925
940
958
925
931
981
962
984
974
992
978
994
983
983
1023
1043
1018
1040
1009
1034
1047
1033
1071
1059
1081
1069
1089
1115
1119
1147
5
6
10
7
16
12
15
12
13
24
23
31
23
14
25
24
41
31
10
30
44
43
53
46
37
54
46
41
46
56
65
63
44
61
54
55
72
75
58
65
73
86
82
88
99
50
98
100
74
94
109
52
90
110
93
92
106
44
106
114
89
112
96
98
102
117
132
100
110
114
134
105
109
152
133
136
147
118
165
120
133
106
147
94
132
155
160
144
145
138
122
160
174
160
71
166
135
178
181
177
184
197
176
173
200
179
185
196
205
144
225
217
196
215
233
161
214
211
214
181
221
144
219
223
195
212
193
209
205
244
257
204
201
237
253
230
199
274
215
248
271
231
276
221
253
196
268
216
251
280
283
271
256
191
245
283
301
265
258
264
294
257
276
276
252
298
284
287
272
306
277
259
316
259
313
313
338
318
272
240
320
319
323
270
284
340
285
326
279
317
309
341
374
314
296
358
343
318
308
394
334
358
386
323
361
337
364
306
367
324
378
348
366
369
366
305
419
372
383
375
381
402
350
395
399
351
402
399
385
376
429
392
371
434
352
421
430
453
442
380
353
380
346
438
394
392
434
384
430
399
432
424
464
474
404
416
455
436
422
491
375
460
502
392
430
454
478
417
480
444
425
490
488
463
418
420
531
494
498
495
464
469
509
480
493
463
496
516
542
484
501
530
554
479
542
464
574
454
471
479
502
518
555
532
500
538
482
532
520
520
585
548
504
592
563
569
487
500
585
554
526
520
587
543
590
531
600
550
559
586
629
564
570
597
599
580
602
591
562
575
601
602
569
626
605
576
635
563
620
584
640
612
576
609
588
605
653
635
610
616
585
647
632
690
683
612
643
649
597
642
629
629
623
688
697
682
645
657
659
667
692
645
648
657
681
697
678
699
687
652
670
701
673
673
685
709
698
684
677
722
740
690
734
690
777
751
690
701
732
722
783
738
747
713
726
742
724
759
789
718
780
753
729
746
758
737
746
742
782
745
762
777
767
765
804
768
851
805
826
792
807
801
816
824
867
805
812
808
806
850
820
863
833
853
899
845
830
831
834
871
857
897
840
866
876
869
937
856
923
909
926
884
907
923
900
906
904
957
906
979
948
976
939
943
987
964
956
959
1019
1016
1015
1010
1023
1020
1047
1037
1053
1063
1082
1096
7
7
15
15
19
12
7
22
26
4
25
10
27
29
28
24
29
34
48
44
11
53
36
54
57
44
42
53
63
49
71
66
72
75
55
67
72
62
61
84
25
85
81
91
93
74
29
83
89
98
81
58
110
109
97
114
94
98
56
116
123
105
103
100
137
111
140
121
111
129
137
126
123
124
126
152
130
113
155
85
94
107
153
141
131
180
162
173
137
148
144
132
185
131
187
154
191
177
176
191
148
183
176
151
146
188
163
175
200
194
105
196
199
224
185
185
227
223
224
235
209
219
158
231
246
195
154
220
252
231
209
228
237
246
254
214
232
245
224
263
243
237
269
194
218
231
247
268
256
302
238
282
258
243
271
225
310
207
312
277
316
276
299
312
268
282
257
261
271
267
234
283
300
210
309
317
324
301
331
353
302
331
342
314
335
247
344
349
353
256
315
378
333
331
311
348
316
370
361
345
331
350
261
365
363
390
340
332
351
359
370
367
370
335
398
364
366
342
350
432
361
427
352
442
434
396
397
391
372
346
384
383
331
340
423
382
446
429
421
400
409
448
434
437
430
435
453
366
461
468
431
375
435
475
366
457
419
479
483
464
449
468
383
468
472
477
440
439
424
466
463
480
489
451
511
481
488
458
440
529
433
548
446
538
548
493
519
495
482
458
502
490
453
465
534
544
469
506
539
554
515
542
536
549
551
537
547
480
581
586
526
571
553
581
487
554
538
564
569
543
536
578
566
544
547
563
528
525
542
556
550
562
624
629
567
658
539
627
561
598
661
592
632
565
592
608
557
639
630
568
601
648
635
591
652
656
655
597
631
686
586
601
690
657
667
638
692
647
660
635
660
655
611
646
654
619
644
624
661
651
632
723
662
634
703
762
735
646
720
707
699
726
673
724
701
742
684
731
741
725
726
721
780
717
758
694
784
707
729
792
725
730
774
713
780
737
728
762
790
792
847
807
774
795
769
778
767
783
763
780
816
793
850
826
838
832
861
834
804
809
832
809
809
803
805
825
833
919
831
828
890
879
870
876
856
860
879
903
859
874
862
883
936
973
885
908
883
915
927
917
917
961
979
917
934
950
1026
939
944
978
1015
991
989
1066
978
990
1036
1033
1012
1075
1046
1061
1043
1106
1078
1139
1169
1177
1207
1236
4
5
8
15
9
5
13
5
8
23
25
14
18
20
41
41
44
31
35
47
50
53
10
56
59
47
33
30
40
61
35
37
76
44
70
52
67
64
87
57
84
85
86
84
73
64
102
102
99
99
102
107
55
96
89
94
98
106
104
119
80
102
124
134
76
120
93
106
87
112
120
63
105
133
134
121
155
158
161
117
109
92
124
172
166
150
132
167
115
155
155
115
152
179
136
148
183
155
186
177
178
184
200
138
195
135
209
195
166
194
182
202
229
227
198
205
187
142
218
203
239
204
224
217
223
161
213
240
194
170
216
219
181
192
234
227
242
218
258
253
235
277
212
279
295
229
265
183
283
290
274
246
220
214
277
259
263
277
244
234
293
287
299
301
233
244
243
328
248
301
309
331
291
301
308
317
355
343
291
329
299
222
331
331
344
305
348
344
342
289
336
336
287
254
313
346
267
302
356
346
338
336
366
373
310
328
328
385
419
310
351
306
404
397
355
354
330
299
360
350
382
396
358
362
404
401
414
424
358
359
350
452
369
415
434
445
414
416
411
414
463
451
404
455
410
349
421
423
458
417
475
471
434
386
454
456
398
459
402
416
388
468
474
431
463
490
490
411
428
502
447
426
539
416
459
507
524
479
442
445
451
433
506
497
459
461
487
457
486
512
462
556
489
513
544
556
509
531
494
536
563
570
520
575
519
514
538
559
535
570
587
516
487
544
552
509
538
571
580
502
596
604
531
524
546
618
647
542
521
618
611
533
573
526
562
574
599
568
544
565
598
621
597
573
637
644
588
619
598
657
668
628
608
621
657
657
664
645
607
613
618
644
606
687
669
659
692
625
618
630
610
708
697
696
715
639
644
708
659
630
656
644
691
703
699
725
671
673
663
664
733
751
710
688
755
743
710
744
719
758
686
722
772
704
699
739
757
784
786
748
723
719
730
794
747
774
726
775
804
816
727
755
777
802
793
761
753
757
750
828
841
813
799
814
844
811
786
781
798
811
822
870
825
867
807
864
863
798
805
860
865
849
835
868
826
830
841
890
917
860
842
899
892
862
889
886
858
885
922
902
901
878
929
881
894
936
923
906
939
972
915
953
936
918
963
964
952
939
989
983
1007
988
992
1003
1027
1048
1031
1059
1074
1108
7
9
5
7
17
13
19
18
19
9
21
10
36
24
8
25
41
43
18
48
43
45
55
54
34
61
64
53
61
48
59
28
74
70
53
74
57
59
89
69
41
90
92
68
94
66
69
97
79
98
103
90
89
98
81
102
105
109
118
103
123
115
124
73
50
68
126
107
135
133
113
113
132
122
95
143
124
110
138
154
149
170
113
137
135
120
180
147
174
147
164
132
170
189
183
190
154
131
180
187
185
209
204
183
145
186
214
206
222
188
188
215
121
225
157
230
222
208
187
169
225
189
190
234
230
221
168
230
180
127
205
206
259
263
196
208
224
241
230
219
211
227
263
266
280
277
223
228
203
234
272
241
274
261
201
248
284
283
317
304
239
278
294
307
311
295
293
316
298
256
216
323
239
347
314
336
229
327
230
357
342
322
307
280
342
263
311
361
349
346
294
344
323
295
381
344
315
296
346
350
348
328
335
334
364
380
398
374
328
346
299
354
386
353
393
370
298
367
381
389
416
407
362
403
409
404
404
408
385
424
333
368
342
410
408
467
345
386
348
435
451
475
420
447
449
375
396
379
465
486
397
440
420
461
483
412
435
424
456
421
456
432
445
433
473
446
471
501
415
486
405
465
496
468
513
445
415
492
497
477
524
491
483
490
499
521
499
523
494
531
524
448
479
520
532
451
579
560
490
531
541
563
597
505
561
570
488
514
490
577
599
538
526
539
549
547
528
548
523
545
536
573
556
511
552
596
522
612
620
561
611
620
574
583
574
546
567
588
590
594
611
575
619
629
633
640
607
647
632
629
585
624
626
611
694
667
598
617
616
628
714
625
620
653
606
706
661
630
646
623
640
645
703
670
631
637
629
650
643
673
687
720
672
704
685
678
697
692
684
721
685
683
688
737
750
675
743
706
710
687
685
729
731
780
733
707
717
708
783
811
736
705
710
716
714
803
737
768
774
735
760
738
755
756
767
759
776
814
750
750
765
811
783
797
767
798
848
833
822
798
804
819
856
829
800
796
840
902
812
815
888
813
877
824
845
835
864
867
855
851
888
891
845
871
879
922
856
858
861
933
901
937
880
889
921
902
923
943
948
912
907
909
961
932
977
950
949
948
987
998
958
1009
1018
1011
1039
1023
1052
1062
1064
1092
7
7
4
12
8
8
19
18
21
18
26
12
11
31
29
22
37
40
37
17
31
42
51
48
27
45
60
39
58
9
54
20
47
69
38
37
33
55
54
86
84
62
85
68
78
53
91
42
33
96
99
102
74
55
116
87
96
96
114
110
118
105
93
109
127
115
120
138
127
139
124
116
127
116
125
151
131
150
140
110
148
121
157
167
150
169
177
141
137
164
173
84
165
134
165
145
140
195
155
155
141
129
159
141
208
172
185
180
197
165
214
141
151
167
183
224
198
182
232
215
211
199
158
228
243
199
202
217
250
235
238
255
225
266
246
236
254
233
245
209
250
273
215
229
257
208
276
276
207
297
232
235
179
284
252
201
274
251
278
222
244
257
280
268
259
254
277
236
330
256
291
307
316
290
307
258
255
295
295
322
285
359
276
333
335
246
309
369
297
303
314
376
341
365
359
322
365
369
389
377
356
370
361
373
267
342
389
360
335
399
324
320
396
403
300
359
353
387
382
329
401
361
365
323
372
385
383
379
396
370
449
332
371
380
404
421
427
409
327
370
364
423
405
424
477
348
436
428
458
429
410
408
476
435
486
462
425
484
433
405
494
510
483
477
454
482
420
509
471
455
506
432
422
519
406
485
453
452
497
499
512
432
485
474
488
424
492
500
483
496
531
474
492
482
505
531
504
527
587
482
541
500
523
569
495
547
586
530
596
512
501
544
529
580
605
592
593
502
510
568
527
592
574
533
606
623
534
571
542
551
577
638
619
581
586
566
587
616
565
549
573
583
615
592
571
592
607
588
569
637
694
610
650
591
601
650
616
619
692
626
588
632
589
647
706
661
667
668
626
670
676
681
706
632
635
707
639
627
663
631
722
742
684
637
688
637
650
721
648
684
692
672
654
690
701
666
672
737
792
700
740
697
749
709
714
698
755
700
691
729
756
749
766
708
799
776
714
750
743
717
806
824
769
724
729
768
756
758
739
759
783
763
752
749
804
826
822
785
803
790
773
835
771
785
838
832
831
868
821
827
841
816
806
818
828
887
862
885
842
855
850
885
899
899
872
877
852
879
876
933
876
883
916
930
924
903
948
916
929
915
929
927
931
955
945
936
987
961
977
989
976
1001
994
1015
1015
1032
1052
1062
1088
1115
5
6
5
4
13
7
7
13
7
16
32
16
27
38
38
24
43
43
28
25
50
35
29
32
58
13
63
41
49
60
48
54
4
70
76
67
77
14
84
88
91
72
65
65
78
91
28
94
102
99
95
89
109
73
109
105
112
84
100
74
98
106
76
107
78
123
57
102
106
125
139
104
128
120
157
140
165
162
144
126
162
124
126
145
90
118
164
158
161
136
127
149
118
163
170
169
128
195
201
189
192
138
187
182
187
177
188
169
188
153
153
207
200
214
196
159
233
199
232
228
222
200
227
180
223
220
178
231
186
230
139
220
194
233
223
213
191
234
262
256
260
274
242
232
189
240
237
223
198
240
274
271
289
196
253
262
241
274
293
284
253
307
325
316
316
262
311
309
301
291
283
284
270
310
319
220
339
299
285
344
312
280
346
334
290
299
305
329
339
289
341
257
325
312
335
300
359
274
339
344
338
363
349
356
400
281
351
351
327
307
313
372
360
395
367
369
322
344
364
395
387
372
403
436
406
426
443
424
354
411
434
371
413
418
405
331
392
403
429
454
459
383
401
446
416
403
461
409
409
387
416
456
368
468
431
422
383
440
417
476
477
447
473
462
394
456
466
523
401
457
501
453
484
436
455
469
500
491
473
485
547
495
531
522
535
528
526
535
531
469
543
467
500
550
526
463
514
539
534
507
561
517
519
482
476
523
582
484
517
510
522
559
530
582
580
538
498
552
572
544
599
554
562
567
527
578
593
636
544
542
620
546
624
561
629
573
627
594
615
588
585
566
645
651
652
636
590
590
643
602
608
635
608
634
616
651
624
659
675
640
661
597
675
660
636
649
615
611
663
678
702
658
617
673
672
704
640
695
654
677
702
698
707
754
715
660
649
661
652
679
676
690
712
683
696
688
693
740
748
766
743
693
689
760
723
756
732
713
746
767
724
709
717
757
763
783
774
752
766
734
801
743
754
750
761
761
796
786
860
805
811
768
773
761
814
773
770
817
856
827
791
820
800
823
809
801
813
848
851
820
863
870
817
829
852
876
937
864
847
872
887
853
932
865
894
867
864
878
884
915
919
885
906
910
902
914
991
931
952
952
972
929
977
947
945
956
974
999
982
1009
1014
1040
1025
1043
1042
1054
1073
1083
1106
1120
9
6
6
15
14
7
17
11
24
24
26
14
17
34
31
33
22
42
20
46
47
44
56
23
44
46
57
51
66
69
50
73
28
71
31
64
62
84
83
68
77
64
80
97
100
101
76
98
47
71
72
107
89
108
66
110
108
119
114
100
110
67
123
93
112
96
118
100
137
99
128
97
142
124
120
150
136
128
148
125
143
145
146
126
153
168
177
143
166
163
174
168
171
146
177
188
121
189
149
189
187
203
207
126
177
180
108
212
224
211
172
219
141
169
197
201
197
232
191
225
213
240
218
209
235
129
231
209
229
218
241
223
240
224
192
221
266
250
236
266
228
156
258
210
265
262
271
289
270
237
268
252
292
285
297
260
272
261
291
276
247
308
260
322
305
249
296
274
290
325
224
316
350
339
297
278
268
314
322
346
306
322
313
344
306
330
314
249
359
270
351
331
340
341
360
313
357
326
279
370
351
389
364
266
325
326
376
377
366
404
367
326
387
357
390
379
416
374
421
382
396
378
418
421
371
410
322
312
429
367
389
447
388
439
336
452
478
395
415
383
440
408
403
423
383
464
390
415
435
380
447
449
435
437
428
432
483
434
482
491
399
510
451
393
488
466
426
519
499
421
485
474
484
489
503
485
509
499
536
492
527
508
506
493
543
492
470
545
517
520
504
563
458
504
455
463
579
523
522
508
550
540
524
491
503
482
494
555
555
531
561
517
548
548
547
581
505
623
571
503
567
553
621
509
511
603
521
598
595
598
583
570
580
590
601
607
576
645
596
611
637
646
627
601
659
634
609
561
567
566
587
682
575
612
639
625
658
631
634
593
644
650
631
673
613
662
605
676
647
641
719
687
688
694
649
690
684
670
649
684
680
695
730
736
667
680
752
742
702
695
733
672
714
677
706
707
713
709
720
753
744
735
690
777
704
725
762
708
731
750
771
708
752
741
767
808
741
814
733
762
778
815
743
825
774
753
813
765
824
796
812
790
800
826
777
771
807
796
783
872
810
849
852
826
832
801
847
866
807
852
853
830
853
887
878
867
854
864
917
904
870
877
865
919
871
917
911
893
881
936
958
908
940
897
899
915
941
955
973
990
982
980
975
987
993
1025
1015
1008
1011
1022
1016
1065
1052
1045
1040
1057
1065
1084
1081
1116
6
8
10
11
6
17
16
13
20
26
8
28
7
36
14
24
38
6
16
46
47
48
46
59
52
40
42
33
61
66
71
73
70
64
62
75
73
36
66
54
93
16
98
48
88
99
69
97
85
106
107
96
112
93
110
107
101
80
109
95
104
122
131
117
42
118
119
122
107
137
85
78
102
34
118
145
126
125
130
125
152
161
139
165
173
95
160
185
151
167
165
119
170
143
168
183
154
174
189
158
185
149
143
157
217
137
225
166
180
216
162
211
185
221
234
202
212
216
234
231
217
198
228
190
230
247
213
215
241
242
225
243
165
257
216
169
239
157
250
259
253
241
271
240
223
285
292
256
278
213
274
310
280
264
294
243
289
269
204
310
313
282
303
273
264
270
279
263
324
263
275
256
243
342
287
332
310
311
335
322
358
337
334
336
327
303
346
305
330
320
336
344
366
342
361
245
381
340
257
352
358
372
377
358
330
296
347
395
373
353
400
294
388
432
348
352
393
325
386
380
318
403
413
390
424
387
387
380
363
352
444
374
386
379
457
404
444
427
409
439
425
478
459
404
422
436
402
455
398
424
434
408
487
436
483
449
463
480
476
436
474
506
429
436
445
391
471
500
482
429
502
421
432
491
484
505
502
489
517
463
510
486
492
462
465
480
530
470
486
559
515
554
539
459
554
519
592
560
519
532
551
491
547
536
497
528
492
593
531
583
524
570
574
530
579
559
577
510
554
590
566
537
592
523
516
591
560
605
610
586
609
535
572
576
570
565
632
582
663
588
647
586
564
634
615
646
660
693
628
609
597
615
635
610
687
629
643
589
657
664
675
657
663
663
651
622
642
613
688
687
658
658
661
705
630
693
664
667
660
661
652
726
733
665
723
683
653
722
700
722
736
782
697
692
702
718
699
745
698
686
745
755
745
748
732
729
742
723
715
779
763
742
723
782
749
753
747
724
751
801
778
779
749
782
816
753
776
756
803
808
864
797
780
779
788
834
789
843
813
797
806
809
794
847
865
818
830
857
869
811
838
833
863
835
823
838
863
868
922
861
868
857
866
902
901
920
870
939
876
881
934
905
904
923
899
897
923
908
972
927
951
981
983
985
974
971
1018
969
1021
1033
1038
1037
1049
1073
1083
1107
1119
1136
1162
1197
6
8
9
7
5
18
6
15
20
23
8
23
12
5
31
34
37
27
35
44
48
48
49
51
56
56
51
31
60
66
55
70
34
50
68
65
41
49
47
80
73
77
50
89
91
79
83
85
67
100
74
81
87
106
112
95
73
102
103
93
95
123
115
120
84
90
96
121
105
142
138
112
117
98
135
147
138
113
123
161
158
127
158
166
123
143
157
170
180
178
176
154
185
191
159
181
141
174
165
192
150
156
151
176
195
204
176
209
174
183
205
213
191
226
198
199
161
233
235
221
191
228
157
220
204
251
231
248
171
185
220
228
198
270
230
216
231
211
262
257
263
226
248
278
272
252
258
288
244
238
273
298
284
275
289
280
311
318
259
270
251
253
277
309
272
272
247
293
290
314
256
308
301
263
319
341
289
353
320
318
227
356
345
286
318
271
328
316
339
347
355
275
371
329
307
290
337
357
386
340
358
339
386
378
370
339
386
405
362
374
352
400
397
358
394
423
365
389
422
395
372
446
339
330
378
358
324
411
349
399
376
364
369
442
425
419
391
361
375
419
444
456
349
371
471
447
394
444
407
445
447
400
391
477
441
494
410
423
415
441
453
491
503
453
486
411
503
501
446
460
467
488
507
488
488
462
480
460
523
546
488
504
429
481
492
447
437
479
468
535
471
503
541
485
485
532
456
519
560
524
543
516
480
551
492
481
565
528
553
502
522
559
579
593
607
590
539
586
563
542
600
564
563
592
533
582
599
568
543
595
588
586
609
584
564
558
658
612
548
586
622
558
649
638
584
595
581
620
609
618
617
647
632
644
612
631
595
642
673
627
652
601
635
673
659
648
700
618
643
676
659
673
707
654
653
646
708
631
643
657
685
686
731
655
664
738
699
677
681
706
722
726
687
717
712
710
712
729
734
684
706
743
696
700
702
772
760
741
755
730
728
746
777
720
747
729
756
795
791
751
807
772
769
787
800
752
786
785
796
804
780
775
794
801
824
787
814
790
784
846
835
827
829
844
813
810
833
836
854
850
840
815
844
888
877
828
861
884
845
879
897
873
854
868
870
865
865
876
891
881
929
883
907
889
908
923
943
914
965
949
913
919
922
916
931
949
928
975
950
963
963
995
999
971
997
997
1030
1036
1059
1077
8
6
13
13
17
21
5
7
26
24
17
31
30
29
34
30
42
38
29
37
6
52
54
51
16
57
49
66
47
56
64
53
27
76
74
78
74
83
26
58
88
42
51
90
86
102
86
76
76
107
104
112
64
77
64
106
33
111
61
117
127
113
122
119
129
111
112
128
102
135
130
138
139
147
153
116
158
143
153
113
156
126
150
94
94
158
144
137
117
170
171
163
180
189
183
142
159
165
203
185
189
123
211
188
159
174
120
194
197
211
226
202
107
212
222
217
156
158
187
216
176
231
212
238
240
238
243
240
219
222
210
230
253
260
264
264
254
274
264
238
272
256
275
238
266
250
195
197
253
269
237
262
280
264
273
274
275
264
279
238
322
270
308
301
335
232
260
282
233
270
295
300
323
333
296
336
330
271
332
308
285
268
334
323
311
355
340
339
361
339
359
269
338
372
349
364
348
375
376
357
380
392
333
397
383
348
353
316
374
366
320
321
383
396
386
392
380
382
357
397
378
438
361
424
395
452
424
375
357
327
377
407
355
428
425
437
457
389
418
415
456
372
458
441
409
442
433
455
424
460
457
372
482
490
480
425
464
487
404
463
445
492
486
506
504
467
457
437
503
484
477
416
490
515
507
453
503
459
486
517
476
544
501
522
462
561
544
464
494
514
468
538
490
551
549
501
499
509
534
481
530
555
519
555
547
564
494
576
552
567
579
582
521
579
592
508
561
529
604
559
619
621
570
573
520
596
593
541
530
604
605
551
611
547
556
599
566
646
581
573
611
676
573
575
620
621
607
631
583
630
656
600
582
616
614
618
588
622
657
654
632
597
678
664
635
637
684
680
630
617
702
623
665
650
710
729
735
643
666
706
681
659
699
647
659
662
648
663
702
682
742
673
772
710
718
692
697
680
740
701
727
694
716
750
707
716
720
724
730
747
729
763
779
727
799
715
759
738
806
789
814
796
764
732
772
763
800
756
849
790
801
772
758
764
804
790
776
776
786
800
784
825
798
802
809
791
828
870
859
822
866
869
868
817
845
834
836
910
848
875
834
846
879
858
865
900
857
871
878
900
867
902
921
918
892
915
922
954
940
935
929
922
931
946
955
968
956
965
1003
973
978
992
982
1007
1001
1003
1009
1023
1042
1054
