5 0.09
10 0.31
15 0.42
20 0.52
25 0.43
30 0.44
35 0.44
40 0.39
45 0.49
50 0.58
55 0.46
60 0.6
65 0.42
70 0.49
75 0.49
80 0.51
85 0.53
90 0.5
95 0.66
100 0.68
105 0.4
110 0.29
115 0.21
120 0.25
125 0.17
130 0.18
135 0.15
140 0.2
145 0.15
150 0.21
155 0.2
160 0.27
165 0.17
170 0.15
175 0.21
180 0.16
185 0.17
190 0.11
195 0.1
200 0.19
205 0.16
210 0.12
215 0.1
220 0.1
225 0.06
230 0.11
235 0.15
240 0.1
245 0.21
250 0.12
255 0.12
260 0.11
265 0.11
270 0.06
275 0.1
280 0.06
285 0.1
290 0.08
295 0.11
300 0.1
305 0.07
310 0.06
315 0.08
320 0.04
325 0.05
330 0.04
335 0.12
340 0.05
345 0.04
350 0.1
355 0.09
360 0.05
365 0.05
370 0.05
375 0.04
380 0.07
385 0.05
390 0.04
395 0.07
400 0.03
405 0.08
410 0.06
415 0.08
420 0.07
425 0.06
430 0.05
435 0.05
440 0.02
445 0.07
450 0.02
455 0.04
460 0.06
465 0.02
470 0.05
475 0.07
480 0.08
485 0.05
490 0.07
495 0.06
60171 82.18
5 0.09
10 0.34
15 0.37
20 0.39
25 0.54
30 0.52
35 0.47
40 0.49
45 0.49
50 0.61
55 0.48
60 0.63
65 0.54
70 0.51
75 0.59
80 0.6
85 0.74
90 0.57
95 0.7
100 0.58
105 0.45
110 0.19
115 0.17
120 0.31
125 0.21
130 0.24
135 0.27
140 0.22
145 0.17
150 0.2
155 0.2
160 0.18
165 0.18
170 0.21
175 0.21
180 0.17
185 0.22
190 0.23
195 0.12
200 0.16
205 0.12
210 0.12
215 0.17
220 0.09
225 0.13
230 0.13
235 0.13
240 0.11
245 0.05
250 0.1
255 0.11
260 0.15
265 0.1
270 0.12
275 0.06
280 0.06
285 0.13
290 0.1
295 0.1
300 0.08
305 0.1
310 0.1
315 0.07
320 0.04
325 0.08
330 0.07
335 0.14
340 0.08
345 0.07
350 0.15
355 0.06
360 0.02
365 0.09
370 0.06
375 0.1
380 0.13
385 0.08
390 0.06
395 0.08
400 0.1
405 0.07
410 0.05
415 0.1
420 0.07
425 0.05
430 0.03
435 0.05
440 0.08
445 0.07
450 0.05
455 0.06
460 0.04
465 0.04
470 0.05
475 0.08
480 0.05
485 0.05
490 0.05
495 0.06
61119 80.5
5 0.16
10 0.45
15 0.41
20 0.42
25 0.35
30 0.36
35 0.43
40 0.41
45 0.4
50 0.41
55 0.6
60 0.44
65 0.49
70 0.52
75 0.49
80 0.54
85 0.55
90 0.59
95 0.62
100 0.48
105 0.42
110 0.23
115 0.25
120 0.2
125 0.22
130 0.14
135 0.17
140 0.19
145 0.23
150 0.19
155 0.22
160 0.21
165 0.23
170 0.18
175 0.14
180 0.23
185 0.1
190 0.26
195 0.12
200 0.13
205 0.1
210 0.1
215 0.11
220 0.18
225 0.07
230 0.13
235 0.15
240 0.1
245 0.1
250 0.09
255 0.1
260 0.11
265 0.14
270 0.1
275 0.09
280 0.07
285 0.1
290 0.06
295 0.11
300 0.1
305 0.04
310 0.08
315 0.1
320 0.05
325 0.07
330 0.09
335 0.05
340 0.14
345 0.12
350 0.15
355 0.08
360 0.1
365 0.11
370 0.07
375 0.1
380 0.06
385 0.13
390 0.07
395 0.12
400 0.05
405 0.02
410 0.05
415 0.04
420 0.08
425 0.09
430 0.07
435 0.07
440 0.05
445 0.04
450 0.05
455 0.03
460 0.04
465 0.08
470 0.01
475 0.05
480 0.02
485 0.05
490 0.08
495 0.07
62594 81.94
5 0.03
10 0.33
15 0.25
20 0.3
25 0.37
30 0.44
35 0.42
40 0.58
45 0.51
50 0.43
55 0.41
60 0.38
65 0.45
70 0.41
75 0.64
80 0.36
85 0.7
90 0.42
95 0.64
100 0.53
105 0.44
110 0.31
115 0.19
120 0.26
125 0.22
130 0.16
135 0.22
140 0.2
145 0.18
150 0.21
155 0.17
160 0.2
165 0.22
170 0.13
175 0.19
180 0.18
185 0.16
190 0.19
195 0.1
200 0.13
205 0.09
210 0.06
215 0.08
220 0.16
225 0.16
230 0.09
235 0.12
240 0.11
245 0.15
250 0.15
255 0.07
260 0.04
265 0.11
270 0.12
275 0.07
280 0.07
285 0.09
290 0.1
295 0.06
300 0.06
305 0.04
310 0.07
315 0.08
320 0.06
325 0.06
330 0.08
335 0.07
340 0.07
345 0.11
350 0.04
355 0.08
360 0.06
365 0.07
370 0.06
375 0.01
380 0.05
385 0.06
390 0.05
395 0.07
400 0.05
405 0.06
410 0.03
415 0.05
420 0.02
425 0.07
430 0.02
435 0.05
440 0.09
445 0.05
450 0.06
455 0.05
460 0.04
465 0.01
470 0.07
475 0.06
480 0.01
485 0.03
490 0.08
495 0.01
60811 83.28
5 0.08
10 0.28
15 0.3
20 0.33
25 0.39
30 0.41
35 0.47
40 0.33
45 0.48
50 0.33
55 0.5
60 0.5
65 0.55
70 0.51
75 0.54
80 0.54
85 0.53
90 0.63
95 0.5
100 0.57
105 0.42
110 0.26
115 0.1
120 0.17
125 0.23
130 0.19
135 0.18
140 0.14
145 0.17
150 0.21
155 0.21
160 0.18
165 0.2
170 0.15
175 0.15
180 0.14
185 0.2
190 0.15
195 0.13
200 0.15
205 0.16
210 0.07
215 0.12
220 0.11
225 0.11
230 0.09
235 0.06
240 0.04
245 0.07
250 0.08
255 0.13
260 0.04
265 0.02
270 0.13
275 0.07
280 0.08
285 0.09
290 0.08
295 0.06
300 0.09
305 0.1
310 0.05
315 0.06
320 0.04
325 0.08
330 0.02
335 0.05
340 0.04
345 0.07
350 0.05
355 0.06
360 0.06
365 0.03
370 0.05
375 0.05
380 0.01
385 0.04
390 0.04
395 0.05
400 0
405 0.04
410 0.08
415 0.02
420 0.04
425 0.03
430 0.02
435 0.09
440 0.05
445 0.04
450 0.07
455 0.05
460 0.05
465 0.04
470 0.06
475 0.03
480 0.06
485 0.04
490 0.05
495 0.03
61577 83.96
