4
5
5
7
6
12
12
14
13
15
18
19
17
19
20
8
20
5
16
24
25
21
18
29
25
26
26
27
35
32
38
38
35
41
17
34
18
46
22
41
10
33
36
31
52
28
31
49
22
21
48
57
52
57
14
28
58
35
42
59
18
51
36
66
67
69
59
73
54
39
73
55
58
78
63
70
56
65
23
58
66
67
61
39
73
78
87
86
90
83
91
93
59
92
93
93
33
102
77
94
78
106
49
87
44
86
109
90
62
90
73
106
108
70
91
95
106
105
78
72
53
97
102
100
121
64
126
111
131
39
121
93
67
124
129
103
127
108
109
120
119
57
80
86
120
143
123
140
139
141
143
118
125
107
149
71
131
110
143
124
154
98
125
72
165
117
157
113
148
158
126
126
152
152
148
104
150
116
107
165
103
155
143
150
171
168
177
120
104
151
147
171
147
173
129
190
169
149
165
161
136
138
172
150
187
174
177
142
149
185
200
142
125
208
183
144
169
183
172
206
174
162
212
146
216
189
194
165
162
199
147
185
207
220
213
162
166
178
195
191
159
177
203
226
240
172
181
196
212
156
230
219
165
208
167
189
179
192
210
217
188
244
230
207
242
227
264
233
213
210
237
235
259
222
229
262
239
192
272
234
233
215
252
247
248
202
284
215
222
203
257
247
216
208
221
275
250
250
214
235
248
223
284
273
281
258
252
222
270
276
250
234
301
300
278
233
284
310
265
272
268
265
279
316
282
246
297
243
318
273
289
262
300
263
252
272
310
288
310
292
322
280
284
283
337
307
292
323
309
338
279
298
310
276
324
355
298
330
307
331
287
321
315
341
326
355
320
343
325
305
369
308
325
314
328
362
335
328
342
327
372
388
365
338
362
322
350
322
374
364
355
346
352
351
336
400
359
396
355
353
380
365
357
372
405
363
420
363
353
395
400
373
407
387
378
385
382
399
426
376
391
390
378
431
386
433
423
413
400
413
419
393
401
390
417
444
430
414
398
417
458
412
411
410
443
422
422
464
440
470
416
445
447
436
431
479
430
461
438
455
467
447
440
464
449
454
449
454
457
503
504
464
490
464
486
482
472
474
479
525
524
508
490
487
496
525
523
535
534
534
552
546
552
570
554
569
584
586
595
613
4
4
5
8
8
7
5
4
9
6
12
12
13
11
24
17
24
12
4
20
26
14
28
33
19
29
30
35
24
22
14
25
8
40
34
31
19
43
37
43
27
27
37
35
44
14
47
55
37
38
41
59
29
56
52
58
45
26
33
30
28
19
58
38
52
75
37
27
63
36
41
81
66
62
67
53
87
46
75
70
83
81
67
85
44
79
72
81
62
52
53
98
88
97
89
76
45
76
94
80
96
64
94
94
95
34
107
114
24
81
100
53
107
90
60
92
82
45
34
121
55
69
113
80
49
124
92
91
112
96
97
129
108
69
128
111
147
103
53
106
112
129
112
139
89
127
129
114
111
110
111
152
133
125
149
103
54
121
135
135
155
121
152
154
90
71
164
158
139
144
95
91
142
85
126
78
135
118
145
157
179
132
166
134
150
144
156
152
119
190
187
180
145
162
139
166
185
116
165
182
182
138
191
160
157
175
169
163
180
196
195
172
174
145
119
198
168
191
186
218
123
176
178
145
191
214
176
208
159
162
193
229
194
182
205
202
224
194
232
144
197
240
211
234
229
189
162
229
185
208
174
181
201
237
225
227
219
221
240
223
243
240
230
208
236
189
224
242
193
236
198
196
249
205
252
213
273
232
243
216
250
272
268
226
240
243
273
240
263
262
275
266
237
264
210
278
259
245
256
282
271
228
275
261
262
265
275
279
291
233
237
276
279
308
246
286
291
289
303
272
261
262
310
263
300
302
297
288
314
249
301
309
295
279
309
311
296
301
311
288
304
310
267
274
328
321
311
323
330
321
321
332
300
311
292
331
327
336
331
285
339
308
325
328
332
318
342
346
323
351
315
347
339
355
304
311
332
316
356
355
363
357
352
356
328
363
352
365
371
362
356
370
357
363
369
330
382
330
357
337
346
347
367
385
344
381
390
357
381
384
388
371
369
399
390
400
381
390
392
360
387
401
400
394
365
374
401
391
415
373
420
385
416
409
387
400
420
426
409
407
407
420
411
415
409
425
410
421
447
445
430
436
409
436
440
428
456
434
430
451
443
437
458
445
459
462
456
443
477
459
469
454
458
465
483
457
474
474
485
484
481
490
492
477
489
488
489
504
498
508
511
505
512
515
513
525
535
532
543
560
5
8
5
6
8
9
6
8
13
18
17
19
22
10
13
19
11
24
23
23
31
17
26
31
5
34
35
29
36
34
39
26
37
30
35
32
42
41
23
40
34
42
41
53
39
37
56
48
48
40
52
42
42
40
49
17
25
59
48
54
46
65
63
28
60
63
54
68
56
71
40
18
71
8
80
68
79
81
64
86
36
83
92
59
92
77
76
91
56
51
85
96
92
57
73
82
90
76
41
85
75
100
80
83
54
115
104
108
88
43
89
102
88
96
61
63
101
111
45
66
99
101
117
125
118
125
108
56
107
109
55
59
124
110
137
113
138
120
123
126
96
150
88
114
148
125
103
137
108
138
114
153
149
126
125
150
131
99
61
131
118
142
154
165
112
175
137
157
124
103
114
132
136
70
115
111
168
147
167
152
157
164
99
183
163
158
111
180
91
191
175
177
162
177
176
128
169
118
195
204
205
101
121
144
183
126
155
190
198
182
205
203
178
109
178
182
139
188
182
132
154
159
221
180
209
170
133
185
198
145
135
168
216
192
221
182
200
203
219
197
238
245
236
234
213
162
233
219
167
190
183
216
240
252
254
222
197
238
235
201
244
254
175
202
211
226
247
207
191
227
231
224
233
219
260
267
254
208
243
182
272
233
288
234
213
246
258
218
277
267
292
253
210
255
240
234
231
282
266
297
239
307
284
217
266
272
288
268
283
275
276
299
308
262
284
275
245
243
257
277
314
297
255
318
270
242
268
262
291
305
279
242
290
248
338
294
304
252
264
288
283
296
312
334
325
324
351
314
322
325
308
336
272
319
339
305
312
294
331
310
295
309
306
362
310
305
307
332
311
299
381
357
325
332
350
345
344
319
354
393
311
369
348
334
348
349
332
380
335
358
353
323
392
339
387
353
332
343
365
356
410
346
353
380
366
380
423
394
374
360
363
348
354
414
394
374
379
392
389
425
403
371
404
373
367
379
432
376
383
403
412
399
395
457
383
436
402
418
396
452
408
421
438
461
427
420
463
414
438
444
413
488
457
434
482
440
436
437
451
489
470
459
493
484
457
460
507
516
465
473
503
475
511
475
502
486
499
543
486
489
505
493
526
521
512
526
570
542
541
542
573
555
558
588
574
600
590
609
627
640
5
6
7
11
6
14
16
16
14
18
15
19
15
13
18
20
19
18
23
18
6
4
33
30
33
23
25
31
17
39
39
38
43
25
31
38
45
37
32
42
23
35
43
40
44
31
51
42
21
46
9
54
46
45
50
37
49
59
61
23
52
33
71
62
48
61
59
70
47
49
30
76
52
26
58
62
54
62
78
70
64
66
60
90
61
60
81
91
82
85
33
91
72
82
27
95
96
87
80
74
67
70
103
48
86
97
100
93
89
88
68
102
36
106
99
114
98
60
106
79
16
115
106
85
108
86
96
120
85
119
133
80
92
102
138
114
120
88
98
71
105
73
133
112
111
118
148
137
64
66
154
132
126
132
145
139
110
141
149
109
118
152
111
146
77
110
88
124
100
136
154
92
145
153
155
150
109
160
168
127
116
128
139
140
158
145
131
133
140
165
151
158
165
190
112
95
127
198
152
127
168
160
134
169
194
186
177
187
188
130
121
201
186
211
180
144
122
196
162
183
196
208
180
204
178
141
125
199
146
202
145
165
203
212
207
149
153
227
172
199
175
177
149
185
152
183
209
215
201
210
185
244
220
217
212
258
247
172
215
217
234
190
252
230
237
196
172
264
170
169
234
253
243
226
238
257
189
246
196
196
186
242
222
256
199
222
242
253
241
208
221
268
199
263
203
197
250
248
228
260
236
245
264
295
256
261
290
255
300
310
271
243
270
270
273
282
285
274
266
264
283
320
230
299
264
276
311
240
248
236
302
239
284
304
285
302
292
286
283
307
332
282
283
279
320
336
313
353
318
311
311
303
292
315
326
303
324
314
357
292
318
315
299
280
355
335
294
318
340
330
308
340
334
334
369
317
347
357
318
354
321
375
345
360
342
363
335
356
353
394
324
354
350
336
372
355
331
343
376
391
371
368
375
380
350
356
375
399
394
363
417
382
377
374
404
388
388
359
432
400
387
414
390
379
410
403
399
400
389
410
406
388
408
439
402
443
408
416
417
422
436
444
424
462
411
408
423
414
423
434
417
428
439
439
428
447
431
479
443
482
475
454
445
440
441
501
467
457
461
456
474
483
467
517
486
468
512
484
481
507
495
499
508
500
543
506
547
520
528
530
532
572
575
553
558
562
601
591
610
603
6
8
4
9
9
11
10
14
9
11
9
10
20
16
18
13
26
7
9
24
12
13
23
29
28
35
35
34
11
32
32
40
37
34
20
38
32
43
44
43
45
49
38
19
49
51
25
47
37
47
35
51
29
56
37
60
58
50
47
51
61
60
35
58
36
45
25
9
56
63
57
18
34
70
48
68
82
60
80
71
64
70
72
89
88
81
88
84
93
81
58
20
62
89
56
96
44
103
83
59
80
109
82
79
93
105
50
34
84
86
86
86
79
105
91
119
21
108
78
105
116
113
77
112
66
41
42
53
104
107
74
115
51
113
75
118
106
117
134
124
120
144
131
148
121
126
105
141
144
142
67
143
121
86
110
143
124
94
122
166
138
113
114
166
131
108
170
161
134
143
128
132
163
166
121
164
118
137
81
155
156
133
149
173
157
130
104
122
133
170
192
182
198
176
167
172
130
187
151
152
177
164
136
156
182
174
142
169
203
170
145
141
206
162
146
211
201
183
186
179
225
202
197
171
225
165
186
206
194
207
181
155
202
160
218
164
238
180
185
227
215
243
226
217
170
232
222
193
178
215
233
200
212
184
217
211
251
231
208
180
213
222
229
186
205
259
208
208
233
203
207
227
260
229
253
219
270
277
266
202
191
254
258
276
272
194
257
261
275
223
219
227
241
253
259
229
225
292
275
263
230
258
253
225
266
244
235
248
235
283
239
245
282
277
256
257
305
242
310
261
234
285
289
303
308
317
286
243
304
268
321
285
267
306
258
320
297
261
314
294
263
308
272
267
316
289
319
280
332
281
286
291
297
303
348
283
352
334
313
340
296
343
334
309
295
350
293
311
357
339
335
356
333
339
330
322
302
378
312
336
322
332
324
382
382
354
319
337
346
316
372
343
325
324
328
387
359
382
344
358
361
367
339
397
340
361
377
346
404
399
393
367
351
364
363
399
400
357
394
383
358
387
381
435
381
388
391
429
394
393
389
413
384
429
421
432
410
384
421
403
398
435
404
436
452
434
414
415
437
450
421
433
421
421
418
437
453
427
465
455
460
471
470
473
444
473
463
448
454
461
486
456
464
491
473
502
489
480
479
506
486
480
488
491
523
502
532
516
520
517
518
553
551
536
574
575
594
582
615
621
4
4
6
9
7
5
10
11
7
11
11
12
21
16
8
21
19
22
21
25
30
27
10
24
30
6
31
29
24
38
35
21
13
38
22
35
19
39
38
49
29
40
45
41
32
31
31
46
47
37
35
49
48
39
5
46
60
58
35
61
46
46
48
28
36
43
67
24
20
56
71
54
73
51
56
12
82
56
79
90
51
84
56
84
86
73
63
13
34
85
98
73
92
91
98
72
98
85
85
31
43
92
61
87
75
98
50
88
85
78
44
100
87
103
97
91
102
86
66
120
80
94
50
108
27
106
75
91
43
126
92
90
120
120
42
93
139
80
100
118
139
142
136
130
99
112
130
123
51
123
146
142
130
145
66
128
117
158
119
148
67
146
135
144
139
85
139
147
113
127
136
131
156
121
94
123
118
97
111
163
132
144
118
181
166
174
153
92
184
173
126
147
145
193
151
185
123
148
133
201
183
176
176
170
199
186
157
169
165
173
187
194
186
191
196
174
178
208
195
194
186
191
131
158
128
194
158
175
149
153
158
168
189
151
142
217
210
167
180
227
228
228
218
190
205
188
229
182
224
194
228
211
179
256
164
189
234
224
219
224
203
200
212
242
240
227
245
208
175
248
248
182
201
173
208
268
198
235
241
186
256
204
254
240
267
206
261
272
225
264
277
260
256
236
253
225
209
260
218
237
277
231
224
260
268
229
230
250
271
275
244
296
221
294
242
234
284
262
294
232
308
277
315
281
270
238
279
311
249
295
271
310
261
312
303
274
291
307
303
312
310
273
252
288
315
258
296
259
336
309
337
275
297
325
308
288
319
283
298
337
304
315
296
345
363
308
320
303
317
292
341
308
325
308
326
344
320
372
349
356
362
325
323
335
336
355
319
333
321
375
349
329
377
340
338
390
321
351
324
374
342
342
353
338
352
352
402
389
391
382
359
346
353
373
349
353
381
390
360
395
364
407
356
424
406
371
368
370
371
385
431
389
419
423
388
386
375
410
383
390
420
408
394
395
428
397
417
431
410
437
454
459
438
417
408
429
428
414
422
448
434
446
465
437
441
436
465
440
454
491
453
452
464
444
454
451
466
456
474
475
466
481
500
483
505
482
497
499
503
507
525
513
516
523
529
552
542
560
576
593
4
8
11
9
4
15
10
16
18
16
18
9
23
15
14
20
21
15
19
30
15
34
14
27
34
33
27
16
39
26
34
27
37
36
37
17
43
46
36
46
43
42
29
41
40
32
25
51
45
54
29
49
46
55
66
51
50
64
52
46
56
29
31
72
43
49
52
56
54
58
68
64
23
51
52
60
82
27
81
71
76
89
36
76
90
63
40
66
41
32
82
84
41
48
71
91
76
100
91
15
108
94
56
88
91
96
77
96
86
68
122
105
109
51
28
50
94
110
71
111
100
97
72
107
46
87
123
118
59
97
109
119
111
77
130
123
104
141
89
117
39
131
95
150
126
58
131
137
94
123
111
92
134
94
144
103
128
109
130
101
69
156
150
124
145
140
117
179
112
158
115
161
68
101
168
163
168
167
145
145
156
156
162
164
146
178
85
153
139
130
118
172
116
99
166
166
190
174
162
190
180
162
189
119
158
195
185
172
130
124
137
184
152
167
119
125
205
230
175
194
191
208
149
147
215
172
217
207
122
154
197
203
225
225
228
212
218
197
161
199
195
191
149
193
219
157
222
219
244
220
205
220
229
216
234
166
204
233
173
204
170
242
191
195
254
182
280
177
223
167
224
200
204
231
194
263
245
264
239
229
244
252
211
206
259
232
267
206
271
235
227
196
249
285
244
271
264
235
256
261
240
239
283
277
252
207
296
250
273
231
240
231
291
315
240
254
242
229
221
293
293
312
284
282
253
267
291
240
242
272
309
288
310
324
262
286
300
243
281
307
300
302
277
328
281
319
286
341
273
283
283
318
347
269
277
338
271
290
329
280
326
311
301
333
327
305
288
334
297
289
320
325
314
343
320
344
340
305
366
315
358
372
319
357
348
307
372
308
342
367
347
349
348
331
323
360
327
321
349
358
324
374
353
373
325
341
402
329
367
402
338
390
381
339
390
339
346
400
382
372
378
367
370
382
357
391
379
405
400
409
392
420
402
421
406
404
389
430
396
382
382
418
390
401
414
436
397
412
412
448
445
436
421
438
426
455
434
424
427
422
415
437
456
460
442
456
444
470
445
459
469
445
461
476
458
486
465
471
483
464
488
489
480
475
494
487
493
504
496
506
500
504
512
515
520
529
530
538
541
547
6
7
5
4
6
7
4
6
12
4
18
16
18
13
11
20
21
25
6
13
6
16
26
25
34
33
33
37
8
39
28
36
42
4
32
38
40
18
28
32
41
34
49
45
42
39
45
45
53
50
51
52
60
59
31
47
49
46
40
35
29
55
26
60
67
64
47
73
52
53
41
65
59
77
50
61
33
80
85
66
82
73
37
82
42
46
95
83
25
96
61
19
98
55
56
87
96
89
75
92
75
70
74
79
79
108
104
100
52
100
112
91
106
101
111
102
106
83
98
91
80
90
92
116
123
85
121
99
89
106
135
98
84
98
128
134
36
111
81
71
134
135
135
143
108
131
142
100
64
140
79
126
139
98
144
123
144
145
134
128
128
126
149
153
124
154
105
83
144
156
157
138
132
130
133
147
165
142
137
129
135
131
177
173
94
122
174
144
155
185
179
144
156
187
131
169
109
157
188
193
191
114
197
177
141
156
184
189
192
140
184
154
188
172
199
204
206
145
184
202
195
189
193
168
167
182
214
186
209
161
154
218
210
136
150
222
165
233
184
229
192
152
234
174
159
188
199
219
232
212
166
242
192
215
182
224
236
225
203
227
168
229
251
242
244
237
233
252
200
201
210
199
258
251
202
216
229
241
263
231
271
191
265
272
270
225
278
214
232
197
203
219
207
280
244
268
224
236
291
244
224
264
239
264
267
276
272
270
256
293
283
266
245
295
249
294
269
253
238
250
314
307
261
263
282
312
314
243
255
275
296
319
312
308
251
275
267
250
257
306
293
256
312
311
309
342
295
288
289
267
316
304
276
324
311
343
318
345
323
290
349
337
290
286
300
309
325
313
296
306
361
343
331
298
347
331
322
354
299
305
357
356
335
389
368
374
314
329
356
350
330
358
325
341
328
348
363
385
362
333
367
355
357
341
399
387
376
391
377
354
395
362
344
376
365
376
353
432
372
372
409
400
369
382
393
423
413
387
405
421
397
415
422
440
382
390
412
397
401
401
406
411
411
469
436
399
435
435
431
449
416
439
427
412
447
446
428
426
427
460
431
434
437
460
443
460
457
476
491
466
444
454
462
460
466
480
461
490
479
500
489
500
482
483
497
511
494
502
521
508
518
519
520
539
536
526
558
538
573
588
5
5
7
6
8
11
6
7
10
10
12
9
6
18
5
10
16
13
22
16
11
5
30
28
7
32
17
35
20
23
32
29
28
38
17
38
42
22
21
46
45
32
27
18
50
32
46
52
6
24
51
49
52
32
61
37
49
45
21
51
50
55
53
59
56
60
53
48
66
73
47
61
29
55
68
72
69
31
50
67
81
64
51
34
53
90
66
52
70
10
67
55
69
87
79
73
80
99
80
103
87
106
90
108
32
35
69
112
86
110
69
66
29
111
92
31
84
119
93
101
74
111
107
118
99
116
108
108
98
64
126
108
63
108
36
126
129
129
121
122
137
112
138
112
107
82
52
128
111
129
142
127
90
127
156
127
148
142
151
147
156
125
145
80
169
99
114
145
70
131
171
71
75
104
140
133
141
129
160
142
153
151
149
178
154
114
165
165
142
155
97
183
160
189
183
157
180
186
156
151
142
195
154
127
156
198
168
186
106
176
183
182
189
159
163
185
206
217
204
169
221
123
178
157
196
173
174
173
198
226
164
194
145
189
215
192
193
207
198
195
224
213
216
225
194
208
227
237
174
192
202
237
189
239
207
221
196
231
220
204
171
251
224
264
231
256
211
217
213
257
217
205
216
230
232
267
225
231
201
231
209
253
219
263
243
210
214
226
269
266
203
223
269
266
258
242
260
272
244
290
267
256
248
278
244
250
252
301
275
274
239
262
250
246
255
253
229
279
267
311
284
269
280
254
247
254
241
258
281
297
274
265
257
307
258
299
328
314
275
310
262
270
295
309
284
315
275
285
298
314
274
349
287
309
305
314
307
306
296
287
294
332
280
323
348
306
301
307
289
317
298
349
300
305
301
339
311
354
302
326
361
300
341
314
305
348
329
329
352
333
335
392
356
344
353
324
347
338
322
354
382
361
378
376
369
350
352
389
356
335
360
393
341
341
369
384
348
353
361
347
367
404
415
362
380
384
372
370
376
412
385
391
364
392
368
422
408
426
385
428
401
397
381
416
399
388
408
405
405
403
402
397
436
410
448
407
417
427
439
425
409
458
428
421
446
454
440
419
429
426
425
444
478
473
465
446
490
477
452
456
489
507
465
486
519
506
505
522
517
534
520
544
535
552
544
553
563
560
574
592
7
6
8
8
12
9
14
10
8
13
15
8
21
21
18
22
22
27
8
28
21
22
9
8
26
22
20
20
33
39
31
31
36
34
41
15
32
41
40
44
49
31
38
42
21
14
31
42
36
36
55
49
56
38
55
60
56
39
50
42
66
50
61
69
52
59
58
11
28
36
59
25
75
16
40
75
76
58
87
69
62
48
76
69
70
69
71
88
83
82
53
8
95
99
86
91
87
91
95
76
106
77
58
88
74
72
98
99
96
44
71
56
110
91
63
97
113
98
121
116
96
106
62
112
103
103
129
44
43
122
90
129
96
129
140
125
51
118
42
122
70
117
116
127
89
132
145
104
77
130
63
138
123
120
151
145
162
155
112
113
130
127
139
155
120
148
146
122
91
126
75
101
155
168
124
126
108
99
171
118
181
160
164
123
179
178
147
113
178
171
139
185
169
173
109
164
161
176
133
198
189
147
132
178
178
200
178
190
162
180
217
157
179
180
175
191
193
193
163
135
164
159
157
200
210
208
162
143
207
141
164
229
177
147
155
230
220
230
178
203
210
207
183
199
222
232
163
215
224
242
177
209
176
207
174
231
229
222
243
266
231
240
188
214
226
210
230
214
246
239
203
197
248
249
199
251
190
279
270
217
222
245
247
271
196
276
237
260
201
235
250
275
212
263
273
244
307
244
229
276
253
267
282
291
276
227
232
221
263
249
265
250
297
294
291
246
324
302
300
334
284
303
258
280
317
304
289
295
315
272
316
287
276
261
318
301
347
294
317
290
300
316
268
306
315
310
333
313
353
335
337
368
303
338
285
321
358
332
350
337
352
305
353
317
335
352
326
322
389
359
315
349
341
350
338
352
359
386
368
332
327
373
335
405
397
366
368
359
373
350
391
375
385
345
373
394
379
357
403
389
379
375
381
375
358
422
397
418
373
411
374
401
406
414
403
399
428
405
408
413
400
399
429
389
445
422
435
404
407
419
460
436
428
404
443
439
420
445
421
455
448
466
434
439
428
430
445
449
446
440
439
437
476
496
469
461
450
479
482
467
464
468
469
461
474
460
465
467
475
471
473
500
528
488
500
491
493
491
518
506
527
506
524
511
531
523
548
542
531
546
539
564
561
561
557
578
582
576
597
594
4
9
4
4
5
11
5
9
11
19
13
9
17
15
23
15
25
23
29
25
15
13
34
28
28
29
23
23
40
33
42
41
38
36
45
31
38
44
33
18
44
27
46
41
29
37
39
28
13
56
49
44
58
55
42
68
58
63
42
11
64
65
66
52
75
40
51
70
56
55
16
85
44
72
53
33
82
77
81
75
86
86
75
32
57
67
31
89
89
79
52
56
58
96
70
61
61
99
81
96
54
59
24
82
90
105
98
92
83
67
108
76
78
107
53
105
128
104
99
114
118
50
95
118
115
119
129
105
96
72
110
111
97
47
87
145
127
117
124
74
139
142
134
131
137
116
73
85
107
137
80
133
141
102
120
101
150
112
129
121
109
107
154
141
86
138
133
156
165
111
155
113
142
179
95
170
138
164
168
130
181
123
112
174
163
152
174
162
137
144
153
155
170
158
157
183
187
205
161
193
119
105
106
191
129
194
125
144
192
144
155
182
197
195
184
159
188
146
161
210
152
211
227
207
196
216
192
205
188
179
189
136
228
225
217
204
192
198
172
198
191
231
197
184
220
203
202
198
236
228
200
157
164
239
259
173
201
238
180
250
230
180
222
181
197
251
250
240
272
191
264
207
241
259
254
202
239
231
242
234
228
233
275
275
267
244
236
243
202
216
265
205
247
254
227
279
247
273
264
264
250
216
237
220
303
278
268
290
298
286
272
242
296
300
288
273
281
273
278
264
287
294
320
269
266
309
242
239
286
298
279
288
300
306
313
266
274
302
281
313
303
345
331
318
299
337
339
279
293
340
318
312
300
308
333
320
277
339
322
349
306
323
336
315
320
306
337
335
295
290
331
337
309
333
363
348
317
320
372
389
338
329
369
333
350
357
381
368
364
378
358
357
326
328
347
332
359
360
351
396
340
372
338
341
368
385
356
366
399
406
393
371
386
378
394
412
377
386
413
378
367
418
367
387
389
384
409
375
411
407
427
413
409
396
393
428
389
443
411
441
425
411
446
406
426
405
422
419
414
441
421
441
463
447
455
439
438
425
441
432
432
429
453
479
443
460
452
449
482
468
463
452
478
454
457
467
483
487
505
507
484
481
491
508
485
489
524
516
533
528
516
545
537
552
541
559
548
547
562
577
6
4
8
6
5
7
11
11
10
15
7
17
18
16
23
17
23
14
19
26
5
27
6
27
31
29
36
29
24
25
37
35
40
36
37
39
16
46
17
40
13
23
11
17
46
55
30
49
48
58
44
53
48
61
12
34
60
50
57
53
49
52
52
5
32
68
48
44
34
65
44
35
37
68
41
71
69
71
86
62
74
62
76
75
73
88
49
54
50
85
83
11
90
65
86
49
106
72
42
85
66
36
68
99
108
91
101
92
101
110
96
66
119
91
31
110
76
10
114
61
108
36
109
93
126
83
104
83
125
80
85
123
55
125
98
118
124
114
144
118
92
127
100
107
142
96
133
57
120
147
136
102
116
57
56
137
158
131
88
148
78
91
121
165
119
149
61
140
117
170
85
178
156
149
79
117
134
171
70
168
146
129
128
158
159
127
129
184
125
156
168
109
151
163
170
172
202
175
136
141
160
135
134
190
194
191
150
180
188
190
176
174
190
113
137
165
164
159
194
131
118
167
216
217
130
209
203
190
225
237
149
178
197
169
194
175
207
226
207
203
172
218
195
211
140
241
186
168
242
156
228
177
166
216
183
220
228
246
220
219
234
236
180
166
222
206
228
210
194
262
168
255
188
253
265
268
208
209
209
238
246
235
220
286
240
214
244
235
194
188
238
264
241
214
193
275
264
247
269
298
256
275
266
224
206
227
208
243
226
297
265
300
303
285
295
225
272
296
242
250
238
284
257
250
301
279
260
255
281
291
244
333
266
287
295
286
314
276
316
246
247
308
323
284
351
289
329
275
267
329
276
305
275
334
286
304
339
295
331
286
300
278
288
341
328
322
290
355
314
316
349
319
344
300
380
309
317
337
339
368
306
336
352
353
363
368
348
394
331
336
321
369
331
366
319
392
332
353
338
374
355
363
374
337
344
351
366
408
387
380
346
388
352
432
355
368
379
362
366
395
383
370
393
374
427
391
374
373
400
372
424
422
408
382
421
420
391
411
395
388
401
476
399
424
414
400
413
465
434
458
457
417
452
429
418
443
431
506
437
445
432
434
492
466
479
457
465
458
470
462
539
469
472
496
524
503
496
490
497
513
561
527
506
520
525
526
584
526
547
546
539
547
605
563
566
565
627
637
649
646
4
5
6
8
6
7
11
12
4
8
14
9
9
19
16
22
19
21
25
27
7
13
29
24
32
27
8
18
31
31
36
27
36
40
40
36
38
35
33
42
35
47
17
39
52
28
45
7
21
52
39
43
39
46
46
8
30
64
45
50
38
67
31
54
63
35
68
56
67
55
54
45
5
17
66
9
84
19
60
63
37
83
54
61
75
94
70
87
76
86
42
77
80
92
83
73
85
55
100
53
21
59
92
92
111
90
39
62
38
57
99
100
95
92
56
61
121
97
43
79
89
85
88
117
101
95
77
104
33
75
118
40
130
108
49
114
140
83
120
116
136
102
100
143
125
129
112
132
69
87
128
127
108
143
126
132
142
154
116
98
83
143
171
113
154
66
96
165
115
154
152
140
149
76
107
154
153
155
70
144
82
139
181
128
138
112
191
123
167
158
178
153
162
89
172
141
182
127
150
144
163
139
179
170
168
193
150
179
199
126
179
208
155
203
171
191
188
213
121
230
187
222
156
204
169
227
210
200
220
154
166
198
207
214
189
158
184
206
159
139
218
189
194
184
179
180
152
207
192
185
160
193
214
185
228
226
231
249
256
223
262
261
176
209
255
200
210
237
284
246
198
248
192
225
258
264
218
224
245
203
247
197
233
210
210
204
211
251
215
228
228
203
246
259
265
220
291
293
285
224
298
292
279
242
242
277
264
226
289
259
290
296
237
331
252
283
287
236
269
271
303
237
243
246
287
250
263
250
299
287
301
262
316
332
276
308
277
323
332
259
259
316
305
271
327
322
329
314
277
308
302
271
327
307
318
275
380
298
317
281
336
322
315
353
363
293
339
354
295
368
296
350
344
333
311
365
321
303
312
312
338
371
357
365
344
353
390
330
346
357
381
424
370
374
379
352
400
345
368
343
400
353
382
399
360
389
415
378
405
367
357
375
406
446
379
401
393
374
431
399
396
368
382
422
438
382
412
426
415
395
381
424
447
406
392
399
401
425
450
404
461
412
437
414
446
425
445
459
439
416
416
436
438
427
488
480
466
457
436
482
470
466
442
449
450
487
513
501
503
475
479
493
502
522
522
533
499
489
513
514
539
549
520
532
526
560
554
529
543
553
576
567
572
582
584
592
588
596
613
617
4
6
5
9
8
9
11
14
11
14
9
17
18
24
23
19
22
13
20
20
21
23
32
27
33
34
35
21
8
39
35
37
27
33
35
31
26
25
33
39
34
48
40
47
46
48
54
37
31
26
40
33
39
34
58
56
49
59
43
12
49
68
64
43
69
56
53
27
22
7
74
66
46
77
7
6
77
82
61
90
46
79
66
67
58
71
82
13
89
86
88
80
53
85
82
86
57
97
56
91
81
69
93
57
56
103
93
25
109
108
30
86
90
71
112
67
88
107
112
119
94
96
106
111
71
122
42
113
70
116
125
47
126
133
114
94
47
111
134
140
117
118
57
102
115
128
133
65
70
133
138
141
138
131
120
78
126
148
104
114
136
116
150
140
104
162
151
99
133
166
166
112
119
104
144
163
174
156
162
128
138
113
150
123
171
178
172
138
154
168
99
188
189
164
121
183
163
197
172
186
129
156
171
139
177
171
198
146
174
150
130
200
185
170
197
155
202
178
154
163
161
129
183
219
209
222
226
178
159
157
181
216
155
179
203
173
213
179
224
217
211
225
151
184
210
201
162
236
210
239
225
171
216
210
209
182
236
170
240
245
226
188
176
231
228
207
229
238
243
181
270
262
213
256
223
229
197
255
279
251
245
244
264
247
210
226
242
264
230
272
234
251
204
222
282
278
223
254
270
294
286
263
225
267
265
304
229
279
283
228
297
277
248
287
290
250
284
286
285
314
274
283
266
248
332
287
306
265
308
259
317
291
263
259
321
299
269
293
340
322
302
306
274
334
320
348
302
328
289
316
323
312
301
314
284
320
339
327
293
340
326
364
289
357
314
332
381
326
376
328
351
309
370
312
348
312
325
364
313
357
368
336
371
357
344
395
349
371
349
390
364
346
360
395
411
376
384
414
385
378
377
425
351
367
394
389
370
359
407
398
419
379
374
427
405
388
436
405
391
383
402
410
407
412
396
435
440
463
417
420
396
432
427
399
402
436
457
403
437
467
464
427
421
437
420
443
451
446
468
428
500
480
451
479
471
448
467
495
470
462
450
459
502
490
503
472
527
488
473
496
510
521
492
499
496
533
511
554
527
523
550
510
517
545
518
556
574
568
562
572
578
567
590
584
601
612
606
605
623
628
4
7
9
8
9
5
5
10
13
12
16
18
8
21
6
23
23
5
10
31
30
19
28
25
11
32
16
21
36
36
35
41
33
30
4
42
25
46
38
10
37
38
44
28
29
28
46
42
35
34
53
50
36
54
53
44
54
60
28
49
61
17
57
34
40
35
72
71
17
13
54
26
58
42
59
82
48
72
81
57
88
72
77
85
60
28
74
44
72
94
61
21
85
50
48
80
54
82
59
73
108
55
84
94
76
69
64
82
77
107
80
98
88
97
68
83
100
65
41
114
117
56
48
124
62
117
54
64
75
121
93
121
63
117
42
66
97
105
98
136
105
122
132
83
147
137
88
138
101
122
137
102
123
113
100
83
137
99
129
120
105
62
107
103
161
146
115
151
100
132
136
113
102
163
126
102
141
108
73
143
139
126
177
111
153
92
183
128
78
156
123
122
138
173
179
125
182
178
190
146
91
140
133
151
186
183
198
201
144
188
160
153
169
165
140
185
160
140
169
177
155
153
162
164
124
188
208
221
192
175
139
138
191
145
162
194
226
201
225
151
186
202
238
167
222
195
159
173
218
233
164
225
185
181
233
204
213
204
189
205
236
200
255
242
187
250
164
205
207
180
234
196
216
218
216
210
214
197
251
175
228
241
208
190
225
250
234
225
268
272
248
240
198
284
239
206
218
213
244
224
273
227
248
245
276
280
219
247
256
228
250
275
304
293
261
261
218
297
255
242
248
265
298
245
248
265
262
294
252
268
269
242
280
252
278
279
247
316
284
281
318
265
283
267
256
287
309
281
274
283
302
318
299
331
270
303
340
324
292
287
345
331
342
290
302
272
318
283
293
274
295
297
286
282
295
321
290
307
359
310
311
332
358
322
308
300
323
339
351
316
333
358
339
368
329
308
326
322
388
366
315
379
384
349
334
338
328
353
327
340
366
326
342
399
352
387
353
357
350
347
418
393
360
408
355
395
345
386
355
381
412
368
369
410
375
361
374
387
427
417
425
390
388
380
411
390
393
399
410
388
421
425
440
397
448
407
447
410
418
422
422
421
440
437
422
464
420
474
465
429
434
439
442
466
474
445
461
494
454
491
466
471
490
480
515
475
506
487
510
511
504
522
525
530
522
547
545
543
561
560
