4
7
11
4
15
5
12
14
19
14
21
27
20
28
29
17
29
22
37
22
37
42
25
32
42
20
44
9
43
11
39
30
55
55
16
40
18
45
44
53
59
43
57
60
41
60
66
51
19
63
27
49
67
63
63
75
54
39
57
75
57
66
97
58
92
82
20
95
54
93
29
103
47
82
104
67
63
100
60
51
120
45
73
99
85
38
109
113
94
49
81
36
112
97
94
106
135
38
116
39
131
49
98
116
98
70
137
58
46
96
117
57
93
104
143
149
83
13
121
143
55
96
46
130
83
65
114
43
134
9
113
133
174
90
6
178
156
42
190
125
121
149
142
53
185
201
127
120
9
90
149
44
26
128
43
137
67
125
122
170
175
207
170
81
183
214
168
188
78
127
15
184
129
151
165
225
62
116
118
220
214
227
163
155
39
242
171
148
146
210
164
244
86
199
109
185
179
162
119
209
145
170
198
42
83
74
214
105
103
186
46
83
249
193
207
78
222
159
241
138
248
198
243
264
93
158
23
275
142
247
222
61
70
54
299
226
217
70
124
273
192
235
59
235
309
104
106
253
316
226
181
219
240
240
321
257
153
157
213
57
221
277
106
202
273
236
100
54
237
283
177
147
264
157
245
323
214
184
55
94
14
323
304
116
246
332
369
352
38
95
296
294
256
65
256
288
278
198
174
332
306
291
134
364
289
121
13
321
329
61
263
232
396
348
310
298
328
179
385
117
20
223
31
184
257
245
304
266
136
307
108
263
167
359
372
298
326
387
260
397
92
136
180
301
384
444
320
204
110
241
331
431
371
325
346
394
238
76
86
335
342
443
345
415
329
395
192
449
322
193
284
389
387
313
403
299
309
122
369
117
40
254
395
302
19
382
206
230
453
325
339
199
368
434
447
185
431
258
360
120
477
314
361
336
43
389
199
138
343
528
439
464
97
433
118
375
218
512
417
414
402
289
340
492
421
405
354
434
302
377
475
262
372
393
382
187
471
348
470
479
206
441
139
313
499
305
308
248
274
508
137
302
273
587
518
155
552
513
383
343
177
433
415
442
260
527
384
478
165
195
445
272
494
483
457
502
441
386
529
591
450
537
478
353
566
349
309
395
316
375
387
335
402
362
563
379
250
569
371
550
203
470
603
483
572
427
422
329
496
243
578
296
504
302
530
554
636
503
604
329
502
530
498
445
540
580
530
429
579
443
523
398
320
466
368
303
528
319
591
432
505
620
357
604
626
451
374
478
533
609
405
485
299
451
535
692
573
678
300
480
662
494
567
571
562
592
312
574
441
543
516
477
562
550
366
572
484
353
535
643
395
645
391
465
656
644
533
455
432
454
433
667
468
392
349
720
673
745
688
529
359
611
600
546
496
579
515
592
578
612
618
608
552
577
638
607
687
618
544
696
658
427
489
465
521
453
527
592
426
428
492
635
692
522
706
438
777
719
653
516
738
548
420
604
575
809
631
628
396
652
668
661
613
609
637
495
656
744
501
623
741
528
617
533
479
681
510
706
618
649
766
578
754
760
606
622
548
845
602
534
653
584
817
539
678
511
640
665
675
628
628
683
724
713
690
656
538
729
585
591
646
525
554
806
709
551
781
812
568
584
786
859
543
891
554
645
714
802
690
627
645
510
706
635
681
722
620
685
685
694
778
816
698
795
729
686
646
623
771
608
565
586
593
663
655
794
585
912
687
766
572
666
873
760
855
669
694
760
960
762
691
708
623
755
797
864
610
740
829
638
742
598
830
800
757
708
878
830
676
857
629
685
991
662
642
783
731
940
767
748
788
721
724
707
830
789
798
791
660
734
658
702
675
814
906
675
886
925
974
900
768
778
1003
892
736
815
734
830
766
724
800
703
766
790
912
864
889
803
842
781
715
771
789
712
908
1013
756
869
753
980
803
946
781
811
838
1060
822
814
802
734
850
785
957
744
845
904
809
883
903
796
965
899
941
976
785
1087
793
1066
821
859
830
865
864
823
834
822
865
934
831
803
933
1006
918
953
949
1078
991
833
862
990
1122
839
861
875
897
830
909
876
1011
878
824
975
935
863
911
964
1007
951
1110
1012
929
879
1132
908
869
883
911
931
1011
944
920
1002
945
959
873
993
1037
1150
1102
968
959
896
936
927
912
955
981
1048
1040
970
1116
1017
1076
1174
921
1045
1002
987
1058
960
985
1083
983
1139
1039
975
1203
964
1052
1071
1015
999
1021
1046
1063
1218
1004
1171
1036
1088
1060
1082
1177
1198
1100
1061
1085
1096
1087
1149
1159
1105
1082
1081
1163
1067
1178
1088
1104
1090
1197
1184
1105
1188
1202
1219
1180
1229
1174
1189
6
8
4
8
16
14
6
24
25
14
16
30
15
8
12
4
34
34
12
39
23
44
42
35
16
50
46
48
44
41
28
15
23
42
40
50
16
37
52
32
38
55
55
40
17
73
54
33
76
32
20
73
54
48
26
72
43
53
42
94
33
51
9
82
69
77
90
76
60
109
52
93
23
58
84
87
43
86
121
114
89
86
99
118
90
106
84
105
34
125
80
102
58
126
111
56
78
65
83
63
107
106
68
90
49
49
61
127
91
141
150
8
147
130
139
66
14
68
123
136
145
118
84
131
137
156
155
134
98
135
8
40
121
119
145
128
88
102
118
149
34
171
129
177
113
69
144
60
118
80
163
183
130
147
117
139
205
184
112
184
51
195
207
188
210
29
116
25
118
174
207
196
122
48
180
196
219
46
142
98
193
131
229
182
187
189
64
95
241
175
235
211
149
116
230
203
218
196
98
5
135
187
218
183
219
223
216
61
240
95
169
222
223
184
210
119
107
238
248
272
217
154
123
273
254
249
168
191
248
126
250
74
161
271
280
192
208
218
288
241
56
292
164
200
87
224
265
310
297
304
15
39
287
249
40
307
26
143
156
260
151
193
274
198
263
53
227
155
87
294
277
193
302
259
96
327
307
153
38
299
353
268
59
174
14
227
278
290
37
321
300
328
197
144
326
296
281
340
175
285
286
347
298
327
262
301
215
101
39
293
360
186
380
231
94
348
185
200
164
393
267
195
29
164
248
157
378
296
302
289
365
362
380
383
399
65
161
351
397
411
121
76
317
414
178
56
58
264
327
134
378
377
333
110
369
360
118
425
352
258
358
374
110
440
298
157
80
82
455
267
246
265
356
40
370
412
124
138
263
230
361
333
95
417
227
104
452
417
464
402
342
147
413
396
462
275
115
156
383
356
497
163
389
442
275
459
137
273
410
103
155
439
385
266
297
392
466
376
488
462
523
425
171
452
263
509
270
104
346
120
436
432
241
106
204
488
429
310
485
481
171
152
476
533
524
461
202
458
484
460
126
369
411
422
175
445
465
359
532
495
525
480
480
324
508
500
450
370
366
258
447
193
509
595
365
454
314
465
523
318
276
246
278
465
251
510
506
558
547
408
254
214
532
483
516
196
488
516
595
471
464
537
262
526
547
399
544
449
455
491
609
513
556
550
309
354
487
363
237
441
254
391
521
646
505
287
310
338
542
377
525
479
271
562
555
661
470
585
269
594
583
557
620
525
469
417
560
421
558
560
511
697
600
649
633
422
572
410
403
523
570
373
460
709
611
535
629
381
364
391
617
433
329
608
710
627
566
321
643
619
455
633
614
512
616
556
618
508
656
614
628
465
653
339
664
603
476
462
550
612
625
647
358
766
439
598
468
428
663
419
624
549
598
607
705
661
629
533
602
669
700
597
521
619
476
587
760
631
492
680
650
614
609
571
740
451
703
667
598
473
613
461
460
460
534
666
597
812
650
456
483
678
543
556
601
822
721
700
441
684
632
596
756
726
736
497
634
566
637
709
656
762
729
863
715
545
636
511
650
514
867
679
636
763
521
508
748
586
639
694
751
871
576
757
733
613
667
778
716
571
660
658
741
750
799
782
712
547
597
619
549
698
763
734
901
555
675
544
553
775
744
655
653
686
802
791
747
775
607
701
699
791
701
622
864
762
668
773
748
663
687
659
841
604
744
766
738
694
778
582
586
674
722
702
781
964
663
633
704
834
912
828
733
702
683
788
802
655
873
705
853
689
795
803
757
879
731
973
689
742
639
641
970
653
742
850
948
721
857
855
725
783
820
832
698
763
724
833
816
666
915
838
824
728
748
799
773
846
740
1011
834
862
806
755
852
878
865
744
732
799
867
930
761
728
707
926
803
879
769
748
840
847
777
822
869
807
798
875
978
787
967
903
789
765
912
900
785
958
970
901
770
801
973
843
1074
883
911
825
837
912
825
913
851
835
840
1004
832
928
898
938
918
824
825
846
924
848
806
1014
850
882
932
1121
931
829
821
973
874
825
926
929
1036
871
835
869
941
843
938
986
878
891
1049
1002
970
968
871
1070
965
966
943
1040
1012
1155
896
1159
889
970
982
1023
931
920
995
923
1087
1023
1014
997
939
1072
1050
1176
988
1066
1007
980
1110
964
1074
1045
1031
1030
972
975
1088
1192
1008
1026
1048
1057
1111
1004
1040
1053
1130
1125
1048
1087
1137
1145
1098
1056
1209
1139
1138
1207
1198
1079
1084
1069
1118
1195
1193
1117
1205
1125
1110
1206
1261
1150
1263
1229
1229
1265
1238
1209
1298
1289
1275
1245
1288
1337
1348
1323
1314
1396
1414
1456
1443
1486
1505
1545
6
8
12
16
18
5
10
24
28
26
27
27
18
32
29
15
23
31
13
31
32
23
21
22
39
44
13
45
51
43
38
58
56
32
43
35
46
55
11
29
35
50
27
53
53
63
6
22
59
72
70
47
35
70
54
82
17
33
91
77
37
60
44
45
49
92
54
62
72
8
84
92
40
80
75
63
105
7
52
92
62
104
113
59
75
87
58
69
59
78
75
63
94
73
103
137
108
124
88
55
123
60
119
111
93
132
132
74
146
45
76
91
144
109
113
27
80
125
151
127
135
49
83
126
149
168
148
72
156
111
67
117
96
175
146
31
144
60
97
182
93
171
164
148
188
154
196
38
185
123
92
119
167
160
139
178
153
175
202
132
172
102
69
156
198
161
219
13
197
210
175
81
149
118
187
182
125
101
205
156
29
70
212
177
228
113
162
156
195
87
228
220
186
206
228
204
257
83
174
75
234
178
127
38
165
223
207
21
93
126
152
199
156
162
114
216
156
229
85
87
212
86
251
24
263
93
250
91
263
132
84
185
13
260
242
205
303
115
222
204
124
94
194
250
249
72
270
270
228
268
197
99
212
220
276
290
230
226
223
30
21
267
209
273
292
181
40
30
20
54
258
253
259
318
260
50
143
116
220
203
322
307
306
337
332
229
193
80
242
319
241
308
134
335
200
328
326
177
243
269
15
224
333
79
327
281
295
282
196
89
343
371
125
215
220
313
343
367
318
297
203
195
338
216
329
201
342
358
152
391
195
291
25
311
156
377
372
348
195
294
191
286
325
384
298
366
328
285
98
322
388
339
335
229
106
199
432
19
10
265
134
319
397
369
430
307
349
386
367
314
234
220
409
307
199
324
261
339
327
323
167
349
405
402
274
83
213
251
451
443
130
275
390
378
131
143
346
399
409
372
125
208
261
229
183
201
332
406
355
482
299
195
314
314
422
94
465
209
450
374
475
439
380
418
286
397
396
401
319
448
104
287
410
126
155
436
435
172
478
329
440
428
289
248
442
490
286
321
406
367
404
444
459
435
523
370
337
145
486
322
502
339
181
487
377
341
368
174
455
350
455
505
502
276
415
240
560
450
400
368
514
454
391
408
451
452
527
500
494
522
336
217
335
269
502
483
431
581
541
296
523
451
517
396
467
303
436
545
552
421
491
470
369
520
526
474
253
615
533
537
375
353
602
378
380
557
485
540
319
476
522
466
293
520
437
477
545
379
269
317
508
532
434
327
651
294
562
408
288
494
402
501
470
556
324
484
296
585
325
503
321
480
563
414
301
501
557
529
638
545
589
636
560
525
451
597
578
471
344
628
444
560
548
312
345
573
655
425
536
517
350
561
562
463
631
592
597
605
629
475
708
339
674
662
393
655
575
492
541
535
607
467
450
668
574
619
561
452
550
755
685
659
515
681
469
611
496
508
665
621
529
655
670
422
729
543
547
567
657
409
690
602
626
566
607
684
508
657
625
620
554
676
799
728
627
549
659
512
461
625
464
598
506
576
653
528
650
587
627
732
662
826
445
721
539
639
455
637
595
566
550
571
643
690
535
674
628
756
726
692
764
650
666
591
617
744
709
759
657
663
631
648
661
579
710
762
676
690
571
707
706
743
780
795
774
666
618
820
718
596
745
786
624
698
653
581
593
657
804
629
776
788
718
629
700
927
732
769
621
782
745
674
656
857
673
776
670
796
731
758
716
591
813
788
660
732
767
754
653
875
922
798
755
657
712
683
747
609
801
670
707
750
750
763
771
938
844
681
768
755
636
692
687
713
784
690
673
766
785
881
863
823
851
721
759
719
809
765
787
859
723
771
760
754
835
700
893
740
727
808
791
839
878
885
725
748
865
793
968
711
886
864
855
771
803
895
773
728
755
928
808
813
1009
892
895
769
749
768
860
786
895
1000
773
894
829
815
876
827
909
750
847
806
967
1039
896
878
786
836
820
855
918
1040
835
810
888
941
796
830
817
790
905
947
814
906
850
983
927
904
827
819
895
904
832
965
937
837
819
819
856
870
954
933
920
824
959
953
841
917
914
933
1025
965
966
868
982
905
870
896
945
961
853
898
1128
864
967
930
863
931
889
1053
974
905
997
1010
916
879
899
1050
999
1122
982
897
1124
1009
927
906
987
939
918
948
995
920
979
962
1033
1045
1028
983
1024
987
971
1061
968
969
1055
1038
992
1042
983
957
1030
1130
1007
1075
1007
982
1074
1141
1164
1021
1064
1027
1027
1028
1108
1100
1030
1083
1049
1101
1037
1062
1080
1046
1214
1196
1081
1082
1168
1165
1124
1125
1131
1243
1121
1234
1218
1234
1182
1250
4
10
13
4
14
19
20
12
11
7
12
8
29
32
9
12
38
32
43
5
8
28
22
41
30
30
51
36
47
38
8
32
54
52
41
54
52
41
60
58
47
59
14
64
68
66
73
60
4
73
31
59
46
75
63
74
70
34
36
74
94
75
25
25
63
24
42
50
66
92
37
54
17
94
65
64
37
33
109
28
104
52
66
109
50
129
13
37
81
82
27
55
73
59
90
96
48
122
125
42
106
136
84
123
73
114
134
36
144
157
109
57
164
29
55
147
124
118
139
128
48
29
121
126
165
100
150
83
91
79
57
48
56
158
173
196
150
166
87
144
96
125
139
138
139
135
143
59
5
127
50
75
108
91
168
202
7
144
209
53
79
48
165
100
140
143
104
98
128
130
71
79
126
213
218
168
136
122
143
129
149
171
157
186
151
180
184
151
149
105
184
134
210
51
248
100
68
257
235
114
16
217
88
140
84
163
68
55
118
220
51
98
215
231
150
191
57
195
112
99
149
284
227
219
255
180
146
87
193
182
250
190
231
237
105
229
111
75
145
152
163
267
288
56
141
96
4
266
75
208
268
256
141
121
261
47
245
239
71
239
180
234
156
285
163
156
244
261
317
187
229
240
265
282
106
261
277
301
269
164
54
250
287
301
347
155
142
364
307
211
67
322
353
225
164
79
172
125
283
93
314
292
164
326
203
346
294
365
123
241
277
168
349
24
318
273
322
300
227
35
307
314
347
280
241
18
4
317
149
195
164
399
282
397
177
359
325
363
316
287
300
245
207
276
166
149
288
137
204
311
350
401
168
233
181
351
376
49
287
64
169
335
326
354
211
285
338
423
384
360
348
284
334
396
313
210
249
231
146
424
109
228
445
248
23
126
443
367
124
228
300
387
66
220
413
207
165
303
395
414
117
380
89
479
390
439
405
365
380
66
210
346
423
183
446
114
198
320
442
363
457
110
336
308
254
92
456
470
140
502
483
448
182
490
453
444
425
466
387
297
353
338
414
115
483
404
530
361
226
464
469
449
324
476
379
469
118
450
541
473
310
179
254
548
463
508
475
496
416
522
359
356
534
549
214
472
483
376
337
556
514
459
322
425
494
160
264
289
332
470
385
480
310
391
556
498
473
556
273
487
472
600
357
478
316
489
261
462
460
325
396
485
208
294
214
368
421
525
597
227
228
373
546
618
367
554
379
530
453
493
436
427
409
522
583
232
531
480
355
358
576
627
300
450
388
363
578
367
330
641
550
423
579
441
569
616
548
480
562
566
636
357
500
606
316
444
362
630
547
521
290
616
601
306
388
467
498
584
606
597
659
671
652
485
610
592
467
663
475
639
491
604
545
683
577
625
636
489
591
579
634
629
679
663
336
421
700
621
444
477
637
517
594
705
446
550
674
591
632
463
486
709
577
628
432
663
604
456
452
622
651
445
527
665
736
651
737
691
677
469
605
449
637
449
432
487
647
460
636
453
723
617
675
448
672
697
487
737
561
619
478
563
564
648
727
686
519
640
674
732
431
492
560
681
471
727
492
778
642
704
693
590
608
746
693
593
618
664
587
619
747
669
671
722
681
759
624
745
599
521
759
511
487
791
519
735
734
818
687
787
776
762
630
700
617
549
608
691
714
655
805
692
715
741
606
775
809
750
639
841
852
613
587
791
656
718
711
716
582
560
772
698
779
612
868
580
620
804
743
756
740
697
863
605
793
619
719
768
620
738
584
633
817
764
812
714
876
590
631
773
823
759
700
781
799
856
784
764
664
775
787
876
715
820
792
827
700
731
901
707
855
671
809
832
750
870
711
696
726
797
834
867
895
800
870
808
963
698
912
905
731
711
832
902
671
805
777
705
798
916
760
727
842
846
775
930
735
990
846
841
928
847
857
983
772
905
848
733
854
761
791
863
761
722
959
793
871
885
913
876
783
762
875
859
944
869
890
875
940
862
791
939
762
766
958
925
860
944
774
936
916
932
952
841
817
917
811
925
966
918
814
875
963
950
1076
832
964
863
902
912
928
820
858
934
1069
852
984
981
894
1042
868
978
845
948
980
971
972
951
930
970
932
931
996
944
926
1023
984
973
1008
955
948
905
935
1056
984
898
900
920
1055
927
981
920
908
1056
911
1025
1000
1126
1046
1120
930
1022
1060
1040
1020
1024
1004
1008
1029
977
1037
1051
1124
1105
1057
1085
1069
1056
1139
1094
1046
1114
1079
1065
1099
1076
1103
1100
1105
1095
1039
1101
1095
1127
1077
1141
1120
1117
1149
1126
1127
1122
1140
1142
1102
1120
1116
1147
1132
1148
1191
1172
1202
1188
1245
1254
1293
1309
1350
1360
5
5
13
16
13
21
22
23
5
28
22
24
26
12
24
25
35
37
14
39
34
40
36
42
4
32
10
15
18
41
54
47
48
45
40
54
10
19
29
53
8
42
55
39
59
22
54
20
41
45
6
66
65
65
83
45
70
42
71
48
39
90
54
80
63
35
56
76
55
12
87
76
98
116
63
50
34
106
99
47
107
67
22
72
46
109
92
111
100
99
48
72
87
99
82
70
39
124
89
125
104
130
114
34
55
104
40
156
132
76
103
34
165
89
51
82
118
140
118
68
109
33
48
23
79
162
79
145
135
160
153
112
121
113
66
129
126
155
165
28
123
144
123
21
165
156
56
191
119
127
26
127
39
134
79
88
178
193
186
147
170
136
33
58
137
174
47
195
202
68
57
120
166
248
55
114
141
149
174
165
149
216
104
150
196
162
137
206
200
246
228
230
224
181
124
162
154
75
126
136
240
188
24
185
111
194
102
183
252
127
220
182
138
116
104
191
124
144
199
162
264
188
277
188
173
247
136
11
49
137
273
224
190
258
244
46
187
148
238
127
278
212
202
191
240
164
214
286
134
165
301
251
231
49
156
287
88
163
317
129
199
255
206
329
74
197
256
103
16
256
322
279
258
246
285
135
132
70
280
216
152
208
191
74
261
58
286
87
331
241
260
194
251
333
200
342
360
216
318
248
228
247
81
123
187
122
326
288
371
304
223
205
283
317
165
340
134
253
383
186
162
99
282
42
149
396
361
178
321
208
260
58
242
249
343
62
266
307
369
267
376
127
165
53
352
374
222
252
351
125
342
278
374
107
390
73
327
434
281
409
57
346
448
152
38
336
207
84
306
419
40
279
400
409
91
322
308
390
237
81
402
333
238
89
99
306
268
303
161
137
335
20
411
207
445
102
264
133
294
372
325
395
466
62
409
454
339
70
443
335
427
352
237
327
273
423
99
367
417
94
120
242
453
320
470
345
369
505
444
251
140
192
296
399
272
243
500
397
493
538
353
456
426
100
447
473
485
311
382
363
109
341
148
458
250
424
313
347
156
443
354
224
520
455
397
181
511
409
490
540
527
423
460
426
245
358
311
478
425
465
346
199
505
165
355
322
268
408
556
343
312
567
559
378
179
164
328
358
404
548
485
528
403
403
282
526
187
336
382
556
477
444
526
547
423
361
333
495
505
572
275
201
592
421
441
395
561
504
511
621
577
393
518
594
226
560
513
580
404
412
462
491
323
462
249
420
521
385
616
457
485
439
513
371
434
455
605
341
359
630
573
408
538
597
547
442
598
564
519
343
425
277
635
316
587
666
502
439
345
423
561
460
560
311
448
604
496
592
648
577
606
504
569
607
421
511
638
524
614
393
419
525
593
408
561
428
509
675
609
702
701
633
599
463
627
482
518
554
645
382
397
387
421
501
416
607
427
664
516
400
648
702
717
628
482
747
625
543
498
439
390
647
413
655
532
634
472
601
687
649
588
412
524
709
591
659
777
594
691
660
519
576
670
559
695
548
458
755
590
772
482
616
672
734
590
464
633
521
612
597
584
585
533
465
589
687
780
729
742
750
670
465
616
711
771
464
494
825
635
731
537
572
512
709
608
711
527
752
571
622
693
741
658
728
694
638
724
516
621
779
736
588
532
699
584
591
839
785
728
787
594
734
678
715
653
681
534
780
626
758
818
657
764
847
802
583
884
727
673
713
579
742
748
785
831
688
701
834
729
628
904
691
739
753
694
782
701
653
666
629
730
826
705
903
854
707
818
709
660
605
716
610
669
689
905
792
858
733
869
725
858
855
711
802
941
777
703
797
725
825
722
844
773
738
782
686
732
757
813
753
857
827
703
734
760
883
913
687
900
755
859
869
734
703
750
735
847
737
831
880
929
872
819
913
782
1012
740
864
824
843
941
775
764
928
734
810
1018
800
793
906
855
821
750
744
881
984
824
941
778
874
783
831
760
748
990
762
874
952
985
911
779
880
957
1051
852
918
886
906
889
842
792
811
792
806
821
858
871
930
841
821
1029
925
838
967
827
826
841
942
829
963
938
929
937
830
845
1016
1005
1023
860
1114
1012
1043
869
895
971
888
858
932
868
884
1082
985
1016
1073
1014
876
1031
1040
1027
1084
990
916
918
1017
1003
1101
915
1044
1020
1035
1072
1029
1058
1129
947
1029
1123
1078
1066
1075
1053
1068
1071
1115
1045
1066
1089
984
1136
1048
1090
1072
1116
1151
1071
1118
1076
1087
1075
1110
1066
1045
1077
1099
1139
1088
1058
1070
1124
1120
1094
1169
1091
1147
1148
1110
1153
1156
1112
1175
1132
1136
1178
1185
1216
1196
1182
1201
1229
1229
9
6
5
13
18
13
16
7
24
17
20
16
26
19
4
22
9
25
24
32
40
38
26
44
33
45
35
23
34
20
28
5
44
35
42
20
50
27
24
26
66
48
35
8
56
59
54
60
51
27
32
72
59
17
75
69
70
53
47
89
43
42
65
50
60
81
88
58
75
76
12
91
91
95
74
73
44
64
95
95
54
90
96
55
28
88
72
86
20
73
97
89
88
42
112
72
49
135
84
105
20
33
76
72
87
102
92
104
25
70
56
88
115
112
58
10
141
148
36
72
119
142
18
51
167
165
141
139
7
150
127
108
141
156
161
144
134
106
179
103
124
154
136
115
146
4
122
48
130
29
164
163
121
120
74
24
78
158
210
97
193
90
74
117
86
116
196
136
17
151
91
118
189
194
202
69
105
130
180
170
87
15
92
210
98
174
183
137
78
164
233
31
76
179
113
190
125
11
254
173
262
230
238
87
219
211
139
158
60
142
194
68
198
87
237
221
150
79
87
144
222
54
182
79
222
79
230
258
211
242
69
176
207
246
235
117
98
81
183
287
139
306
213
170
271
86
255
274
292
247
167
220
195
185
288
201
142
226
272
112
270
273
193
190
120
122
279
108
72
171
304
58
99
142
249
182
277
232
69
52
277
345
261
184
192
315
230
121
51
235
309
300
189
289
120
291
253
341
131
161
232
128
289
98
331
356
320
95
76
338
150
137
277
359
351
176
195
305
271
312
344
405
206
370
301
321
348
371
186
196
346
98
223
149
260
196
381
94
134
283
421
285
79
263
165
387
279
5
143
301
129
378
304
353
333
208
258
370
86
372
235
61
31
352
347
295
175
407
206
147
270
414
274
250
392
105
338
354
446
457
246
269
442
394
314
414
439
331
191
110
43
263
459
352
217
264
236
84
389
110
342
101
322
243
405
373
478
143
166
82
367
284
457
104
328
192
443
474
468
455
313
276
449
279
178
486
182
493
465
296
169
427
247
417
315
299
429
467
265
476
501
150
341
495
378
458
283
128
276
426
454
225
118
308
327
476
195
326
536
546
494
130
305
401
474
358
468
211
433
323
518
452
448
326
530
241
169
210
508
490
415
323
235
464
470
486
331
519
479
431
524
547
517
411
493
560
518
544
533
287
358
263
220
205
329
322
441
217
313
516
614
375
507
296
351
581
421
446
446
485
552
488
513
293
248
421
269
356
226
350
578
410
251
444
505
632
529
383
309
394
475
322
535
585
469
592
623
539
583
566
403
423
384
538
523
367
598
383
388
623
471
321
611
581
506
630
638
604
536
439
481
287
340
411
525
319
634
373
582
499
314
583
595
594
534
441
508
601
556
641
655
502
382
414
632
324
618
436
440
507
606
719
589
628
399
447
683
391
613
528
617
664
626
661
647
430
514
363
572
606
619
632
451
650
646
539
700
619
644
635
571
694
622
689
677
436
460
424
587
762
445
649
427
655
621
567
625
620
682
568
527
711
569
483
467
624
698
768
501
586
455
591
651
678
533
526
745
679
622
723
743
580
463
733
588
665
448
457
737
590
653
780
681
660
688
758
575
709
701
526
656
723
642
713
671
657
719
681
571
683
584
696
606
796
727
790
649
712
535
658
668
827
563
718
526
680
818
796
610
733
647
719
741
577
663
693
735
670
833
754
533
753
775
661
728
764
753
643
823
646
840
783
768
565
772
839
747
725
581
641
726
810
700
658
582
806
695
857
732
714
686
654
709
646
691
810
695
859
863
647
825
673
784
614
701
817
758
788
876
909
702
845
834
669
748
827
733
717
766
736
692
836
667
834
683
734
791
913
816
652
752
816
884
717
667
833
666
748
953
931
929
860
734
811
755
771
762
819
703
909
874
877
870
761
833
870
726
890
744
748
925
709
891
952
884
846
842
767
764
763
787
871
962
828
796
792
800
898
888
818
965
996
886
855
831
972
883
859
982
870
947
880
852
786
820
818
881
854
845
1024
918
831
948
829
836
916
1030
885
1008
830
1028
974
881
836
1004
850
985
947
922
983
853
902
874
1042
944
966
1057
943
866
1063
927
861
901
955
886
936
898
1075
959
1080
922
1075
972
948
1072
968
962
1038
903
909
963
1095
990
1093
1034
967
1096
960
1105
1062
1093
1025
1000
1053
1023
994
987
1033
1045
1126
1127
1032
1014
1027
1012
980
1016
1008
1139
1015
1013
1155
1018
1044
1027
1029
1128
1041
1090
1083
1114
1183
1032
1054
1032
1053
1061
1043
1047
1077
1206
1067
1058
1093
1074
1080
1137
1088
1095
1148
1086
1101
1092
1119
1109
1252
1222
1154
1157
1148
1272
1258
1199
1201
1317
1306
1350
1344
1383
1386
6
4
7
10
17
16
7
7
22
8
15
24
17
18
21
24
32
38
6
16
39
19
28
26
25
35
39
12
51
52
9
48
54
30
29
53
16
60
30
52
5
55
24
10
67
48
8
70
58
49
42
20
73
89
28
43
70
48
83
77
49
11
53
44
93
19
88
76
20
84
28
52
93
67
94
115
6
59
43
98
108
62
114
92
44
94
110
24
29
115
4
103
30
83
75
123
97
43
45
39
85
154
68
141
105
67
50
47
107
131
131
59
108
122
98
37
6
56
68
68
115
161
81
181
135
122
107
17
115
89
74
165
149
161
137
176
175
118
70
163
165
180
98
138
91
189
132
170
43
67
23
218
54
97
165
48
100
54
162
85
197
42
67
183
94
138
16
165
145
102
100
41
147
181
170
165
20
57
48
190
234
131
172
21
209
222
223
241
200
190
230
167
162
98
167
62
258
178
178
264
259
124
169
47
111
164
78
249
84
159
186
218
163
50
95
151
276
162
37
187
188
179
262
116
143
44
252
209
304
87
112
216
235
275
72
240
194
298
279
238
270
268
107
236
138
290
223
208
306
230
224
133
326
138
223
77
217
296
10
280
200
226
341
228
309
298
219
171
236
41
318
219
248
65
195
204
310
175
56
271
44
283
32
176
182
358
264
345
321
39
260
243
255
289
289
282
106
195
319
349
234
375
171
314
191
335
381
265
307
345
266
360
258
198
318
197
340
334
214
221
295
218
387
308
63
99
423
227
364
120
230
321
276
74
76
299
187
369
123
323
376
114
56
68
345
379
320
271
388
272
41
293
265
370
414
307
220
364
388
434
360
443
302
328
395
291
365
315
480
25
258
165
407
252
57
457
182
327
276
270
287
345
256
165
362
126
159
260
206
398
96
376
324
374
113
89
316
448
412
463
424
158
164
361
456
455
483
413
361
396
149
330
426
443
391
394
456
469
428
404
276
549
373
387
104
310
417
114
398
295
239
486
318
400
505
228
360
494
227
467
397
437
206
359
387
508
310
160
394
267
468
458
359
516
483
338
395
453
389
388
392
294
496
457
352
529
510
520
333
349
511
436
561
522
475
488
441
341
485
404
481
423
343
502
399
298
636
529
267
367
203
564
346
312
461
357
368
516
506
530
543
461
522
494
522
368
417
608
593
336
522
446
412
529
425
581
455
537
537
530
577
501
672
503
395
301
510
428
391
533
402
413
359
539
484
478
369
472
413
566
606
635
431
300
456
592
615
401
490
582
422
560
565
635
535
571
553
442
572
578
482
438
457
563
321
598
428
486
718
491
659
506
361
616
632
447
618
657
564
590
503
492
524
587
470
609
564
422
688
398
494
520
457
470
465
485
497
619
694
659
553
654
656
495
635
484
525
578
711
607
516
619
466
473
658
508
462
519
482
427
678
676
466
791
722
537
413
562
516
655
616
514
694
670
490
590
557
751
670
477
649
759
474
684
756
575
560
712
540
699
698
833
600
619
624
545
578
565
540
699
590
477
591
658
466
516
706
526
571
791
560
589
610
652
709
571
795
717
630
627
512
663
662
795
559
591
645
592
738
687
631
579
544
583
744
545
595
887
824
687
736
575
824
760
640
758
683
628
692
647
627
755
620
847
667
580
580
654
631
662
853
763
756
698
786
699
782
694
606
560
590
638
868
695
653
703
798
634
587
644
696
785
687
849
941
772
703
773
631
756
592
674
824
896
619
732
721
801
629
809
648
899
918
778
661
819
963
689
822
739
744
836
672
768
647
680
755
817
642
676
921
729
741
647
810
688
864
767
833
752
799
952
748
735
726
778
849
771
706
704
807
917
762
1019
863
851
882
790
777
897
802
717
709
738
748
878
968
891
772
880
719
817
903
776
790
882
799
719
967
833
723
733
891
811
746
799
860
901
836
1062
803
909
809
994
938
914
767
934
768
934
919
842
1022
930
1074
790
829
934
842
784
824
890
937
872
1001
858
929
922
1018
825
807
961
835
861
824
902
1117
991
863
966
976
942
971
824
830
845
898
881
1043
1015
914
862
985
857
982
964
1074
878
1006
895
879
908
984
1163
951
898
1093
1031
1016
880
1048
929
1122
1000
1097
987
1047
913
906
948
1073
936
987
926
1031
1103
1014
1160
941
1067
1046
1029
1078
1031
1111
1067
1018
968
956
1018
1008
1034
977
1027
974
1081
1201
1003
1038
1116
1105
1006
1049
1182
1156
1023
1110
1168
1111
1049
1197
1144
1124
1071
1100
1061
1175
1155
1062
1075
1074
1150
1221
1081
1088
1154
1083
1208
1198
1104
1210
1187
1107
1215
1176
1132
1140
1216
1146
1140
1146
1252
1219
1244
1229
1238
1222
1238
1236
1242
4
4
4
6
11
7
10
18
15
14
10
5
4
12
31
31
30
29
7
28
36
28
38
30
12
10
5
22
46
17
18
13
16
47
40
45
60
9
19
63
60
47
64
62
42
56
72
56
74
55
63
10
63
70
63
49
49
56
62
63
45
15
62
28
71
63
97
79
71
50
66
63
89
107
112
68
67
79
76
112
82
108
96
46
82
122
65
91
103
81
80
121
73
123
115
120
93
61
59
127
96
148
113
100
60
110
106
123
141
62
123
81
74
17
84
153
91
116
113
49
119
153
132
97
94
36
142
125
43
136
31
177
136
137
172
183
89
6
87
166
197
69
40
163
110
178
149
181
42
198
185
182
152
160
127
90
70
46
189
144
142
148
182
88
184
169
131
59
138
78
175
137
160
14
128
185
221
219
198
56
181
118
124
228
218
83
98
215
199
151
183
203
65
260
255
89
44
203
271
205
133
63
152
246
168
164
207
210
82
228
62
249
48
125
256
18
245
199
204
162
136
242
19
84
224
225
251
172
156
233
270
108
217
234
199
66
316
110
259
309
289
26
107
252
4
156
240
312
224
183
46
14
183
236
185
40
277
231
253
24
177
314
289
123
286
226
291
186
199
255
327
161
233
297
321
246
313
201
151
46
295
337
218
264
302
101
286
284
301
301
196
226
81
42
166
259
277
357
110
90
171
302
16
376
99
37
90
306
380
383
222
126
99
171
243
208
209
359
280
380
256
64
237
394
265
353
365
326
277
255
253
342
345
153
265
309
383
179
377
307
50
64
307
165
66
232
334
330
159
124
328
421
347
414
379
158
337
369
301
412
233
58
214
101
408
407
355
202
47
162
433
462
61
419
176
130
312
128
379
338
353
313
352
110
236
410
19
299
82
260
469
408
377
321
320
387
402
191
407
368
466
342
397
387
471
330
370
217
206
318
457
73
182
153
518
493
427
184
454
187
133
405
90
400
315
493
159
99
242
291
431
361
447
180
474
359
121
292
224
425
479
513
364
505
439
316
391
145
377
342
350
540
401
113
395
478
525
469
501
448
451
449
432
379
341
417
372
474
271
433
190
542
227
269
451
336
545
289
202
262
604
544
254
161
244
545
217
437
378
442
541
507
356
366
469
552
531
389
575
427
385
400
234
266
402
530
271
439
456
381
509
428
584
471
599
203
506
487
465
419
525
423
573
453
379
597
525
588
322
242
609
582
432
440
613
324
438
284
337
474
498
321
554
610
432
481
424
594
530
587
491
463
443
292
358
469
475
623
448
527
337
623
490
350
642
661
407
506
489
589
646
419
486
530
625
595
652
515
449
319
456
657
422
386
675
506
324
504
528
663
475
695
492
549
523
628
629
616
500
553
522
451
598
625
396
505
395
445
423
464
383
702
344
684
700
693
564
719
530
707
514
658
490
502
477
720
488
689
660
568
371
537
390
537
389
501
601
461
570
680
693
607
579
538
766
529
699
571
480
529
665
467
741
588
765
684
687
753
568
576
780
507
630
576
718
670
594
529
607
704
735
527
509
630
515
527
504
460
613
748
648
753
792
778
584
620
598
741
581
706
526
649
562
805
746
731
740
668
633
544
632
488
695
635
775
729
618
644
766
641
815
558
585
734
581
546
671
808
771
789
827
573
645
676
799
798
615
651
567
585
794
824
790
561
764
721
686
666
612
750
811
682
755
648
858
696
790
793
640
588
706
600
853
798
772
868
719
861
672
847
732
782
691
787
674
815
617
727
640
848
892
741
853
876
642
656
754
719
841
700
918
905
657
855
808
853
726
752
751
810
677
792
710
758
907
892
733
738
863
862
659
928
678
773
904
807
899
910
735
752
716
703
873
891
905
691
959
803
833
786
753
918
735
874
734
849
872
804
906
774
976
795
856
802
959
952
748
952
780
859
806
923
825
739
795
799
760
898
948
921
801
969
764
815
919
803
803
1026
929
905
925
958
851
784
831
776
877
814
865
999
949
843
823
941
981
923
810
1005
861
969
991
824
989
972
1011
998
946
974
896
842
916
948
958
918
984
1028
892
931
856
902
956
890
1053
1026
902
901
972
897
974
996
993
1062
900
993
977
1003
1069
1003
961
902
938
919
1007
1015
940
1015
986
942
915
983
1039
1095
1025
931
995
1005
1105
1050
1000
1047
967
973
1046
987
1048
1121
967
969
1010
977
1101
1050
997
1017
1083
1102
1064
1076
1078
1019
1086
1161
1002
1068
1076
1071
1019
1059
1066
1078
1124
1046
1179
1121
1065
1049
1055
1083
1179
1090
1091
1055
1134
1076
1102
1082
1145
1109
1122
1094
1213
1137
1126
1172
1198
1173
1191
1197
1169
1224
10
13
11
20
4
14
16
8
16
27
25
17
30
9
26
31
30
26
42
21
39
38
8
30
35
29
20
38
54
10
31
40
34
22
23
26
54
35
48
9
50
31
48
62
23
69
9
60
59
44
60
65
73
60
61
59
41
94
79
47
36
5
90
87
70
40
51
54
61
56
88
83
65
44
79
38
70
42
33
82
58
69
111
88
18
110
97
105
97
57
10
90
60
110
109
22
49
65
122
88
79
117
22
123
127
105
129
68
150
120
69
79
90
154
130
113
108
157
115
148
41
145
45
161
140
132
97
87
100
151
10
80
70
151
95
83
100
106
126
97
131
74
168
9
171
171
175
154
198
46
117
98
182
155
102
125
208
121
164
137
186
95
106
190
170
73
153
178
22
114
158
122
109
13
39
183
181
163
222
57
112
165
234
178
133
139
177
253
226
203
138
52
238
98
195
133
185
175
113
43
141
173
208
148
7
172
148
50
265
215
125
172
236
170
221
130
71
257
169
267
27
300
130
228
177
264
274
244
218
158
29
230
78
86
181
196
119
267
90
207
85
234
88
276
197
53
251
261
215
77
238
43
270
80
71
72
203
316
316
47
120
209
141
304
328
249
256
107
63
203
242
84
209
271
196
299
209
175
133
301
310
311
256
325
293
356
146
302
272
241
100
293
389
284
328
215
228
120
301
344
322
122
14
368
164
45
241
177
293
159
275
203
279
124
340
175
132
290
266
290
370
259
31
296
304
116
315
332
377
371
139
201
58
219
390
332
97
286
388
207
263
288
349
297
81
96
381
320
118
117
178
293
388
284
275
294
258
408
386
349
424
195
371
175
363
183
312
309
101
476
435
232
247
392
398
378
27
161
291
236
422
333
225
371
20
362
325
251
311
433
223
326
435
347
428
208
75
142
329
199
370
386
343
474
256
190
361
438
456
193
357
309
175
258
361
237
339
380
268
219
474
432
154
209
375
477
382
74
368
160
269
98
366
455
316
157
274
457
490
417
336
376
404
308
103
536
413
331
492
458
510
150
393
492
512
447
214
401
456
408
359
437
487
409
257
247
378
478
386
521
253
432
225
550
288
462
318
493
572
426
242
422
469
438
435
486
161
311
332
428
422
416
170
283
414
567
485
550
368
410
167
371
328
499
446
604
410
555
430
555
588
454
465
453
344
415
560
314
589
300
317
583
429
498
295
470
441
467
620
352
525
556
400
340
503
565
569
507
319
477
560
381
303
434
350
618
376
613
253
612
470
450
522
542
634
467
495
597
260
347
660
507
459
383
391
356
273
381
452
373
495
648
560
479
644
434
507
409
685
646
455
448
351
614
363
522
428
541
558
666
324
707
642
659
513
646
666
565
634
471
589
342
610
642
545
660
554
489
358
712
459
461
693
672
615
586
518
722
614
584
486
663
569
677
387
438
498
452
427
691
455
478
639
560
678
539
728
588
598
419
543
542
468
688
412
681
597
459
610
604
664
746
762
538
734
429
717
490
622
480
686
678
689
733
664
621
448
529
752
509
741
756
593
515
595
566
708
778
565
597
746
455
591
555
497
532
494
607
751
725
600
660
587
562
577
531
693
480
712
484
663
612
539
684
769
832
805
783
686
797
561
563
667
753
693
683
617
799
657
709
580
613
858
780
652
818
674
691
850
641
654
647
636
641
670
535
564
540
595
800
793
824
699
668
727
847
589
599
614
729
740
684
688
679
762
787
868
902
661
861
862
596
634
691
762
833
577
697
843
688
876
692
824
819
729
708
641
896
838
721
654
860
709
725
706
654
814
899
712
728
778
644
731
794
809
732
762
746
671
791
892
936
907
862
759
912
691
757
811
868
728
770
911
771
852
932
735
963
932
696
772
751
768
755
710
740
881
869
770
696
984
935
712
773
804
865
817
872
804
775
812
965
824
910
879
977
739
821
917
926
792
928
956
749
925
777
912
906
793
956
1034
824
787
820
793
791
854
982
810
838
845
793
927
879
929
838
868
856
846
980
1008
878
888
976
867
950
822
961
997
954
805
978
1089
835
871
967
882
886
1082
860
871
884
868
970
892
915
874
870
889
1009
968
1010
933
877
1012
1005
1003
1015
925
1013
942
1099
1025
918
904
900
915
887
933
902
1014
1034
913
1051
909
1000
986
966
1054
1056
941
1139
1028
1053
951
1140
934
947
1034
949
951
999
956
1003
995
1009
968
1093
1063
1090
1184
987
1015
1041
1057
1113
1055
1209
1101
1051
1067
1112
1051
1091
1154
1263
1098
1123
1212
1103
1097
1097
1161
1148
1152
1178
1269
1149
1274
1214
1211
1331
1338
1383
1383
1411
1413
1461
1467
1498
5
6
13
15
10
20
15
4
13
21
4
23
33
9
27
15
30
38
12
23
16
16
36
18
37
23
42
36
31
19
46
51
29
51
40
43
60
52
56
45
39
39
37
59
20
59
71
25
42
58
62
43
19
75
35
67
38
79
91
15
99
62
83
44
56
94
70
78
82
69
79
96
55
39
48
83
91
91
68
113
74
10
111
69
5
77
123
68
101
74
54
89
130
52
70
84
6
102
109
74
96
112
53
94
139
129
76
28
158
143
110
76
160
119
113
138
85
134
145
37
126
153
129
64
17
136
51
94
90
121
150
175
99
181
46
163
57
120
139
99
186
103
147
96
44
171
50
73
128
136
193
171
160
126
144
148
130
44
167
151
107
18
61
157
105
117
133
161
10
182
150
169
167
49
49
221
138
216
183
172
229
203
159
145
66
164
171
162
239
228
62
91
221
175
180
92
253
176
145
158
180
177
178
126
88
251
244
155
217
179
201
141
167
129
192
188
224
84
107
165
28
238
269
217
243
182
47
24
227
204
160
286
238
213
274
260
254
149
132
245
194
230
295
218
102
224
231
54
201
282
235
136
252
247
328
257
181
151
243
161
249
95
88
338
291
252
217
292
242
82
30
213
189
9
228
324
303
291
255
33
275
226
242
329
267
352
74
270
263
130
254
280
74
273
316
366
285
348
164
300
196
269
340
271
373
167
229
254
305
226
67
84
365
243
126
282
373
279
58
249
304
73
282
328
257
305
93
320
79
219
15
164
332
368
23
287
355
305
46
58
370
300
324
21
300
348
320
376
382
432
367
162
343
397
360
331
346
94
391
249
145
427
330
278
411
359
331
211
369
207
326
139
81
443
255
393
295
220
137
379
123
304
343
118
447
58
303
310
427
366
370
51
47
397
376
395
165
495
384
125
391
100
325
277
392
226
446
130
378
486
389
378
238
435
467
388
426
70
262
220
418
124
396
323
418
161
85
179
207
452
145
416
283
131
444
322
333
434
521
367
370
323
367
199
460
432
383
427
305
527
231
509
356
410
415
453
403
476
572
463
169
468
467
204
353
377
486
466
530
502
185
271
333
460
454
361
516
311
547
426
387
291
490
244
477
225
401
193
170
575
284
400
377
498
432
432
489
382
523
518
492
250
403
343
438
534
264
209
475
478
471
438
555
569
516
503
417
487
653
301
435
496
479
418
579
224
570
349
309
597
437
511
306
621
522
538
464
544
373
299
369
386
553
584
613
270
491
420
362
489
592
482
597
556
459
316
706
558
546
441
397
358
538
343
614
640
449
639
490
393
306
363
583
557
514
421
531
373
458
604
563
562
593
379
425
614
517
473
407
476
673
625
577
538
558
380
460
375
660
643
484
479
617
393
554
769
604
552
613
571
381
392
501
676
517
700
597
593
456
625
709
522
481
564
716
500
577
585
373
468
548
636
683
532
640
528
625
627
601
440
447
598
392
693
406
541
630
491
456
712
669
631
757
520
635
601
840
546
683
609
640
458
521
675
743
532
687
747
698
643
648
624
549
716
483
634
554
707
582
733
619
657
494
646
572
836
694
665
498
508
486
674
765
587
814
765
504
583
723
672
629
560
666
735
607
576
738
694
703
653
587
611
764
770
694
690
670
522
549
759
735
593
546
647
676
868
695
717
703
643
529
631
787
545
726
818
732
620
731
863
779
571
626
684
632
671
586
769
779
693
666
803
641
661
766
749
671
830
609
586
723
730
737
828
890
753
606
648
677
899
706
785
782
678
815
743
807
797
883
721
783
782
813
620
858
648
742
656
696
811
707
702
912
679
629
810
758
769
773
920
660
882
702
786
820
745
809
664
841
736
764
842
733
816
721
711
861
881
761
731
782
679
868
849
807
753
959
829
716
865
721
806
791
787
929
739
977
851
874
733
744
720
731
881
900
785
728
785
801
866
760
938
822
1007
786
863
757
847
743
929
812
1010
765
899
786
871
887
836
773
952
938
802
910
891
777
836
779
1037
927
1022
836
855
975
963
848
800
911
906
887
852
972
824
829
813
913
880
913
885
1050
821
944
870
887
839
1054
1008
935
955
936
1013
907
869
1058
998
921
1016
915
1061
922
914
972
923
961
913
1051
930
965
998
1056
977
1088
924
907
1007
1054
1002
957
922
943
943
996
955
990
1093
940
1013
972
961
1123
1030
998
1042
1066
1001
1086
1075
974
1012
974
1086
1015
1012
991
1067
1016
1071
1022
1078
1059
1116
1085
1107
1026
1047
1054
1072
1050
1067
1051
1107
1154
1151
1146
1059
1152
1103
1070
1108
1084
1106
1144
1166
1132
1144
1172
1192
1199
1180
1221
1244
4
4
9
11
10
9
19
9
10
23
12
7
11
8
21
18
31
30
25
40
13
35
14
36
16
23
30
38
29
49
44
34
50
27
9
58
36
33
14
48
54
65
61
17
67
56
31
8
48
24
66
54
28
44
77
81
73
62
34
40
58
17
41
67
97
13
72
42
72
97
16
79
75
76
65
92
62
39
55
39
33
64
97
71
99
103
74
56
80
15
42
65
119
109
123
73
133
104
110
8
18
98
97
91
22
46
117
92
85
11
79
64
121
116
154
140
87
76
75
73
141
21
52
149
144
89
123
68
131
99
159
37
164
23
29
145
71
101
160
80
91
36
72
184
160
145
65
93
70
140
121
199
182
170
66
126
122
81
80
168
183
184
191
159
178
155
9
190
106
175
30
182
153
169
198
190
115
198
40
128
142
188
180
66
67
120
203
131
146
31
94
176
223
116
145
17
141
126
167
152
123
177
189
194
31
65
18
199
215
221
203
262
87
270
207
13
126
142
129
164
265
241
161
19
30
167
261
152
160
242
212
173
113
234
288
249
234
136
133
283
152
197
17
293
242
254
162
183
39
183
50
236
200
163
266
257
305
307
224
122
295
204
318
211
231
249
30
63
219
314
278
278
127
68
293
67
307
316
212
113
91
75
88
30
58
217
328
195
316
134
292
196
72
181
261
219
291
70
23
318
323
38
302
318
212
237
352
288
367
59
176
80
216
276
372
253
312
274
17
288
357
196
246
231
387
371
288
32
372
348
215
228
288
356
166
367
334
279
201
60
362
301
298
328
363
361
309
292
375
306
131
395
77
271
179
358
331
96
165
345
292
391
274
203
85
305
66
196
44
304
275
366
101
429
89
118
394
310
305
69
349
382
216
95
248
284
346
364
438
432
365
440
234
367
144
360
327
52
324
412
334
446
376
353
456
326
199
442
337
478
269
354
144
398
201
477
437
443
146
381
446
145
113
156
432
317
412
419
418
477
94
432
481
420
370
458
348
401
275
456
462
115
434
91
408
282
475
285
86
149
129
397
310
244
254
340
161
220
497
157
106
324
405
151
395
497
321
364
383
494
461
539
344
475
544
465
465
465
431
440
470
450
495
393
479
535
483
439
153
477
544
509
415
379
464
541
504
175
379
548
508
487
474
390
547
522
400
476
522
527
338
227
497
494
483
483
434
510
284
474
567
295
486
537
207
547
252
320
542
357
571
219
447
391
328
580
479
441
433
526
579
459
523
428
476
412
458
542
638
415
642
518
638
493
634
513
610
539
477
426
520
644
565
624
644
609
516
538
558
416
282
505
575
592
478
517
495
559
622
520
570
310
594
283
553
545
380
543
607
302
396
306
497
401
424
628
668
508
499
398
614
533
486
552
609
484
567
541
697
621
569
715
611
578
564
555
616
558
701
558
470
629
677
638
631
584
584
585
575
466
639
660
402
554
524
607
597
634
522
636
657
631
660
608
623
484
693
667
474
466
525
473
746
690
499
463
673
568
581
684
611
562
559
539
538
640
701
483
627
791
655
691
794
614
629
637
459
760
636
700
688
667
654
642
595
620
601
486
618
721
642
614
713
602
588
583
674
723
563
744
721
683
542
676
673
544
526
835
520
549
541
824
745
631
484
636
761
608
596
638
614
562
714
628
727
652
698
853
531
763
700
757
537
698
838
709
792
680
705
684
681
669
677
673
692
649
728
786
617
695
659
754
612
639
821
756
798
815
624
743
626
750
705
629
594
790
629
820
780
687
668
627
669
683
583
622
697
804
618
725
934
807
604
854
832
609
758
775
785
870
743
763
846
768
746
731
827
718
709
729
839
753
654
676
823
814
822
771
879
660
779
888
657
723
695
888
751
830
793
740
747
786
895
865
815
891
862
790
931
930
821
834
797
784
853
784
807
804
763
875
823
912
841
897
910
783
808
839
771
751
832
889
725
883
781
768
936
914
896
905
825
850
806
891
839
893
905
967
898
843
864
997
872
864
866
830
939
860
840
917
836
864
781
811
887
891
874
979
990
823
940
861
794
863
821
939
878
857
831
864
1018
955
829
1000
905
988
862
960
928
906
987
833
914
920
977
975
860
897
970
937
883
987
921
985
938
897
939
1003
913
930
879
895
906
929
891
947
1043
949
1039
1011
920
1001
936
972
937
1032
1058
1010
1022
991
1053
935
1044
993
985
1064
1055
1053
1052
1057
986
1002
1030
959
996
1064
959
996
991
1003
997
975
1049
979
1065
1017
1038
1077
1019
1069
1088
1049
1055
1071
1074
1047
1104
1068
1073
1069
1050
1051
1060
1070
1089
1110
1109
1109
1116
1172
5
5
4
5
10
6
16
9
12
14
22
15
19
25
13
11
27
5
32
29
15
37
40
40
38
7
36
49
44
10
30
12
52
36
52
13
49
45
5
27
26
57
22
24
58
66
55
29
29
25
52
39
68
63
19
35
68
54
72
78
75
89
47
68
95
11
51
36
20
23
36
74
79
67
107
62
106
36
70
24
38
117
78
121
105
95
55
128
85
43
100
82
84
75
132
67
71
55
79
104
84
99
55
80
100
35
121
80
115
65
83
114
100
137
104
124
36
56
96
108
42
153
149
156
31
91
172
124
10
116
123
180
120
164
113
153
118
8
8
178
102
155
115
147
104
112
149
26
129
172
103
126
152
129
166
111
152
122
179
139
7
153
62
15
183
167
161
107
139
133
103
97
64
199
69
109
172
106
211
213
95
228
42
173
210
98
196
181
192
167
184
241
182
216
129
243
189
100
115
149
232
169
216
197
204
236
49
61
179
181
201
176
175
138
251
63
37
156
100
66
173
114
50
146
220
76
177
77
24
256
198
138
222
133
178
269
258
215
95
202
281
192
111
240
295
64
225
173
198
238
160
30
271
296
77
254
268
270
184
72
281
241
216
162
312
233
269
131
97
334
220
167
201
292
173
261
189
282
271
248
103
61
216
235
257
249
180
203
331
37
255
284
79
127
336
148
21
8
139
243
169
76
131
265
153
324
376
275
307
221
359
203
233
320
266
372
316
385
278
320
258
100
365
318
289
27
310
292
349
20
126
279
315
213
335
202
233
407
363
200
223
110
137
276
160
129
375
269
212
277
329
334
284
189
378
278
82
374
346
261
353
408
33
369
378
206
424
408
380
48
383
378
233
325
269
338
208
340
408
440
459
265
92
333
330
332
340
467
372
392
366
320
69
111
302
391
368
212
204
341
402
36
218
450
83
257
410
239
330
400
165
442
89
52
131
230
267
225
241
366
85
464
83
363
250
393
427
349
297
231
513
444
405
303
418
397
286
492
318
462
469
221
462
402
287
351
287
309
381
530
479
539
153
175
409
419
269
431
445
484
413
386
151
446
263
450
245
334
231
478
265
166
499
442
489
238
455
467
301
272
156
435
404
181
573
442
240
404
374
529
434
525
269
529
471
415
171
565
605
469
537
495
474
485
243
276
214
331
611
248
452
461
306
452
476
400
408
444
572
542
347
549
499
530
384
592
560
511
559
541
346
458
281
349
645
588
482
483
304
503
444
475
343
443
649
483
520
578
656
566
516
461
557
508
273
550
598
364
440
533
314
616
534
278
289
367
511
392
414
663
526
571
551
462
354
526
491
390
597
349
545
580
438
531
603
650
366
611
396
545
513
721
423
715
448
579
567
565
382
613
515
406
527
598
556
663
429
645
428
390
623
567
558
635
745
412
452
515
363
602
627
617
645
616
567
663
632
724
665
631
558
595
420
776
588
470
625
528
708
566
634
390
583
640
504
681
721
606
465
684
675
451
584
672
487
792
634
653
663
503
548
614
636
571
768
818
685
734
523
642
698
677
701
668
526
693
760
673
630
556
495
776
658
664
626
507
574
584
489
619
494
684
711
774
547
750
676
723
546
868
607
683
532
861
534
710
719
550
700
624
745
561
635
695
810
887
713
772
538
612
773
734
668
575
750
714
769
798
658
819
775
624
704
647
637
907
605
680
759
559
739
632
852
775
685
607
797
849
752
612
820
910
612
776
769
745
784
642
632
703
702
734
865
861
927
661
598
773
653
806
788
632
900
805
815
711
635
879
802
778
675
661
679
666
739
730
891
681
783
849
783
639
967
843
813
687
829
675
678
894
755
841
817
685
772
768
983
813
858
839
737
842
848
821
826
874
880
873
821
728
776
706
956
902
816
740
821
705
720
799
866
734
898
950
859
877
869
811
794
768
920
820
911
764
843
985
880
1050
758
815
877
928
919
982
773
1000
905
864
777
858
832
993
863
926
1080
800
913
913
895
872
916
814
829
852
1096
898
975
913
945
868
881
932
942
897
816
905
829
911
1001
842
881
949
993
1045
926
893
864
915
854
923
921
992
864
874
906
1010
1145
937
954
1058
990
978
895
1069
957
943
894
936
901
1179
990
954
981
966
912
1010
915
1183
988
1015
1006
947
967
964
1021
1029
944
986
944
1022
1124
987
1029
975
984
997
978
1054
972
1217
1058
1002
1149
1064
1136
995
1239
1052
1002
1026
1240
1019
1083
1020
1065
1016
1049
1112
1035
1033
1158
1042
1134
1278
1127
1176
1110
1175
1274
1081
1094
1274
1163
1194
1172
1170
1258
1159
1162
1277
1276
1179
1188
1308
1289
1290
1334
1341
1335
1353
4
7
11
11
13
20
14
11
18
12
28
19
21
28
16
13
19
9
13
33
20
36
42
35
21
40
38
41
51
49
55
39
46
22
9
11
58
39
32
64
65
50
68
40
54
67
42
66
4
64
30
52
50
37
66
49
47
9
70
65
25
76
50
72
42
80
104
32
47
86
95
88
54
44
90
67
96
111
98
108
110
104
60
67
102
124
48
69
98
94
130
27
109
53
39
128
126
58
96
48
120
73
119
8
109
45
51
148
119
127
82
164
92
134
130
95
127
39
135
85
104
108
97
148
123
148
151
149
102
98
163
107
178
133
104
127
186
143
66
88
178
43
186
114
80
132
47
81
110
192
180
111
16
48
139
205
114
116
212
157
181
165
66
119
27
114
139
156
133
140
173
139
161
113
93
152
191
193
131
200
223
98
42
192
225
99
66
153
64
217
62
220
30
242
112
255
28
202
156
244
281
57
238
221
156
204
203
140
193
263
139
199
263
226
164
160
187
234
286
162
138
117
38
78
132
226
147
149
190
69
61
120
266
191
156
156
267
280
170
106
218
307
43
130
256
239
259
5
184
15
233
214
313
313
164
277
14
93
269
195
269
261
337
332
243
160
294
232
65
134
285
192
315
173
237
335
64
321
249
162
90
278
4
304
45
248
232
237
210
260
52
354
214
245
185
72
295
286
320
275
364
367
259
12
320
91
244
178
275
376
315
299
191
199
385
113
216
268
178
392
52
27
330
38
276
197
272
386
345
256
56
118
62
326
412
299
79
356
351
275
374
327
329
82
187
271
349
143
106
354
202
311
339
228
406
392
235
361
251
196
246
125
436
361
239
354
36
203
23
426
416
394
315
78
45
121
314
456
263
468
404
287
258
417
94
87
399
349
340
383
375
330
67
395
346
346
256
440
484
192
302
301
266
181
258
294
247
245
263
123
440
191
375
364
478
502
502
402
119
303
73
152
454
414
419
91
328
181
525
264
326
432
485
435
420
341
349
119
160
189
384
203
423
344
112
524
366
332
463
420
531
342
366
153
465
316
190
523
245
390
373
479
292
146
403
474
366
546
385
317
345
226
439
462
473
490
564
385
507
505
316
319
372
518
306
509
372
381
565
227
403
389
223
331
387
294
576
590
348
476
197
475
496
229
504
196
453
546
635
196
303
526
532
336
521
381
415
485
441
503
441
322
625
429
557
617
405
385
501
430
543
536
412
620
235
298
430
643
563
553
468
324
522
639
407
517
432
537
474
479
563
453
483
571
438
323
319
425
398
623
394
422
449
335
461
283
546
344
446
507
669
653
610
558
453
520
588
514
620
681
447
467
589
345
549
589
657
719
541
489
609
525
472
474
468
622
486
690
406
697
544
482
423
388
603
406
584
463
491
503
619
632
658
743
592
512
613
552
458
500
418
597
491
464
702
472
383
502
481
716
412
549
484
754
521
666
645
709
621
673
576
581
744
444
678
661
468
625
453
501
511
603
659
441
585
803
521
504
789
479
504
654
493
627
689
474
751
779
473
466
706
672
660
466
559
593
701
738
602
645
570
550
581
574
485
492
570
518
551
471
505
529
767
489
491
604
637
794
560
588
686
753
757
746
588
642
827
590
755
591
736
665
544
766
577
744
619
650
895
510
614
585
522
788
593
550
640
653
552
825
541
764
679
744
709
604
882
684
780
553
587
615
607
568
615
651
624
597
838
604
795
842
592
709
758
704
660
785
839
630
898
839
682
859
700
820
770
593
800
759
716
929
905
630
610
853
613
652
692
607
701
716
739
887
659
717
826
700
655
664
757
790
680
662
630
677
681
874
908
793
862
703
823
891
692
949
875
754
905
732
757
896
768
885
833
988
786
726
755
926
756
675
723
949
836
743
701
952
696
748
828
752
906
812
720
929
718
973
806
860
949
895
927
858
1020
841
836
941
953
1025
800
936
751
797
755
993
828
759
892
829
950
763
950
961
835
900
949
847
887
1043
1001
782
987
967
831
801
870
879
936
907
931
939
906
886
1008
881
1074
1012
1071
953
861
988
844
879
999
915
948
908
923
1062
911
1012
1014
1011
986
910
966
917
913
1038
1003
1029
973
987
943
1012
943
1007
1116
1044
1027
1044
904
945
1015
998
980
965
955
974
971
1121
1064
1029
1107
1024
986
959
978
1087
981
988
1000
990
1074
1086
1064
1093
1005
1004
1117
1114
1024
1009
1104
1027
997
1107
1146
1108
1066
1102
1043
1022
1039
1111
1079
1127
1052
1044
1052
1056
1059
1148
1147
1156
1143
1161
1142
1141
1166
1140
1169
1127
1161
1128
1135
1116
1119
1157
1169
1190
1159
1197
1199
1186
1193
1242
1245
1293
4
6
15
18
20
6
19
17
8
12
15
24
33
6
21
15
21
35
27
20
44
21
21
45
25
36
48
41
40
54
25
6
48
8
58
49
7
25
41
40
59
28
55
46
60
69
45
4
46
71
60
32
65
63
53
82
28
44
57
52
53
46
60
70
66
72
101
44
14
40
83
100
52
97
49
64
28
99
76
93
63
68
85
113
97
95
106
76
44
78
84
94
68
134
30
113
86
86
97
134
28
111
80
94
120
77
78
105
99
130
91
136
131
124
24
95
139
145
88
109
150
117
121
72
54
136
138
130
148
103
98
134
106
156
104
128
59
166
176
120
139
162
141
151
171
196
119
120
131
94
174
165
142
88
128
160
55
123
29
134
186
71
192
198
69
166
162
149
76
167
64
151
155
98
155
123
178
181
184
223
168
110
99
187
107
149
150
227
226
210
178
210
57
194
146
221
115
184
150
219
180
81
88
56
219
83
167
99
107
113
17
67
8
85
46
57
219
151
111
282
233
244
174
281
245
235
103
226
212
173
219
202
147
279
222
182
285
145
197
249
197
243
193
204
221
253
278
115
103
124
212
144
294
143
238
174
22
203
63
57
187
247
150
276
159
262
259
268
122
296
132
233
180
340
320
169
159
189
209
294
102
109
275
176
226
229
152
253
274
128
330
352
147
86
321
322
346
238
345
212
307
180
93
166
204
237
201
290
198
311
319
146
13
275
161
251
214
395
248
209
204
298
184
351
279
262
321
317
221
264
176
324
371
64
370
251
240
374
143
353
289
248
353
364
220
54
165
18
313
235
214
21
353
318
192
389
289
313
205
294
212
260
328
320
318
327
335
258
366
428
25
342
99
396
189
429
295
177
299
171
231
112
267
317
336
262
298
168
27
68
90
222
135
124
345
254
260
435
409
492
250
427
280
314
443
346
371
412
260
308
272
367
319
383
271
373
245
367
471
183
405
383
282
494
448
373
154
207
300
432
339
160
372
456
121
153
382
449
402
293
467
214
400
348
274
433
261
513
474
396
218
492
264
469
380
320
469
217
438
297
370
531
344
334
205
436
131
478
531
272
403
408
418
149
507
527
449
249
318
223
406
402
479
447
211
415
371
534
351
425
515
458
277
473
485
272
312
537
367
386
387
478
448
371
359
566
227
392
225
429
551
534
373
434
545
515
475
433
537
453
317
364
383
494
387
438
366
508
501
333
433
522
501
481
381
574
328
407
280
303
255
578
426
474
499
513
399
517
413
520
246
303
546
593
627
399
587
405
604
541
506
448
449
366
361
467
480
552
535
355
407
634
335
368
482
406
553
639
526
616
441
468
615
547
516
616
535
577
562
362
474
530
570
570
371
659
603
581
554
447
428
404
389
473
513
578
334
568
657
569
681
493
658
511
556
691
591
604
639
499
454
597
601
487
582
599
681
563
528
593
622
387
560
646
546
450
439
612
404
515
659
468
382
541
614
622
670
525
538
536
657
628
557
669
684
603
434
569
603
535
439
660
618
669
669
568
519
432
580
447
537
656
483
656
746
644
556
734
570
513
603
711
670
687
704
559
639
685
606
583
755
469
612
675
667
561
632
502
687
677
698
744
593
771
630
738
696
761
527
696
583
726
695
639
696
723
687
696
550
780
736
688
732
757
784
662
519
721
759
627
775
753
637
699
804
627
710
580
601
792
725
793
702
713
651
620
684
731
726
753
634
796
794
704
654
757
659
761
609
734
677
755
663
775
733
831
754
702
660
773
701
759
809
671
724
678
730
818
741
838
763
689
843
702
851
833
781
673
788
776
724
691
735
835
756
706
750
647
795
855
781
695
870
883
815
708
786
844
814
869
679
735
745
814
714
869
819
744
886
813
891
675
891
816
787
746
889
890
740
821
862
753
768
715
920
871
839
756
747
794
849
809
838
773
907
918
799
740
869
784
851
735
838
763
866
953
851
799
825
741
858
879
782
885
756
789
806
832
863
954
875
968
795
980
852
766
828
948
879
829
841
845
804
949
871
794
969
817
955
889
797
875
968
839
809
902
933
830
852
920
962
960
850
935
826
921
898
921
943
905
971
869
834
905
878
936
979
950
1055
853
942
950
991
937
861
903
942
946
912
885
1043
953
904
941
918
943
1020
1056
983
910
910
965
955
909
1009
931
965
1041
981
953
939
972
1029
975
961
993
1000
983
982
964
1029
1001
986
970
1000
966
992
1000
1090
971
973
970
981
998
974
976
1105
997
1108
1007
1004
1018
1044
1041
1019
1050
1044
1025
1046
1061
1038
1039
1052
1040
1052
1149
1134
1068
1100
1185
10
13
14
13
8
8
15
24
25
21
20
27
26
30
24
36
10
11
35
10
29
13
21
42
26
18
41
27
40
14
11
42
19
45
58
37
19
11
39
21
30
37
66
32
29
32
45
57
64
24
70
57
59
55
11
70
90
84
39
58
51
48
94
16
86
98
42
17
68
59
32
52
110
79
87
105
87
98
38
57
62
15
116
62
107
88
30
112
112
76
79
111
88
91
49
70
75
130
61
79
106
85
142
59
74
90
143
85
133
117
134
93
99
85
6
119
8
76
151
93
134
88
151
34
43
18
118
115
130
61
162
167
51
60
136
106
130
15
79
115
84
74
196
52
125
80
80
47
167
144
134
159
79
132
13
131
28
203
193
121
148
147
218
22
38
156
142
156
194
226
189
134
87
26
77
204
139
135
191
224
215
219
193
189
171
45
132
126
119
22
237
123
80
83
204
42
178
40
198
154
104
192
8
187
276
158
110
106
113
270
171
201
195
219
147
253
96
86
198
270
261
109
227
196
157
85
59
171
220
238
16
298
227
236
86
85
165
256
189
13
6
298
14
243
170
103
306
109
239
251
171
59
27
122
259
214
263
323
324
50
147
146
177
189
267
218
270
239
191
165
63
288
329
248
207
284
199
83
279
273
302
225
363
281
149
149
156
307
319
236
285
60
248
121
251
315
303
369
226
277
240
152
46
65
240
175
232
387
222
390
258
123
142
60
308
316
248
363
245
55
198
29
170
263
250
355
334
266
233
345
223
376
149
308
354
214
33
365
259
328
349
374
424
127
292
118
323
131
374
311
386
135
177
373
314
210
217
396
440
328
319
270
320
89
237
272
407
462
56
267
184
180
78
290
420
118
313
210
275
36
318
367
319
213
277
314
359
428
348
451
334
193
239
130
276
358
440
443
320
422
400
319
242
437
383
341
339
382
287
251
413
47
221
498
428
505
167
311
344
443
113
230
260
177
370
74
97
473
223
377
356
463
245
126
404
282
246
506
401
556
267
348
123
363
490
372
359
398
409
321
196
106
483
501
413
404
494
369
452
309
444
516
393
200
305
497
368
161
472
517
421
358
456
523
193
465
397
158
455
172
421
312
306
315
461
608
431
411
174
538
389
286
331
451
309
279
472
544
423
261
294
485
476
552
425
234
466
574
404
422
448
445
568
276
480
498
560
446
548
471
501
331
589
319
449
452
488
338
235
459
350
519
308
673
442
347
432
236
589
480
497
504
530
392
320
476
387
518
615
629
374
380
491
321
504
284
497
533
521
355
582
493
632
318
529
547
445
380
358
493
532
620
560
516
389
570
368
547
292
402
652
542
633
510
390
583
311
503
441
639
754
668
329
459
551
374
540
346
549
502
550
389
332
615
688
548
379
552
391
456
532
535
392
667
573
534
556
553
435
602
546
708
589
343
567
552
597
363
621
575
759
407
427
477
591
454
539
433
704
741
549
604
591
378
540
486
533
744
698
437
598
592
603
627
585
648
685
607
742
447
600
616
490
407
631
467
782
582
601
526
465
509
590
492
658
587
757
561
538
647
629
597
476
439
664
766
655
620
553
511
563
637
815
735
648
652
498
624
598
530
745
495
520
643
520
629
803
720
817
676
689
694
596
500
677
813
805
658
563
688
600
659
542
750
837
589
531
669
610
575
631
661
542
764
735
669
649
554
722
632
683
819
640
705
723
703
691
829
689
539
601
587
858
576
874
556
748
709
657
675
799
775
719
711
664
755
695
807
733
664
860
640
752
760
589
737
732
858
646
892
696
615
772
762
596
840
703
688
763
912
752
728
758
785
844
720
687
681
821
618
782
659
774
763
759
920
726
927
815
803
812
882
696
846
786
951
752
765
760
802
870
748
826
856
680
720
811
784
959
825
747
830
779
807
917
975
946
863
775
771
892
832
755
828
854
890
917
756
816
972
848
845
797
780
787
941
970
850
849
760
981
917
853
807
868
848
748
952
933
764
869
866
815
795
1012
818
835
1005
847
979
867
976
933
791
818
877
837
954
985
873
836
808
899
1045
913
863
853
818
1004
856
1047
1015
908
870
855
872
977
972
858
835
1004
872
947
1086
853
921
1027
1081
871
937
907
997
1057
889
867
870
1018
990
914
950
884
1087
1118
948
895
1067
1021
918
1077
941
1038
984
980
1101
947
1072
1116
1098
964
966
1005
1011
1071
1116
974
961
1051
1145
973
974
993
1082
1095
1019
997
1146
1097
1054
1056
1095
1122
1021
1063
1049
1112
1144
1127
1039
1063
1131
1060
1130
1091
1158
1096
1099
1149
1093
1111
1166
1127
1136
1173
1192
1209
1236
1252
1265
1283
1299
