5
7
11
4
4
11
12
19
19
22
23
17
22
31
27
16
21
24
15
32
38
12
41
39
18
44
31
45
24
34
15
54
45
54
14
37
16
45
21
55
56
66
59
68
50
40
9
60
56
66
39
66
69
80
37
79
73
60
70
84
31
79
70
92
82
38
29
81
93
16
96
24
87
87
37
62
86
14
88
102
100
103
95
51
106
118
108
115
115
121
103
127
120
72
127
72
133
111
19
28
122
125
121
144
126
46
82
102
153
118
133
98
154
102
124
129
127
141
144
72
139
150
40
134
85
162
152
144
54
86
103
109
148
173
85
177
53
150
91
95
105
178
176
182
182
92
198
134
122
77
160
179
178
177
192
143
143
204
89
132
212
191
219
198
202
98
163
157
176
228
167
212
106
179
135
219
215
165
232
207
153
168
206
227
219
151
144
190
208
237
155
248
145
251
157
181
195
233
237
249
193
171
205
160
266
236
258
272
240
279
260
220
260
286
174
198
276
290
171
278
273
211
221
272
275
237
216
189
244
181
239
190
251
275
285
292
189
241
276
298
270
213
232
229
311
240
300
322
330
315
314
239
297
228
272
328
308
323
330
315
287
265
332
319
277
316
323
283
301
271
282
309
341
342
259
287
295
255
353
358
256
263
283
309
358
301
367
345
366
364
323
357
362
361
300
339
362
374
301
344
378
382
343
366
321
317
399
384
356
401
297
312
396
343
410
323
384
311
358
346
352
371
414
402
357
390
371
388
418
388
335
383
397
413
434
420
434
414
441
365
421
434
365
426
400
438
381
374
432
428
440
406
402
408
429
436
436
467
460
476
391
470
462
460
459
416
469
464
424
393
412
454
443
450
457
423
495
475
440
489
502
444
476
465
459
442
469
441
520
460
486
496
490
485
513
520
521
492
518
508
467
468
472
526
545
494
471
480
480
496
481
518
492
514
554
498
529
538
552
513
553
498
581
513
510
538
517
559
511
532
540
593
526
557
579
551
604
563
574
567
557
550
565
547
599
621
598
566
559
624
561
557
580
583
600
617
596
618
593
622
595
637
604
587
636
608
637
616
639
647
623
631
651
656
633
664
638
636
642
664
644
654
672
653
684
685
692
670
680
685
698
680
705
709
732
733
706
739
737
756
6
6
8
7
14
7
13
14
17
8
17
23
21
24
29
12
17
16
29
25
37
26
27
42
12
44
45
47
49
32
47
37
49
40
49
53
46
47
12
42
49
53
60
47
54
34
7
63
64
58
34
55
70
74
63
28
75
65
69
81
85
85
41
70
80
81
84
79
94
56
63
77
52
98
56
93
73
59
94
117
36
57
102
119
112
52
88
89
95
79
106
126
28
100
126
89
86
116
128
98
49
122
88
119
107
120
134
49
106
114
147
105
50
137
153
141
115
90
68
156
133
161
124
132
149
154
165
156
109
137
135
128
165
167
178
117
161
115
110
70
144
141
186
113
180
93
161
205
172
145
156
134
117
180
152
84
170
131
166
179
193
214
187
180
208
111
79
185
196
184
128
209
232
232
218
162
220
157
177
180
208
209
236
195
197
162
170
240
215
190
146
217
204
150
194
193
216
155
213
224
135
147
147
223
269
202
258
258
172
242
215
246
238
161
220
253
270
217
247
212
267
161
265
252
230
260
245
284
235
241
286
281
225
224
240
239
283
240
246
265
256
316
245
312
232
257
296
208
234
272
207
229
255
285
288
250
303
317
237
248
329
308
314
249
306
315
334
257
328
337
331
323
263
292
310
310
300
357
310
355
339
285
285
289
340
330
291
314
328
306
354
296
363
292
361
340
293
356
273
354
354
312
377
354
372
396
347
351
314
318
379
400
392
360
402
328
373
338
391
361
361
346
364
340
398
347
349
364
349
413
359
413
431
425
422
338
396
413
435
402
356
413
415
429
362
408
409
396
363
440
399
449
414
376
378
367
431
400
449
419
453
400
375
444
424
415
395
456
473
454
481
470
392
391
460
481
436
488
469
472
476
466
420
432
453
495
475
461
462
426
452
469
439
484
473
506
496
432
442
468
485
455
448
452
495
512
539
517
451
515
481
518
476
515
522
507
474
507
527
503
472
507
482
484
544
525
549
529
526
528
547
556
538
530
557
563
521
531
552
512
570
555
563
545
531
569
557
552
581
564
566
588
574
579
573
599
603
566
575
568
585
581
562
575
603
586
622
589
606
605
610
637
606
596
602
606
603
611
610
621
653
634
617
633
646
629
633
653
638
641
653
655
648
679
650
686
674
683
702
719
6
11
4
8
8
9
17
15
23
25
25
27
24
9
34
12
6
25
22
37
9
26
38
48
32
37
46
22
32
49
47
24
43
33
40
56
40
7
56
28
58
39
46
10
69
54
66
42
29
59
59
75
71
54
65
48
57
49
54
21
51
71
96
69
80
103
24
40
77
74
75
26
95
33
49
76
110
120
118
104
57
91
91
56
120
97
96
37
112
110
106
118
122
87
65
112
35
135
54
139
61
124
104
135
103
68
130
68
64
126
131
9
28
90
126
164
92
113
123
153
142
134
153
106
86
132
60
103
106
133
188
115
106
88
136
168
96
138
122
157
150
169
166
164
152
159
158
187
206
116
72
166
156
164
179
159
143
131
192
174
200
152
202
147
144
194
130
215
174
231
210
161
233
180
163
178
153
136
190
143
166
196
209
235
139
195
152
211
233
159
179
191
197
260
143
236
227
212
222
212
198
150
135
254
227
251
205
228
172
251
238
262
283
279
216
210
216
247
276
184
273
255
210
242
259
197
250
263
185
281
259
194
241
278
267
209
268
218
258
248
295
254
231
285
256
305
252
303
233
198
284
215
298
333
282
332
284
320
278
306
289
278
218
289
241
222
287
314
304
308
331
305
331
312
268
310
361
303
272
338
331
318
272
311
285
276
317
268
296
342
358
357
279
355
341
322
394
354
348
341
355
327
352
307
365
323
367
388
335
377
333
335
308
343
315
351
372
343
384
372
334
310
384
381
324
375
391
323
399
360
418
364
408
389
383
394
363
396
371
410
401
381
412
360
437
399
407
414
412
408
412
425
380
430
437
404
372
368
403
437
415
424
387
396
388
435
450
383
385
431
462
455
422
448
488
450
455
459
456
412
459
473
444
430
463
480
463
464
449
420
467
425
467
493
493
500
513
489
462
449
452
483
487
492
450
493
475
475
498
477
502
497
520
507
494
517
535
539
494
477
543
501
500
498
523
506
486
497
494
532
561
533
552
551
520
513
568
513
537
556
519
563
533
588
567
561
567
536
593
580
540
545
563
553
560
560
588
569
606
583
576
575
613
565
577
579
593
587
602
593
594
589
627
638
603
604
652
628
616
623
613
616
621
622
636
670
633
644
640
685
677
653
705
691
682
713
720
729
724
732
5
6
6
6
6
6
5
9
12
17
19
11
23
17
19
12
26
24
22
17
35
28
34
36
26
36
44
30
37
42
41
39
39
54
16
50
40
51
59
10
52
59
4
65
34
67
65
39
73
59
66
57
67
60
74
61
61
23
38
76
87
83
35
56
64
78
74
69
59
47
95
101
85
79
91
77
91
41
57
71
78
110
107
79
96
108
79
110
96
110
23
68
112
119
73
123
115
105
131
122
135
107
113
92
63
123
137
111
130
46
103
108
158
149
132
112
133
133
139
134
155
166
109
159
126
169
84
101
143
78
156
158
136
144
58
56
77
123
170
123
148
51
188
170
158
189
131
190
167
142
194
172
146
163
140
197
193
197
163
176
165
205
197
187
111
165
199
227
208
141
222
159
190
185
189
226
166
232
224
237
208
217
189
139
225
218
188
186
255
243
148
217
221
237
258
233
184
222
201
210
208
255
168
259
214
221
229
233
232
242
272
256
156
274
267
266
222
246
218
253
225
260
284
290
276
268
262
191
248
283
234
269
217
316
212
269
305
296
292
250
230
279
295
225
255
261
283
313
323
292
289
219
327
300
304
325
322
315
276
293
273
309
265
313
330
288
353
350
276
324
315
296
328
363
264
344
330
345
341
351
277
310
337
371
307
297
267
322
295
341
384
336
376
365
362
339
323
357
367
324
329
343
380
288
403
310
358
385
339
363
410
354
397
325
326
389
356
406
361
345
349
424
350
343
386
381
339
439
416
417
403
383
394
379
421
382
397
377
343
432
434
412
418
364
416
442
392
406
416
445
373
403
432
412
386
397
385
400
394
443
430
409
479
410
468
429
430
442
434
459
462
417
456
460
480
482
450
408
460
461
443
500
426
497
449
467
444
463
504
440
430
455
437
458
476
471
499
441
459
476
513
479
473
476
504
506
530
535
515
505
504
480
531
479
515
484
481
494
481
522
560
513
496
506
496
498
529
535
514
497
540
560
541
505
544
567
517
548
517
591
558
531
539
594
535
536
562
563
570
541
546
582
574
581
590
586
625
619
612
588
583
606
577
585
617
649
603
589
631
623
603
598
649
630
613
630
634
617
650
634
693
634
636
653
653
672
653
650
722
680
666
701
680
686
709
733
728
743
739
745
6
6
5
6
10
12
8
14
5
5
20
13
6
13
22
18
28
14
19
22
34
31
33
43
4
37
26
24
18
51
44
46
51
54
41
44
58
17
43
50
61
65
43
56
49
23
39
69
73
58
76
64
31
14
54
39
36
87
39
57
71
27
73
72
84
47
43
36
75
77
95
71
77
73
68
101
103
101
76
90
99
91
60
48
109
98
60
125
94
82
36
72
96
130
132
97
122
109
91
127
60
96
124
117
140
115
98
153
129
132
141
142
94
129
133
142
112
50
48
152
78
154
68
94
59
133
127
124
152
149
134
180
117
88
74
70
189
178
140
124
120
146
181
192
159
183
124
124
174
112
194
187
163
102
185
149
124
182
173
144
108
156
129
112
148
157
152
224
207
179
223
200
188
219
101
206
200
192
190
164
226
222
206
192
221
131
207
203
148
122
241
174
253
162
193
194
216
204
221
247
142
271
179
254
147
272
188
285
268
203
200
263
172
268
224
223
280
271
261
260
221
201
282
255
222
275
224
280
303
283
203
233
270
246
271
255
274
290
292
271
215
236
268
265
235
291
247
249
335
287
303
226
348
228
230
319
299
217
340
276
287
320
283
304
341
237
278
294
236
336
335
366
242
267
352
302
327
357
333
327
379
286
380
351
321
360
298
267
352
328
291
345
280
398
384
337
328
272
310
348
373
402
383
293
386
328
368
390
313
361
305
320
353
390
382
341
307
312
362
317
384
376
367
375
347
369
382
380
352
427
406
411
424
421
370
330
408
347
419
384
360
341
467
418
417
390
426
427
371
403
415
415
475
411
453
367
457
431
387
377
379
446
456
424
445
451
418
418
419
509
426
411
429
450
446
452
433
404
454
515
428
424
444
489
511
531
416
436
433
457
479
473
468
500
529
461
511
453
467
474
456
475
499
492
466
462
534
477
553
465
503
513
514
466
536
498
558
503
524
497
481
490
548
526
534
502
562
510
497
516
603
540
569
549
528
581
530
531
584
519
550
550
538
529
535
552
622
554
538
550
598
572
630
546
597
561
617
608
559
604
594
562
614
564
597
589
597
591
619
595
626
621
608
595
599
613
604
610
688
618
667
694
651
657
654
675
678
678
675
759
717
749
717
712
718
733
740
803
771
802
4
8
4
9
9
12
9
8
4
18
19
28
5
26
16
18
10
34
31
29
35
32
24
28
22
43
39
22
37
51
22
16
50
51
52
27
45
35
61
60
36
65
55
54
69
9
62
72
64
68
61
55
68
46
54
29
50
82
62
58
84
62
80
50
79
60
51
101
87
79
98
108
95
100
83
85
89
43
91
110
71
107
70
25
46
66
104
65
125
92
78
69
105
83
126
135
90
39
115
110
126
136
92
42
77
39
123
144
145
126
69
138
143
138
122
127
141
76
42
86
126
158
90
102
158
167
158
135
157
142
162
140
148
129
97
90
164
196
121
129
125
125
171
148
159
73
152
105
115
165
178
149
153
135
143
179
204
88
213
187
209
179
176
100
206
214
128
222
110
210
207
192
197
214
209
204
232
150
209
195
116
175
240
227
230
154
234
212
186
210
116
134
248
195
121
269
183
145
196
233
182
270
141
181
151
181
230
261
163
241
275
190
214
165
235
251
287
266
270
184
256
214
288
278
281
275
219
304
229
314
244
281
223
280
216
299
253
224
280
297
207
308
273
198
198
201
257
333
249
260
245
282
299
265
333
316
299
330
326
263
351
349
271
293
301
335
320
339
274
318
237
317
343
340
349
291
276
281
336
388
283
260
305
356
295
338
338
261
307
307
386
326
325
348
349
340
350
393
377
374
375
311
411
361
358
333
295
362
295
404
382
393
369
339
404
372
336
308
355
341
429
360
341
431
367
356
411
394
323
341
374
449
380
417
411
405
416
380
426
430
464
462
367
384
419
382
420
416
357
444
366
364
461
381
435
414
410
398
419
428
396
491
493
391
395
472
457
404
434
402
458
475
431
448
459
477
427
487
414
518
477
482
438
423
465
442
499
483
464
460
436
489
538
484
519
493
493
451
471
490
458
475
507
481
527
493
472
564
571
515
520
477
486
479
518
486
550
550
536
515
539
589
559
502
519
509
550
517
569
533
586
560
582
562
522
524
562
565
570
548
557
589
579
584
544
551
578
561
605
610
598
623
598
602
624
598
585
611
619
610
607
604
637
630
639
656
650
622
656
637
651
642
632
638
629
652
667
662
649
683
690
676
687
663
665
703
693
690
688
698
687
698
706
694
703
717
722
733
737
767
4
8
4
14
9
7
6
5
20
14
10
9
5
11
13
5
14
13
14
20
7
39
27
22
39
10
38
15
36
50
38
45
18
19
45
53
40
28
22
41
21
55
65
55
56
52
64
23
47
51
65
75
14
65
71
54
54
43
54
80
83
72
86
88
26
44
100
57
82
91
72
93
97
80
71
26
55
84
12
60
89
46
25
87
114
105
23
58
124
83
61
121
99
100
97
115
123
71
116
69
73
129
118
110
123
134
105
105
67
57
143
86
124
118
145
78
101
117
154
54
120
153
82
144
143
117
137
106
168
151
134
112
38
150
183
106
165
170
157
66
184
164
154
94
153
155
89
175
52
134
163
153
93
166
156
209
202
99
209
171
213
163
158
136
125
105
157
150
85
164
197
129
221
162
230
158
134
148
212
207
181
186
186
215
166
231
240
180
222
156
244
159
215
173
222
189
127
218
234
262
227
190
267
225
202
220
197
180
198
246
228
217
234
210
281
235
182
201
269
252
222
232
234
224
215
286
277
240
202
263
254
274
208
241
252
272
228
217
274
253
264
242
312
266
227
267
302
235
229
302
281
308
232
298
327
259
234
239
334
263
262
346
284
310
237
304
298
223
228
247
329
337
285
287
272
245
282
280
303
306
287
299
350
319
355
323
260
309
284
287
282
359
327
349
325
322
329
283
362
297
312
343
364
313
298
349
351
307
381
390
288
406
296
310
391
311
329
292
330
356
350
356
351
328
349
357
371
338
351
364
418
376
409
347
421
393
341
390
344
412
413
355
391
383
454
339
383
413
353
449
432
396
415
378
396
448
405
382
357
384
453
391
384
449
419
423
399
463
434
422
447
452
437
424
417
480
396
400
407
409
480
439
448
474
408
419
487
431
407
435
487
466
452
470
437
420
469
490
429
486
512
462
508
479
462
444
519
518
477
447
533
501
471
495
499
489
495
494
464
519
520
470
512
544
539
498
493
507
513
519
500
566
531
564
540
542
523
549
542
550
535
529
538
531
585
545
551
526
590
599
568
569
564
581
579
548
607
559
558
564
620
601
579
575
633
595
602
601
634
584
606
608
608
606
640
648
646
631
649
635
668
674
669
667
656
673
673
694
670
668
680
716
705
696
721
725
734
756
780
793
5
4
4
10
13
13
13
17
21
23
23
13
10
22
17
13
18
11
20
27
11
31
40
38
44
33
47
27
27
22
40
35
48
57
38
39
51
45
58
61
27
40
59
59
63
15
66
71
64
64
38
66
49
11
54
63
49
64
52
81
80
40
86
65
81
65
13
78
80
101
87
50
96
99
77
48
12
79
62
99
96
70
103
117
110
84
12
45
84
88
32
103
20
74
71
116
74
104
124
116
127
69
95
147
71
115
117
119
113
40
145
130
150
129
142
138
137
42
84
32
124
93
113
134
114
112
150
146
153
176
175
136
138
143
130
75
121
165
176
154
51
168
190
77
45
190
180
113
162
75
144
173
193
180
149
148
209
103
86
109
142
185
86
161
163
173
168
208
214
216
90
213
98
168
130
139
195
208
180
208
178
221
224
173
165
133
181
146
212
164
121
222
213
230
256
224
205
232
207
245
193
230
196
146
150
181
220
268
239
185
254
272
267
187
248
249
166
213
233
255
269
239
298
204
198
286
278
233
280
242
296
253
245
299
285
281
178
259
288
263
273
249
252
211
273
228
281
197
305
289
308
257
285
282
279
283
327
297
292
304
273
315
236
339
250
311
292
283
285
354
302
299
344
329
270
254
265
352
261
245
239
345
368
298
389
358
327
289
274
332
294
260
366
326
360
382
339
403
271
377
370
324
308
316
382
317
346
396
349
341
360
347
348
304
291
408
334
354
357
360
379
424
348
365
390
388
358
433
341
323
428
349
428
341
426
372
412
360
380
469
410
343
349
408
397
434
453
369
396
418
407
419
453
380
397
363
419
369
428
386
415
407
440
449
412
468
426
405
421
400
425
412
407
415
391
481
505
427
483
448
423
471
484
511
427
547
486
422
457
474
447
530
547
487
461
538
478
439
443
485
444
450
485
460
514
458
452
473
488
530
497
548
527
487
500
482
491
549
509
590
506
518
539
499
591
529
498
494
498
521
544
505
570
507
525
514
519
581
558
554
533
551
638
568
628
538
566
582
597
556
588
605
596
591
674
607
675
614
599
611
686
693
640
639
630
652
657
650
665
665
744
675
745
746
753
697
700
704
728
735
811
795
775
863
841
837
927
896
983
958
1043
1011
1105
1168
1229
1274
1335
1399
1454
1515
5
6
7
14
16
13
12
10
15
22
12
27
5
13
7
5
24
37
17
11
40
40
38
8
39
35
45
44
25
53
29
37
36
47
54
45
56
56
38
60
36
37
55
35
19
24
54
70
67
65
71
73
63
39
53
80
42
48
26
78
80
46
68
85
37
21
89
96
76
101
77
87
78
90
59
71
98
87
110
96
94
115
94
95
17
61
110
120
63
109
78
92
113
105
116
78
63
96
91
129
69
141
84
97
126
90
30
67
147
141
78
123
115
122
108
119
135
118
48
83
131
133
134
87
140
168
141
67
119
158
174
112
116
177
131
139
40
185
151
170
194
164
120
169
142
101
186
185
121
143
177
196
126
150
134
123
150
148
158
122
209
202
188
178
108
149
164
116
178
192
181
168
113
95
198
197
220
228
221
156
199
173
179
210
196
142
131
213
232
221
230
181
176
203
152
230
245
209
204
238
266
197
208
174
246
183
193
203
219
165
263
188
199
165
219
283
243
183
217
248
252
229
163
257
296
203
284
256
229
240
248
202
268
267
283
255
198
231
226
273
271
198
310
263
251
249
220
331
280
217
304
290
272
242
315
218
208
280
264
313
234
330
311
240
282
296
311
245
264
313
359
346
265
319
320
305
314
331
302
264
302
327
278
338
284
348
365
303
341
312
347
295
342
298
308
352
315
373
350
325
332
314
298
287
377
408
344
345
363
348
307
354
313
306
364
384
376
332
368
377
362
403
323
331
342
387
368
391
348
320
396
368
339
388
408
414
365
360
398
412
370
354
336
359
399
336
353
447
377
395
347
454
424
426
412
387
375
424
366
413
407
443
373
376
414
371
439
448
451
465
413
410
444
449
420
465
403
493
424
415
489
470
447
455
461
475
413
437
417
460
476
453
489
481
451
423
505
481
475
486
492
431
454
457
537
506
494
502
480
475
464
493
495
481
516
508
476
519
478
492
534
514
511
507
479
493
496
500
548
560
501
522
538
516
571
559
541
526
530
505
524
580
549
533
539
532
565
553
535
548
544
565
530
543
545
546
598
553
578
572
556
570
577
554
605
561
556
590
589
578
596
574
604
576
588
597
593
639
599
641
618
651
635
647
625
637
631
637
660
652
653
671
693
681
704
706
719
732
747
783
4
6
5
9
11
14
5
9
18
14
23
11
13
20
12
20
30
26
35
36
33
31
8
29
21
42
41
40
46
32
32
47
48
11
38
27
49
20
51
62
58
46
46
35
23
51
62
62
47
63
51
68
68
72
51
61
70
16
65
66
52
67
4
73
83
61
94
55
86
90
81
97
83
107
62
102
98
106
90
85
93
49
115
70
79
64
100
122
59
79
123
95
119
48
45
104
106
137
117
122
86
111
127
50
27
86
135
89
107
112
121
132
125
134
118
131
153
107
40
125
153
149
143
120
105
177
49
159
131
165
145
155
54
177
175
179
163
140
128
126
185
103
184
176
128
72
120
83
195
183
208
77
113
157
160
205
119
197
172
187
195
198
139
151
187
196
159
108
200
188
162
209
189
116
156
176
219
225
231
236
161
197
162
225
177
212
208
216
262
157
247
250
218
201
238
256
240
205
240
206
160
153
243
247
252
270
183
159
233
272
195
164
238
211
243
210
238
215
258
238
269
293
205
271
259
281
276
219
276
222
278
206
300
303
262
231
258
326
238
299
238
301
302
225
302
213
276
266
296
330
218
331
277
295
335
247
258
234
320
317
273
255
251
275
277
322
332
312
327
327
299
260
341
367
312
254
330
375
346
280
360
293
351
291
365
353
269
320
297
312
342
387
375
381
361
321
327
296
291
383
362
378
361
374
305
299
354
366
369
318
393
386
426
343
375
357
321
342
324
351
410
416
435
395
421
415
368
420
334
401
353
431
398
415
434
448
389
443
384
408
441
370
354
396
432
382
399
382
421
428
458
460
371
374
444
373
404
462
487
394
427
481
409
474
478
443
453
412
478
426
491
434
498
503
489
483
446
492
433
456
420
512
480
494
518
501
437
497
513
515
486
529
463
484
518
500
457
477
483
521
528
553
497
503
538
500
526
545
527
482
563
536
530
549
510
553
549
544
526
537
511
584
562
549
568
513
529
514
525
604
551
581
563
571
583
590
578
576
593
556
585
575
600
581
585
635
602
612
608
575
570
645
597
602
581
624
599
626
613
598
605
608
627
602
605
633
640
614
655
612
640
638
688
637
662
644
655
646
674
658
650
670
658
725
666
676
698
694
697
698
714
723
709
777
737
766
760
781
813
817
5
6
4
7
14
15
10
18
12
22
21
18
24
28
10
32
23
9
24
34
26
22
35
36
14
22
47
39
23
28
46
49
50
53
13
53
48
41
60
51
57
54
48
60
45
69
63
53
20
67
74
61
37
79
76
62
58
69
12
89
71
42
78
84
23
62
88
101
86
77
93
99
78
82
102
74
56
36
95
21
101
75
107
100
105
114
68
117
113
82
98
117
67
98
95
102
127
111
120
135
131
113
116
30
104
140
119
140
93
121
116
121
124
151
41
160
117
156
135
147
93
22
154
139
160
139
148
83
134
165
127
66
160
106
158
109
153
147
166
68
178
146
164
118
137
105
164
151
190
194
82
203
179
166
188
105
189
111
187
172
178
216
163
159
187
215
207
213
171
204
121
197
200
165
181
204
220
157
243
224
116
211
205
195
222
205
160
227
229
194
239
208
173
242
221
233
191
177
219
197
227
137
213
250
253
207
236
226
233
155
260
237
257
180
255
285
237
230
241
173
189
285
189
285
171
277
241
234
253
248
173
252
253
259
310
294
190
221
296
260
269
288
198
279
283
271
314
288
271
314
287
241
301
316
245
292
291
216
321
306
288
282
217
221
287
311
333
237
327
362
295
304
303
252
260
280
348
315
243
257
372
270
281
311
304
320
323
358
367
334
328
361
334
269
351
340
292
354
307
313
353
387
361
367
350
349
365
355
348
383
347
296
345
307
397
358
330
424
309
348
353
357
379
308
431
381
313
364
394
384
386
388
429
398
392
370
413
331
391
402
348
424
370
392
391
396
450
418
359
418
465
394
406
394
403
359
418
430
426
425
371
423
443
411
433
442
491
399
444
432
457
466
395
407
453
488
475
435
404
444
472
434
415
517
440
459
513
433
481
459
452
425
437
460
520
475
482
488
444
506
441
471
455
501
465
504
476
521
472
501
459
486
502
540
559
490
518
534
502
502
582
530
547
555
497
531
515
535
529
516
584
565
523
534
513
521
551
537
513
529
539
557
611
597
556
574
578
609
579
565
583
568
551
555
588
575
581
574
587
590
646
636
578
601
596
623
619
619
635
627
610
613
624
616
615
630
632
684
663
662
653
689
644
640
644
664
670
693
681
682
723
698
741
707
729
774
756
799
829
848
4
6
7
9
10
6
17
14
15
12
9
7
6
24
4
19
14
18
8
32
27
35
27
21
34
11
32
7
12
35
22
49
46
53
54
29
48
52
55
38
63
50
62
37
24
46
67
58
62
51
58
42
57
42
48
46
64
70
63
82
83
83
77
83
84
64
68
71
58
81
48
104
31
63
91
101
54
51
103
97
70
40
53
59
89
106
86
122
89
104
86
107
74
81
101
76
133
4
60
107
124
108
78
121
116
110
109
85
132
126
110
116
153
39
150
131
116
135
107
59
153
106
148
133
134
92
73
122
160
184
157
168
128
102
54
79
160
146
134
167
103
177
148
116
175
155
167
149
148
185
127
131
174
108
176
63
183
153
190
157
178
74
158
145
187
176
210
205
192
181
171
207
174
134
208
144
233
204
192
207
169
111
169
232
209
232
239
150
210
125
181
227
137
204
211
243
221
183
234
249
208
133
243
195
189
248
229
181
211
243
260
242
261
168
215
209
226
281
257
261
242
177
214
246
166
290
224
302
213
221
254
292
282
267
230
299
233
290
237
266
258
225
269
301
309
222
284
217
304
275
260
290
300
276
282
253
246
295
325
320
271
231
266
266
316
324
316
288
266
237
354
347
324
252
239
288
371
358
350
321
325
359
313
289
271
302
282
355
337
336
330
264
267
346
284
331
342
365
308
322
331
390
349
308
290
402
371
378
357
303
378
295
387
341
340
329
395
364
423
381
307
335
313
424
337
402
412
373
392
329
365
415
415
438
339
392
414
440
415
405
389
366
350
458
399
380
353
411
450
423
453
444
429
407
415
401
416
452
455
413
449
454
422
384
493
386
407
395
424
473
434
408
484
456
505
416
444
486
444
436
430
460
444
453
418
448
448
470
453
440
472
485
535
508
477
455
457
524
489
450
483
454
561
530
500
516
471
508
502
532
508
515
556
490
486
505
515
509
585
518
520
573
540
522
564
538
520
602
578
534
536
545
515
546
578
598
545
549
556
538
546
569
594
549
548
553
621
574
606
580
563
584
635
622
579
574
666
576
599
582
603
587
641
659
601
614
678
655
613
617
671
642
616
625
670
634
631
628
635
680
677
664
698
710
695
720
684
700
706
733
710
742
749
752
753
769
764
790
808
820
4
4
9
9
7
5
4
4
20
14
20
23
27
10
26
17
23
31
25
5
37
38
31
42
43
4
45
23
48
34
37
45
44
47
41
50
58
32
27
57
65
51
4
31
55
41
71
74
25
66
34
43
51
57
69
81
44
40
75
76
83
82
84
29
83
28
78
93
96
40
68
68
95
92
83
23
46
76
114
86
117
110
115
93
96
119
22
83
76
92
108
130
51
41
135
31
130
108
75
63
139
109
70
136
62
149
77
118
139
118
25
152
134
133
116
55
148
127
152
162
77
118
112
161
131
154
85
140
78
183
109
157
159
153
166
144
98
187
180
176
99
158
90
200
112
186
172
201
72
153
186
102
187
68
182
204
174
169
145
186
205
183
214
192
186
136
120
157
202
193
154
127
153
142
189
161
228
215
176
154
213
156
244
111
211
145
249
106
207
229
228
250
200
150
220
237
221
211
261
157
199
159
221
238
248
156
220
235
248
211
203
177
194
154
270
281
246
165
207
293
302
205
175
283
214
254
229
219
298
278
276
270
265
231
288
207
184
275
288
265
201
253
202
244
269
202
311
262
303
289
317
249
332
336
301
252
332
276
247
312
254
279
343
297
288
294
310
321
270
251
315
315
286
251
248
285
301
303
327
350
358
316
361
356
363
372
346
334
373
292
325
352
329
353
322
321
392
291
325
372
352
371
330
336
357
281
394
290
291
347
329
381
392
360
306
373
407
324
361
388
368
381
415
415
365
389
332
332
394
369
391
416
352
375
361
415
432
415
411
404
449
345
448
373
350
386
399
410
388
379
392
371
442
368
427
397
416
440
393
478
440
433
431
434
448
459
419
493
439
390
392
494
441
402
402
419
477
411
458
467
460
475
425
410
471
491
512
439
460
463
425
463
531
479
500
459
464
439
466
515
485
514
477
507
480
487
475
520
510
483
536
517
495
542
508
487
481
478
494
538
545
497
514
532
554
541
508
549
541
513
525
516
555
506
540
525
510
561
553
542
546
579
551
567
592
533
551
566
589
571
593
550
577
546
573
575
608
557
612
626
577
570
609
618
569
568
600
604
617
596
618
627
621
616
621
619
605
622
636
619
648
634
627
636
641
681
661
660
655
680
670
686
671
688
692
690
724
720
735
735
6
4
5
5
11
5
11
15
22
16
10
8
21
7
27
29
14
32
22
25
14
29
14
43
11
17
41
4
47
32
37
45
43
49
33
37
52
56
58
57
63
34
46
37
48
67
59
21
45
9
63
61
66
41
61
60
70
30
76
40
72
69
79
44
92
90
65
42
84
97
87
79
70
83
48
64
79
28
105
17
103
86
74
72
117
94
105
107
89
48
112
126
70
90
119
100
101
119
104
126
137
99
94
116
87
4
102
137
147
135
100
55
70
146
117
85
114
149
135
136
90
53
158
140
140
95
126
128
160
168
172
147
81
169
125
172
133
80
185
168
140
168
76
165
123
54
146
85
158
168
68
170
184
153
124
157
183
136
209
199
166
208
123
141
126
162
148
179
167
144
216
163
156
155
162
205
199
214
175
214
193
207
195
237
133
239
202
237
231
213
250
115
192
229
242
246
133
214
212
135
215
237
194
141
159
235
219
188
255
249
273
150
229
193
221
256
264
207
272
194
203
231
255
204
230
236
279
229
256
239
189
285
287
237
307
260
176
267
258
243
231
279
224
308
290
288
282
284
303
281
322
197
276
310
249
296
315
252
292
257
294
239
294
303
329
244
268
278
272
281
283
292
289
349
287
230
266
265
298
339
350
282
274
328
329
333
320
314
350
339
321
330
336
354
366
332
391
355
260
343
369
362
299
353
351
304
356
386
301
306
328
329
341
324
402
319
322
320
371
368
397
395
297
331
330
358
388
414
365
346
394
328
419
383
383
403
397
449
379
345
372
362
370
401
402
390
436
364
438
431
440
355
347
372
355
383
383
382
412
426
409
447
480
398
369
392
422
460
478
446
440
440
443
478
431
439
384
399
405
392
455
420
439
427
489
495
429
404
497
450
435
431
515
456
476
438
468
480
466
433
434
507
484
496
460
494
475
513
521
488
441
462
476
472
507
498
502
539
474
548
473
477
539
511
522
482
513
529
529
478
499
491
553
510
535
533
500
562
560
497
510
506
576
540
551
514
600
539
522
550
564
530
591
578
562
541
574
597
560
537
584
547
565
557
575
599
624
622
613
568
582
576
623
609
605
580
592
612
626
616
638
621
612
668
636
643
642
628
646
648
667
652
666
673
664
681
665
675
697
726
7
8
10
15
6
7
14
12
16
14
22
25
23
24
19
31
16
14
27
38
29
26
18
44
27
29
42
21
37
43
53
46
51
48
53
46
55
45
60
55
41
63
52
59
64
56
70
44
73
64
54
69
35
56
50
57
52
32
74
76
15
64
90
75
66
37
75
103
74
27
94
107
105
73
94
56
39
101
85
84
42
98
105
114
71
111
72
106
77
48
126
107
101
51
34
71
115
77
125
88
54
120
137
122
69
118
57
142
148
84
118
100
152
108
66
147
161
130
150
15
154
86
139
119
156
160
66
116
161
162
60
93
176
143
156
146
120
70
108
169
167
157
109
180
180
191
172
181
133
158
157
142
174
124
190
107
95
166
215
122
203
142
188
178
184
158
206
161
193
174
108
206
215
204
215
232
162
154
153
146
207
225
168
176
198
186
251
217
132
230
188
245
259
235
172
208
130
219
241
217
246
193
260
187
224
229
256
267
157
230
171
271
271
241
281
184
230
229
157
289
169
177
257
265
271
288
282
226
225
291
209
263
248
183
230
291
256
260
230
310
188
281
225
311
248
283
308
289
264
232
309
243
199
307
272
266
325
323
310
223
333
264
281
294
319
292
245
288
340
337
258
287
314
325
347
255
289
248
303
283
304
337
354
317
336
319
360
333
251
372
358
357
260
263
302
362
317
331
297
319
293
350
378
271
278
356
347
336
369
291
392
374
359
341
379
351
338
310
365
339
312
390
415
366
376
374
398
364
401
431
396
346
369
338
380
420
334
404
380
441
372
396
381
443
365
439
398
456
465
383
431
434
446
362
355
393
408
404
390
422
468
468
425
422
439
485
478
459
443
422
380
411
391
415
423
459
491
468
400
464
484
463
437
413
459
421
449
507
424
412
463
448
519
493
447
495
472
512
447
437
531
511
463
439
473
499
500
473
516
452
537
497
528
499
463
499
516
472
523
470
541
506
504
523
489
517
506
580
489
572
535
588
559
532
560
525
511
539
571
599
600
552
563
567
522
539
605
594
592
565
555
576
578
554
611
625
561
562
580
603
634
570
593
575
574
567
614
636
589
599
617
594
610
612
620
633
603
659
615
621
636
616
691
652
632
647
629
685
688
668
682
653
656
663
686
687
694
723
727
740
