12
22
13
14
18
21
38
29
39
48
63
13
18
44
35
56
72
93
48
53
14
63
63
71
106
105
19
74
77
97
22
124
44
98
99
34
67
148
15
120
120
84
54
16
128
154
147
82
150
5
158
79
168
71
157
19
185
33
10
88
164
192
10
155
28
179
103
183
8
4
180
46
200
132
213
28
58
207
201
12
127
55
27
216
225
204
9
32
236
147
224
217
48
7
237
258
175
248
71
8
256
283
198
69
276
251
17
305
78
218
269
292
24
331
33
254
4
236
28
322
50
355
307
266
244
41
372
318
239
312
37
272
247
395
330
6
22
251
418
303
358
26
268
25
441
332
387
271
37
10
462
21
327
287
407
64
476
40
298
330
377
89
495
318
309
311
61
373
522
380
18
25
314
342
83
372
528
40
337
18
78
366
51
544
379
358
39
559
311
365
409
16
54
312
582
392
37
417
325
78
566
52
402
342
419
71
587
7
57
425
328
426
81
598
348
401
87
24
449
614
336
446
395
47
351
462
608
352
69
388
628
472
372
31
77
15
645
419
375
506
93
379
641
445
18
518
85
402
654
38
468
359
546
90
678
28
10
376
489
102
578
704
30
366
123
513
50
713
587
383
125
22
737
527
404
574
23
123
707
426
11
593
555
589
17
449
84
727
575
17
618
451
83
754
7
628
584
434
640
46
766
444
593
633
450
784
614
459
25
662
800
475
17
36
648
824
477
49
636
493
850
718
26
16
15
51
515
846
665
681
27
534
64
871
672
691
552
893
565
684
711
857
580
715
686
730
599
872
575
715
883
755
590
905
705
608
765
924
626
720
796
925
630
733
923
644
815
645
935
758
813
644
939
788
656
837
943
671
818
823
962
681
835
971
669
848
658
994
863
879
675
1015
878
695
891
1038
711
887
1060
921
725
1076
864
717
914
735
1098
893
909
754
1118
912
768
891
920
1120
780
910
1138
936
776
1152
773
928
965
791
1146
941
978
808
1164
823
886
1004
1185
825
905
1202
1024
821
1217
801
919
1032
800
1241
930
810
1048
1260
907
1283
1079
1295
919
1002
1309
919
1029
1330
950
1046
1351
974
1368
1074
1381
989
1077
1398
1012
1095
1418
1079
1436
1449
1107
1086
1441
1105
1423
1432
1433
1439
1453
1457
1475
1494
1517
1540
1559
1560
1537
1534
1529
1542
1560
1584
1604
1593
5
25
25
7
26
9
22
28
58
30
41
10
20
55
27
18
20
67
75
30
82
25
22
86
34
83
38
55
43
112
99
52
41
63
137
114
44
92
25
20
141
148
56
20
40
45
138
87
172
65
12
151
118
68
182
7
25
174
81
30
155
212
52
101
198
11
174
119
61
240
225
34
123
193
55
233
270
135
66
11
183
236
146
28
75
166
263
201
331
178
281
349
228
10
327
191
286
146
248
358
4
23
313
152
271
24
382
336
48
143
290
355
68
375
156
15
70
28
376
177
298
404
93
4
403
160
321
428
116
419
171
25
86
308
182
442
456
30
103
23
175
466
328
488
72
140
486
348
517
152
498
147
370
527
492
7
22
154
9
393
28
513
558
169
27
45
534
414
173
589
5
180
555
11
435
610
182
22
574
16
445
160
639
29
601
168
464
18
657
35
6
611
194
7
16
481
35
599
689
213
37
45
197
500
621
706
215
26
635
522
7
704
237
43
651
7
525
238
725
663
7
232
553
725
673
10
254
565
695
752
253
670
273
580
758
276
685
596
788
277
10
707
9
13
256
629
820
699
239
11
45
21
663
717
842
250
20
24
741
251
813
697
818
268
41
766
7
710
20
282
832
58
14
791
8
808
303
729
29
82
813
326
38
817
755
42
816
335
108
835
64
745
337
843
135
852
83
360
742
156
872
860
104
379
770
168
90
869
898
393
87
180
784
878
415
878
15
206
438
903
802
907
423
168
913
770
403
926
142
924
387
765
941
162
401
931
946
791
388
949
146
953
396
803
972
155
979
379
822
398
994
989
393
846
993
1021
409
1002
850
428
1035
1024
438
849
1053
1041
452
867
464
1060
1073
479
1053
876
1097
476
1072
871
491
1120
1080
505
861
1055
1103
516
890
1099
520
1085
537
1122
918
1115
552
1118
564
932
1139
1127
574
901
1134
1130
589
1120
590
888
1112
597
1138
868
1078
610
1153
621
895
1107
1173
640
876
1184
1116
650
1187
888
1141
1200
901
1170
1209
1167
908
1183
1204
925
1216
1181
1217
940
1209
1228
1213
915
1171
1242
905
1141
1264
928
1283
1163
1299
945
1194
1307
969
1200
1290
1000
1295
1225
1299
1227
1290
1244
1302
1240
1326
1268
1340
1276
1363
1282
1257
1377
1366
1276
1384
1301
1394
1324
1413
1294
1437
1444
1463
1486
1504
1522
1542
1565
1585
1607
1619
1625
1631
1653
1663
1682
23
15
46
8
32
14
60
16
38
33
82
28
24
8
24
61
25
107
14
30
75
120
43
22
134
61
104
8
71
146
19
131
89
7
170
11
21
15
26
108
115
22
177
20
42
135
48
128
30
202
7
152
66
80
35
225
106
148
20
31
24
236
151
107
129
6
33
174
223
33
138
116
175
230
20
166
175
142
234
26
11
190
176
257
173
21
4
207
17
283
199
11
177
221
15
293
10
200
239
192
315
251
229
199
339
13
274
26
257
34
339
233
292
344
305
285
264
360
308
35
23
296
19
323
383
294
329
407
328
325
335
9
420
15
336
14
345
360
14
443
11
364
381
368
32
446
400
18
387
51
367
411
453
20
392
434
55
378
479
20
449
45
12
415
475
24
379
471
46
27
501
449
411
412
7
60
525
464
48
436
26
429
8
477
550
46
21
455
460
565
495
39
504
483
570
469
25
527
594
464
14
426
50
610
537
492
49
452
558
618
35
45
11
11
575
521
633
484
18
595
645
510
23
514
608
661
527
626
539
669
12
15
634
527
14
565
688
633
23
709
18
534
594
625
731
639
565
5
592
20
652
761
578
583
21
576
658
16
748
11
32
29
562
638
600
26
752
39
661
590
43
628
772
664
12
600
61
795
681
651
15
75
678
537
817
665
693
825
28
555
24
676
709
15
811
726
586
679
14
18
811
690
731
561
706
729
836
16
21
530
742
730
787
17
8
761
561
782
724
780
788
585
747
798
729
784
804
613
735
817
808
636
836
755
828
842
667
852
777
857
870
683
869
778
894
882
701
797
852
912
661
868
795
924
861
666
945
816
879
956
696
891
845
969
905
721
872
980
898
750
917
987
852
929
996
776
823
949
1016
962
787
801
1026
975
817
823
1030
988
997
839
1048
838
1017
1070
849
850
1007
1089
1018
872
808
1108
1022
890
1120
765
1022
1130
1035
915
764
1053
1144
941
1050
784
1160
1055
949
796
1154
1041
973
1169
1050
821
1192
1069
998
849
1083
1211
805
1025
1103
797
1231
1114
1006
1255
1100
1017
1275
1118
1137
1288
1033
1114
1306
1047
1133
1320
1054
1153
1318
1170
1079
1337
1162
1105
1176
1338
1186
1072
1357
1201
1095
1352
1217
1372
1104
1232
1385
1217
1112
1402
1230
1246
1412
1263
1381
1246
1394
1265
1400
1277
1421
1287
1298
1445
1315
1454
1476
1440
1463
1457
1463
1469
1490
1507
4
15
17
11
20
28
19
16
29
32
56
25
16
44
21
36
23
9
12
41
72
37
27
26
34
27
17
108
16
29
15
18
28
64
43
9
37
135
11
7
8
56
91
15
156
74
22
91
21
78
38
17
191
104
25
25
109
13
29
206
114
22
39
14
33
128
13
53
241
11
136
60
58
78
140
260
23
7
96
160
79
30
110
178
296
39
7
123
190
11
96
140
43
197
338
156
191
170
14
82
44
190
374
175
208
18
168
118
32
215
117
407
34
165
9
17
219
52
173
119
399
213
40
187
6
234
147
204
411
250
189
267
202
148
445
280
213
295
221
172
439
261
222
8
10
254
180
240
460
9
272
260
210
266
278
30
22
494
291
281
14
4
247
305
49
285
500
280
300
20
277
260
302
262
525
16
28
318
267
276
19
20
301
285
265
519
18
287
324
216
4
294
549
27
350
301
178
166
361
271
585
16
12
291
382
147
17
578
379
292
150
300
394
149
36
20
597
349
318
121
38
334
361
140
4
623
46
330
376
125
67
331
17
371
112
637
4
24
16
378
354
92
9
389
362
677
403
27
383
7
102
13
404
29
702
406
416
416
8
138
10
12
17
691
428
436
129
448
447
114
7
699
462
456
471
475
18
706
8
492
492
9
154
493
509
10
717
9
499
527
25
194
509
30
537
721
19
523
544
211
539
555
759
188
566
555
168
578
574
711
584
544
181
13
550
550
739
22
5
564
570
173
24
7
14
582
778
576
10
22
598
589
207
23
787
605
596
210
615
610
33
232
817
630
630
644
257
28
625
254
652
854
636
666
279
645
652
864
657
639
295
620
636
902
624
650
303
635
662
923
647
679
289
662
698
950
680
714
327
696
711
982
313
705
725
329
712
976
747
713
363
709
714
1007
717
723
361
731
720
1045
727
743
395
745
762
1056
762
765
409
764
752
1084
773
761
776
775
1082
776
788
789
1109
788
806
793
804
1088
798
819
801
823
1115
813
831
809
1139
816
826
812
826
1173
823
835
838
1185
849
852
840
862
1204
841
876
857
892
1203
902
867
892
868
1193
883
872
894
886
1224
909
883
925
1236
890
920
895
925
1247
906
920
1277
1312
1338
1357
1384
1404
1430
1436
1462
1423
1456
1470
1474
1506
1536
1566
1601
1629
1655
1662
1693
1717
1744
1777
1787
6
12
9
29
18
9
10
34
6
55
12
48
18
29
20
65
19
47
66
52
22
60
73
35
36
15
76
80
68
37
7
13
79
72
55
110
20
96
73
14
43
87
84
107
18
80
116
26
109
121
100
25
99
129
138
137
21
143
147
137
162
149
166
144
26
143
186
170
11
37
133
197
205
140
206
208
4
5
22
159
227
190
17
179
246
248
16
23
196
245
165
255
22
28
174
270
43
273
5
202
173
290
258
184
21
270
62
15
315
257
16
240
175
30
21
329
193
278
344
13
206
213
12
362
27
234
272
24
381
242
47
250
21
5
404
260
274
14
18
277
420
8
336
282
440
273
17
300
23
454
15
368
313
40
6
285
475
379
324
493
342
38
387
289
352
513
395
323
17
521
375
313
18
320
530
364
25
54
341
349
536
370
346
552
18
356
380
559
407
368
575
20
400
362
392
576
407
373
418
584
352
6
405
415
369
603
381
425
604
433
14
395
606
432
366
611
443
371
626
5
15
400
392
642
474
6
380
620
334
381
639
508
15
10
15
373
660
331
19
373
678
542
384
697
353
55
392
703
482
408
716
10
385
419
713
494
382
17
437
715
380
441
532
723
5
461
739
410
26
560
420
751
23
25
12
415
768
432
20
32
588
26
9
433
791
19
426
369
808
25
531
34
819
440
434
825
397
44
400
549
442
843
5
458
861
434
11
587
418
832
427
825
471
52
17
19
619
430
807
434
824
502
68
448
648
836
455
852
513
41
470
665
856
516
483
876
493
498
64
698
884
491
476
906
491
93
447
732
500
886
502
898
469
129
742
115
898
517
533
903
482
714
540
920
488
550
388
934
393
735
566
922
405
581
731
935
426
561
952
558
761
957
576
962
588
425
410
778
599
976
425
611
419
994
798
424
621
1012
628
740
1030
633
1038
638
763
1035
590
1046
608
773
1045
625
1063
639
788
1066
650
655
821
1071
669
1077
839
673
1083
686
1101
852
699
1113
696
1132
872
711
1142
714
1161
897
719
1178
731
922
1195
709
1196
720
940
1214
736
1228
950
1234
1251
971
1262
1270
993
1284
1020
1299
1276
1039
1275
1271
1068
1284
1296
1090
1314
1331
1094
1331
1125
1350
1369
1134
1384
1357
1166
1376
1390
1200
1405
1418
1428
1434
1452
1466
1438
1446
1463
1468
1477
1461
1479
1470
1477
1494
1500
1512
10
16
10
32
17
14
50
12
51
15
23
66
28
28
82
16
32
85
37
48
41
82
111
49
5
67
94
57
37
81
31
113
135
12
99
130
45
107
22
131
134
58
123
24
20
20
11
156
136
157
116
158
45
133
170
41
46
158
22
15
131
195
35
69
129
69
211
183
142
223
147
92
108
230
213
21
156
236
42
115
177
255
92
245
74
60
238
179
17
152
21
68
257
161
264
26
47
273
182
17
189
11
232
172
290
14
233
16
171
212
233
301
189
16
13
250
199
240
327
4
256
35
248
207
8
261
225
272
351
220
249
291
235
13
258
383
7
8
241
269
275
15
54
255
260
420
9
17
15
263
276
303
260
265
446
257
262
340
274
474
276
262
275
304
279
496
294
310
295
300
296
67
301
534
316
21
318
322
102
26
325
565
300
10
335
282
368
5
141
355
18
545
302
388
373
5
324
402
133
368
581
332
417
19
384
337
431
167
388
608
350
452
21
403
355
463
394
104
637
361
480
411
364
416
91
489
660
23
419
386
19
488
16
395
442
698
475
441
397
487
20
690
405
409
504
13
410
432
723
527
15
422
34
456
435
547
8
26
725
22
430
32
480
21
435
570
444
48
753
33
23
445
455
24
458
593
467
43
747
47
24
485
465
10
499
624
481
47
760
505
477
523
15
661
472
84
12
751
22
532
465
551
35
692
24
27
486
755
559
44
494
577
733
50
38
510
793
589
60
57
589
519
765
79
39
592
824
511
608
509
806
612
506
830
509
607
841
524
857
597
527
614
878
523
862
624
872
534
625
863
543
888
637
555
888
647
554
924
643
563
918
650
571
954
656
589
945
667
596
985
672
597
947
689
609
998
621
702
983
612
703
1017
621
676
947
638
680
1052
642
689
956
657
1065
690
635
685
933
641
1063
698
652
716
966
660
1087
735
633
726
951
637
1108
721
634
738
642
941
1146
749
598
767
614
1168
777
629
786
1010
628
1151
801
636
1033
814
1012
1182
814
1039
832
1217
833
1058
817
1245
833
1093
852
1272
864
1120
870
1297
855
1156
867
1264
1181
1294
1210
1179
1319
1212
1342
1217
1197
1352
1209
1207
1361
1233
1396
1249
1408
1270
1387
1298
1292
1425
1285
1444
1308
1474
1332
1508
1335
1334
1329
1546
1575
1603
1620
1651
1625
1651
1682
1705
1740
1771
1777
1804
1807
1840
4
5
15
20
21
29
26
37
29
38
41
12
24
37
36
50
56
20
72
54
40
49
58
89
47
50
95
54
67
16
60
124
71
28
124
118
28
34
21
79
94
28
157
14
9
115
98
137
27
27
126
107
183
9
163
119
143
18
135
164
207
172
141
165
132
18
166
242
189
109
15
186
112
197
196
13
130
181
128
289
40
280
178
224
139
191
289
158
205
73
255
174
218
235
189
261
282
10
142
250
142
253
280
34
305
257
154
274
152
315
5
287
281
167
338
20
254
341
184
323
37
272
203
6
289
334
210
359
293
220
286
366
239
385
363
6
305
249
25
380
318
410
253
331
229
401
342
13
451
241
418
348
217
355
436
488
232
362
249
366
465
19
526
256
19
351
252
5
365
488
4
15
557
241
334
496
5
262
325
513
580
342
282
18
540
301
362
582
16
312
14
360
578
331
17
23
370
553
343
387
612
347
400
535
6
354
9
418
640
5
369
19
424
621
570
386
5
434
635
10
402
443
598
382
20
441
669
19
400
566
658
43
456
14
11
60
421
471
667
34
18
24
560
58
445
491
41
31
54
703
508
35
419
711
580
44
73
506
31
446
639
51
11
523
556
456
39
541
461
656
42
17
554
569
477
640
24
549
483
617
54
23
548
572
484
561
498
653
87
22
570
600
515
106
43
525
589
690
21
609
497
582
704
19
477
588
32
663
638
573
492
14
594
496
654
664
28
480
589
4
669
473
603
639
481
597
14
696
612
13
487
665
13
504
625
713
634
514
698
646
523
733
657
527
735
663
545
641
750
557
758
657
575
663
744
594
790
680
598
689
775
611
828
699
607
712
804
620
846
811
726
639
722
815
856
654
723
789
741
657
776
889
756
660
782
753
671
889
802
769
683
786
806
907
685
804
821
707
821
827
906
839
723
844
846
836
736
919
863
746
876
869
761
941
876
758
878
903
776
972
887
780
895
916
780
1009
900
795
913
878
1013
809
928
818
933
887
1029
835
950
842
962
925
1056
855
951
961
873
891
1089
960
878
951
895
922
1090
963
895
973
901
1110
991
919
994
927
987
1139
1003
892
1007
1025
900
1173
1003
912
1015
1042
922
1039
1202
1007
989
1050
964
1214
1055
1249
1064
1256
1070
1097
1213
1135
1250
1242
1275
1305
1318
1348
1380
1415
7
8
16
11
37
19
13
23
28
25
11
74
37
11
17
38
23
27
31
21
38
104
59
30
38
64
47
43
125
79
11
14
32
22
25
101
28
19
22
22
133
119
40
54
96
32
165
21
14
112
22
91
130
31
191
104
40
116
25
23
47
120
224
19
65
135
128
16
59
27
68
259
157
118
42
80
142
135
47
94
300
133
12
109
120
130
85
121
137
328
137
5
106
91
135
71
117
109
352
133
111
13
172
148
105
130
376
27
15
156
138
209
159
43
157
373
19
13
179
174
239
187
81
177
392
202
18
11
195
198
279
115
4
419
10
120
215
216
298
4
15
214
131
230
444
322
17
233
212
342
238
41
205
467
355
15
248
180
356
305
263
40
485
195
279
210
13
291
325
50
209
502
308
21
203
307
340
538
209
300
18
222
287
349
13
14
576
227
284
288
243
369
605
268
255
19
232
283
29
642
235
297
10
241
315
425
674
253
328
7
335
266
417
421
711
345
268
22
338
444
275
729
331
290
16
457
349
40
293
751
5
349
303
367
465
65
319
778
70
384
308
18
402
488
5
54
326
814
22
498
414
343
9
425
497
30
332
790
485
439
10
355
453
44
497
786
467
29
339
485
351
512
55
21
812
506
345
44
4
363
519
545
83
13
375
524
828
37
363
544
569
371
848
551
564
18
392
16
567
514
41
359
884
20
588
361
13
582
531
42
380
892
525
583
10
18
404
592
911
317
20
590
323
538
575
18
521
939
13
338
594
556
342
599
31
976
9
13
351
615
591
363
598
1003
17
601
374
619
601
362
1034
602
21
42
621
383
636
622
41
354
578
1060
641
368
580
640
565
57
375
1088
633
576
376
644
543
72
658
371
1114
654
362
583
655
1143
378
594
636
387
1153
652
406
619
380
630
631
1184
379
645
653
385
657
1196
384
665
691
403
658
1232
412
652
712
425
665
1237
436
680
741
438
685
1248
437
682
774
683
450
1286
700
464
802
707
473
1319
811
677
483
779
678
1352
474
696
790
692
1387
696
781
713
1397
702
800
713
1411
729
746
831
1448
737
755
852
857
1486
767
739
864
856
1480
750
757
873
1513
760
850
1550
882
1568
865
1585
899
1583
1591
1611
1617
1647
1678
1700
1726
1692
1720
1748
1740
1771
1770
1741
1764
1711
1701
1717
1726
1645
1678
1709
18
32
18
20
23
18
24
15
34
24
42
70
45
38
61
59
55
54
79
107
48
34
39
98
99
46
54
90
59
142
50
130
44
134
103
71
62
109
164
83
75
9
162
61
118
25
66
116
4
202
77
87
168
209
121
6
98
92
229
113
10
4
143
117
112
254
133
245
120
84
134
182
101
152
246
118
121
229
160
201
115
134
25
180
249
98
121
43
200
15
216
103
47
220
285
116
156
24
52
231
242
14
123
28
252
140
313
166
25
162
275
158
9
277
327
179
29
183
297
349
294
197
304
18
371
212
316
172
339
314
333
227
12
345
284
212
235
349
214
39
365
222
4
383
321
243
225
328
91
393
17
402
259
38
315
419
88
225
255
428
436
246
445
265
73
262
257
69
432
457
256
468
7
282
30
273
460
485
27
290
501
307
24
70
22
486
310
520
31
326
528
343
94
303
50
498
544
313
52
544
352
13
292
517
561
364
308
579
377
18
27
9
528
318
591
390
593
333
343
554
551
339
308
559
336
330
557
576
348
336
588
341
335
19
593
593
17
332
15
586
364
19
329
575
7
365
594
346
611
385
606
352
618
354
625
418
595
369
637
22
344
652
30
13
632
32
357
672
15
330
463
12
63
682
647
341
686
356
497
668
683
355
685
4
521
368
689
36
723
42
705
360
6
372
700
561
57
60
728
347
720
364
716
564
77
363
759
22
722
17
365
5
735
602
49
799
376
752
389
739
577
11
23
13
820
400
754
415
757
605
10
51
19
797
770
409
26
778
426
601
33
771
781
444
613
788
455
605
799
799
449
817
455
627
43
831
832
440
795
459
648
789
82
872
473
803
487
813
687
866
496
794
701
514
808
720
898
529
818
730
827
550
708
905
843
568
860
582
742
708
920
867
591
717
875
724
608
942
685
887
602
905
701
971
923
617
698
934
711
637
702
1002
933
655
913
687
629
1038
925
642
937
724
645
1044
924
656
914
757
675
1062
881
687
889
735
687
884
1085
650
892
766
641
908
1108
864
660
753
876
662
1130
859
676
787
867
1099
691
880
678
767
872
1136
690
873
706
1146
872
718
855
735
827
869
1172
859
855
845
1202
866
860
863
1227
856
845
897
1248
1271
1258
1282
1287
1306
1292
1324
1351
1382
1413
1436
1457
1491
1519
1553
1568
1508
8
10
24
27
4
32
13
34
8
38
51
16
35
6
61
51
15
60
76
8
91
6
63
14
73
6
92
20
116
17
10
103
25
128
132
9
131
27
115
5
17
61
154
27
167
127
34
37
170
84
19
13
43
158
140
15
57
190
32
116
188
13
17
210
26
34
4
103
45
191
39
11
56
221
26
4
46
78
191
19
12
56
238
26
15
11
6
187
66
28
247
54
9
210
38
12
24
263
71
4
196
72
73
41
290
221
111
6
296
82
17
250
28
71
4
96
327
43
10
49
17
268
9
41
46
341
293
55
110
49
360
13
14
82
61
321
71
118
16
391
16
75
41
331
93
416
133
92
54
332
13
7
95
446
106
102
9
314
107
31
14
464
126
336
130
56
15
10
490
140
50
21
365
151
140
27
518
36
141
40
52
393
50
545
161
61
152
47
418
70
28
162
570
58
174
578
435
68
30
75
38
599
64
204
420
617
36
619
31
8
27
450
229
643
212
36
215
461
12
218
672
10
24
10
224
464
224
25
694
34
218
494
14
226
721
42
223
23
476
232
32
4
752
234
214
506
759
213
23
10
759
212
38
220
514
221
788
8
25
48
16
535
55
24
782
39
35
264
566
38
40
272
797
78
47
269
16
54
597
280
24
45
15
828
292
91
292
552
820
813
47
519
117
842
340
320
36
527
133
872
353
4
536
83
902
5
389
547
914
397
925
6
104
400
574
7
405
28
947
22
397
138
584
406
961
59
413
609
7
145
421
417
988
33
15
625
427
157
8
1006
10
443
613
20
430
1037
136
26
442
597
382
23
17
1041
23
129
16
627
24
408
24
54
652
88
440
1110
677
85
100
660
472
1140
1117
478
111
483
671
118
483
1140
492
702
1148
513
514
730
517
1162
513
689
498
1163
505
1164
510
705
477
1183
491
469
694
474
1212
466
469
703
457
1212
449
729
1234
460
1241
467
683
441
1258
451
446
711
1284
731
1315
483
759
1341
497
781
1356
803
1369
821
1358
834
1334
852
1343
1334
863
1336
891
1342
916
1349
945
1357
1363
968
1376
976
1391
1007
1393
1034
1393
1064
1395
1091
1425
1112
1453
1141
1446
1159
1477
1175
1467
1113
1482
1143
1507
1170
1507
1519
1523
1554
1549
1538
1565
1591
1603
1628
1640
1668
1670
1666
1670
1698
1701
1709
1735
1750
1754
1746
1764
1779
1797
1823
1836
1850
11
7
4
30
13
29
20
13
19
20
57
25
11
45
6
16
21
77
25
75
65
7
99
59
71
46
73
19
12
59
127
24
24
53
104
4
58
112
10
19
70
13
138
73
48
17
18
34
17
55
15
18
83
171
13
85
58
68
36
26
96
20
39
92
89
31
208
6
101
113
10
41
27
12
26
133
15
243
128
43
147
29
36
133
85
15
146
52
5
271
139
40
276
165
145
83
91
121
15
306
54
22
135
85
87
17
9
150
340
105
153
80
8
356
145
45
22
127
157
372
152
366
45
43
159
12
149
47
171
395
104
69
14
96
174
69
18
413
115
23
75
183
19
8
17
27
426
155
211
9
155
452
4
157
236
146
135
466
259
135
142
10
494
29
127
192
136
518
512
131
10
44
223
20
4
525
114
31
111
253
73
122
553
13
107
28
250
25
102
8
552
143
264
19
40
5
580
120
9
294
9
184
582
584
175
20
13
149
307
129
8
139
597
150
47
338
141
54
148
619
15
20
149
356
81
14
641
52
22
372
155
647
10
639
149
80
144
395
155
663
7
33
141
405
85
11
141
690
22
20
126
420
4
45
136
13
698
11
127
145
13
407
59
139
134
721
10
141
84
31
428
132
108
43
448
153
767
4
110
774
15
112
466
21
59
26
195
804
185
155
459
25
189
149
28
202
451
176
846
182
175
759
193
121
468
11
202
787
212
475
150
4
799
243
794
478
248
210
232
807
164
13
246
481
6
223
254
836
31
10
259
142
486
14
23
828
260
238
5
517
847
295
285
258
541
837
10
301
558
19
294
294
36
848
7
29
299
575
307
305
240
871
75
11
294
522
24
303
888
275
308
9
305
544
291
918
293
306
575
949
289
953
297
606
328
965
304
625
360
995
643
338
331
327
965
336
600
351
984
307
341
346
607
347
983
332
349
630
357
357
1007
351
314
652
358
352
1033
329
658
322
340
1052
345
655
319
343
1075
328
339
679
348
347
1099
697
1128
718
1142
737
1169
742
1196
722
1203
1201
732
1194
759
1224
1232
784
1247
728
1247
734
1253
1233
746
1242
750
1274
749
1293
774
1311
805
1340
1322
1344
1362
1382
1372
1368
1390
1416
1412
1438
1403
1428
1452
1454
1482
1502
1486
1497
1510
1494
1497
1499
1519
1517
1515
1524
1534
1553
1585
1604
1617
1607
1622
1645
8
5
13
16
21
4
6
14
27
21
32
35
6
35
4
32
43
67
5
9
41
41
74
52
8
45
40
8
78
74
13
34
71
15
23
74
79
29
103
7
109
50
64
106
5
121
109
121
116
67
127
114
71
147
115
142
38
41
168
155
7
120
56
6
128
186
134
186
13
53
20
143
22
217
153
210
164
78
174
248
11
10
170
18
100
239
176
21
275
269
189
20
125
212
21
19
214
304
94
27
32
193
315
39
223
204
108
50
208
340
216
326
46
15
208
105
17
354
249
51
257
127
11
130
251
382
38
13
262
143
63
23
270
167
392
28
39
293
152
99
34
293
410
203
44
302
155
405
309
394
137
26
160
239
28
425
351
397
129
329
162
15
11
385
121
20
137
362
364
411
192
5
119
166
8
16
393
417
214
18
191
10
155
429
15
16
426
14
195
157
11
452
114
16
225
458
12
18
450
473
196
17
464
111
218
19
36
19
487
480
236
133
142
7
23
258
532
4
495
531
493
146
5
542
169
289
553
524
544
142
8
546
285
177
549
534
527
293
146
519
146
563
8
533
17
296
8
578
544
95
587
9
554
133
320
21
564
607
88
572
26
569
323
87
7
577
4
635
19
126
583
354
28
111
658
4
610
15
348
615
158
656
114
294
642
111
682
99
319
674
11
706
659
98
23
313
653
114
704
662
30
668
708
334
96
142
9
341
692
17
731
686
136
681
338
177
676
9
768
668
347
84
6
669
766
160
14
670
12
338
21
96
683
785
34
162
692
359
25
50
691
692
797
38
85
692
356
38
172
695
817
668
816
100
647
339
184
827
674
343
108
680
858
672
113
678
348
689
871
123
339
704
894
342
737
916
913
745
749
369
753
915
398
776
944
422
805
977
807
425
797
999
807
989
446
816
825
983
835
477
950
471
981
891
485
1009
912
919
513
918
1030
925
532
931
923
1046
919
1043
899
541
906
1053
904
564
896
1063
875
582
1089
896
613
1108
894
921
1139
926
930
1157
932
930
929
1124
932
1149
931
940
1160
926
1125
926
935
941
1152
951
959
1157
967
966
969
1177
995
1184
998
1008
1188
1017
1196
1019
1030
1034
1232
1017
1238
994
1006
1258
1277
1298
1312
1336
1339
1356
1377
1370
1354
1349
1354
1378
1402
1416
1438
1436
1462
1483
1509
1536
1566
1592
1617
1647
11
13
19
7
30
13
20
8
26
6
47
5
26
58
5
15
72
13
71
13
20
10
35
7
101
19
103
9
48
29
97
105
67
8
61
129
69
71
70
119
143
74
121
9
63
57
13
113
67
24
52
77
155
13
20
88
140
27
152
64
104
9
49
5
83
6
87
193
6
142
128
82
18
222
94
5
12
92
165
243
117
218
12
131
111
17
147
24
238
9
13
142
20
157
27
252
15
148
33
30
5
157
163
278
170
278
60
15
38
177
177
305
9
68
185
15
186
18
66
319
15
209
19
306
176
209
111
13
31
315
202
235
298
5
241
145
12
218
34
311
179
246
63
308
11
259
134
12
23
297
52
275
345
325
172
328
6
334
293
290
293
347
204
260
29
293
264
370
224
232
215
317
8
35
400
19
243
28
303
230
246
28
412
38
328
253
24
423
285
354
11
282
257
432
13
26
4
342
283
282
289
463
5
372
303
483
7
301
310
397
38
251
250
487
490
247
300
385
7
76
486
8
46
368
282
283
274
12
509
290
79
26
374
302
297
518
15
290
285
29
381
101
37
538
320
36
409
294
13
111
551
359
437
332
578
114
11
465
391
12
598
382
600
374
12
374
474
35
22
376
43
619
329
35
323
363
505
10
46
639
21
60
477
357
9
403
338
34
670
21
331
75
465
25
89
330
658
8
332
336
496
102
329
112
15
672
324
358
320
523
124
328
696
149
9
329
554
360
7
38
726
140
11
580
152
374
9
756
376
372
74
7
351
609
184
361
783
14
366
325
627
77
17
379
137
809
10
393
35
639
24
336
403
11
839
23
399
87
19
661
407
338
24
857
420
72
33
687
422
36
876
394
320
403
710
71
407
893
411
292
737
419
84
421
910
423
226
717
426
939
437
929
423
746
226
418
948
428
777
439
448
976
454
777
450
1005
455
436
730
447
1035
457
753
464
451
1006
461
762
463
1005
459
463
721
1025
481
733
474
475
1054
486
745
496
1058
506
465
738
472
1081
478
1085
765
472
482
478
786
1099
482
1098
806
1087
732
1102
1079
750
1100
720
1123
742
1148
750
1170
773
1194
800
1224
816
1222
843
1234
864
1253
889
1280
907
1304
1260
1274
1283
1283
1304
1294
1299
1327
1353
1375
1406
1432
1439
1452
1475
1486
1514
1517
1528
1497
1524
1550
1554
1579
1592
8
16
14
15
12
21
4
45
14
43
22
33
38
11
48
26
16
40
27
7
66
57
23
79
54
12
13
24
14
57
85
21
75
40
28
29
29
98
17
137
50
98
113
26
149
57
46
29
36
70
33
161
140
25
64
87
158
11
109
22
95
174
128
79
12
19
22
187
142
191
30
135
84
162
17
145
18
69
153
215
221
161
20
8
93
50
40
238
180
199
183
123
12
195
254
69
205
146
210
193
257
183
75
163
112
15
244
165
282
166
66
134
162
188
10
296
6
163
7
171
322
203
37
170
26
348
8
207
189
176
204
356
4
213
202
240
182
378
5
6
221
207
398
211
259
393
14
222
235
424
228
193
236
235
40
8
240
455
246
457
239
252
210
8
74
260
259
488
220
494
5
24
283
14
25
295
524
274
235
11
38
304
287
50
52
532
277
540
57
272
333
151
18
71
544
77
80
348
84
294
123
94
573
93
50
329
72
330
564
7
327
156
334
28
17
6
10
582
362
298
361
193
40
609
369
39
11
378
318
17
186
391
638
25
19
70
285
9
662
408
214
393
46
242
401
99
655
412
400
267
213
12
402
130
680
7
23
414
250
695
4
230
418
11
59
429
267
18
35
446
10
733
249
287
7
82
751
9
472
315
768
14
251
776
23
121
34
291
38
8
512
798
292
505
15
306
70
23
816
527
17
530
270
330
532
9
823
534
10
349
249
548
22
8
850
14
380
7
580
872
9
294
14
407
16
41
621
24
911
622
358
278
32
566
933
27
569
378
264
964
593
390
964
258
396
617
1002
617
282
388
1023
642
627
303
394
621
1052
622
614
287
407
602
1075
606
436
300
596
599
1092
612
446
335
1110
467
638
298
1140
489
674
1153
511
684
1182
663
659
532
661
1211
671
676
552
687
1234
687
578
698
1263
706
604
708
706
710
610
704
1317
714
703
610
710
1313
710
708
641
1323
733
623
730
735
1354
722
639
729
1385
740
687
697
1399
707
704
1419
1445
1450
1464
1495
1511
1539
1546
1573
1597
1611
1614
1624
1650
1667
1683
1710
1713
1691
1720
1730
1745
1771
1770
1774
1826
1838
1861
1884
1911
1897
1906
1927
1953
1973
1984
1977
2004
2032
2052
2072
2100
2110
2092
2115
2136
2158
2153
2177
2175
2191
2217
2228
2231
2239
2241
2265
2284
2294
2312
2336
2361
2373
2401
2420
2445
2467
2486
2486
2506
2527
10
17
15
11
14
15
19
22
34
29
33
40
33
34
62
35
29
46
60
25
58
59
90
31
68
16
74
12
70
73
17
113
38
71
70
96
68
51
10
22
127
10
59
15
68
128
16
144
86
27
140
25
16
87
168
22
113
117
163
32
36
27
174
44
188
122
126
122
194
31
129
217
68
95
224
102
218
142
18
111
241
6
108
240
228
115
68
54
240
8
147
10
254
154
26
265
21
168
42
273
15
180
289
28
8
187
303
43
12
318
209
327
25
8
347
233
354
363
19
11
232
380
9
34
237
381
247
40
14
402
255
10
19
221
393
22
228
419
4
244
14
302
55
20
446
36
38
332
11
66
19
450
74
28
359
29
478
25
40
360
6
341
488
335
20
5
390
55
515
357
56
354
409
341
16
540
352
352
414
41
64
19
562
412
9
372
67
380
572
36
415
8
389
596
15
15
392
439
37
29
399
614
13
42
617
381
433
20
388
15
9
14
635
355
18
23
434
354
18
620
53
6
461
384
12
642
389
22
477
87
6
410
679
454
15
38
12
696
113
20
460
444
4
447
56
717
20
15
453
110
474
20
454
16
746
439
62
46
20
489
134
29
35
468
773
496
32
36
476
478
174
514
476
812
6
808
489
21
542
121
831
485
805
488
38
548
14
499
797
21
4
512
564
29
57
521
820
39
36
535
41
11
593
5
20
835
526
59
8
531
596
19
857
538
857
28
40
32
514
592
25
44
498
820
34
46
504
616
46
44
514
33
816
47
36
532
643
29
26
532
839
25
50
542
670
550
32
857
553
42
543
701
546
876
553
61
729
552
889
552
557
745
573
920
763
608
789
939
950
802
640
948
609
937
614
806
617
624
957
802
641
643
980
828
666
999
847
693
1023
696
859
690
1046
884
1063
731
737
889
740
1092
711
920
714
1112
727
1111
947
741
1130
948
746
1115
757
764
974
759
1146
769
1156
777
963
782
1166
960
787
1185
1174
990
812
815
1192
811
981
791
1219
987
798
1227
797
1223
805
979
784
1237
1234
760
763
998
747
1262
1009
1270
1016
1301
1007
1324
1030
1336
1061
1350
1024
1380
1030
1410
1061
1440
1071
1450
1078
1478
1087
1492
1499
1512
1533
1555
1572
1578
1568
1592
1602
1612
1605
1620
1647
1677
1677
1705
1707
1719
1723
1712
1723
1749
1739
1761
1754
1765
1781
1803
