5 0
10 6
15 9
20 6
25 7
30 7
35 10
40 7
45 4
50 8
55 8
60 9
65 3
70 4
75 5
80 1
85 3
90 0
95 1
100 1
105 1
110 0
115 0
120 0
125 0
130 0
135 0
140 0
145 0
150 0
155 0
160 0
165 0
170 0
175 0
180 0
185 0
190 0
195 0
200 0
205 0
210 0
215 0
220 0
225 0
230 0
235 0
240 0
245 0
250 0
255 0
260 0
265 0
270 0
275 0
280 0
285 0
290 0
295 0
300 0
305 0
310 0
315 0
320 0
325 0
330 0
335 0
340 0
345 0
350 0
355 0
360 0
365 0
370 0
375 0
380 0
385 0
390 0
395 0
400 0
405 0
410 0
415 0
420 0
425 0
430 0
435 0
440 0
445 0
450 0
455 0
460 0
465 0
470 0
475 0
480 0
485 0
490 0
495 0
101 0
5 2
10 6
15 4
20 6
25 6
30 7
35 7
40 8
45 7
50 7
55 6
60 1
65 5
70 2
75 1
80 2
85 1
90 1
95 1
100 0
105 2
110 0
115 2
120 1
125 2
130 3
135 2
140 1
145 0
150 1
155 3
160 0
165 1
170 0
175 0
180 1
185 1
190 0
195 0
200 0
205 0
210 0
215 0
220 0
225 0
230 0
235 0
240 0
245 0
250 0
255 0
260 0
265 0
270 0
275 0
280 0
285 0
290 0
295 0
300 0
305 0
310 0
315 0
320 0
325 0
330 0
335 0
340 0
345 0
350 0
355 0
360 0
365 0
370 0
375 0
380 0
385 0
390 0
395 0
400 0
405 0
410 0
415 0
420 0
425 0
430 0
435 0
440 0
445 0
450 0
455 0
460 0
465 0
470 0
475 0
480 0
485 0
490 0
495 0
184 0
5 0
10 6
15 8
20 7
25 6
30 6
35 6
40 11
45 5
50 8
55 4
60 3
65 9
70 3
75 1
80 3
85 2
90 2
95 1
100 1
105 1
110 0
115 3
120 1
125 1
130 0
135 0
140 0
145 0
150 0
155 2
160 0
165 0
170 0
175 0
180 0
185 0
190 0
195 0
200 0
205 0
210 0
215 0
220 0
225 0
230 0
235 0
240 0
245 0
250 0
255 0
260 0
265 0
270 0
275 0
280 0
285 0
290 0
295 0
300 0
305 0
310 0
315 0
320 0
325 0
330 0
335 0
340 0
345 0
350 0
355 0
360 0
365 0
370 0
375 0
380 0
385 0
390 0
395 0
400 0
405 0
410 0
415 0
420 0
425 0
430 0
435 0
440 0
445 0
450 0
455 0
460 0
465 0
470 0
475 0
480 0
485 0
490 0
495 0
153 0
5 1
10 10
15 12
20 8
25 7
30 6
35 9
40 6
45 6
50 7
55 3
60 6
65 3
70 2
75 2
80 2
85 2
90 0
95 2
100 2
105 0
110 1
115 1
120 1
125 0
130 0
135 0
140 1
145 0
150 0
155 0
160 0
165 0
170 0
175 0
180 0
185 0
190 0
195 0
200 0
205 0
210 0
215 0
220 0
225 0
230 0
235 0
240 0
245 0
250 0
255 0
260 0
265 0
270 0
275 0
280 0
285 0
290 0
295 0
300 0
305 0
310 0
315 0
320 0
325 0
330 0
335 0
340 0
345 0
350 0
355 0
360 0
365 0
370 0
375 0
380 0
385 0
390 0
395 0
400 0
405 0
410 0
415 0
420 0
425 0
430 0
435 0
440 0
445 0
450 0
455 0
460 0
465 0
470 0
475 0
480 0
485 0
490 0
495 0
136 0
5 1
10 6
15 12
20 9
25 6
30 9
35 6
40 7
45 5
50 7
55 8
60 5
65 4
70 4
75 1
80 0
85 3
90 2
95 1
100 1
105 0
110 0
115 1
120 0
125 0
130 1
135 0
140 0
145 0
150 0
155 1
160 0
165 0
170 0
175 0
180 0
185 0
190 0
195 0
200 0
205 0
210 0
215 0
220 0
225 0
230 0
235 0
240 0
245 0
250 0
255 0
260 0
265 0
270 0
275 0
280 0
285 0
290 0
295 0
300 0
305 0
310 0
315 0
320 0
325 0
330 0
335 0
340 0
345 0
350 0
355 0
360 0
365 0
370 0
375 0
380 0
385 0
390 0
395 0
400 0
405 0
410 0
415 0
420 0
425 0
430 0
435 0
440 0
445 0
450 0
455 0
460 0
465 0
470 0
475 0
480 0
485 0
490 0
495 0
151 0
5 1
10 5
15 4
20 4
25 9
30 4
35 5
40 7
45 7
50 6
55 4
60 8
65 4
70 8
75 1
80 1
85 1
90 1
95 0
100 3
105 2
110 2
115 0
120 0
125 2
130 1
135 1
140 2
145 0
150 0
155 1
160 1
165 1
170 0
175 0
180 1
185 1
190 0
195 0
200 0
205 0
210 0
215 0
220 0
225 0
230 1
235 0
240 0
245 0
250 1
255 0
260 0
265 0
270 0
275 0
280 0
285 0
290 0
295 0
300 0
305 0
310 0
315 0
320 0
325 0
330 0
335 0
340 0
345 0
350 0
355 0
360 0
365 0
370 0
375 0
380 0
385 0
390 0
395 0
400 0
405 0
410 0
415 0
420 0
425 0
430 0
435 0
440 0
445 0
450 0
455 0
460 0
465 0
470 0
475 0
480 0
485 0
490 0
495 0
249 0
5 2
10 3
15 7
20 6
25 13
30 5
35 6
40 9
45 7
50 3
55 6
60 3
65 1
70 5
75 1
80 4
85 6
90 4
95 1
100 1
105 0
110 2
115 2
120 1
125 0
130 0
135 1
140 1
145 0
150 0
155 0
160 0
165 0
170 0
175 0
180 0
185 0
190 0
195 0
200 0
205 0
210 0
215 0
220 0
225 0
230 0
235 0
240 0
245 0
250 0
255 0
260 0
265 0
270 0
275 0
280 0
285 0
290 0
295 0
300 0
305 0
310 0
315 0
320 0
325 0
330 0
335 0
340 0
345 0
350 0
355 0
360 0
365 0
370 0
375 0
380 0
385 0
390 0
395 0
400 0
405 0
410 0
415 0
420 0
425 0
430 0
435 0
440 0
445 0
450 0
455 0
460 0
465 0
470 0
475 0
480 0
485 0
490 0
495 0
136 0
5 1
10 8
15 8
20 10
25 8
30 10
35 11
40 7
45 8
50 4
55 2
60 1
65 3
70 5
75 2
80 1
85 2
90 2
95 1
100 0
105 2
110 1
115 0
120 0
125 1
130 0
135 1
140 0
145 0
150 0
155 1
160 0
165 0
170 0
175 0
180 0
185 0
190 0
195 0
200 0
205 0
210 0
215 0
220 0
225 0
230 0
235 0
240 0
245 0
250 0
255 0
260 0
265 0
270 0
275 0
280 0
285 0
290 0
295 0
300 0
305 0
310 0
315 0
320 0
325 0
330 0
335 0
340 0
345 0
350 0
355 0
360 0
365 0
370 0
375 0
380 0
385 0
390 0
395 0
400 0
405 0
410 0
415 0
420 0
425 0
430 0
435 0
440 0
445 0
450 0
455 0
460 0
465 0
470 0
475 0
480 0
485 0
490 0
495 0
150 0
5 0
10 3
15 7
20 14
25 4
30 12
35 9
40 5
45 8
50 7
55 7
60 4
65 3
70 1
75 2
80 4
85 1
90 1
95 4
100 0
105 0
110 1
115 1
120 1
125 0
130 0
135 0
140 0
145 0
150 0
155 1
160 0
165 0
170 0
175 0
180 0
185 0
190 0
195 0
200 0
205 0
210 0
215 0
220 0
225 0
230 0
235 0
240 0
245 0
250 0
255 0
260 0
265 0
270 0
275 0
280 0
285 0
290 0
295 0
300 0
305 0
310 0
315 0
320 0
325 0
330 0
335 0
340 0
345 0
350 0
355 0
360 0
365 0
370 0
375 0
380 0
385 0
390 0
395 0
400 0
405 0
410 0
415 0
420 0
425 0
430 0
435 0
440 0
445 0
450 0
455 0
460 0
465 0
470 0
475 0
480 0
485 0
490 0
495 0
150 0
5 0
10 8
15 6
20 4
25 6
30 7
35 11
40 6
45 8
50 4
55 8
60 9
65 2
70 2
75 1
80 3
85 1
90 2
95 1
100 2
105 1
110 1
115 0
120 2
125 2
130 0
135 0
140 0
145 2
150 0
155 1
160 0
165 0
170 0
175 0
180 0
185 0
190 0
195 0
200 0
205 0
210 0
215 0
220 0
225 0
230 0
235 0
240 0
245 0
250 0
255 0
260 0
265 0
270 0
275 0
280 0
285 0
290 0
295 0
300 0
305 0
310 0
315 0
320 0
325 0
330 0
335 0
340 0
345 0
350 0
355 0
360 0
365 0
370 0
375 0
380 0
385 0
390 0
395 0
400 0
405 0
410 0
415 0
420 0
425 0
430 0
435 0
440 0
445 0
450 0
455 0
460 0
465 0
470 0
475 0
480 0
485 0
490 0
495 0
154 0
5 2
10 9
15 6
20 4
25 9
30 2
35 9
40 8
45 9
50 10
55 8
60 6
65 3
70 4
75 1
80 3
85 3
90 1
95 1
100 0
105 0
110 1
115 1
120 0
125 0
130 0
135 0
140 0
145 0
150 0
155 0
160 0
165 0
170 0
175 0
180 0
185 0
190 0
195 0
200 0
205 0
210 0
215 0
220 0
225 0
230 0
235 0
240 0
245 0
250 0
255 0
260 0
265 0
270 0
275 0
280 0
285 0
290 0
295 0
300 0
305 0
310 0
315 0
320 0
325 0
330 0
335 0
340 0
345 0
350 0
355 0
360 0
365 0
370 0
375 0
380 0
385 0
390 0
395 0
400 0
405 0
410 0
415 0
420 0
425 0
430 0
435 0
440 0
445 0
450 0
455 0
460 0
465 0
470 0
475 0
480 0
485 0
490 0
495 0
110 0
5 2
10 4
15 9
20 7
25 9
30 9
35 8
40 12
45 7
50 7
55 5
60 6
65 1
70 4
75 3
80 1
85 0
90 0
95 1
100 3
105 0
110 2
115 0
120 0
125 0
130 0
135 0
140 0
145 0
150 0
155 0
160 0
165 0
170 0
175 0
180 0
185 0
190 0
195 0
200 0
205 0
210 0
215 0
220 0
225 0
230 0
235 0
240 0
245 0
250 0
255 0
260 0
265 0
270 0
275 0
280 0
285 0
290 0
295 0
300 0
305 0
310 0
315 0
320 0
325 0
330 0
335 0
340 0
345 0
350 0
355 0
360 0
365 0
370 0
375 0
380 0
385 0
390 0
395 0
400 0
405 0
410 0
415 0
420 0
425 0
430 0
435 0
440 0
445 0
450 0
455 0
460 0
465 0
470 0
475 0
480 0
485 0
490 0
495 0
109 0
5 1
10 5
15 10
20 4
25 4
30 2
35 8
40 9
45 14
50 3
55 7
60 3
65 6
70 1
75 5
80 4
85 2
90 4
95 1
100 3
105 1
110 1
115 0
120 0
125 1
130 0
135 0
140 1
145 0
150 0
155 0
160 0
165 0
170 0
175 0
180 0
185 0
190 0
195 0
200 0
205 0
210 0
215 0
220 0
225 0
230 0
235 0
240 0
245 0
250 0
255 0
260 0
265 0
270 0
275 0
280 0
285 0
290 0
295 0
300 0
305 0
310 0
315 0
320 0
325 0
330 0
335 0
340 0
345 0
350 0
355 0
360 0
365 0
370 0
375 0
380 0
385 0
390 0
395 0
400 0
405 0
410 0
415 0
420 0
425 0
430 0
435 0
440 0
445 0
450 0
455 0
460 0
465 0
470 0
475 0
480 0
485 0
490 0
495 0
135 0
5 3
10 11
15 7
20 10
25 9
30 7
35 8
40 7
45 9
50 10
55 4
60 4
65 1
70 1
75 2
80 0
85 3
90 0
95 2
100 0
105 1
110 0
115 0
120 0
125 0
130 0
135 1
140 0
145 0
150 0
155 0
160 0
165 0
170 0
175 0
180 0
185 0
190 0
195 0
200 0
205 0
210 0
215 0
220 0
225 0
230 0
235 0
240 0
245 0
250 0
255 0
260 0
265 0
270 0
275 0
280 0
285 0
290 0
295 0
300 0
305 0
310 0
315 0
320 0
325 0
330 0
335 0
340 0
345 0
350 0
355 0
360 0
365 0
370 0
375 0
380 0
385 0
390 0
395 0
400 0
405 0
410 0
415 0
420 0
425 0
430 0
435 0
440 0
445 0
450 0
455 0
460 0
465 0
470 0
475 0
480 0
485 0
490 0
495 0
130 0
5 2
10 5
15 5
20 13
25 9
30 10
35 8
40 8
45 1
50 5
55 3
60 4
65 4
70 1
75 3
80 4
85 3
90 0
95 3
100 1
105 3
110 0
115 1
120 1
125 0
130 0
135 1
140 1
145 0
150 0
155 1
160 0
165 0
170 0
175 0
180 0
185 0
190 0
195 0
200 0
205 0
210 0
215 0
220 0
225 0
230 0
235 0
240 0
245 0
250 0
255 0
260 0
265 0
270 0
275 0
280 0
285 0
290 0
295 0
300 0
305 0
310 0
315 0
320 0
325 0
330 0
335 0
340 0
345 0
350 0
355 0
360 0
365 0
370 0
375 0
380 0
385 0
390 0
395 0
400 0
405 0
410 0
415 0
420 0
425 0
430 0
435 0
440 0
445 0
450 0
455 0
460 0
465 0
470 0
475 0
480 0
485 0
490 0
495 0
154 0
