4
4
4
4
8
8
8
8
12
12
12
12
16
16
16
16
20
20
20
20
24
24
24
24
28
28
28
28
32
32
32
32
36
36
36
36
40
40
40
40
44
44
44
44
48
48
48
48
52
52
52
52
56
56
56
56
60
60
60
60
64
64
64
64
67
67
67
67
71
71
71
71
75
75
75
75
79
79
79
79
83
83
83
83
87
87
87
87
91
91
91
91
95
95
95
95
99
99
99
99
103
103
103
103
107
107
107
107
111
111
111
111
115
115
115
115
119
119
119
119
123
123
123
123
127
127
127
127
132
134
135
135
137
139
139
143
143
144
147
150
150
151
152
154
155
156
156
160
160
161
167
168
168
172
174
177
177
178
179
182
184
186
189
189
194
197
198
202
205
210
213
216
223
223
224
228
228
237
241
242
250
255
264
273
277
282
294
295
303
307
316
330
343
348
360
361
369
373
382
396
409
414
426
427
435
462
9
8
20
11
36
23
23
29
35
41
53
18
6
65
33
36
29
13
38
28
26
35
44
11
20
34
15
46
4
22
16
34
5
54
14
37
49
26
62
74
9
45
30
8
39
14
15
25
30
60
9
27
30
44
50
47
55
62
76
15
52
10
27
33
33
44
47
65
18
26
33
42
50
17
25
29
5
5
51
62
28
38
21
18
29
94
7
15
48
127
132
9
14
6
25
35
43
26
34
30
38
25
33
8
25
33
60
30
35
16
21
5
35
38
20
64
24
28
31
84
31
35
53
60
19
28
26
18
38
45
35
24
33
62
55
47
83
108
133
17
45
171
10
42
75
6
7
45
34
9
9
50
53
4
18
34
31
49
44
61
57
4
19
25
61
21
24
84
87
147
31
35
8
64
19
28
8
81
9
99
18
21
59
38
48
44
58
16
76
81
54
112
7
30
30
37
66
69
93
11
137
45
32
156
61
16
205
9
20
71
36
41
23
27
14
19
103
111
55
65
49
51
62
167
67
185
114
229
135
11
14
34
177
40
33
74
77
21
61
19
4
105
34
11
57
58
138
64
46
55
83
28
188
44
25
201
36
44
52
259
264
15
18
26
29
30
36
327
336
89
7
18
390
404
7
453
37
53
472
59
36
100
60
28
55
4
4
36
37
66
101
17
129
42
4
4
4
4
8
8
8
8
12
12
12
12
16
16
16
16
20
20
20
20
24
24
24
24
28
28
28
28
32
32
32
32
36
36
36
36
40
40
40
40
44
44
44
44
48
48
48
48
52
52
52
52
56
56
56
56
60
60
60
60
64
64
64
64
67
67
67
67
71
71
71
71
75
75
75
75
79
79
79
79
83
83
83
83
87
87
87
87
91
91
91
91
95
95
95
95
99
99
99
99
103
103
103
103
107
107
107
107
111
111
111
111
115
115
115
115
119
119
119
119
123
123
123
123
127
127
127
127
130
131
134
135
135
141
143
143
144
147
149
151
157
162
164
174
195
213
225
237
258
276
288
300
321
339
351
363
384
402
414
426
10
9
28
30
40
15
36
12
11
27
23
10
4
13
16
25
28
31
16
61
31
37
32
44
31
50
43
8
20
6
45
12
21
41
34
5
49
25
30
21
38
42
85
89
57
104
147
44
36
49
43
43
52
4
5
49
16
5
17
36
50
6
22
26
70
41
32
8
47
22
35
93
50
4
17
26
40
14
89
64
78
23
50
36
64
31
44
37
51
14
95
14
46
65
60
4
64
53
31
12
45
6
63
76
17
13
81
55
40
32
30
37
74
60
28
8
131
47
28
5
122
142
50
19
44
64
64
12
56
8
18
27
36
23
12
5
39
44
59
10
58
52
4
31
73
48
76
46
95
66
8
42
39
63
53
4
5
59
23
23
11
54
35
53
46
65
23
10
43
55
87
105
150
169
10
14
55
34
36
54
5
6
48
5
51
25
6
23
48
41
46
12
17
4
10
15
27
32
54
17
58
22
84
89
28
32
120
124
6
147
29
10
9
42
49
44
16
20
37
41
9
51
55
36
40
52
14
7
18
20
27
63
70
70
77
81
10
17
137
54
58
5
118
64
21
25
9
15
16
24
84
72
78
89
4
18
51
68
20
39
6
28
24
6
19
62
37
54
5
36
4
35
4
35
5
9
15
16
28
31
14
12
27
33
13
22
27
16
38
21
34
25
41
48
63
84
105
18
7
127
29
44
147
66
175
13
197
210
43
19
30
23
242
32
267
64
274
36
312
58
25
29
336
341
24
376
32
18
399
27
411
440
462
12
18
31
33
63
6
38
4
4
4
4
8
8
8
8
12
12
12
12
16
16
16
16
20
20
20
20
24
24
24
24
28
28
28
28
32
32
32
32
36
36
36
36
40
40
40
40
44
44
44
44
48
48
48
48
52
52
52
52
56
56
56
56
60
60
60
60
64
64
64
64
67
67
67
67
71
71
71
71
75
75
75
75
79
79
79
79
83
83
83
83
87
87
87
87
91
91
91
91
95
95
95
95
99
99
99
99
103
103
103
103
107
107
107
107
111
111
111
111
115
115
115
115
119
119
119
119
123
123
123
123
127
127
127
127
130
130
133
135
136
139
139
140
142
146
147
147
148
151
151
152
155
157
157
159
161
162
165
166
166
166
169
176
176
178
184
185
185
189
193
194
195
196
199
203
208
211
214
220
223
225
229
240
241
241
250
261
268
271
272
279
293
298
302
305
306
314
323
326
341
344
345
347
366
368
371
374
378
387
389
399
409
414
418
420
433
436
439
447
451
454
472
484
488
498
499
509
517
519
521
542
554
558
561
564
579
582
587
591
612
624
627
627
631
645
652
657
661
682
689
690
697
701
710
722
727
731
752
752
755
767
771
773
792
797
801
817
818
822
837
838
841
862
867
871
881
892
901
908
929
938
944
959
975
1005
1008
1039
20
46
12
24
21
25
37
5
42
48
13
12
16
57
28
35
7
13
53
51
97
27
72
31
113
53
46
46
92
91
136
5
102
29
170
6
7
37
35
29
33
4
30
37
62
33
14
40
14
22
7
33
22
23
35
46
11
29
6
32
48
14
38
29
61
15
47
59
31
41
14
49
57
27
33
78
22
59
57
11
12
44
15
10
14
16
10
48
40
6
24
38
52
21
27
15
17
23
62
42
6
14
16
44
34
34
46
48
13
87
26
5
13
42
19
42
48
60
27
30
11
53
26
26
30
32
24
32
40
43
50
6
14
87
102
110
149
20
14
22
39
18
23
9
15
20
36
18
47
17
49
7
40
21
51
11
40
19
49
17
50
8
25
38
54
20
26
89
27
55
56
57
84
11
92
119
45
122
20
150
49
20
50
22
83
56
11
86
44
28
60
15
21
10
46
56
23
42
32
58
24
64
58
4
8
35
37
12
15
45
30
47
62
28
18
94
60
51
127
158
4
4
4
4
8
8
8
8
12
12
12
12
16
16
16
16
20
20
20
20
24
24
24
24
28
28
28
28
32
32
32
32
36
36
36
36
40
40
40
40
44
44
44
44
48
48
48
48
52
52
52
52
56
56
56
56
60
60
60
60
64
64
64
64
67
67
67
67
71
71
71
71
75
75
75
75
79
79
79
79
83
83
83
83
87
87
87
87
91
91
91
91
95
95
95
95
99
99
99
99
103
103
103
103
107
107
107
107
111
111
111
111
115
115
115
115
119
119
119
119
123
123
123
123
127
127
127
127
130
130
131
131
138
140
141
145
146
146
147
149
150
151
154
156
157
165
168
169
172
175
176
181
186
190
190
196
196
205
10
19
28
34
43
9
7
27
36
45
34
7
5
19
5
35
35
47
31
40
26
35
32
41
5
60
5
44
99
52
104
20
27
24
75
130
12
54
35
39
16
168
22
48
176
22
200
31
31
42
7
233
15
246
39
30
48
11
29
19
4
37
24
42
63
21
39
21
39
20
35
13
34
24
5
45
56
14
35
41
33
51
57
18
100
36
11
14
5
22
20
25
22
37
43
33
27
46
38
7
53
9
15
38
42
53
57
62
116
121
20
28
10
46
84
54
41
49
14
22
68
51
59
33
39
26
34
21
27
43
51
59
65
25
94
33
100
109
117
125
16
22
175
28
34
82
86
26
32
34
38
90
9
35
13
39
100
41
45
21
101
26
109
31
41
93
106
11
6
30
18
156
53
59
83
6
32
29
58
9
41
29
63
25
16
25
62
56
67
13
58
4
49
9
14
6
18
13
23
42
50
38
44
37
41
44
36
40
28
33
37
42
92
21
60
26
63
6
54
59
21
26
65
70
5
62
36
41
38
43
52
57
102
60
13
65
16
104
47
25
50
28
55
58
17
20
56
59
50
53
27
30
26
29
16
19
4
63
54
24
57
27
29
32
33
36
4
7
9
12
11
14
33
36
44
47
61
64
108
111
125
128
36
39
5
189
192
197
63
34
38
254
259
316
323
19
24
19
26
26
31
14
21
15
20
28
92
35
97
13
20
60
43
65
50
4
8
25
28
19
22
9
12
48
54
43
5
55
59
19
33
22
39
82
101
13
144
35
169
28
63
93
4
4
4
4
8
8
8
8
12
12
12
12
16
16
16
16
20
20
20
20
24
24
24
24
28
28
28
28
32
32
32
32
36
36
36
36
40
40
40
40
44
44
44
44
48
48
48
48
52
52
52
52
56
56
56
56
60
60
60
60
64
64
64
64
67
67
67
67
71
71
71
71
75
75
75
75
79
79
79
79
83
83
83
83
87
87
87
87
91
91
91
91
95
95
95
95
99
99
99
99
103
103
103
103
107
107
107
107
111
111
111
111
115
115
115
115
119
119
119
119
123
123
123
123
127
127
127
127
130
132
134
136
137
140
141
143
146
148
150
150
152
154
156
158
163
164
164
172
174
175
179
181
182
185
193
197
199
203
212
12
9
33
30
9
11
24
23
17
38
8
16
17
34
4
58
16
14
9
5
38
21
18
27
32
11
12
38
39
10
13
11
34
37
19
35
56
43
12
11
78
28
37
105
119
20
148
11
47
175
24
11
182
17
32
35
31
34
17
62
38
42
52
59
35
31
43
25
42
68
58
98
110
6
19
25
135
54
163
18
70
180
43
95
21
42
9
24
22
29
41
40
14
30
4
18
20
33
35
13
50
30
5
17
23
9
34
25
32
42
7
14
25
31
10
13
7
10
14
18
27
75
18
23
32
50
81
58
21
30
6
41
51
54
43
9
54
50
23
62
112
16
126
28
15
29
178
190
45
9
59
37
29
51
43
61
4
15
101
96
10
68
79
63
8
74
19
48
59
38
49
112
123
27
10
38
21
39
50
44
55
10
21
17
28
4
15
34
45
31
53
42
64
117
47
128
58
181
6
14
6
54
25
33
54
20
63
31
48
57
21
42
32
51
10
51
62
114
106
65
10
27
36
65
74
54
63
56
65
118
11
18
35
44
10
99
108
65
42
163
49
172
10
106
48
57
9
67
28
37
114
66
121
11
18
38
45
4
4
7
19
29
32
58
24
35
24
38
6
13
18
53
62
46
59
4
64
20
5
47
64
5
47
38
58
23
43
10
87
30
37
107
57
44
64
23
153
173
65
87
217
237
279
6
301
48
343
70
365
35
112
57
99
14
34
28
13
18
78
50
11
57
62
55
39
26
59
44
17
105
90
37
123
21
38
110
39
58
16
156
87
4
4
4
4
8
8
8
8
12
12
12
12
16
16
16
16
20
20
20
20
24
24
24
24
28
28
28
28
32
32
32
32
36
36
36
36
40
40
40
40
44
44
44
44
48
48
48
48
52
52
52
52
56
56
56
56
60
60
60
60
64
64
64
64
67
67
67
67
71
71
71
71
75
75
75
75
79
79
79
79
83
83
83
83
87
87
87
87
91
91
91
91
95
95
95
95
99
99
99
99
103
103
103
103
107
107
107
107
111
111
111
111
115
115
115
115
119
119
119
119
123
123
123
123
127
127
127
127
131
134
134
137
138
139
140
144
146
147
150
153
158
158
158
161
165
168
170
173
179
182
185
191
192
200
203
215
215
227
230
242
257
278
290
305
320
341
353
368
14
18
29
33
7
13
34
18
33
23
15
17
38
30
32
53
37
6
52
14
20
42
16
19
22
63
69
40
6
5
26
46
12
18
15
58
22
75
85
13
23
29
36
12
128
47
24
140
155
33
4
44
22
18
30
44
58
7
19
27
10
47
57
48
48
31
16
12
69
46
39
8
90
7
30
23
79
4
92
14
38
15
46
57
63
8
11
156
159
77
219
224
7
281
292
61
344
11
9
27
58
27
45
12
33
89
113
152
35
178
15
64
215
47
249
28
10
65
50
91
34
73
54
26
44
15
14
62
64
19
29
30
37
4
90
8
93
36
40
154
51
161
49
61
61
9
217
25
57
43
38
58
100
41
123
66
44
72
17
34
34
49
27
71
73
56
97
10
31
5
75
94
52
143
9
19
5
46
12
51
53
56
19
23
17
24
118
82
42
91
54
25
48
39
145
65
21
5
15
22
64
45
52
95
57
90
19
22
45
61
20
23
61
21
39
10
70
59
41
51
106
21
25
43
46
107
111
169
176
231
241
56
68
294
44
59
17
34
20
40
25
32
12
51
60
22
52
7
53
36
90
4
75
116
43
35
39
52
55
57
61
8
105
109
21
117
118
124
13
21
10
15
26
30
26
30
13
4
31
19
39
15
22
62
9
70
45
65
54
73
39
48
50
58
10
19
15
23
36
45
27
13
35
22
58
46
66
55
103
39
124
46
58
65
26
32
29
36
90
56
61
32
38
48
17
53
23
112
81
117
43
177
4
4
4
4
8
8
8
8
12
12
12
12
16
16
16
16
20
20
20
20
24
24
24
24
28
28
28
28
32
32
32
32
36
36
36
36
40
40
40
40
44
44
44
44
48
48
48
48
52
52
52
52
56
56
56
56
60
60
60
60
64
64
64
64
67
67
67
67
71
71
71
71
75
75
75
75
79
79
79
79
83
83
83
83
87
87
87
87
91
91
91
91
95
95
95
95
99
99
99
99
103
103
103
103
107
107
107
107
111
111
111
111
115
115
115
115
119
119
119
119
123
123
123
123
127
127
127
127
130
130
131
132
134
135
136
139
139
140
140
143
145
146
148
150
151
151
154
157
158
159
162
167
170
174
175
178
182
183
184
200
204
208
210
221
226
227
234
247
251
252
269
273
276
290
293
314
332
353
18
18
36
43
57
5
20
4
17
20
32
7
4
7
30
10
17
33
17
35
35
11
55
65
29
83
45
96
78
6
30
96
24
48
108
40
15
58
154
33
169
34
172
48
53
52
64
8
71
18
104
9
13
39
42
32
35
12
18
59
15
63
29
21
78
33
61
65
44
48
13
83
17
48
53
110
49
78
56
88
51
64
14
6
29
24
141
115
162
138
19
204
45
26
236
60
267
19
301
28
330
59
54
372
392
21
440
39
455
23
35
9
19
46
53
47
51
45
48
24
28
109
116
17
27
33
45
87
172
81
187
55
12
101
78
235
58
261
23
14
54
30
15
49
86
44
67
94
5
18
135
42
47
46
17
10
25
27
91
32
43
52
29
39
9
19
8
19
60
69
5
17
31
39
16
64
23
36
83
47
50
47
52
62
109
13
17
23
41
49
30
61
40
73
47
24
38
38
54
18
13
34
29
5
47
21
63
50
70
66
86
114
17
21
37
18
66
34
37
52
48
5
64
53
69
5
49
5
17
32
48
65
69
15
111
34
12
132
20
34
62
20
26
48
62
38
15
60
57
79
120
142
9
31
184
206
8
30
248
53
50
32
21
272
10
55
19
34
64
315
98
338
62
380
14
401
33
35
54
4
445
466
470
44
508
530
534
570
594
598
21
633
47
5
661
31
65
69
35
39
93
23
31
35
28
5
35
55
67
23
35
39
5
4
15
104
111
121
47
55
54
62
4
4
4
4
8
8
8
8
12
12
12
12
16
16
16
16
20
20
20
20
24
24
24
24
28
28
28
28
32
32
32
32
36
36
36
36
40
40
40
40
44
44
44
44
48
48
48
48
52
52
52
52
56
56
56
56
60
60
60
60
64
64
64
64
67
67
67
67
71
71
71
71
75
75
75
75
79
79
79
79
83
83
83
83
87
87
87
87
91
91
91
91
95
95
95
95
99
99
99
99
103
103
103
103
107
107
107
107
111
111
111
111
115
115
115
115
119
119
119
119
123
123
123
123
127
127
127
127
130
131
133
135
135
135
139
139
143
144
145
147
148
150
156
160
163
166
169
178
184
196
208
5
23
5
13
28
23
34
16
49
17
37
26
36
4
9
50
18
57
60
28
61
23
6
68
5
21
36
57
35
62
44
23
26
11
14
56
53
61
61
107
90
119
56
4
132
72
17
47
35
68
57
45
120
44
68
28
70
56
90
25
56
26
12
21
41
62
6
89
60
7
47
133
152
54
36
49
204
214
16
24
53
58
62
66
277
282
23
31
86
96
39
52
101
117
38
56
164
185
226
250
40
18
69
54
29
89
59
33
20
58
103
42
122
34
51
7
55
34
54
45
63
34
40
50
53
102
105
18
23
53
6
64
165
179
6
9
25
61
25
56
83
50
69
36
16
37
66
24
52
72
54
100
18
43
12
24
52
66
11
4
56
73
77
50
32
44
9
25
24
19
33
24
30
40
44
48
50
56
54
13
18
10
18
112
120
24
32
176
37
45
101
107
9
13
21
65
6
11
65
70
75
29
33
48
52
49
55
35
40
9
15
72
77
18
33
24
38
35
41
138
143
201
207
264
269
19
25
59
64
26
32
330
6
335
12
91
96
9
5
15
396
403
156
64
69
6
28
34
63
5
9
43
47
6
51
10
14
17
38
22
46
72
71
4
35
40
59
7
13
44
51
108
114
31
38
49
172
55
179
48
236
54
243
18
24
48
55
82
44
50
49
54
51
57
42
47
56
62
6
11
5
59
22
26
41
48
24
30
30
55
37
61
94
119
101
16
22
52
57
6
9
7
10
5
10
47
50
54
55
61
64
33
36
30
33
70
7
75
22
29
60
6
60
25
34
41
49
58
67
4
4
4
4
8
8
8
8
12
12
12
12
16
16
16
16
20
20
20
20
24
24
24
24
28
28
28
28
32
32
32
32
36
36
36
36
40
40
40
40
44
44
44
44
48
48
48
48
52
52
52
52
56
56
56
56
60
60
60
60
64
64
64
64
67
67
67
67
71
71
71
71
75
75
75
75
79
79
79
79
83
83
83
83
87
87
87
87
91
91
91
91
95
95
95
95
99
99
99
99
103
103
103
103
107
107
107
107
111
111
111
111
115
115
115
115
119
119
119
119
123
123
123
123
127
127
127
127
130
131
131
132
134
138
139
143
144
145
148
150
151
152
152
154
155
158
160
163
168
169
172
174
176
178
182
192
196
199
213
25
40
5
20
7
21
21
32
12
12
33
56
21
28
48
80
86
32
26
29
75
78
58
115
13
17
5
27
18
23
4
10
24
13
29
45
33
54
46
9
94
49
110
7
18
11
23
12
60
8
49
26
36
44
66
6
11
63
39
45
5
14
61
30
107
6
22
102
33
115
47
131
165
36
7
182
54
198
40
230
33
11
23
55
24
4
4
49
14
10
57
36
17
44
6
36
93
40
97
29
83
87
122
46
109
72
151
173
214
235
277
299
25
46
341
19
40
18
38
18
39
8
50
14
35
38
58
5
46
10
9
30
8
30
15
23
37
76
17
54
44
98
38
141
23
162
43
205
20
62
11
84
10
54
52
29
50
25
31
19
45
52
39
82
24
43
44
62
17
88
6
60
50
70
21
16
37
114
66
134
44
64
179
9
31
4
44
51
65
55
49
43
68
110
4
114
63
34
21
130
38
51
4
119
16
126
23
135
30
104
111
189
58
62
5
21
8
24
26
5
32
70
12
6
57
5
16
6
17
21
35
53
59
12
20
73
34
74
6
8
17
45
11
48
18
5
7
36
14
47
37
55
42
25
36
5
11
22
27
5
34
18
22
46
21
39
65
47
68
8
32
11
28
50
17
10
37
25
28
48
64
5
10
10
21
34
11
36
21
38
16
65
36
29
57
10
83
91
16
36
26
29
45
48
16
127
21
24
31
28
157
83
37
18
168
31
112
194
127
28
150
45
8
27
176
197
214
6
7
26
28
16
32
10
24
14
26
6
13
28
24
4
4
4
4
8
8
8
8
12
12
12
12
16
16
16
16
20
20
20
20
24
24
24
24
28
28
28
28
32
32
32
32
36
36
36
36
40
40
40
40
44
44
44
44
48
48
48
48
52
52
52
52
56
56
56
56
60
60
60
60
64
64
64
64
67
67
67
67
71
71
71
71
75
75
75
75
79
79
79
79
83
83
83
83
87
87
87
87
91
91
91
91
95
95
95
95
99
99
99
99
103
103
103
103
107
107
107
107
111
111
111
111
115
115
115
115
119
119
119
119
123
123
123
123
127
127
127
127
130
132
135
136
140
142
146
148
151
153
154
155
157
160
160
161
181
190
214
24
33
57
30
39
91
60
100
120
8
155
164
10
46
183
49
225
228
13
13
16
40
43
31
40
43
65
54
68
76
16
19
35
38
8
11
45
48
49
54
15
23
108
7
39
52
112
128
59
48
175
66
196
14
111
38
238
27
78
53
4
23
16
35
57
51
67
86
87
6
128
30
149
5
22
5
4
52
24
29
29
74
42
56
5
11
17
10
49
52
55
58
6
27
31
70
64
4
8
5
59
11
9
123
15
134
34
48
51
16
19
45
45
99
63
66
66
108
130
37
57
99
15
41
21
35
63
65
32
9
54
12
53
32
11
31
11
31
19
39
39
59
83
38
105
58
6
13
31
36
49
5
21
26
28
33
7
49
23
25
33
48
37
45
24
32
11
17
31
42
47
29
40
20
45
30
24
31
6
10
46
4
6
54
9
13
17
6
10
19
50
54
71
23
28
14
21
30
39
22
5
30
35
94
104
109
58
86
70
75
158
171
21
48
36
64
41
13
56
29
16
33
5
31
36
50
78
29
53
97
49
72
143
94
163
207
28
45
9
27
23
40
73
87
4
12
43
52
28
60
68
21
38
116
132
17
34
34
50
42
17
59
33
25
42
11
29
58
8
47
40
19
58
55
65
105
122
14
60
78
123
17
33
30
47
17
5
32
65
23
49
13
48
30
98
64
78
94
43
58
5
14
21
144
29
6
70
79
55
11
95
70
61
144
31
28
45
41
16
30
50
63
36
50
45
58
43
24
57
37
110
37
50
4
42
46
14
8
12
4
19
23
43
47
63
67
126
130
36
40
5
100
103
4
4
4
4
8
8
8
8
12
12
12
12
16
16
16
16
20
20
20
20
24
24
24
24
28
28
28
28
32
32
32
32
36
36
36
36
40
40
40
40
44
44
44
44
48
48
48
48
52
52
52
52
56
56
56
56
60
60
60
60
64
64
64
64
67
67
67
67
71
71
71
71
75
75
75
75
79
79
79
79
83
83
83
83
87
87
87
87
91
91
91
91
95
95
95
95
99
99
99
99
103
103
103
103
107
107
107
107
111
111
111
111
115
115
115
115
119
119
119
119
123
123
123
123
127
127
127
127
131
133
138
139
139
142
145
145
149
151
151
153
156
156
157
160
168
169
172
179
181
191
199
209
211
221
235
245
254
272
284
308
8
15
32
6
38
39
30
13
29
50
17
14
74
40
15
34
34
8
30
46
41
8
4
26
38
44
40
46
14
29
34
4
55
9
13
61
22
29
21
31
31
44
45
58
5
19
9
23
33
53
17
11
40
40
23
25
34
36
4
11
22
61
10
40
21
98
6
20
28
22
18
26
13
16
24
60
44
49
4
17
22
60
49
54
113
14
17
51
54
7
10
20
23
32
35
39
42
52
55
22
25
19
22
32
35
32
35
56
59
4
7
58
63
66
121
55
61
10
17
20
27
84
91
56
63
34
41
33
40
16
98
23
99
104
57
64
27
32
26
33
123
24
29
4
9
66
41
44
5
5
11
18
64
64
42
69
20
47
25
79
84
6
11
108
5
113
10
145
150
7
12
71
209
214
49
52
73
275
278
48
51
115
339
342
51
55
15
22
403
413
24
36
466
39
481
57
87
529
549
591
614
12
654
37
682
74
15
717
45
750
779
12
818
23
39
842
44
886
905
91
107
156
15
27
169
26
19
35
40
24
43
42
45
4
9
49
52
26
31
42
48
7
12
32
38
92
39
43
5
8
6
9
65
69
52
55
14
17
26
30
4
8
90
4
10
53
62
37
26
49
40
7
24
31
51
70
20
24
42
49
28
83
63
29
61
29
9
11
64
39
92
49
80
74
135
28
44
93
107
13
51
62
67
33
39
45
48
110
113
61
67
173
181
21
32
235
39
249
84
55
103
298
102
320
147
22
46
362
32
19
19
391
64
54
56
425
18
462
488
527
4
4
4
4
8
8
8
8
12
12
12
12
16
16
16
16
20
20
20
20
24
24
24
24
28
28
28
28
32
32
32
32
36
36
36
36
40
40
40
40
44
44
44
44
48
48
48
48
52
52
52
52
56
56
56
56
60
60
60
60
64
64
64
64
67
67
67
67
71
71
71
71
75
75
75
75
79
79
79
79
83
83
83
83
87
87
87
87
91
91
91
91
95
95
95
95
99
99
99
99
103
103
103
103
107
107
107
107
111
111
111
111
115
115
115
115
119
119
119
119
123
123
123
123
127
127
127
127
130
133
135
136
139
140
141
143
144
145
149
150
150
150
154
154
156
163
163
166
173
174
183
184
193
220
226
247
256
283
289
310
319
346
13
40
12
24
16
12
28
24
21
52
15
17
24
7
33
14
24
45
57
24
61
33
37
46
61
7
13
43
49
53
29
16
35
22
113
40
43
102
27
108
36
6
17
52
19
11
69
39
6
60
28
13
38
18
21
29
53
10
24
54
7
23
65
55
49
95
51
70
117
39
52
49
60
31
33
39
38
98
59
122
64
52
127
115
14
178
77
10
40
140
73
103
49
203
44
112
4
107
64
11
16
17
24
23
24
26
33
37
41
8
26
40
6
64
48
4
40
74
33
72
21
28
49
65
26
48
13
22
19
36
33
39
54
54
73
73
82
110
117
141
145
178
181
34
39
208
215
242
252
270
18
283
33
44
62
333
81
38
354
61
396
422
4
38
16
31
28
62
53
57
13
99
36
119
5
23
18
8
65
58
71
123
133
36
43
21
4
26
5
60
9
64
65
69
55
60
118
122
42
47
182
55
58
15
19
49
52
52
56
80
61
66
49
56
117
127
50
63
125
53
26
5
68
114
30
120
21
133
47
55
177
25
34
8
19
26
14
21
4
42
5
15
30
40
57
43
34
52
7
11
10
14
28
15
19
7
24
57
61
38
57
33
62
25
58
27
60
90
21
24
123
54
57
5
32
15
65
69
50
27
5
96
54
43
134
10
47
23
60
4
29
6
24
50
21
45
47
71
85
109
27
111
52
24
8
92
7
49
33
31
73
40
9
31
4
63
32
54
27
21
17
107
45
97
70
131
60
93
173
195
236
258
299
321
362
384
425
447
4
4
4
4
8
8
8
8
12
12
12
12
16
16
16
16
20
20
20
20
24
24
24
24
28
28
28
28
32
32
32
32
36
36
36
36
40
40
40
40
44
44
44
44
48
48
48
48
52
52
52
52
56
56
56
56
60
60
60
60
64
64
64
64
67
67
67
67
71
71
71
71
75
75
75
75
79
79
79
79
83
83
83
83
87
87
87
87
91
91
91
91
95
95
95
95
99
99
99
99
103
103
103
103
107
107
107
107
111
111
111
111
115
115
115
115
119
119
119
119
123
123
123
123
127
127
127
127
131
132
133
135
137
137
139
142
144
148
149
153
153
154
157
158
159
159
164
166
166
172
179
181
181
183
190
196
196
198
219
231
249
261
282
294
312
324
10
22
10
22
5
23
9
5
22
15
34
5
30
26
36
42
26
10
7
22
22
37
7
52
16
18
19
76
34
37
42
88
5
58
106
29
9
12
6
33
21
26
29
6
26
29
36
7
13
37
31
8
26
50
14
12
37
30
55
13
9
34
26
55
26
22
44
30
40
32
48
14
55
50
32
100
35
116
119
49
16
20
15
28
4
15
42
5
51
58
56
10
58
62
51
55
5
16
23
21
31
40
30
40
43
49
55
59
9
22
7
55
69
11
27
48
9
64
39
55
16
59
14
64
30
23
25
39
39
48
64
24
89
38
105
153
23
48
37
62
9
23
26
40
88
15
27
20
34
11
11
25
8
61
16
75
58
89
74
66
139
124
153
12
10
62
24
4
76
15
28
33
43
66
30
40
97
94
7
30
38
61
12
20
94
4
11
19
31
39
59
62
67
70
77
11
19
61
67
128
19
25
77
83
141
147
203
209
267
26
32
30
7
34
13
26
30
7
13
36
40
41
47
22
26
105
48
52
5
54
9
58
24
28
5
34
38
36
65
42
43
47
21
25
4
62
34
38
5
61
67
98
65
102
10
14
4
8
63
39
46
59
69
8
20
122
10
25
49
66
29
4
73
49
25
50
53
22
27
7
14
9
21
15
11
27
42
10
49
43
15
46
22
51
26
5
22
55
15
34
15
42
27
22
39
36
22
4
38
60
32
11
28
7
25
49
9
30
25
22
51
37
8
4
30
20
42
38
12
28
15
29
64
79
4
4
4
4
8
8
8
8
12
12
12
12
16
16
16
16
20
20
20
20
24
24
24
24
28
28
28
28
32
32
32
32
36
36
36
36
40
40
40
40
44
44
44
44
48
48
48
48
52
52
52
52
56
56
56
56
60
60
60
60
64
64
64
64
67
67
67
67
71
71
71
71
75
75
75
75
79
79
79
79
83
83
83
83
87
87
87
87
91
91
91
91
95
95
95
95
99
99
99
99
103
103
103
103
107
107
107
107
111
111
111
111
115
115
115
115
119
119
119
119
123
123
123
123
127
127
127
127
130
131
133
138
140
143
143
146
147
149
149
151
153
154
155
159
165
166
167
174
176
179
184
186
188
200
216
225
230
231
239
252
282
291
294
315
345
8
11
12
32
21
7
16
68
74
16
21
41
14
19
6
82
91
23
108
37
20
49
8
65
33
147
24
164
5
23
9
21
6
50
41
62
16
76
21
46
81
23
68
21
74
53
49
19
32
112
35
87
49
16
60
6
63
115
44
34
101
153
72
16
11
15
181
41
98
31
44
37
43
67
59
223
77
83
107
99
103
109
123
29
55
145
149
10
171
175
50
209
215
24
239
10
64
36
279
88
305
76
100
343
369
29
407
53
93
20
117
7
40
33
60
64
73
18
32
42
54
30
14
54
30
54
54
10
35
27
59
50
7
67
99
47
22
44
9
49
14
41
36
63
78
4
43
4
24
12
53
40
24
63
16
43
39
66
67
107
130
40
171
61
4
44
12
18
33
43
40
65
8
31
30
53
25
21
29
43
67
36
53
58
4
26
100
38
58
23
24
46
4
65
26
28
48
24
46
41
61
39
61
105
21
22
41
42
35
16
55
36
15
57
18
17
38
15
39
11
5
82
59
83
104
55
83
49
69
13
36
58
55
22
100
64
19
39
23
4
21
41
12
65
45
53
16
19
40
57
10
13
31
83
18
56
76
39
8
82
53
103
35
16
36
56
55
37
63
58
101
4
5
102
119
127
46
46
165
6
14
186
194
51
5
21
13
46
46
25
6
51
38
65
11
41
15
47
12
42
11
41
29
59
21
51
9
9
41
43
73
103
137
167
199
229
263
293
325
355
389
419
451
481
515
545
577
607
641
671
703
733
767
797
829
4
4
4
4
8
8
8
8
12
12
12
12
16
16
16
16
20
20
20
20
24
24
24
24
28
28
28
28
32
32
32
32
36
36
36
36
40
40
40
40
44
44
44
44
48
48
48
48
52
52
52
52
56
56
56
56
60
60
60
60
64
64
64
64
67
67
67
67
71
71
71
71
75
75
75
75
79
79
79
79
83
83
83
83
87
87
87
87
91
91
91
91
95
95
95
95
99
99
99
99
103
103
103
103
107
107
107
107
111
111
111
111
115
115
115
115
119
119
119
119
123
123
123
123
127
127
127
127
130
135
136
138
139
140
143
146
148
148
150
153
154
155
159
163
165
166
171
175
184
190
190
199
202
223
223
17
16
26
22
26
32
9
30
39
8
8
17
69
17
78
8
93
23
29
59
15
74
15
4
33
24
42
26
11
37
44
72
26
35
55
9
24
4
15
8
5
34
17
45
20
50
33
42
20
7
29
19
17
26
10
32
19
9
18
26
35
45
44
50
46
31
51
63
36
98
104
5
4
37
46
54
50
25
33
5
9
13
7
8
12
19
6
54
51
10
4
13
49
16
33
36
77
21
24
8
11
18
7
10
45
44
20
30
20
48
5
60
56
39
25
53
29
6
57
34
15
43
11
39
27
55
8
13
28
42
47
62
4
35
27
32
62
19
20
13
25
9
14
54
49
34
32
33
58
58
26
57
14
18
52
38
100
99
44
124
125
16
40
34
13
14
60
37
82
40
106
100
33
57
95
119
18
25
42
11
49
6
35
27
41
46
15
34
39
57
22
7
34
39
24
51
71
98
115
12
27
162
24
39
76
91
28
43
12
59
22
37
12
86
27
14
61
6
18
8
7
22
19
43
57
74
41
53
105
117
40
52
169
181
40
52
40
13
52
233
55
20
67
32
67
29
41
51
61
17
8
20
29
32
49
61
62
33
45
19
5
29
43
17
53
43
55
85
71
12
20
12
22
31
39
22
32
50
58
6
13
22
27
115
52
56
31
35
4
45
51
30
34
118
66
56
60
24
29
49
51
57
61
13
18
34
62
36
54
17
98
38
46
69
17
26
5
55
16
54
37
50
7
26
32
33
49
75
8
30
48
56
13
71
25
29
127
39
134
13
17
16
19
7
11
