63
67
70
74
77
81
82
86
102
106
111
110
116
122
126
127
131
135
140
144
154
158
159
163
167
171
177
181
182
187
191
193
197
201
205
209
213
219
217
223
227
231
232
239
239
244
243
242
248
249
252
256
255
256
258
262
263
265
267
270
267
273
277
273
277
282
281
285
295
289
304
308
300
311
304
313
316
315
321
313
320
324
331
332
336
340
344
348
352
355
356
361
365
367
369
373
371
377
377
381
382
384
388
388
390
393
396
400
398
404
407
408
411
407
415
415
419
420
421
422
425
434
435
432
434
438
437
446
444
448
450
447
449
455
457
461
462
457
468
461
463
473
477
469
473
482
477
490
481
497
501
503
508
509
512
512
516
527
531
554
558
562
562
569
570
573
573
577
593
600
609
613
617
621
625
629
629
642
640
646
648
654
653
658
662
666
670
695
699
730
734
759
763
1031
1035
1039
1043
1047
1051
1055
5
9
6
10
5
14
5
17
11
21
26
31
21
13
17
41
36
5
9
5
9
5
9
5
9
7
13
5
15
19
14
23
16
21
25
38
29
33
40
37
43
55
5
9
13
5
9
5
9
13
5
9
9
13
22
19
33
5
13
10
17
51
18
24
28
66
75
5
44
9
50
54
5
9
13
19
15
19
23
5
29
15
19
19
48
52
56
5
9
13
5
9
8
12
13
17
5
9
5
9
5
9
5
9
5
9
5
9
5
9
13
7
11
5
9
13
5
9
5
9
5
9
13
5
9
13
17
21
25
29
33
37
41
5
9
5
9
5
9
5
9
5
9
5
9
5
9
5
9
9
13
17
21
25
29
8
12
40
5
9
13
17
21
5
9
17
5
21
28
27
32
16
34
5
9
7
11
5
9
13
17
21
25
29
33
37
5
9
13
17
21
27
31
15
19
5
9
13
7
11
12
16
5
9
5
9
21
25
27
31
7
11
14
27
5
35
33
37
16
41
45
5
9
13
17
5
9
13
17
5
9
5
9
17
10
14
17
21
5
9
13
17
21
27
31
14
23
27
45
11
15
60
19
47
25
51
72
55
78
82
86
90
94
98
102
106
110
114
118
122
126
130
134
138
142
146
150
154
158
162
166
170
174
178
182
186
190
194
198
202
206
210
214
218
222
226
230
234
238
242
63
67
70
71
77
77
82
82
87
91
102
106
111
110
116
122
123
126
133
137
140
144
148
152
152
157
159
164
168
169
169
174
173
174
178
180
184
188
189
195
199
203
209
207
216
213
220
222
220
230
224
236
237
240
242
235
246
248
243
255
259
261
262
266
267
259
272
263
273
278
277
282
283
287
287
292
291
282
297
301
304
305
309
314
314
314
319
316
323
324
328
328
330
333
337
338
337
342
345
348
349
352
357
361
374
378
381
385
387
391
394
398
403
407
410
414
427
431
432
436
438
440
444
446
451
451
457
459
463
466
467
469
473
472
475
479
524
528
531
535
575
579
580
590
601
612
616
644
648
663
667
669
673
677
681
684
688
692
698
702
704
706
712
766
770
5
9
5
9
5
13
23
17
28
32
6
21
27
31
17
42
7
58
13
5
49
57
11
60
5
5
8
16
20
17
24
5
27
9
5
9
5
9
5
9
5
9
13
5
9
21
13
35
28
41
5
9
5
9
5
9
8
12
16
20
6
10
5
9
5
9
5
9
13
5
9
5
9
5
9
7
11
15
5
9
11
15
25
29
33
37
41
45
8
12
8
12
16
20
5
9
5
9
5
9
5
9
13
17
21
25
29
33
8
12
5
9
5
9
5
15
19
23
9
5
34
38
42
23
27
36
5
9
5
9
13
5
9
13
5
9
5
9
5
13
14
17
18
21
26
9
13
17
21
27
31
13
17
5
6
11
10
16
20
5
9
5
9
5
9
5
9
5
9
5
11
16
20
24
28
32
36
40
5
9
13
5
9
5
9
5
9
13
5
9
5
9
13
17
21
5
9
5
9
13
17
21
5
9
13
5
9
13
17
21
25
29
33
37
41
45
49
64
68
26
6
35
17
5
9
5
13
16
20
5
9
5
9
5
8
12
16
12
16
17
21
5
9
5
9
5
9
5
9
13
17
21
7
11
5
9
5
9
5
9
5
9
5
9
5
9
5
9
5
9
8
12
5
9
5
11
15
15
19
5
9
18
17
21
5
9
5
9
5
9
5
9
5
9
13
17
5
9
5
9
5
11
15
17
19
23
30
29
34
37
16
38
44
67
57
61
5
9
5
9
5
13
16
20
11
15
35
8
64
46
5
9
13
11
16
63
67
70
71
77
79
81
82
82
93
95
97
99
103
109
107
114
117
118
118
123
127
130
131
138
142
146
150
154
155
159
162
163
167
169
174
181
185
186
190
193
197
200
201
205
209
207
213
214
213
217
220
224
230
234
235
239
244
248
249
254
254
258
260
261
268
272
273
277
282
286
290
294
294
299
301
304
307
311
311
313
316
320
322
324
326
328
330
334
338
338
338
343
345
348
350
354
355
359
361
370
374
377
381
383
385
389
393
393
392
396
396
403
407
404
408
412
415
416
417
418
421
427
429
431
435
433
435
443
441
447
448
452
448
457
457
461
463
467
468
486
493
497
501
505
508
514
519
518
516
524
528
534
538
542
545
549
552
595
599
604
608
610
614
618
622
626
631
630
636
640
646
644
648
658
652
658
662
673
666
692
696
727
731
774
778
936
940
944
954
958
5
9
13
5
9
13
7
11
9
18
18
22
31
6
27
20
32
36
27
46
14
44
23
5
30
55
5
39
69
73
23
30
77
40
5
48
42
9
14
100
104
20
9
20
15
31
35
39
43
5
11
12
5
11
5
25
9
5
14
5
9
17
9
27
20
5
11
5
33
9
19
50
5
5
60
16
70
74
20
5
9
86
90
38
94
48
105
109
113
117
121
125
129
135
139
14
20
150
154
158
162
166
170
174
178
182
188
192
16
5
9
209
40
217
19
221
20
225
6
29
10
236
240
244
248
252
256
260
264
268
272
11
283
287
21
291
16
295
26
30
306
314
318
45
322
57
61
336
72
352
356
362
366
13
372
376
24
33
37
390
396
400
48
406
410
59
414
418
422
426
430
434
438
442
446
450
454
458
462
8
12
5
11
23
19
15
36
40
36
40
40
5
9
5
14
18
22
5
9
13
17
21
25
5
9
5
9
9
13
17
5
9
5
9
5
9
5
9
5
9
6
10
14
5
9
5
9
26
5
24
29
11
15
41
24
28
19
5
13
27
11
43
15
24
5
9
5
9
5
9
13
5
9
5
9
5
9
5
9
5
5
14
9
19
20
30
34
36
5
9
5
9
17
9
13
18
22
5
9
18
5
19
11
30
5
40
16
5
9
5
9
9
13
5
9
13
5
9
7
11
7
11
12
21
25
27
29
5
9
63
67
70
74
77
78
82
86
84
88
91
93
95
101
105
109
114
118
123
127
128
132
133
137
145
149
153
159
157
164
164
169
169
177
181
180
182
186
186
190
194
195
199
202
206
209
213
218
217
223
227
228
229
232
238
241
242
243
245
247
248
255
254
259
260
260
266
267
270
271
274
277
281
280
284
284
288
285
290
298
299
303
305
309
313
317
321
321
327
327
332
338
342
343
347
351
351
356
357
363
364
367
369
371
384
388
390
394
398
398
404
404
408
411
411
415
416
416
420
419
430
431
433
437
440
439
444
447
448
449
449
451
455
459
463
459
466
473
478
473
482
480
490
484
499
503
505
509
510
514
506
518
520
514
518
522
536
526
546
550
537
541
558
545
565
549
557
561
582
565
569
591
597
602
580
606
613
590
617
617
598
602
606
610
614
618
725
729
733
737
741
745
956
960
964
968
972
976
980
984
988
992
996
1000
1004
1008
1012
1016
1020
1024
1028
5
9
5
9
5
9
5
11
12
5
13
12
5
28
14
17
21
34
38
42
47
48
9
17
21
21
25
66
70
35
39
18
23
14
18
55
5
9
13
10
22
6
20
30
34
26
30
30
32
36
5
58
11
15
13
17
21
5
8
12
16
18
12
16
5
11
15
14
20
26
5
9
6
10
5
9
13
5
10
14
21
5
9
13
17
21
25
7
11
5
9
5
9
5
9
5
9
15
12
16
5
9
5
9
5
9
5
9
13
17
21
25
5
9
13
17
21
25
5
9
5
9
5
9
13
5
9
13
5
9
13
17
5
9
13
17
21
5
9
13
17
5
9
5
9
13
5
9
5
9
13
17
5
9
13
17
21
25
29
33
37
41
45
49
53
5
9
5
9
5
9
13
17
21
5
9
13
19
23
13
17
7
11
5
9
5
9
13
14
18
28
22
9
13
33
21
50
32
36
9
13
5
9
5
9
7
11
20
20
24
35
39
5
9
13
5
9
13
38
41
45
49
53
57
67
71
19
23
5
9
5
9
5
9
13
5
9
13
17
5
9
5
9
13
5
9
5
9
5
9
5
7
11
16
15
5
9
6
10
14
18
22
5
9
13
5
9
5
9
5
9
8
5
20
18
17
5
9
5
9
5
9
5
9
15
15
19
5
9
63
67
70
74
77
78
82
86
84
88
91
93
98
99
103
109
107
114
119
119
123
118
125
130
134
142
146
152
158
162
163
167
168
172
173
177
179
181
187
189
191
193
192
197
206
210
203
207
220
211
230
221
234
235
236
240
240
230
246
248
250
252
258
257
248
262
263
264
264
268
272
259
273
277
265
281
281
279
284
293
291
297
298
298
302
304
306
312
316
320
322
326
330
334
338
338
349
347
353
355
356
357
364
368
369
374
375
378
379
380
384
385
388
392
393
402
399
406
407
408
407
413
418
418
422
418
424
431
432
435
432
439
439
445
445
449
450
448
457
452
460
467
470
463
474
485
489
491
495
496
500
503
510
514
511
515
519
526
523
531
536
529
541
545
549
551
555
563
561
565
574
571
575
585
579
594
585
589
605
610
611
614
600
604
608
612
650
654
660
664
724
728
762
766
777
781
785
5
9
5
9
5
9
11
5
11
24
28
24
30
34
38
48
20
24
13
5
40
23
5
16
11
15
18
22
24
5
9
18
16
20
5
9
5
7
11
16
15
19
5
9
13
5
9
29
9
28
39
32
22
44
48
52
56
60
5
9
5
9
9
13
5
11
5
16
21
17
21
25
29
5
9
5
9
5
9
5
9
5
11
16
20
5
8
12
16
16
20
24
28
5
9
13
17
21
25
29
33
37
41
45
5
9
5
9
5
9
5
9
5
9
13
17
21
5
9
5
9
5
14
18
17
22
28
32
31
36
40
44
48
52
5
9
13
5
9
5
9
5
9
13
5
9
5
9
5
9
5
9
5
9
5
9
5
9
5
9
5
10
16
20
24
24
5
24
9
5
9
5
9
7
5
12
16
17
21
17
29
22
26
40
6
46
10
14
18
5
9
5
9
13
5
9
5
11
12
16
20
7
11
15
5
9
5
9
5
9
5
9
5
9
15
19
16
5
15
9
34
46
26
30
45
5
9
5
9
15
19
15
19
5
9
13
17
21
25
29
33
37
13
17
50
56
13
17
5
9
5
9
5
9
5
9
5
9
5
9
5
9
13
17
21
25
5
14
18
19
22
26
7
11
5
9
5
9
13
17
5
9
13
5
10
14
16
20
5
10
14
16
10
14
27
33
37
15
41
45
49
53
57
63
67
70
74
77
81
82
88
93
92
92
98
102
105
106
114
118
115
123
119
123
130
127
134
138
133
142
146
150
153
154
158
163
163
163
168
168
165
175
176
180
176
182
186
189
193
197
197
204
203
208
209
210
214
217
218
222
225
227
230
235
237
241
244
245
251
257
261
265
268
269
273
278
278
280
280
284
287
285
294
303
298
304
310
312
314
315
319
320
321
317
324
328
332
334
336
338
340
344
345
347
353
359
357
359
364
366
363
366
376
374
380
380
381
391
386
395
392
393
403
407
399
408
406
415
410
411
424
424
415
427
429
421
433
435
424
429
440
444
444
436
439
450
451
454
458
449
453
467
457
457
477
467
481
484
473
475
477
493
495
500
489
493
511
497
501
505
529
509
518
541
547
547
551
529
557
563
540
567
549
553
578
583
584
587
564
568
600
572
578
582
613
615
617
628
632
635
640
644
650
648
659
664
659
668
667
696
700
733
737
750
754
760
764
953
957
1018
1022
5
9
13
18
5
9
5
9
5
5
11
9
14
18
8
12
12
18
23
5
14
42
46
50
54
14
18
70
74
78
11
5
89
93
12
8
17
12
105
34
18
22
32
36
6
5
18
9
21
5
11
33
5
9
7
11
12
18
22
26
32
36
15
5
26
9
18
20
22
18
62
29
44
48
12
5
56
9
25
5
8
71
5
21
9
23
5
9
5
9
13
17
21
25
11
15
36
40
44
8
12
5
8
12
16
8
12
5
9
13
17
21
25
29
33
37
41
45
49
53
57
61
65
69
73
77
81
85
91
95
14
101
105
25
111
115
36
119
123
127
131
135
139
143
147
151
155
159
163
167
171
175
179
183
187
191
199
203
14
209
213
25
217
221
225
229
233
5
9
5
9
9
13
5
9
5
13
17
20
24
5
9
5
9
5
9
5
9
5
9
13
5
12
16
18
22
20
26
32
36
40
19
44
50
53
38
5
9
18
22
23
28
34
5
9
13
17
21
5
9
13
5
5
14
15
19
16
23
18
7
13
33
5
9
6
10
14
18
22
26
5
9
13
5
9
5
9
13
5
9
5
9
11
15
20
24
28
36
18
22
5
9
5
9
13
16
5
9
5
9
13
5
9
5
9
5
9
13
17
5
9
5
13
17
18
23
27
29
31
49
53
76
80
83
84
92
95
106
110
118
122
135
139
142
146
150
153
154
158
161
166
167
171
172
180
182
184
185
186
189
191
196
199
198
203
205
205
205
213
211
217
220
220
217
223
231
227
234
236
241
241
244
246
248
251
251
254
256
257
261
261
265
264
267
272
271
276
277
278
284
287
288
284
290
289
295
294
295
302
303
306
308
310
310
318
320
321
324
320
324
332
334
335
343
334
347
349
350
354
353
355
348
360
366
355
370
371
372
376
378
369
387
373
387
391
394
395
398
399
405
406
410
408
411
416
416
419
420
420
425
427
416
431
429
420
438
437
440
444
439
447
451
434
455
438
454
461
459
446
468
450
465
472
473
475
477
479
477
462
484
469
492
473
489
503
479
507
508
500
513
515
519
521
498
523
528
528
503
533
537
540
543
518
547
548
526
555
560
533
562
564
567
566
569
570
572
577
581
583
587
591
591
595
599
603
607
611
615
619
623
627
631
635
639
643
647
651
655
677
661
665
688
669
673
677
681
685
689
693
697
701
705
709
713
717
755
721
765
732
736
740
744
748
752
756
760
5
9
11
15
20
5
9
13
17
6
26
10
19
32
27
43
47
51
55
59
65
69
12
20
5
82
86
90
14
43
5
101
105
36
109
28
32
119
26
123
16
57
5
131
25
43
65
42
69
12
17
73
24
7
52
11
35
32
15
46
50
17
13
21
188
22
20
198
24
36
76
33
62
37
215
43
228
232
20
88
26
243
5
251
175
16
20
185
5
266
5
15
281
285
25
289
21
35
39
300
48
52
314
318
322
326
330
334
338
342
346
15
19
361
365
369
373
377
381
385
389
393
8
5
404
408
22
21
423
427
24
431
9
36
13
445
453
457
15
461
470
474
34
39
8
485
21
59
63
5
43
9
534
50
11
15
550
554
70
76
5
565
569
573
22
577
100
29
104
588
117
5
11
53
57
129
135
5
68
145
149
19
153
22
159
26
33
5
172
9
44
180
5
9
5
9
13
5
9
13
9
13
26
30
34
38
42
46
50
54
58
62
5
9
5
9
13
5
9
5
9
13
10
14
27
31
5
9
5
9
5
9
5
9
13
11
27
31
35
39
43
47
51
55
59
63
13
17
18
22
26
77
81
109
113
114
118
122
122
130
134
134
133
140
140
145
146
150
151
155
157
159
162
167
167
165
172
174
178
181
179
185
187
189
192
197
200
201
205
204
209
210
211
214
215
216
221
220
221
228
230
229
235
240
240
235
245
244
249
245
252
256
261
260
266
266
272
265
276
280
284
286
288
291
284
292
296
301
301
302
297
308
301
316
315
320
321
325
326
329
320
337
335
341
331
344
345
351
355
353
356
365
367
373
377
378
382
381
385
389
389
380
397
396
388
405
392
412
419
423
425
429
443
447
451
455
457
461
465
472
476
479
483
488
492
498
502
505
509
510
514
518
522
574
578
594
598
613
617
648
652
656
660
664
698
702
710
714
719
723
727
762
766
770
774
778
782
786
790
794
798
809
802
808
812
823
816
820
824
828
832
836
840
844
848
926
930
934
938
945
949
5
8
16
11
5
23
27
12
26
39
43
21
27
54
5
11
15
16
19
8
12
16
20
24
28
32
36
11
5
49
6
13
23
16
13
27
65
35
69
30
75
31
79
50
88
5
48
96
52
16
101
107
111
28
5
9
8
42
5
130
135
11
28
139
29
143
64
147
35
8
5
78
82
17
86
26
92
14
18
5
9
15
13
17
10
14
28
5
9
13
17
12
16
31
5
37
27
31
15
35
52
56
13
17
69
13
17
31
21
37
41
29
45
41
60
12
5
17
21
30
49
53
5
9
5
9
13
5
11
15
12
16
20
5
9
5
9
5
9
5
9
5
9
5
9
13
17
5
9
5
9
5
9
5
9
5
9
6
10
5
16
18
22
14
18
38
9
13
5
9
5
9
5
9
5
9
5
9
13
17
23
16
20
5
9
5
9
5
9
6
10
5
9
5
9
13
17
5
9
13
5
9
5
9
7
11
15
5
9
13
17
21
25
29
5
9
5
9
5
9
5
9
5
9
5
9
13
17
21
25
29
5
9
13
16
5
11
15
19
23
27
5
9
5
9
5
14
18
19
23
5
9
13
27
31
26
35
45
49
43
5
9
9
13
5
9
13
5
9
5
9
5
9
6
15
10
16
20
5
9
5
15
19
24
23
27
5
9
5
9
13
17
5
9
5
9
13
17
21
5
9
5
9
5
9
13
17
18
23
29
49
53
76
80
83
87
106
110
118
122
126
128
134
137
141
141
146
151
151
152
158
156
163
168
170
174
171
175
187
191
192
196
200
202
206
207
210
215
218
219
225
226
231
235
239
241
245
246
250
252
254
257
262
266
266
269
269
270
277
279
281
282
281
286
290
290
296
296
301
305
310
309
315
319
322
320
323
328
329
333
336
337
341
342
346
348
352
355
359
363
363
369
370
374
378
380
387
388
391
394
395
398
405
409
422
426
429
433
445
449
453
453
459
464
463
466
473
471
477
481
482
485
493
498
502
503
506
512
519
516
518
528
532
538
538
547
542
549
554
548
558
562
553
566
557
571
575
578
571
587
575
594
583
598
601
588
603
597
618
601
618
627
609
631
634
646
650
654
656
660
664
690
694
695
699
707
711
720
724
1077
1081
5
9
5
9
13
17
21
30
34
19
38
44
5
34
5
54
9
19
5
16
9
69
73
77
81
85
89
93
97
101
105
113
117
20
24
126
28
19
9
17
35
39
5
9
13
21
25
17
31
35
16
23
19
23
41
27
53
5
33
30
64
68
43
48
5
28
11
66
22
26
29
33
5
9
6
10
6
10
5
9
5
9
5
9
5
11
14
18
22
5
9
5
9
5
9
5
9
5
9
5
9
5
9
5
9
5
9
5
9
13
19
15
19
14
23
38
21
25
34
5
9
13
17
5
9
13
9
13
5
9
5
9
13
5
9
5
9
5
9
5
9
13
17
14
18
37
41
45
49
53
57
61
70
74
19
78
27
5
9
5
9
13
17
21
5
9
5
9
5
9
13
17
21
25
29
33
37
41
45
49
10
14
63
67
71
75
79
83
87
5
9
5
9
5
9
13
17
21
25
5
9
5
9
5
9
5
9
13
5
9
13
5
9
13
17
5
9
5
9
5
9
7
11
15
19
23
27
14
18
42
46
50
54
58
62
66
5
9
13
17
5
9
28
32
15
24
5
9
5
9
13
17
21
25
5
9
13
17
5
9
5
9
5
9
13
5
9
13
17
21
25
5
9
13
5
9
13
5
9
5
9
5
9
5
9
6
10
5
9
13
17
21
25
29
33
5
9
5
5
12
9
20
18
25
29
31
35
42
39
43
47
51
55
59
13
17
18
22
26
77
81
85
89
109
113
114
118
122
122
128
132
137
136
143
142
147
148
150
154
158
159
163
164
168
169
172
179
183
187
190
191
203
204
207
209
206
211
216
220
219
224
223
230
233
231
237
234
241
245
240
246
251
247
247
255
256
258
257
262
258
266
262
273
273
277
278
282
285
286
279
289
293
294
287
292
297
302
301
303
308
314
304
318
316
315
319
321
329
331
333
335
326
337
337
341
338
345
350
357
354
362
354
358
355
369
364
374
368
379
372
381
372
370
388
392
393
380
397
400
388
402
407
411
397
413
417
419
404
408
415
419
429
423
423
419
438
430
443
429
447
449
454
454
453
455
441
450
462
454
465
468
472
472
468
482
483
472
485
483
489
487
492
496
500
500
499
502
504
499
492
511
497
515
519
517
520
521
526
531
532
530
536
535
539
525
538
529
546
554
558
540
559
558
557
546
570
551
555
578
559
576
580
565
582
593
586
590
599
580
608
584
600
613
605
618
609
628
603
632
620
635
639
615
629
619
646
649
654
639
643
630
647
651
655
659
663
688
667
694
696
698
704
728
732
735
736
742
749
753
756
757
768
773
792
796
857
861
865
869
873
877
881
885
889
893
897
5
19
25
5
10
14
18
48
34
5
9
25
29
9
13
5
9
5
9
5
9
13
17
26
30
17
34
43
35
39
13
15
17
56
20
68
36
74
78
12
84
88
23
33
17
21
5
9
5
9
5
9
5
9
5
9
13
17
21
25
29
33
8
12
9
13
7
5
12
16
13
20
22
21
32
32
5
9
6
15
13
17
29
20
33
30
29
44
48
7
5
13
9
21
26
19
23
32
27
7
11
12
16
5
15
20
5
30
5
9
20
5
9
13
17
21
5
9
5
9
5
9
5
11
15
16
19
23
27
5
9
7
11
5
9
5
9
5
9
5
9
5
9
5
13
17
21
5
9
5
9
5
9
9
13
17
5
9
5
9
13
17
5
9
5
9
7
11
5
9
13
17
5
30
15
45
5
60
64
68
29
7
11
5
9
5
9
5
9
5
11
5
14
9
20
5
9
5
11
15
14
18
22
5
9
5
9
13
17
5
9
13
17
8
12
16
5
9
5
9
5
9
13
5
9
5
9
5
13
17
18
22
77
81
85
109
113
114
118
122
126
137
141
143
147
148
152
154
156
159
162
164
167
171
174
175
178
178
182
185
189
189
197
201
205
206
210
212
216
218
220
223
226
230
231
235
236
241
243
247
248
252
253
258
258
262
264
271
275
279
283
286
290
291
295
299
303
306
310
314
314
322
327
325
331
333
337
347
351
352
356
357
361
366
370
378
382
385
389
391
395
396
400
402
406
410
416
420
422
426
431
435
444
448
459
463
475
479
483
487
503
507
521
525
529
533
533
540
546
550
563
567
568
572
576
587
591
594
598
602
605
609
613
617
621
626
625
636
636
640
644
652
650
654
663
658
716
720
724
813
817
821
5
9
5
9
13
19
23
18
27
24
27
28
38
42
46
42
46
46
50
11
15
61
5
71
9
30
78
34
12
16
88
92
47
53
5
103
107
68
113
72
14
25
19
78
82
128
5
9
12
94
99
18
146
16
20
156
5
37
9
125
37
6
10
30
5
21
42
13
66
12
27
70
41
18
22
38
25
42
46
50
54
58
6
13
10
73
16
20
27
24
85
18
5
11
5
30
9
5
9
8
12
16
20
5
9
8
12
16
9
13
5
9
5
9
5
13
17
19
7
11
15
18
22
5
9
5
9
13
17
21
13
17
35
7
11
46
5
9
5
9
5
9
5
9
5
9
7
11
12
18
22
26
30
34
38
42
5
9
13
19
23
16
33
31
6
7
44
48
43
5
24
9
30
30
34
10
14
47
51
20
24
5
9
13
17
21
25
29
33
42
46
20
50
30
5
18
9
26
75
79
8
12
90
94
98
102
106
110
114
118
122
128
132
15
23
145
149
153
157
161
165
169
173
177
181
185
189
193
197
201
205
209
218
222
17
238
242
41
246
53
261
265
269
273
5
9
8
12
5
9
5
9
5
9
5
9
5
9
13
5
9
13
17
21
25
29
33
5
9
5
9
5
9
5
9
5
9
14
18
25
5
9
50
54
53
5
9
13
17
5
11
12
16
5
9
13
6
10
5
9
5
9
13
16
20
20
24
5
9
13
5
9
5
14
19
23
5
11
5
16
21
10
16
31
35
25
29
5
9
13
17
5
9
5
9
13
9
13
17
5
9
5
9
18
19
23
13
17
18
22
26
30
77
81
109
113
114
118
122
122
130
134
133
138
140
144
146
148
151
156
154
157
161
162
166
167
171
178
182
189
193
197
199
203
206
210
212
214
219
220
227
227
231
231
235
238
239
243
248
247
251
252
257
258
260
262
263
261
267
272
267
279
280
278
282
290
294
286
294
300
300
304
306
327
331
332
336
337
342
342
346
348
351
355
361
365
367
371
372
377
381
381
385
385
385
391
393
397
403
401
409
411
415
417
419
423
423
422
430
430
434
437
435
439
444
448
450
452
454
451
460
466
470
466
474
470
479
484
484
480
489
491
493
495
499
501
497
501
517
521
533
537
538
542
546
546
552
556
560
569
573
575
577
580
585
585
588
594
592
597
603
605
609
614
617
621
625
629
677
681
691
695
833
837
841
845
849
5
9
13
5
12
16
28
32
18
36
20
24
5
9
13
19
23
16
15
19
20
24
30
42
5
54
17
21
20
9
13
35
17
5
9
5
13
5
18
11
5
29
9
5
9
9
13
14
18
5
9
5
9
13
10
14
24
20
24
20
5
44
49
15
19
39
23
5
9
5
9
5
9
5
9
5
9
6
10
14
5
9
5
9
13
17
21
25
29
33
37
41
45
49
53
57
61
7
5
16
15
20
80
16
86
33
37
37
5
9
13
17
5
9
5
14
5
20
11
27
5
9
13
5
9
5
9
13
17
21
25
29
5
9
5
9
9
13
5
9
5
9
5
9
5
9
21
24
28
5
9
13
17
21
25
9
13
40
44
23
32
58
5
9
5
9
5
9
5
9
13
5
9
13
5
9
5
9
5
9
13
17
5
9
5
9
5
9
13
5
9
5
9
5
21
25
29
5
9
15
19
24
5
9
5
9
13
17
5
12
9
33
20
5
9
13
5
9
7
11
36
37
5
11
15
49
19
5
9
12
16
17
21
5
9
13
5
9
5
9
13
17
21
25
29
33
37
41
45
54
58
18
62
27
73
77
83
87
16
93
97
27
101
105
109
113
5
9
13
17
21
25
5
10
14
16
20
37
41
43
47
11
9
56
60
22
64
24
68
72
76
80
5
9
5
9
5
11
15
18
22
27
10
14
42
46
50
54
60
64
13
17
5
9
5
9
5
9
5
13
17
18
22
77
81
109
113
114
118
122
126
137
141
143
147
148
154
153
158
159
159
163
164
168
171
175
178
179
185
189
193
201
205
206
212
216
217
218
222
221
223
228
230
234
235
239
238
243
243
245
248
252
253
250
258
255
259
259
263
271
272
275
278
279
278
285
289
289
287
292
293
295
300
299
299
306
306
310
310
315
316
321
325
325
331
332
336
348
352
353
358
358
362
364
366
365
371
375
376
379
380
384
381
386
388
389
391
394
395
400
401
401
407
405
412
410
417
417
419
420
425
424
428
425
434
429
434
440
435
444
449
442
447
454
452
450
456
464
465
457
463
472
467
468
471
477
490
481
482
502
505
506
494
514
517
520
529
532
570
574
579
583
587
591
595
599
611
615
630
634
675
679
683
687
692
696
759
763
787
791
1044
1048
5
9
5
9
13
19
23
12
9
13
17
40
21
36
40
29
33
58
1333
37
1343
11
5
51
19
55
16
64
68
34
40
44
79
50
5
93
9
21
5
28
5
16
9
5
15
17
5
25
5
17
9
24
26
30
20
24
5
9
13
5
9
7
11
5
9
5
9
9
13
7
11
5
11
15
23
26
30
28
29
5
9
13
9
13
24
5
9
13
5
9
5
9
13
19
5
13
17
31
21
19
37
41
45
49
5
9
5
9
5
9
18
22
18
22
6
20
24
30
28
32
5
9
5
9
5
9
5
9
5
9
5
9
5
9
13
17
5
9
5
9
5
9
5
9
7
11
5
9
5
15
17
21
32
17
21
5
27
31
40
5
9
13
5
11
15
12
5
15
30
11
34
32
26
45
22
26
57
5
9
5
9
13
17
5
9
5
9
5
28
33
37
41
5
9
5
9
5
9
10
14
16
18
24
5
9
5
10
5
20
11
25
29
33
37
5
9
13
5
9
5
9
5
9
5
9
13
17
5
9
5
9
5
11
14
5
22
5
16
9
5
11
15
16
19
23
5
9
13
16
5
9
13
17
21
6
10
14
5
9
13
17
21
6
10
5
9
5
9
5
9
9
5
18
9
20
5
28
9
14
19
9
20
48
15
19
31
25
29
42
5
9
13
17
21
5
9
13
17
21
25
29
7
11
5
9
13
17
21
5
9
5
9
5
19
19
23
27
13
17
18
23
29
49
53
76
80
83
84
90
94
98
106
110
118
122
128
132
136
141
145
146
153
158
159
162
163
167
176
180
183
184
188
192
193
197
201
201
208
212
207
213
216
220
224
227
227
231
234
234
239
243
245
249
250
259
259
263
264
266
268
269
273
274
279
283
283
285
292
289
296
297
305
309
307
313
314
319
315
323
325
333
332
335
342
348
341
352
353
353
362
359
366
360
367
365
376
381
377
383
381
376
389
393
386
395
389
393
398
391
406
395
412
418
422
423
427
428
435
437
439
440
442
444
447
448
454
456
458
459
463
471
467
477
473
481
482
483
487
489
489
488
496
500
501
501
505
506
509
514
518
520
522
531
535
537
541
542
545
550
554
555
553
559
559
565
563
570
567
574
574
574
578
582
588
586
596
600
597
604
606
604
613
617
625
626
630
631
628
666
670
754
758
762
772
776
780
5
9
13
5
9
5
9
5
9
5
9
15
19
13
25
29
27
33
20
39
24
15
44
54
58
31
64
68
14
72
23
27
25
15
29
88
24
92
16
13
20
47
53
57
26
61
119
13
17
77
21
74
85
78
147
13
90
99
103
107
34
111
178
182
47
186
19
57
200
204
23
24
5
48
32
52
39
16
38
225
5
235
9
19
242
16
20
260
27
268
31
51
35
37
5
280
284
12
288
52
57
22
308
312
28
32
8
12
15
19
5
9
5
9
5
9
5
10
14
19
23
27
5
9
13
17
21
5
9
5
9
5
9
13
17
5
9
5
9
13
5
9
13
17
5
9
5
9
13
17
5
11
14
18
22
26
30
5
9
13
5
9
5
11
15
14
23
29
33
37
41
5
9
9
13
5
9
13
17
21
5
9
5
9
13
17
23
12
16
20
5
9
13
17
5
9
5
15
19
20
5
7
17
11
12
26
20
36
5
14
5
54
9
20
24
6
12
16
13
22
26
24
15
19
41
45
49
53
57
61
71
75
17
21
25
5
9
5
9
5
9
5
9
5
9
13
17
27
31
18
24
42
5
9
5
9
15
13
17
5
9
13
17
5
9
5
9
5
9
14
18
19
22
27
31
5
14
18
16
20
24
5
9
5
9
5
9
11
15
20
5
30
9
13
20
19
31
35
39
5
9
13
17
18
23
27
29
31
35
39
49
53
76
80
83
84
92
95
99
106
103
109
118
119
122
126
130
135
134
142
144
146
145
150
153
157
159
163
164
168
170
172
175
180
180
183
185
186
187
191
191
195
197
201
200
205
205
209
211
211
210
216
223
218
227
228
227
232
230
237
236
242
242
246
249
252
247
256
262
265
266
260
270
275
266
280
280
284
285
289
289
292
293
285
297
302
302
291
309
306
298
313
315
316
316
321
327
337
344
348
350
352
359
362
363
367
367
366
373
374
378
380
384
386
390
396
400
403
407
417
421
425
425
434
435
438
441
442
440
450
456
453
460
462
462
460
470
474
474
476
481
481
483
485
488
483
493
500
503
507
513
517
528
532
566
570
574
578
589
593
594
598
602
632
636
650
654
671
675
679
699
703
706
707
713
904
908
912
991
995
10
14
15
20
17
21
34
6
10
8
12
5
5
13
18
11
19
13
23
20
34
5
9
15
5
15
9
25
29
17
33
27
31
44
35
44
5
16
20
9
9
22
18
5
20
71
9
7
11
86
90
28
34
38
13
44
48
24
52
56
60
64
68
72
76
80
84
88
92
7
11
5
6
15
12
20
24
15
19
26
30
8
12
16
5
9
7
11
15
19
23
5
9
5
9
9
13
5
9
13
17
21
5
9
6
10
14
8
12
25
29
33
10
14
44
48
5
9
13
5
9
13
5
9
5
9
13
5
9
5
9
13
5
9
13
17
5
9
5
9
13
17
21
5
12
16
19
5
9
13
17
5
9
7
11
15
5
9
5
9
13
17
5
9
5
9
13
16
19
15
19
5
11
15
18
19
28
32
17
10
14
32
36
52
62
66
52
57
72
76
14
5
9
89
13
34
7
38
103
107
13
22
18
15
19
122
126
17
21
24
28
9
13
5
9
13
17
21
11
15
36
40
44
48
52
56
5
9
13
5
9
13
5
11
5
12
9
18
22
26
30
8
12
41
45
55
59
19
63
86
54
10
58
101
17
107
111
115
119
123
127
131
135
139
143
147
151
155
159
163
167
171
175
5
9
5
9
13
17
5
9
13
10
14
28
32
36
40
44
48
52
56
60
64
68
72
76
80
84
88
92
96
100
104
108
114
118
13
19
129
133
