5 0.34
10 2.21
15 2.18
20 1.92
25 2.17
30 2.2
35 2.12
40 1.88
45 2.18
50 2.19
55 2.39
60 2.22
65 2.29
70 2.29
75 2.43
80 2.41
85 2.62
90 2.54
95 2.46
100 2.52
105 2.46
110 2.45
115 2.92
120 2.5
125 2.64
130 2.76
135 2.51
140 2.37
145 2.04
150 2.11
155 1.72
160 1.51
165 1.27
170 1.34
175 1.1
180 0.88
185 0.83
190 0.99
195 0.96
200 0.83
205 0.98
210 0.86
215 0.74
220 0.56
225 0.68
230 0.84
235 0.83
240 0.67
245 0.61
250 0.68
255 0.62
260 0.55
265 0.57
270 0.62
275 0.56
280 0.46
285 0.59
290 0.45
295 0.31
300 0.45
305 0.4
310 0.3
315 0.33
320 0.31
325 0.29
330 0.28
335 0.31
340 0.16
345 0.24
350 0.25
355 0.21
360 0.15
365 0.23
370 0.22
375 0.18
380 0.12
385 0.11
390 0.15
395 0.17
400 0.09
405 0.08
410 0.12
415 0.2
420 0.12
425 0.13
430 0.12
435 0.07
440 0.07
445 0.11
450 0.11
455 0.06
460 0.07
465 0.08
470 0.03
475 0.06
480 0.07
485 0.06
490 0.08
495 0.05
922 1.43
5 0.33
10 1.94
15 1.85
20 1.87
25 1.76
30 1.83
35 1.86
40 2.08
45 1.99
50 2.12
55 1.98
60 2.17
65 2.02
70 2.23
75 2.38
80 2.3
85 2.57
90 2.23
95 2.37
100 2.15
105 2.3
110 2.75
115 2.26
120 2.61
125 2.46
130 2.31
135 2.52
140 2.49
145 2.37
150 2.08
155 1.7
160 1.74
165 1.23
170 1.21
175 1.17
180 1.01
185 0.9
190 0.94
195 0.94
200 0.88
205 0.93
210 0.68
215 1
220 0.84
225 0.89
230 0.79
235 0.75
240 0.73
245 0.7
250 0.63
255 0.64
260 0.78
265 0.75
270 0.61
275 0.59
280 0.59
285 0.48
290 0.41
295 0.41
300 0.38
305 0.37
310 0.29
315 0.38
320 0.44
325 0.3
330 0.36
335 0.24
340 0.36
345 0.33
350 0.3
355 0.31
360 0.25
365 0.37
370 0.28
375 0.28
380 0.18
385 0.15
390 0.16
395 0.28
400 0.2
405 0.14
410 0.14
415 0.13
420 0.12
425 0.12
430 0.16
435 0.17
440 0.13
445 0.09
450 0.1
455 0.15
460 0.1
465 0.17
470 0.15
475 0.12
480 0.1
485 0.18
490 0.07
495 0.11
1210 2.24
5 0.47
10 1.93
15 1.64
20 1.83
25 1.89
30 1.82
35 2.08
40 1.84
45 1.79
50 2.14
55 2.06
60 2.1
65 2.05
70 2.24
75 2.29
80 2.09
85 2.57
90 2.07
95 2.17
100 2.73
105 2.53
110 2.19
115 2.4
120 2.62
125 2.45
130 2.5
135 2.6
140 2.33
145 2.35
150 1.92
155 1.84
160 1.74
165 1.33
170 1.34
175 1.23
180 0.95
185 0.97
190 0.97
195 0.9
200 1.06
205 0.77
210 0.95
215 0.98
220 0.82
225 0.82
230 0.68
235 0.76
240 0.71
245 0.88
250 0.58
255 0.83
260 0.66
265 0.76
270 0.65
275 0.56
280 0.52
285 0.41
290 0.42
295 0.54
300 0.46
305 0.45
310 0.32
315 0.39
320 0.36
325 0.39
330 0.33
335 0.28
340 0.26
345 0.36
350 0.25
355 0.29
360 0.38
365 0.29
370 0.28
375 0.17
380 0.25
385 0.21
390 0.17
395 0.24
400 0.12
405 0.17
410 0.19
415 0.09
420 0.11
425 0.19
430 0.09
435 0.16
440 0.13
445 0.13
450 0.18
455 0.16
460 0.09
465 0.04
470 0.05
475 0.08
480 0.14
485 0.09
490 0.07
495 0.09
1002 2.18
5 0.29
10 1.8
15 1.8
20 1.88
25 1.77
30 1.89
35 1.84
40 2.05
45 2.04
50 1.92
55 1.92
60 1.98
65 2.17
70 2.4
75 2.08
80 2.11
85 2.13
90 2.22
95 2.25
100 2.23
105 2.25
110 2.33
115 2.41
120 2.36
125 2.46
130 2.2
135 2.45
140 2.39
145 2.19
150 2.11
155 2.19
160 1.83
165 1.72
170 1.31
175 1.14
180 1.03
185 1.11
190 1.07
195 0.85
200 0.95
205 0.9
210 0.81
215 0.85
220 0.86
225 0.8
230 0.76
235 0.87
240 0.88
245 0.63
250 0.59
255 0.79
260 0.61
265 0.59
270 0.65
275 0.66
280 0.48
285 0.49
290 0.62
295 0.58
300 0.57
305 0.54
310 0.53
315 0.43
320 0.41
325 0.3
330 0.41
335 0.33
340 0.24
345 0.29
350 0.28
355 0.41
360 0.26
365 0.18
370 0.21
375 0.22
380 0.21
385 0.23
390 0.16
395 0.21
400 0.27
405 0.2
410 0.16
415 0.2
420 0.28
425 0.12
430 0.08
435 0.22
440 0.07
445 0.12
450 0.18
455 0.1
460 0.07
465 0.13
470 0.09
475 0.1
480 0.09
485 0.07
490 0.08
495 0.08
1210 2.33
5 0.27
10 2.09
15 1.74
20 2.06
25 1.84
30 2.07
35 2.15
40 2.13
45 1.9
50 1.95
55 2.16
60 2.25
65 2.23
70 2.38
75 2.32
80 2.4
85 2.37
90 2.43
95 2.34
100 2.42
105 2.43
110 2.96
115 2.66
120 2.55
125 2.51
130 2.54
135 2.63
140 2.39
145 2.25
150 1.98
155 1.84
160 1.69
165 1.46
170 1.16
175 1.26
180 0.93
185 0.99
190 0.92
195 0.8
200 0.99
205 0.8
210 0.86
215 0.84
220 0.86
225 0.89
230 0.85
235 0.75
240 0.7
245 0.61
250 0.54
255 0.58
260 0.63
265 0.47
270 0.58
275 0.53
280 0.46
285 0.57
290 0.5
295 0.5
300 0.39
305 0.48
310 0.33
315 0.36
320 0.32
325 0.29
330 0.31
335 0.27
340 0.25
345 0.22
350 0.22
355 0.2
360 0.25
365 0.18
370 0.08
375 0.13
380 0.14
385 0.21
390 0.2
395 0.21
400 0.21
405 0.11
410 0.16
415 0.14
420 0.1
425 0.12
430 0.1
435 0.18
440 0.15
445 0.15
450 0.1
455 0.1
460 0.08
465 0.06
470 0.07
475 0.04
480 0.13
485 0.1
490 0.07
495 0.04
939 1.79
5 0.36
10 1.79
15 1.94
20 1.6
25 2.05
30 1.91
35 1.56
40 2.12
45 2.01
50 2.01
55 2.35
60 2.17
65 2.19
70 2.08
75 2.04
80 2.38
85 2.18
90 2.43
95 2.5
100 2.4
105 2.66
110 2.18
115 2.67
120 2.64
125 2.69
130 2.24
135 2.32
140 2.36
145 2.32
150 2.1
155 1.93
160 1.68
165 1.49
170 1.46
175 1.15
180 1.06
185 0.86
190 0.99
195 0.94
200 0.93
205 0.76
210 0.94
215 0.86
220 0.72
225 0.65
230 0.78
235 0.81
240 0.57
245 0.81
250 0.84
255 0.65
260 0.71
265 0.64
270 0.66
275 0.57
280 0.46
285 0.59
290 0.48
295 0.31
300 0.47
305 0.52
310 0.34
315 0.41
320 0.4
325 0.3
330 0.34
335 0.44
340 0.33
345 0.31
350 0.25
355 0.31
360 0.29
365 0.23
370 0.22
375 0.21
380 0.15
385 0.26
390 0.2
395 0.21
400 0.14
405 0.15
410 0.18
415 0.25
420 0.18
425 0.14
430 0.2
435 0.11
440 0.08
445 0.17
450 0.13
455 0.07
460 0.09
465 0.08
470 0.13
475 0.09
480 0.07
485 0.1
490 0.06
495 0.11
1066 1.73
5 0.32
10 1.99
15 1.99
20 1.66
25 1.75
30 1.95
35 2.05
40 2.1
45 1.77
50 2.07
55 1.85
60 2.04
65 2.47
70 1.9
75 2.02
80 2.35
85 2.24
90 2.35
95 2.21
100 2.42
105 2.53
110 2.46
115 2.42
120 2.64
125 2.54
130 2.43
135 2.19
140 2.22
145 2.13
150 2.46
155 1.8
160 1.92
165 1.51
170 1.26
175 1.47
180 1.1
185 1.08
190 0.95
195 0.87
200 0.91
205 0.77
210 0.9
215 1.01
220 0.78
225 0.83
230 0.92
235 0.79
240 0.62
245 0.67
250 0.65
255 0.7
260 0.67
265 0.53
270 0.57
275 0.64
280 0.44
285 0.62
290 0.56
295 0.38
300 0.5
305 0.48
310 0.37
315 0.48
320 0.35
325 0.38
330 0.28
335 0.33
340 0.26
345 0.38
350 0.38
355 0.2
360 0.27
365 0.23
370 0.24
375 0.13
380 0.26
385 0.21
390 0.17
395 0.19
400 0.2
405 0.18
410 0.14
415 0.16
420 0.14
425 0.2
430 0.14
435 0.12
440 0.13
445 0.16
450 0.12
455 0.11
460 0.09
465 0.08
470 0.12
475 0.1
480 0.08
485 0.04
490 0.06
495 0.11
1084 1.99
5 0.28
10 2.1
15 1.89
20 1.81
25 2.07
30 2.09
35 1.69
40 2.09
45 2.15
50 2.13
55 2.04
60 2.05
65 2.26
70 2.41
75 2.09
80 2.38
85 2.36
90 2.36
95 2.51
100 2.3
105 2.27
110 2.68
115 2.68
120 2.47
125 2.6
130 2.16
135 2.26
140 2.4
145 2.26
150 1.86
155 1.66
160 1.63
165 1.54
170 1.35
175 1.24
180 1.15
185 1.06
190 1.01
195 0.99
200 0.94
205 0.9
210 1
215 0.89
220 0.87
225 0.73
230 0.81
235 0.65
240 0.68
245 0.77
250 0.57
255 0.66
260 0.67
265 0.78
270 0.56
275 0.43
280 0.47
285 0.52
290 0.46
295 0.46
300 0.42
305 0.47
310 0.37
315 0.33
320 0.35
325 0.44
330 0.33
335 0.29
340 0.27
345 0.26
350 0.28
355 0.27
360 0.18
365 0.22
370 0.16
375 0.22
380 0.25
385 0.2
390 0.12
395 0.17
400 0.18
405 0.08
410 0.22
415 0.18
420 0.18
425 0.19
430 0.11
435 0.18
440 0.13
445 0.19
450 0.19
455 0.15
460 0.06
465 0.11
470 0.11
475 0.06
480 0.04
485 0.05
490 0.06
495 0.07
884 1.71
5 0.33
10 1.62
15 1.74
20 1.66
25 1.91
30 1.88
35 2.19
40 1.99
45 1.92
50 2.06
55 2.31
60 1.87
65 1.96
70 2.2
75 2.23
80 2.04
85 2.18
90 2.01
95 2.5
100 2.44
105 2.44
110 2.21
115 2.48
120 2.65
125 2.47
130 2.44
135 2.34
140 2.4
145 1.99
150 2.11
155 1.97
160 1.59
165 1.58
170 1.59
175 1.34
180 1
185 1.14
190 1.05
195 0.88
200 0.8
205 1.07
210 0.86
215 0.98
220 0.97
225 0.88
230 0.72
235 0.81
240 0.68
245 0.89
250 0.72
255 0.57
260 0.7
265 0.66
270 0.56
275 0.52
280 0.48
285 0.58
290 0.48
295 0.43
300 0.37
305 0.51
310 0.43
315 0.48
320 0.37
325 0.43
330 0.36
335 0.29
340 0.42
345 0.38
350 0.39
355 0.28
360 0.26
365 0.32
370 0.26
375 0.25
380 0.22
385 0.26
390 0.16
395 0.24
400 0.15
405 0.16
410 0.13
415 0.15
420 0.08
425 0.1
430 0.18
435 0.18
440 0.16
445 0.11
450 0.12
455 0.09
460 0.06
465 0.09
470 0.14
475 0.03
480 0.08
485 0.09
490 0.1
495 0.12
1130 1.93
5 0.29
10 1.83
15 1.72
20 1.88
25 1.71
30 1.7
35 1.93
40 2.12
45 2.04
50 2
55 2.33
60 1.85
65 2.05
70 1.95
75 2.14
80 2.24
85 2.52
90 2.18
95 2.35
100 2.42
105 2.37
110 2.39
115 2.21
120 2.41
125 2.25
130 2.39
135 2.54
140 2.4
145 2.27
150 1.92
155 2
160 1.89
165 1.45
170 1.34
175 1.24
180 1.2
185 1.11
190 1.18
195 0.67
200 0.89
205 0.98
210 1.01
215 0.87
220 0.84
225 0.77
230 0.81
235 0.77
240 0.71
245 0.68
250 0.66
255 0.76
260 0.69
265 0.64
270 0.68
275 0.69
280 0.48
285 0.47
290 0.53
295 0.46
300 0.44
305 0.48
310 0.44
315 0.39
320 0.3
325 0.38
330 0.45
335 0.33
340 0.37
345 0.35
350 0.29
355 0.27
360 0.34
365 0.21
370 0.21
375 0.23
380 0.32
385 0.29
390 0.25
395 0.13
400 0.25
405 0.2
410 0.23
415 0.19
420 0.18
425 0.13
430 0.17
435 0.12
440 0.1
445 0.16
450 0.14
455 0.17
460 0.13
465 0.12
470 0.12
475 0.07
480 0.17
485 0.07
490 0.04
495 0.08
1034 1.82
