5
5
6
10
17
15
5
6
21
9
40
21
16
30
19
39
11
36
61
5
9
27
57
82
10
33
5
22
14
56
13
114
22
132
168
99
136
102
119
75
42
32
77
145
64
130
126
60
204
106
192
142
197
190
78
254
121
17
202
188
66
96
19
24
258
37
207
186
167
284
5
316
48
210
17
53
49
192
222
99
5
79
47
169
23
104
338
195
425
389
22
69
323
433
387
447
317
325
242
165
16
51
231
501
228
18
219
126
291
139
74
79
526
243
14
49
36
5
383
131
321
544
17
26
194
251
268
249
210
202
457
78
112
15
358
117
274
257
35
31
14
26
5
610
258
9
32
84
8
515
5
462
136
442
413
440
375
28
554
456
375
42
22
494
293
357
311
17
216
277
551
6
14
508
172
315
11
288
157
88
214
457
452
449
45
429
745
378
11
461
41
420
383
659
391
839
759
627
87
53
407
53
76
26
410
27
372
369
22
173
271
180
11
71
142
56
5
5
114
784
133
63
18
55
688
8
599
14
5
11
150
199
593
203
555
27
188
314
143
321
14
12
5
993
11
216
761
167
33
32
21
14
1030
24
1036
1020
1015
932
941
853
641
5
128
897
6
611
819
359
324
112
398
24
119
5
126
715
705
15
46
368
17
43
15
5
729
661
688
441
498
401
147
348
1135
99
1103
331
172
1064
116
14
251
986
1150
24
1098
104
1059
499
763
5
150
491
99
411
162
101
1096
6
1048
502
362
726
83
1213
559
899
538
504
881
478
24
50
156
13
145
874
1333
768
72
42
721
428
289
240
294
209
181
14
16
59
1481
42
569
1427
16
1386
1351
457
1334
1258
429
409
1133
768
881
1264
776
731
584
631
401
573
286
394
23
173
1012
24
980
870
255
819
1442
820
724
87
718
604
78
574
1403
1321
278
59
208
1270
179
204
1558
1153
1547
197
1475
1361
202
1319
115
1317
1129
1214
1137
843
1025
132
975
1016
881
792
1178
771
702
579
619
575
1018
408
1016
380
1366
455
390
344
388
303
304
1173
289
1164
287
391
405
1030
1740
1656
859
1797
1490
1284
1744
1203
1007
444
976
382
1573
368
1567
399
370
1563
342
328
879
812
1711
635
1685
588
1556
356
524
1602
1470
1454
1808
1455
1772
1362
1607
1235
1563
1117
976
1570
815
1598
757
684
1550
665
986
625
458
1602
420
1408
850
1097
817
669
530
1524
635
1521
619
588
588
534
1480
449
1392
1208
1833
1159
1784
1117
1697
755
1687
704
1588
1583
621
1584
571
1387
574
1317
562
1196
521
1193
1114
1130
1068
1134
869
1108
782
1061
690
1000
638
1003
842
632
823
617
792
553
2019
1981
1636
891
847
1620
1595
1260
1544
1258
1534
1228
1494
1053
1469
948
1437
763
1221
763
1000
962
776
679
2049
2000
2001
1208
1938
1195
1723
1079
1001
1708
964
1311
771
1234
1212
756
820
1616
1570
1574
1534
1530
1470
2211
1198
2108
1829
1183
1728
1146
1578
1087
1486
1066
1471
936
1151
890
1128
848
1106
1046
1445
941
1449
1438
868
1439
865
1417
1017
1004
950
873
1307
1084
1170
1046
1063
911
965
2154
2147
2149
2073
2071
2035
2001
1997
1835
2297
1736
2280
1730
1902
1717
1902
1647
1805
1587
1470
1735
1458
1377
1634
1379
1608
1377
1586
1248
1560
1239
1512
1501
1073
1257
1054
1257
1729
1861
1595
1668
1468
1595
1462
1449
1439
2622
1368
2465
1250
2402
1094
2285
2430
2173
2390
2134
2328
2087
2315
2011
2201
1971
2028
1852
1902
1822
1261
1795
1729
2275
1674
2258
1500
2246
1393
2206
1149
1820
1752
1521
1490
1487
1483
2158
1393
2104
1229
2067
1204
2029
1752
1721
1712
1599
1593
1588
1464
1431
1397
1317
2419
1321
2399
1269
2351
2311
2312
2298
2128
2102
1801
1934
1780
1866
1657
1823
1652
1817
1514
1772
1767
2830
1732
2707
1729
2667
1657
2603
1631
2376
1632
2374
1421
2302
1395
2245
2204
2087
2031
1881
1603
1815
1664
1551
1434
2578
2452
2161
2058
2001
1979
1944
1904
1611
1533
1476
1478
2830
2819
2731
2672
2957
2883
2836
2774
2543
2521
2418
2383
2345
2309
2046
1857
1785
1721
1723
1592
2122
2121
1976
1937
1866
1828
1759
1712
1648
2964
2937
2858
2898
2778
2829
2745
2726
2592
2631
2472
2464
2317
2468
1893
2425
1837
1832
1686
2911
2763
2761
2753
2727
2585
2516
2164
2074
2040
1946
1910
2417
2408
2359
2240
2156
2114
2108
2805
2792
2707
2535
2515
2419
2413
2306
2248
2108
2093
2089
3492
2079
3461
2037
3429
2019
3371
3513
3240
3496
3157
3423
2973
3312
2432
3271
2398
3239
2383
3058
2339
3017
2271
2913
2202
2899
2124
2817
2028
2800
2773
2764
2736
2667
2583
2276
2113
2102
3520
3523
3512
3086
2970
2939
2718
2702
2673
2563
2417
2308
2210
2202
2162
3200
3199
3090
3018
2984
2921
2829
2778
2738
2717
2644
2344
2963
2957
2817
2789
2720
2669
2541
2453
4116
4070
3970
3951
3845
3826
3826
3648
3632
3583
3547
3543
3540
3534
3490
3473
3452
3433
3288
3172
3053
2873
2826
4391
4324
4183
4072
3868
3867
3790
3751
3739
3550
3390
3359
3289
3275
3275
3177
3081
3009
3006
4565
4483
4406
4277
4279
4198
4163
4119
3844
3840
3540
3402
3196
5
5
5
5
5
5
8
19
20
5
32
5
13
43
16
41
49
5
64
11
15
80
46
23
49
49
79
27
76
54
43
152
34
10
12
15
28
17
6
98
72
44
39
227
75
5
121
53
88
56
223
35
23
90
13
49
5
55
195
42
20
47
214
45
17
5
32
6
25
162
21
13
20
26
45
14
5
8
6
300
14
216
359
190
5
173
280
318
18
45
9
26
140
10
127
14
22
59
387
28
72
110
10
6
16
70
7
176
6
148
48
13
141
5
15
5
145
8
69
23
40
171
16
46
7
70
131
65
5
12
267
444
6
329
484
163
474
46
295
505
503
6
500
486
370
490
340
266
267
216
39
234
221
250
364
44
388
383
262
63
233
14
106
72
320
323
65
300
6
630
218
40
664
91
78
55
483
636
383
116
119
62
24
318
322
77
164
70
802
656
566
759
92
541
23
471
777
437
218
830
719
26
110
430
197
592
534
508
131
477
33
22
174
328
431
244
888
591
477
52
22
462
14
405
408
14
876
179
834
19
14
361
925
272
887
145
16
893
366
858
325
5
842
799
840
810
705
104
344
145
358
16
13
110
33
35
683
353
1037
272
15
812
997
272
928
401
906
848
14
672
22
65
772
648
719
564
133
5
5
749
286
472
240
156
497
473
17
145
5
472
14
341
306
860
245
302
145
254
102
31
759
543
631
618
17
593
165
905
557
459
283
438
519
5
512
421
508
360
228
487
71
417
161
60
775
41
37
26
146
652
43
5
646
242
286
6
444
308
13
38
1167
1030
68
1005
65
214
644
1017
899
738
623
567
454
315
35
137
37
105
31
92
13
7
42
5
27
5
204
50
5
8
8
55
273
1481
10
1269
905
1220
11
1196
1098
25
931
12
804
311
5
286
45
858
223
164
85
144
1208
918
915
548
806
810
721
610
79
127
573
326
949
275
887
188
773
180
542
884
846
548
797
879
778
759
497
1700
532
716
720
680
508
681
466
1724
398
1612
404
664
296
596
230
479
1450
443
1242
402
1116
1107
409
1030
324
730
295
709
636
637
564
818
462
571
353
573
356
490
327
1875
727
1724
638
1673
629
587
1482
1389
1042
1305
1025
1100
973
1037
924
876
643
701
587
823
499
796
433
612
532
820
483
795
752
449
573
441
549
427
489
465
697
427
690
516
408
598
520
2020
460
2014
1908
443
1784
1751
1735
1395
1465
1332
1404
1285
1186
1282
1175
1254
1230
1132
1178
1094
1012
1176
947
1124
920
1085
550
1076
1000
756
1137
747
1141
666
1113
1092
1074
947
939
907
867
900
781
904
835
754
2059
1462
1439
1415
1321
1235
1431
1169
1418
1135
892
1200
721
1113
714
1048
1589
721
1233
1198
949
858
814
770
2168
760
1795
1521
1751
1522
1672
1520
1543
1434
1535
1108
1065
1327
1066
1275
1066
1241
1060
990
894
749
2187
2146
2147
2055
2000
1836
2270
1743
2276
1679
2098
1630
2076
1569
1815
1527
1816
1503
1698
1490
1598
1432
1439
1140
1338
841
838
1139
1064
953
908
2461
2342
2195
2190
1898
1959
1854
1871
1842
1780
1842
1753
1825
1734
948
1632
1575
2243
1566
2243
1517
2090
1246
2046
1157
2045
2004
2107
1745
2092
1738
2076
1660
2064
1614
1915
1546
1742
1499
1734
1501
1668
1421
1607
1362
1538
1349
1464
1056
1253
1193
1093
1039
2558
2532
2427
2207
1832
1568
1269
1264
1621
1394
1937
1884
2141
1866
2126
1775
2011
1754
1926
1254
1928
1216
1885
1887
1884
1844
1787
1779
1717
1649
1643
1547
1476
1450
1424
1423
1422
2845
1400
2706
2694
2596
2863
2489
2863
2482
2721
2473
2621
2396
2525
2270
2512
1839
2415
1422
2412
2284
2277
2217
2183
2127
2111
2019
1858
1457
2967
2850
2756
2663
2658
2513
2503
2425
2374
1849
2221
1708
2088
1589
2075
1533
1741
1493
2480
2443
2318
2319
2035
1963
1639
1636
1621
1559
2632
2614
2374
2300
2250
2234
1937
3087
1832
2935
1734
2876
1708
2772
1635
2707
1639
2540
2543
2509
2508
2339
2050
2854
2011
2724
1972
2642
1750
2492
1731
2436
2330
2035
2017
1861
3166
3047
2952
3319
2938
3309
2881
3278
2820
3251
2634
3255
2585
3215
2565
3076
2550
3048
2552
2948
2382
2921
2290
2915
1903
2918
1894
2918
1817
2870
2869
2778
2683
2036
3234
3165
3011
3001
2979
2975
2918
2824
2687
2673
2661
2381
2382
2345
2345
2302
2170
3555
1978
3504
3351
3337
3286
3266
3249
3205
2979
2953
2913
2772
2639
2610
2527
3181
2494
3042
2483
2851
2443
2728
2298
2715
2173
2658
2161
2534
2102
2527
2075
2386
2112
3187
3158
3156
3089
2994
2967
2893
2746
2722
2721
2716
2438
2335
3608
3611
3391
3381
3326
3111
2992
2906
2829
2806
2810
2683
2557
2552
2498
2462
2445
3006
2720
2662
2657
2648
2585
4207
4199
3956
3796
3652
3653
3539
3303
3107
3082
2933
2928
2891
4266
4266
4226
4050
3985
3897
3674
3652
3604
3316
2988
2892
4546
4499
4479
4456
4362
4333
4325
4212
4022
3993
3994
3866
3856
3638
3360
3327
3260
3222
3184
3186
3189
3099
5068
4883
4885
4889
4753
4713
4686
4638
4583
4545
4534
4252
4019
3902
3897
3882
3812
3769
3629
3582
5
5
9
8
5
6
5
9
16
5
17
5
17
6
36
19
13
10
43
24
14
23
43
76
44
15
94
22
28
13
8
41
13
5
12
9
73
57
91
143
6
93
33
24
8
27
5
6
22
159
159
6
10
6
187
26
34
211
11
164
23
5
200
5
11
236
194
81
231
266
14
138
162
128
113
242
58
178
221
242
340
165
26
168
32
9
10
102
35
167
17
145
314
96
80
171
160
5
68
323
264
414
129
103
117
116
12
263
13
59
88
343
373
303
32
475
36
251
381
6
381
223
325
5
5
14
519
325
337
146
5
14
108
411
22
334
381
246
298
126
121
12
259
54
222
251
317
115
286
270
72
240
403
22
89
64
297
67
366
131
147
146
14
95
115
233
127
11
97
36
43
14
114
16
40
14
271
641
23
416
83
594
60
244
388
282
75
265
130
204
179
88
87
76
40
6
162
430
105
51
5
40
55
15
36
17
384
5
16
309
5
244
13
173
386
74
356
350
251
8
47
324
14
144
5
30
29
5
12
122
252
6
255
347
258
346
322
175
6
222
124
12
52
5
88
7
28
36
6
276
18
46
772
61
262
28
96
20
18
13
18
106
59
530
522
782
503
456
247
8
179
48
925
17
127
919
885
915
683
167
5
8
14
669
103
6
16
21
40
84
49
206
9
107
699
894
688
849
378
314
787
300
8
10
197
21
105
127
1088
779
557
1099
16
627
291
624
74
25
46
27
79
24
15
27
549
7
547
44
72
12
13
5
1206
9
1082
498
379
276
1209
1108
6
29
948
950
22
13
1072
20
680
170
588
925
29
32
294
1487
33
10
14
1429
5
1400
13
1370
11
1513
7
1275
216
1383
66
48
1287
26
1348
13
1087
236
1086
895
116
1520
382
230
739
1102
685
1094
569
1031
569
1024
568
1020
551
1015
960
402
858
387
606
214
596
208
157
197
149
136
205
574
481
1285
1228
328
1086
1083
1689
1077
1661
1061
1593
989
1554
1723
1420
1423
1697
1131
924
1649
927
1425
766
1400
644
1499
481
351
1454
329
1381
283
1130
361
331
408
290
291
1204
1022
827
959
612
578
1065
453
1035
421
358
854
830
339
889
795
884
696
886
652
760
550
438
888
830
1734
1614
715
1604
1899
1444
1434
1838
1420
646
1380
826
1687
825
1603
729
869
503
442
773
764
684
686
1952
1875
655
1768
1755
581
1756
1727
574
1677
497
1441
1394
1388
615
1298
481
1286
1204
954
1205
790
1192
714
1180
702
1182
554
522
1087
1059
808
1977
766
1807
750
1655
647
1643
626
1640
1634
1784
1578
1667
1554
1646
1426
1637
1388
1579
1350
1300
1315
1120
1221
940
898
898
867
876
784
729
692
688
769
1906
708
1850
1817
1607
1299
1201
1097
938
888
778
1762
1625
1567
1612
1240
1607
1185
1572
1185
1556
919
1191
730
886
882
2274
2265
2246
2246
1997
1998
1788
1754
1942
2295
1826
2247
2220
2210
2102
2000
2108
2065
2060
1926
2042
1695
1472
1931
1429
1882
1340
1719
1112
1685
1105
1575
960
1359
1232
2111
1236
2081
1197
2027
1053
2002
916
1897
2099
1734
1655
1548
1556
1370
1476
1266
1233
1825
1232
1165
1765
1765
1132
1124
1747
990
1684
984
1662
1567
1995
1947
1387
1861
1231
1638
1168
1248
1161
1193
1106
1147
968
1060
2266
1339
2200
1277
2031
1280
1831
1132
1725
1683
1486
1278
1134
1128
2386
2091
1880
2383
1839
2328
1438
2299
1356
2237
1328
2058
1110
2062
1705
2585
1637
2561
1590
2439
1512
2386
1466
2291
2203
2146
1370
2144
1292
2100
1187
2080
1160
2080
1132
1995
1970
1863
1841
1688
1660
1572
1528
1392
2215
1379
2214
1273
2203
1233
2097
2078
1926
1914
1837
1818
1731
1635
1633
1557
2778
1536
2683
1498
2614
1334
2518
2307
2483
2194
1904
1787
1583
1471
1432
1741
1348
1734
1334
1675
1409
1398
2309
2286
2282
2215
2092
2005
1797
1404
1761
1758
1743
1721
1690
1630
1620
1435
2639
1915
2579
1808
2365
1777
2313
1708
2033
1692
2027
1692
1856
1859
1825
1802
1890
1765
1670
1567
1637
2736
2726
2609
2578
2373
2373
2155
1894
1878
1680
3149
3070
2922
2697
2677
2460
2260
2092
1795
1699
1672
3235
3140
3108
3103
3089
3027
2696
2634
2449
2942
2448
2946
2409
2817
2370
2800
2327
2800
2798
2299
2684
2156
2688
2152
2629
2010
2633
1782
2560
2357
2314
2245
2118
1976
1856
1833
2791
2705
2709
2470
2471
2387
2252
2164
1995
3196
3117
2888
2890
2774
2446
2423
2176
2119
3249
3243
3166
2964
3541
2788
3492
2679
3449
2651
3446
2621
3397
2483
3385
2390
3337
2233
3319
3275
3212
3201
3045
2953
2886
2868
2870
2709
2688
2648
2641
2486
2449
2439
2437
2437
2437
2389
2331
2250
3107
3073
3076
3965
3074
3924
2963
3832
2851
3733
2554
3666
2515
3659
2496
3656
3634
3638
3406
3236
3141
3108
3003
2916
2855
2856
2846
2636
3988
3992
3991
3684
3619
3573
3517
3503
3499
3319
3150
3144
3069
3028
3003
2934
2846
2787
2723
2699
4377
4332
4305
4238
4104
4058
3761
3740
3683
3648
3611
3612
3594
3572
3423
3400
3324
3303
3279
4807
4787
4765
4667
4551
4542
4538
4533
4525
4465
4370
4223
4072
3906
3680
3650
3594
5
5
8
5
9
8
7
5
8
9
14
5
18
19
6
16
34
11
31
22
5
22
12
6
57
47
42
14
10
9
89
39
33
37
30
75
38
19
38
60
12
6
76
10
14
114
97
108
15
86
28
133
29
152
67
80
63
97
90
70
50
35
50
24
5
295
5
259
78
104
261
19
98
164
85
109
19
211
184
155
72
5
16
96
23
9
342
32
91
116
17
255
93
101
43
58
6
377
256
179
208
364
5
53
264
117
82
38
15
106
19
75
11
405
56
285
218
25
5
463
9
60
174
13
489
336
330
178
198
547
170
159
297
87
531
302
426
9
525
411
261
436
391
218
168
451
42
177
171
554
388
128
135
53
5
59
165
299
9
512
54
29
596
353
490
122
323
107
56
19
336
14
6
686
689
6
489
54
646
758
101
95
520
421
385
510
484
399
815
100
305
86
803
83
7
838
831
838
37
440
16
416
44
420
190
120
867
423
715
672
616
273
22
466
12
413
18
33
27
750
610
565
710
488
275
431
840
99
65
13
381
844
484
186
448
773
323
629
283
260
238
749
738
618
183
619
83
594
45
510
406
99
269
5
909
16
66
24
8
715
8
714
179
618
549
69
315
875
15
792
5
5
158
1147
112
82
578
25
481
802
1156
10
1033
494
674
397
677
377
657
1087
657
27
558
362
348
23
28
23
47
1094
377
1065
384
989
252
379
234
12
186
74
13
180
460
7
5
979
439
913
914
163
857
1301
810
394
739
741
1369
1309
112
43
1341
1359
17
1258
1158
1220
1081
928
448
76
296
286
1095
269
1084
1415
1357
1003
1330
1290
823
954
929
966
1445
6
23
865
596
841
497
1119
504
1026
486
413
1354
799
408
1414
1545
1156
1067
1002
1068
784
1129
1565
1483
1072
1015
1432
972
1396
1272
972
1533
946
1512
1025
224
1029
845
763
981
1201
316
1198
285
919
613
463
576
1172
1265
179
450
162
453
1272
1024
1234
959
852
256
1589
466
540
411
380
762
1320
537
461
1074
1291
330
1565
1160
1271
1161
1300
971
940
1224
915
580
1577
785
1204
1108
815
782
399
1439
736
689
496
483
477
1486
1170
460
1070
690
593
629
565
568
384
1374
1372
698
610
1091
422
982
1252
986
380
1112
944
1104
915
992
820
887
814
1387
1340
748
596
1346
714
1235
597
1208
591
1071
450
1066
1061
610
666
1542
881
1443
984
1297
961
1173
869
1176
847
1133
842
1135
705
993
641
907
634
891
588
889
580
870
571
737
1456
674
1448
559
1323
1326
1157
1303
961
1223
881
918
799
581
654
646
607
862
1811
1907
638
1748
1668
1302
1483
1284
1336
1288
1259
1176
1160
1117
1103
1090
1094
1008
862
1040
843
1028
791
986
774
942
769
818
2030
1840
765
1789
1612
1778
1568
1569
1559
1472
1449
1422
1093
1150
919
1042
798
1045
782
989
1121
897
1100
888
889
1063
914
2336
1920
2337
1789
2259
1673
2255
1653
2233
1473
1413
2037
1379
1826
1347
1643
1325
1626
1321
1628
1315
1453
1246
1434
1175
1390
1122
1354
1116
1194
1115
1088
983
940
964
958
913
1787
2296
1764
2129
1716
2009
1578
1938
1466
1825
1806
1439
1801
1752
1443
1650
1196
1332
1328
1263
1996
1258
1374
1266
1252
1245
1218
1181
1216
1023
1201
1024
1169
1133
1088
1078
1750
1713
1694
1612
1336
1328
1305
1296
2201
1297
2182
1218
2181
2053
2004
2005
1899
1927
1830
1920
1829
1900
1813
1488
1741
1393
1313
1718
2151
1654
2155
1634
2037
1612
1911
1270
1877
1214
1764
1213
1761
1212
1725
1718
1643
1988
1571
1951
1564
1884
1472
1886
1411
1512
1276
1411
1256
1401
1317
1264
2563
2429
2401
2339
2158
1951
1828
1832
1828
1765
1799
1680
1715
1654
1652
1587
1382
1300
1648
2480
2477
2408
2232
2230
2201
2086
2021
2013
1925
1864
1794
1797
1733
1529
3066
1727
2967
1615
2970
2836
2759
2706
2655
2453
2226
3010
2175
2984
2013
2976
1756
2736
2632
2629
2608
2534
2420
2422
2390
2384
2356
2228
2160
2161
2128
1835
1779
3221
3054
2976
2898
2846
2750
2650
2378
2739
2249
2701
2136
2521
2081
2518
2012
2372
1992
2198
1906
2141
2128
2436
2093
2336
1930
2112
1925
1895
1898
1856
1860
3173
3140
1849
3087
1849
3036
2896
2842
2689
2678
2670
2483
2477
2343
2230
2231
3342
2229
3200
2220
3189
2208
3192
2157
3099
1951
3037
1890
3023
2854
3001
2848
2915
2746
2919
2728
2735
2700
2723
2535
2678
2484
2512
2395
2439
2203
2387
2127
2254
2006
2211
1947
2171
2149
2141
3547
3490
2755
2733
2583
2570
2550
2313
2302
2294
2298
2246
2248
3323
2188
3226
3205
3123
3002
2848
2790
2729
2668
2642
2608
2573
2518
2399
2396
2344
2262
2257
2252
2248
2963
2902
2726
2723
3022
2723
2811
2581
2657
2474
2607
2434
2507
2346
2227
3185
3187
2933
2891
2606
2314
2308
3694
3512
3499
3452
3240
3239
3239
3596
3230
3581
3139
3563
3071
3447
3002
3099
2923
2959
2878
2769
2762
2679
2698
2661
2664
2665
2434
2644
2395
2633
2618
2567
2526
3542
3365
3323
3177
2679
2591
2567
4157
3965
3831
3830
3784
3715
3701
3669
3546
3309
3284
3136
3067
3057
3032
2880
3157
3103
3047
2899
2838
4631
4219
4169
6240
5
5
5
14
5
9
21
5
10
17
15
5
6
14
11
10
9
15
53
36
82
72
128
6
39
17
17
24
61
5
87
156
104
34
5
43
92
35
62
13
16
22
91
6
29
218
128
180
75
187
72
67
35
31
8
18
91
5
41
153
11
23
7
5
37
159
10
32
172
5
179
251
267
232
286
254
59
168
122
44
34
13
48
210
66
387
42
354
83
441
157
134
66
125
31
252
187
25
39
17
40
82
42
499
154
112
55
432
60
135
119
32
389
29
252
30
413
40
11
495
182
53
5
15
5
120
447
8
31
428
270
510
247
17
11
492
394
395
16
31
181
23
92
573
38
670
633
553
412
11
14
45
17
417
75
166
32
121
447
149
410
14
371
133
93
341
6
297
28
398
14
21
239
334
178
30
25
27
614
16
580
5
192
96
8
110
20
269
378
233
78
43
38
34
17
99
188
10
163
709
5
118
8
138
5
468
427
6
400
18
9
127
6
31
86
27
28
403
17
9
16
5
21
851
468
6
8
358
264
192
27
118
5
395
65
73
43
719
130
670
66
49
374
66
23
604
53
561
1017
516
304
64
6
356
249
306
256
38
79
176
945
432
930
774
1128
1087
706
692
50
936
5
640
802
721
10
683
7
1091
467
110
87
240
224
403
335
37
28
221
197
1133
24
1141
1078
198
6
177
1063
6
112
91
921
766
27
26
5
422
119
15
102
409
39
24
36
13
17
12
9
38
1212
710
1073
672
688
618
6
605
671
451
16
141
1335
33
510
717
17
721
680
947
10
657
282
947
227
893
204
312
544
517
6
493
224
227
15
129
89
403
11
149
58
50
8
414
6
12
117
104
15
14
211
335
125
927
9
45
900
780
826
725
775
722
726
758
548
12
11
623
397
1068
146
443
142
1028
145
1028
32
19
767
1615
1565
1547
717
1498
635
1334
1243
1225
77
948
946
574
906
512
882
494
503
330
386
102
386
852
385
733
337
266
259
238
216
1299
1621
1530
1032
1318
250
1313
248
1277
698
1265
659
1010
988
659
958
627
959
259
962
509
784
788
671
410
624
256
594
799
389
779
382
783
680
746
632
406
630
333
611
312
562
288
508
265
375
275
1763
1694
1793
1685
1645
1662
1619
1647
1592
1641
1389
1430
1347
1314
984
1308
940
879
1237
810
1167
768
1162
600
1101
602
974
559
839
559
766
457
701
569
552
910
1266
853
1202
810
1110
772
710
529
696
525
526
521
509
487
424
466
1183
1005
1040
620
1019
540
1730
960
1563
624
1414
600
1193
501
860
834
780
690
526
592
530
1698
1941
1617
1842
1614
1565
1603
1387
1475
1124
1380
1110
1358
956
1328
886
1300
876
786
1258
695
629
1093
1055
984
863
643
1911
1860
2194
1755
2025
1884
1672
1845
1321
1505
1306
1509
1298
1469
1119
1421
1109
1351
1074
1185
1060
1054
996
875
947
844
2011
1808
1802
1754
2323
1701
2310
1604
2267
1602
2266
1408
2207
1327
2059
1085
2015
1576
1564
1540
1473
1383
2253
1390
2250
1294
2044
1282
1977
1264
1769
1160
1715
1699
1108
1692
1046
1454
1043
1316
1019
1088
980
897
881
874
2463
2398
2057
2276
2056
2246
2021
2239
1755
2221
1656
2200
1167
2105
1072
2032
1961
1962
1914
1679
1680
1914
1663
1856
1644
1692
1579
1665
1534
1642
1243
1576
1129
1473
1103
1470
1035
1376
1221
2131
2058
1858
1861
1854
1658
1628
1516
1420
1509
1367
1398
1171
1260
1149
1223
1085
1214
1152
1094
2717
2700
2647
2621
2472
2469
1817
1820
1728
1572
1336
1327
1230
2687
1211
2622
2482
2440
2284
2114
2069
2070
2015
2014
2767
2016
2476
1986
2446
1949
2375
1693
2333
1386
2330
1339
2184
1302
1493
2051
1463
1928
1467
1880
1843
1836
1785
1674
1395
1622
1524
2032
1943
1765
2315
1722
2142
1586
2136
1417
2123
1398
2112
1385
1853
1388
1835
1760
1541
1438
1438
2963
2823
2819
2791
2568
2543
2507
2436
2220
2148
1959
1953
1954
1691
1550
1533
1506
1490
2676
2226
2027
1857
1788
1669
1582
2828
2769
2773
2758
2742
2745
2743
2514
2475
2265
2247
2178
2056
1768
1764
1764
1709
3192
3190
3109
3006
2985
2978
2964
2943
3221
2909
3085
2855
3065
2743
3036
2726
2943
2686
2930
2542
2842
2479
2827
2239
2830
2225
2499
2163
2371
2160
2363
2143
2306
1814
2308
1803
2231
1795
2123
2084
1940
1930
2967
2962
2813
2728
2666
3424
2568
3330
2439
3273
2008
3265
1993
3198
1890
3186
2928
2885
2827
2728
2685
2566
2522
2449
2161
1979
1962
2597
2459
1986
1954
3559
3346
3292
3264
3142
3062
2943
2935
2547
2551
2437
2258
2169
2139
3590
3448
3310
3088
2906
2574
2276
3854
3795
3797
3762
3726
3356
3159
3108
3098
3055
2863
2723
2539
2447
2414
2366
3897
3803
3673
3647
3544
3535
3534
3423
3370
3317
3157
2924
2896
2523
2443
3185
3137
2898
2693
2630
4421
4384
4484
4156
4427
3990
4379
3963
4344
3892
4003
3833
4000
3470
3721
3404
3637
3216
3377
3173
3325
3164
3180
3151
3054
3028
2986
4695
4322
4313
4263
4462
3858
4450
3795
4233
3646
4125
3614
4092
3549
4094
3480
3865
3407
3807
3349
3742
3200
3642
3481
3447
5
5
9
9
5
22
6
5
45
30
26
54
63
18
5
50
79
72
12
51
128
29
19
24
23
12
29
17
5
12
55
88
139
13
44
5
5
146
22
31
10
14
21
12
100
6
222
203
16
55
121
6
102
169
41
5
13
112
131
125
22
11
33
110
26
177
9
229
213
90
100
248
84
153
106
84
43
81
114
312
84
268
35
390
29
192
32
7
19
6
77
298
30
248
15
129
91
133
24
15
499
91
495
14
13
463
63
396
14
68
518
489
359
22
282
508
167
196
558
459
108
543
6
73
326
53
47
60
337
331
47
100
517
406
516
353
443
119
143
391
6
294
22
15
62
142
5
42
349
29
67
343
449
16
5
103
60
533
450
133
533
11
123
563
16
123
77
10
58
365
140
59
31
5
360
300
5
5
28
312
791
70
744
524
595
548
604
9
532
41
534
622
484
620
436
398
10
388
159
682
159
631
504
11
70
352
343
424
349
61
15
161
156
506
452
46
395
637
559
11
409
403
348
613
309
610
308
673
211
126
558
102
280
66
72
471
448
510
95
974
64
313
382
23
859
298
295
1076
14
1008
280
955
634
47
27
566
264
223
224
380
193
318
984
183
117
10
308
279
185
816
939
93
783
951
721
1210
597
499
6
173
8
44
503
479
486
464
466
19
407
365
249
894
252
843
295
818
730
102
50
25
26
9
1201
1029
1176
595
991
5
286
14
1000
248
997
77
967
927
12
930
65
91
55
11
27
463
34
395
749
359
340
1375
329
306
402
249
369
20
395
156
48
147
381
87
9
1375
1214
44
26
38
9
158
1212
318
222
18
82
30
15
6
287
284
342
286
255
43
1237
680
1139
6
258
550
505
28
22
212
566
67
18
877
400
864
1464
867
1357
866
846
66
639
74
996
986
63
952
36
31
1183
1389
470
550
1326
470
1172
923
349
239
294
129
283
261
93
70
88
172
153
725
1737
1647
647
347
576
572
1471
357
1324
211
307
256
162
169
1680
1710
1523
1702
1683
1491
1680
1323
1579
1314
1154
1155
979
1135
828
832
826
711
565
677
215
1565
444
1393
371
1310
284
1254
263
1361
1707
1326
1646
1283
1621
1267
1604
1195
1587
1054
1415
1038
1282
907
863
1286
742
945
642
946
642
1290
1646
1150
1347
1026
879
1097
867
1099
757
1081
750
628
540
1582
749
484
429
627
490
1533
1229
1528
1070
1327
1055
1258
866
1220
1078
930
956
933
956
925
502
730
655
883
557
867
533
715
433
689
673
491
624
1509
1226
1107
1096
1172
1085
1149
1064
1131
756
1068
712
1069
701
567
1055
1030
1236
946
1206
828
633
825
635
721
538
618
1851
1106
978
970
1752
847
1583
607
1577
1455
1436
1235
1438
1231
1408
1333
1156
1128
982
971
943
796
819
637
2137
2094
2072
2024
1883
1828
1876
1783
1360
1868
1298
1631
1155
1621
780
1600
684
1558
1403
1389
1324
1288
1237
1228
1204
1196
1352
1194
1275
1125
1217
1096
1159
1082
1130
1061
1117
1025
1071
1016
1064
1019
926
966
891
947
830
774
2384
2186
2098
2301
1952
2256
1912
2184
1733
2095
1609
2085
1364
2072
1201
1975
1060
1865
979
1847
950
1819
845
1781
1731
1986
1716
1667
1369
1636
1323
1416
1365
1216
1295
1134
1069
906
1785
2423
1592
2365
1563
2364
1561
2327
1402
1537
1157
1409
1143
1234
1136
1018
1118
2013
1864
1846
1986
1750
1519
1679
1498
1599
1221
1596
1177
1003
1458
1273
1012
2141
1904
1881
1842
1712
1674
1488
1440
1393
1235
1123
2286
2174
2107
2152
2010
1827
1986
1732
1949
1571
1865
1480
1628
1481
1589
1444
1569
1433
1546
1325
1505
1327
1323
1981
1157
1983
1791
1713
1591
1501
1284
1255
2893
2851
1971
2526
1966
2450
1896
2446
1885
1915
1621
1426
2826
2827
2831
2713
2671
2569
2569
2559
2544
2404
2394
2361
2296
2023
1956
1873
1877
1667
1640
1566
1405
2548
2960
2220
2861
2191
2807
2153
2749
2053
2705
1920
2689
1748
2642
1705
2457
1669
2435
1672
2404
1584
2405
1517
2375
2238
2111
2084
2073
1817
2966
2881
2467
2964
2405
2967
2378
2969
2355
2854
2333
2847
2306
2666
2137
2666
2116
2647
1909
2615
1874
2600
1873
2474
1739
2448
1680
2403
1634
2336
1606
2339
1906
1903
1627
2557
1596
2503
2322
2226
1920
1837
1822
3311
3024
3023
2983
2933
2871
2850
2698
2664
2482
2209
2038
2023
2025
3321
1965
3145
1773
3038
1773
2216
1769
2673
2657
2600
2722
2465
2389
2414
2336
2256
2287
2160
2153
2035
2100
1989
2065
1889
1960
1917
1898
1879
1866
1850
2728
2680
2213
1914
1908
1900
1886
3417
3246
3246
3249
3249
3187
3047
3000
2832
2824
2782
2778
2715
2563
2501
2422
2389
2313
2247
2171
2160
2137
2136
2134
3792
3785
3657
3490
3451
3450
3449
3240
3023
3414
2902
3351
2852
3308
2831
3039
2812
2940
2653
2932
2492
2931
2493
2832
2399
2748
2339
2699
2284
2560
2255
2543
2466
3615
3368
3336
3251
3596
3252
3546
3098
3321
2968
3308
2961
3238
2883
2988
2728
2947
2692
2729
2434
2552
2331
4011
3835
3785
3582
3566
3434
3349
3306
3289
3193
3191
3188
2910
2879
6590
6472
6202
5849
5848
5727
5568
5509
5292
5111
5
5
6
5
6
6
5
5
6
34
37
6
27
18
72
41
20
5
13
30
23
10
92
108
20
72
57
68
59
35
25
87
159
81
5
9
10
48
12
5
132
6
37
6
144
194
37
15
5
24
5
178
209
111
6
109
16
17
34
202
35
33
5
14
6
240
62
155
47
113
10
45
6
49
24
280
169
5
314
97
161
81
6
70
17
6
309
207
239
32
300
21
159
135
99
81
54
43
363
383
374
249
218
105
318
370
11
5
324
6
414
295
75
399
358
6
5
52
325
10
58
531
361
322
452
276
412
328
373
251
12
46
299
6
281
22
162
280
339
242
227
194
17
143
30
51
31
222
243
141
91
28
9
8
405
10
333
10
5
321
304
126
665
13
364
249
19
6
611
572
5
231
466
367
286
182
260
20
667
46
534
445
343
6
606
27
579
551
79
794
251
15
233
363
66
169
47
666
795
666
674
632
585
117
142
296
599
119
435
162
125
452
9
62
694
80
130
26
19
26
19
663
628
30
15
273
32
72
267
20
184
11
154
47
114
63
103
15
517
50
452
407
329
15
372
1015
107
60
12
1032
85
773
567
22
1048
38
772
22
851
16
1103
756
210
615
540
637
183
946
179
893
711
158
410
403
73
178
351
181
288
138
160
163
368
708
682
25
642
29
264
170
1227
145
413
32
237
123
21
5
319
42
207
300
207
177
1254
1214
126
1120
1291
14
826
31
306
10
671
179
1098
6
804
8
639
846
530
597
1099
400
56
511
9
831
707
17
341
5
311
288
43
11
314
8
321
84
562
245
508
227
8
126
510
5
448
48
430
12
441
616
406
517
518
409
476
327
231
27
216
994
11
113
7
499
1307
454
1178
427
1166
1097
977
46
81
1010
1012
1369
1257
911
1251
746
1231
646
1119
559
963
916
130
714
701
504
529
146
510
396
435
308
376
272
315
205
1632
1482
190
1436
177
1313
172
1176
152
1124
923
601
803
335
487
252
328
172
247
239
217
1044
183
1458
269
1035
1018
1550
1017
1342
1002
1336
1334
1334
971
972
1086
973
959
1064
950
1060
822
681
1177
533
1035
288
1167
1582
846
1506
784
1456
784
1411
1030
1410
1361
993
1293
1282
833
996
820
983
812
777
787
781
783
729
755
669
627
567
360
488
1497
453
691
853
589
818
558
803
769
633
773
535
547
522
1617
410
1577
1894
1488
1865
1460
1754
1330
1643
1147
1393
1145
1275
964
1194
886
1195
821
1114
727
1102
681
1029
1028
665
979
662
963
942
725
680
1588
564
1446
1323
1219
1194
1082
940
941
914
915
866
1062
683
702
627
568
570
560
1175
2060
891
1933
882
1913
841
1898
765
1879
737
1848
717
1822
1628
1397
1945
1249
1863
1111
1799
1110
1517
867
1491
827
1274
1191
1045
949
865
1040
862
825
827
812
809
874
1173
834
1112
827
1104
776
1082
929
912
883
1748
1676
1296
1270
1633
1143
1575
998
1559
969
1511
848
1430
821
1416
1337
1331
1306
1301
1291
1768
1235
1677
1218
1616
1199
1610
1153
1514
1118
1491
1027
1461
1005
1329
1162
1788
1097
1744
934
1729
920
1462
1466
1341
1272
2302
1207
2224
1184
2177
1160
2147
2085
1978
1955
1768
1708
1400
1264
1531
1213
1522
1137
1108
1518
1044
1480
1374
1329
1297
1137
983
1602
1495
1413
1318
1137
1069
1072
2573
1065
2414
2407
2025
1775
1547
1533
1430
1379
1244
1230
1128
2566
1952
2347
1950
2313
1873
2271
1712
2270
1516
2186
1486
2134
1360
2050
1338
1858
1132
1843
1763
1738
1506
1391
1330
1314
1227
1218
1207
2714
2691
1997
2673
1873
2410
1873
2367
1718
2112
1653
1879
1461
1818
1241
1495
1479
2664
1463
2368
1373
2177
1327
2130
1748
2113
1535
2057
1508
1877
1477
1837
1440
1828
1724
1578
1468
1363
1308
2629
2506
2493
2471
2427
2368
2166
1789
1603
1721
1533
1648
2209
1643
2001
1588
1916
1441
1770
1444
1595
1409
1582
1542
1495
1451
2792
2584
2443
2405
2403
2173
2134
2091
1909
1902
2148
2149
3084
2051
3051
1995
2980
1985
2769
1820
2676
1716
2400
1625
2356
1552
2307
2308
2203
1982
1952
1894
1670
3187
3020
2951
2927
2922
2706
3236
2320
3209
2271
3180
2259
3149
2174
3130
2065
3101
2023
2623
1909
2443
1854
2315
2286
2189
2078
1978
1948
1908
1882
2453
3208
2399
3084
2888
2338
2838
2334
2359
2310
2290
2226
2293
2171
2283
2146
2229
2099
2221
2054
2140
2039
2101
2040
2077
2018
1877
1876
1869
3324
3095
2940
2880
3441
2632
3414
2626
3352
2543
3336
2454
3296
2416
3298
2285
3239
2008
3179
1976
3154
1971
3157
3161
3016
3013
2776
2730
2614
2431
2352
2264
3354
2194
3230
2094
3213
3060
3039
2928
2849
2498
2789
2413
2706
2050
2521
2501
2501
2475
2388
2241
2233
2155
2142
2139
3639
3350
3339
3341
3104
3101
3081
2943
2921
2677
2599
2265
3484
3469
3466
3359
3284
3221
3163
3167
3003
2760
2722
3897
3900
3818
3799
3509
3509
3357
3357
3336
3328
3307
3245
3227
3082
2964
2964
2881
2823
2806
2737
4216
4051
3845
3849
3815
3636
3447
3358
3249
3217
3153
3106
3101
3012
2971
2934
2892
2856
4054
3907
3895
3851
3775
3540
3529
3532
5
5
5
6
28
5
9
12
5
7
38
5
12
5
7
8
5
7
5
8
19
5
23
20
66
20
14
6
40
71
13
14
10
57
123
59
61
16
6
55
17
75
26
34
30
33
57
29
6
78
14
18
5
82
131
53
8
29
6
20
171
280
12
191
81
38
9
280
11
7
167
305
6
156
38
5
13
259
11
67
44
52
368
53
283
232
10
5
308
233
105
89
37
5
351
289
239
21
59
310
56
5
197
9
55
9
6
75
218
161
12
136
5
145
213
271
9
390
284
197
141
124
5
292
39
99
44
11
165
21
19
6
9
298
157
5
28
173
126
444
240
6
606
179
468
25
146
114
127
9
53
159
12
41
75
51
5
16
21
19
614
33
16
304
23
616
284
22
562
44
659
11
434
683
57
283
52
93
25
597
465
420
23
407
695
216
36
147
13
146
8
70
469
447
605
531
431
12
345
382
335
334
328
182
98
98
5
5
49
103
28
15
7
500
75
489
546
460
453
423
9
380
364
530
27
5
193
183
12
41
790
249
775
21
33
83
701
28
648
81
10
7
363
498
1066
328
863
25
507
334
122
512
343
998
914
194
390
102
5
556
302
187
769
774
24
885
6
780
775
17
599
575
106
413
162
114
853
369
121
36
85
15
48
180
5
646
12
588
295
5
221
349
214
255
129
54
51
229
682
113
639
16
32
705
635
574
546
5
499
465
30
561
252
450
138
514
510
5
463
35
54
188
161
16
333
1004
6
90
427
5
227
189
218
143
12
87
20
47
1147
131
1003
1009
927
9
785
41
1014
794
535
417
1008
5
229
8
19
56
263
116
784
103
385
88
240
466
23
5
456
227
397
78
339
124
1085
81
935
78
567
283
373
137
71
305
68
310
45
80
135
130
70
746
745
634
303
541
261
427
310
729
314
639
308
184
300
144
257
105
215
568
764
705
198
659
861
617
821
624
623
386
619
290
550
711
531
490
700
287
892
260
890
225
749
1334
1287
704
1224
660
549
1219
1030
539
816
812
521
769
382
320
308
1418
269
1333
248
1205
1159
1436
1049
1302
1014
961
930
934
1052
937
903
952
783
738
771
716
711
651
388
444
1001
1001
940
944
1834
848
1760
718
1726
705
1724
1724
663
1731
649
1583
576
1572
493
1544
477
1394
409
1373
894
1357
749
1267
725
577
1215
543
1217
1181
1007
1126
839
1044
798
1031
793
991
694
982
688
974
974
686
974
953
572
474
494
1754
1567
1659
1375
1607
1352
1529
1291
1463
1411
1176
1409
1105
1406
1106
1053
1233
894
1197
829
1182
787
1087
582
1091
1063
1037
1981
1027
1868
1025
1828
1000
1638
878
1611
802
1573
707
1522
1492
1286
1460
1051
1369
976
1351
965
1340
923
1284
867
1228
1168
1113
2011
1109
1105
1878
1104
1848
1040
1680
1025
1624
935
1596
939
1540
913
1535
883
1527
808
1522
796
1436
760
1406
725
1344
1278
1339
1025
1162
917
1150
1150
2197
1132
2193
876
2149
880
2141
879
1882
853
1833
770
1828
1624
2208
1433
2090
1344
1317
2087
1108
2046
866
1989
831
1851
1851
1743
1056
1746
1059
1727
1055
1687
1049
1428
1051
1367
1028
1181
1031
975
1035
879
1020
969
2008
1975
1889
2274
1778
2240
1734
2015
1623
1529
1593
1291
1555
1163
1475
1015
1425
1010
1387
983
1304
955
1291
1217
1071
2452
2382
1949
2383
1839
2375
1788
2342
1770
2299
1774
2219
1739
2180
1722
1961
1670
1901
1670
1596
1533
1511
1479
1420
1461
1389
1458
1200
1446
1259
2555
1228
2526
1125
2512
2034
2006
2013
2075
2017
2040
1962
2033
1891
1985
1691
1978
1393
1850
1267
1739
1232
1712
1704
2603
2537
2540
2453
2504
2449
2349
2406
2348
2004
2316
1959
2303
1953
2262
1831
2104
1980
1828
1924
1802
1848
1760
1823
1682
1761
1602
1603
1685
1597
1615
1559
1563
1544
1513
1417
1498
1399
1348
1299
2519
2515
2501
2195
1700
1684
2112
1354
2013
1969
1802
2109
1698
1944
1653
1863
1577
1446
1565
1378
1479
1438
2693
2566
2451
2421
2408
2731
2296
2727
2082
2574
2015
2525
1789
2430
2375
2290
1877
2250
1850
2028
1813
1962
1815
1602
1811
1525
1716
1484
1687
1461
1549
2952
2947
2896
2823
2771
2698
2564
2515
2448
2330
2179
2089
2079
1983
1917
1866
1842
1770
1772
1695
1653
3138
2407
2955
2402
2858
2303
2824
2057
2827
1879
2653
1845
2543
1838
2418
2358
2298
2176
2080
3339
3194
2878
2875
2835
2695
2666
2549
2535
2108
2061
2002
3356
3206
3186
3155
3137
3100
2425
2729
2329
2730
2587
2560
2505
2288
2228
2226
2193
2051
3635
3563
3465
3527
3434
3520
3381
3511
3311
3397
3283
3198
3167
3097
3093
2648
3041
2482
2991
2675
2676
2628
2623
2477
2348
2336
2310
3733
3716
3710
3644
3484
3417
3303
3235
2854
2732
2622
2331
3875
3819
3820
3784
3771
3765
3707
3700
3657
3558
3478
3252
2843
2846
2835
2718
3761
3740
3658
3591
3550
3275
3147
3136
3012
2697
2637
4302
4282
4271
3553
3299
3063
4858
4629
4518
4508
4459
4200
4142
4062
3841
3828
3613
5310
5294
5273
5157
5098
5091
5090
5051
5038
4995
4916
4819
4717
4608
4538
4525
5
6
5
7
8
12
21
21
9
5
6
33
35
5
9
6
6
9
11
26
14
36
34
11
62
44
28
65
57
45
35
66
75
28
22
23
6
71
14
6
62
5
8
56
6
141
32
76
106
13
5
149
5
39
86
6
194
114
10
15
163
131
15
223
16
161
262
254
65
144
5
127
280
24
123
66
74
54
21
18
81
9
109
57
323
69
148
68
5
224
140
300
43
12
30
324
215
29
36
268
114
222
220
21
5
95
9
126
26
267
244
114
224
18
5
378
306
379
217
47
216
195
140
6
170
19
371
51
124
121
360
55
101
17
29
300
449
14
236
52
435
140
23
5
55
45
7
259
161
494
245
8
5
153
176
337
273
36
81
12
229
7
5
257
16
43
44
33
19
541
564
6
238
420
65
391
72
22
72
72
31
19
296
580
386
15
363
261
59
172
572
296
227
140
566
493
11
5
96
46
148
23
18
707
46
523
501
51
50
782
784
471
6
266
17
193
6
620
809
584
657
356
547
75
523
9
650
5
6
441
460
35
361
401
352
117
289
213
114
640
9
71
499
112
408
356
26
254
12
352
51
115
15
818
821
314
10
651
6
120
329
6
310
38
869
28
33
130
775
88
24
16
40
160
186
24
241
134
728
16
22
9
995
6
948
13
755
720
752
557
724
926
18
626
756
716
18
46
632
213
43
16
81
580
57
536
53
49
99
729
9
12
557
439
16
44
568
13
6
11
447
5
920
24
277
23
9
282
572
35
537
284
539
278
522
519
201
10
48
331
268
358
195
256
178
21
200
490
225
190
192
72
5
23
263
41
907
202
777
158
250
36
790
782
5
5
271
9
187
600
14
1162
5
22
92
413
394
36
40
374
23
309
612
556
173
278
423
257
242
179
209
188
1489
128
1408
1106
1134
1101
1067
1048
998
1022
647
909
1107
735
1057
668
612
1012
555
670
483
421
1046
423
974
155
1502
1032
1591
198
1130
1379
488
1039
465
1029
838
1380
1291
462
1187
435
1254
1163
715
609
1173
546
1708
1675
482
1651
429
985
407
1812
1595
1777
637
1704
1456
1610
874
1586
753
1849
699
1819
302
625
487
812
1552
1501
1491
488
480
373
665
1389
465
1383
343
1621
645
1582
650
1589
1539
587
564
1481
1458
1727
1405
1501
1407
1498
1407
1140
1533
1919
1413
1915
1363
1366
1101
1519
1337
804
1243
700
1232
675
559
431
553
1212
1020
1920
969
895
1749
798
1697
760
1651
1466
1644
1560
1430
1446
1398
1211
1190
1199
1122
1193
1100
1154
1111
1051
937
928
901
843
658
834
1432
546
1412
1390
1273
1102
1061
1057
855
1429
783
937
681
640
742
714
1985
1936
1875
1768
1794
1667
1673
1597
1664
1601
1425
1565
1368
1323
1166
1064
1157
1051
1074
1004
858
905
770
879
1742
789
1561
1883
1526
1544
1191
1466
1191
1297
1066
1114
906
880
849
765
828
757
763
1745
1683
1622
1598
1954
1600
1683
1532
1611
1503
1605
1388
1496
1240
1237
1407
1160
1333
1204
2184
1181
2292
2253
2199
2215
1144
2178
2134
1846
1782
1607
1529
1523
1481
1681
1439
1546
1435
1147
1367
1151
1207
1000
1177
1063
2243
2243
2190
2152
2227
2052
2083
1747
1821
1612
1776
1506
1686
1488
1568
1470
1516
1468
1134
1295
1106
1268
1164
1049
1048
2505
2408
2155
2153
2015
1908
1866
1850
1798
1765
1822
1740
1800
1645
1757
1616
1526
1613
1283
1509
1254
1447
1258
1346
1313
1508
1296
1406
1213
1131
1134
2329
2228
2074
2038
1903
2017
1832
1921
1583
1925
1527
1864
1502
1814
1414
1775
1312
1763
1310
1736
1699
1204
1692
1689
1670
1650
1977
1490
1856
1440
1779
1396
1738
1277
1668
1277
1586
1258
1555
1559
1529
2545
1505
2427
1494
2278
1359
2271
1299
2117
1979
1762
1440
1634
1407
1588
1485
1366
2856
2633
2558
2546
2223
2209
2188
2131
2025
1806
1784
1705
1632
1732
1617
1637
1459
1559
1501
2232
2182
2143
2136
1723
1666
1582
1990
1829
1661
1602
1564
1566
1544
3107
3105
3061
3043
3033
3007
2906
2827
2700
2364
2257
2258
2229
2057
2009
1906
1893
1820
1745
1665
2342
2336
2187
2993
2159
2948
1897
2925
1854
2897
2874
2837
2784
2636
2540
2530
2213
2208
2135
2063
3253
3199
3225
3016
3150
2985
2960
2942
2657
2797
2573
2726
2491
2659
2476
2601
2271
2574
2241
2399
2165
2338
1939
2332
1875
2218
2117
1909
3383
3325
3306
3201
3176
3173
3164
3125
2873
2826
2783
2781
3433
2747
3410
2661
3371
2575
3284
2529
3271
2463
3050
2437
2977
2355
2817
2325
2631
2307
2541
2297
2526
2297
2395
2258
2365
2262
2300
2260
2170
2264
2073
2247
2209
2101
3629
3504
3478
3430
3344
3243
3214
2911
2812
2797
2649
2523
2500
2428
2339
3115
2615
2491
2421
3026
2935
2908
2899
2828
2773
2755
2709
2603
2448
2254
2557
2525
2491
2364
2327
4249
4177
4031
4024
4010
3980
3835
3791
3639
3438
3151
3105
3386
3290
3195
3157
3141
2990
3924
3749
3646
3560
3520
3513
3477
3427
3392
4826
4766
4714
4512
4503
4401
4007
4004
3775
3747
3584
7308
7253
7254
7080
7048
7015
6992
6958
6770
6638
6591
6400
6233
6227
6214
6210
6204
6179
6140
6143
6128
5974
5
5
7
5
5
5
6
11
7
6
13
13
7
7
6
11
15
5
25
30
17
43
49
28
71
29
17
6
13
30
57
22
126
147
6
5
15
89
22
22
8
10
33
46
14
8
8
25
51
58
48
130
190
11
11
19
18
76
72
21
68
21
23
25
83
17
61
180
6
71
6
29
158
12
5
295
241
140
10
14
370
223
49
97
378
14
10
13
14
14
100
31
142
56
22
49
29
46
19
19
19
13
5
64
29
178
30
136
198
259
43
398
159
46
5
471
32
68
12
410
388
82
39
428
295
265
411
201
362
11
129
359
156
208
93
51
466
131
360
506
188
617
12
5
74
496
85
96
486
82
183
5
376
179
53
579
34
81
28
26
157
590
166
143
9
38
454
29
23
26
280
188
729
223
6
114
99
9
62
5
23
124
257
721
457
14
6
139
690
120
627
61
728
677
624
636
11
256
9
231
536
391
394
192
173
5
6
525
472
875
484
586
42
482
413
802
70
612
331
271
50
298
18
31
407
249
9
242
263
216
119
263
790
933
6
737
554
205
92
136
639
449
180
6
530
146
128
876
154
5
56
32
17
1015
251
125
961
126
876
606
190
6
595
193
95
553
138
771
108
538
78
441
78
5
500
101
269
281
269
236
50
961
278
892
258
106
890
66
53
786
116
43
1187
8
1191
73
12
619
607
17
1269
870
1158
850
1161
790
1149
752
160
647
1098
1091
512
15
5
855
846
303
772
370
355
127
345
1340
1171
20
8
145
235
14
224
155
199
938
908
153
142
861
5
874
9
730
705
259
706
190
185
36
40
14
192
194
85
182
17
725
674
10
542
20
442
418
40
314
346
230
109
13
92
149
6
130
6
43
14
89
25
6
5
1586
1297
1226
5
1037
1013
1590
856
1217
9
865
27
769
712
27
705
572
1245
443
987
394
968
971
219
725
220
690
227
676
504
643
361
619
148
610
1649
562
1441
516
1382
459
1320
456
1302
282
915
737
468
605
448
549
412
537
306
533
179
532
398
164
389
1738
388
227
1069
187
1226
180
1648
1507
1252
1378
1091
1084
787
774
1065
672
1068
653
367
956
344
923
287
905
269
307
1065
1058
1143
1051
1144
969
1089
940
1304
946
1080
908
728
1306
723
923
501
1284
423
412
939
1239
920
819
1569
838
1363
742
1363
666
1209
942
893
593
668
398
818
792
509
1822
695
1821
1556
1265
1269
1193
585
1176
568
1065
1051
1031
1100
945
1009
929
898
731
850
718
758
602
671
847
1440
841
1429
654
1408
564
1383
1126
1086
875
821
601
588
2149
1089
1929
1042
1777
1020
1630
990
1547
918
1272
674
1273
1510
867
1460
803
1461
794
1385
724
1380
640
1349
1307
1162
966
2214
2218
924
2201
912
1762
847
1595
743
1583
746
1489
718
1287
687
1251
1235
987
768
2280
712
2095
2027
1438
1396
1126
983
838
1485
768
1417
1684
1618
1621
1570
1511
1427
1344
1314
1283
1242
1178
1153
1105
1980
1085
1899
1068
1821
1023
1781
993
1642
996
1618
895
1617
854
1472
1414
1310
1225
1141
1095
1030
898
2478
2354
2357
2345
2266
2295
2242
2285
2217
2072
2170
2013
2133
1859
2092
1776
1666
1753
1598
1713
1475
1638
1473
1628
1471
1615
1473
1569
1305
1357
1257
1317
1209
1099
1111
1035
1651
2437
1609
2390
1605
2314
1427
2233
1379
2152
1227
2016
1084
1984
2626
1898
2150
1902
2152
1897
2094
1786
2089
1779
1991
1769
1836
1710
1500
1209
2131
2071
2483
2074
2473
2057
2287
1954
2254
1913
2248
1838
2208
1778
2073
1781
2032
1487
1834
1355
1794
1306
1774
1642
1591
1561
1430
1412
1367
1243
1247
2385
2386
2195
2067
2048
2033
1975
1920
1904
1746
1726
1679
1623
1419
1355
1347
1340
2916
2809
2753
2733
2377
1948
2339
1951
2305
1561
2169
2015
2831
1861
2724
1815
2530
1779
2284
1767
2259
1722
2046
1687
2032
1675
2032
1594
1894
1713
1610
1551
2991
2964
2843
2645
2570
2457
3114
2431
2994
2053
2925
2809
2793
2750
2754
2738
2631
2610
3238
2552
3106
2545
3108
2488
2923
2481
2894
2399
2810
2381
2686
2264
2591
2256
2570
2013
2221
1998
2100
1884
2036
1739
2033
1955
1916
1913
3179
3100
3065
2964
2865
2852
2673
2643
2628
2627
2539
3397
2246
3324
2242
3313
2215
3260
2184
3118
3095
2094
3073
1848
3026
2988
2805
2725
2712
2608
2536
2413
2387
2321
2307
2301
2701
2229
2487
2210
2475
2205
2402
2081
2377
2077
2127
1966
2028
1994
1970
1949
3496
3484
3451
3294
3206
3198
3130
3061
2705
2684
2591
2520
2506
2457
2316
2125
2969
2973
2802
2707
2449
2380
2284
2239
3533
3415
3401
3357
3128
2838
2768
2641
2603
2545
2532
2376
2355
2338
2298
3876
3631
3147
3634
3107
3572
3019
3473
2686
3455
2597
3373
2521
3303
2518
3161
2460
2991
2992
3839
2924
3782
2877
3732
2873
3643
2868
3635
2774
3604
2766
3588
2765
3563
2746
3375
2610
3216
2588
3190
2445
3163
3122
3071
2930
2847
2765
2672
2675
2677
2623
2565
2518
2482
4939
4757
4378
4302
4232
4108
3943
3877
3639
3538
5239
5219
5208
5152
5066
4717
4591
4570
4566
4483
4279
4261
4228
4161
4004
3989
3849
5
5
15
11
19
9
6
31
12
20
6
9
9
35
52
32
36
5
6
43
15
53
38
34
100
71
35
12
13
98
46
20
16
163
5
21
5
114
25
5
109
11
5
125
111
106
15
220
119
20
21
57
133
191
167
49
33
95
44
99
23
25
24
14
30
15
67
24
313
312
177
196
215
145
204
17
252
146
62
15
204
29
9
45
19
14
30
393
27
37
9
8
416
271
326
221
253
328
369
196
6
15
217
285
143
91
211
89
13
55
390
253
280
362
236
226
33
112
13
47
489
429
508
6
162
192
324
580
414
326
188
504
6
289
128
373
38
69
395
158
351
151
33
266
61
245
155
276
5
148
197
469
401
388
373
686
194
247
337
23
50
211
494
375
29
216
50
10
38
716
691
331
212
62
520
6
35
28
553
442
17
521
638
362
565
144
814
82
589
19
50
38
592
54
369
442
5
11
368
308
296
294
151
5
23
313
23
29
44
27
5
5
249
195
193
42
5
840
52
5
223
548
17
10
5
138
29
6
14
11
45
832
817
752
617
65
172
808
861
423
23
820
234
96
23
90
176
15
84
502
38
840
24
964
598
740
129
666
39
68
5
515
609
25
530
875
308
989
243
780
285
1052
9
44
49
817
23
755
1080
5
12
750
18
297
627
34
43
801
1076
752
882
308
752
787
444
310
204
232
687
221
144
42
405
213
5
6
185
1184
1095
1193
12
125
5
781
39
170
263
74
134
781
706
126
648
24
521
5
439
14
380
5
252
956
11
889
6
1314
328
46
249
246
495
498
125
405
251
809
8
582
22
77
13
35
975
77
287
1321
93
243
1151
140
1035
979
838
536
1110
525
494
1084
1013
837
36
32
10
360
306
1458
204
1045
5
19
962
22
1437
126
1318
1121
152
233
1269
1085
556
1024
54
967
1072
673
1027
544
724
515
686
564
526
1521
478
857
292
1430
1699
1133
607
281
879
473
1121
740
1113
416
748
601
1125
998
333
957
1101
345
1021
338
365
205
342
702
565
803
440
745
865
754
866
711
637
408
367
568
284
561
261
495
261
984
931
805
906
714
795
684
778
677
645
585
470
500
458
353
943
777
1671
715
1625
439
1511
418
1320
693
842
1399
351
1353
711
1357
568
1194
1226
1167
1043
1811
957
1801
908
1788
595
1612
555
1418
536
1314
519
1310
894
1743
805
1506
1910
1269
1697
1255
1650
931
1502
911
1102
828
816
975
959
758
748
685
1544
1354
1543
990
1546
1134
2023
1098
1099
1057
2028
890
783
732
676
1396
584
1325
1994
1317
1872
1320
1826
1196
1736
752
1683
1596
1583
948
1484
902
1434
825
1403
718
671
1361
636
1278
1206
2092
1176
1956
1138
1908
863
1889
710
1868
1244
1828
1143
1630
866
1596
841
1561
797
1541
753
1486
740
1376
686
1349
1256
1090
1037
941
787
851
759
2137
1930
1762
1814
1756
1801
1636
1802
1528
1455
1782
1364
1601
1357
1596
1104
1590
1005
1550
1005
1428
955
1363
913
1360
851
1355
824
799
1337
1295
1208
1025
929
972
886
976
1333
2268
1222
2035
1221
2017
1131
1968
1123
1888
1742
2110
1418
2092
1256
1737
1115
1662
981
1562
954
1446
1211
1385
1106
1302
1122
1793
1113
1742
1067
1724
948
1718
1687
1677
1647
1547
1540
1315
1153
1149
1141
2595
2532
2507
2226
2430
2143
2369
1965
2159
1884
1968
1848
1642
1685
1633
1681
1474
1651
1329
1365
1261
1264
1216
1347
2006
1316
1725
1175
1529
1152
1445
1130
1368
1302
2557
2528
2317
2090
2068
1979
1932
1853
1819
1784
1783
1769
1626
1630
1576
1574
1461
1437
1415
1308
1288
1280
2690
1506
2686
1319
2662
2535
2445
2437
2371
2550
2300
2484
2096
2451
2445
1947
2402
1756
2267
1684
2174
1605
2066
1370
2069
1362
1957
1959
1702
1698
1597
1688
1595
1632
1517
1619
1517
1597
1397
1590
1536
3048
2959
2890
2804
2604
2550
2791
2446
2775
2424
2734
2292
2078
2257
2048
2216
2039
2085
1959
2058
1947
2049
1931
1928
1814
1925
1691
1891
1621
1726
1557
1642
1575
1570
3078
2884
2806
2737
2733
2652
2593
2465
2429
2372
2239
2186
2172
2004
1994
1976
1892
1762
1862
1856
3287
3238
3226
3044
2999
2593
2570
2477
2070
2062
2037
1848
3338
2958
3313
2945
3289
2817
3099
2711
2927
2546
2715
2373
2461
2376
2287
2129
2256
2098
2243
2034
2222
1940
1951
1810
1901
1890
1824
3179
3146
3148
3445
2990
3392
2810
3198
2758
3114
2719
3076
2673
2892
2643
2581
2633
2513
2429
2158
2256
1999
2199
1975
2190
2165
2073
2066
2040
2948
2770
2744
2720
2668
2629
2460
2254
2241
2234
2228
2156
3386
3369
3376
3373
3372
3364
3020
2803
2792
2645
2531
2262
3688
3513
3402
3331
3201
3109
2886
2597
2415
2833
2830
2747
2721
2720
2627
2614
2585
2526
4215
4128
4041
3534
3441
3386
3381
3326
3330
3307
4728
4660
4540
4499
4333
4302
4248
4245
3983
3924
3918
3920
3814
3793
3757
3748
3670
3596
3592
3589
3575
3563
3305
3285
4953
4849
4504
4440
4432
4346
4319
4296
4181
4128
3688
3682
3561
3539
3847
3804
3806
3608
3497
5494
5203
5207
5211
5209
5211
5179
5054
5055
4790
4698
4655
4157
4056
4057
5
6
5
7
18
9
25
5
7
6
5
8
19
18
20
30
19
44
43
75
66
60
6
11
63
7
29
47
36
16
177
65
167
32
69
23
125
126
152
52
42
166
25
208
22
171
104
106
25
259
240
243
33
5
91
11
255
43
247
6
92
99
117
52
19
18
68
5
141
128
214
68
281
65
30
304
8
73
6
130
211
40
5
114
39
105
7
42
266
87
265
248
227
15
228
10
443
60
22
98
101
54
59
22
350
460
191
33
271
15
19
34
198
505
131
494
26
5
379
496
381
11
162
94
489
409
90
70
92
158
31
295
29
122
43
482
30
48
320
312
217
306
348
35
109
130
347
181
38
121
138
78
32
46
140
366
139
245
6
72
336
61
77
313
17
20
32
252
54
19
5
222
5
206
6
6
678
17
8
301
617
393
262
67
169
775
100
485
213
482
8
16
11
814
23
25
679
30
37
300
622
284
112
556
88
831
42
15
778
19
809
26
724
798
860
35
42
967
815
29
652
35
531
25
58
464
974
817
470
597
25
513
418
64
40
15
967
973
25
804
409
858
129
23
18
858
43
769
16
9
922
13
33
8
929
253
918
924
932
14
809
909
50
779
638
13
607
6
543
10
490
965
298
287
85
135
37
933
967
862
37
765
1099
985
730
33
897
832
1060
1027
787
12
780
5
996
5
942
1186
725
545
728
629
756
26
849
5
49
472
460
907
336
807
339
396
260
422
756
402
45
1231
883
726
373
855
803
334
317
320
312
1260
801
1267
1149
681
276
680
257
1208
1151
514
256
1137
147
409
981
841
694
1392
382
63
600
67
501
29
333
673
667
621
144
333
1092
504
1122
19
1245
1152
1118
694
307
1045
1036
18
607
1164
1070
599
1315
494
1041
282
1018
195
769
199
290
619
300
309
163
218
142
356
1184
224
653
1187
574
345
410
1613
309
1194
267
1196
603
526
807
381
1100
204
382
246
1560
194
197
337
1785
1086
1689
1606
670
1533
1448
1013
1388
344
1392
224
1332
234
1320
1434
1322
1396
1231
1345
1196
1048
1331
736
1308
719
1308
1298
708
660
486
1601
386
1593
369
1581
836
724
636
686
477
620
372
771
335
617
339
595
612
1107
1069
1571
809
1503
711
1496
697
1473
463
665
853
814
630
749
576
693
573
581
557
1208
1554
918
896
1349
882
1333
863
1213
862
1198
801
1112
672
1048
907
575
830
534
828
1454
1141
1303
1082
1305
926
844
654
794
1286
776
1205
561
670
2086
1998
1881
1763
1644
1644
1645
1865
1845
1591
1454
1832
1412
1739
1250
1712
1219
1700
1599
1133
1603
942
1346
818
1331
659
1294
653
1298
1274
652
1248
1171
1920
877
1803
1728
1789
1405
1586
1377
1556
1367
1511
1206
1513
1088
1491
816
1435
722
1419
1168
2215
1170
2173
2006
1042
1933
1038
1690
1041
1683
1036
1204
923
1181
809
1124
799
981
797
833
770
1345
1330
1706
1070
1554
1002
1489
795
1199
1172
1164
1141
2262
1023
2062
951
1968
906
1486
1473
1391
1305
1233
1037
948
939
846
1555
1377
1354
1353
1062
1350
876
1154
1998
968
1906
959
946
1912
1900
2322
1825
2275
1726
2022
1540
1736
1486
1722
1291
1665
1274
1653
1245
1570
1245
1527
1513
1374
1211
1086
1658
1375
1314
1146
1107
1074
1005
2281
2228
2201
2122
2034
2026
2024
1961
1838
1774
1734
2636
1714
2295
1688
2134
1510
2078
1481
2037
1483
1963
1468
1856
1453
1779
1399
1563
1296
1555
1259
1366
1217
1228
1147
1149
1117
1134
2670
2348
2556
2270
2519
2148
2436
2104
2401
1957
2276
1603
2268
1586
2193
1571
2193
1541
2142
1498
2080
1434
1969
1405
1951
1407
1900
1303
1715
1553
1541
2496
1482
2487
1435
2406
1342
2247
2167
1898
1762
1556
1519
2712
2711
2370
1912
1599
1529
2928
2911
2903
2561
2897
2554
2879
2513
2750
2391
2601
2346
2443
2177
2368
2168
2145
1889
2016
1554
1996
1556
1991
1527
1986
1921
1884
1598
2075
1592
2050
1530
2015
1994
1995
1938
1899
1696
1624
1624
1563
3185
2241
3092
2076
2777
2068
2761
1984
2727
1908
2700
1714
2390
2300
2152
1677
2993
2919
2782
2577
2534
2489
2464
2434
2267
1776
1857
1856
1771
3284
3230
3157
3290
2934
3258
2673
3195
2561
3155
2335
3155
2339
3062
2317
3019
2312
2718
2211
2518
2454
2358
2293
2257
2196
2014
3215
3194
3196
3157
2799
2740
2648
2633
2601
2584
2571
2229
2125
2091
2095
2629
2633
3506
2635
3433
2635
3334
2621
3305
2546
3271
2524
2983
2266
2969
2124
2922
2095
2835
2791
2724
2665
3589
2650
3459
2311
3410
2123
3379
3344
3303
3295
3298
3216
3005
2947
2907
2895
2869
2608
2609
2538
2362
2285
3673
3671
3548
3544
3479
3438
3427
3038
2932
2504
2491
2408
3431
2373
3410
3178
3136
3093
2918
2834
2834
2748
2720
2628
2620
2622
2598
2400
3294
3106
3089
3068
3048
2964
2649
2603
4062
4020
3985
3980
3506
3405
3394
3319
3254
2877
2790
2744
2610
4161
4017
3794
3726
3521
3281
3227
3101
3048
3000
2952
2930
2823
2714
2717
4135
4051
4042
4040
3893
3564
3524
3476
3070
2891
2869
4480
4365
4350
4246
4235
4173
4100
4060
3880
3796
3773
3768
3719
3697
3634
3529
3498
3484
3298
3287
5
8
5
5
5
21
14
21
21
22
11
33
41
60
32
11
18
6
75
21
60
13
28
29
8
15
102
35
155
6
63
41
50
5
21
6
57
69
6
85
28
21
77
75
191
5
48
119
9
65
117
233
83
153
131
95
6
123
120
42
105
20
275
129
197
294
82
153
32
5
306
22
9
93
254
20
15
23
7
111
198
113
111
9
36
136
84
382
189
154
98
81
82
32
108
357
301
241
37
11
270
86
413
47
301
16
11
307
306
368
425
305
400
444
315
286
172
300
37
7
184
361
148
397
147
394
268
20
5
545
143
32
331
5
5
498
44
436
393
381
220
35
18
60
62
92
53
88
20
169
359
137
257
56
34
87
354
81
12
318
6
571
9
561
278
620
631
514
22
300
516
415
154
8
246
482
153
354
30
16
493
383
228
291
12
386
5
44
70
203
78
239
18
62
19
21
46
9
65
358
40
272
194
420
132
742
6
245
5
18
667
267
5
247
5
254
710
229
708
490
690
5
790
73
11
395
353
792
557
14
700
972
46
947
548
5
21
5
21
862
27
779
6
425
374
724
5
248
375
21
14
238
381
276
9
240
702
151
14
118
100
581
88
14
109
561
48
209
76
182
1095
533
917
6
912
860
63
6
5
562
444
9
123
660
89
590
11
535
47
500
10
379
15
9
222
34
716
180
10
83
24
27
897
20
876
714
200
681
376
27
35
209
196
5
865
5
625
6
1203
1143
1108
824
676
934
505
16
941
231
29
235
463
549
5
15
5
627
720
273
28
576
426
689
564
23
27
195
9
172
13
26
221
173
599
25
39
1419
948
599
534
888
498
9
93
6
68
824
637
22
310
1165
98
282
1026
262
80
19
61
1006
594
441
105
361
562
326
461
241
193
429
433
159
413
139
135
201
1329
184
1287
183
1184
156
1084
139
844
1504
1471
493
1436
455
1428
421
842
421
834
736
830
730
405
679
832
632
563
586
547
490
476
239
470
354
304
230
218
394
209
1430
1411
1387
236
1342
256
1134
736
1096
988
1706
898
1634
885
1419
880
809
1318
694
1296
651
1211
552
1099
548
920
547
541
780
494
397
713
387
911
1518
900
1440
879
1433
502
1362
479
1228
437
1178
358
1160
1069
971
1855
1820
1723
969
1685
899
717
1585
543
1510
499
1430
962
1433
879
1437
749
1333
484
1052
1028
1877
1022
1848
1005
1821
794
1724
734
1703
701
1518
644
1171
612
1167
569
1138
543
1111
543
1112
539
1050
1021
2002
865
1793
867
1743
852
811
1529
650
1465
653
1381
1179
1006
908
912
898
876
846
896
784
795
648
609
777
2095
664
2068
2039
1947
1730
1765
1724
1729
1537
1669
1538
1620
1501
1478
1487
1464
1364
1452
1187
1410
904
1400
835
1177
815
1164
746
890
748
840
751
777
987
960
862
2122
714
2019
697
1999
1936
1874
1741
1745
1684
1738
1567
1736
1554
1560
1517
1505
1465
1308
1402
1188
1401
1130
1382
1122
1117
1278
1068
1043
1038
1017
799
855
841
2214
1978
1946
1882
1775
1674
1655
1589
1538
1539
2324
1449
1768
1239
1738
1115
1738
1092
1695
1031
1586
1016
1552
1479
1260
1365
1223
1274
1131
1203
1170
1165
1062
2280
2227
2158
1555
1356
1333
1291
2503
1246
2501
1224
2277
1117
2139
1024
2086
2005
1930
1933
1666
1617
1062
2454
2371
2432
2144
2359
2142
2295
2082
2272
1990
2273
1918
2118
1836
1980
1616
1837
1479
1713
1289
1690
1169
1684
1119
1488
1450
1371
1370
1337
1128
2402
2390
2310
2278
1983
1693
1652
1651
2020
1627
1993
1572
1949
1525
1940
1442
1900
1301
1825
1286
1825
1782
1675
1595
1447
1304
2749
2742
2523
2231
2137
2070
1945
2851
1880
2659
1825
1804
2544
1732
2455
1713
2444
1637
2389
1627
2353
1597
2311
1452
2286
2288
2209
2144
2410
2081
2198
1970
2141
1872
2140
1694
2040
1682
2017
1646
2001
1566
1960
1935
1783
1769
1731
2520
1702
2498
1670
2394
1570
2396
1532
2392
1524
2290
2278
2226
2202
2083
1991
1723
3148
3139
3086
3050
2803
2748
2747
2704
2221
2115
2113
2064
2020
1938
1715
3283
3121
3025
3230
3007
3214
2995
3137
2989
2897
2989
2892
2991
2817
2882
2764
2809
2792
2768
2439
2694
2340
2659
2334
2588
2312
2519
2276
2457
2263
2444
2262
2427
2001
2282
1972
2018
1972
1965
1929
1905
1902
3084
3049
2954
2888
2822
3401
2795
3373
2706
3345
2471
3319
2348
3288
2329
3220
2227
3111
2154
3061
2022
3006
2015
2951
2006
2784
2004
2764
1991
2747
1947
2698
2534
2467
2420
2207
2127
2777
2258
2237
2237
2185
2065
3632
3516
3496
3431
3123
3369
3073
3313
3039
3293
2891
3144
2843
3110
2655
2983
2551
2694
2444
2535
2358
2459
2298
2454
2207
2453
2197
2419
2362
2250
3645
3555
3450
3425
3173
3133
3127
3117
2974
2929
2792
2692
2621
2450
2392
2300
2287
3795
3497
3490
3410
3366
3281
3269
3259
2943
2920
2872
2875
2740
2674
2576
2551
2373
3490
3488
3385
4021
3349
3990
3289
3921
3190
3894
3191
3826
3152
3672
2809
3613
2796
3524
2640
3263
2607
3233
2566
3085
3024
3025
2837
2610
4022
3936
3742
3426
3393
3285
3213
3012
3013
2860
2858
5
5
14
5
17
6
13
12
5
9
8
13
9
24
5
35
26
17
26
6
5
27
90
5
22
10
9
12
5
80
135
106
35
5
45
13
33
43
23
44
92
38
128
13
99
114
6
10
72
69
244
12
79
23
200
128
6
35
40
246
14
5
106
18
183
168
163
122
86
122
6
69
25
18
65
141
8
343
93
167
14
208
14
20
16
26
39
352
265
39
317
217
297
9
61
151
296
82
35
132
66
84
286
29
452
50
64
272
213
163
164
131
147
221
45
33
339
33
311
5
33
25
267
59
252
5
397
9
441
526
214
88
217
126
27
50
40
6
6
424
5
133
416
13
344
350
17
18
15
16
6
614
161
48
6
537
9
6
10
7
12
537
211
37
599
76
33
342
5
68
594
44
33
9
322
140
147
10
100
27
88
19
9
20
584
6
415
562
204
500
117
453
455
335
22
538
352
150
18
47
48
153
39
9
739
116
683
54
510
490
47
360
603
50
342
611
268
266
359
64
19
37
82
626
278
555
30
399
140
346
513
50
23
78
24
77
31
75
883
325
895
17
313
29
29
846
199
632
374
68
354
12
189
67
132
222
119
771
24
38
682
36
14
24
792
671
19
471
27
12
463
462
59
268
350
265
920
692
258
30
352
355
910
6
30
298
916
648
747
594
506
594
188
20
523
29
27
290
520
1088
509
544
411
17
37
279
14
92
5
6
176
169
130
497
127
48
56
15
118
130
71
1007
1049
406
935
326
853
328
12
589
1159
1156
10
225
19
17
136
166
22
19
1183
629
938
595
47
30
12
569
517
566
509
501
16
495
374
75
315
10
234
24
228
285
18
25
1280
18
292
389
289
195
1112
349
100
1403
1239
443
1190
364
1175
307
1105
116
1107
111
1121
282
1071
1056
1017
117
956
201
942
178
1098
1098
1014
1064
1067
937
382
379
233
300
229
1422
215
1316
1315
680
1253
1082
688
977
669
904
861
217
864
1667
843
815
1501
808
1451
749
377
628
1194
629
1128
511
1107
333
359
898
343
270
314
1701
910
1641
913
1636
839
1588
823
1586
1545
812
1544
756
1545
714
663
1548
482
1205
378
1201
357
1196
1115
1473
1047
1381
960
726
957
699
934
842
819
1221
795
1132
644
914
626
872
610
865
506
447
704
618
1572
582
1487
559
1238
1854
1129
1123
1813
1035
553
1001
1621
980
1017
978
993
872
886
873
810
873
643
750
609
717
577
649
556
617
607
575
1306
1096
1001
884
902
826
843
781
761
740
742
692
612
556
780
665
1248
595
1244
1095
1046
1006
1742
1692
2047
1676
2022
1665
2006
1638
1913
1556
1885
1843
1353
1624
1292
1477
1288
1460
1217
1173
1397
898
1400
784
1375
1316
753
1223
743
999
691
934
784
755
1493
1485
1379
1282
1183
1025
841
725
1337
1303
1390
1264
1220
1306
982
1180
800
1015
953
945
2226
900
2186
867
2185
838
2182
841
2096
2085
2004
1874
1923
1850
1861
1831
1793
1830
1731
1795
1697
1749
1543
1726
1477
1656
1477
1574
1470
1356
1399
1270
1388
1258
1317
1224
1074
1221
979
1060
970
968
968
928
2361
1771
2290
1729
2152
1598
2107
1589
1951
1551
1950
1443
1950
1438
1877
1852
1383
1746
1205
1684
1184
1588
1124
1592
1330
1265
1160
1105
2441
1095
2439
1065
2400
1891
2248
1893
2162
1853
2157
1673
1899
1657
1896
1428
1812
1362
1691
1362
1683
1348
1673
1310
1569
1212
1548
1129
1545
1463
1450
2438
1400
2129
1159
2055
1987
1939
1860
1799
2611
1783
2500
1755
2449
1520
2364
1177
2365
1164
1965
1600
1511
1509
1499
1173
2483
2415
2043
1809
1761
1489
1405
1324
1320
2778
2743
2720
2595
2657
2560
2588
2426
2536
2247
2460
2236
2445
2233
2378
2207
2343
2045
2193
1936
1852
1731
1793
1733
1599
1721
1558
1694
1485
1538
1414
1394
2999
2992
2990
2934
2771
2713
2711
2680
2681
2648
2615
2524
2307
2934
2190
2898
2186
2864
2122
2810
2109
2806
2084
2798
2057
2766
2027
2765
1954
2709
1848
2568
1737
2448
2434
2247
2179
2181
2167
1931
1923
1784
1785
1735
3161
2931
2873
2799
2706
2600
2600
2598
2560
2473
2131
2103
2106
1966
1891
2335
2276
3097
2163
3021
2092
2758
1984
2738
1952
2501
1940
2504
1841
2494
2276
2262
2163
2095
2876
2842
2824
2814
2792
2727
2704
2703
2602
2464
2439
2203
2055
1987
1959
3263
3062
2982
2801
2676
2613
2565
2409
2382
2364
2222
3082
3045
3024
3019
2840
2768
2692
2683
2611
3067
2519
2810
2410
2378
2358
2336
2091
2250
2191
2854
2832
2825
3081
2811
3048
2477
3018
2189
2961
2947
2867
2753
2543
2479
2196
3400
3400
3261
3198
3182
2944
2936
2823
2605
2596
2561
2438
3799
3750
3666
3605
3500
3425
3391
3270
3235
3171
3007
2847
2684
2669
2630
2442
3893
3789
3694
3603
3475
3407
3367
3321
3300
3302
3180
2976
2970
2915
2844
2741
2720
2684
2660
2597
3884
3707
3586
3398
3363
3140
2834
4307
4228
4227
4210
4175
4084
4048
4035
3649
3648
3423
3381
3381
3385
3060
3025
4697
4567
4181
4174
4159
4126
4032
3719
3638
3544
3528
3502
3460
3432
5018
4914
4879
4857
4725
4666
4602
4587
4524
4297
4011
3972
3957
5
6
5
7
6
18
13
5
17
20
27
6
46
64
16
46
67
20
103
12
5
94
32
130
9
5
5
155
78
22
131
162
41
109
105
96
21
21
28
175
30
51
120
214
44
13
40
53
23
41
260
45
249
40
253
244
48
164
12
153
7
278
270
107
97
268
90
127
141
5
204
137
125
45
180
45
297
13
77
267
5
5
7
15
20
240
13
237
439
70
413
69
353
56
170
269
64
49
129
45
289
257
49
76
288
41
21
106
244
238
201
221
448
9
291
46
77
8
188
64
567
59
540
41
8
5
570
5
416
532
28
515
433
20
411
186
129
575
578
443
555
407
45
279
450
162
337
312
315
169
273
213
145
672
92
6
72
49
74
242
66
386
267
603
264
719
203
200
6
33
13
135
736
585
265
31
42
257
463
375
227
285
27
30
57
627
5
163
17
634
537
458
521
5
393
359
40
247
122
139
547
50
395
730
17
68
365
758
209
851
33
39
22
75
258
108
31
13
5
26
116
789
248
718
154
689
324
796
33
5
156
73
887
27
973
923
713
5
824
23
901
30
631
8
17
474
591
443
174
11
458
93
397
97
991
24
16
596
999
1020
816
651
32
226
9
990
343
300
135
1000
22
686
628
15
1059
982
135
594
55
602
911
493
467
826
400
961
370
699
532
31
512
514
275
876
45
463
279
806
791
923
701
835
723
34
600
27
259
230
460
1096
53
553
21
10
45
484
110
469
125
435
167
294
70
171
36
82
9
23
737
1247
661
1106
1068
630
1070
76
1021
952
324
32
1086
43
1082
294
271
602
1061
91
1063
976
15
71
962
6
751
686
870
409
322
5
178
95
816
627
788
103
463
772
125
111
195
111
738
99
735
23
1131
787
963
533
106
431
55
384
466
84
425
997
270
882
179
618
151
778
320
718
259
676
148
666
514
376
1645
376
1504
241
1434
189
1366
1598
1311
1345
1311
1291
1147
1135
1070
936
1057
916
878
1289
827
980
675
646
957
635
925
596
883
474
1184
345
1104
303
985
777
1643
1385
720
1138
972
1057
819
867
763
746
688
478
731
299
708
677
549
537
531
385
544
477
1821
468
1815
412
1781
1624
1362
1594
1324
1546
1266
1486
1225
1386
1172
1099
1268
1080
1223
1718
630
1655
581
1598
599
1513
1242
1406
583
1257
1213
1034
492
495
1113
486
901
572
1208
870
1108
806
1084
808
935
754
927
741
883
631
886
525
861
735
516
509
812
907
1236
1204
900
1173
840
1047
755
994
704
954
750
872
862
718
542
649
1372
2064
1926
1298
1928
1128
1930
966
1870
1019
1820
1687
1008
1611
878
1553
610
1099
984
1062
785
681
684
895
821
2046
711
2028
2006
2162
2009
2116
1965
2106
1967
1860
1795
1755
1789
1624
1706
1542
1676
1350
1634
1159
1636
1125
1551
1024
1246
993
1154
967
1078
947
1054
926
987
912
895
845
821
847
801
2190
2193
2076
2030
2087
1988
1931
1897
1883
1791
1838
1792
1718
1614
1509
1522
1382
1223
1370
1158
1322
1040
1304
923
1308
856
1260
824
1185
1085
934
2279
940
1547
901
1511
868
1908
2296
2129
1908
1766
1428
1767
1702
1390
1569
1345
1294
1253
1163
1121
1108
1064
1056
1056
990
990
2178
2143
2046
2266
1956
2008
2450
2006
2333
1951
1834
1989
1831
1936
1387
1908
1324
1510
1233
1315
1121
1994
1957
1606
1189
1600
1191
1171
1588
1575
1517
1514
1423
2051
2372
1348
1275
2134
1833
2131
2131
2305
1872
1283
1812
1773
1134
1732
1704
2484
1657
2486
1613
2328
1584
1466
1267
2467
2400
2361
2327
2230
2108
2076
2564
2060
2442
2437
2013
2438
1929
2363
1819
2264
1723
2130
1710
1962
1506
1819
1452
1795
1445
1771
1295
1695
1295
1393
1271
1354
1824
1797
1723
1533
1407
2541
2173
1874
1692
1642
1623
1532
1532
1519
1492
1458
1358
2344
2186
2028
2001
1986
1913
1883
1805
1755
1718
1622
1536
1536
2479
2469
2193
2168
1867
1747
1606
1587
3109
3024
2987
2944
2901
2782
2334
2313
2019
2014
3109
1934
2963
1735
2840
1727
2628
1728
2531
2469
2468
2342
2333
2322
2094
2049
1893
2151
1879
2124
1805
2027
1709
1953
1816
1761
1740
3213
3102
3007
3006
3008
3007
2885
3344
2817
3304
2751
3243
2551
3246
2443
3233
2401
3024
2372
2801
2305
2765
2103
2752
2010
2700
1954
2665
2651
2522
2476
2318
2313
2275
2196
2872
2171
2828
2087
2652
2053
2603
2050
2539
1981
2431
2299
2695
2286
2565
2183
2469
2102
2466
2100
2459
2099
2368
2033
2337
2015
2327
2242
2241
2133
2007
2529
2450
2438
2403
2402
2304
3520
3306
2996
2960
2916
3605
2871
3476
2266
3325
3320
2820
3232
2720
3172
2693
3043
2649
3033
2635
2981
2554
2603
2339
2576
2302
2537
2306
2274
3086
2993
2953
2893
2841
2822
2763
2652
2455
2336
2301
3786
3519
3440
3169
3156
3137
3098
2805
2508
2410
3498
3391
3313
3144
3009
2972
2809
2670
2657
4052
4031
3971
3824
3713
3929
3667
3899
3638
3828
3533
3715
3403
3656
3391
3643
3348
3640
3103
3617
3443
3202
2996
2978
2935
2646
4253
3953
3912
3841
3753
3683
3587
3418
3323
3279
3149
2994
5267
5212
5017
4626
4582
4393
4393
4367
4342
